#pipeline_block
reference	mutation	count	coverage	freq	score	cqs	has.reference	ancestral.allele	error.rate	minor.count.local	minor.fdr	minor.recall	minor.count.global	read.fraction.in.minors	q.filtered.read.fraction	mig.size	global.est
SPIKE	S0:T>A	0	405166	0.0	-1.0	0.0	TRUE	T	5.3048905E-5	95.0	0.020109944	0.99782735	75.43763	0.23089178	0.0058169365	41.0	0.0
SPIKE	S0:T>G	0	405166	0.0	-1.0	0.0	TRUE	T	2.6377998E-5	63.0	0.017082695	0.99891907	174.21088	0.17259066	0.0073647406	41.0	0.0
SPIKE	S0:T>C	0	405166	0.0	-1.0	0.0	TRUE	T	2.6635488E-4	694.0	0.015452877	0.98913884	640.35345	0.15794201	0.0069348193	41.0	0.0
SPIKE	S1:A>G	0	405450	0.0	-1.0	0.0	TRUE	A	2.1291772E-4	607.0	0.015171381	0.9913084	640.8023	0.14441082	0.006634793	41.0	0.0
SPIKE	S1:A>C	0	405450	0.0	-1.0	0.0	TRUE	A	3.250614E-4	716.0	0.013788936	0.9867609	174.333	0.18664648	0.019949013	41.0	0.0
SPIKE	S1:A>T	0	405450	0.0	-1.0	0.0	TRUE	A	1.10424124E-4	199.0	0.017366508	0.99548286	75.4905	0.22895843	0.007438575	41.0	0.0
SPIKE	S2:G>A	0	405793	0.0	-1.0	0.0	TRUE	G	1.4809243E-4	375.0	0.019958973	0.9939466	264.05936	0.16351661	0.0071584615	41.0	0.0
SPIKE	S2:G>C	0	405793	0.0	-1.0	0.0	TRUE	G	2.353775E-5	51.0	0.02020529	0.9990354	117.65703	0.19114557	0.0073653352	41.0	0.0
SPIKE	S2:G>T	0	405793	0.0	-1.0	0.0	TRUE	G	1.3232006E-5	25.0	0.02145047	0.99945766	76.87002	0.21948628	0.0075558047	41.0	0.0
SPIKE	S3:C>A	0	406145	0.0	-1.0	0.0	TRUE	C	1.1230526E-5	21.0	0.016916512	0.9995397	76.9367	0.22093855	0.009203881	41.0	0.0
SPIKE	S3:C>G	0	406145	0.0	-1.0	0.0	TRUE	C	9.0479974E-5	201.0	0.02067328	0.9962972	117.75909	0.1866852	0.007391475	41.0	0.0
SPIKE	S3:C>T	0	406145	0.0	-1.0	0.0	TRUE	C	1.9900159E-4	439.0	0.01773488	0.99187416	264.28842	0.18743229	0.0076310765	41.0	0.0
SPIKE	S4:G>A	134	406564	3.295914E-4	349.8394	39.53731	TRUE	G	1.1115431E-4	282.0	0.019958973	0.99545306	264.56107	0.16351661	0.0071584615	41.0	0.0
SPIKE	S4:G>C	9	406564	2.2136735E-5	15.850103	39.77778	TRUE	G	7.278259E-5	158.0	0.02020529	0.99702036	117.88057	0.19114557	0.0073653352	41.0	0.0
SPIKE	S4:G>T	3	406564	7.378912E-6	10.280287	40.0	TRUE	G	3.275314E-5	62.0	0.02145047	0.998658	77.016075	0.21948628	0.0075558047	41.0	0.0
SPIKE	S5:T>A	19	406784	4.6707835E-5	48.1648	34.63158	TRUE	T	4.212509E-5	9.0	0.020109944	0.9982744	75.738884	0.23089178	0.0058169365	41.0	1.0
SPIKE	S5:T>G	1	406784	2.458307E-6	0.57991946	34.0	TRUE	T	8.799396E-5	211.0	0.017082695	0.99639875	174.90659	0.17259066	0.0073647406	41.0	0.0
SPIKE	S5:T>C	63	406784	1.5487334E-4	78.20154	39.603176	TRUE	T	3.535998E-4	925.0	0.015452877	0.98560697	642.91064	0.15794201	0.0069348193	41.0	0.0
SPIKE	I6:>G	2	406956	4.914536E-6	-1.0	39.90189	TRUE		NaN	NaN	NaN	NaN	NaN	NaN	NaN	NaN	NaN
SPIKE	S6:G>A	145	406956	3.5630388E-4	381.60623	37.96552	TRUE	G	1.1065346E-4	281.0	0.019958973	0.9954735	264.81616	0.16351661	0.0071584615	41.0	0.0
SPIKE	S6:G>C	7	406956	1.7200877E-5	15.631419	38.57143	TRUE	G	5.4301603E-5	2.0	0.02020529	0.9977761	117.99423	0.19114557	0.0073653352	41.0	1.0
SPIKE	S6:G>T	2	406956	4.914536E-6	1.3408211	40.0	TRUE	G	8.391505E-5	159.0	0.02145047	0.9965654	77.09033	0.21948628	0.0075558047	41.0	0.0
SPIKE	S7:A>G	22	407098	5.404104E-5	8.387191	39.454544	TRUE	A	3.392194E-4	971.0	0.015171381	0.9861883	643.4069	0.14441082	0.006634793	41.0	0.0
SPIKE	S7:A>C	38	407098	9.334362E-5	92.44626	39.736843	TRUE	A	6.4206506E-5	142.0	0.013788936	0.997371	175.0416	0.18664648	0.019949013	41.0	0.0
SPIKE	S7:A>T	12	407098	2.9476932E-5	28.819815	40.0	TRUE	A	4.255396E-5	77.0	0.017366508	0.9982568	75.79735	0.22895843	0.007438575	41.0	0.0
SPIKE	D7-8:A>	362	407098	8.892208E-4	-1.0	39.684883	TRUE		NaN	NaN	NaN	NaN	NaN	NaN	NaN	NaN	NaN
SPIKE	I7:>A	4	407098	9.825644E-6	-1.0	39.684883	TRUE		NaN	NaN	NaN	NaN	NaN	NaN	NaN	NaN	NaN
SPIKE	S8:A>G	27	407127	6.6318375E-5	12.548642	38.77778	TRUE	A	3.8146364E-4	1092.0	0.015171381	0.98448163	643.45276	0.14441082	0.006634793	41.0	0.0
SPIKE	S8:A>C	36	407127	8.8424495E-5	109.620186	39.88889	TRUE	A	2.7127579E-5	60.0	0.013788936	0.9988884	175.05406	0.18664648	0.019949013	41.0	0.0
SPIKE	S8:A>T	3	407127	7.368708E-6	10.280287	40.0	TRUE	A	1.989394E-5	36.0	0.017366508	0.99918467	75.80274	0.22895843	0.007438575	41.0	0.0
SPIKE	I9:>G	4	407147	9.824462E-6	-1.0	39.910393	TRUE		NaN	NaN	NaN	NaN	NaN	NaN	NaN	NaN	NaN
SPIKE	S9:G>A	149	407147	3.659612E-4	381.30737	39.47651	TRUE	G	1.2201595E-4	310.0	0.019958973	0.99500984	264.94043	0.16351661	0.0071584615	41.0	0.0
SPIKE	S9:G>C	2	407147	4.912231E-6	3.9120662	39.0	TRUE	G	5.4301603E-5	2.0	0.02020529	0.9977761	118.04961	0.19114557	0.0073653352	41.0	1.0
SPIKE	S9:G>T	3	407147	7.368346E-6	10.280287	38.0	TRUE	G	1.31880015E-5	25.0	0.02145047	0.99945945	77.12651	0.21948628	0.0075558047	41.0	0.0
SPIKE	D9-10:G>	116	407147	2.849094E-4	-1.0	39.910393	TRUE		NaN	NaN	NaN	NaN	NaN	NaN	NaN	NaN	NaN
SPIKE	D9-11:GA>	36	407147	8.842015E-5	-1.0	39.910393	TRUE		NaN	NaN	NaN	NaN	NaN	NaN	NaN	NaN	NaN
SPIKE	S10:A>G	24	407147	5.8946767E-5	10.53731	39.916668	TRUE	A	3.531509E-4	1011.0	0.015171381	0.98562515	643.4844	0.14441082	0.006634793	41.0	0.0
SPIKE	S10:A>C	41	407147	1.0070073E-4	124.671684	39.390244	TRUE	A	2.8934663E-5	64.0	0.013788936	0.9988144	175.06265	0.18664648	0.019949013	41.0	0.0
SPIKE	S10:A>T	3	407147	7.368346E-6	10.280287	37.333332	TRUE	A	1.8787798E-5	34.0	0.017366508	0.99922997	75.806465	0.22895843	0.007438575	41.0	0.0
SPIKE	D10-11:A>	138	407147	3.389439E-4	-1.0	39.745045	TRUE		NaN	NaN	NaN	NaN	NaN	NaN	NaN	NaN	NaN
SPIKE	I10:>A	1	407147	2.4561155E-6	-1.0	39.745045	TRUE		NaN	NaN	NaN	NaN	NaN	NaN	NaN	NaN	NaN
SPIKE	D10-12:AC>	15	407147	3.684173E-5	-1.0	39.745045	TRUE		NaN	NaN	NaN	NaN	NaN	NaN	NaN	NaN	NaN
SPIKE	I11:>C	3	407150	7.368292E-6	-1.0	39.81482	TRUE		NaN	NaN	NaN	NaN	NaN	NaN	NaN	NaN	NaN
SPIKE	S11:C>G	20	407150	4.9121943E-5	61.455387	39.65	TRUE	C	2.4248051E-5	54.0	0.02067328	0.99900633	118.050476	0.1866852	0.007391475	41.0	0.0
SPIKE	S11:C>T	94	407150	2.3087315E-4	235.45218	39.531914	TRUE	C	1.134991E-4	251.0	0.01773488	0.99535733	264.94238	0.18743229	0.0076310765	41.0	0.0
SPIKE	D11-13:CG>	7	407150	1.719268E-5	-1.0	39.81482	TRUE		NaN	NaN	NaN	NaN	NaN	NaN	NaN	NaN	NaN
SPIKE	D11-12:C>	137	407150	3.3648533E-4	-1.0	39.81482	TRUE		NaN	NaN	NaN	NaN	NaN	NaN	NaN	NaN	NaN
SPIKE	S11:C>A	0	407150	0.0	-1.0	0.0	TRUE	C	6.7216824E-5	126.0	0.016916512	0.9972479	77.12708	0.22093855	0.009203881	41.0	0.0
SPIKE	I12:>G	2	407152	4.9121704E-6	-1.0	39.857918	TRUE		NaN	NaN	NaN	NaN	NaN	NaN	NaN	NaN	NaN
SPIKE	S12:G>A	161	407152	3.9542973E-4	415.78082	39.51553	TRUE	G	1.21227255E-4	308.0	0.019958973	0.995042	264.9437	0.16351661	0.0071584615	41.0	0.0
SPIKE	S12:G>C	10	407152	2.4560852E-5	18.164799	39.9	TRUE	G	5.5198085E-5	120.0	0.02020529	0.99773943	118.051056	0.19114557	0.0073653352	41.0	0.0
SPIKE	D12-13:G>	182	407152	4.470075E-4	-1.0	39.857918	TRUE		NaN	NaN	NaN	NaN	NaN	NaN	NaN	NaN	NaN
SPIKE	D12-14:GA>	18	407152	4.4209533E-5	-1.0	39.857918	TRUE		NaN	NaN	NaN	NaN	NaN	NaN	NaN	NaN	NaN
SPIKE	S12:G>T	0	407152	0.0	-1.0	0.0	TRUE	G	1.0550271E-5	20.0	0.02145047	0.9995675	77.12746	0.21948628	0.0075558047	41.0	0.0
SPIKE	S13:A>G	31	407155	7.613808E-5	35.565784	39.677418	TRUE	A	2.2704607E-4	650.0	0.015171381	0.9907343	643.497	0.14441082	0.006634793	41.0	0.0
SPIKE	S13:A>C	31	407155	7.613808E-5	94.56869	39.870968	TRUE	A	2.3961045E-5	53.0	0.013788936	0.9990181	175.0661	0.18664648	0.019949013	41.0	0.0
SPIKE	D13-14:A>	121	407155	2.9718413E-4	-1.0	39.75758	TRUE		NaN	NaN	NaN	NaN	NaN	NaN	NaN	NaN	NaN
SPIKE	I13:>A	1	407155	2.456067E-6	-1.0	39.75758	TRUE		NaN	NaN	NaN	NaN	NaN	NaN	NaN	NaN	NaN
SPIKE	S13:A>T	0	407155	0.0	-1.0	0.0	TRUE	A	6.244057E-5	113.0	0.017366508	0.9974432	75.80796	0.22895843	0.007438575	41.0	0.0
SPIKE	I14:>C	4	407157	9.82422E-6	-1.0	39.874664	TRUE		NaN	NaN	NaN	NaN	NaN	NaN	NaN	NaN	NaN
SPIKE	D14-16:CA>	14	407157	3.438477E-5	-1.0	39.874664	TRUE		NaN	NaN	NaN	NaN	NaN	NaN	NaN	NaN	NaN
SPIKE	S14:C>G	9	407157	2.2104496E-5	20.808811	39.77778	TRUE	C	5.300915E-5	6.0	0.02067328	0.99782896	118.052505	0.1866852	0.007391475	41.0	1.0
SPIKE	S14:C>T	85	407157	2.0876467E-4	220.5235	39.6	TRUE	C	8.003584E-5	177.0	0.01773488	0.9967239	264.94696	0.18743229	0.0076310765	41.0	0.0
SPIKE	D14-15:C>	124	407157	3.0455083E-4	-1.0	39.874664	TRUE		NaN	NaN	NaN	NaN	NaN	NaN	NaN	NaN	NaN
SPIKE	S14:C>A	0	407157	0.0	-1.0	0.0	TRUE	C	7.628445E-5	143.0	0.016916512	0.99687725	77.1284	0.22093855	0.009203881	41.0	0.0
SPIKE	S15:A>G	29	407158	7.122542E-5	11.950637	39.310345	TRUE	A	4.125222E-4	1181.0	0.015171381	0.9832288	643.5018	0.14441082	0.006634793	41.0	0.0
SPIKE	S15:A>C	43	407158	1.0561011E-4	106.49548	39.813953	TRUE	A	7.459516E-5	165.0	0.013788936	0.9969463	175.06738	0.18664648	0.019949013	41.0	0.0
SPIKE	D15-16:A>	136	407158	3.3402265E-4	-1.0	39.66627	TRUE		NaN	NaN	NaN	NaN	NaN	NaN	NaN	NaN	NaN
SPIKE	I15:>A	1	407158	2.456049E-6	-1.0	39.66627	TRUE		NaN	NaN	NaN	NaN	NaN	NaN	NaN	NaN	NaN
SPIKE	S15:A>T	0	407158	0.0	-1.0	0.0	TRUE	A	5.857214E-5	106.0	0.017366508	0.99760145	75.80852	0.22895843	0.007438575	41.0	0.0
SPIKE	S16:G>A	120	407158	2.9472588E-4	309.5752	39.716667	TRUE	G	1.0154601E-4	258.0	0.019958973	0.99584526	264.9476	0.16351661	0.0071584615	41.0	0.0
SPIKE	S16:G>C	4	407158	9.824196E-6	8.284564	40.0	TRUE	G	5.4301603E-5	1.0	0.02020529	0.9977761	118.052795	0.19114557	0.0073653352	41.0	1.0
SPIKE	D16-17:G>	97	407158	2.3823675E-4	-1.0	39.917774	TRUE		NaN	NaN	NaN	NaN	NaN	NaN	NaN	NaN	NaN
SPIKE	D16-18:GA>	18	407158	4.4208882E-5	-1.0	39.917774	TRUE		NaN	NaN	NaN	NaN	NaN	NaN	NaN	NaN	NaN
SPIKE	S16:G>T	0	407158	0.0	-1.0	0.0	TRUE	G	6.3300695E-6	12.0	0.02145047	0.9997405	77.12859	0.21948628	0.0075558047	41.0	0.0
SPIKE	S17:A>G	13	407158	3.1928637E-5	2.1318862	39.692307	TRUE	A	3.2414956E-4	928.0	0.015171381	0.9867978	643.5018	0.14441082	0.006634793	41.0	0.0
SPIKE	S17:A>T	1	407158	2.456049E-6	0.57991946	40.0	TRUE	A	8.177997E-5	148.0	0.017366508	0.99665266	75.80852	0.22895843	0.007438575	41.0	0.0
SPIKE	S17:A>C	42	407158	1.0315406E-4	127.681984	39.54762	TRUE	A	1.446694E-5	32.0	0.013788936	0.99940705	175.06738	0.18664648	0.019949013	41.0	0.0
SPIKE	D17-18:A>	320	407158	7.8593567E-4	-1.0	39.746574	TRUE		NaN	NaN	NaN	NaN	NaN	NaN	NaN	NaN	NaN
SPIKE	I17:>A	2	407158	4.912098E-6	-1.0	39.746574	TRUE		NaN	NaN	NaN	NaN	NaN	NaN	NaN	NaN	NaN
SPIKE	D17-19:AA>	1	407158	2.456049E-6	-1.0	39.746574	TRUE		NaN	NaN	NaN	NaN	NaN	NaN	NaN	NaN	NaN
SPIKE	S18:A>G	17	407158	4.175283E-5	5.7765875	38.294117	TRUE	A	3.1122548E-4	891.0	0.015171381	0.98732084	643.5018	0.14441082	0.006634793	41.0	0.0
SPIKE	S18:A>C	82	407158	2.0139602E-4	252.8652	39.609756	TRUE	A	1.3110664E-5	29.0	0.013788936	0.9994626	175.06738	0.18664648	0.019949013	41.0	0.0
SPIKE	D18-19:A>	1	407158	2.456049E-6	-1.0	39.74255	TRUE		NaN	NaN	NaN	NaN	NaN	NaN	NaN	NaN	NaN
SPIKE	S18:A>T	0	407158	0.0	-1.0	0.0	TRUE	A	8.841078E-6	16.0	0.017366508	0.9996376	75.80852	0.22895843	0.007438575	41.0	0.0
SPIKE	S19:C>G	13	407158	3.1928637E-5	31.537222	39.615383	TRUE	C	5.300915E-5	6.0	0.02067328	0.99782896	118.052795	0.1866852	0.007391475	41.0	1.0
SPIKE	S19:C>A	4	407158	9.824196E-6	8.284564	39.25	TRUE	C	5.2278727E-5	98.0	0.016916512	0.9978589	77.12859	0.22093855	0.009203881	41.0	0.0
SPIKE	S19:C>T	63	407158	1.5473108E-4	153.11484	39.634922	TRUE	C	8.3200895E-5	184.0	0.01773488	0.99659455	264.9476	0.18743229	0.0076310765	41.0	0.0
SPIKE	D19-20:C>	8	407158	1.9648392E-5	-1.0	39.89711	TRUE		NaN	NaN	NaN	NaN	NaN	NaN	NaN	NaN	NaN
SPIKE	S20:C>G	76	407158	1.8665973E-4	218.94879	39.67105	TRUE	C	5.300915E-5	3.0	0.02067328	0.99782896	118.052795	0.1866852	0.007391475	41.0	1.0
SPIKE	S20:C>T	87	407158	2.1367626E-4	206.05057	39.57471	TRUE	C	1.2796659E-4	283.0	0.01773488	0.9947671	264.9476	0.18743229	0.0076310765	41.0	0.0
SPIKE	S20:C>A	0	407158	0.0	-1.0	0.0	TRUE	C	1.653715E-5	31.0	0.016916512	0.99932224	77.12859	0.22093855	0.009203881	41.0	0.0
SPIKE	S21:A>G	54	407158	1.3262665E-4	81.00746	39.333332	TRUE	A	2.4276286E-4	695.0	0.015171381	0.9900961	643.5018	0.14441082	0.006634793	41.0	0.0
SPIKE	S21:A>T	3	407158	7.368147E-6	6.0206	39.333332	TRUE	A	5.3046468E-5	96.0	0.017366508	0.9978275	75.80852	0.22895843	0.007438575	41.0	0.0
SPIKE	S21:A>C	43	407158	1.0561011E-4	106.49548	39.627907	TRUE	A	7.369098E-5	163.0	0.013788936	0.99698323	175.06738	0.18664648	0.019949013	41.0	0.0
SPIKE	S22:A>G	407124	407158	0.9999165	9999.0	39.972946	TRUE	G	2.2477457E-4	0.0	0.015171381	0.9908266	643.5018	0.14441082	0.006634793	41.0	1.0
SPIKE	S22:A>C	0	407158	0.0	-1.0	0.0	TRUE	G	7.23347E-6	16.0	0.013788936	0.99970347	175.06738	0.18664648	0.019949013	41.0	0.0
SPIKE	S22:A>T	0	407158	0.0	-1.0	0.0	TRUE	G	4.188931E-5	0.0	0.017366508	0.99828404	75.80852	0.22895843	0.007438575	41.0	1.0
SPIKE	S23:A>C	407124	407158	0.9999165	9999.0	39.972878	TRUE	C	7.914654E-5	0.0	0.013788936	0.99676025	175.06738	0.18664648	0.019949013	41.0	1.0
SPIKE	S23:A>G	0	407158	0.0	-1.0	0.0	TRUE	C	3.2135515E-5	92.0	0.015171381	0.99868333	643.5018	0.14441082	0.006634793	41.0	0.0
SPIKE	S23:A>T	0	407158	0.0	-1.0	0.0	TRUE	C	4.188931E-5	0.0	0.017366508	0.99828404	75.80852	0.22895843	0.007438575	41.0	1.0
SPIKE	S24:A>G	0	407158	0.0	-1.0	0.0	TRUE	A	2.2477457E-4	0.0	0.015171381	0.9908266	643.5018	0.14441082	0.006634793	41.0	1.0
SPIKE	S24:A>C	0	407158	0.0	-1.0	0.0	TRUE	A	4.068827E-5	90.0	0.013788936	0.99833316	175.06738	0.18664648	0.019949013	41.0	0.0
SPIKE	S24:A>T	0	407158	0.0	-1.0	0.0	TRUE	A	4.188931E-5	0.0	0.017366508	0.99828404	75.80852	0.22895843	0.007438575	41.0	1.0
SPIKE	S25:A>G	0	407158	0.0	-1.0	0.0	TRUE	A	2.2477457E-4	0.0	0.015171381	0.9908266	643.5018	0.14441082	0.006634793	41.0	1.0
SPIKE	S25:A>C	0	407158	0.0	-1.0	0.0	TRUE	A	7.914654E-5	0.0	0.013788936	0.99676025	175.06738	0.18664648	0.019949013	41.0	1.0
SPIKE	S25:A>T	0	407158	0.0	-1.0	0.0	TRUE	A	8.841078E-6	16.0	0.017366508	0.9996376	75.80852	0.22895843	0.007438575	41.0	0.0
SPIKE	S26:T>G	1	407158	2.456049E-6	4.2596874	40.0	TRUE	T	1.5832697E-5	38.0	0.017082695	0.9993511	175.06738	0.17259066	0.0073647406	41.0	0.0
SPIKE	S26:T>A	1	407158	2.456049E-6	1.0720997	40.0	TRUE	T	6.1680206E-5	111.0	0.020109944	0.9974743	75.80852	0.23089178	0.0058169365	41.0	0.0
SPIKE	S26:T>C	9	407158	2.2104441E-5	1.9918138	39.0	TRUE	T	2.3678974E-4	620.0	0.015452877	0.9903386	643.5018	0.15794201	0.0069348193	41.0	0.0
SPIKE	S27:G>A	42	407159	1.03153805E-4	94.78963	39.45238	TRUE	G	9.406758E-5	239.0	0.019958973	0.9961507	264.94824	0.16351661	0.0071584615	41.0	0.0
SPIKE	D27-28:G>	3	407159	7.368129E-6	-1.0	39.90971	TRUE		NaN	NaN	NaN	NaN	NaN	NaN	NaN	NaN	NaN
SPIKE	S27:G>C	0	407159	0.0	-1.0	0.0	TRUE	G	5.4301603E-5	1.0	0.02020529	0.9977761	118.053085	0.19114557	0.0073653352	41.0	1.0
SPIKE	S27:G>T	0	407159	0.0	-1.0	0.0	TRUE	G	5.380546E-5	102.0	0.02145047	0.9977964	77.128784	0.21948628	0.0075558047	41.0	0.0
SPIKE	S28:G>A	34	407159	8.350546E-5	73.23097	39.32353	TRUE	G	9.288682E-5	236.0	0.019958973	0.9961989	264.94824	0.16351661	0.0071584615	41.0	0.0
SPIKE	S28:G>C	0	407159	0.0	-1.0	0.0	TRUE	G	5.4301603E-5	8.0	0.02020529	0.9977761	118.053085	0.19114557	0.0073653352	41.0	1.0
SPIKE	S28:G>T	0	407159	0.0	-1.0	0.0	TRUE	G	7.385063E-6	14.0	0.02145047	0.99969727	77.128784	0.21948628	0.0075558047	41.0	0.0
SPIKE	S29:G>A	27	407159	6.631316E-5	54.85469	39.444443	TRUE	G	9.760988E-5	248.0	0.019958973	0.996006	264.94824	0.16351661	0.0071584615	41.0	0.0
SPIKE	S29:G>T	1	407159	2.456043E-6	2.0412	36.0	TRUE	G	4.068578E-5	6.0	0.02145047	0.9983333	77.128784	0.21948628	0.0075558047	41.0	1.0
SPIKE	S29:G>C	0	407159	0.0	-1.0	0.0	TRUE	G	5.4301603E-5	5.0	0.02020529	0.9977761	118.053085	0.19114557	0.0073653352	41.0	1.0
SPIKE	S30:A>G	18	407159	4.4208773E-5	9.342155	39.833332	TRUE	A	2.710554E-4	776.0	0.015171381	0.9889482	643.50336	0.14441082	0.006634793	41.0	0.0
SPIKE	S30:A>T	1	407159	2.456043E-6	4.2596874	40.0	TRUE	A	1.6024414E-5	29.0	0.017366508	0.9993432	75.8087	0.22895843	0.007438575	41.0	0.0
SPIKE	I30:>A	2	407159	4.912086E-6	-1.0	39.80772	TRUE		NaN	NaN	NaN	NaN	NaN	NaN	NaN	NaN	NaN
SPIKE	S30:A>C	0	407159	0.0	-1.0	0.0	TRUE	A	9.041815E-6	20.0	0.013788936	0.9996294	175.06783	0.18664648	0.019949013	41.0	0.0
SPIKE	S31:T>G	2	407159	4.912086E-6	-1.0	38.0	TRUE	T	8.749626E-6	21.0	0.017082695	0.99964136	175.06783	0.17259066	0.0073647406	41.0	0.0
SPIKE	S31:T>A	2	407159	4.912086E-6	7.269987	39.0	TRUE	T	1.8337314E-5	33.0	0.020109944	0.99924845	75.8087	0.23089178	0.0058169365	41.0	0.0
SPIKE	S31:T>C	11	407159	2.7016473E-5	2.6596303	40.0	TRUE	T	2.6657878E-4	698.0	0.015452877	0.9891298	643.50336	0.15794201	0.0069348193	41.0	0.0
SPIKE	S32:C>T	46	407159	1.1297798E-4	97.64592	39.673912	TRUE	C	1.0897482E-4	241.0	0.01773488	0.995542	264.94824	0.18743229	0.0076310765	41.0	0.0
SPIKE	S32:C>A	10	407159	2.456043E-5	23.451881	38.2	TRUE	C	4.1144744E-5	9.0	0.016916512	0.9983145	77.128784	0.22093855	0.009203881	41.0	1.0
SPIKE	S32:C>G	4	407159	9.824172E-6	8.284564	39.5	TRUE	C	5.300915E-5	8.0	0.02067328	0.99782896	118.053085	0.1866852	0.007391475	41.0	1.0
SPIKE	S33:C>T	29	407159	7.1225244E-5	60.04673	39.448277	TRUE	C	8.003545E-5	177.0	0.01773488	0.99672395	264.94824	0.18743229	0.0076310765	41.0	0.0
SPIKE	S33:C>A	11	407159	2.7016473E-5	26.1236	39.090908	TRUE	C	4.1144744E-5	7.0	0.016916512	0.9983145	77.128784	0.22093855	0.009203881	41.0	1.0
SPIKE	S33:C>G	0	407159	0.0	-1.0	0.0	TRUE	C	5.300915E-5	0.0	0.02067328	0.99782896	118.053085	0.1866852	0.007391475	41.0	1.0
SPIKE	S34:A>G	58	407159	1.4245049E-4	101.53061	39.53448	TRUE	A	2.0433946E-4	585.0	0.015171381	0.9916571	643.50336	0.14441082	0.006634793	41.0	0.0
SPIKE	S34:A>C	0	407159	0.0	-1.0	0.0	TRUE	A	1.4466905E-5	32.0	0.013788936	0.99940705	175.06783	0.18664648	0.019949013	41.0	0.0
SPIKE	S34:A>T	0	407159	0.0	-1.0	0.0	TRUE	A	5.52566E-6	10.0	0.017366508	0.9997735	75.8087	0.22895843	0.007438575	41.0	0.0
SPIKE	S35:T>C	7	407159	1.71923E-5	0.49421513	40.0	TRUE	T	2.8987575E-4	759.0	0.015452877	0.98818547	643.50336	0.15794201	0.0069348193	41.0	0.0
SPIKE	D35-36:T>	7	407159	1.71923E-5	-1.0	39.80427	TRUE		NaN	NaN	NaN	NaN	NaN	NaN	NaN	NaN	NaN
SPIKE	S35:T>A	0	407159	0.0	-1.0	0.0	TRUE	T	2.33384E-5	42.0	0.020109944	0.9990436	75.8087	0.23089178	0.0058169365	41.0	0.0
SPIKE	S35:T>G	0	407159	0.0	-1.0	0.0	TRUE	T	1.37494135E-5	33.0	0.017082695	0.99943644	175.06783	0.17259066	0.0073647406	41.0	0.0
SPIKE	S36:T>C	6	407159	1.4736258E-5	3.5300503	40.0	TRUE	T	1.2947021E-4	339.0	0.015452877	0.9947058	643.50336	0.15794201	0.0069348193	41.0	0.0
SPIKE	S36:T>A	4	407159	9.824172E-6	8.284564	40.0	TRUE	T	4.212509E-5	7.0	0.020109944	0.9982744	75.8087	0.23089178	0.0058169365	41.0	1.0
SPIKE	S36:T>G	0	407159	0.0	-1.0	0.0	TRUE	T	7.294181E-5	2.0	0.017082695	0.99701387	175.06783	0.17259066	0.0073647406	41.0	1.0
SPIKE	S37:A>C	1	407159	2.456043E-6	0.57991946	40.0	TRUE	A	7.914654E-5	8.0	0.013788936	0.99676025	175.06783	0.18664648	0.019949013	41.0	1.0
SPIKE	S37:A>T	1	407159	2.456043E-6	2.0412	40.0	TRUE	A	4.188931E-5	8.0	0.017366508	0.99828404	75.8087	0.22895843	0.007438575	41.0	1.0
SPIKE	S37:A>G	72	407159	1.7683509E-4	143.88757	39.0	TRUE	A	1.7849139E-4	511.0	0.015171381	0.99270856	643.50336	0.14441082	0.006634793	41.0	0.0
SPIKE	S38:T>C	9	407159	2.2104387E-5	12.2497015	38.555557	TRUE	T	8.173045E-5	214.0	0.015452877	0.9966547	643.50336	0.15794201	0.0069348193	41.0	0.0
SPIKE	S38:T>A	2	407159	4.912086E-6	-1.0	40.0	TRUE	T	8.890819E-6	16.0	0.020109944	0.9996355	75.8087	0.23089178	0.0058169365	41.0	0.0
SPIKE	S38:T>G	0	407159	0.0	-1.0	0.0	TRUE	T	1.0416223E-5	25.0	0.017082695	0.99957305	175.06783	0.17259066	0.0073647406	41.0	0.0
SPIKE	S39:C>T	32	407159	7.859337E-5	61.211956	39.28125	TRUE	C	1.0626175E-4	235.0	0.01773488	0.99565274	264.94824	0.18743229	0.0076310765	41.0	0.0
SPIKE	S39:C>A	70	407159	1.71923E-4	201.23932	38.942856	TRUE	C	4.1144744E-5	8.0	0.016916512	0.9983145	77.128784	0.22093855	0.009203881	41.0	1.0
SPIKE	S39:C>G	1	407159	2.456043E-6	2.0412	40.0	TRUE	C	5.300915E-5	2.0	0.02067328	0.99782896	118.053085	0.1866852	0.007391475	41.0	1.0
SPIKE	S40:G>T	2	407159	4.912086E-6	7.269987	40.0	TRUE	G	1.529763E-5	29.0	0.02145047	0.999373	77.128784	0.21948628	0.0075558047	41.0	0.0
SPIKE	S40:G>A	54	407159	1.3262632E-4	97.72615	39.462963	TRUE	G	1.7278524E-4	439.0	0.019958973	0.99294084	264.94824	0.16351661	0.0071584615	41.0	0.0
SPIKE	D40-41:G>	1	407159	2.456043E-6	-1.0	39.869415	TRUE		NaN	NaN	NaN	NaN	NaN	NaN	NaN	NaN	NaN
SPIKE	S40:G>C	0	407159	0.0	-1.0	0.0	TRUE	G	5.4301603E-5	4.0	0.02020529	0.9977761	118.053085	0.19114557	0.0073653352	41.0	1.0
SPIKE	S41:G>A	37	407159	9.087359E-5	81.25747	37.51351	TRUE	G	7.753688E-5	197.0	0.019958973	0.99682605	264.94824	0.16351661	0.0071584615	41.0	0.0
SPIKE	S41:G>C	0	407159	0.0	-1.0	0.0	TRUE	G	5.4301603E-5	6.0	0.02020529	0.9977761	118.053085	0.19114557	0.0073653352	41.0	1.0
SPIKE	S41:G>T	0	407159	0.0	-1.0	0.0	TRUE	G	4.068578E-5	7.0	0.02145047	0.9983333	77.128784	0.21948628	0.0075558047	41.0	1.0
SPIKE	S42:C>T	48	407159	1.17890064E-4	82.894005	39.0625	TRUE	C	1.7227969E-4	381.0	0.01773488	0.9929614	264.94824	0.18743229	0.0076310765	41.0	0.0
SPIKE	S42:C>A	9	407159	2.2104387E-5	-1.0	39.0	TRUE	C	6.934916E-6	13.0	0.016916512	0.9997157	77.128784	0.22093855	0.009203881	41.0	0.0
SPIKE	S42:C>G	2	407159	4.912086E-6	-1.0	40.0	TRUE	C	5.837365E-6	13.0	0.02067328	0.9997607	118.053085	0.1866852	0.007391475	41.0	0.0
SPIKE	S43:G>C	1	407159	2.456043E-6	2.0412	40.0	TRUE	G	5.4301603E-5	6.0	0.02020529	0.9977761	118.053085	0.19114557	0.0073653352	41.0	1.0
SPIKE	S43:G>A	53	407159	1.3017027E-4	116.439384	39.18868	TRUE	G	1.1177905E-4	284.0	0.019958973	0.99542755	264.94824	0.16351661	0.0071584615	41.0	0.0
SPIKE	S43:G>T	0	407159	0.0	-1.0	0.0	TRUE	G	5.8025494E-6	11.0	0.02145047	0.9997621	77.128784	0.21948628	0.0075558047	41.0	0.0
SPIKE	S44:G>C	1	407159	2.456043E-6	-1.0	40.0	TRUE	G	5.97969E-6	13.0	0.02020529	0.99975485	118.053085	0.19114557	0.0073653352	41.0	0.0
SPIKE	S44:G>A	27	407159	6.631316E-5	54.85469	39.0	TRUE	G	9.091888E-5	231.0	0.019958973	0.99627924	264.94824	0.16351661	0.0071584615	41.0	0.0
SPIKE	S44:G>T	0	407159	0.0	-1.0	0.0	TRUE	G	4.068578E-5	5.0	0.02145047	0.9983333	77.128784	0.21948628	0.0075558047	41.0	1.0
SPIKE	S45:C>T	40	407159	9.824172E-5	69.1413	38.25	TRUE	C	1.4967081E-4	331.0	0.01773488	0.9938823	264.94824	0.18743229	0.0076310765	41.0	0.0
SPIKE	S45:C>A	7	407159	1.71923E-5	15.631419	39.0	TRUE	C	4.1144744E-5	8.0	0.016916512	0.9983145	77.128784	0.22093855	0.009203881	41.0	1.0
SPIKE	S45:C>G	6	407159	1.4736258E-5	-1.0	38.666668	TRUE	C	4.4902804E-6	10.0	0.02067328	0.99981594	118.053085	0.1866852	0.007391475	41.0	0.0
SPIKE	S46:G>A	37	407159	9.087359E-5	81.25747	39.405407	TRUE	G	9.68227E-5	246.0	0.019958973	0.99603814	264.94824	0.16351661	0.0071584615	41.0	0.0
SPIKE	D46-47:G>	1	407159	2.456043E-6	-1.0	39.86414	TRUE		NaN	NaN	NaN	NaN	NaN	NaN	NaN	NaN	NaN
SPIKE	S46:G>C	0	407159	0.0	-1.0	0.0	TRUE	G	5.4301603E-5	1.0	0.02020529	0.9977761	118.053085	0.19114557	0.0073653352	41.0	1.0
SPIKE	S46:G>T	0	407159	0.0	-1.0	0.0	TRUE	G	4.068578E-5	2.0	0.02145047	0.9983333	77.128784	0.21948628	0.0075558047	41.0	1.0
SPIKE	S47:A>C	2	407159	4.912086E-6	1.3408211	36.0	TRUE	A	7.914654E-5	3.0	0.013788936	0.99676025	175.06783	0.18664648	0.019949013	41.0	1.0
SPIKE	S47:A>T	5	407159	1.2280215E-5	-1.0	39.8	TRUE	A	7.735924E-6	14.0	0.017366508	0.9996829	75.8087	0.22895843	0.007438575	41.0	0.0
SPIKE	S47:A>G	66	407159	1.6209883E-4	177.14546	39.28788	TRUE	A	6.531877E-5	187.0	0.015171381	0.99732554	643.50336	0.14441082	0.006634793	41.0	0.0
SPIKE	D47-48:A>	1	407159	2.456043E-6	-1.0	39.87099	TRUE		NaN	NaN	NaN	NaN	NaN	NaN	NaN	NaN	NaN
SPIKE	S48:A>T	4	407159	9.824172E-6	-1.0	39.0	TRUE	A	7.735924E-6	14.0	0.017366508	0.9996829	75.8087	0.22895843	0.007438575	41.0	0.0
SPIKE	S48:A>C	1	407159	2.456043E-6	-1.0	38.0	TRUE	A	1.0850178E-5	24.0	0.013788936	0.99955523	175.06783	0.18664648	0.019949013	41.0	0.0
SPIKE	S48:A>G	96	407159	2.3578013E-4	213.11188	39.166668	TRUE	A	1.8303227E-4	524.0	0.015171381	0.9925238	643.50336	0.14441082	0.006634793	41.0	0.0
SPIKE	S49:T>C	10	407159	2.456043E-5	2.6436176	38.9	TRUE	T	2.314423E-4	606.0	0.015452877	0.99055576	643.50336	0.15794201	0.0069348193	41.0	0.0
SPIKE	S49:T>G	1	407159	2.456043E-6	4.2596874	40.0	TRUE	T	1.499936E-5	36.0	0.017082695	0.99938524	175.06783	0.17259066	0.0073647406	41.0	0.0
SPIKE	D49-50:T>	73	407159	1.7929114E-4	-1.0	39.767353	TRUE		NaN	NaN	NaN	NaN	NaN	NaN	NaN	NaN	NaN
SPIKE	S49:T>A	0	407159	0.0	-1.0	0.0	TRUE	T	1.5558933E-5	28.0	0.020109944	0.9993623	75.8087	0.23089178	0.0058169365	41.0	0.0
SPIKE	S50:T>C	10	407159	2.456043E-5	3.4108207	39.6	TRUE	T	2.1120066E-4	553.0	0.015452877	0.9913781	643.50336	0.15794201	0.0069348193	41.0	0.0
SPIKE	S50:T>A	2	407159	4.912086E-6	7.269987	38.5	TRUE	T	1.5558933E-5	28.0	0.020109944	0.9993623	75.8087	0.23089178	0.0058169365	41.0	0.0
SPIKE	S50:T>G	0	407159	0.0	-1.0	0.0	TRUE	T	1.1666169E-5	28.0	0.017082695	0.9995218	175.06783	0.17259066	0.0073647406	41.0	0.0
SPIKE	S51:T>C	11	407160	2.7016406E-5	3.391791	38.18182	TRUE	T	2.3029599E-4	603.0	0.015452877	0.9906023	643.50494	0.15794201	0.0069348193	41.0	0.0
SPIKE	S51:T>A	0	407160	0.0	-1.0	0.0	TRUE	T	1.6503542E-4	297.0	0.020109944	0.9932564	75.80889	0.23089178	0.0058169365	41.0	0.0
SPIKE	S51:T>G	0	407160	0.0	-1.0	0.0	TRUE	T	4.166479E-6	10.0	0.017082695	0.9998292	175.06825	0.17259066	0.0073647406	41.0	0.0
SPIKE	S52:A>C	1	407160	2.456037E-6	0.17304859	36.0	TRUE	A	1.3291436E-4	294.0	0.013788936	0.9945653	175.06825	0.18664648	0.019949013	41.0	0.0
SPIKE	S52:A>G	71	407160	1.7437863E-4	157.64091	39.028168	TRUE	A	1.2365126E-4	354.0	0.015171381	0.99494314	643.50494	0.14441082	0.006634793	41.0	0.0
SPIKE	S52:A>T	0	407160	0.0	-1.0	0.0	TRUE	A	5.5256464E-6	10.0	0.017366508	0.9997735	75.80889	0.22895843	0.007438575	41.0	0.0
SPIKE	D53-59:CCACCA>	1	407160	2.456037E-6	-1.0	39.82233	TRUE		NaN	NaN	NaN	NaN	NaN	NaN	NaN	NaN	NaN
SPIKE	S53:C>T	34	407160	8.3505256E-5	66.29316	39.52941	TRUE	C	1.0535714E-4	233.0	0.01773488	0.9956897	264.9489	0.18743229	0.0076310765	41.0	0.0
SPIKE	S53:C>G	5	407160	1.2280185E-5	10.658173	39.6	TRUE	C	5.300915E-5	6.0	0.02067328	0.99782896	118.053375	0.1866852	0.007391475	41.0	1.0
SPIKE	S53:C>A	3	407160	7.368111E-6	-1.0	40.0	TRUE	C	5.8679916E-6	11.0	0.016916512	0.99975944	77.128975	0.22093855	0.009203881	41.0	0.0
SPIKE	D53-54:C>	22	407160	5.403281E-5	-1.0	39.82233	TRUE		NaN	NaN	NaN	NaN	NaN	NaN	NaN	NaN	NaN
SPIKE	S54:C>T	43	407163	1.0560881E-4	76.49194	40.0	TRUE	C	1.519302E-4	336.0	0.01773488	0.9937902	264.95087	0.18743229	0.0076310765	41.0	0.0
SPIKE	S54:C>A	36	407163	8.841668E-5	54.478607	40.0	TRUE	C	1.691036E-4	317.0	0.016916512	0.99309075	77.12954	0.22093855	0.009203881	41.0	0.0
SPIKE	S54:C>G	0	407163	0.0	-1.0	0.0	TRUE	C	5.300915E-5	4.0	0.02067328	0.99782896	118.054245	0.1866852	0.007391475	41.0	1.0
SPIKE	S55:A>T	28	407163	6.8768524E-5	64.779274	40.0	TRUE	A	6.5754706E-5	119.0	0.017366508	0.99730766	75.80945	0.22895843	0.007438575	41.0	0.0
SPIKE	S55:A>C	1	407163	2.4560188E-6	3.3135305E-4	40.0	TRUE	A	3.3906475E-4	750.0	0.013788936	0.98619455	175.06953	0.18664648	0.019949013	41.0	0.0
SPIKE	S55:A>G	96	407163	2.3577781E-4	183.21121	40.0	TRUE	A	2.6476546E-4	758.0	0.015171381	0.98920333	643.50964	0.14441082	0.006634793	41.0	0.0
SPIKE	S56:C>T	49	407163	1.2034492E-4	105.66353	40.0	TRUE	C	1.0445202E-4	231.0	0.01773488	0.99572664	264.95087	0.18743229	0.0076310765	41.0	0.0
SPIKE	S56:C>G	1	407163	2.4560188E-6	2.0412	40.0	TRUE	C	5.300915E-5	9.0	0.02067328	0.99782896	118.054245	0.1866852	0.007391475	41.0	1.0
SPIKE	S56:C>A	2	407163	4.9120376E-6	0.7986036	40.0	TRUE	C	1.1042412E-4	207.0	0.016916512	0.99548286	77.12954	0.22093855	0.009203881	41.0	0.0
SPIKE	D56-57:C>	1	407163	2.4560188E-6	-1.0	39.99975	TRUE		NaN	NaN	NaN	NaN	NaN	NaN	NaN	NaN	NaN
SPIKE	S57:C>T	42	407163	1.0315279E-4	80.19312	40.0	TRUE	C	1.3113023E-4	290.0	0.01773488	0.9946381	264.95087	0.18743229	0.0076310765	41.0	0.0
SPIKE	S57:C>G	1	407163	2.4560188E-6	2.0412	40.0	TRUE	C	5.300915E-5	0.0	0.02067328	0.99782896	118.054245	0.1866852	0.007391475	41.0	1.0
SPIKE	S57:C>A	23	407163	5.6488432E-5	23.547201	40.0	TRUE	C	1.883078E-4	353.0	0.016916512	0.9923091	77.12954	0.22093855	0.009203881	41.0	0.0
SPIKE	S58:A>T	3	407163	7.3680567E-6	0.23584192	40.0	TRUE	A	2.0444741E-4	370.0	0.017366508	0.99165267	75.80945	0.22895843	0.007438575	41.0	0.0
SPIKE	S58:A>C	11	407163	2.7016207E-5	5.409656	40.0	TRUE	A	1.9439711E-4	430.0	0.013788936	0.9920614	175.06953	0.18664648	0.019949013	41.0	0.0
SPIKE	S58:A>G	82	407163	2.0139354E-4	168.05371	40.0	TRUE	A	2.0538534E-4	588.0	0.015171381	0.9916146	643.50964	0.14441082	0.006634793	41.0	0.0
SPIKE	S59:T>C	64	407163	1.571852E-4	84.62901	40.0	TRUE	T	3.322654E-4	870.0	0.015452877	0.9864695	643.50964	0.15794201	0.0069348193	41.0	0.0
SPIKE	S59:T>G	2	407163	4.9120376E-6	-1.0	40.0	TRUE	T	8.332896E-6	20.0	0.017082695	0.9996584	175.06953	0.17259066	0.0073647406	41.0	0.0
SPIKE	S59:T>A	7	407163	1.7192131E-5	1.3720652	40.0	TRUE	T	2.2560231E-4	406.0	0.020109944	0.99079293	75.80945	0.23089178	0.0058169365	41.0	0.0
SPIKE	S60:T>C	46	407164	1.1297659E-4	51.063145	40.0	TRUE	T	3.1011362E-4	812.0	0.015452877	0.98736584	643.5112	0.15794201	0.0069348193	41.0	0.0
SPIKE	S60:T>A	10	407164	2.4560128E-5	31.352386	40.0	TRUE	T	1.3891734E-5	25.0	0.020109944	0.9994306	75.80963	0.23089178	0.0058169365	41.0	0.0
SPIKE	S60:T>G	0	407164	0.0	-1.0	0.0	TRUE	T	1.5290827E-4	367.0	0.017082695	0.9937504	175.06996	0.17259066	0.0073647406	41.0	0.0
SPIKE	S61:G>T	2	407164	4.912026E-6	0.095406055	40.0	TRUE	G	1.877893E-4	356.0	0.02145047	0.9923302	77.12973	0.21948628	0.0075558047	41.0	0.0
SPIKE	S61:G>A	42	407164	1.0315254E-4	63.348255	40.0	TRUE	G	1.8695211E-4	475.0	0.019958973	0.9923643	264.9515	0.16351661	0.0071584615	41.0	0.0
SPIKE	D61-62:G>	2	407164	4.912026E-6	-1.0	39.999573	TRUE		NaN	NaN	NaN	NaN	NaN	NaN	NaN	NaN	NaN
SPIKE	S61:G>C	0	407164	0.0	-1.0	0.0	TRUE	G	5.4301603E-5	1.0	0.02020529	0.9977761	118.054535	0.19114557	0.0073653352	41.0	1.0
SPIKE	S62:A>T	31	407164	7.61364E-5	82.3502	40.0	TRUE	A	5.41508E-5	98.0	0.017366508	0.9977823	75.80963	0.22895843	0.007438575	41.0	0.0
SPIKE	S62:A>C	3	407164	7.3680385E-6	10.280287	40.0	TRUE	A	1.1754216E-5	26.0	0.013788936	0.9995182	175.06996	0.18664648	0.019949013	41.0	0.0
SPIKE	S62:A>G	114	407164	2.7998546E-4	190.65535	40.0	TRUE	A	3.8806556E-4	1111.0	0.015171381	0.9842152	643.5112	0.14441082	0.006634793	41.0	0.0
SPIKE	D62-63:A>	37	407164	9.0872476E-5	-1.0	39.999935	TRUE		NaN	NaN	NaN	NaN	NaN	NaN	NaN	NaN	NaN
SPIKE	I62:>A	3	407164	7.3680385E-6	-1.0	39.999935	TRUE		NaN	NaN	NaN	NaN	NaN	NaN	NaN	NaN	NaN
SPIKE	S63:A>T	9	407164	2.2104115E-5	20.808811	40.0	TRUE	A	3.8679143E-5	70.0	0.017366508	0.9984154	75.80963	0.22895843	0.007438575	41.0	0.0
SPIKE	S63:A>C	5	407164	1.2280064E-5	-1.0	40.0	TRUE	A	1.039796E-5	23.0	0.013788936	0.99957377	175.06996	0.18664648	0.019949013	41.0	0.0
SPIKE	S63:A>G	128	407164	3.1436965E-4	251.494	40.0	TRUE	A	3.1226876E-4	894.0	0.015171381	0.9872786	643.5112	0.14441082	0.006634793	41.0	0.0
SPIKE	S64:A>G	112	407164	2.7507343E-4	191.63817	40.0	TRUE	A	3.6151923E-4	1035.0	0.015171381	0.985287	643.5112	0.14441082	0.006634793	41.0	0.0
SPIKE	S64:A>C	11	407164	2.7016142E-5	34.362686	40.0	TRUE	A	1.8535495E-5	41.0	0.013788936	0.99924034	175.06996	0.18664648	0.019949013	41.0	0.0
SPIKE	S64:A>T	9	407164	2.2104115E-5	28.342087	40.0	TRUE	A	2.762796E-5	50.0	0.017366508	0.99886787	75.80963	0.22895843	0.007438575	41.0	0.0
SPIKE	S65:A>G	111	407164	2.726174E-4	214.70883	40.0	TRUE	A	2.8432527E-4	814.0	0.015171381	0.98841035	643.5112	0.14441082	0.006634793	41.0	0.0
SPIKE	S65:A>C	31	407164	7.61364E-5	19.535057	40.0	TRUE	A	3.5940774E-4	795.0	0.013788936	0.9853723	175.06996	0.18664648	0.019949013	41.0	0.0
SPIKE	S65:A>T	3	407164	7.3680385E-6	10.280287	40.0	TRUE	A	2.0444691E-5	37.0	0.017366508	0.99916214	75.80963	0.22895843	0.007438575	41.0	0.0
SPIKE	S66:C>A	3	407164	7.3680385E-6	0.96486104	40.0	TRUE	C	1.2269316E-4	230.0	0.016916512	0.9949822	77.12973	0.22093855	0.009203881	41.0	0.0
SPIKE	S66:C>T	51	407164	1.2525666E-4	119.52661	40.0	TRUE	C	8.3199666E-5	184.0	0.01773488	0.9965946	264.9515	0.18743229	0.0076310765	41.0	0.0
SPIKE	D66-67:C>	5	407164	1.2280064E-5	-1.0	39.999916	TRUE		NaN	NaN	NaN	NaN	NaN	NaN	NaN	NaN	NaN
SPIKE	S66:C>G	0	407164	0.0	-1.0	0.0	TRUE	C	7.633383E-6	17.0	0.02067328	0.9996871	118.054535	0.1866852	0.007391475	41.0	0.0
SPIKE	S67:C>A	51	407164	1.2525666E-4	57.38901	40.0	TRUE	C	3.3713947E-4	632.0	0.016916512	0.9862724	77.12973	0.22093855	0.009203881	41.0	0.0
SPIKE	S67:C>T	53	407164	1.3016869E-4	125.077034	40.0	TRUE	C	7.686926E-5	170.0	0.01773488	0.9968533	264.9515	0.18743229	0.0076310765	41.0	0.0
SPIKE	S67:C>G	0	407164	0.0	-1.0	0.0	TRUE	C	5.300915E-5	2.0	0.02067328	0.99782896	118.054535	0.1866852	0.007391475	41.0	1.0
SPIKE	S68:A>G	103	407164	2.5296933E-4	138.5588	40.0	TRUE	A	4.8551857E-4	1390.0	0.015171381	0.98029053	643.5112	0.14441082	0.006634793	41.0	0.0
SPIKE	S68:A>C	6	407164	1.4736077E-5	4.872041	40.0	TRUE	A	1.039796E-4	230.0	0.013788936	0.9957459	175.06996	0.18664648	0.019949013	41.0	0.0
SPIKE	S68:A>T	32	407164	7.859241E-5	67.9256	40.0	TRUE	A	8.0121084E-5	145.0	0.017366508	0.99672043	75.80963	0.22895843	0.007438575	41.0	0.0
SPIKE	S69:G>A	53	407164	1.3016869E-4	95.23095	40.0	TRUE	G	1.8222911E-4	463.0	0.019958973	0.99255645	264.9515	0.16351661	0.0071584615	41.0	0.0
SPIKE	S69:G>T	1	407164	2.456013E-6	4.2596874	40.0	TRUE	G	1.1604957E-5	22.0	0.02145047	0.9995243	77.12973	0.21948628	0.0075558047	41.0	0.0
SPIKE	S69:G>C	0	407164	0.0	-1.0	0.0	TRUE	G	2.884015E-4	627.0	0.02020529	0.9882452	118.054535	0.19114557	0.0073653352	41.0	0.0
SPIKE	S70:C>A	9	407164	2.2104115E-5	20.808811	40.0	TRUE	C	4.1144744E-5	5.0	0.016916512	0.9983145	77.12973	0.22093855	0.009203881	41.0	1.0
SPIKE	S70:C>G	7	407164	1.719209E-5	8.459471	40.0	TRUE	C	7.992601E-5	178.0	0.02067328	0.9967284	118.054535	0.1866852	0.007391475	41.0	0.0
SPIKE	S70:C>T	60	407164	1.4736077E-4	127.26923	40.0	TRUE	C	1.2118213E-4	268.0	0.01773488	0.9950439	264.9515	0.18743229	0.0076310765	41.0	0.0
SPIKE	D70-71:C>	1	407164	2.456013E-6	-1.0	39.9999	TRUE		NaN	NaN	NaN	NaN	NaN	NaN	NaN	NaN	NaN
SPIKE	S71:C>A	19	407164	4.6664245E-5	48.1648	40.0	TRUE	C	4.427623E-5	83.0	0.016916512	0.99818635	77.12973	0.22093855	0.009203881	41.0	0.0
SPIKE	S71:C>G	1	407164	2.456013E-6	0.004243229	40.0	TRUE	C	2.550448E-4	568.0	0.02067328	0.9895976	118.054535	0.1866852	0.007391475	41.0	0.0
SPIKE	S71:C>T	54	407164	1.3262469E-4	97.72615	40.0	TRUE	C	1.7951232E-4	397.0	0.01773488	0.992667	264.9515	0.18743229	0.0076310765	41.0	0.0
SPIKE	S72:G>A	66	407164	1.6209684E-4	143.37413	40.0	TRUE	G	1.255531E-4	319.0	0.019958973	0.99486554	264.9515	0.16351661	0.0071584615	41.0	0.0
SPIKE	S72:G>C	1	407164	2.456013E-6	0.57991946	40.0	TRUE	G	7.911492E-5	172.0	0.02020529	0.99676156	118.054535	0.19114557	0.0073653352	41.0	0.0
SPIKE	S72:G>T	0	407164	0.0	-1.0	0.0	TRUE	G	2.8643143E-4	543.0	0.02145047	0.988325	77.12973	0.21948628	0.0075558047	41.0	0.0
SPIKE	S73:T>A	8	407164	1.9648103E-5	18.199682	40.0	TRUE	T	3.556284E-5	64.0	0.020109944	0.99854296	75.80963	0.23089178	0.0058169365	41.0	0.0
SPIKE	S73:T>C	66	407164	1.6209684E-4	89.00874	40.0	TRUE	T	3.3493797E-4	877.0	0.015452877	0.9863614	643.5112	0.15794201	0.0069348193	41.0	0.0
SPIKE	S73:T>G	0	407164	0.0	-1.0	0.0	TRUE	T	3.245655E-4	779.0	0.017082695	0.98678094	175.06996	0.17259066	0.0073647406	41.0	0.0
SPIKE	S74:G>A	38	407164	9.332849E-5	92.44626	40.0	TRUE	G	6.415409E-5	163.0	0.019958973	0.99737316	264.9515	0.16351661	0.0071584615	41.0	0.0
SPIKE	S74:G>T	1	407164	2.456013E-6	0.57991946	40.0	TRUE	G	9.2312155E-5	175.0	0.02145047	0.9962224	77.12973	0.21948628	0.0075558047	41.0	0.0
SPIKE	D74-75:G>	1	407164	2.456013E-6	-1.0	39.999886	TRUE		NaN	NaN	NaN	NaN	NaN	NaN	NaN	NaN	NaN
SPIKE	S74:G>C	0	407164	0.0	-1.0	0.0	TRUE	G	2.897814E-5	63.0	0.02020529	0.9988126	118.054535	0.19114557	0.0073653352	41.0	0.0
SPIKE	S75:G>A	41	407164	1.00696525E-4	92.06938	40.0	TRUE	G	8.304609E-5	211.0	0.019958973	0.9966009	264.9515	0.16351661	0.0071584615	41.0	0.0
SPIKE	S75:G>T	3	407164	7.3680385E-6	0.018395161	40.0	TRUE	G	3.0014638E-4	569.0	0.02145047	0.9877694	77.12973	0.21948628	0.0075558047	41.0	0.0
SPIKE	S75:G>C	0	407164	0.0	-1.0	0.0	TRUE	G	5.4301603E-5	6.0	0.02020529	0.9977761	118.054535	0.19114557	0.0073653352	41.0	1.0
SPIKE	S76:T>A	3	407164	7.3680385E-6	10.280287	40.0	TRUE	T	2.2782444E-5	41.0	0.020109944	0.99906635	75.80963	0.23089178	0.0058169365	41.0	0.0
SPIKE	S76:T>G	16	407164	3.9296207E-5	19.635284	40.0	TRUE	T	1.370758E-4	329.0	0.017082695	0.9943957	175.06996	0.17259066	0.0073647406	41.0	0.0
SPIKE	S76:T>C	49	407164	1.2034463E-4	57.081055	40.0	TRUE	T	3.1125935E-4	815.0	0.015452877	0.98731947	643.5112	0.15794201	0.0069348193	41.0	0.0
SPIKE	D76-77:T>	4	407164	9.824052E-6	-1.0	39.99928	TRUE		NaN	NaN	NaN	NaN	NaN	NaN	NaN	NaN	NaN
SPIKE	S77:T>A	2	407164	4.912026E-6	-1.0	40.0	TRUE	T	9.446379E-6	17.0	0.020109944	0.99961275	75.80963	0.23089178	0.0058169365	41.0	0.0
SPIKE	S77:T>G	2	407164	4.912026E-6	7.269987	40.0	TRUE	T	2.6248557E-5	63.0	0.017082695	0.9989244	175.06996	0.17259066	0.0073647406	41.0	0.0
SPIKE	S77:T>C	42	407164	1.0315254E-4	74.02984	40.0	TRUE	T	1.4856429E-4	389.0	0.015452877	0.99392736	643.5112	0.15794201	0.0069348193	41.0	0.0
SPIKE	S78:T>A	2	407164	4.912026E-6	-1.0	40.0	TRUE	T	1.0002049E-5	18.0	0.020109944	0.99959	75.80963	0.23089178	0.0058169365	41.0	0.0
SPIKE	S78:T>C	60	407164	1.4736077E-4	94.99989	40.0	TRUE	T	2.501532E-4	655.0	0.015452877	0.98979616	643.5112	0.15794201	0.0069348193	41.0	0.0
SPIKE	S78:T>G	0	407164	0.0	-1.0	0.0	TRUE	T	2.8165118E-4	676.0	0.017082695	0.9885187	175.06996	0.17259066	0.0073647406	41.0	0.0
SPIKE	S79:G>A	43	407164	1.0560855E-4	97.51618	40.0	TRUE	G	7.950384E-5	202.0	0.019958973	0.99674565	264.9515	0.16351661	0.0071584615	41.0	0.0
SPIKE	S79:G>C	0	407164	0.0	-1.0	0.0	TRUE	G	2.7598228E-4	600.0	0.02020529	0.9887485	118.054535	0.19114557	0.0073653352	41.0	0.0
SPIKE	S79:G>T	0	407164	0.0	-1.0	0.0	TRUE	G	9.653214E-5	183.0	0.02145047	0.99605	77.12973	0.21948628	0.0075558047	41.0	0.0
SPIKE	S80:C>G	1	407164	2.456013E-6	6.295924E-4	40.0	TRUE	C	3.2554133E-4	725.0	0.02067328	0.9867415	118.054535	0.1866852	0.007391475	41.0	0.0
SPIKE	S80:C>A	7	407164	1.719209E-5	22.321487	40.0	TRUE	C	1.3869662E-5	26.0	0.016916512	0.9994315	77.12973	0.22093855	0.009203881	41.0	0.0
SPIKE	S80:C>T	63	407164	1.5472881E-4	107.85147	40.0	TRUE	C	2.1206873E-4	469.0	0.01773488	0.9913429	264.9515	0.18743229	0.0076310765	41.0	0.0
SPIKE	S81:G>A	68	407164	1.6700887E-4	148.90839	40.0	TRUE	G	1.3224402E-4	336.0	0.019958973	0.99459267	264.9515	0.16351661	0.0071584615	41.0	0.0
SPIKE	S81:G>T	1	407164	2.456013E-6	4.2596874	40.0	TRUE	G	3.217738E-5	61.0	0.02145047	0.9986816	77.12973	0.21948628	0.0075558047	41.0	0.0
SPIKE	D81-82:G>	1	407164	2.456013E-6	-1.0	39.99974	TRUE		NaN	NaN	NaN	NaN	NaN	NaN	NaN	NaN	NaN
SPIKE	S81:G>C	0	407164	0.0	-1.0	0.0	TRUE	G	5.8876223E-5	128.0	0.02020529	0.997589	118.054535	0.19114557	0.0073653352	41.0	0.0
SPIKE	S82:G>A	66	407164	1.6209684E-4	151.9501	40.0	TRUE	G	1.01544516E-4	258.0	0.019958973	0.9958453	264.9515	0.16351661	0.0071584615	41.0	0.0
SPIKE	S82:G>T	2	407164	4.912026E-6	-1.0	40.0	TRUE	G	7.3849724E-6	14.0	0.02145047	0.99969727	77.12973	0.21948628	0.0075558047	41.0	0.0
SPIKE	S82:G>C	0	407164	0.0	-1.0	0.0	TRUE	G	2.8104195E-4	611.0	0.02020529	0.9885434	118.054535	0.19114557	0.0073653352	41.0	0.0
SPIKE	S83:C>G	1	407164	2.456013E-6	6.295924E-4	40.0	TRUE	C	3.2554133E-4	725.0	0.02067328	0.9867415	118.054535	0.1866852	0.007391475	41.0	0.0
SPIKE	S83:C>A	12	407164	2.9472154E-5	-1.0	40.0	TRUE	C	6.934831E-6	13.0	0.016916512	0.9997157	77.12973	0.22093855	0.009203881	41.0	0.0
SPIKE	S83:C>T	56	407164	1.3753671E-4	96.61249	40.0	TRUE	C	1.8765143E-4	415.0	0.01773488	0.9923358	264.9515	0.18743229	0.0076310765	41.0	0.0
SPIKE	S84:G>A	43	407163	1.0560881E-4	41.96567	40.0	TRUE	G	3.3021727E-4	839.0	0.019958973	0.98655236	264.95087	0.16351661	0.0071584615	41.0	0.0
SPIKE	S84:G>T	2	407163	4.9120376E-6	-1.0	40.0	TRUE	G	7.912489E-6	15.0	0.02145047	0.99967563	77.12954	0.21948628	0.0075558047	41.0	0.0
SPIKE	S84:G>C	0	407163	0.0	-1.0	0.0	TRUE	G	5.7956422E-5	126.0	0.02020529	0.9976266	118.054245	0.19114557	0.0073653352	41.0	0.0
SPIKE	S85:A>G	49	407163	1.2034492E-4	98.21942	40.0	TRUE	A	1.2574613E-4	360.0	0.015171381	0.99485767	643.50964	0.14441082	0.006634793	41.0	0.0
SPIKE	S85:A>T	1	407163	2.4560188E-6	6.295924E-4	40.0	TRUE	A	3.2324792E-4	585.0	0.017366508	0.9868343	75.80945	0.22895843	0.007438575	41.0	0.0
SPIKE	S85:A>C	1	407163	2.4560188E-6	0.57991946	40.0	TRUE	A	7.914654E-5	3.0	0.013788936	0.99676025	175.06953	0.18664648	0.019949013	41.0	1.0
SPIKE	I86:>T	1	407161	2.4560309E-6	-1.0	39.649742	TRUE		NaN	NaN	NaN	NaN	NaN	NaN	NaN	NaN	NaN
SPIKE	S86:T>A	1	407161	2.4560309E-6	0.57991946	40.0	TRUE	T	8.001698E-5	144.0	0.020109944	0.99672467	75.809074	0.23089178	0.0058169365	41.0	0.0
SPIKE	S86:T>C	23	407161	5.6488712E-5	5.2784605	38.95652	TRUE	T	4.304195E-4	1127.0	0.015452877	0.9825076	643.5065	0.15794201	0.0069348193	41.0	0.0
SPIKE	D86-87:T>	38	407161	9.3329174E-5	-1.0	39.649742	TRUE		NaN	NaN	NaN	NaN	NaN	NaN	NaN	NaN	NaN
SPIKE	S86:T>G	0	407161	0.0	-1.0	0.0	TRUE	T	1.3332699E-5	32.0	0.017082695	0.9994535	175.06868	0.17259066	0.0073647406	41.0	0.0
SPIKE	S87:T>A	1	407160	2.456037E-6	4.2596874	38.0	TRUE	T	2.3338343E-5	42.0	0.020109944	0.9990436	75.80889	0.23089178	0.0058169365	41.0	0.0
SPIKE	S87:T>C	11	407160	2.7016406E-5	3.391791	38.727272	TRUE	T	2.3526092E-4	616.0	0.015452877	0.9904007	643.50494	0.15794201	0.0069348193	41.0	0.0
SPIKE	S87:T>G	0	407160	0.0	-1.0	0.0	TRUE	T	3.6248366E-5	87.0	0.017082695	0.99851495	175.06825	0.17259066	0.0073647406	41.0	0.0
SPIKE	S88:T>G	1	407160	2.456037E-6	-1.0	37.0	TRUE	T	4.166479E-6	10.0	0.017082695	0.9998292	175.06825	0.17259066	0.0073647406	41.0	0.0
SPIKE	S88:T>A	3	407160	7.368111E-6	6.0206	39.333332	TRUE	T	3.3896165E-5	61.0	0.020109944	0.9986112	75.80889	0.23089178	0.0058169365	41.0	0.0
SPIKE	S88:T>C	10	407160	2.456037E-5	3.4108207	38.3	TRUE	T	2.2036614E-4	577.0	0.015452877	0.99100566	643.50494	0.15794201	0.0069348193	41.0	0.0
SPIKE	S89:A>G	71	407160	1.7437863E-4	148.92648	38.971832	TRUE	A	1.589303E-4	455.0	0.015171381	0.99350506	643.50494	0.14441082	0.006634793	41.0	0.0
SPIKE	S89:A>T	2	407160	4.912074E-6	3.9120662	37.0	TRUE	A	3.702183E-5	67.0	0.017366508	0.99848324	75.80889	0.22895843	0.007438575	41.0	0.0
SPIKE	S89:A>C	3	407160	7.368111E-6	2.3797824	40.0	TRUE	A	7.914654E-5	8.0	0.013788936	0.99676025	175.06825	0.18664648	0.019949013	41.0	1.0
SPIKE	D89-92:ATC>	1	407160	2.456037E-6	-1.0	39.79995	TRUE		NaN	NaN	NaN	NaN	NaN	NaN	NaN	NaN	NaN
SPIKE	S90:T>G	1	407160	2.456037E-6	4.2596874	31.0	TRUE	T	1.29160835E-5	31.0	0.017082695	0.9994706	175.06825	0.17259066	0.0073647406	41.0	0.0
SPIKE	S90:T>A	6	407160	1.4736222E-5	19.311188	39.333332	TRUE	T	1.500322E-5	27.0	0.020109944	0.99938506	75.80889	0.23089178	0.0058169365	41.0	0.0
SPIKE	S90:T>C	5	407160	1.2280185E-5	0.8233644	37.2	TRUE	T	1.966873E-4	515.0	0.015452877	0.9919683	643.50494	0.15794201	0.0069348193	41.0	0.0
SPIKE	S91:C>G	1	407160	2.456037E-6	-1.0	40.0	TRUE	C	4.9392966E-6	11.0	0.02067328	0.9997975	118.053375	0.1866852	0.007391475	41.0	0.0
SPIKE	S91:C>A	103	407160	2.529718E-4	298.92145	38.980583	TRUE	C	4.1144744E-5	4.0	0.016916512	0.9983145	77.128975	0.22093855	0.009203881	41.0	1.0
SPIKE	S91:C>T	47	407160	1.1543374E-4	93.02648	38.70213	TRUE	C	1.3067902E-4	289.0	0.01773488	0.9946565	264.9489	0.18743229	0.0076310765	41.0	0.0
SPIKE	S92:G>A	47	407160	1.1543374E-4	86.44843	38.723404	TRUE	G	1.5625414E-4	397.0	0.019958973	0.9936141	264.9489	0.16351661	0.0071584615	41.0	0.0
SPIKE	S92:G>T	1	407160	2.456037E-6	2.0412	40.0	TRUE	G	4.068578E-5	6.0	0.02145047	0.9983333	77.128975	0.21948628	0.0075558047	41.0	1.0
SPIKE	S92:G>C	1	407160	2.456037E-6	-1.0	40.0	TRUE	G	4.59975E-6	10.0	0.02020529	0.9998114	118.053375	0.19114557	0.0073653352	41.0	0.0
SPIKE	S93:T>G	2	407160	4.912074E-6	7.269987	39.5	TRUE	T	1.1249493E-5	27.0	0.017082695	0.9995389	175.06825	0.17259066	0.0073647406	41.0	0.0
SPIKE	S93:T>A	2	407160	4.912074E-6	3.9120662	39.0	TRUE	T	5.056641E-5	91.0	0.020109944	0.9979289	75.80889	0.23089178	0.0058169365	41.0	0.0
SPIKE	S93:T>C	16	407160	3.9296592E-5	5.8928747	39.375	TRUE	T	2.7765371E-4	727.0	0.015452877	0.9886807	643.50494	0.15794201	0.0069348193	41.0	0.0
SPIKE	S94:C>G	2	407160	4.912074E-6	3.9120662	40.0	TRUE	C	5.300915E-5	0.0	0.02067328	0.99782896	118.053375	0.1866852	0.007391475	41.0	1.0
SPIKE	S94:C>A	58	407160	1.4245014E-4	165.91978	39.310345	TRUE	C	4.1144744E-5	9.0	0.016916512	0.9983145	77.128975	0.22093855	0.009203881	41.0	1.0
SPIKE	S94:C>T	36	407160	8.841733E-5	71.42236	37.916668	TRUE	C	1.18018084E-4	261.0	0.01773488	0.9951729	264.9489	0.18743229	0.0076310765	41.0	0.0
SPIKE	S95:G>A	49	407160	1.2034581E-4	105.66353	38.489796	TRUE	G	1.1374672E-4	289.0	0.019958973	0.99534726	264.9489	0.16351661	0.0071584615	41.0	0.0
SPIKE	D95-98:GTC>	2	407160	4.912074E-6	-1.0	39.845753	TRUE		NaN	NaN	NaN	NaN	NaN	NaN	NaN	NaN	NaN
SPIKE	S95:G>C	0	407160	0.0	-1.0	0.0	TRUE	G	7.3595997E-6	16.0	0.02020529	0.9996983	118.053375	0.19114557	0.0073653352	41.0	0.0
SPIKE	S95:G>T	0	407160	0.0	-1.0	0.0	TRUE	G	4.068578E-5	1.0	0.02145047	0.9983333	77.128975	0.21948628	0.0075558047	41.0	1.0
SPIKE	S96:T>C	13	407160	3.192848E-5	2.1318862	38.46154	TRUE	T	3.3264977E-4	871.0	0.015452877	0.98645395	643.50494	0.15794201	0.0069348193	41.0	0.0
SPIKE	S96:T>A	2	407160	4.912074E-6	3.9120662	40.0	TRUE	T	3.8341565E-5	69.0	0.020109944	0.99842924	75.80889	0.23089178	0.0058169365	41.0	0.0
SPIKE	S96:T>G	0	407160	0.0	-1.0	0.0	TRUE	T	1.3332732E-5	32.0	0.017082695	0.9994535	175.06825	0.17259066	0.0073647406	41.0	0.0
SPIKE	S97:C>T	39	407160	9.578544E-5	79.196175	38.897434	TRUE	C	1.0038319E-4	222.0	0.01773488	0.99589276	264.9489	0.18743229	0.0076310765	41.0	0.0
SPIKE	S97:C>A	64	407160	1.5718637E-4	-1.0	38.671875	TRUE	C	7.468353E-6	14.0	0.016916512	0.9996939	77.128975	0.22093855	0.009203881	41.0	0.0
SPIKE	S97:C>G	0	407160	0.0	-1.0	0.0	TRUE	C	5.300915E-5	1.0	0.02067328	0.99782896	118.053375	0.1866852	0.007391475	41.0	1.0
SPIKE	S98:A>C	7	407160	1.7192258E-5	-1.0	37.0	TRUE	A	9.041793E-6	20.0	0.013788936	0.9996294	175.06825	0.18664648	0.019949013	41.0	0.0
SPIKE	S98:A>T	2	407160	4.912074E-6	3.9120662	38.0	TRUE	A	4.188931E-5	7.0	0.017366508	0.99828404	75.80889	0.22895843	0.007438575	41.0	1.0
SPIKE	S98:A>G	80	407160	1.9648296E-4	137.61348	39.075	TRUE	A	2.5708287E-4	736.0	0.015171381	0.98951495	643.50494	0.14441082	0.006634793	41.0	0.0
SPIKE	I98:>GTC	1	407160	2.456037E-6	-1.0	39.814423	TRUE		NaN	NaN	NaN	NaN	NaN	NaN	NaN	NaN	NaN
SPIKE	D98-101:ATC>	8	407160	1.9648296E-5	-1.0	39.814423	TRUE		NaN	NaN	NaN	NaN	NaN	NaN	NaN	NaN	NaN
SPIKE	S99:T>C	4	407160	9.824148E-6	0.30566683	37.25	TRUE	T	2.1540122E-4	564.0	0.015452877	0.9912074	643.50494	0.15794201	0.0069348193	41.0	0.0
SPIKE	S99:T>A	5	407160	1.2280185E-5	16.300888	38.6	TRUE	T	1.1113497E-5	20.0	0.020109944	0.99954444	75.80889	0.23089178	0.0058169365	41.0	0.0
SPIKE	S99:T>G	1	407160	2.456037E-6	-1.0	40.0	TRUE	T	6.666366E-6	16.0	0.017082695	0.9997267	175.06825	0.17259066	0.0073647406	41.0	0.0
SPIKE	S100:C>T	44	407160	1.0806562E-4	85.2992	39.045456	TRUE	C	1.4017473E-4	310.0	0.01773488	0.9942693	264.9489	0.18743229	0.0076310765	41.0	0.0
SPIKE	S100:C>A	42	407160	1.0315355E-4	-1.0	38.690475	TRUE	C	6.9348994E-6	13.0	0.016916512	0.9997157	77.128975	0.22093855	0.009203881	41.0	0.0
SPIKE	S100:C>G	3	407160	7.368111E-6	6.0206	39.0	TRUE	C	5.300915E-5	5.0	0.02067328	0.99782896	118.053375	0.1866852	0.007391475	41.0	1.0
SPIKE	S101:G>C	1	407160	2.456037E-6	-1.0	40.0	TRUE	G	5.5197E-6	12.0	0.02020529	0.99977374	118.053375	0.19114557	0.0073653352	41.0	0.0
SPIKE	S101:G>T	2	407160	4.912074E-6	3.9120662	38.0	TRUE	G	4.068578E-5	5.0	0.02145047	0.9983333	77.128975	0.21948628	0.0075558047	41.0	1.0
SPIKE	S101:G>A	33	407160	8.104922E-5	70.57339	38.424244	TRUE	G	9.524811E-5	242.0	0.019958973	0.99610245	264.9489	0.16351661	0.0071584615	41.0	0.0
SPIKE	D102-104:TG>	1	407160	2.456037E-6	-1.0	39.751984	TRUE		NaN	NaN	NaN	NaN	NaN	NaN	NaN	NaN	NaN
SPIKE	S102:T>C	13	407160	3.192848E-5	1.6791589	37.23077	TRUE	T	3.448711E-4	903.0	0.015452877	0.98595977	643.50494	0.15794201	0.0069348193	41.0	0.0
SPIKE	S102:T>A	9	407160	2.2104332E-5	28.342087	38.666668	TRUE	T	1.9448618E-5	35.0	0.020109944	0.9992029	75.80889	0.23089178	0.0058169365	41.0	0.0
SPIKE	D102-103:T>	1	407160	2.456037E-6	-1.0	39.751984	TRUE		NaN	NaN	NaN	NaN	NaN	NaN	NaN	NaN	NaN
SPIKE	S102:T>G	0	407160	0.0	-1.0	0.0	TRUE	T	1.374938E-5	33.0	0.017082695	0.99943644	175.06825	0.17259066	0.0073647406	41.0	0.0
SPIKE	I103:>G	1	407160	2.456037E-6	-1.0	39.92667	TRUE		NaN	NaN	NaN	NaN	NaN	NaN	NaN	NaN	NaN
SPIKE	S103:G>T	1	407160	2.456037E-6	2.0412	35.0	TRUE	G	4.068578E-5	7.0	0.02145047	0.9983333	77.128975	0.21948628	0.0075558047	41.0	1.0
SPIKE	S103:G>A	35	407160	8.596129E-5	84.07732	38.771427	TRUE	G	7.556875E-5	192.0	0.019958973	0.99690646	264.9489	0.16351661	0.0071584615	41.0	0.0
SPIKE	S103:G>C	0	407160	0.0	-1.0	0.0	TRUE	G	5.4301603E-5	7.0	0.02020529	0.9977761	118.053375	0.19114557	0.0073653352	41.0	1.0
SPIKE	S104:G>A	31	407160	7.613715E-5	65.28814	38.967743	TRUE	G	9.170583E-5	233.0	0.019958973	0.9962471	264.9489	0.16351661	0.0071584615	41.0	0.0
SPIKE	S104:G>C	0	407160	0.0	-1.0	0.0	TRUE	G	5.059725E-6	11.0	0.02020529	0.9997926	118.053375	0.19114557	0.0073653352	41.0	0.0
SPIKE	S104:G>T	0	407160	0.0	-1.0	0.0	TRUE	G	4.068578E-5	6.0	0.02145047	0.9983333	77.128975	0.21948628	0.0075558047	41.0	1.0
SPIKE	S105:C>T	48	407160	1.1788977E-4	82.894005	38.666668	TRUE	C	1.718271E-4	380.0	0.01773488	0.9929798	264.9489	0.18743229	0.0076310765	41.0	0.0
SPIKE	S105:C>A	14	407160	3.4384517E-5	43.393585	38.357143	TRUE	C	1.1735983E-5	22.0	0.016916512	0.99951893	77.128975	0.22093855	0.009203881	41.0	0.0
SPIKE	S105:C>G	6	407160	1.4736222E-5	-1.0	38.666668	TRUE	C	7.184431E-6	16.0	0.02067328	0.9997055	118.053375	0.1866852	0.007391475	41.0	0.0
SPIKE	D105-106:C>	1	407160	2.456037E-6	-1.0	39.844444	TRUE		NaN	NaN	NaN	NaN	NaN	NaN	NaN	NaN	NaN
SPIKE	D105-107:CG>	1	407160	2.456037E-6	-1.0	39.844444	TRUE		NaN	NaN	NaN	NaN	NaN	NaN	NaN	NaN	NaN
SPIKE	D106-109:GGC>	2	407160	4.912074E-6	-1.0	39.847313	TRUE		NaN	NaN	NaN	NaN	NaN	NaN	NaN	NaN	NaN
SPIKE	S106:G>T	7	407160	1.7192258E-5	22.321487	39.42857	TRUE	G	1.7407605E-5	33.0	0.02145047	0.99928653	77.128975	0.21948628	0.0075558047	41.0	0.0
SPIKE	S106:G>A	61	407160	1.4981825E-4	115.41738	38.557377	TRUE	G	1.700297E-4	432.0	0.019958973	0.993053	264.9489	0.16351661	0.0071584615	41.0	0.0
SPIKE	S106:G>C	0	407160	0.0	-1.0	0.0	TRUE	G	4.59975E-6	10.0	0.02020529	0.9998114	118.053375	0.19114557	0.0073653352	41.0	0.0
SPIKE	S107:G>C	1	407160	2.456037E-6	2.0412	40.0	TRUE	G	5.4301603E-5	9.0	0.02020529	0.9977761	118.053375	0.19114557	0.0073653352	41.0	1.0
SPIKE	S107:G>T	1	407160	2.456037E-6	2.0412	37.0	TRUE	G	4.068578E-5	5.0	0.02145047	0.9983333	77.128975	0.21948628	0.0075558047	41.0	1.0
SPIKE	S107:G>A	27	407160	6.6313E-5	43.48572	38.74074	TRUE	G	1.2201205E-4	310.0	0.019958973	0.99501	264.9489	0.16351661	0.0071584615	41.0	0.0
SPIKE	S108:C>T	38	407160	9.332941E-5	70.10475	38.94737	TRUE	C	1.2977466E-4	287.0	0.01773488	0.99469334	264.9489	0.18743229	0.0076310765	41.0	0.0
SPIKE	S108:C>A	2	407160	4.912074E-6	3.9120662	38.0	TRUE	C	4.1144744E-5	7.0	0.016916512	0.9983145	77.128975	0.22093855	0.009203881	41.0	1.0
SPIKE	S108:C>G	2	407160	4.912074E-6	3.9120662	40.0	TRUE	C	5.300915E-5	0.0	0.02067328	0.99782896	118.053375	0.1866852	0.007391475	41.0	1.0
SPIKE	S109:A>C	10	407160	2.456037E-5	-1.0	39.5	TRUE	A	7.2334346E-6	16.0	0.013788936	0.99970347	175.06825	0.18664648	0.019949013	41.0	0.0
SPIKE	S109:A>T	3	407160	7.368111E-6	-1.0	38.333332	TRUE	A	6.078211E-6	11.0	0.017366508	0.99975085	75.80889	0.22895843	0.007438575	41.0	0.0
SPIKE	S109:A>G	118	407160	2.8981236E-4	240.1	38.75424	TRUE	A	2.539392E-4	727.0	0.015171381	0.9896425	643.50494	0.14441082	0.006634793	41.0	0.0
SPIKE	S110:G>T	1	407160	2.456037E-6	2.0412	37.0	TRUE	G	4.068578E-5	5.0	0.02145047	0.9983333	77.128975	0.21948628	0.0075558047	41.0	1.0
SPIKE	S110:G>A	32	407160	7.8593184E-5	67.9256	38.625	TRUE	G	9.367376E-5	238.0	0.019958973	0.99616677	264.9489	0.16351661	0.0071584615	41.0	0.0
SPIKE	S110:G>C	0	407160	0.0	-1.0	0.0	TRUE	G	5.4301603E-5	1.0	0.02020529	0.9977761	118.053375	0.19114557	0.0073653352	41.0	1.0
SPIKE	S111:C>T	37	407160	9.0873364E-5	74.00349	38.027027	TRUE	C	1.1349632E-4	251.0	0.01773488	0.99535745	264.9489	0.18743229	0.0076310765	41.0	0.0
SPIKE	S111:C>A	9	407160	2.2104332E-5	20.808811	37.11111	TRUE	C	4.1144744E-5	5.0	0.016916512	0.9983145	77.128975	0.22093855	0.009203881	41.0	1.0
SPIKE	S111:C>G	4	407160	9.824148E-6	8.284564	38.75	TRUE	C	5.300915E-5	6.0	0.02067328	0.99782896	118.053375	0.1866852	0.007391475	41.0	1.0
SPIKE	S112:G>A	40	407158	9.824196E-5	89.35573	38.825	TRUE	G	8.0685786E-5	205.0	0.019958973	0.99669737	264.9476	0.16351661	0.0071584615	41.0	0.0
SPIKE	S112:G>C	0	407158	0.0	-1.0	0.0	TRUE	G	5.4301603E-5	2.0	0.02020529	0.9977761	118.052795	0.19114557	0.0073653352	41.0	1.0
SPIKE	S112:G>T	0	407158	0.0	-1.0	0.0	TRUE	G	4.068578E-5	2.0	0.02145047	0.9983333	77.12859	0.21948628	0.0075558047	41.0	1.0
SPIKE	D113-115:TG>	3	407158	7.368147E-6	-1.0	39.714626	TRUE		NaN	NaN	NaN	NaN	NaN	NaN	NaN	NaN	NaN
SPIKE	S113:T>C	14	407158	3.4384688E-5	0.81934875	38.357143	TRUE	T	4.3271415E-4	1133.0	0.015452877	0.98241514	643.5018	0.15794201	0.0069348193	41.0	0.0
SPIKE	S113:T>G	1	407158	2.456049E-6	4.2596874	38.0	TRUE	T	2.4998995E-5	60.0	0.017082695	0.9989756	175.06738	0.17259066	0.0073647406	41.0	0.0
SPIKE	S113:T>A	2	407158	4.912098E-6	7.269987	37.5	TRUE	T	2.3894136E-5	43.0	0.020109944	0.9990208	75.80852	0.23089178	0.0058169365	41.0	0.0
SPIKE	S114:G>T	1	407158	2.456049E-6	2.0412	40.0	TRUE	G	4.068578E-5	6.0	0.02145047	0.9983333	77.12859	0.21948628	0.0075558047	41.0	1.0
SPIKE	S114:G>A	32	407158	7.859357E-5	75.76293	38.9375	TRUE	G	5.5102486E-5	140.0	0.019958973	0.99774337	264.9476	0.16351661	0.0071584615	41.0	0.0
SPIKE	S114:G>C	0	407158	0.0	-1.0	0.0	TRUE	G	5.4301603E-5	1.0	0.02020529	0.9977761	118.052795	0.19114557	0.0073653352	41.0	1.0
SPIKE	S115:A>T	16	407158	3.9296785E-5	49.41419	38.125	TRUE	A	2.2102695E-5	40.0	0.017366508	0.9990942	75.80852	0.22895843	0.007438575	41.0	0.0
SPIKE	S115:A>C	1	407158	2.456049E-6	-1.0	40.0	TRUE	A	6.781378E-6	15.0	0.013788936	0.999722	175.06738	0.18664648	0.019949013	41.0	0.0
SPIKE	S115:A>G	97	407158	2.3823675E-4	185.75499	38.72165	TRUE	A	2.5743342E-4	737.0	0.015171381	0.98950076	643.5018	0.14441082	0.006634793	41.0	0.0
SPIKE	D115-116:A>	1	407158	2.456049E-6	-1.0	39.759212	TRUE		NaN	NaN	NaN	NaN	NaN	NaN	NaN	NaN	NaN
SPIKE	S116:C>T	28	407158	6.8769376E-5	73.72888	37.75	TRUE	C	5.200056E-5	115.0	0.01773488	0.99787027	264.9476	0.18743229	0.0076310765	41.0	0.0
SPIKE	S116:C>G	1	407158	2.456049E-6	2.0412	38.0	TRUE	C	5.300915E-5	2.0	0.02067328	0.99782896	118.052795	0.1866852	0.007391475	41.0	1.0
SPIKE	S116:C>A	2	407158	4.912098E-6	3.9120662	38.5	TRUE	C	4.1144744E-5	3.0	0.016916512	0.9983145	77.12859	0.22093855	0.009203881	41.0	1.0
SPIKE	S117:C>T	46	407158	1.12978254E-4	97.64592	38.673912	TRUE	C	1.1801866E-4	261.0	0.01773488	0.9951729	264.9476	0.18743229	0.0076310765	41.0	0.0
SPIKE	S117:C>G	1	407158	2.456049E-6	2.0412	37.0	TRUE	C	5.300915E-5	1.0	0.02067328	0.99782896	118.052795	0.1866852	0.007391475	41.0	1.0
SPIKE	S117:C>A	8	407158	1.9648392E-5	-1.0	38.375	TRUE	C	1.0669128E-5	20.0	0.016916512	0.9995627	77.12859	0.22093855	0.009203881	41.0	0.0
SPIKE	S118:T>C	16	407158	3.9296785E-5	10.020019	39.125	TRUE	T	2.0776391E-4	544.0	0.015452877	0.99151784	643.5018	0.15794201	0.0069348193	41.0	0.0
SPIKE	S118:T>A	1	407158	2.456049E-6	2.0412	37.0	TRUE	T	3.7786074E-5	68.0	0.020109944	0.99845195	75.80852	0.23089178	0.0058169365	41.0	0.0
SPIKE	S118:T>G	0	407158	0.0	-1.0	0.0	TRUE	T	1.7915947E-5	43.0	0.017082695	0.99926573	175.06738	0.17259066	0.0073647406	41.0	0.0
SPIKE	S119:A>T	18	407158	4.4208882E-5	55.434788	38.22222	TRUE	A	2.8180935E-5	51.0	0.017366508	0.9988452	75.80852	0.22895843	0.007438575	41.0	0.0
SPIKE	S119:A>C	1	407158	2.456049E-6	-1.0	38.0	TRUE	A	6.781378E-6	15.0	0.013788936	0.999722	175.06738	0.18664648	0.019949013	41.0	0.0
SPIKE	S119:A>G	60	407158	1.4736294E-4	106.48251	38.15	TRUE	A	1.865257E-4	534.0	0.015171381	0.99238163	643.5018	0.14441082	0.006634793	41.0	0.0
SPIKE	S120:T>C	15	407158	3.6840735E-5	2.7074113	38.6	TRUE	T	3.509835E-4	919.0	0.015452877	0.9857127	643.5018	0.15794201	0.0069348193	41.0	0.0
SPIKE	S120:T>G	1	407158	2.456049E-6	4.2596874	32.0	TRUE	T	1.4999397E-5	36.0	0.017082695	0.99938524	175.06738	0.17259066	0.0073647406	41.0	0.0
SPIKE	S120:T>A	2	407158	4.912098E-6	-1.0	37.0	TRUE	T	5.5567757E-6	10.0	0.020109944	0.9997722	75.80852	0.23089178	0.0058169365	41.0	0.0
SPIKE	S121:G>T	1	407158	2.456049E-6	-1.0	40.0	TRUE	G	6.3300695E-6	12.0	0.02145047	0.9997405	77.12859	0.21948628	0.0075558047	41.0	0.0
SPIKE	S121:G>C	1	407158	2.456049E-6	2.0412	40.0	TRUE	G	5.4301603E-5	4.0	0.02020529	0.9977761	118.052795	0.19114557	0.0073653352	41.0	1.0
SPIKE	S121:G>A	47	407158	1.15434304E-4	108.480316	38.48936	TRUE	G	9.209987E-5	234.0	0.019958973	0.996231	264.9476	0.16351661	0.0071584615	41.0	0.0
SPIKE	S122:T>C	21	407158	5.157703E-5	6.340125	38.333332	TRUE	T	3.8000935E-4	995.0	0.015452877	0.98454034	643.5018	0.15794201	0.0069348193	41.0	0.0
SPIKE	S122:T>A	6	407158	1.4736294E-5	19.311188	39.166668	TRUE	T	3.1117943E-5	56.0	0.020109944	0.998725	75.80852	0.23089178	0.0058169365	41.0	0.0
SPIKE	S122:T>G	0	407158	0.0	-1.0	0.0	TRUE	T	1.3332798E-5	32.0	0.017082695	0.9994535	175.06738	0.17259066	0.0073647406	41.0	0.0
SPIKE	S123:G>A	34	407158	8.350566E-5	81.299355	38.17647	TRUE	G	5.785761E-5	147.0	0.019958973	0.99763066	264.9476	0.16351661	0.0071584615	41.0	0.0
SPIKE	S123:G>C	0	407158	0.0	-1.0	0.0	TRUE	G	5.4301603E-5	2.0	0.02020529	0.9977761	118.052795	0.19114557	0.0073653352	41.0	1.0
SPIKE	S123:G>T	0	407158	0.0	-1.0	0.0	TRUE	G	4.068578E-5	8.0	0.02145047	0.9983333	77.12859	0.21948628	0.0075558047	41.0	1.0
SPIKE	D124-126:TG>	11	407158	2.7016538E-5	-1.0	39.17837	TRUE		NaN	NaN	NaN	NaN	NaN	NaN	NaN	NaN	NaN
SPIKE	S124:T>C	19	407158	4.6664933E-5	3.2988997	38.68421	TRUE	T	4.2087468E-4	1102.0	0.015452877	0.98289216	643.5018	0.15794201	0.0069348193	41.0	0.0
SPIKE	S124:T>A	3	407158	7.368147E-6	-1.0	38.0	TRUE	T	7.223808E-6	13.0	0.020109944	0.9997039	75.80852	0.23089178	0.0058169365	41.0	0.0
SPIKE	S124:T>G	0	407158	0.0	-1.0	0.0	TRUE	T	1.6249347E-5	39.0	0.017082695	0.999334	175.06738	0.17259066	0.0073647406	41.0	0.0
SPIKE	I125:>G	1	407158	2.456049E-6	-1.0	39.3169	TRUE		NaN	NaN	NaN	NaN	NaN	NaN	NaN	NaN	NaN
SPIKE	S125:G>A	39	407158	9.578591E-5	86.648964	38.0	TRUE	G	8.934474E-5	227.0	0.019958973	0.99634355	264.9476	0.16351661	0.0071584615	41.0	0.0
SPIKE	S125:G>C	0	407158	0.0	-1.0	0.0	TRUE	G	5.4301603E-5	9.0	0.02020529	0.9977761	118.052795	0.19114557	0.0073653352	41.0	1.0
SPIKE	S125:G>T	0	407158	0.0	-1.0	0.0	TRUE	G	4.068578E-5	1.0	0.02145047	0.9983333	77.12859	0.21948628	0.0075558047	41.0	1.0
SPIKE	S126:C>T	44	407158	1.0806615E-4	85.2992	38.113636	TRUE	C	1.297753E-4	287.0	0.01773488	0.99469334	264.9476	0.18743229	0.0076310765	41.0	0.0
SPIKE	S126:C>G	9	407158	2.2104441E-5	20.808811	38.22222	TRUE	C	3.9514565E-5	88.0	0.02067328	0.9983812	118.052795	0.1866852	0.007391475	41.0	0.0
SPIKE	S126:C>A	6	407158	1.4736294E-5	13.113299	38.166668	TRUE	C	4.1144744E-5	7.0	0.016916512	0.9983145	77.12859	0.22093855	0.009203881	41.0	1.0
SPIKE	D126-127:C>	1	407158	2.456049E-6	-1.0	39.330036	TRUE		NaN	NaN	NaN	NaN	NaN	NaN	NaN	NaN	NaN
SPIKE	D126-128:CG>	4	407158	9.824196E-6	-1.0	39.330036	TRUE		NaN	NaN	NaN	NaN	NaN	NaN	NaN	NaN	NaN
SPIKE	S127:G>C	1	407158	2.456049E-6	4.2596874	37.0	TRUE	G	2.4378794E-5	53.0	0.02020529	0.99900097	118.052795	0.19114557	0.0073653352	41.0	0.0
SPIKE	S127:G>A	45	407158	1.105222E-4	94.98693	38.377777	TRUE	G	1.0272678E-4	261.0	0.019958973	0.99579704	264.9476	0.16351661	0.0071584615	41.0	0.0
SPIKE	S127:G>T	0	407158	0.0	-1.0	0.0	TRUE	G	4.068578E-5	6.0	0.02145047	0.9983333	77.12859	0.21948628	0.0075558047	41.0	1.0
SPIKE	S128:G>A	28	407158	6.8769376E-5	51.216248	37.892857	TRUE	G	1.054819E-4	268.0	0.019958973	0.99568456	264.9476	0.16351661	0.0071584615	41.0	0.0
SPIKE	S128:G>T	2	407158	4.912098E-6	-1.0	38.5	TRUE	G	5.802564E-6	11.0	0.02145047	0.9997621	77.12859	0.21948628	0.0075558047	41.0	0.0
SPIKE	S128:G>C	0	407158	0.0	-1.0	0.0	TRUE	G	1.0579477E-5	23.0	0.02020529	0.9995663	118.052795	0.19114557	0.0073653352	41.0	0.0
SPIKE	S129:C>A	7	407158	1.7192344E-5	-1.0	37.57143	TRUE	C	1.0135672E-5	19.0	0.016916512	0.9995845	77.12859	0.22093855	0.009203881	41.0	0.0
SPIKE	S129:C>G	1	407158	2.456049E-6	4.2596874	37.0	TRUE	C	3.188107E-5	71.0	0.02067328	0.9986937	118.052795	0.1866852	0.007391475	41.0	0.0
SPIKE	S129:C>T	58	407158	1.4245084E-4	121.933365	36.689655	TRUE	C	1.342971E-4	297.0	0.01773488	0.9945089	264.9476	0.18743229	0.0076310765	41.0	0.0
SPIKE	D130-133:GGC>	7	407158	1.7192344E-5	-1.0	39.30344	TRUE		NaN	NaN	NaN	NaN	NaN	NaN	NaN	NaN	NaN
SPIKE	S130:G>A	46	407158	1.12978254E-4	78.0306	37.913044	TRUE	G	1.7160489E-4	436.0	0.019958973	0.9929889	264.9476	0.16351661	0.0071584615	41.0	0.0
SPIKE	S130:G>T	2	407158	4.912098E-6	3.9120662	38.5	TRUE	G	4.068578E-5	8.0	0.02145047	0.9983333	77.12859	0.21948628	0.0075558047	41.0	1.0
SPIKE	S130:G>C	0	407158	0.0	-1.0	0.0	TRUE	G	2.2538885E-5	49.0	0.02020529	0.9990763	118.052795	0.19114557	0.0073653352	41.0	0.0
SPIKE	S131:G>A	38	407158	9.3329865E-5	76.59492	37.473682	TRUE	G	1.1492804E-4	292.0	0.019958973	0.99529904	264.9476	0.16351661	0.0071584615	41.0	0.0
SPIKE	S131:G>C	0	407158	0.0	-1.0	0.0	TRUE	G	4.3237862E-5	94.0	0.02020529	0.9982288	118.052795	0.19114557	0.0073653352	41.0	0.0
SPIKE	S131:G>T	0	407158	0.0	-1.0	0.0	TRUE	G	4.068578E-5	4.0	0.02145047	0.9983333	77.12859	0.21948628	0.0075558047	41.0	1.0
SPIKE	S132:C>A	5	407158	1.2280245E-5	-1.0	37.6	TRUE	C	9.068759E-6	17.0	0.016916512	0.99962825	77.12859	0.22093855	0.009203881	41.0	0.0
SPIKE	S132:C>G	4	407158	9.824196E-6	13.290587	37.75	TRUE	C	2.5145633E-5	56.0	0.02067328	0.99896955	118.052795	0.1866852	0.007391475	41.0	0.0
SPIKE	S132:C>T	34	407158	8.350566E-5	73.23097	34.058823	TRUE	C	9.812279E-5	217.0	0.01773488	0.99598503	264.9476	0.18743229	0.0076310765	41.0	0.0
SPIKE	S133:A>G	0	407158	0.0	-1.0	0.0	TRUE	A	1.1177571E-5	32.0	0.015171381	0.9995418	643.5018	0.14441082	0.006634793	41.0	0.0
SPIKE	S133:A>C	0	407158	0.0	-1.0	0.0	TRUE	A	9.132256E-5	202.0	0.013788936	0.9962628	175.06738	0.18664648	0.019949013	41.0	0.0
SPIKE	S133:A>T	0	407158	0.0	-1.0	0.0	TRUE	A	4.188931E-5	1.0	0.017366508	0.99828404	75.80852	0.22895843	0.007438575	41.0	1.0
SPIKE	S134:G>A	0	407158	0.0	-1.0	0.0	TRUE	G	5.274095E-5	134.0	0.019958973	0.9978399	264.9476	0.16351661	0.0071584615	41.0	0.0
SPIKE	S134:G>C	0	407158	0.0	-1.0	0.0	TRUE	G	3.3118362E-5	72.0	0.02020529	0.99864304	118.052795	0.19114557	0.0073653352	41.0	0.0
SPIKE	S134:G>T	0	407158	0.0	-1.0	0.0	TRUE	G	7.648834E-5	145.0	0.02145047	0.9968689	77.12859	0.21948628	0.0075558047	41.0	0.0
SPIKE	S135:C>A	0	407158	0.0	-1.0	0.0	TRUE	C	4.1144744E-5	7.0	0.016916512	0.9983145	77.12859	0.22093855	0.009203881	41.0	1.0
SPIKE	S135:C>G	0	407158	0.0	-1.0	0.0	TRUE	C	6.510923E-5	145.0	0.02067328	0.99733406	118.052795	0.1866852	0.007391475	41.0	0.0
SPIKE	S135:C>T	0	407158	0.0	-1.0	0.0	TRUE	C	3.4817767E-5	77.0	0.01773488	0.9985735	264.9476	0.18743229	0.0076310765	41.0	0.0
SPIKE	S136:C>A	0	407158	0.0	-1.0	0.0	TRUE	C	7.895155E-5	148.0	0.016916512	0.99676824	77.12859	0.22093855	0.009203881	41.0	0.0
SPIKE	S136:C>G	0	407158	0.0	-1.0	0.0	TRUE	C	2.5145633E-5	56.0	0.02067328	0.99896955	118.052795	0.1866852	0.007391475	41.0	0.0
SPIKE	S136:C>T	0	407158	0.0	-1.0	0.0	TRUE	C	3.346123E-5	74.0	0.01773488	0.99862903	264.9476	0.18743229	0.0076310765	41.0	0.0
SPIKE	S137:T>A	0	407158	0.0	-1.0	0.0	TRUE	T	2.8895232E-5	52.0	0.020109944	0.998816	75.80852	0.23089178	0.0058169365	41.0	0.0
SPIKE	S137:T>G	0	407158	0.0	-1.0	0.0	TRUE	T	2.0832496E-5	50.0	0.017082695	0.9991462	175.06738	0.17259066	0.0073647406	41.0	0.0
SPIKE	S137:T>C	0	407158	0.0	-1.0	0.0	TRUE	T	6.110703E-6	16.0	0.015452877	0.9997495	643.5018	0.15794201	0.0069348193	41.0	0.0
SPIKE	S138:G>A	0	407158	0.0	-1.0	0.0	TRUE	G	5.82512E-5	148.0	0.019958973	0.99761456	264.9476	0.16351661	0.0071584615	41.0	0.0
SPIKE	S138:G>C	0	407158	0.0	-1.0	0.0	TRUE	G	5.4301603E-5	9.0	0.02020529	0.9977761	118.052795	0.19114557	0.0073653352	41.0	1.0
SPIKE	S138:G>T	0	407158	0.0	-1.0	0.0	TRUE	G	1.1499626E-4	218.0	0.02145047	0.99529624	77.12859	0.21948628	0.0075558047	41.0	0.0
SPIKE	S139:A>G	0	407158	0.0	-1.0	0.0	TRUE	A	7.68458E-6	22.0	0.015171381	0.999685	643.5018	0.14441082	0.006634793	41.0	0.0
SPIKE	S139:A>C	0	407158	0.0	-1.0	0.0	TRUE	A	7.914654E-5	3.0	0.013788936	0.99676025	175.06738	0.18664648	0.019949013	41.0	1.0
SPIKE	S139:A>T	0	407158	0.0	-1.0	0.0	TRUE	A	1.1493401E-4	208.0	0.017366508	0.9952988	75.80852	0.22895843	0.007438575	41.0	0.0
SPIKE	S140:T>A	0	407158	0.0	-1.0	0.0	TRUE	T	3.5007684E-5	63.0	0.020109944	0.99856573	75.80852	0.23089178	0.0058169365	41.0	0.0
SPIKE	S140:T>G	0	407158	0.0	-1.0	0.0	TRUE	T	6.541404E-5	157.0	0.017082695	0.9973216	175.06738	0.17259066	0.0073647406	41.0	0.0
SPIKE	S140:T>C	0	407158	0.0	-1.0	0.0	TRUE	T	2.4576552E-4	7.0	0.015452877	0.9899742	643.5018	0.15794201	0.0069348193	41.0	1.0
SPIKE	S141:T>A	0	407158	0.0	-1.0	0.0	TRUE	T	1.2947287E-4	233.0	0.020109944	0.9947057	75.80852	0.23089178	0.0058169365	41.0	0.0
SPIKE	S141:T>G	0	407158	0.0	-1.0	0.0	TRUE	T	2.4998995E-5	60.0	0.017082695	0.9989756	175.06738	0.17259066	0.0073647406	41.0	0.0
SPIKE	S141:T>C	0	407158	0.0	-1.0	0.0	TRUE	T	6.798157E-5	178.0	0.015452877	0.99721664	643.5018	0.15794201	0.0069348193	41.0	0.0
SPIKE	S142:A>G	0	407158	0.0	-1.0	0.0	TRUE	A	1.5962968E-4	457.0	0.015171381	0.99347657	643.5018	0.14441082	0.006634793	41.0	0.0
SPIKE	S142:A>C	0	407158	0.0	-1.0	0.0	TRUE	A	1.01720674E-4	225.0	0.013788936	0.99583817	175.06738	0.18664648	0.019949013	41.0	0.0
SPIKE	S142:A>T	0	407158	0.0	-1.0	0.0	TRUE	A	1.0498779E-5	19.0	0.017366508	0.99956965	75.80852	0.22895843	0.007438575	41.0	0.0
SPIKE	S143:G>A	0	407158	0.0	-1.0	0.0	TRUE	G	1.5349979E-5	39.0	0.019958973	0.9993709	264.9476	0.16351661	0.0071584615	41.0	0.0
SPIKE	S143:G>C	0	407158	0.0	-1.0	0.0	TRUE	G	4.1995922E-4	913.0	0.02020529	0.98292905	118.052795	0.19114557	0.0073653352	41.0	0.0
SPIKE	S143:G>T	0	407158	0.0	-1.0	0.0	TRUE	G	6.3300695E-6	12.0	0.02145047	0.9997405	77.12859	0.21948628	0.0075558047	41.0	0.0
SPIKE	S144:C>A	0	407158	0.0	-1.0	0.0	TRUE	C	4.1144744E-5	6.0	0.016916512	0.9983145	77.12859	0.22093855	0.009203881	41.0	1.0
SPIKE	S144:C>G	0	407158	0.0	-1.0	0.0	TRUE	C	8.845874E-5	197.0	0.02067328	0.99637973	118.052795	0.1866852	0.007391475	41.0	0.0
SPIKE	S144:C>T	0	407158	0.0	-1.0	0.0	TRUE	C	7.687039E-6	17.0	0.01773488	0.9996849	264.9476	0.18743229	0.0076310765	41.0	0.0
SPIKE	S145:C>A	0	407158	0.0	-1.0	0.0	TRUE	C	4.1144744E-5	4.0	0.016916512	0.9983145	77.12859	0.22093855	0.009203881	41.0	1.0
SPIKE	S145:C>G	0	407158	0.0	-1.0	0.0	TRUE	C	3.3677185E-5	75.0	0.02067328	0.9986202	118.052795	0.1866852	0.007391475	41.0	0.0
SPIKE	S145:C>T	0	407158	0.0	-1.0	0.0	TRUE	C	8.3200895E-5	184.0	0.01773488	0.99659455	264.9476	0.18743229	0.0076310765	41.0	0.0
SPIKE	S146:C>A	0	407158	0.0	-1.0	0.0	TRUE	C	4.1144744E-5	0.0	0.016916512	0.9983145	77.12859	0.22093855	0.009203881	41.0	1.0
SPIKE	S146:C>G	0	407158	0.0	-1.0	0.0	TRUE	C	4.993204E-4	1112.0	0.02067328	0.979736	118.052795	0.1866852	0.007391475	41.0	0.0
SPIKE	S146:C>T	0	407158	0.0	-1.0	0.0	TRUE	C	4.8835307E-5	108.0	0.01773488	0.9979997	264.9476	0.18743229	0.0076310765	41.0	0.0
SPIKE	S147:G>A	0	407158	0.0	-1.0	0.0	TRUE	G	9.44614E-6	24.0	0.019958973	0.9996128	264.9476	0.16351661	0.0071584615	41.0	0.0
SPIKE	S147:G>C	0	407158	0.0	-1.0	0.0	TRUE	G	1.1407436E-4	248.0	0.02020529	0.99533385	118.052795	0.19114557	0.0073653352	41.0	0.0
SPIKE	S147:G>T	0	407158	0.0	-1.0	0.0	TRUE	G	4.7739275E-4	905.0	0.02145047	0.9806172	77.12859	0.21948628	0.0075558047	41.0	0.0
SPIKE	S148:T>A	0	407158	0.0	-1.0	0.0	TRUE	T	4.212509E-5	1.0	0.020109944	0.9982744	75.80852	0.23089178	0.0058169365	41.0	1.0
SPIKE	S148:T>G	0	407158	0.0	-1.0	0.0	TRUE	T	6.8497245E-4	1644.0	0.017082695	0.9723068	175.06738	0.17259066	0.0073647406	41.0	0.0
SPIKE	S148:T>C	0	407158	0.0	-1.0	0.0	TRUE	T	4.2393003E-5	111.0	0.015452877	0.9982634	643.5018	0.15794201	0.0069348193	41.0	0.0
SPIKE	S149:G>A	0	407158	0.0	-1.0	0.0	TRUE	G	8.6589625E-6	22.0	0.019958973	0.99964505	264.9476	0.16351661	0.0071584615	41.0	0.0
SPIKE	S149:G>C	0	407158	0.0	-1.0	0.0	TRUE	G	4.167394E-4	906.0	0.02020529	0.9830588	118.052795	0.19114557	0.0073653352	41.0	0.0
SPIKE	S149:G>T	0	407158	0.0	-1.0	0.0	TRUE	G	1.0391864E-4	197.0	0.02145047	0.9957484	77.12859	0.21948628	0.0075558047	41.0	0.0
SPIKE	S150:C>A	0	407146	0.0	-1.0	0.0	TRUE	C	4.1144744E-5	1.0	0.016916512	0.9983145	77.12632	0.22093855	0.009203881	41.0	1.0
SPIKE	S150:C>G	0	407146	0.0	-1.0	0.0	TRUE	C	2.2811354E-4	508.0	0.02067328	0.99069095	118.04932	0.1866852	0.007391475	41.0	0.0
SPIKE	S150:C>T	0	407146	0.0	-1.0	0.0	TRUE	C	6.244773E-4	1381.0	0.01773488	0.97472143	264.9398	0.18743229	0.0076310765	41.0	0.0
SPIKE	S151:T>A	0	407112	0.0	-1.0	0.0	TRUE	T	4.212509E-5	0.0	0.020109944	0.9982744	75.79995	0.23089178	0.0058169365	41.0	1.0
SPIKE	S151:T>G	0	407112	0.0	-1.0	0.0	TRUE	T	8.225599E-4	1974.0	0.017082695	0.9668374	175.0476	0.17259066	0.0073647406	41.0	0.0
SPIKE	S151:T>C	0	407112	0.0	-1.0	0.0	TRUE	T	6.0350012E-5	158.0	0.015452877	0.99752873	643.4291	0.15794201	0.0069348193	41.0	0.0
SPIKE	S152:G>A	0	407027	0.0	-1.0	0.0	TRUE	G	1.4567487E-5	37.0	0.019958973	0.99940294	264.86237	0.16351661	0.0071584615	41.0	0.0
SPIKE	S152:G>C	0	407027	0.0	-1.0	0.0	TRUE	G	5.4301603E-5	7.0	0.02020529	0.9977761	118.01482	0.19114557	0.0073653352	41.0	1.0
SPIKE	S152:G>T	0	407027	0.0	-1.0	0.0	TRUE	G	5.1712206E-5	98.0	0.02145047	0.99788207	77.10378	0.21948628	0.0075558047	41.0	0.0
SPIKE	S153:G>A	0	406566	0.0	-1.0	0.0	TRUE	G	6.306597E-6	16.0	0.019958973	0.99974144	264.56238	0.16351661	0.0071584615	41.0	0.0
SPIKE	S153:G>C	0	406566	0.0	-1.0	0.0	TRUE	G	5.4301603E-5	6.0	0.02020529	0.9977761	117.88115	0.19114557	0.0073653352	41.0	1.0
SPIKE	S153:G>T	0	406566	0.0	-1.0	0.0	TRUE	G	4.068578E-5	8.0	0.02145047	0.9983333	77.01645	0.21948628	0.0075558047	41.0	1.0
