#pipeline_block
reference	mutation	count	coverage	freq	score	cqs	has.reference	ancestral.allele	error.rate	minor.count.local	minor.fdr	minor.recall	minor.count.global	read.fraction.in.minors	q.filtered.read.fraction	mig.size	global.est
SPIKE	S0:T>A	0	290654	0.0	-1.0	0.0	TRUE	T	2.7282527E-5	27.0	0.032711137	0.9987458	11.368336	0.30362737	0.007135369	46.0	0.0
SPIKE	S0:T>G	0	290654	0.0	-1.0	0.0	TRUE	T	3.290845E-5	8.0	0.01863327	0.99848735	64.08363	0.15209162	0.004944302	46.0	1.0
SPIKE	S0:T>C	0	290654	0.0	-1.0	0.0	TRUE	T	6.3821484E-5	99.0	0.021755325	0.9970685	106.92512	0.19154046	0.009908839	46.0	0.0
SPIKE	S1:A>G	0	290808	0.0	-1.0	0.0	TRUE	A	7.685936E-5	142.0	0.020230684	0.9964707	106.98177	0.16065378	0.010116456	46.0	0.0
SPIKE	S1:A>C	0	290808	0.0	-1.0	0.0	TRUE	A	5.5045373E-5	3.0	0.017368976	0.9974711	64.11759	0.2540736	0.019492852	46.0	1.0
SPIKE	S1:A>T	0	290808	0.0	-1.0	0.0	TRUE	A	3.3328142E-5	31.0	0.03037408	0.9984681	11.374359	0.32244194	0.008304321	46.0	0.0
SPIKE	S2:G>A	0	291020	0.0	-1.0	0.0	TRUE	G	7.6895296E-5	135.0	0.026852844	0.9964691	88.43047	0.17033753	0.007695724	46.0	0.0
SPIKE	S2:G>C	0	291020	0.0	-1.0	0.0	TRUE	G	1.1898666E-5	18.0	0.027686177	0.9994528	39.41256	0.19785278	0.0058298227	46.0	0.0
SPIKE	S2:G>T	0	291020	0.0	-1.0	0.0	TRUE	G	9.348159E-6	12.0	0.029003406	0.9995701	19.299162	0.23348017	0.0061280234	46.0	0.0
SPIKE	S3:C>A	0	291266	0.0	-1.0	0.0	TRUE	C	2.0270003E-5	1.0	0.03684858	0.999068	19.315477	0.31735376	0.011624939	46.0	1.0
SPIKE	S3:C>G	0	291266	0.0	-1.0	0.0	TRUE	C	2.865057E-5	43.0	0.030547997	0.9986829	39.445873	0.2001835	0.0053297314	46.0	0.0
SPIKE	S3:C>T	0	291266	0.0	-1.0	0.0	TRUE	C	8.856301E-5	153.0	0.023371346	0.99593437	88.505226	0.17263198	0.00871904	46.0	0.0
SPIKE	S4:G>A	91	291418	3.1226623E-4	263.33032	39.76923	TRUE	G	6.996448E-5	123.0	0.026852844	0.99678683	88.551414	0.17033753	0.007695724	46.0	0.0
SPIKE	S4:G>C	5	291418	1.7157485E-5	16.300888	40.0	TRUE	G	1.5843221E-5	24.0	0.027686177	0.99927145	39.46646	0.19785278	0.0058298227	46.0	0.0
SPIKE	S4:G>T	2	291418	6.8629943E-6	7.269987	36.0	TRUE	G	1.9448735E-5	25.0	0.029003406	0.99910575	19.325556	0.23348017	0.0061280234	46.0	0.0
SPIKE	S5:T>A	13	291570	4.4586206E-5	-1.0	39.846153	TRUE	T	1.1487293E-5	1.0	0.032711137	0.9994717	11.404163	0.30362737	0.007135369	46.0	1.0
SPIKE	S5:T>G	1	291570	3.4297082E-6	4.2596874	40.0	TRUE	T	2.354787E-5	46.0	0.01863327	0.9989174	64.2856	0.15209162	0.004944302	46.0	0.0
SPIKE	S5:T>C	38	291570	1.303289E-4	83.94943	39.789474	TRUE	T	1.1053343E-4	172.0	0.021755325	0.99492836	107.26209	0.19154046	0.009908839	46.0	0.0
SPIKE	S6:G>A	83	291707	2.8453209E-4	255.8755	39.807228	TRUE	G	3.6368216E-5	64.0	0.026852844	0.99832845	88.63923	0.17033753	0.007695724	46.0	0.0
SPIKE	S6:G>C	1	291707	3.4280974E-6	4.2596874	34.0	TRUE	G	2.605316E-5	0.0	0.027686177	0.99880224	39.5056	0.19785278	0.0058298227	46.0	1.0
SPIKE	S6:G>T	2	291707	6.856195E-6	7.269987	40.0	TRUE	G	2.2538181E-5	29.0	0.029003406	0.9989638	19.34472	0.23348017	0.0061280234	46.0	0.0
SPIKE	S7:A>G	6	291820	2.056062E-5	19.311188	39.666668	TRUE	A	4.3150885E-5	80.0	0.020230684	0.998017	107.354065	0.16065378	0.010116456	46.0	0.0
SPIKE	S7:A>C	19	291820	6.510863E-5	48.1648	39.57895	TRUE	A	5.5045373E-5	3.0	0.017368976	0.9974711	64.34071	0.2540736	0.019492852	46.0	1.0
SPIKE	D7-8:A>	212	291820	7.264752E-4	-1.0	39.966785	TRUE		NaN	NaN	NaN	NaN	NaN	NaN	NaN	NaN	NaN
SPIKE	I7:>A	6	291820	2.056062E-5	-1.0	39.966785	TRUE		NaN	NaN	NaN	NaN	NaN	NaN	NaN	NaN	NaN
SPIKE	S7:A>T	0	291820	0.0	-1.0	0.0	TRUE	A	1.2228588E-5	1.0	0.03037408	0.99943763	11.413941	0.32244194	0.008304321	46.0	1.0
SPIKE	S8:A>G	2	291842	6.853023E-6	3.9120662	40.0	TRUE	A	6.148538E-5	114.0	0.020230684	0.9971757	107.36216	0.16065378	0.010116456	46.0	0.0
SPIKE	S8:A>C	24	291842	8.223628E-5	62.301826	39.791668	TRUE	A	5.5045373E-5	8.0	0.017368976	0.9974711	64.345566	0.2540736	0.019492852	46.0	1.0
SPIKE	S8:A>T	0	291842	0.0	-1.0	0.0	TRUE	A	1.2228588E-5	4.0	0.03037408	0.99943763	11.414802	0.32244194	0.008304321	46.0	1.0
SPIKE	I9:>G	1	291858	3.4263237E-6	-1.0	39.952946	TRUE		NaN	NaN	NaN	NaN	NaN	NaN	NaN	NaN	NaN
SPIKE	S9:G>A	85	291858	2.9123752E-4	261.8961	39.882355	TRUE	G	3.578144E-5	63.0	0.026852844	0.9983554	88.68511	0.17033753	0.007695724	46.0	0.0
SPIKE	S9:G>T	4	291858	1.3705295E-5	-1.0	35.75	TRUE	G	1.5034305E-5	4.0	0.029003406	0.99930865	19.354734	0.23348017	0.0061280234	46.0	1.0
SPIKE	D9-10:G>	91	291858	3.1179548E-4	-1.0	39.952946	TRUE		NaN	NaN	NaN	NaN	NaN	NaN	NaN	NaN	NaN
SPIKE	D9-11:GA>	36	291858	1.2334765E-4	-1.0	39.952946	TRUE		NaN	NaN	NaN	NaN	NaN	NaN	NaN	NaN	NaN
SPIKE	S9:G>C	0	291858	0.0	-1.0	0.0	TRUE	G	2.605316E-5	1.0	0.027686177	0.99880224	39.526047	0.19785278	0.0058298227	46.0	1.0
SPIKE	S10:A>G	17	291860	5.8247104E-5	35.485752	39.882355	TRUE	A	1.0300862E-4	191.0	0.020230684	0.9952728	107.368774	0.16065378	0.010116456	46.0	0.0
SPIKE	S10:A>C	18	291860	6.16734E-5	55.434788	39.88889	TRUE	A	1.5397418E-5	18.0	0.017368976	0.99929196	64.34953	0.2540736	0.019492852	46.0	0.0
SPIKE	S10:A>T	1	291860	3.4263003E-6	-1.0	40.0	TRUE	A	1.2228588E-5	1.0	0.03037408	0.99943763	11.415505	0.32244194	0.008304321	46.0	1.0
SPIKE	D10-11:A>	86	291860	2.9466182E-4	-1.0	39.90914	TRUE		NaN	NaN	NaN	NaN	NaN	NaN	NaN	NaN	NaN
SPIKE	D10-12:AC>	7	291860	2.3984101E-5	-1.0	39.90914	TRUE		NaN	NaN	NaN	NaN	NaN	NaN	NaN	NaN	NaN
SPIKE	I11:>C	1	291863	3.426265E-6	-1.0	39.915615	TRUE		NaN	NaN	NaN	NaN	NaN	NaN	NaN	NaN	NaN
SPIKE	S11:C>A	1	291863	3.426265E-6	-1.0	37.0	TRUE	C	1.1519983E-5	11.0	0.03684858	0.99947023	19.355066	0.31735376	0.011624939	46.0	0.0
SPIKE	S11:C>G	10	291863	3.426265E-5	-1.0	39.7	TRUE	C	8.644082E-6	13.0	0.030547997	0.99960244	39.526726	0.2001835	0.0053297314	46.0	0.0
SPIKE	S11:C>T	52	291863	1.7816578E-4	143.39166	39.576923	TRUE	C	7.394038E-5	128.0	0.023371346	0.9966045	88.68663	0.17263198	0.00871904	46.0	0.0
SPIKE	D11-13:CG>	2	291863	6.85253E-6	-1.0	39.915615	TRUE		NaN	NaN	NaN	NaN	NaN	NaN	NaN	NaN	NaN
SPIKE	D11-12:C>	98	291863	3.3577398E-4	-1.0	39.915615	TRUE		NaN	NaN	NaN	NaN	NaN	NaN	NaN	NaN	NaN
SPIKE	I12:>G	3	291866	1.027869E-5	-1.0	39.863873	TRUE		NaN	NaN	NaN	NaN	NaN	NaN	NaN	NaN	NaN
SPIKE	S12:G>A	124	291866	4.248525E-4	379.2978	39.73387	TRUE	G	3.464457E-5	61.0	0.026852844	0.9984076	88.687546	0.17033753	0.007695724	46.0	0.0
SPIKE	S12:G>C	6	291866	2.055738E-5	-1.0	39.666668	TRUE	G	7.2503303E-6	11.0	0.027686177	0.9996665	39.52713	0.19785278	0.0058298227	46.0	0.0
SPIKE	S12:G>T	3	291866	1.027869E-5	-1.0	38.0	TRUE	G	8.544308E-6	11.0	0.029003406	0.999607	19.355267	0.23348017	0.0061280234	46.0	0.0
SPIKE	D12-13:G>	114	291866	3.905902E-4	-1.0	39.863873	TRUE		NaN	NaN	NaN	NaN	NaN	NaN	NaN	NaN	NaN
SPIKE	D12-14:GA>	13	291866	4.454099E-5	-1.0	39.863873	TRUE		NaN	NaN	NaN	NaN	NaN	NaN	NaN	NaN	NaN
SPIKE	S13:A>G	12	291867	4.1114617E-5	18.50573	39.833332	TRUE	A	1.321283E-4	245.0	0.020230684	0.99394053	107.37135	0.16065378	0.010116456	46.0	0.0
SPIKE	S13:A>C	15	291867	5.1393272E-5	46.403885	40.0	TRUE	A	2.138479E-5	25.0	0.017368976	0.99901676	64.351074	0.2540736	0.019492852	46.0	0.0
SPIKE	D13-14:A>	69	291867	2.3640905E-4	-1.0	39.873272	TRUE		NaN	NaN	NaN	NaN	NaN	NaN	NaN	NaN	NaN
SPIKE	I13:>A	3	291867	1.0278654E-5	-1.0	39.873272	TRUE		NaN	NaN	NaN	NaN	NaN	NaN	NaN	NaN	NaN
SPIKE	S13:A>T	0	291867	0.0	-1.0	0.0	TRUE	A	2.249521E-5	21.0	0.03037408	0.99896574	11.415779	0.32244194	0.008304321	46.0	0.0
SPIKE	I14:>C	3	291868	1.0278619E-5	-1.0	39.94533	TRUE		NaN	NaN	NaN	NaN	NaN	NaN	NaN	NaN	NaN
SPIKE	D14-16:CA>	18	291868	6.1671715E-5	-1.0	39.94533	TRUE		NaN	NaN	NaN	NaN	NaN	NaN	NaN	NaN	NaN
SPIKE	S14:C>G	3	291868	1.0278619E-5	10.280287	40.0	TRUE	C	2.6282483E-5	1.0	0.030547997	0.99879175	39.5274	0.2001835	0.0053297314	46.0	1.0
SPIKE	S14:C>T	44	291868	1.5075308E-4	133.70259	39.636364	TRUE	C	3.2926007E-5	57.0	0.023371346	0.9984866	88.68815	0.17263198	0.00871904	46.0	0.0
SPIKE	D14-15:C>	82	291868	2.809489E-4	-1.0	39.94533	TRUE		NaN	NaN	NaN	NaN	NaN	NaN	NaN	NaN	NaN
SPIKE	S14:C>A	0	291868	0.0	-1.0	0.0	TRUE	C	1.8850558E-5	18.0	0.03684858	0.9991332	19.355398	0.31735376	0.011624939	46.0	0.0
SPIKE	S15:A>G	5	291868	1.7131031E-5	7.3154635	40.0	TRUE	A	9.0601956E-5	168.0	0.020230684	0.99584097	107.37172	0.16065378	0.010116456	46.0	0.0
SPIKE	S15:A>C	25	291868	8.5655156E-5	76.50689	39.72	TRUE	A	1.8818551E-5	22.0	0.017368976	0.9991347	64.351295	0.2540736	0.019492852	46.0	0.0
SPIKE	D15-16:A>	83	291868	2.8437513E-4	-1.0	39.879234	TRUE		NaN	NaN	NaN	NaN	NaN	NaN	NaN	NaN	NaN
SPIKE	I15:>A	6	291868	2.0557238E-5	-1.0	39.879234	TRUE		NaN	NaN	NaN	NaN	NaN	NaN	NaN	NaN	NaN
SPIKE	S15:A>T	0	291868	0.0	-1.0	0.0	TRUE	A	1.2228588E-5	2.0	0.03037408	0.99943763	11.415819	0.32244194	0.008304321	46.0	1.0
SPIKE	S16:G>A	109	291868	3.7345648E-4	334.14328	39.908257	TRUE	G	3.1236694E-5	55.0	0.026852844	0.9985641	88.68815	0.17033753	0.007695724	46.0	0.0
SPIKE	S16:G>T	2	291868	6.8524128E-6	-1.0	37.0	TRUE	G	1.5034305E-5	2.0	0.029003406	0.99930865	19.355398	0.23348017	0.0061280234	46.0	1.0
SPIKE	S16:G>C	2	291868	6.8524128E-6	7.269987	40.0	TRUE	G	2.605316E-5	1.0	0.027686177	0.99880224	39.5274	0.19785278	0.0058298227	46.0	1.0
SPIKE	D16-17:G>	58	291868	1.9871996E-4	-1.0	39.960197	TRUE		NaN	NaN	NaN	NaN	NaN	NaN	NaN	NaN	NaN
SPIKE	D16-18:GA>	3	291868	1.0278619E-5	-1.0	39.960197	TRUE		NaN	NaN	NaN	NaN	NaN	NaN	NaN	NaN	NaN
SPIKE	S17:A>G	3	291868	1.0278619E-5	1.5176276	40.0	TRUE	A	1.4992467E-4	278.0	0.020230684	0.99312717	107.37172	0.16065378	0.010116456	46.0	0.0
SPIKE	S17:A>C	23	291868	7.880275E-5	-1.0	39.739132	TRUE	A	1.11200525E-5	13.0	0.017368976	0.9994886	64.351295	0.2540736	0.019492852	46.0	0.0
SPIKE	D17-18:A>	110	291868	3.768827E-4	-1.0	39.892452	TRUE		NaN	NaN	NaN	NaN	NaN	NaN	NaN	NaN	NaN
SPIKE	S17:A>T	0	291868	0.0	-1.0	0.0	TRUE	A	1.4996755E-5	14.0	0.03037408	0.9993104	11.415819	0.32244194	0.008304321	46.0	0.0
SPIKE	S18:A>G	10	291868	3.4262062E-5	18.164799	39.8	TRUE	A	9.168055E-5	170.0	0.020230684	0.99579155	107.37172	0.16065378	0.010116456	46.0	0.0
SPIKE	S18:A>C	66	291868	2.2612962E-4	189.44995	39.772728	TRUE	A	5.5045373E-5	7.0	0.017368976	0.9974711	64.351295	0.2540736	0.019492852	46.0	1.0
SPIKE	S18:A>T	0	291868	0.0	-1.0	0.0	TRUE	A	1.2228588E-5	1.0	0.03037408	0.99943763	11.415819	0.32244194	0.008304321	46.0	1.0
SPIKE	S19:C>G	9	291868	3.0835858E-5	28.342087	39.88889	TRUE	C	2.6282483E-5	0.0	0.030547997	0.99879175	39.5274	0.2001835	0.0053297314	46.0	1.0
SPIKE	S19:C>T	39	291868	1.3362204E-4	105.49838	39.74359	TRUE	C	6.5852015E-5	114.0	0.023371346	0.99697536	88.68815	0.17263198	0.00871904	46.0	0.0
SPIKE	S19:C>A	0	291868	0.0	-1.0	0.0	TRUE	C	2.0270003E-5	6.0	0.03684858	0.999068	19.355398	0.31735376	0.011624939	46.0	1.0
SPIKE	S20:C>G	28	291869	9.593345E-5	85.53779	39.785713	TRUE	C	2.6282483E-5	2.0	0.030547997	0.99879175	39.52754	0.2001835	0.0053297314	46.0	1.0
SPIKE	S20:C>T	17	291869	5.824531E-5	52.424488	39.882355	TRUE	C	4.3901193E-5	76.0	0.023371346	0.99798256	88.68845	0.17263198	0.00871904	46.0	0.0
SPIKE	S20:C>A	0	291869	0.0	-1.0	0.0	TRUE	C	2.0270003E-5	1.0	0.03684858	0.999068	19.355465	0.31735376	0.011624939	46.0	1.0
SPIKE	S21:A>G	12	291869	4.1114334E-5	15.021913	40.0	TRUE	A	1.3913824E-4	258.0	0.020230684	0.9936201	107.372086	0.16065378	0.010116456	46.0	0.0
SPIKE	S21:A>C	10	291869	3.4261946E-5	31.352386	40.0	TRUE	A	2.1384643E-5	25.0	0.017368976	0.99901676	64.35152	0.2540736	0.019492852	46.0	0.0
SPIKE	S21:A>T	0	291869	0.0	-1.0	0.0	TRUE	A	1.2228588E-5	4.0	0.03037408	0.99943763	11.415858	0.32244194	0.008304321	46.0	1.0
SPIKE	S22:A>C	291866	291869	0.99998975	9999.0	39.993477	TRUE	C	5.5045373E-5	1.0	0.017368976	0.9974711	64.35152	0.2540736	0.019492852	46.0	1.0
SPIKE	S22:A>G	0	291869	0.0	-1.0	0.0	TRUE	C	5.7905287E-5	0.0	0.020230684	0.9973399	107.372086	0.16065378	0.010116456	46.0	1.0
SPIKE	S22:A>T	0	291869	0.0	-1.0	0.0	TRUE	C	1.2228588E-5	0.0	0.03037408	0.99943763	11.415858	0.32244194	0.008304321	46.0	1.0
SPIKE	S23:A>G	0	291869	0.0	-1.0	0.0	TRUE	A	5.7905287E-5	0.0	0.020230684	0.9973399	107.372086	0.16065378	0.010116456	46.0	1.0
SPIKE	S23:A>C	0	291869	0.0	-1.0	0.0	TRUE	A	5.5045373E-5	7.0	0.017368976	0.9974711	64.35152	0.2540736	0.019492852	46.0	1.0
SPIKE	S23:A>T	0	291869	0.0	-1.0	0.0	TRUE	A	1.2228588E-5	0.0	0.03037408	0.99943763	11.415858	0.32244194	0.008304321	46.0	1.0
SPIKE	S24:A>G	0	291869	0.0	-1.0	0.0	TRUE	A	5.7905287E-5	1.0	0.020230684	0.9973399	107.372086	0.16065378	0.010116456	46.0	1.0
SPIKE	S24:A>C	0	291869	0.0	-1.0	0.0	TRUE	A	5.5045373E-5	0.0	0.017368976	0.9974711	64.35152	0.2540736	0.019492852	46.0	1.0
SPIKE	S24:A>T	0	291869	0.0	-1.0	0.0	TRUE	A	1.2228588E-5	0.0	0.03037408	0.99943763	11.415858	0.32244194	0.008304321	46.0	1.0
SPIKE	S25:A>G	291866	291869	0.99998975	9999.0	39.993423	TRUE	G	5.7905287E-5	1.0	0.020230684	0.9973399	107.372086	0.16065378	0.010116456	46.0	1.0
SPIKE	S25:A>C	0	291869	0.0	-1.0	0.0	TRUE	G	5.5045373E-5	0.0	0.017368976	0.9974711	64.35152	0.2540736	0.019492852	46.0	1.0
SPIKE	S25:A>T	0	291869	0.0	-1.0	0.0	TRUE	G	1.2228588E-5	1.0	0.03037408	0.99943763	11.415858	0.32244194	0.008304321	46.0	1.0
SPIKE	S26:T>G	1	291869	3.4261946E-6	-1.0	40.0	TRUE	T	7.159401E-6	14.0	0.01863327	0.99967074	64.35152	0.15209162	0.004944302	46.0	0.0
SPIKE	S26:T>C	9	291869	3.0835752E-5	12.2497015	39.333332	TRUE	T	1.1555602E-4	180.0	0.021755325	0.9946985	107.372086	0.19154046	0.009908839	46.0	0.0
SPIKE	S26:T>A	0	291869	0.0	-1.0	0.0	TRUE	T	1.1487293E-5	1.0	0.032711137	0.9994717	11.415858	0.30362737	0.007135369	46.0	1.0
SPIKE	S27:G>A	9	291869	3.0835752E-5	28.342087	40.0	TRUE	G	2.3285456E-5	41.0	0.026852844	0.99892944	88.68845	0.17033753	0.007695724	46.0	0.0
SPIKE	D27-28:G>	1	291869	3.4261946E-6	-1.0	39.97165	TRUE		NaN	NaN	NaN	NaN	NaN	NaN	NaN	NaN	NaN
SPIKE	S27:G>C	0	291869	0.0	-1.0	0.0	TRUE	G	2.605316E-5	0.0	0.027686177	0.99880224	39.52754	0.19785278	0.0058298227	46.0	1.0
SPIKE	S27:G>T	0	291869	0.0	-1.0	0.0	TRUE	G	1.5034305E-5	7.0	0.029003406	0.99930865	19.355465	0.23348017	0.0061280234	46.0	1.0
SPIKE	S28:G>A	11	291869	3.768814E-5	34.362686	38.0	TRUE	G	3.918772E-5	69.0	0.026852844	0.998199	88.68845	0.17033753	0.007695724	46.0	0.0
SPIKE	S28:G>T	2	291869	6.852389E-6	-1.0	39.0	TRUE	G	1.5034305E-5	2.0	0.029003406	0.99930865	19.355465	0.23348017	0.0061280234	46.0	1.0
SPIKE	S28:G>C	0	291869	0.0	-1.0	0.0	TRUE	G	2.605316E-5	1.0	0.027686177	0.99880224	39.52754	0.19785278	0.0058298227	46.0	1.0
SPIKE	S29:G>A	17	291869	5.824531E-5	52.424488	40.0	TRUE	G	3.918772E-5	69.0	0.026852844	0.998199	88.68845	0.17033753	0.007695724	46.0	0.0
SPIKE	S29:G>C	0	291869	0.0	-1.0	0.0	TRUE	G	2.605316E-5	1.0	0.027686177	0.99880224	39.52754	0.19785278	0.0058298227	46.0	1.0
SPIKE	S29:G>T	0	291869	0.0	-1.0	0.0	TRUE	G	1.5034305E-5	1.0	0.029003406	0.99930865	19.355465	0.23348017	0.0061280234	46.0	1.0
SPIKE	S30:A>G	1	291869	3.4261946E-6	0.57991946	40.0	TRUE	A	1.1756642E-4	218.0	0.020230684	0.99460655	107.372086	0.16065378	0.010116456	46.0	0.0
SPIKE	S30:A>C	0	291869	0.0	-1.0	0.0	TRUE	A	9.409243E-6	11.0	0.017368976	0.9995673	64.35152	0.2540736	0.019492852	46.0	0.0
SPIKE	S30:A>T	0	291869	0.0	-1.0	0.0	TRUE	A	1.2228588E-5	0.0	0.03037408	0.99943763	11.415858	0.32244194	0.008304321	46.0	1.0
SPIKE	S31:T>C	1	291869	3.4261946E-6	2.0412	40.0	TRUE	T	7.061756E-5	110.0	0.021755325	0.99675685	107.372086	0.19154046	0.009908839	46.0	0.0
SPIKE	S31:T>A	0	291869	0.0	-1.0	0.0	TRUE	T	1.1487293E-5	1.0	0.032711137	0.9994717	11.415858	0.30362737	0.007135369	46.0	1.0
SPIKE	S31:T>G	0	291869	0.0	-1.0	0.0	TRUE	T	3.290845E-5	2.0	0.01863327	0.99848735	64.35152	0.15209162	0.004944302	46.0	1.0
SPIKE	S32:C>T	5	291869	1.7130973E-5	16.300888	40.0	TRUE	C	2.8304717E-5	49.0	0.023371346	0.99869883	88.68845	0.17263198	0.00871904	46.0	0.0
SPIKE	S32:C>A	4	291869	1.3704778E-5	13.290587	39.75	TRUE	C	2.0270003E-5	1.0	0.03684858	0.999068	19.355465	0.31735376	0.011624939	46.0	1.0
SPIKE	S32:C>G	0	291869	0.0	-1.0	0.0	TRUE	C	2.6282483E-5	0.0	0.030547997	0.99879175	39.52754	0.2001835	0.0053297314	46.0	1.0
SPIKE	S33:C>T	9	291869	3.0835752E-5	28.342087	40.0	TRUE	C	2.7149423E-5	47.0	0.023371346	0.9987519	88.68845	0.17263198	0.00871904	46.0	0.0
SPIKE	S33:C>A	4	291869	1.3704778E-5	13.290587	40.0	TRUE	C	2.0270003E-5	1.0	0.03684858	0.999068	19.355465	0.31735376	0.011624939	46.0	1.0
SPIKE	S33:C>G	0	291869	0.0	-1.0	0.0	TRUE	C	2.6282483E-5	0.0	0.030547997	0.99879175	39.52754	0.2001835	0.0053297314	46.0	1.0
SPIKE	S34:A>C	1	291869	3.4261946E-6	2.0412	40.0	TRUE	A	5.5045373E-5	2.0	0.017368976	0.9974711	64.35152	0.2540736	0.019492852	46.0	1.0
SPIKE	S34:A>G	4	291869	1.3704778E-5	13.290587	40.0	TRUE	A	3.343632E-5	62.0	0.020230684	0.9984631	107.372086	0.16065378	0.010116456	46.0	0.0
SPIKE	S34:A>T	0	291869	0.0	-1.0	0.0	TRUE	A	1.2228588E-5	0.0	0.03037408	0.99943763	11.415858	0.32244194	0.008304321	46.0	1.0
SPIKE	S35:T>C	3	291869	1.0278583E-5	3.748162	40.0	TRUE	T	8.6667016E-5	135.0	0.021755325	0.9960213	107.372086	0.19154046	0.009908839	46.0	0.0
SPIKE	S35:T>A	0	291869	0.0	-1.0	0.0	TRUE	T	1.1487293E-5	4.0	0.032711137	0.9994717	11.415858	0.30362737	0.007135369	46.0	1.0
SPIKE	S35:T>G	0	291869	0.0	-1.0	0.0	TRUE	T	3.290845E-5	9.0	0.01863327	0.99848735	64.35152	0.15209162	0.004944302	46.0	1.0
SPIKE	S36:T>C	4	291869	1.3704778E-5	-1.0	40.0	TRUE	T	9.629668E-6	15.0	0.021755325	0.99955714	107.372086	0.19154046	0.009908839	46.0	0.0
SPIKE	S36:T>A	0	291869	0.0	-1.0	0.0	TRUE	T	1.1487293E-5	0.0	0.032711137	0.9994717	11.415858	0.30362737	0.007135369	46.0	1.0
SPIKE	S36:T>G	0	291869	0.0	-1.0	0.0	TRUE	T	3.290845E-5	0.0	0.01863327	0.99848735	64.35152	0.15209162	0.004944302	46.0	1.0
SPIKE	S37:A>G	3	291869	1.0278583E-5	10.280287	40.0	TRUE	A	4.1525756E-5	77.0	0.020230684	0.99809164	107.372086	0.16065378	0.010116456	46.0	0.0
SPIKE	S37:A>C	0	291869	0.0	-1.0	0.0	TRUE	A	9.9224744E-5	116.0	0.017368976	0.9954461	64.35152	0.2540736	0.019492852	46.0	0.0
SPIKE	S37:A>T	0	291869	0.0	-1.0	0.0	TRUE	A	1.2228588E-5	0.0	0.03037408	0.99943763	11.415858	0.32244194	0.008304321	46.0	1.0
SPIKE	S38:T>C	1	291869	3.4261946E-6	-1.0	40.0	TRUE	T	7.703735E-6	12.0	0.021755325	0.9996457	107.372086	0.19154046	0.009908839	46.0	0.0
SPIKE	S38:T>A	0	291869	0.0	-1.0	0.0	TRUE	T	1.1487293E-5	0.0	0.032711137	0.9994717	11.415858	0.30362737	0.007135369	46.0	1.0
SPIKE	S38:T>G	0	291869	0.0	-1.0	0.0	TRUE	T	3.290845E-5	3.0	0.01863327	0.99848735	64.35152	0.15209162	0.004944302	46.0	1.0
SPIKE	S39:C>T	4	291869	1.3704778E-5	13.290587	40.0	TRUE	C	3.6969428E-5	64.0	0.023371346	0.99830085	88.68845	0.17263198	0.00871904	46.0	0.0
SPIKE	S39:C>A	7	291869	2.3983363E-5	22.321487	39.57143	TRUE	C	2.0270003E-5	2.0	0.03684858	0.999068	19.355465	0.31735376	0.011624939	46.0	1.0
SPIKE	S39:C>G	0	291869	0.0	-1.0	0.0	TRUE	C	2.6282483E-5	0.0	0.030547997	0.99879175	39.52754	0.2001835	0.0053297314	46.0	1.0
SPIKE	S40:G>A	12	291869	4.1114334E-5	28.819815	39.5	TRUE	G	4.997854E-5	88.0	0.026852844	0.9977036	88.68845	0.17033753	0.007695724	46.0	0.0
SPIKE	S40:G>C	0	291869	0.0	-1.0	0.0	TRUE	G	2.605316E-5	0.0	0.027686177	0.99880224	39.52754	0.19785278	0.0058298227	46.0	1.0
SPIKE	S40:G>T	0	291869	0.0	-1.0	0.0	TRUE	G	1.5034305E-5	6.0	0.029003406	0.99930865	19.355465	0.23348017	0.0061280234	46.0	1.0
SPIKE	S41:G>C	1	291869	3.4261946E-6	4.2596874	40.0	TRUE	G	2.605316E-5	2.0	0.027686177	0.99880224	39.52754	0.19785278	0.0058298227	46.0	1.0
SPIKE	S41:G>A	16	291869	5.4819113E-5	49.41419	38.5625	TRUE	G	3.861978E-5	68.0	0.026852844	0.9982251	88.68845	0.17033753	0.007695724	46.0	0.0
SPIKE	S41:G>T	0	291869	0.0	-1.0	0.0	TRUE	G	1.5034305E-5	0.0	0.029003406	0.99930865	19.355465	0.23348017	0.0061280234	46.0	1.0
SPIKE	S42:C>T	15	291869	5.139292E-5	30.383287	39.666668	TRUE	C	8.4336505E-5	146.0	0.023371346	0.996128	88.68845	0.17263198	0.00871904	46.0	0.0
SPIKE	S42:C>A	13	291869	4.454053E-5	40.383286	39.846153	TRUE	C	2.0270003E-5	4.0	0.03684858	0.999068	19.355465	0.31735376	0.011624939	46.0	1.0
SPIKE	S42:C>G	0	291869	0.0	-1.0	0.0	TRUE	C	2.6282483E-5	1.0	0.030547997	0.99879175	39.52754	0.2001835	0.0053297314	46.0	1.0
SPIKE	S43:G>A	22	291869	7.537628E-5	67.47598	39.909092	TRUE	G	3.634803E-5	64.0	0.026852844	0.9983294	88.68845	0.17033753	0.007695724	46.0	0.0
SPIKE	S43:G>C	0	291869	0.0	-1.0	0.0	TRUE	G	2.605316E-5	0.0	0.027686177	0.99880224	39.52754	0.19785278	0.0058298227	46.0	1.0
SPIKE	S43:G>T	0	291869	0.0	-1.0	0.0	TRUE	G	1.5034305E-5	0.0	0.029003406	0.99930865	19.355465	0.23348017	0.0061280234	46.0	1.0
SPIKE	S44:G>A	16	291869	5.4819113E-5	39.792072	40.0	TRUE	G	7.269606E-5	128.0	0.026852844	0.99666154	88.68845	0.17033753	0.007695724	46.0	0.0
SPIKE	S44:G>C	0	291869	0.0	-1.0	0.0	TRUE	G	2.605316E-5	0.0	0.027686177	0.99880224	39.52754	0.19785278	0.0058298227	46.0	1.0
SPIKE	S44:G>T	0	291869	0.0	-1.0	0.0	TRUE	G	1.5034305E-5	1.0	0.029003406	0.99930865	19.355465	0.23348017	0.0061280234	46.0	1.0
SPIKE	S45:C>T	10	291869	3.4261946E-5	31.352386	38.2	TRUE	C	3.2925895E-5	57.0	0.023371346	0.9984866	88.68845	0.17263198	0.00871904	46.0	0.0
SPIKE	S45:C>A	17	291869	5.824531E-5	52.424488	39.882355	TRUE	C	2.0270003E-5	0.0	0.03684858	0.999068	19.355465	0.31735376	0.011624939	46.0	1.0
SPIKE	S45:C>G	0	291869	0.0	-1.0	0.0	TRUE	C	2.6282483E-5	0.0	0.030547997	0.99879175	39.52754	0.2001835	0.0053297314	46.0	1.0
SPIKE	S46:G>A	10	291869	3.4261946E-5	31.352386	39.5	TRUE	G	3.066865E-5	54.0	0.026852844	0.99859023	88.68845	0.17033753	0.007695724	46.0	0.0
SPIKE	S46:G>C	0	291869	0.0	-1.0	0.0	TRUE	G	2.605316E-5	0.0	0.027686177	0.99880224	39.52754	0.19785278	0.0058298227	46.0	1.0
SPIKE	S46:G>T	0	291869	0.0	-1.0	0.0	TRUE	G	1.5034305E-5	1.0	0.029003406	0.99930865	19.355465	0.23348017	0.0061280234	46.0	1.0
SPIKE	S47:A>G	0	291869	0.0	-1.0	0.0	TRUE	A	5.7905287E-5	5.0	0.020230684	0.9973399	107.372086	0.16065378	0.010116456	46.0	1.0
SPIKE	S47:A>C	0	291869	0.0	-1.0	0.0	TRUE	A	5.5045373E-5	1.0	0.017368976	0.9974711	64.35152	0.2540736	0.019492852	46.0	1.0
SPIKE	S47:A>T	0	291869	0.0	-1.0	0.0	TRUE	A	1.2228588E-5	2.0	0.03037408	0.99943763	11.415858	0.32244194	0.008304321	46.0	1.0
SPIKE	S48:A>G	1	291869	3.4261946E-6	4.2596874	40.0	TRUE	A	1.671816E-5	31.0	0.020230684	0.9992313	107.372086	0.16065378	0.010116456	46.0	0.0
SPIKE	S48:A>C	0	291869	0.0	-1.0	0.0	TRUE	A	5.5045373E-5	3.0	0.017368976	0.9974711	64.35152	0.2540736	0.019492852	46.0	1.0
SPIKE	S48:A>T	0	291869	0.0	-1.0	0.0	TRUE	A	1.2228588E-5	0.0	0.03037408	0.99943763	11.415858	0.32244194	0.008304321	46.0	1.0
SPIKE	S49:T>C	4	291869	1.3704778E-5	-1.0	40.0	TRUE	T	1.4123513E-5	22.0	0.021755325	0.99935055	107.372086	0.19154046	0.009908839	46.0	0.0
SPIKE	D49-50:T>	2	291869	6.852389E-6	-1.0	39.913456	TRUE		NaN	NaN	NaN	NaN	NaN	NaN	NaN	NaN	NaN
SPIKE	S49:T>A	0	291869	0.0	-1.0	0.0	TRUE	T	1.1487293E-5	0.0	0.032711137	0.9994717	11.415858	0.30362737	0.007135369	46.0	1.0
SPIKE	S49:T>G	0	291869	0.0	-1.0	0.0	TRUE	T	3.290845E-5	2.0	0.01863327	0.99848735	64.35152	0.15209162	0.004944302	46.0	1.0
SPIKE	S50:T>C	5	291869	1.7130973E-5	-1.0	39.8	TRUE	T	1.219758E-5	19.0	0.021755325	0.99943906	107.372086	0.19154046	0.009908839	46.0	0.0
SPIKE	S50:T>A	0	291869	0.0	-1.0	0.0	TRUE	T	1.1487293E-5	1.0	0.032711137	0.9994717	11.415858	0.30362737	0.007135369	46.0	1.0
SPIKE	S50:T>G	0	291869	0.0	-1.0	0.0	TRUE	T	3.290845E-5	2.0	0.01863327	0.99848735	64.35152	0.15209162	0.004944302	46.0	1.0
SPIKE	S51:T>C	7	291869	2.3983363E-5	-1.0	38.714287	TRUE	T	7.0617566E-6	11.0	0.021755325	0.9996752	107.372086	0.19154046	0.009908839	46.0	0.0
SPIKE	S51:T>A	0	291869	0.0	-1.0	0.0	TRUE	T	1.1487293E-5	8.0	0.032711137	0.9994717	11.415858	0.30362737	0.007135369	46.0	1.0
SPIKE	S51:T>G	0	291869	0.0	-1.0	0.0	TRUE	T	3.290845E-5	0.0	0.01863327	0.99848735	64.35152	0.15209162	0.004944302	46.0	1.0
SPIKE	S52:A>G	5	291870	1.7130915E-5	16.300888	39.8	TRUE	A	3.073974E-5	57.0	0.020230684	0.99858695	107.37246	0.16065378	0.010116456	46.0	0.0
SPIKE	S52:A>C	0	291870	0.0	-1.0	0.0	TRUE	A	6.843062E-5	80.0	0.017368976	0.99685717	64.35174	0.2540736	0.019492852	46.0	0.0
SPIKE	S52:A>T	0	291870	0.0	-1.0	0.0	TRUE	A	1.2228588E-5	1.0	0.03037408	0.99943763	11.415897	0.32244194	0.008304321	46.0	1.0
SPIKE	S53:C>T	13	291870	4.454038E-5	31.537222	39.76923	TRUE	C	4.7944563E-5	83.0	0.023371346	0.99779695	88.68876	0.17263198	0.00871904	46.0	0.0
SPIKE	S53:C>G	1	291870	3.426183E-6	4.2596874	40.0	TRUE	C	2.6282483E-5	0.0	0.030547997	0.99879175	39.52767	0.2001835	0.0053297314	46.0	1.0
SPIKE	S53:C>A	4	291870	1.3704732E-5	13.290587	39.5	TRUE	C	2.0270003E-5	1.0	0.03684858	0.999068	19.355532	0.31735376	0.011624939	46.0	1.0
SPIKE	S54:C>T	13	291871	4.4540226E-5	40.383286	40.0	TRUE	C	3.5813886E-5	62.0	0.023371346	0.9983539	88.689064	0.17263198	0.00871904	46.0	0.0
SPIKE	S54:C>A	7	291871	2.3983199E-5	-1.0	40.0	TRUE	C	1.2566909E-5	12.0	0.03684858	0.9994221	19.355597	0.31735376	0.011624939	46.0	0.0
SPIKE	S54:C>G	0	291871	0.0	-1.0	0.0	TRUE	C	2.6282483E-5	0.0	0.030547997	0.99879175	39.52781	0.2001835	0.0053297314	46.0	1.0
SPIKE	S55:A>T	1	291871	3.4261711E-6	-1.0	40.0	TRUE	A	1.1783044E-5	11.0	0.03037408	0.99945813	11.415936	0.32244194	0.008304321	46.0	0.0
SPIKE	S55:A>C	2	291871	6.8523423E-6	2.2639637	40.0	TRUE	A	8.639337E-5	101.0	0.017368976	0.9960338	64.35196	0.2540736	0.019492852	46.0	0.0
SPIKE	S55:A>G	26	291871	8.908045E-5	41.173767	40.0	TRUE	A	1.785056E-4	331.0	0.020230684	0.99182236	107.372826	0.16065378	0.010116456	46.0	0.0
SPIKE	S56:C>T	7	291871	2.3983199E-5	22.321487	40.0	TRUE	C	4.5633824E-5	79.0	0.023371346	0.99790305	88.689064	0.17263198	0.00871904	46.0	0.0
SPIKE	S56:C>A	4	291871	1.37046845E-5	8.284564	40.0	TRUE	C	5.2362124E-5	50.0	0.03684858	0.99759424	19.355597	0.31735376	0.011624939	46.0	0.0
SPIKE	S56:C>G	0	291871	0.0	-1.0	0.0	TRUE	C	2.6282483E-5	0.0	0.030547997	0.99879175	39.52781	0.2001835	0.0053297314	46.0	1.0
SPIKE	S57:C>T	8	291871	2.7409369E-5	25.331787	40.0	TRUE	C	4.1012678E-5	71.0	0.023371346	0.9981152	88.689064	0.17263198	0.00871904	46.0	0.0
SPIKE	S57:C>A	5	291871	1.7130857E-5	16.300888	40.0	TRUE	C	1.5708638E-5	15.0	0.03684858	0.99927765	19.355597	0.31735376	0.011624939	46.0	0.0
SPIKE	S57:C>G	0	291871	0.0	-1.0	0.0	TRUE	C	2.6282483E-5	0.0	0.030547997	0.99879175	39.52781	0.2001835	0.0053297314	46.0	1.0
SPIKE	S58:A>G	9	291871	3.083554E-5	15.850103	40.0	TRUE	A	7.8197314E-5	145.0	0.020230684	0.99640936	107.372826	0.16065378	0.010116456	46.0	0.0
SPIKE	S58:A>C	0	291871	0.0	-1.0	0.0	TRUE	A	4.7901274E-5	56.0	0.017368976	0.997799	64.35196	0.2540736	0.019492852	46.0	0.0
SPIKE	S58:A>T	0	291871	0.0	-1.0	0.0	TRUE	A	1.0711858E-5	10.0	0.03037408	0.99950737	11.415936	0.32244194	0.008304321	46.0	0.0
SPIKE	S59:T>C	9	291871	3.083554E-5	15.850103	40.0	TRUE	T	8.281458E-5	129.0	0.021755325	0.99619776	107.372826	0.19154046	0.009908839	46.0	0.0
SPIKE	S59:T>A	0	291871	0.0	-1.0	0.0	TRUE	T	5.7356287E-5	57.0	0.032711137	0.9973651	11.415936	0.30362737	0.007135369	46.0	0.0
SPIKE	S59:T>G	0	291871	0.0	-1.0	0.0	TRUE	T	3.290845E-5	3.0	0.01863327	0.99848735	64.35196	0.15209162	0.004944302	46.0	1.0
SPIKE	S60:T>C	4	291871	1.37046845E-5	13.290587	40.0	TRUE	T	3.0172754E-5	47.0	0.021755325	0.998613	107.372826	0.19154046	0.009908839	46.0	0.0
SPIKE	S60:T>A	0	291871	0.0	-1.0	0.0	TRUE	T	1.1487293E-5	0.0	0.032711137	0.9994717	11.415936	0.30362737	0.007135369	46.0	1.0
SPIKE	S60:T>G	0	291871	0.0	-1.0	0.0	TRUE	T	6.6479697E-6	13.0	0.01863327	0.9996942	64.35196	0.15209162	0.004944302	46.0	0.0
SPIKE	S61:G>A	17	291871	5.824491E-5	52.424488	40.0	TRUE	G	3.4643977E-5	61.0	0.026852844	0.99840766	88.689064	0.17033753	0.007695724	46.0	0.0
SPIKE	S61:G>C	0	291871	0.0	-1.0	0.0	TRUE	G	2.605316E-5	0.0	0.027686177	0.99880224	39.52781	0.19785278	0.0058298227	46.0	1.0
SPIKE	S61:G>T	0	291871	0.0	-1.0	0.0	TRUE	G	4.1167325E-5	53.0	0.029003406	0.9981081	19.355597	0.23348017	0.0061280234	46.0	0.0
SPIKE	S62:A>G	1	291871	3.4261711E-6	4.2596874	40.0	TRUE	A	3.9368304E-5	73.0	0.020230684	0.9981907	107.372826	0.16065378	0.010116456	46.0	0.0
SPIKE	D62-63:A>	5	291871	1.7130857E-5	-1.0	40.0	TRUE		NaN	NaN	NaN	NaN	NaN	NaN	NaN	NaN	NaN
SPIKE	S62:A>C	0	291871	0.0	-1.0	0.0	TRUE	A	5.5045373E-5	2.0	0.017368976	0.9974711	64.35196	0.2540736	0.019492852	46.0	1.0
SPIKE	S62:A>T	0	291871	0.0	-1.0	0.0	TRUE	A	1.2228588E-5	9.0	0.03037408	0.99943763	11.415936	0.32244194	0.008304321	46.0	1.0
SPIKE	S63:A>G	2	291871	6.8523423E-6	-1.0	40.0	TRUE	A	8.089377E-6	15.0	0.020230684	0.99962795	107.372826	0.16065378	0.010116456	46.0	0.0
SPIKE	S63:A>C	0	291871	0.0	-1.0	0.0	TRUE	A	5.5045373E-5	2.0	0.017368976	0.9974711	64.35196	0.2540736	0.019492852	46.0	1.0
SPIKE	S63:A>T	0	291871	0.0	-1.0	0.0	TRUE	A	1.2228588E-5	6.0	0.03037408	0.99943763	11.415936	0.32244194	0.008304321	46.0	1.0
SPIKE	S64:A>G	2	291871	6.8523423E-6	3.9120662	40.0	TRUE	A	5.6625642E-5	105.0	0.020230684	0.9973986	107.372826	0.16065378	0.010116456	46.0	0.0
SPIKE	S64:A>C	1	291871	3.4261711E-6	2.0412	40.0	TRUE	A	5.5045373E-5	7.0	0.017368976	0.9974711	64.35196	0.2540736	0.019492852	46.0	1.0
SPIKE	S64:A>T	0	291871	0.0	-1.0	0.0	TRUE	A	1.2228588E-5	2.0	0.03037408	0.99943763	11.415936	0.32244194	0.008304321	46.0	1.0
SPIKE	S65:A>G	18	291871	6.167108E-5	32.319016	40.0	TRUE	A	1.0893695E-4	202.0	0.020230684	0.99500144	107.372826	0.16065378	0.010116456	46.0	0.0
SPIKE	S65:A>C	9	291871	3.083554E-5	15.850103	40.0	TRUE	A	8.895951E-5	104.0	0.017368976	0.99591625	64.35196	0.2540736	0.019492852	46.0	0.0
SPIKE	S65:A>T	0	291871	0.0	-1.0	0.0	TRUE	A	1.2228588E-5	3.0	0.03037408	0.99943763	11.415936	0.32244194	0.008304321	46.0	1.0
SPIKE	S66:C>A	2	291871	6.8523423E-6	7.269987	40.0	TRUE	C	2.4086577E-5	23.0	0.03684858	0.9988926	19.355597	0.31735376	0.011624939	46.0	0.0
SPIKE	S66:C>T	5	291871	1.7130857E-5	16.300888	40.0	TRUE	C	3.8702103E-5	67.0	0.023371346	0.9982213	88.689064	0.17263198	0.00871904	46.0	0.0
SPIKE	S66:C>G	0	291871	0.0	-1.0	0.0	TRUE	C	2.6282483E-5	1.0	0.030547997	0.99879175	39.52781	0.2001835	0.0053297314	46.0	1.0
SPIKE	S67:C>A	5	291871	1.7130857E-5	10.658173	40.0	TRUE	C	6.178731E-5	59.0	0.03684858	0.9971618	19.355597	0.31735376	0.011624939	46.0	0.0
SPIKE	S67:C>T	8	291871	2.7409369E-5	25.331787	40.0	TRUE	C	2.599395E-5	45.0	0.023371346	0.998805	88.689064	0.17263198	0.00871904	46.0	0.0
SPIKE	S67:C>G	0	291871	0.0	-1.0	0.0	TRUE	C	2.6282483E-5	0.0	0.030547997	0.99879175	39.52781	0.2001835	0.0053297314	46.0	1.0
SPIKE	S68:A>G	24	291871	8.222811E-5	36.620285	40.0	TRUE	A	1.7419126E-4	323.0	0.020230684	0.99201924	107.372826	0.16065378	0.010116456	46.0	0.0
SPIKE	S68:A>C	4	291871	1.37046845E-5	13.290587	40.0	TRUE	A	3.3359815E-5	39.0	0.017368976	0.9984666	64.35196	0.2540736	0.019492852	46.0	0.0
SPIKE	S68:A>T	0	291871	0.0	-1.0	0.0	TRUE	A	1.3925415E-5	13.0	0.03037408	0.9993596	11.415936	0.32244194	0.008304321	46.0	0.0
SPIKE	S69:G>A	13	291871	4.4540226E-5	40.383286	40.0	TRUE	G	4.0891253E-5	72.0	0.026852844	0.9981208	88.689064	0.17033753	0.007695724	46.0	0.0
SPIKE	S69:G>C	0	291871	0.0	-1.0	0.0	TRUE	G	4.0205687E-5	61.0	0.027686177	0.99815226	39.52781	0.19785278	0.0058298227	46.0	0.0
SPIKE	S69:G>T	0	291871	0.0	-1.0	0.0	TRUE	G	1.5034305E-5	2.0	0.029003406	0.99930865	19.355597	0.23348017	0.0061280234	46.0	1.0
SPIKE	S70:C>A	14	291871	4.7966398E-5	43.393585	40.0	TRUE	C	2.0270003E-5	1.0	0.03684858	0.999068	19.355597	0.31735376	0.011624939	46.0	1.0
SPIKE	S70:C>T	16	291871	5.4818738E-5	32.922462	40.0	TRUE	C	7.682657E-5	133.0	0.023371346	0.99647224	88.689064	0.17263198	0.00871904	46.0	0.0
SPIKE	S70:C>G	0	291871	0.0	-1.0	0.0	TRUE	C	7.314023E-6	11.0	0.030547997	0.9996636	39.52781	0.2001835	0.0053297314	46.0	0.0
SPIKE	S71:C>A	7	291871	2.3983199E-5	-1.0	40.0	TRUE	C	1.2566909E-5	12.0	0.03684858	0.9994221	19.355597	0.31735376	0.011624939	46.0	0.0
SPIKE	S71:C>T	7	291871	2.3983199E-5	22.321487	40.0	TRUE	C	4.4478536E-5	77.0	0.023371346	0.9979561	88.689064	0.17263198	0.00871904	46.0	0.0
SPIKE	S71:C>G	0	291871	0.0	-1.0	0.0	TRUE	C	3.391047E-5	51.0	0.030547997	0.99844134	39.52781	0.2001835	0.0053297314	46.0	0.0
SPIKE	S72:G>A	31	291871	1.0621131E-4	82.3502	40.0	TRUE	G	6.1904815E-5	109.0	0.026852844	0.99715644	88.689064	0.17033753	0.007695724	46.0	0.0
SPIKE	S72:G>C	1	291871	3.4261711E-6	-1.0	40.0	TRUE	G	7.2502057E-6	11.0	0.027686177	0.9996666	39.52781	0.19785278	0.0058298227	46.0	0.0
SPIKE	S72:G>T	1	291871	3.4261711E-6	4.2596874	40.0	TRUE	G	3.8837097E-5	50.0	0.029003406	0.9982151	19.355597	0.23348017	0.0061280234	46.0	0.0
SPIKE	S73:T>C	22	291871	7.537576E-5	32.171776	40.0	TRUE	T	1.8745626E-4	292.0	0.021755325	0.99141407	107.372826	0.19154046	0.009908839	46.0	0.0
SPIKE	S73:T>A	0	291871	0.0	-1.0	0.0	TRUE	T	1.1487293E-5	1.0	0.032711137	0.9994717	11.415936	0.30362737	0.007135369	46.0	1.0
SPIKE	S73:T>G	0	291871	0.0	-1.0	0.0	TRUE	T	3.579676E-5	70.0	0.01863327	0.99835473	64.35196	0.15209162	0.004944302	46.0	0.0
SPIKE	S74:G>A	9	291871	3.083554E-5	28.342087	40.0	TRUE	G	2.2717362E-5	40.0	0.026852844	0.99895555	88.689064	0.17033753	0.007695724	46.0	0.0
SPIKE	S74:G>C	0	291871	0.0	-1.0	0.0	TRUE	G	6.5910963E-6	10.0	0.027686177	0.99969685	39.52781	0.19785278	0.0058298227	46.0	0.0
SPIKE	S74:G>T	0	291871	0.0	-1.0	0.0	TRUE	G	9.320904E-6	12.0	0.029003406	0.9995713	19.355597	0.23348017	0.0061280234	46.0	0.0
SPIKE	S75:G>A	16	291871	5.4818738E-5	49.41419	40.0	TRUE	G	4.5434725E-5	80.0	0.026852844	0.99791217	88.689064	0.17033753	0.007695724	46.0	0.0
SPIKE	S75:G>C	0	291871	0.0	-1.0	0.0	TRUE	G	2.605316E-5	0.0	0.027686177	0.99880224	39.52781	0.19785278	0.0058298227	46.0	1.0
SPIKE	S75:G>T	0	291871	0.0	-1.0	0.0	TRUE	G	3.8837097E-5	50.0	0.029003406	0.9982151	19.355597	0.23348017	0.0061280234	46.0	0.0
SPIKE	S76:T>G	5	291871	1.7130857E-5	16.300888	40.0	TRUE	T	2.5569114E-5	50.0	0.01863327	0.99882454	64.35196	0.15209162	0.004944302	46.0	0.0
SPIKE	S76:T>C	3	291871	1.0278513E-5	3.748162	40.0	TRUE	T	1.02715756E-4	160.0	0.021755325	0.9952862	107.372826	0.19154046	0.009908839	46.0	0.0
SPIKE	S76:T>A	0	291871	0.0	-1.0	0.0	TRUE	T	1.1487293E-5	3.0	0.032711137	0.9994717	11.415936	0.30362737	0.007135369	46.0	1.0
SPIKE	S77:T>C	2	291871	6.8523423E-6	7.269987	40.0	TRUE	T	1.9259205E-5	30.0	0.021755325	0.99911445	107.372826	0.19154046	0.009908839	46.0	0.0
SPIKE	S77:T>A	0	291871	0.0	-1.0	0.0	TRUE	T	1.1487293E-5	0.0	0.032711137	0.9994717	11.415936	0.30362737	0.007135369	46.0	1.0
SPIKE	S77:T>G	0	291871	0.0	-1.0	0.0	TRUE	T	5.1138227E-6	10.0	0.01863327	0.9997648	64.35196	0.15209162	0.004944302	46.0	0.0
SPIKE	S78:T>C	5	291871	1.7130857E-5	-1.0	40.0	TRUE	T	6.4197347E-6	10.0	0.021755325	0.9997047	107.372826	0.19154046	0.009908839	46.0	0.0
SPIKE	S78:T>A	0	291871	0.0	-1.0	0.0	TRUE	T	1.1487293E-5	1.0	0.032711137	0.9994717	11.415936	0.30362737	0.007135369	46.0	1.0
SPIKE	S78:T>G	0	291871	0.0	-1.0	0.0	TRUE	T	3.426261E-5	67.0	0.01863327	0.9984252	64.35196	0.15209162	0.004944302	46.0	0.0
SPIKE	S79:G>A	10	291871	3.4261713E-5	31.352386	40.0	TRUE	G	3.0668438E-5	54.0	0.026852844	0.99859023	88.689064	0.17033753	0.007695724	46.0	0.0
SPIKE	S79:G>C	0	291871	0.0	-1.0	0.0	TRUE	G	3.888747E-5	59.0	0.027686177	0.99821275	39.52781	0.19785278	0.0058298227	46.0	0.0
SPIKE	S79:G>T	0	291871	0.0	-1.0	0.0	TRUE	G	9.320904E-6	12.0	0.029003406	0.9995713	19.355597	0.23348017	0.0061280234	46.0	0.0
SPIKE	S80:C>A	11	291871	3.768788E-5	34.362686	40.0	TRUE	C	2.0270003E-5	3.0	0.03684858	0.999068	19.355597	0.31735376	0.011624939	46.0	1.0
SPIKE	S80:C>T	25	291871	8.5654276E-5	56.63544	40.0	TRUE	C	1.0339816E-4	179.0	0.023371346	0.995255	88.689064	0.17263198	0.00871904	46.0	0.0
SPIKE	S80:C>G	0	291871	0.0	-1.0	0.0	TRUE	C	3.9229762E-5	59.0	0.030547997	0.9981971	39.52781	0.2001835	0.0053297314	46.0	0.0
SPIKE	S81:G>A	24	291871	8.222811E-5	73.49659	40.0	TRUE	G	4.4298857E-5	78.0	0.026852844	0.9979643	88.689064	0.17033753	0.007695724	46.0	0.0
SPIKE	S81:G>C	0	291871	0.0	-1.0	0.0	TRUE	G	2.605316E-5	2.0	0.027686177	0.99880224	39.52781	0.19785278	0.0058298227	46.0	1.0
SPIKE	S81:G>T	0	291871	0.0	-1.0	0.0	TRUE	G	9.320904E-6	12.0	0.029003406	0.9995713	19.355597	0.23348017	0.0061280234	46.0	0.0
SPIKE	S82:G>A	22	291871	7.537576E-5	56.62427	40.0	TRUE	G	6.417655E-5	113.0	0.026852844	0.99705225	88.689064	0.17033753	0.007695724	46.0	0.0
SPIKE	S82:G>C	0	291871	0.0	-1.0	0.0	TRUE	G	3.691014E-5	56.0	0.027686177	0.9983036	39.52781	0.19785278	0.0058298227	46.0	0.0
SPIKE	S82:G>T	0	291871	0.0	-1.0	0.0	TRUE	G	1.5034305E-5	1.0	0.029003406	0.99930865	19.355597	0.23348017	0.0061280234	46.0	1.0
SPIKE	S83:C>G	1	291871	3.4261711E-6	4.2596874	40.0	TRUE	C	3.856485E-5	58.0	0.030547997	0.9982276	39.52781	0.2001835	0.0053297314	46.0	0.0
SPIKE	S83:C>A	24	291871	8.222811E-5	73.49659	40.0	TRUE	C	2.0270003E-5	4.0	0.03684858	0.999068	19.355597	0.31735376	0.011624939	46.0	1.0
SPIKE	S83:C>T	12	291871	4.1114054E-5	28.819815	40.0	TRUE	C	5.19879E-5	90.0	0.023371346	0.9976114	88.689064	0.17263198	0.00871904	46.0	0.0
SPIKE	S84:G>A	14	291871	4.7966398E-5	34.27314	40.0	TRUE	G	7.212762E-5	127.0	0.026852844	0.99668765	88.689064	0.17033753	0.007695724	46.0	0.0
SPIKE	S84:G>C	0	291871	0.0	-1.0	0.0	TRUE	G	2.605316E-5	1.0	0.027686177	0.99880224	39.52781	0.19785278	0.0058298227	46.0	1.0
SPIKE	S84:G>T	0	291871	0.0	-1.0	0.0	TRUE	G	1.5034305E-5	2.0	0.029003406	0.99930865	19.355597	0.23348017	0.0061280234	46.0	1.0
SPIKE	S85:A>G	1	291871	3.4261711E-6	4.2596874	40.0	TRUE	A	1.6178754E-5	30.0	0.020230684	0.9992561	107.372826	0.16065378	0.010116456	46.0	0.0
SPIKE	S85:A>C	0	291871	0.0	-1.0	0.0	TRUE	A	5.5045373E-5	0.0	0.017368976	0.9974711	64.35196	0.2540736	0.019492852	46.0	1.0
SPIKE	S85:A>T	0	291871	0.0	-1.0	0.0	TRUE	A	6.105759E-5	57.0	0.03037408	0.9971953	11.415936	0.32244194	0.008304321	46.0	0.0
SPIKE	S86:T>C	2	291871	6.8523423E-6	7.269987	39.0	TRUE	T	4.3012224E-5	67.0	0.021755325	0.9980234	107.372826	0.19154046	0.009908839	46.0	0.0
SPIKE	S86:T>A	0	291871	0.0	-1.0	0.0	TRUE	T	1.1487293E-5	3.0	0.032711137	0.9994717	11.415936	0.30362737	0.007135369	46.0	1.0
SPIKE	S86:T>G	0	291871	0.0	-1.0	0.0	TRUE	T	3.290845E-5	8.0	0.01863327	0.99848735	64.35196	0.15209162	0.004944302	46.0	1.0
SPIKE	S87:T>C	3	291870	1.0278549E-5	10.280287	39.333332	TRUE	T	2.1185197E-5	33.0	0.021755325	0.99902594	107.37246	0.19154046	0.009908839	46.0	0.0
SPIKE	S87:T>A	0	291870	0.0	-1.0	0.0	TRUE	T	1.1487293E-5	2.0	0.032711137	0.9994717	11.415897	0.30362737	0.007135369	46.0	1.0
SPIKE	S87:T>G	0	291870	0.0	-1.0	0.0	TRUE	T	1.0227681E-5	20.0	0.01863327	0.99952966	64.35174	0.15209162	0.004944302	46.0	0.0
SPIKE	S88:T>C	6	291870	2.0557098E-5	-1.0	39.666668	TRUE	T	1.2839513E-5	20.0	0.021755325	0.99940956	107.37246	0.19154046	0.009908839	46.0	0.0
SPIKE	S88:T>A	0	291870	0.0	-1.0	0.0	TRUE	T	1.1068795E-5	11.0	0.032711137	0.999491	11.415897	0.30362737	0.007135369	46.0	0.0
SPIKE	S88:T>G	0	291870	0.0	-1.0	0.0	TRUE	T	3.290845E-5	0.0	0.01863327	0.99848735	64.35174	0.15209162	0.004944302	46.0	1.0
SPIKE	S89:A>G	1	291870	3.426183E-6	4.2596874	40.0	TRUE	A	1.8875278E-5	35.0	0.020230684	0.9991321	107.37246	0.16065378	0.010116456	46.0	0.0
SPIKE	S89:A>C	0	291870	0.0	-1.0	0.0	TRUE	A	5.5045373E-5	0.0	0.017368976	0.9974711	64.35174	0.2540736	0.019492852	46.0	1.0
SPIKE	S89:A>T	0	291870	0.0	-1.0	0.0	TRUE	A	1.1783084E-5	11.0	0.03037408	0.99945813	11.415897	0.32244194	0.008304321	46.0	0.0
SPIKE	S90:T>C	4	291870	1.3704732E-5	13.290587	39.5	TRUE	T	2.1827173E-5	34.0	0.021755325	0.99899644	107.37246	0.19154046	0.009908839	46.0	0.0
SPIKE	S90:T>A	0	291870	0.0	-1.0	0.0	TRUE	T	1.1487293E-5	2.0	0.032711137	0.9994717	11.415897	0.30362737	0.007135369	46.0	1.0
SPIKE	S90:T>G	0	291870	0.0	-1.0	0.0	TRUE	T	3.290845E-5	4.0	0.01863327	0.99848735	64.35174	0.15209162	0.004944302	46.0	1.0
SPIKE	S91:C>A	14	291870	4.796656E-5	43.393585	39.857143	TRUE	C	2.0270003E-5	0.0	0.03684858	0.999068	19.355532	0.31735376	0.011624939	46.0	1.0
SPIKE	S91:C>T	5	291870	1.7130915E-5	16.300888	40.0	TRUE	C	3.812459E-5	66.0	0.023371346	0.9982478	88.68876	0.17263198	0.00871904	46.0	0.0
SPIKE	S91:C>G	0	291870	0.0	-1.0	0.0	TRUE	C	2.6282483E-5	1.0	0.030547997	0.99879175	39.52767	0.2001835	0.0053297314	46.0	1.0
SPIKE	S92:G>A	18	291870	6.167129E-5	45.363	39.555557	TRUE	G	6.1905026E-5	109.0	0.026852844	0.99715644	88.68876	0.17033753	0.007695724	46.0	0.0
SPIKE	S92:G>C	0	291870	0.0	-1.0	0.0	TRUE	G	2.605316E-5	0.0	0.027686177	0.99880224	39.52767	0.19785278	0.0058298227	46.0	1.0
SPIKE	S92:G>T	0	291870	0.0	-1.0	0.0	TRUE	G	1.5034305E-5	0.0	0.029003406	0.99930865	19.355532	0.23348017	0.0061280234	46.0	1.0
SPIKE	S93:T>C	5	291870	1.7130915E-5	7.3154635	38.4	TRUE	T	8.9876594E-5	140.0	0.021755325	0.9958742	107.37246	0.19154046	0.009908839	46.0	0.0
SPIKE	S93:T>A	0	291870	0.0	-1.0	0.0	TRUE	T	1.1487293E-5	5.0	0.032711137	0.9994717	11.415897	0.30362737	0.007135369	46.0	1.0
SPIKE	S93:T>G	0	291870	0.0	-1.0	0.0	TRUE	T	3.290845E-5	4.0	0.01863327	0.99848735	64.35174	0.15209162	0.004944302	46.0	1.0
SPIKE	S94:C>A	15	291870	5.1392744E-5	46.403885	39.466667	TRUE	C	2.0270003E-5	2.0	0.03684858	0.999068	19.355532	0.31735376	0.011624939	46.0	1.0
SPIKE	S94:C>T	7	291870	2.398328E-5	22.321487	39.0	TRUE	C	3.581401E-5	62.0	0.023371346	0.9983539	88.68876	0.17263198	0.00871904	46.0	0.0
SPIKE	S94:C>G	0	291870	0.0	-1.0	0.0	TRUE	C	2.6282483E-5	0.0	0.030547997	0.99879175	39.52767	0.2001835	0.0053297314	46.0	1.0
SPIKE	D95-97:GT>	1	291870	3.426183E-6	-1.0	39.91549	TRUE		NaN	NaN	NaN	NaN	NaN	NaN	NaN	NaN	NaN
SPIKE	S95:G>A	12	291870	4.1114195E-5	28.819815	39.166668	TRUE	G	6.30409E-5	111.0	0.026852844	0.99710435	88.68876	0.17033753	0.007695724	46.0	0.0
SPIKE	S95:G>C	0	291870	0.0	-1.0	0.0	TRUE	G	2.605316E-5	0.0	0.027686177	0.99880224	39.52767	0.19785278	0.0058298227	46.0	1.0
SPIKE	S95:G>T	0	291870	0.0	-1.0	0.0	TRUE	G	1.5034305E-5	0.0	0.029003406	0.99930865	19.355532	0.23348017	0.0061280234	46.0	1.0
SPIKE	S96:T>C	6	291870	2.0557098E-5	6.718435	39.333332	TRUE	T	1.1234574E-4	175.0	0.021755325	0.99484545	107.37246	0.19154046	0.009908839	46.0	0.0
SPIKE	S96:T>A	0	291870	0.0	-1.0	0.0	TRUE	T	1.1487293E-5	4.0	0.032711137	0.9994717	11.415897	0.30362737	0.007135369	46.0	1.0
SPIKE	S96:T>G	0	291870	0.0	-1.0	0.0	TRUE	T	5.1138404E-6	10.0	0.01863327	0.9997648	64.35174	0.15209162	0.004944302	46.0	0.0
SPIKE	S97:C>T	1	291870	3.426183E-6	4.2596874	40.0	TRUE	C	1.9062296E-5	33.0	0.023371346	0.9991235	88.68876	0.17263198	0.00871904	46.0	0.0
SPIKE	S97:C>A	7	291870	2.398328E-5	22.321487	39.714287	TRUE	C	2.0270003E-5	1.0	0.03684858	0.999068	19.355532	0.31735376	0.011624939	46.0	1.0
SPIKE	S97:C>G	0	291870	0.0	-1.0	0.0	TRUE	C	2.6282483E-5	0.0	0.030547997	0.99879175	39.52767	0.2001835	0.0053297314	46.0	1.0
SPIKE	S98:A>G	6	291870	2.0557098E-5	19.311188	39.5	TRUE	A	4.3682787E-5	81.0	0.020230684	0.99799263	107.37246	0.16065378	0.010116456	46.0	0.0
SPIKE	I98:>GTC	1	291870	3.426183E-6	-1.0	39.93061	TRUE		NaN	NaN	NaN	NaN	NaN	NaN	NaN	NaN	NaN
SPIKE	D98-101:ATC>	1	291870	3.426183E-6	-1.0	39.93061	TRUE		NaN	NaN	NaN	NaN	NaN	NaN	NaN	NaN	NaN
SPIKE	S98:A>C	0	291870	0.0	-1.0	0.0	TRUE	A	5.5045373E-5	4.0	0.017368976	0.9974711	64.35174	0.2540736	0.019492852	46.0	1.0
SPIKE	S98:A>T	0	291870	0.0	-1.0	0.0	TRUE	A	1.2228588E-5	0.0	0.03037408	0.99943763	11.415897	0.32244194	0.008304321	46.0	1.0
SPIKE	S99:T>C	4	291870	1.3704732E-5	13.290587	40.0	TRUE	T	2.4395076E-5	38.0	0.021755325	0.9988785	107.37246	0.19154046	0.009908839	46.0	0.0
SPIKE	S99:T>A	0	291870	0.0	-1.0	0.0	TRUE	T	1.1487293E-5	1.0	0.032711137	0.9994717	11.415897	0.30362737	0.007135369	46.0	1.0
SPIKE	S99:T>G	0	291870	0.0	-1.0	0.0	TRUE	T	3.290845E-5	3.0	0.01863327	0.99848735	64.35174	0.15209162	0.004944302	46.0	1.0
SPIKE	S100:C>T	17	291870	5.824511E-5	42.57172	39.17647	TRUE	C	5.834218E-5	101.0	0.023371346	0.9973199	88.68876	0.17263198	0.00871904	46.0	0.0
SPIKE	S100:C>A	12	291870	4.1114195E-5	37.372986	39.333332	TRUE	C	2.0270003E-5	0.0	0.03684858	0.999068	19.355532	0.31735376	0.011624939	46.0	1.0
SPIKE	S100:C>G	1	291870	3.426183E-6	4.2596874	40.0	TRUE	C	2.6282483E-5	0.0	0.030547997	0.99879175	39.52767	0.2001835	0.0053297314	46.0	1.0
SPIKE	S101:G>C	1	291870	3.426183E-6	4.2596874	40.0	TRUE	G	2.605316E-5	0.0	0.027686177	0.99880224	39.52767	0.19785278	0.0058298227	46.0	1.0
SPIKE	S101:G>T	1	291870	3.426183E-6	-1.0	40.0	TRUE	G	1.5034305E-5	2.0	0.029003406	0.99930865	19.355532	0.23348017	0.0061280234	46.0	1.0
SPIKE	S101:G>A	13	291870	4.454038E-5	40.383286	39.615383	TRUE	G	4.543488E-5	80.0	0.026852844	0.99791217	88.68876	0.17033753	0.007695724	46.0	0.0
SPIKE	S102:T>C	12	291870	4.1114195E-5	22.940357	39.333332	TRUE	T	7.63951E-5	119.0	0.021755325	0.99649197	107.37246	0.19154046	0.009908839	46.0	0.0
SPIKE	S102:T>A	0	291870	0.0	-1.0	0.0	TRUE	T	1.1487293E-5	2.0	0.032711137	0.9994717	11.415897	0.30362737	0.007135369	46.0	1.0
SPIKE	S102:T>G	0	291870	0.0	-1.0	0.0	TRUE	T	3.290845E-5	4.0	0.01863327	0.99848735	64.35174	0.15209162	0.004944302	46.0	1.0
SPIKE	S103:G>A	12	291870	4.1114195E-5	37.372986	40.0	TRUE	G	2.3285376E-5	41.0	0.026852844	0.99892944	88.68876	0.17033753	0.007695724	46.0	0.0
SPIKE	S103:G>C	0	291870	0.0	-1.0	0.0	TRUE	G	2.605316E-5	1.0	0.027686177	0.99880224	39.52767	0.19785278	0.0058298227	46.0	1.0
SPIKE	S103:G>T	0	291870	0.0	-1.0	0.0	TRUE	G	1.5034305E-5	0.0	0.029003406	0.99930865	19.355532	0.23348017	0.0061280234	46.0	1.0
SPIKE	S104:G>A	10	291870	3.426183E-5	23.451881	39.2	TRUE	G	5.5089793E-5	97.0	0.026852844	0.99746907	88.68876	0.17033753	0.007695724	46.0	0.0
SPIKE	S104:G>C	0	291870	0.0	-1.0	0.0	TRUE	G	2.605316E-5	0.0	0.027686177	0.99880224	39.52767	0.19785278	0.0058298227	46.0	1.0
SPIKE	S104:G>T	0	291870	0.0	-1.0	0.0	TRUE	G	1.5034305E-5	2.0	0.029003406	0.99930865	19.355532	0.23348017	0.0061280234	46.0	1.0
SPIKE	S105:C>T	10	291870	3.426183E-5	23.451881	36.1	TRUE	C	6.180805E-5	107.0	0.023371346	0.99716085	88.68876	0.17263198	0.00871904	46.0	0.0
SPIKE	S105:C>A	12	291870	4.1114195E-5	37.372986	39.833332	TRUE	C	2.0270003E-5	5.0	0.03684858	0.999068	19.355532	0.31735376	0.011624939	46.0	1.0
SPIKE	S105:C>G	0	291870	0.0	-1.0	0.0	TRUE	C	2.6282483E-5	3.0	0.030547997	0.99879175	39.52767	0.2001835	0.0053297314	46.0	1.0
SPIKE	S106:G>A	14	291870	4.796656E-5	34.27314	39.714287	TRUE	G	6.47447E-5	114.0	0.026852844	0.99702615	88.68876	0.17033753	0.007695724	46.0	0.0
SPIKE	S106:G>C	0	291870	0.0	-1.0	0.0	TRUE	G	2.605316E-5	0.0	0.027686177	0.99880224	39.52767	0.19785278	0.0058298227	46.0	1.0
SPIKE	S106:G>T	0	291870	0.0	-1.0	0.0	TRUE	G	1.5034305E-5	3.0	0.029003406	0.99930865	19.355532	0.23348017	0.0061280234	46.0	1.0
SPIKE	S107:G>C	1	291870	3.426183E-6	4.2596874	40.0	TRUE	G	2.605316E-5	1.0	0.027686177	0.99880224	39.52767	0.19785278	0.0058298227	46.0	1.0
SPIKE	S107:G>A	22	291870	7.5376025E-5	48.59232	39.454544	TRUE	G	9.086976E-5	160.0	0.026852844	0.9958287	88.68876	0.17033753	0.007695724	46.0	0.0
SPIKE	S107:G>T	0	291870	0.0	-1.0	0.0	TRUE	G	1.5034305E-5	0.0	0.029003406	0.99930865	19.355532	0.23348017	0.0061280234	46.0	1.0
SPIKE	S108:C>T	9	291870	3.0835647E-5	20.808811	39.77778	TRUE	C	5.1410432E-5	89.0	0.023371346	0.9976379	88.68876	0.17263198	0.00871904	46.0	0.0
SPIKE	S108:C>A	11	291870	3.7688013E-5	34.362686	39.727272	TRUE	C	2.0270003E-5	1.0	0.03684858	0.999068	19.355532	0.31735376	0.011624939	46.0	1.0
SPIKE	S108:C>G	0	291870	0.0	-1.0	0.0	TRUE	C	2.6282483E-5	0.0	0.030547997	0.99879175	39.52767	0.2001835	0.0053297314	46.0	1.0
SPIKE	S109:A>G	6	291870	2.0557098E-5	19.311188	40.0	TRUE	A	2.372892E-5	44.0	0.020230684	0.99890906	107.37246	0.16065378	0.010116456	46.0	0.0
SPIKE	S109:A>C	0	291870	0.0	-1.0	0.0	TRUE	A	5.5045373E-5	0.0	0.017368976	0.9974711	64.35174	0.2540736	0.019492852	46.0	1.0
SPIKE	S109:A>T	0	291870	0.0	-1.0	0.0	TRUE	A	1.2228588E-5	1.0	0.03037408	0.99943763	11.415897	0.32244194	0.008304321	46.0	1.0
SPIKE	S110:G>A	11	291870	3.7688013E-5	34.362686	39.363636	TRUE	G	4.3731074E-5	77.0	0.026852844	0.99799037	88.68876	0.17033753	0.007695724	46.0	0.0
SPIKE	S110:G>C	0	291870	0.0	-1.0	0.0	TRUE	G	2.605316E-5	0.0	0.027686177	0.99880224	39.52767	0.19785278	0.0058298227	46.0	1.0
SPIKE	S110:G>T	0	291870	0.0	-1.0	0.0	TRUE	G	1.5034305E-5	0.0	0.029003406	0.99930865	19.355532	0.23348017	0.0061280234	46.0	1.0
SPIKE	S111:C>T	17	291870	5.824511E-5	42.57172	39.64706	TRUE	C	5.9497466E-5	103.0	0.023371346	0.9972668	88.68876	0.17263198	0.00871904	46.0	0.0
SPIKE	S111:C>A	15	291870	5.1392744E-5	46.403885	39.733334	TRUE	C	2.0270003E-5	0.0	0.03684858	0.999068	19.355532	0.31735376	0.011624939	46.0	1.0
SPIKE	S111:C>G	0	291870	0.0	-1.0	0.0	TRUE	C	2.6282483E-5	0.0	0.030547997	0.99879175	39.52767	0.2001835	0.0053297314	46.0	1.0
SPIKE	S112:G>A	9	291869	3.0835752E-5	28.342087	39.555557	TRUE	G	3.123659E-5	55.0	0.026852844	0.9985641	88.68845	0.17033753	0.007695724	46.0	0.0
SPIKE	S112:G>C	0	291869	0.0	-1.0	0.0	TRUE	G	2.605316E-5	0.0	0.027686177	0.99880224	39.52754	0.19785278	0.0058298227	46.0	1.0
SPIKE	S112:G>T	0	291869	0.0	-1.0	0.0	TRUE	G	1.5034305E-5	0.0	0.029003406	0.99930865	19.355465	0.23348017	0.0061280234	46.0	1.0
SPIKE	S113:T>C	12	291869	4.1114334E-5	22.940357	39.25	TRUE	T	8.98769E-5	140.0	0.021755325	0.9958742	107.372086	0.19154046	0.009908839	46.0	0.0
SPIKE	S113:T>A	0	291869	0.0	-1.0	0.0	TRUE	T	1.1487293E-5	1.0	0.032711137	0.9994717	11.415858	0.30362737	0.007135369	46.0	1.0
SPIKE	S113:T>G	0	291869	0.0	-1.0	0.0	TRUE	T	5.625244E-6	11.0	0.01863327	0.99974126	64.35152	0.15209162	0.004944302	46.0	0.0
SPIKE	S114:G>A	11	291869	3.768814E-5	34.362686	39.454544	TRUE	G	1.7606077E-5	31.0	0.026852844	0.99919045	88.68845	0.17033753	0.007695724	46.0	0.0
SPIKE	S114:G>C	0	291869	0.0	-1.0	0.0	TRUE	G	2.605316E-5	0.0	0.027686177	0.99880224	39.52754	0.19785278	0.0058298227	46.0	1.0
SPIKE	S114:G>T	0	291869	0.0	-1.0	0.0	TRUE	G	1.5034305E-5	0.0	0.029003406	0.99930865	19.355465	0.23348017	0.0061280234	46.0	1.0
SPIKE	S115:A>G	17	291869	5.824531E-5	35.485752	39.764706	TRUE	A	9.2758826E-5	172.0	0.020230684	0.9957422	107.372086	0.16065378	0.010116456	46.0	0.0
SPIKE	S115:A>C	0	291869	0.0	-1.0	0.0	TRUE	A	5.5045373E-5	3.0	0.017368976	0.9974711	64.35152	0.2540736	0.019492852	46.0	1.0
SPIKE	S115:A>T	0	291869	0.0	-1.0	0.0	TRUE	A	1.2228588E-5	2.0	0.03037408	0.99943763	11.415858	0.32244194	0.008304321	46.0	1.0
SPIKE	S116:C>T	4	291869	1.3704778E-5	13.290587	39.0	TRUE	C	2.4261186E-5	42.0	0.023371346	0.9988846	88.68845	0.17263198	0.00871904	46.0	0.0
SPIKE	S116:C>A	4	291869	1.3704778E-5	13.290587	39.5	TRUE	C	2.0270003E-5	2.0	0.03684858	0.999068	19.355465	0.31735376	0.011624939	46.0	1.0
SPIKE	S116:C>G	0	291869	0.0	-1.0	0.0	TRUE	C	2.6282483E-5	0.0	0.030547997	0.99879175	39.52754	0.2001835	0.0053297314	46.0	1.0
SPIKE	S117:C>T	6	291869	2.0557167E-5	19.311188	39.5	TRUE	C	3.0615305E-5	53.0	0.023371346	0.9985927	88.68845	0.17263198	0.00871904	46.0	0.0
SPIKE	S117:C>A	7	291869	2.3983363E-5	22.321487	39.57143	TRUE	C	2.0270003E-5	4.0	0.03684858	0.999068	19.355465	0.31735376	0.011624939	46.0	1.0
SPIKE	S117:C>G	0	291869	0.0	-1.0	0.0	TRUE	C	2.6282483E-5	0.0	0.030547997	0.99879175	39.52754	0.2001835	0.0053297314	46.0	1.0
SPIKE	S118:T>C	2	291869	6.852389E-6	2.2639637	38.0	TRUE	T	8.1531194E-5	127.0	0.021755325	0.9962566	107.372086	0.19154046	0.009908839	46.0	0.0
SPIKE	S118:T>A	1	291869	3.4261946E-6	-1.0	40.0	TRUE	T	1.0062576E-5	10.0	0.032711137	0.9995372	11.415858	0.30362737	0.007135369	46.0	0.0
SPIKE	S118:T>G	0	291869	0.0	-1.0	0.0	TRUE	T	3.290845E-5	6.0	0.01863327	0.99848735	64.35152	0.15209162	0.004944302	46.0	1.0
SPIKE	S119:A>G	8	291869	2.7409556E-5	18.199682	39.25	TRUE	A	5.878321E-5	109.0	0.020230684	0.9972996	107.372086	0.16065378	0.010116456	46.0	0.0
SPIKE	S119:A>C	0	291869	0.0	-1.0	0.0	TRUE	A	5.5045373E-5	5.0	0.017368976	0.9974711	64.35152	0.2540736	0.019492852	46.0	1.0
SPIKE	S119:A>T	0	291869	0.0	-1.0	0.0	TRUE	A	1.2228588E-5	1.0	0.03037408	0.99943763	11.415858	0.32244194	0.008304321	46.0	1.0
SPIKE	S120:T>C	4	291869	1.3704778E-5	13.290587	40.0	TRUE	T	4.1728563E-5	65.0	0.021755325	0.99808234	107.372086	0.19154046	0.009908839	46.0	0.0
SPIKE	S120:T>A	0	291869	0.0	-1.0	0.0	TRUE	T	1.1487293E-5	1.0	0.032711137	0.9994717	11.415858	0.30362737	0.007135369	46.0	1.0
SPIKE	S120:T>G	0	291869	0.0	-1.0	0.0	TRUE	T	3.290845E-5	5.0	0.01863327	0.99848735	64.35152	0.15209162	0.004944302	46.0	1.0
SPIKE	S121:G>A	14	291869	4.7966725E-5	43.393585	38.785713	TRUE	G	3.5212153E-5	62.0	0.026852844	0.99838156	88.68845	0.17033753	0.007695724	46.0	0.0
SPIKE	S121:G>C	0	291869	0.0	-1.0	0.0	TRUE	G	2.605316E-5	0.0	0.027686177	0.99880224	39.52754	0.19785278	0.0058298227	46.0	1.0
SPIKE	S121:G>T	0	291869	0.0	-1.0	0.0	TRUE	G	1.5034305E-5	2.0	0.029003406	0.99930865	19.355465	0.23348017	0.0061280234	46.0	1.0
SPIKE	S122:T>C	9	291869	3.0835752E-5	9.52325	39.77778	TRUE	T	1.5214876E-4	237.0	0.021755325	0.9930256	107.372086	0.19154046	0.009908839	46.0	0.0
SPIKE	S122:T>A	0	291869	0.0	-1.0	0.0	TRUE	T	1.1487293E-5	0.0	0.032711137	0.9994717	11.415858	0.30362737	0.007135369	46.0	1.0
SPIKE	S122:T>G	0	291869	0.0	-1.0	0.0	TRUE	T	5.1138577E-6	10.0	0.01863327	0.9997648	64.35152	0.15209162	0.004944302	46.0	0.0
SPIKE	S123:G>A	20	291869	6.852389E-5	61.455387	39.75	TRUE	G	2.3853394E-5	42.0	0.026852844	0.99890333	88.68845	0.17033753	0.007695724	46.0	0.0
SPIKE	S123:G>C	0	291869	0.0	-1.0	0.0	TRUE	G	2.605316E-5	0.0	0.027686177	0.99880224	39.52754	0.19785278	0.0058298227	46.0	1.0
SPIKE	S123:G>T	0	291869	0.0	-1.0	0.0	TRUE	G	1.5034305E-5	0.0	0.029003406	0.99930865	19.355465	0.23348017	0.0061280234	46.0	1.0
SPIKE	D124-126:TG>	1	291869	3.4261946E-6	-1.0	39.79864	TRUE		NaN	NaN	NaN	NaN	NaN	NaN	NaN	NaN	NaN
SPIKE	S124:T>C	3	291869	1.0278583E-5	2.3797824	38.666668	TRUE	T	1.2004987E-4	187.0	0.021755325	0.99449295	107.372086	0.19154046	0.009908839	46.0	0.0
SPIKE	S124:T>A	0	291869	0.0	-1.0	0.0	TRUE	T	1.1487293E-5	1.0	0.032711137	0.9994717	11.415858	0.30362737	0.007135369	46.0	1.0
SPIKE	S124:T>G	0	291869	0.0	-1.0	0.0	TRUE	T	3.290845E-5	3.0	0.01863327	0.99848735	64.35152	0.15209162	0.004944302	46.0	1.0
SPIKE	S125:G>C	1	291869	3.4261946E-6	4.2596874	40.0	TRUE	G	2.605316E-5	0.0	0.027686177	0.99880224	39.52754	0.19785278	0.0058298227	46.0	1.0
SPIKE	S125:G>A	10	291869	3.4261946E-5	31.352386	39.7	TRUE	G	3.7483904E-5	66.0	0.026852844	0.99827725	88.68845	0.17033753	0.007695724	46.0	0.0
SPIKE	S125:G>T	0	291869	0.0	-1.0	0.0	TRUE	G	1.5034305E-5	3.0	0.029003406	0.99930865	19.355465	0.23348017	0.0061280234	46.0	1.0
SPIKE	S126:C>T	13	291869	4.454053E-5	31.537222	34.76923	TRUE	C	5.8342375E-5	101.0	0.023371346	0.9973199	88.68845	0.17263198	0.00871904	46.0	0.0
SPIKE	S126:C>G	1	291869	3.4261946E-6	4.2596874	37.0	TRUE	C	1.8617642E-5	28.0	0.030547997	0.99914396	39.52754	0.2001835	0.0053297314	46.0	0.0
SPIKE	S126:C>A	10	291869	3.4261946E-5	31.352386	39.8	TRUE	C	2.0270003E-5	2.0	0.03684858	0.999068	19.355465	0.31735376	0.011624939	46.0	1.0
SPIKE	S127:G>A	8	291869	2.7409556E-5	25.331787	39.5	TRUE	G	3.0100711E-5	53.0	0.026852844	0.99861634	88.68845	0.17033753	0.007695724	46.0	0.0
SPIKE	S127:G>C	0	291869	0.0	-1.0	0.0	TRUE	G	1.3841397E-5	21.0	0.027686177	0.9993635	39.52754	0.19785278	0.0058298227	46.0	0.0
SPIKE	S127:G>T	0	291869	0.0	-1.0	0.0	TRUE	G	1.5034305E-5	2.0	0.029003406	0.99930865	19.355465	0.23348017	0.0061280234	46.0	1.0
SPIKE	S128:G>A	11	291869	3.768814E-5	26.1236	39.727272	TRUE	G	4.8274727E-5	85.0	0.026852844	0.9977818	88.68845	0.17033753	0.007695724	46.0	0.0
SPIKE	S128:G>C	0	291869	0.0	-1.0	0.0	TRUE	G	2.605316E-5	0.0	0.027686177	0.99880224	39.52754	0.19785278	0.0058298227	46.0	1.0
SPIKE	S128:G>T	0	291869	0.0	-1.0	0.0	TRUE	G	1.5034305E-5	4.0	0.029003406	0.99930865	19.355465	0.23348017	0.0061280234	46.0	1.0
SPIKE	S129:C>A	16	291869	5.4819113E-5	49.41419	39.3125	TRUE	C	2.0270003E-5	1.0	0.03684858	0.999068	19.355465	0.31735376	0.011624939	46.0	1.0
SPIKE	S129:C>T	9	291869	3.0835752E-5	20.808811	34.333332	TRUE	C	5.4876495E-5	95.0	0.023371346	0.99747884	88.68845	0.17263198	0.00871904	46.0	0.0
SPIKE	S129:C>G	0	291869	0.0	-1.0	0.0	TRUE	C	1.6622895E-5	25.0	0.030547997	0.99923563	39.52754	0.2001835	0.0053297314	46.0	0.0
SPIKE	S130:G>A	8	291869	2.7409556E-5	25.331787	39.625	TRUE	G	4.0323594E-5	71.0	0.026852844	0.99814683	88.68845	0.17033753	0.007695724	46.0	0.0
SPIKE	S130:G>C	0	291869	0.0	-1.0	0.0	TRUE	G	1.3841397E-5	21.0	0.027686177	0.9993635	39.52754	0.19785278	0.0058298227	46.0	0.0
SPIKE	S130:G>T	0	291869	0.0	-1.0	0.0	TRUE	G	1.5034305E-5	2.0	0.029003406	0.99930865	19.355465	0.23348017	0.0061280234	46.0	1.0
SPIKE	S131:G>A	16	291869	5.4819113E-5	32.922462	39.5	TRUE	G	7.837544E-5	138.0	0.026852844	0.99640125	88.68845	0.17033753	0.007695724	46.0	0.0
SPIKE	S131:G>C	0	291869	0.0	-1.0	0.0	TRUE	G	2.605316E-5	0.0	0.027686177	0.99880224	39.52754	0.19785278	0.0058298227	46.0	1.0
SPIKE	S131:G>T	0	291869	0.0	-1.0	0.0	TRUE	G	1.5034305E-5	0.0	0.029003406	0.99930865	19.355465	0.23348017	0.0061280234	46.0	1.0
SPIKE	S132:C>A	8	291869	2.7409556E-5	25.331787	39.375	TRUE	C	2.0270003E-5	1.0	0.03684858	0.999068	19.355465	0.31735376	0.011624939	46.0	1.0
SPIKE	S132:C>T	17	291869	5.824531E-5	42.57172	39.0	TRUE	C	5.545414E-5	96.0	0.023371346	0.9974524	88.68845	0.17263198	0.00871904	46.0	0.0
SPIKE	S132:C>G	0	291869	0.0	-1.0	0.0	TRUE	C	1.3963231E-5	21.0	0.030547997	0.9993579	39.52754	0.2001835	0.0053297314	46.0	0.0
SPIKE	S133:A>G	0	291869	0.0	-1.0	0.0	TRUE	A	5.7905287E-5	1.0	0.020230684	0.9973399	107.372086	0.16065378	0.010116456	46.0	1.0
SPIKE	S133:A>C	0	291869	0.0	-1.0	0.0	TRUE	A	1.9673873E-5	23.0	0.017368976	0.99909544	64.35152	0.2540736	0.019492852	46.0	0.0
SPIKE	S133:A>T	0	291869	0.0	-1.0	0.0	TRUE	A	1.2228588E-5	0.0	0.03037408	0.99943763	11.415858	0.32244194	0.008304321	46.0	1.0
SPIKE	S134:G>A	0	291869	0.0	-1.0	0.0	TRUE	G	1.9877829E-5	35.0	0.026852844	0.999086	88.68845	0.17033753	0.007695724	46.0	0.0
SPIKE	S134:G>C	0	291869	0.0	-1.0	0.0	TRUE	G	1.581874E-5	24.0	0.027686177	0.9992726	39.52754	0.19785278	0.0058298227	46.0	0.0
SPIKE	S134:G>T	0	291869	0.0	-1.0	0.0	TRUE	G	1.5034305E-5	2.0	0.029003406	0.99930865	19.355465	0.23348017	0.0061280234	46.0	1.0
SPIKE	S135:C>A	0	291869	0.0	-1.0	0.0	TRUE	C	2.0270003E-5	0.0	0.03684858	0.999068	19.355465	0.31735376	0.011624939	46.0	1.0
SPIKE	S135:C>G	0	291869	0.0	-1.0	0.0	TRUE	C	2.6282483E-5	3.0	0.030547997	0.99879175	39.52754	0.2001835	0.0053297314	46.0	1.0
SPIKE	S135:C>T	0	291869	0.0	-1.0	0.0	TRUE	C	3.3503544E-5	58.0	0.023371346	0.99846	88.68845	0.17263198	0.00871904	46.0	0.0
SPIKE	S136:C>A	0	291869	0.0	-1.0	0.0	TRUE	C	2.0270003E-5	2.0	0.03684858	0.999068	19.355465	0.31735376	0.011624939	46.0	1.0
SPIKE	S136:C>G	0	291869	0.0	-1.0	0.0	TRUE	C	1.3963231E-5	21.0	0.030547997	0.9993579	39.52754	0.2001835	0.0053297314	46.0	0.0
SPIKE	S136:C>T	0	291869	0.0	-1.0	0.0	TRUE	C	2.8882365E-5	50.0	0.023371346	0.9986723	88.68845	0.17263198	0.00871904	46.0	0.0
SPIKE	S137:T>A	0	291869	0.0	-1.0	0.0	TRUE	T	2.1131409E-5	21.0	0.032711137	0.99902844	11.415858	0.30362737	0.007135369	46.0	0.0
SPIKE	S137:T>G	0	291869	0.0	-1.0	0.0	TRUE	T	1.07391015E-5	21.0	0.01863327	0.9995061	64.35152	0.15209162	0.004944302	46.0	0.0
SPIKE	S137:T>C	0	291869	0.0	-1.0	0.0	TRUE	T	6.893051E-5	4.0	0.021755325	0.9968342	107.372086	0.19154046	0.009908839	46.0	1.0
SPIKE	S138:G>A	0	291869	0.0	-1.0	0.0	TRUE	G	3.4076278E-5	60.0	0.026852844	0.9984337	88.68845	0.17033753	0.007695724	46.0	0.0
SPIKE	S138:G>C	0	291869	0.0	-1.0	0.0	TRUE	G	2.605316E-5	0.0	0.027686177	0.99880224	39.52754	0.19785278	0.0058298227	46.0	1.0
SPIKE	S138:G>T	0	291869	0.0	-1.0	0.0	TRUE	G	2.563266E-5	33.0	0.029003406	0.9988216	19.355465	0.23348017	0.0061280234	46.0	0.0
SPIKE	S139:A>G	0	291869	0.0	-1.0	0.0	TRUE	A	8.089432E-6	15.0	0.020230684	0.99962795	107.372086	0.16065378	0.010116456	46.0	0.0
SPIKE	S139:A>C	0	291869	0.0	-1.0	0.0	TRUE	A	5.5045373E-5	0.0	0.017368976	0.9974711	64.35152	0.2540736	0.019492852	46.0	1.0
SPIKE	S139:A>T	0	291869	0.0	-1.0	0.0	TRUE	A	1.242584E-4	116.0	0.03037408	0.9943004	11.415858	0.32244194	0.008304321	46.0	0.0
SPIKE	S140:T>A	0	291869	0.0	-1.0	0.0	TRUE	T	4.930662E-5	49.0	0.032711137	0.9977345	11.415858	0.30362737	0.007135369	46.0	0.0
SPIKE	S140:T>G	0	291869	0.0	-1.0	0.0	TRUE	T	6.1366295E-6	12.0	0.01863327	0.9997178	64.35152	0.15209162	0.004944302	46.0	0.0
SPIKE	S140:T>C	0	291869	0.0	-1.0	0.0	TRUE	T	6.893051E-5	4.0	0.021755325	0.9968342	107.372086	0.19154046	0.009908839	46.0	1.0
SPIKE	S141:T>A	0	291869	0.0	-1.0	0.0	TRUE	T	1.8112636E-4	180.0	0.032711137	0.9917028	11.415858	0.30362737	0.007135369	46.0	0.0
SPIKE	S141:T>G	0	291869	0.0	-1.0	0.0	TRUE	T	1.9944046E-5	39.0	0.01863327	0.999083	64.35152	0.15209162	0.004944302	46.0	0.0
SPIKE	S141:T>C	0	291869	0.0	-1.0	0.0	TRUE	T	8.98769E-6	14.0	0.021755325	0.99958664	107.372086	0.19154046	0.009908839	46.0	0.0
SPIKE	S142:A>G	0	291869	0.0	-1.0	0.0	TRUE	A	1.5369922E-4	285.0	0.020230684	0.9929548	107.372086	0.16065378	0.010116456	46.0	0.0
SPIKE	S142:A>C	0	291869	0.0	-1.0	0.0	TRUE	A	4.2769287E-5	50.0	0.017368976	0.99803454	64.35152	0.2540736	0.019492852	46.0	0.0
SPIKE	S142:A>T	0	291869	0.0	-1.0	0.0	TRUE	A	4.4990113E-5	42.0	0.03037408	0.9979326	11.415858	0.32244194	0.008304321	46.0	0.0
SPIKE	S143:G>A	0	291869	0.0	-1.0	0.0	TRUE	G	3.1804524E-5	56.0	0.026852844	0.9985381	88.68845	0.17033753	0.007695724	46.0	0.0
SPIKE	S143:G>C	0	291869	0.0	-1.0	0.0	TRUE	G	3.4669405E-4	526.0	0.027686177	0.98417854	39.52754	0.19785278	0.0058298227	46.0	0.0
SPIKE	S143:G>T	0	291869	0.0	-1.0	0.0	TRUE	G	1.5034305E-5	5.0	0.029003406	0.99930865	19.355465	0.23348017	0.0061280234	46.0	1.0
SPIKE	S144:C>A	0	291869	0.0	-1.0	0.0	TRUE	C	2.0270003E-5	1.0	0.03684858	0.999068	19.355465	0.31735376	0.011624939	46.0	1.0
SPIKE	S144:C>G	0	291869	0.0	-1.0	0.0	TRUE	C	4.6544104E-5	70.0	0.030547997	0.99786127	39.52754	0.2001835	0.0053297314	46.0	0.0
SPIKE	S144:C>T	0	291869	0.0	-1.0	0.0	TRUE	C	1.4441182E-5	25.0	0.023371346	0.99933594	88.68845	0.17263198	0.00871904	46.0	0.0
SPIKE	S145:C>A	0	291869	0.0	-1.0	0.0	TRUE	C	2.0270003E-5	0.0	0.03684858	0.999068	19.355465	0.31735376	0.011624939	46.0	1.0
SPIKE	S145:C>G	0	291869	0.0	-1.0	0.0	TRUE	C	4.8538852E-5	73.0	0.030547997	0.9977697	39.52754	0.2001835	0.0053297314	46.0	0.0
SPIKE	S145:C>T	0	291869	0.0	-1.0	0.0	TRUE	C	3.5814133E-5	62.0	0.023371346	0.9983539	88.68845	0.17263198	0.00871904	46.0	0.0
SPIKE	S146:C>A	0	291869	0.0	-1.0	0.0	TRUE	C	2.0270003E-5	1.0	0.03684858	0.999068	19.355465	0.31735376	0.011624939	46.0	1.0
SPIKE	S146:C>G	0	291869	0.0	-1.0	0.0	TRUE	C	4.847236E-4	729.0	0.030547997	0.97794944	39.52754	0.2001835	0.0053297314	46.0	0.0
SPIKE	S146:C>T	0	291869	0.0	-1.0	0.0	TRUE	C	5.8920024E-5	102.0	0.023371346	0.99729335	88.68845	0.17263198	0.00871904	46.0	0.0
SPIKE	S147:G>A	0	291869	0.0	-1.0	0.0	TRUE	G	1.2494635E-5	22.0	0.026852844	0.9994254	88.68845	0.17033753	0.007695724	46.0	0.0
SPIKE	S147:G>C	0	291869	0.0	-1.0	0.0	TRUE	G	8.766218E-5	133.0	0.027686177	0.9959757	39.52754	0.19785278	0.0058298227	46.0	0.0
SPIKE	S147:G>T	0	291869	0.0	-1.0	0.0	TRUE	G	5.864442E-4	755.0	0.029003406	0.9733842	19.355465	0.23348017	0.0061280234	46.0	0.0
SPIKE	S148:T>A	0	291869	0.0	-1.0	0.0	TRUE	T	1.1487293E-5	1.0	0.032711137	0.9994717	11.415858	0.30362737	0.007135369	46.0	1.0
SPIKE	S148:T>G	0	291869	0.0	-1.0	0.0	TRUE	T	7.665673E-4	1499.0	0.01863327	0.96535236	64.35152	0.15209162	0.004944302	46.0	0.0
SPIKE	S148:T>C	0	291869	0.0	-1.0	0.0	TRUE	T	5.5210097E-5	86.0	0.021755325	0.9974636	107.372086	0.19154046	0.009908839	46.0	0.0
SPIKE	S149:G>A	0	291869	0.0	-1.0	0.0	TRUE	G	1.0790821E-5	19.0	0.026852844	0.99950373	88.68845	0.17033753	0.007695724	46.0	0.0
SPIKE	S149:G>C	0	291869	0.0	-1.0	0.0	TRUE	G	5.391554E-4	818.0	0.027686177	0.97550386	39.52754	0.19785278	0.0058298227	46.0	0.0
SPIKE	S149:G>T	0	291869	0.0	-1.0	0.0	TRUE	G	2.0739152E-4	267.0	0.029003406	0.99050534	19.355465	0.23348017	0.0061280234	46.0	0.0
SPIKE	S150:C>A	0	291866	0.0	-1.0	0.0	TRUE	C	2.0270003E-5	0.0	0.03684858	0.999068	19.355267	0.31735376	0.011624939	46.0	1.0
SPIKE	S150:C>G	0	291866	0.0	-1.0	0.0	TRUE	C	2.6463918E-4	398.0	0.030547997	0.9879004	39.52713	0.2001835	0.0053297314	46.0	0.0
SPIKE	S150:C>T	0	291866	0.0	-1.0	0.0	TRUE	C	6.31375E-4	1093.0	0.023371346	0.97137445	88.687546	0.17263198	0.00871904	46.0	0.0
SPIKE	S151:T>A	0	291856	0.0	-1.0	0.0	TRUE	T	1.1487293E-5	0.0	0.032711137	0.9994717	11.415349	0.30362737	0.007135369	46.0	1.0
SPIKE	S151:T>G	0	291856	0.0	-1.0	0.0	TRUE	T	8.463812E-4	1655.0	0.01863327	0.96181464	64.348656	0.15209162	0.004944302	46.0	0.0
SPIKE	S151:T>C	0	291856	0.0	-1.0	0.0	TRUE	T	1.1684518E-4	182.0	0.021755325	0.9946395	107.36731	0.19154046	0.009908839	46.0	0.0
SPIKE	S152:G>A	0	291818	0.0	-1.0	0.0	TRUE	G	1.5337004E-5	27.0	0.026852844	0.99929476	88.67296	0.17033753	0.007695724	46.0	0.0
SPIKE	S152:G>C	0	291818	0.0	-1.0	0.0	TRUE	G	2.605316E-5	4.0	0.027686177	0.99880224	39.52063	0.19785278	0.0058298227	46.0	1.0
SPIKE	S152:G>T	0	291818	0.0	-1.0	0.0	TRUE	G	1.2663193E-4	163.0	0.029003406	0.9941919	19.352083	0.23348017	0.0061280234	46.0	0.0
SPIKE	S153:G>A	0	291592	0.0	-1.0	0.0	TRUE	G	9.095639E-6	16.0	0.026852844	0.9995817	88.60429	0.17033753	0.007695724	46.0	0.0
SPIKE	S153:G>C	0	291592	0.0	-1.0	0.0	TRUE	G	2.605316E-5	2.0	0.027686177	0.99880224	39.490025	0.19785278	0.0058298227	46.0	1.0
SPIKE	S153:G>T	0	291592	0.0	-1.0	0.0	TRUE	G	1.5034305E-5	3.0	0.029003406	0.99930865	19.337095	0.23348017	0.0061280234	46.0	1.0
