#pipeline_block
reference	mutation	count	coverage	freq	score	cqs	has.reference	ancestral.allele	error.rate	minor.count.local	minor.fdr	minor.recall	minor.count.global	read.fraction.in.minors	q.filtered.read.fraction	mig.size	global.est
SPIKE	S0:T>A	0	57111	0.0	-1.0	0.0	TRUE	T	1.2298468E-4	27.0	7.470757E-5	0.99742067	11.188566	0.26015937	0.0071483064	21.0	0.0
SPIKE	S0:T>G	0	57111	0.0	-1.0	0.0	TRUE	T	4.194539E-5	11.0	3.7482805E-5	0.9991195	42.910603	0.21778482	0.0070778676	21.0	0.0
SPIKE	S0:T>C	0	57111	0.0	-1.0	0.0	TRUE	T	8.450266E-5	9.0	1.0141415E-4	0.998227	19.577213	0.24653767	0.008943834	21.0	1.0
SPIKE	S1:A>G	0	57141	0.0	-1.0	0.0	TRUE	A	1.0938431E-4	24.0	1.5629808E-4	0.9977056	19.587498	0.26047108	0.008535533	21.0	0.0
SPIKE	S1:A>C	0	57141	0.0	-1.0	0.0	TRUE	A	4.0843818E-4	90.0	1.0237421E-4	0.9914595	42.933144	0.25934395	0.01910434	21.0	0.0
SPIKE	S1:A>T	0	57141	0.0	-1.0	0.0	TRUE	A	2.0348071E-4	42.0	5.881781E-5	0.995736	11.194444	0.2768518	0.0069149514	21.0	0.0
SPIKE	S2:G>A	0	57190	0.0	-1.0	0.0	TRUE	G	1.7240958E-4	39.0	1.4259877E-4	0.99638593	36.41551	0.25285923	0.009320905	21.0	0.0
SPIKE	S2:G>C	0	57190	0.0	-1.0	0.0	TRUE	G	6.2926956E-5	16.0	5.3405052E-5	0.9986794	42.524033	0.22493654	0.0076381853	21.0	0.0
SPIKE	S2:G>T	0	57190	0.0	-1.0	0.0	TRUE	G	9.5798234E-5	8.0	6.270106E-5	0.99799025	23.196852	0.23619777	0.008075154	21.0	1.0
SPIKE	S3:C>A	0	57238	0.0	-1.0	0.0	TRUE	C	1.05869156E-4	7.0	1.5403809E-4	0.9977792	23.21632	0.26105225	0.008057421	21.0	1.0
SPIKE	S3:C>G	0	57238	0.0	-1.0	0.0	TRUE	C	1.7236835E-4	45.0	6.531493E-5	0.9963868	42.559723	0.2192592	0.0075786216	21.0	0.0
SPIKE	S3:C>T	0	57238	0.0	-1.0	0.0	TRUE	C	8.607346E-5	23.0	1.0353737E-4	0.9981941	36.44607	0.21422534	0.010895454	21.0	0.0
SPIKE	S4:G>A	6	57260	1.0478519E-4	19.311188	39.333332	TRUE	G	1.059685E-4	24.0	1.4259877E-4	0.99777716	36.46008	0.25285923	0.009320905	21.0	0.0
SPIKE	S4:G>C	1	57260	1.74642E-5	4.2596874	40.0	TRUE	G	1.2570005E-4	32.0	5.3405052E-5	0.9973638	42.576084	0.22493654	0.0076381853	21.0	0.0
SPIKE	S4:G>T	0	57260	0.0	-1.0	0.0	TRUE	G	6.187119E-5	15.0	6.270106E-5	0.9987016	23.225245	0.23619777	0.008075154	21.0	0.0
SPIKE	S5:T>C	3	57266	5.2387106E-5	10.280287	40.0	TRUE	T	8.450266E-5	9.0	1.0141415E-4	0.998227	19.630346	0.24653767	0.008943834	21.0	1.0
SPIKE	S5:T>A	0	57266	0.0	-1.0	0.0	TRUE	T	5.0963787E-5	1.0	7.470757E-5	0.99893034	11.218932	0.26015937	0.0071483064	21.0	1.0
SPIKE	S5:T>G	0	57266	0.0	-1.0	0.0	TRUE	T	1.5591875E-4	41.0	3.7482805E-5	0.99673104	43.02706	0.21778482	0.0070778676	21.0	0.0
SPIKE	S6:G>A	6	57278	1.0475226E-4	19.311188	38.0	TRUE	G	1.0152123E-4	23.0	1.4259877E-4	0.9978703	36.471542	0.25285923	0.009320905	21.0	0.0
SPIKE	S6:G>C	1	57278	1.745871E-5	4.2596874	40.0	TRUE	G	1.6724424E-4	0.0	5.3405052E-5	0.99649405	42.589466	0.22493654	0.0076381853	21.0	1.0
SPIKE	S6:G>T	0	57278	0.0	-1.0	0.0	TRUE	G	1.0720969E-4	26.0	6.270106E-5	0.9977511	23.232546	0.23619777	0.008075154	21.0	0.0
SPIKE	S7:A>C	3	57288	5.2366988E-5	10.280287	40.0	TRUE	A	9.958426E-5	22.0	1.0237421E-4	0.9979109	43.04359	0.25934395	0.01910434	21.0	0.0
SPIKE	D7-8:A>	57	57288	9.949728E-4	-1.0	39.89455	TRUE		NaN	NaN	NaN	NaN	NaN	NaN	NaN	NaN	NaN
SPIKE	I7:>A	1	57288	1.7455663E-5	-1.0	39.89455	TRUE		NaN	NaN	NaN	NaN	NaN	NaN	NaN	NaN	NaN
SPIKE	S7:A>G	0	57288	0.0	-1.0	0.0	TRUE	A	1.2274158E-4	27.0	1.5629808E-4	0.99742573	19.637888	0.26047108	0.008535533	21.0	0.0
SPIKE	S7:A>T	0	57288	0.0	-1.0	0.0	TRUE	A	5.4234602E-5	3.0	5.881781E-5	0.99886173	11.223242	0.2768518	0.0069149514	21.0	1.0
SPIKE	S8:A>C	1	57289	1.7455359E-5	4.2596874	40.0	TRUE	A	1.9483927E-4	3.0	1.0237421E-4	0.9959167	43.044342	0.25934395	0.01910434	21.0	1.0
SPIKE	S8:A>G	0	57289	0.0	-1.0	0.0	TRUE	A	5.0004957E-5	11.0	1.5629808E-4	0.9989504	19.638231	0.26047108	0.008535533	21.0	0.0
SPIKE	S8:A>T	0	57289	0.0	-1.0	0.0	TRUE	A	5.4234602E-5	1.0	5.881781E-5	0.99886173	11.223438	0.2768518	0.0069149514	21.0	1.0
SPIKE	D9-11:GA>	5	57290	8.7275264E-5	-1.0	39.96544	TRUE		NaN	NaN	NaN	NaN	NaN	NaN	NaN	NaN	NaN
SPIKE	S9:G>A	7	57290	1.2218537E-4	22.321487	39.42857	TRUE	G	8.8260844E-5	20.0	1.4259877E-4	0.99814826	36.479183	0.25285923	0.009320905	21.0	0.0
SPIKE	S9:G>C	1	57290	1.7455053E-5	4.2596874	40.0	TRUE	G	1.6724424E-4	0.0	5.3405052E-5	0.99649405	42.59839	0.22493654	0.0076381853	21.0	1.0
SPIKE	S9:G>T	1	57290	1.7455053E-5	4.2596874	40.0	TRUE	G	9.5798234E-5	1.0	6.270106E-5	0.99799025	23.237413	0.23619777	0.008075154	21.0	1.0
SPIKE	D9-10:G>	19	57290	3.31646E-4	-1.0	39.96544	TRUE		NaN	NaN	NaN	NaN	NaN	NaN	NaN	NaN	NaN
SPIKE	S10:A>C	3	57290	5.2365158E-5	10.280287	40.0	TRUE	A	1.9483927E-4	4.0	1.0237421E-4	0.9959167	43.045094	0.25934395	0.01910434	21.0	1.0
SPIKE	D10-11:A>	15	57290	2.618258E-4	-1.0	39.966522	TRUE		NaN	NaN	NaN	NaN	NaN	NaN	NaN	NaN	NaN
SPIKE	D10-12:AC>	1	57290	1.7455053E-5	-1.0	39.966522	TRUE		NaN	NaN	NaN	NaN	NaN	NaN	NaN	NaN	NaN
SPIKE	S10:A>G	0	57290	0.0	-1.0	0.0	TRUE	A	6.8187386E-5	15.0	1.5629808E-4	0.9985691	19.638575	0.26047108	0.008535533	21.0	0.0
SPIKE	S10:A>T	0	57290	0.0	-1.0	0.0	TRUE	A	5.4234602E-5	0.0	5.881781E-5	0.99886173	11.223634	0.2768518	0.0069149514	21.0	1.0
SPIKE	S11:C>A	1	57290	1.7455053E-5	4.2596874	40.0	TRUE	C	1.05869156E-4	8.0	1.5403809E-4	0.9977792	23.237413	0.26105225	0.008057421	21.0	1.0
SPIKE	D11-12:C>	7	57290	1.2218537E-4	-1.0	39.926987	TRUE		NaN	NaN	NaN	NaN	NaN	NaN	NaN	NaN	NaN
SPIKE	S11:C>G	0	57290	0.0	-1.0	0.0	TRUE	C	1.630211E-4	2.0	6.531493E-5	0.9965824	42.59839	0.2192592	0.0075786216	21.0	1.0
SPIKE	S11:C>T	0	57290	0.0	-1.0	0.0	TRUE	C	1.3639302E-4	5.0	1.0353737E-4	0.9971399	36.479183	0.21422534	0.010895454	21.0	1.0
SPIKE	S12:G>A	8	57290	1.3964043E-4	-1.0	40.0	TRUE	G	5.2956504E-5	12.0	1.4259877E-4	0.99888855	36.479183	0.25285923	0.009320905	21.0	0.0
SPIKE	S12:G>T	1	57290	1.7455053E-5	4.2596874	40.0	TRUE	G	9.5798234E-5	2.0	6.270106E-5	0.99799025	23.237413	0.23619777	0.008075154	21.0	1.0
SPIKE	D12-13:G>	8	57290	1.3964043E-4	-1.0	39.958282	TRUE		NaN	NaN	NaN	NaN	NaN	NaN	NaN	NaN	NaN
SPIKE	S12:G>C	0	57290	0.0	-1.0	0.0	TRUE	G	1.6724424E-4	7.0	5.3405052E-5	0.99649405	42.59839	0.22493654	0.0076381853	21.0	1.0
SPIKE	D13-14:A>	10	57290	1.7455053E-4	-1.0	39.95837	TRUE		NaN	NaN	NaN	NaN	NaN	NaN	NaN	NaN	NaN
SPIKE	S13:A>G	0	57290	0.0	-1.0	0.0	TRUE	A	8.927354E-5	9.0	1.5629808E-4	0.998127	19.638575	0.26047108	0.008535533	21.0	1.0
SPIKE	S13:A>C	0	57290	0.0	-1.0	0.0	TRUE	A	1.9483927E-4	1.0	1.0237421E-4	0.9959167	43.045094	0.25934395	0.01910434	21.0	1.0
SPIKE	S13:A>T	0	57290	0.0	-1.0	0.0	TRUE	A	5.4234602E-5	0.0	5.881781E-5	0.99886173	11.223634	0.2768518	0.0069149514	21.0	1.0
SPIKE	D14-15:C>	2	57290	3.4910106E-5	-1.0	39.96584	TRUE		NaN	NaN	NaN	NaN	NaN	NaN	NaN	NaN	NaN
SPIKE	S14:C>A	0	57290	0.0	-1.0	0.0	TRUE	C	1.05869156E-4	3.0	1.5403809E-4	0.9977792	23.237413	0.26105225	0.008057421	21.0	1.0
SPIKE	S14:C>G	0	57290	0.0	-1.0	0.0	TRUE	C	1.630211E-4	1.0	6.531493E-5	0.9965824	42.59839	0.2192592	0.0075786216	21.0	1.0
SPIKE	S14:C>T	0	57290	0.0	-1.0	0.0	TRUE	C	1.3639302E-4	8.0	1.0353737E-4	0.9971399	36.479183	0.21422534	0.010895454	21.0	1.0
SPIKE	S15:A>C	2	57290	3.4910106E-5	7.269987	40.0	TRUE	A	1.9483927E-4	2.0	1.0237421E-4	0.9959167	43.045094	0.25934395	0.01910434	21.0	1.0
SPIKE	D15-16:A>	2	57290	3.4910106E-5	-1.0	39.96563	TRUE		NaN	NaN	NaN	NaN	NaN	NaN	NaN	NaN	NaN
SPIKE	S15:A>G	0	57290	0.0	-1.0	0.0	TRUE	A	8.927354E-5	3.0	1.5629808E-4	0.998127	19.638575	0.26047108	0.008535533	21.0	1.0
SPIKE	S15:A>T	0	57290	0.0	-1.0	0.0	TRUE	A	5.4234602E-5	0.0	5.881781E-5	0.99886173	11.223634	0.2768518	0.0069149514	21.0	1.0
SPIKE	S16:G>A	8	57290	1.3964043E-4	25.331787	38.875	TRUE	G	1.6098417E-4	4.0	1.4259877E-4	0.99662507	36.479183	0.25285923	0.009320905	21.0	1.0
SPIKE	S16:G>T	1	57290	1.7455053E-5	4.2596874	40.0	TRUE	G	9.5798234E-5	1.0	6.270106E-5	0.99799025	23.237413	0.23619777	0.008075154	21.0	1.0
SPIKE	S16:G>C	0	57290	0.0	-1.0	0.0	TRUE	G	1.6724424E-4	0.0	5.3405052E-5	0.99649405	42.59839	0.22493654	0.0076381853	21.0	1.0
SPIKE	S17:A>G	0	57290	0.0	-1.0	0.0	TRUE	A	8.927354E-5	1.0	1.5629808E-4	0.998127	19.638575	0.26047108	0.008535533	21.0	1.0
SPIKE	S17:A>C	0	57290	0.0	-1.0	0.0	TRUE	A	1.9483927E-4	0.0	1.0237421E-4	0.9959167	43.045094	0.25934395	0.01910434	21.0	1.0
SPIKE	S17:A>T	0	57290	0.0	-1.0	0.0	TRUE	A	5.4234602E-5	0.0	5.881781E-5	0.99886173	11.223634	0.2768518	0.0069149514	21.0	1.0
SPIKE	S18:A>C	1	57290	1.7455053E-5	4.2596874	40.0	TRUE	A	1.9483927E-4	1.0	1.0237421E-4	0.9959167	43.045094	0.25934395	0.01910434	21.0	1.0
SPIKE	S18:A>G	0	57290	0.0	-1.0	0.0	TRUE	A	8.927354E-5	1.0	1.5629808E-4	0.998127	19.638575	0.26047108	0.008535533	21.0	1.0
SPIKE	S18:A>T	0	57290	0.0	-1.0	0.0	TRUE	A	5.4234602E-5	0.0	5.881781E-5	0.99886173	11.223634	0.2768518	0.0069149514	21.0	1.0
SPIKE	S19:C>T	1	57290	1.7455053E-5	4.2596874	40.0	TRUE	C	1.3639302E-4	1.0	1.0353737E-4	0.9971399	36.479183	0.21422534	0.010895454	21.0	1.0
SPIKE	S19:C>A	0	57290	0.0	-1.0	0.0	TRUE	C	1.05869156E-4	4.0	1.5403809E-4	0.9977792	23.237413	0.26105225	0.008057421	21.0	1.0
SPIKE	S19:C>G	0	57290	0.0	-1.0	0.0	TRUE	C	1.630211E-4	0.0	6.531493E-5	0.9965824	42.59839	0.2192592	0.0075786216	21.0	1.0
SPIKE	S20:C>A	11	57290	1.9200558E-4	34.362686	39.18182	TRUE	C	1.05869156E-4	1.0	1.5403809E-4	0.9977792	23.237413	0.26105225	0.008057421	21.0	1.0
SPIKE	S20:C>G	0	57290	0.0	-1.0	0.0	TRUE	C	1.630211E-4	1.0	6.531493E-5	0.9965824	42.59839	0.2192592	0.0075786216	21.0	1.0
SPIKE	S20:C>T	0	57290	0.0	-1.0	0.0	TRUE	C	1.3639302E-4	1.0	1.0353737E-4	0.9971399	36.479183	0.21422534	0.010895454	21.0	1.0
SPIKE	S21:A>G	0	57290	0.0	-1.0	0.0	TRUE	A	8.927354E-5	2.0	1.5629808E-4	0.998127	19.638575	0.26047108	0.008535533	21.0	1.0
SPIKE	S21:A>C	0	57290	0.0	-1.0	0.0	TRUE	A	1.9483927E-4	1.0	1.0237421E-4	0.9959167	43.045094	0.25934395	0.01910434	21.0	1.0
SPIKE	S21:A>T	0	57290	0.0	-1.0	0.0	TRUE	A	5.4234602E-5	1.0	5.881781E-5	0.99886173	11.223634	0.2768518	0.0069149514	21.0	1.0
SPIKE	S22:A>G	57290	57290	1.0	9999.0	39.99698	FALSE	G	8.927354E-5	0.0	1.5629808E-4	0.998127	19.638575	0.26047108	0.008535533	21.0	1.0
SPIKE	S22:A>C	0	57290	0.0	-1.0	0.0	FALSE	G	1.9483927E-4	0.0	1.0237421E-4	0.9959167	43.045094	0.25934395	0.01910434	21.0	1.0
SPIKE	S22:A>T	0	57290	0.0	-1.0	0.0	FALSE	G	5.4234602E-5	0.0	5.881781E-5	0.99886173	11.223634	0.2768518	0.0069149514	21.0	1.0
SPIKE	S23:A>G	0	57290	0.0	-1.0	0.0	TRUE	A	8.927354E-5	0.0	1.5629808E-4	0.998127	19.638575	0.26047108	0.008535533	21.0	1.0
SPIKE	S23:A>C	0	57290	0.0	-1.0	0.0	TRUE	A	1.9483927E-4	0.0	1.0237421E-4	0.9959167	43.045094	0.25934395	0.01910434	21.0	1.0
SPIKE	S23:A>T	0	57290	0.0	-1.0	0.0	TRUE	A	5.4234602E-5	0.0	5.881781E-5	0.99886173	11.223634	0.2768518	0.0069149514	21.0	1.0
SPIKE	S24:A>G	0	57290	0.0	-1.0	0.0	TRUE	A	8.927354E-5	0.0	1.5629808E-4	0.998127	19.638575	0.26047108	0.008535533	21.0	1.0
SPIKE	S24:A>C	0	57290	0.0	-1.0	0.0	TRUE	A	1.9483927E-4	0.0	1.0237421E-4	0.9959167	43.045094	0.25934395	0.01910434	21.0	1.0
SPIKE	S24:A>T	0	57290	0.0	-1.0	0.0	TRUE	A	5.4234602E-5	0.0	5.881781E-5	0.99886173	11.223634	0.2768518	0.0069149514	21.0	1.0
SPIKE	S25:A>C	57290	57290	1.0	9999.0	39.99698	FALSE	C	1.9483927E-4	0.0	1.0237421E-4	0.9959167	43.045094	0.25934395	0.01910434	21.0	1.0
SPIKE	S25:A>G	0	57290	0.0	-1.0	0.0	FALSE	C	8.927354E-5	0.0	1.5629808E-4	0.998127	19.638575	0.26047108	0.008535533	21.0	1.0
SPIKE	S25:A>T	0	57290	0.0	-1.0	0.0	FALSE	C	5.4234602E-5	0.0	5.881781E-5	0.99886173	11.223634	0.2768518	0.0069149514	21.0	1.0
SPIKE	S26:T>A	0	57290	0.0	-1.0	0.0	TRUE	T	5.0963787E-5	1.0	7.470757E-5	0.99893034	11.223634	0.26015937	0.0071483064	21.0	1.0
SPIKE	S26:T>G	0	57290	0.0	-1.0	0.0	TRUE	T	1.6362745E-4	0.0	3.7482805E-5	0.9965697	43.045094	0.21778482	0.0070778676	21.0	1.0
SPIKE	S26:T>C	0	57290	0.0	-1.0	0.0	TRUE	T	8.450266E-5	3.0	1.0141415E-4	0.998227	19.638575	0.24653767	0.008943834	21.0	1.0
SPIKE	S27:G>A	0	57290	0.0	-1.0	0.0	TRUE	G	1.6098417E-4	3.0	1.4259877E-4	0.99662507	36.479183	0.25285923	0.009320905	21.0	1.0
SPIKE	S27:G>C	0	57290	0.0	-1.0	0.0	TRUE	G	1.6724424E-4	0.0	5.3405052E-5	0.99649405	42.59839	0.22493654	0.0076381853	21.0	1.0
SPIKE	S27:G>T	0	57290	0.0	-1.0	0.0	TRUE	G	9.5798234E-5	2.0	6.270106E-5	0.99799025	23.237413	0.23619777	0.008075154	21.0	1.0
SPIKE	S28:G>A	0	57290	0.0	-1.0	0.0	TRUE	G	1.6098417E-4	4.0	1.4259877E-4	0.99662507	36.479183	0.25285923	0.009320905	21.0	1.0
SPIKE	S28:G>C	0	57290	0.0	-1.0	0.0	TRUE	G	1.6724424E-4	1.0	5.3405052E-5	0.99649405	42.59839	0.22493654	0.0076381853	21.0	1.0
SPIKE	S28:G>T	0	57290	0.0	-1.0	0.0	TRUE	G	9.5798234E-5	3.0	6.270106E-5	0.99799025	23.237413	0.23619777	0.008075154	21.0	1.0
SPIKE	S29:G>A	0	57290	0.0	-1.0	0.0	TRUE	G	1.6098417E-4	0.0	1.4259877E-4	0.99662507	36.479183	0.25285923	0.009320905	21.0	1.0
SPIKE	S29:G>C	0	57290	0.0	-1.0	0.0	TRUE	G	1.6724424E-4	0.0	5.3405052E-5	0.99649405	42.59839	0.22493654	0.0076381853	21.0	1.0
SPIKE	S29:G>T	0	57290	0.0	-1.0	0.0	TRUE	G	9.5798234E-5	1.0	6.270106E-5	0.99799025	23.237413	0.23619777	0.008075154	21.0	1.0
SPIKE	S30:A>G	0	57290	0.0	-1.0	0.0	TRUE	A	8.927354E-5	0.0	1.5629808E-4	0.998127	19.638575	0.26047108	0.008535533	21.0	1.0
SPIKE	S30:A>C	0	57290	0.0	-1.0	0.0	TRUE	A	1.9483927E-4	0.0	1.0237421E-4	0.9959167	43.045094	0.25934395	0.01910434	21.0	1.0
SPIKE	S30:A>T	0	57290	0.0	-1.0	0.0	TRUE	A	5.4234602E-5	0.0	5.881781E-5	0.99886173	11.223634	0.2768518	0.0069149514	21.0	1.0
SPIKE	S31:T>A	0	57290	0.0	-1.0	0.0	TRUE	T	5.0963787E-5	0.0	7.470757E-5	0.99893034	11.223634	0.26015937	0.0071483064	21.0	1.0
SPIKE	S31:T>G	0	57290	0.0	-1.0	0.0	TRUE	T	1.6362745E-4	0.0	3.7482805E-5	0.9965697	43.045094	0.21778482	0.0070778676	21.0	1.0
SPIKE	S31:T>C	0	57290	0.0	-1.0	0.0	TRUE	T	8.450266E-5	2.0	1.0141415E-4	0.998227	19.638575	0.24653767	0.008943834	21.0	1.0
SPIKE	S32:C>A	2	57290	3.4910106E-5	7.269987	38.5	TRUE	C	1.05869156E-4	0.0	1.5403809E-4	0.9977792	23.237413	0.26105225	0.008057421	21.0	1.0
SPIKE	S32:C>G	0	57290	0.0	-1.0	0.0	TRUE	C	1.630211E-4	0.0	6.531493E-5	0.9965824	42.59839	0.2192592	0.0075786216	21.0	1.0
SPIKE	S32:C>T	0	57290	0.0	-1.0	0.0	TRUE	C	1.3639302E-4	2.0	1.0353737E-4	0.9971399	36.479183	0.21422534	0.010895454	21.0	1.0
SPIKE	S33:C>A	4	57290	6.982021E-5	13.290587	40.0	TRUE	C	1.05869156E-4	0.0	1.5403809E-4	0.9977792	23.237413	0.26105225	0.008057421	21.0	1.0
SPIKE	S33:C>G	0	57290	0.0	-1.0	0.0	TRUE	C	1.630211E-4	0.0	6.531493E-5	0.9965824	42.59839	0.2192592	0.0075786216	21.0	1.0
SPIKE	S33:C>T	0	57290	0.0	-1.0	0.0	TRUE	C	1.3639302E-4	1.0	1.0353737E-4	0.9971399	36.479183	0.21422534	0.010895454	21.0	1.0
SPIKE	S34:A>G	0	57290	0.0	-1.0	0.0	TRUE	A	8.927354E-5	2.0	1.5629808E-4	0.998127	19.638575	0.26047108	0.008535533	21.0	1.0
SPIKE	S34:A>C	0	57290	0.0	-1.0	0.0	TRUE	A	1.9483927E-4	0.0	1.0237421E-4	0.9959167	43.045094	0.25934395	0.01910434	21.0	1.0
SPIKE	S34:A>T	0	57290	0.0	-1.0	0.0	TRUE	A	5.4234602E-5	1.0	5.881781E-5	0.99886173	11.223634	0.2768518	0.0069149514	21.0	1.0
SPIKE	S35:T>A	0	57290	0.0	-1.0	0.0	TRUE	T	5.0963787E-5	1.0	7.470757E-5	0.99893034	11.223634	0.26015937	0.0071483064	21.0	1.0
SPIKE	S35:T>G	0	57290	0.0	-1.0	0.0	TRUE	T	1.6362745E-4	1.0	3.7482805E-5	0.9965697	43.045094	0.21778482	0.0070778676	21.0	1.0
SPIKE	S35:T>C	0	57290	0.0	-1.0	0.0	TRUE	T	8.450266E-5	1.0	1.0141415E-4	0.998227	19.638575	0.24653767	0.008943834	21.0	1.0
SPIKE	S36:T>A	0	57290	0.0	-1.0	0.0	TRUE	T	5.0963787E-5	0.0	7.470757E-5	0.99893034	11.223634	0.26015937	0.0071483064	21.0	1.0
SPIKE	S36:T>G	0	57290	0.0	-1.0	0.0	TRUE	T	1.6362745E-4	0.0	3.7482805E-5	0.9965697	43.045094	0.21778482	0.0070778676	21.0	1.0
SPIKE	S36:T>C	0	57290	0.0	-1.0	0.0	TRUE	T	8.450266E-5	2.0	1.0141415E-4	0.998227	19.638575	0.24653767	0.008943834	21.0	1.0
SPIKE	S37:A>G	0	57290	0.0	-1.0	0.0	TRUE	A	8.927354E-5	1.0	1.5629808E-4	0.998127	19.638575	0.26047108	0.008535533	21.0	1.0
SPIKE	S37:A>C	0	57290	0.0	-1.0	0.0	TRUE	A	1.9483927E-4	0.0	1.0237421E-4	0.9959167	43.045094	0.25934395	0.01910434	21.0	1.0
SPIKE	S37:A>T	0	57290	0.0	-1.0	0.0	TRUE	A	5.4234602E-5	0.0	5.881781E-5	0.99886173	11.223634	0.2768518	0.0069149514	21.0	1.0
SPIKE	S38:T>A	0	57290	0.0	-1.0	0.0	TRUE	T	5.0963787E-5	0.0	7.470757E-5	0.99893034	11.223634	0.26015937	0.0071483064	21.0	1.0
SPIKE	S38:T>G	0	57290	0.0	-1.0	0.0	TRUE	T	1.6362745E-4	0.0	3.7482805E-5	0.9965697	43.045094	0.21778482	0.0070778676	21.0	1.0
SPIKE	S38:T>C	0	57290	0.0	-1.0	0.0	TRUE	T	8.450266E-5	0.0	1.0141415E-4	0.998227	19.638575	0.24653767	0.008943834	21.0	1.0
SPIKE	S39:C>T	4	57290	6.982021E-5	-1.0	40.0	TRUE	C	5.608391E-5	15.0	1.0353737E-4	0.9988229	36.479183	0.21422534	0.010895454	21.0	0.0
SPIKE	S39:C>A	1	57290	1.7455053E-5	4.2596874	40.0	TRUE	C	1.05869156E-4	3.0	1.5403809E-4	0.9977792	23.237413	0.26105225	0.008057421	21.0	1.0
SPIKE	S39:C>G	0	57290	0.0	-1.0	0.0	TRUE	C	1.630211E-4	0.0	6.531493E-5	0.9965824	42.59839	0.2192592	0.0075786216	21.0	1.0
SPIKE	S40:G>A	1	57290	1.7455053E-5	4.2596874	34.0	TRUE	G	1.6098417E-4	1.0	1.4259877E-4	0.99662507	36.479183	0.25285923	0.009320905	21.0	1.0
SPIKE	S40:G>C	0	57290	0.0	-1.0	0.0	TRUE	G	1.6724424E-4	0.0	5.3405052E-5	0.99649405	42.59839	0.22493654	0.0076381853	21.0	1.0
SPIKE	S40:G>T	0	57290	0.0	-1.0	0.0	TRUE	G	9.5798234E-5	3.0	6.270106E-5	0.99799025	23.237413	0.23619777	0.008075154	21.0	1.0
SPIKE	S41:G>A	0	57290	0.0	-1.0	0.0	TRUE	G	1.6098417E-4	5.0	1.4259877E-4	0.99662507	36.479183	0.25285923	0.009320905	21.0	1.0
SPIKE	S41:G>C	0	57290	0.0	-1.0	0.0	TRUE	G	1.6724424E-4	0.0	5.3405052E-5	0.99649405	42.59839	0.22493654	0.0076381853	21.0	1.0
SPIKE	S41:G>T	0	57290	0.0	-1.0	0.0	TRUE	G	9.5798234E-5	4.0	6.270106E-5	0.99799025	23.237413	0.23619777	0.008075154	21.0	1.0
SPIKE	S42:C>A	8	57290	1.3964043E-4	25.331787	40.0	TRUE	C	1.05869156E-4	3.0	1.5403809E-4	0.9977792	23.237413	0.26105225	0.008057421	21.0	1.0
SPIKE	S42:C>G	0	57290	0.0	-1.0	0.0	TRUE	C	1.630211E-4	0.0	6.531493E-5	0.9965824	42.59839	0.2192592	0.0075786216	21.0	1.0
SPIKE	S42:C>T	0	57290	0.0	-1.0	0.0	TRUE	C	1.3639302E-4	8.0	1.0353737E-4	0.9971399	36.479183	0.21422534	0.010895454	21.0	1.0
SPIKE	S43:G>A	0	57290	0.0	-1.0	0.0	TRUE	G	7.5021715E-5	17.0	1.4259877E-4	0.9984258	36.479183	0.25285923	0.009320905	21.0	0.0
SPIKE	S43:G>C	0	57290	0.0	-1.0	0.0	TRUE	G	1.6724424E-4	1.0	5.3405052E-5	0.99649405	42.59839	0.22493654	0.0076381853	21.0	1.0
SPIKE	S43:G>T	0	57290	0.0	-1.0	0.0	TRUE	G	9.5798234E-5	2.0	6.270106E-5	0.99799025	23.237413	0.23619777	0.008075154	21.0	1.0
SPIKE	S44:G>C	1	57290	1.7455053E-5	4.2596874	31.0	TRUE	G	1.6724424E-4	0.0	5.3405052E-5	0.99649405	42.59839	0.22493654	0.0076381853	21.0	1.0
SPIKE	S44:G>A	3	57290	5.2365158E-5	6.0206	38.666668	TRUE	G	2.5595643E-4	58.0	1.4259877E-4	0.99463934	36.479183	0.25285923	0.009320905	21.0	0.0
SPIKE	S44:G>T	0	57290	0.0	-1.0	0.0	TRUE	G	9.5798234E-5	2.0	6.270106E-5	0.99799025	23.237413	0.23619777	0.008075154	21.0	1.0
SPIKE	S45:C>A	1	57290	1.7455053E-5	4.2596874	40.0	TRUE	C	1.05869156E-4	1.0	1.5403809E-4	0.9977792	23.237413	0.26105225	0.008057421	21.0	1.0
SPIKE	S45:C>G	0	57290	0.0	-1.0	0.0	TRUE	C	1.630211E-4	0.0	6.531493E-5	0.9965824	42.59839	0.2192592	0.0075786216	21.0	1.0
SPIKE	S45:C>T	0	57290	0.0	-1.0	0.0	TRUE	C	1.3639302E-4	4.0	1.0353737E-4	0.9971399	36.479183	0.21422534	0.010895454	21.0	1.0
SPIKE	S46:G>A	0	57290	0.0	-1.0	0.0	TRUE	G	4.4130422E-5	10.0	1.4259877E-4	0.9990737	36.479183	0.25285923	0.009320905	21.0	0.0
SPIKE	S46:G>C	0	57290	0.0	-1.0	0.0	TRUE	G	1.6724424E-4	1.0	5.3405052E-5	0.99649405	42.59839	0.22493654	0.0076381853	21.0	1.0
SPIKE	S46:G>T	0	57290	0.0	-1.0	0.0	TRUE	G	9.5798234E-5	3.0	6.270106E-5	0.99799025	23.237413	0.23619777	0.008075154	21.0	1.0
SPIKE	S47:A>G	0	57290	0.0	-1.0	0.0	TRUE	A	8.927354E-5	0.0	1.5629808E-4	0.998127	19.638575	0.26047108	0.008535533	21.0	1.0
SPIKE	S47:A>C	0	57290	0.0	-1.0	0.0	TRUE	A	1.9483927E-4	0.0	1.0237421E-4	0.9959167	43.045094	0.25934395	0.01910434	21.0	1.0
SPIKE	S47:A>T	0	57290	0.0	-1.0	0.0	TRUE	A	5.4234602E-5	1.0	5.881781E-5	0.99886173	11.223634	0.2768518	0.0069149514	21.0	1.0
SPIKE	S48:A>T	1	57290	1.7455053E-5	-1.0	40.0	TRUE	A	5.4234602E-5	0.0	5.881781E-5	0.99886173	11.223634	0.2768518	0.0069149514	21.0	1.0
SPIKE	S48:A>G	0	57290	0.0	-1.0	0.0	TRUE	A	8.927354E-5	0.0	1.5629808E-4	0.998127	19.638575	0.26047108	0.008535533	21.0	1.0
SPIKE	S48:A>C	0	57290	0.0	-1.0	0.0	TRUE	A	1.9483927E-4	0.0	1.0237421E-4	0.9959167	43.045094	0.25934395	0.01910434	21.0	1.0
SPIKE	S49:T>A	0	57290	0.0	-1.0	0.0	TRUE	T	5.0963787E-5	0.0	7.470757E-5	0.99893034	11.223634	0.26015937	0.0071483064	21.0	1.0
SPIKE	S49:T>G	0	57290	0.0	-1.0	0.0	TRUE	T	1.6362745E-4	0.0	3.7482805E-5	0.9965697	43.045094	0.21778482	0.0070778676	21.0	1.0
SPIKE	S49:T>C	0	57290	0.0	-1.0	0.0	TRUE	T	8.450266E-5	0.0	1.0141415E-4	0.998227	19.638575	0.24653767	0.008943834	21.0	1.0
SPIKE	S50:T>A	0	57290	0.0	-1.0	0.0	TRUE	T	5.0963787E-5	0.0	7.470757E-5	0.99893034	11.223634	0.26015937	0.0071483064	21.0	1.0
SPIKE	S50:T>G	0	57290	0.0	-1.0	0.0	TRUE	T	1.6362745E-4	0.0	3.7482805E-5	0.9965697	43.045094	0.21778482	0.0070778676	21.0	1.0
SPIKE	S50:T>C	0	57290	0.0	-1.0	0.0	TRUE	T	8.450266E-5	0.0	1.0141415E-4	0.998227	19.638575	0.24653767	0.008943834	21.0	1.0
SPIKE	S51:T>A	0	57290	0.0	-1.0	0.0	TRUE	T	5.0963787E-5	0.0	7.470757E-5	0.99893034	11.223634	0.26015937	0.0071483064	21.0	1.0
SPIKE	S51:T>G	0	57290	0.0	-1.0	0.0	TRUE	T	1.6362745E-4	0.0	3.7482805E-5	0.9965697	43.045094	0.21778482	0.0070778676	21.0	1.0
SPIKE	S51:T>C	0	57290	0.0	-1.0	0.0	TRUE	T	8.450266E-5	0.0	1.0141415E-4	0.998227	19.638575	0.24653767	0.008943834	21.0	1.0
SPIKE	S52:A>G	1	57290	1.7455053E-5	-1.0	40.0	TRUE	A	5.9095735E-5	13.0	1.5629808E-4	0.99875975	19.638575	0.26047108	0.008535533	21.0	0.0
SPIKE	S52:A>C	0	57290	0.0	-1.0	0.0	TRUE	A	1.9483927E-4	0.0	1.0237421E-4	0.9959167	43.045094	0.25934395	0.01910434	21.0	1.0
SPIKE	S52:A>T	0	57290	0.0	-1.0	0.0	TRUE	A	5.4234602E-5	1.0	5.881781E-5	0.99886173	11.223634	0.2768518	0.0069149514	21.0	1.0
SPIKE	S53:C>A	1	57290	1.7455053E-5	4.2596874	40.0	TRUE	C	1.05869156E-4	2.0	1.5403809E-4	0.9977792	23.237413	0.26105225	0.008057421	21.0	1.0
SPIKE	S53:C>G	0	57290	0.0	-1.0	0.0	TRUE	C	1.630211E-4	4.0	6.531493E-5	0.9965824	42.59839	0.2192592	0.0075786216	21.0	1.0
SPIKE	S53:C>T	0	57290	0.0	-1.0	0.0	TRUE	C	3.7389273E-5	10.0	1.0353737E-4	0.9992151	36.479183	0.21422534	0.010895454	21.0	0.0
SPIKE	S54:C>T	1	57290	1.7455053E-5	4.2596874	40.0	TRUE	C	1.3639302E-4	3.0	1.0353737E-4	0.9971399	36.479183	0.21422534	0.010895454	21.0	1.0
SPIKE	S54:C>A	5	57290	8.7275264E-5	16.300888	40.0	TRUE	C	1.05869156E-4	8.0	1.5403809E-4	0.9977792	23.237413	0.26105225	0.008057421	21.0	1.0
SPIKE	S54:C>G	0	57290	0.0	-1.0	0.0	TRUE	C	1.630211E-4	0.0	6.531493E-5	0.9965824	42.59839	0.2192592	0.0075786216	21.0	1.0
SPIKE	S55:A>G	2	57290	3.4910106E-5	7.269987	40.0	TRUE	A	8.927354E-5	8.0	1.5629808E-4	0.998127	19.638575	0.26047108	0.008535533	21.0	1.0
SPIKE	S55:A>C	0	57290	0.0	-1.0	0.0	TRUE	A	1.9483927E-4	9.0	1.0237421E-4	0.9959167	43.045094	0.25934395	0.01910434	21.0	1.0
SPIKE	S55:A>T	0	57290	0.0	-1.0	0.0	TRUE	A	5.4234602E-5	0.0	5.881781E-5	0.99886173	11.223634	0.2768518	0.0069149514	21.0	1.0
SPIKE	S56:C>G	1	57290	1.7455053E-5	4.2596874	40.0	TRUE	C	1.630211E-4	2.0	6.531493E-5	0.9965824	42.59839	0.2192592	0.0075786216	21.0	1.0
SPIKE	S56:C>A	2	57290	3.4910106E-5	7.269987	40.0	TRUE	C	1.05869156E-4	7.0	1.5403809E-4	0.9977792	23.237413	0.26105225	0.008057421	21.0	1.0
SPIKE	S56:C>T	0	57290	0.0	-1.0	0.0	TRUE	C	1.3639302E-4	5.0	1.0353737E-4	0.9971399	36.479183	0.21422534	0.010895454	21.0	1.0
SPIKE	S57:C>A	4	57290	6.982021E-5	13.290587	40.0	TRUE	C	1.05869156E-4	5.0	1.5403809E-4	0.9977792	23.237413	0.26105225	0.008057421	21.0	1.0
SPIKE	S57:C>G	0	57290	0.0	-1.0	0.0	TRUE	C	1.630211E-4	0.0	6.531493E-5	0.9965824	42.59839	0.2192592	0.0075786216	21.0	1.0
SPIKE	S57:C>T	0	57290	0.0	-1.0	0.0	TRUE	C	1.3639302E-4	3.0	1.0353737E-4	0.9971399	36.479183	0.21422534	0.010895454	21.0	1.0
SPIKE	S58:A>G	1	57290	1.7455053E-5	4.2596874	40.0	TRUE	A	8.927354E-5	1.0	1.5629808E-4	0.998127	19.638575	0.26047108	0.008535533	21.0	1.0
SPIKE	S58:A>C	0	57290	0.0	-1.0	0.0	TRUE	A	1.9483927E-4	8.0	1.0237421E-4	0.9959167	43.045094	0.25934395	0.01910434	21.0	1.0
SPIKE	S58:A>T	0	57290	0.0	-1.0	0.0	TRUE	A	5.4234602E-5	4.0	5.881781E-5	0.99886173	11.223634	0.2768518	0.0069149514	21.0	1.0
SPIKE	S59:T>A	0	57290	0.0	-1.0	0.0	TRUE	T	5.0963787E-5	7.0	7.470757E-5	0.99893034	11.223634	0.26015937	0.0071483064	21.0	1.0
SPIKE	S59:T>G	0	57290	0.0	-1.0	0.0	TRUE	T	1.6362745E-4	1.0	3.7482805E-5	0.9965697	43.045094	0.21778482	0.0070778676	21.0	1.0
SPIKE	S59:T>C	0	57290	0.0	-1.0	0.0	TRUE	T	8.450266E-5	8.0	1.0141415E-4	0.998227	19.638575	0.24653767	0.008943834	21.0	1.0
SPIKE	S60:T>C	2	57290	3.4910106E-5	-1.0	40.0	TRUE	T	6.884627E-5	16.0	1.0141415E-4	0.9985553	19.638575	0.24653767	0.008943834	21.0	0.0
SPIKE	S60:T>A	0	57290	0.0	-1.0	0.0	TRUE	T	5.0963787E-5	0.0	7.470757E-5	0.99893034	11.223634	0.26015937	0.0071483064	21.0	1.0
SPIKE	S60:T>G	0	57290	0.0	-1.0	0.0	TRUE	T	1.6362745E-4	3.0	3.7482805E-5	0.9965697	43.045094	0.21778482	0.0070778676	21.0	1.0
SPIKE	S61:G>A	1	57290	1.7455053E-5	4.2596874	40.0	TRUE	G	1.6098417E-4	5.0	1.4259877E-4	0.99662507	36.479183	0.25285923	0.009320905	21.0	1.0
SPIKE	S61:G>C	0	57290	0.0	-1.0	0.0	TRUE	G	1.6724424E-4	0.0	5.3405052E-5	0.99649405	42.59839	0.22493654	0.0076381853	21.0	1.0
SPIKE	S61:G>T	0	57290	0.0	-1.0	0.0	TRUE	G	9.5798234E-5	5.0	6.270106E-5	0.99799025	23.237413	0.23619777	0.008075154	21.0	1.0
SPIKE	S62:A>G	1	57290	1.7455053E-5	4.2596874	40.0	TRUE	A	8.927354E-5	6.0	1.5629808E-4	0.998127	19.638575	0.26047108	0.008535533	21.0	1.0
SPIKE	D62-63:A>	2	57290	3.4910106E-5	-1.0	40.0	TRUE		NaN	NaN	NaN	NaN	NaN	NaN	NaN	NaN	NaN
SPIKE	S62:A>C	0	57290	0.0	-1.0	0.0	TRUE	A	1.9483927E-4	0.0	1.0237421E-4	0.9959167	43.045094	0.25934395	0.01910434	21.0	1.0
SPIKE	S62:A>T	0	57290	0.0	-1.0	0.0	TRUE	A	5.4234602E-5	1.0	5.881781E-5	0.99886173	11.223634	0.2768518	0.0069149514	21.0	1.0
SPIKE	S63:A>G	0	57290	0.0	-1.0	0.0	TRUE	A	8.927354E-5	0.0	1.5629808E-4	0.998127	19.638575	0.26047108	0.008535533	21.0	1.0
SPIKE	S63:A>C	0	57290	0.0	-1.0	0.0	TRUE	A	1.9483927E-4	0.0	1.0237421E-4	0.9959167	43.045094	0.25934395	0.01910434	21.0	1.0
SPIKE	S63:A>T	0	57290	0.0	-1.0	0.0	TRUE	A	5.4234602E-5	1.0	5.881781E-5	0.99886173	11.223634	0.2768518	0.0069149514	21.0	1.0
SPIKE	S64:A>G	0	57290	0.0	-1.0	0.0	TRUE	A	8.927354E-5	2.0	1.5629808E-4	0.998127	19.638575	0.26047108	0.008535533	21.0	1.0
SPIKE	S64:A>C	0	57290	0.0	-1.0	0.0	TRUE	A	1.9483927E-4	0.0	1.0237421E-4	0.9959167	43.045094	0.25934395	0.01910434	21.0	1.0
SPIKE	S64:A>T	0	57290	0.0	-1.0	0.0	TRUE	A	5.4234602E-5	0.0	5.881781E-5	0.99886173	11.223634	0.2768518	0.0069149514	21.0	1.0
SPIKE	S65:A>G	0	57290	0.0	-1.0	0.0	TRUE	A	8.927354E-5	2.0	1.5629808E-4	0.998127	19.638575	0.26047108	0.008535533	21.0	1.0
SPIKE	S65:A>C	0	57290	0.0	-1.0	0.0	TRUE	A	1.9483927E-4	6.0	1.0237421E-4	0.9959167	43.045094	0.25934395	0.01910434	21.0	1.0
SPIKE	S65:A>T	0	57290	0.0	-1.0	0.0	TRUE	A	5.4234602E-5	0.0	5.881781E-5	0.99886173	11.223634	0.2768518	0.0069149514	21.0	1.0
SPIKE	S66:C>A	1	57290	1.7455053E-5	4.2596874	40.0	TRUE	C	1.05869156E-4	6.0	1.5403809E-4	0.9977792	23.237413	0.26105225	0.008057421	21.0	1.0
SPIKE	S66:C>G	1	57290	1.7455053E-5	4.2596874	40.0	TRUE	C	1.630211E-4	4.0	6.531493E-5	0.9965824	42.59839	0.2192592	0.0075786216	21.0	1.0
SPIKE	S66:C>T	2	57290	3.4910106E-5	7.269987	40.0	TRUE	C	1.3639302E-4	1.0	1.0353737E-4	0.9971399	36.479183	0.21422534	0.010895454	21.0	1.0
SPIKE	S67:C>A	9	57290	1.5709548E-4	-1.0	40.0	TRUE	C	5.0115766E-5	11.0	1.5403809E-4	0.9989481	23.237413	0.26105225	0.008057421	21.0	0.0
SPIKE	S67:C>G	0	57290	0.0	-1.0	0.0	TRUE	C	1.630211E-4	0.0	6.531493E-5	0.9965824	42.59839	0.2192592	0.0075786216	21.0	1.0
SPIKE	S67:C>T	0	57290	0.0	-1.0	0.0	TRUE	C	1.3639302E-4	2.0	1.0353737E-4	0.9971399	36.479183	0.21422534	0.010895454	21.0	1.0
SPIKE	S68:A>C	1	57290	1.7455053E-5	4.2596874	40.0	TRUE	A	1.9483927E-4	4.0	1.0237421E-4	0.9959167	43.045094	0.25934395	0.01910434	21.0	1.0
SPIKE	S68:A>G	0	57290	0.0	-1.0	0.0	TRUE	A	5.9095735E-5	13.0	1.5629808E-4	0.99875975	19.638575	0.26047108	0.008535533	21.0	0.0
SPIKE	S68:A>T	0	57290	0.0	-1.0	0.0	TRUE	A	5.4234602E-5	1.0	5.881781E-5	0.99886173	11.223634	0.2768518	0.0069149514	21.0	1.0
SPIKE	S69:G>A	1	57290	1.7455053E-5	4.2596874	40.0	TRUE	G	1.6098417E-4	5.0	1.4259877E-4	0.99662507	36.479183	0.25285923	0.009320905	21.0	1.0
SPIKE	S69:G>C	0	57290	0.0	-1.0	0.0	TRUE	G	1.6724424E-4	8.0	5.3405052E-5	0.99649405	42.59839	0.22493654	0.0076381853	21.0	1.0
SPIKE	S69:G>T	0	57290	0.0	-1.0	0.0	TRUE	G	9.5798234E-5	4.0	6.270106E-5	0.99799025	23.237413	0.23619777	0.008075154	21.0	1.0
SPIKE	S70:C>A	4	57290	6.982021E-5	13.290587	40.0	TRUE	C	1.05869156E-4	2.0	1.5403809E-4	0.9977792	23.237413	0.26105225	0.008057421	21.0	1.0
SPIKE	S70:C>G	1	57290	1.7455053E-5	4.2596874	40.0	TRUE	C	1.630211E-4	4.0	6.531493E-5	0.9965824	42.59839	0.2192592	0.0075786216	21.0	1.0
SPIKE	S70:C>T	9	57290	1.5709548E-4	28.342087	40.0	TRUE	C	1.8320745E-4	49.0	1.0353737E-4	0.99616003	36.479183	0.21422534	0.010895454	21.0	0.0
SPIKE	S71:C>A	7	57290	1.2218537E-4	22.321487	40.0	TRUE	C	1.05869156E-4	2.0	1.5403809E-4	0.9977792	23.237413	0.26105225	0.008057421	21.0	1.0
SPIKE	S71:C>G	0	57290	0.0	-1.0	0.0	TRUE	C	1.630211E-4	6.0	6.531493E-5	0.9965824	42.59839	0.2192592	0.0075786216	21.0	1.0
SPIKE	S71:C>T	0	57290	0.0	-1.0	0.0	TRUE	C	1.3639302E-4	0.0	1.0353737E-4	0.9971399	36.479183	0.21422534	0.010895454	21.0	1.0
SPIKE	S72:G>A	1	57290	1.7455053E-5	4.2596874	40.0	TRUE	G	1.6098417E-4	4.0	1.4259877E-4	0.99662507	36.479183	0.25285923	0.009320905	21.0	1.0
SPIKE	S72:G>C	0	57290	0.0	-1.0	0.0	TRUE	G	1.6724424E-4	2.0	5.3405052E-5	0.99649405	42.59839	0.22493654	0.0076381853	21.0	1.0
SPIKE	S72:G>T	0	57290	0.0	-1.0	0.0	TRUE	G	9.5798234E-5	7.0	6.270106E-5	0.99799025	23.237413	0.23619777	0.008075154	21.0	1.0
SPIKE	S73:T>A	0	57290	0.0	-1.0	0.0	TRUE	T	5.0963787E-5	0.0	7.470757E-5	0.99893034	11.223634	0.26015937	0.0071483064	21.0	1.0
SPIKE	S73:T>G	0	57290	0.0	-1.0	0.0	TRUE	T	1.6362745E-4	7.0	3.7482805E-5	0.9965697	43.045094	0.21778482	0.0070778676	21.0	1.0
SPIKE	S73:T>C	0	57290	0.0	-1.0	0.0	TRUE	T	8.450266E-5	0.0	1.0141415E-4	0.998227	19.638575	0.24653767	0.008943834	21.0	1.0
SPIKE	S74:G>A	0	57290	0.0	-1.0	0.0	TRUE	G	1.6098417E-4	1.0	1.4259877E-4	0.99662507	36.479183	0.25285923	0.009320905	21.0	1.0
SPIKE	S74:G>C	0	57290	0.0	-1.0	0.0	TRUE	G	1.6724424E-4	0.0	5.3405052E-5	0.99649405	42.59839	0.22493654	0.0076381853	21.0	1.0
SPIKE	S74:G>T	0	57290	0.0	-1.0	0.0	TRUE	G	9.5798234E-5	4.0	6.270106E-5	0.99799025	23.237413	0.23619777	0.008075154	21.0	1.0
SPIKE	S75:G>A	1	57290	1.7455053E-5	4.2596874	40.0	TRUE	G	1.6098417E-4	6.0	1.4259877E-4	0.99662507	36.479183	0.25285923	0.009320905	21.0	1.0
SPIKE	S75:G>C	0	57290	0.0	-1.0	0.0	TRUE	G	1.6724424E-4	1.0	5.3405052E-5	0.99649405	42.59839	0.22493654	0.0076381853	21.0	1.0
SPIKE	S75:G>T	0	57290	0.0	-1.0	0.0	TRUE	G	9.5798234E-5	6.0	6.270106E-5	0.99799025	23.237413	0.23619777	0.008075154	21.0	1.0
SPIKE	S76:T>A	0	57290	0.0	-1.0	0.0	TRUE	T	5.0963787E-5	1.0	7.470757E-5	0.99893034	11.223634	0.26015937	0.0071483064	21.0	1.0
SPIKE	S76:T>G	0	57290	0.0	-1.0	0.0	TRUE	T	1.6362745E-4	2.0	3.7482805E-5	0.9965697	43.045094	0.21778482	0.0070778676	21.0	1.0
SPIKE	S76:T>C	0	57290	0.0	-1.0	0.0	TRUE	T	8.450266E-5	0.0	1.0141415E-4	0.998227	19.638575	0.24653767	0.008943834	21.0	1.0
SPIKE	S77:T>A	0	57290	0.0	-1.0	0.0	TRUE	T	5.0963787E-5	0.0	7.470757E-5	0.99893034	11.223634	0.26015937	0.0071483064	21.0	1.0
SPIKE	S77:T>G	0	57290	0.0	-1.0	0.0	TRUE	T	1.6362745E-4	0.0	3.7482805E-5	0.9965697	43.045094	0.21778482	0.0070778676	21.0	1.0
SPIKE	S77:T>C	0	57290	0.0	-1.0	0.0	TRUE	T	8.450266E-5	3.0	1.0141415E-4	0.998227	19.638575	0.24653767	0.008943834	21.0	1.0
SPIKE	S78:T>A	0	57290	0.0	-1.0	0.0	TRUE	T	5.0963787E-5	0.0	7.470757E-5	0.99893034	11.223634	0.26015937	0.0071483064	21.0	1.0
SPIKE	S78:T>G	0	57290	0.0	-1.0	0.0	TRUE	T	1.6362745E-4	5.0	3.7482805E-5	0.9965697	43.045094	0.21778482	0.0070778676	21.0	1.0
SPIKE	S78:T>C	0	57290	0.0	-1.0	0.0	TRUE	T	8.450266E-5	0.0	1.0141415E-4	0.998227	19.638575	0.24653767	0.008943834	21.0	1.0
SPIKE	S79:G>A	1	57290	1.7455053E-5	4.2596874	40.0	TRUE	G	1.6098417E-4	6.0	1.4259877E-4	0.99662507	36.479183	0.25285923	0.009320905	21.0	1.0
SPIKE	S79:G>C	0	57290	0.0	-1.0	0.0	TRUE	G	1.6724424E-4	5.0	5.3405052E-5	0.99649405	42.59839	0.22493654	0.0076381853	21.0	1.0
SPIKE	S79:G>T	0	57290	0.0	-1.0	0.0	TRUE	G	9.5798234E-5	4.0	6.270106E-5	0.99799025	23.237413	0.23619777	0.008075154	21.0	1.0
SPIKE	S80:C>A	3	57290	5.2365158E-5	10.280287	40.0	TRUE	C	1.05869156E-4	3.0	1.5403809E-4	0.9977792	23.237413	0.26105225	0.008057421	21.0	1.0
SPIKE	S80:C>T	17	57290	2.967359E-4	35.485752	40.0	TRUE	C	4.9727736E-4	133.0	1.0353737E-4	0.9896115	36.479183	0.21422534	0.010895454	21.0	0.0
SPIKE	S80:C>G	0	57290	0.0	-1.0	0.0	TRUE	C	1.630211E-4	8.0	6.531493E-5	0.9965824	42.59839	0.2192592	0.0075786216	21.0	1.0
SPIKE	S81:G>A	0	57290	0.0	-1.0	0.0	TRUE	G	4.854346E-5	11.0	1.4259877E-4	0.9989811	36.479183	0.25285923	0.009320905	21.0	0.0
SPIKE	S81:G>C	0	57290	0.0	-1.0	0.0	TRUE	G	1.6724424E-4	3.0	5.3405052E-5	0.99649405	42.59839	0.22493654	0.0076381853	21.0	1.0
SPIKE	S81:G>T	0	57290	0.0	-1.0	0.0	TRUE	G	9.5798234E-5	3.0	6.270106E-5	0.99799025	23.237413	0.23619777	0.008075154	21.0	1.0
SPIKE	S82:G>A	5	57290	8.7275264E-5	16.300888	40.0	TRUE	G	9.267389E-5	21.0	1.4259877E-4	0.99805576	36.479183	0.25285923	0.009320905	21.0	0.0
SPIKE	S82:G>C	0	57290	0.0	-1.0	0.0	TRUE	G	1.6724424E-4	7.0	5.3405052E-5	0.99649405	42.59839	0.22493654	0.0076381853	21.0	1.0
SPIKE	S82:G>T	0	57290	0.0	-1.0	0.0	TRUE	G	9.5798234E-5	3.0	6.270106E-5	0.99799025	23.237413	0.23619777	0.008075154	21.0	1.0
SPIKE	S83:C>A	4	57290	6.982021E-5	13.290587	40.0	TRUE	C	1.05869156E-4	1.0	1.5403809E-4	0.9977792	23.237413	0.26105225	0.008057421	21.0	1.0
SPIKE	S83:C>T	1	57290	1.7455053E-5	-1.0	40.0	TRUE	C	4.8606056E-5	13.0	1.0353737E-4	0.9989798	36.479183	0.21422534	0.010895454	21.0	0.0
SPIKE	S83:C>G	0	57290	0.0	-1.0	0.0	TRUE	C	1.630211E-4	8.0	6.531493E-5	0.9965824	42.59839	0.2192592	0.0075786216	21.0	1.0
SPIKE	S84:G>T	1	57290	1.7455053E-5	4.2596874	40.0	TRUE	G	9.5798234E-5	1.0	6.270106E-5	0.99799025	23.237413	0.23619777	0.008075154	21.0	1.0
SPIKE	S84:G>A	0	57290	0.0	-1.0	0.0	TRUE	G	6.1782586E-5	14.0	1.4259877E-4	0.9987034	36.479183	0.25285923	0.009320905	21.0	0.0
SPIKE	S84:G>C	0	57290	0.0	-1.0	0.0	TRUE	G	1.6724424E-4	2.0	5.3405052E-5	0.99649405	42.59839	0.22493654	0.0076381853	21.0	1.0
SPIKE	S85:A>G	0	57290	0.0	-1.0	0.0	TRUE	A	8.927354E-5	2.0	1.5629808E-4	0.998127	19.638575	0.26047108	0.008535533	21.0	1.0
SPIKE	S85:A>C	0	57290	0.0	-1.0	0.0	TRUE	A	1.9483927E-4	0.0	1.0237421E-4	0.9959167	43.045094	0.25934395	0.01910434	21.0	1.0
SPIKE	S85:A>T	0	57290	0.0	-1.0	0.0	TRUE	A	4.832179E-5	10.0	5.881781E-5	0.99898577	11.223634	0.2768518	0.0069149514	21.0	0.0
SPIKE	S86:T>A	0	57290	0.0	-1.0	0.0	TRUE	T	5.0963787E-5	1.0	7.470757E-5	0.99893034	11.223634	0.26015937	0.0071483064	21.0	1.0
SPIKE	S86:T>G	0	57290	0.0	-1.0	0.0	TRUE	T	1.6362745E-4	0.0	3.7482805E-5	0.9965697	43.045094	0.21778482	0.0070778676	21.0	1.0
SPIKE	S86:T>C	0	57290	0.0	-1.0	0.0	TRUE	T	8.450266E-5	1.0	1.0141415E-4	0.998227	19.638575	0.24653767	0.008943834	21.0	1.0
SPIKE	S87:T>A	0	57290	0.0	-1.0	0.0	TRUE	T	5.0963787E-5	1.0	7.470757E-5	0.99893034	11.223634	0.26015937	0.0071483064	21.0	1.0
SPIKE	S87:T>G	0	57290	0.0	-1.0	0.0	TRUE	T	1.6362745E-4	2.0	3.7482805E-5	0.9965697	43.045094	0.21778482	0.0070778676	21.0	1.0
SPIKE	S87:T>C	0	57290	0.0	-1.0	0.0	TRUE	T	8.450266E-5	1.0	1.0141415E-4	0.998227	19.638575	0.24653767	0.008943834	21.0	1.0
SPIKE	S88:T>A	0	57290	0.0	-1.0	0.0	TRUE	T	5.0963787E-5	0.0	7.470757E-5	0.99893034	11.223634	0.26015937	0.0071483064	21.0	1.0
SPIKE	S88:T>G	0	57290	0.0	-1.0	0.0	TRUE	T	1.6362745E-4	0.0	3.7482805E-5	0.9965697	43.045094	0.21778482	0.0070778676	21.0	1.0
SPIKE	S88:T>C	0	57290	0.0	-1.0	0.0	TRUE	T	8.450266E-5	4.0	1.0141415E-4	0.998227	19.638575	0.24653767	0.008943834	21.0	1.0
SPIKE	S89:A>G	0	57290	0.0	-1.0	0.0	TRUE	A	8.927354E-5	2.0	1.5629808E-4	0.998127	19.638575	0.26047108	0.008535533	21.0	1.0
SPIKE	S89:A>C	0	57290	0.0	-1.0	0.0	TRUE	A	1.9483927E-4	0.0	1.0237421E-4	0.9959167	43.045094	0.25934395	0.01910434	21.0	1.0
SPIKE	S89:A>T	0	57290	0.0	-1.0	0.0	TRUE	A	5.4234602E-5	0.0	5.881781E-5	0.99886173	11.223634	0.2768518	0.0069149514	21.0	1.0
SPIKE	S90:T>A	1	57290	1.7455053E-5	-1.0	40.0	TRUE	T	5.0963787E-5	1.0	7.470757E-5	0.99893034	11.223634	0.26015937	0.0071483064	21.0	1.0
SPIKE	S90:T>G	0	57290	0.0	-1.0	0.0	TRUE	T	1.6362745E-4	0.0	3.7482805E-5	0.9965697	43.045094	0.21778482	0.0070778676	21.0	1.0
SPIKE	S90:T>C	0	57290	0.0	-1.0	0.0	TRUE	T	8.450266E-5	0.0	1.0141415E-4	0.998227	19.638575	0.24653767	0.008943834	21.0	1.0
SPIKE	S91:C>A	4	57290	6.982021E-5	13.290587	40.0	TRUE	C	1.05869156E-4	2.0	1.5403809E-4	0.9977792	23.237413	0.26105225	0.008057421	21.0	1.0
SPIKE	S91:C>G	0	57290	0.0	-1.0	0.0	TRUE	C	1.630211E-4	0.0	6.531493E-5	0.9965824	42.59839	0.2192592	0.0075786216	21.0	1.0
SPIKE	S91:C>T	0	57290	0.0	-1.0	0.0	TRUE	C	6.7300694E-5	18.0	1.0353737E-4	0.99858767	36.479183	0.21422534	0.010895454	21.0	0.0
SPIKE	S92:G>A	2	57290	3.4910106E-5	7.269987	40.0	TRUE	G	1.6098417E-4	4.0	1.4259877E-4	0.99662507	36.479183	0.25285923	0.009320905	21.0	1.0
SPIKE	S92:G>T	1	57290	1.7455053E-5	4.2596874	40.0	TRUE	G	9.5798234E-5	5.0	6.270106E-5	0.99799025	23.237413	0.23619777	0.008075154	21.0	1.0
SPIKE	S92:G>C	0	57290	0.0	-1.0	0.0	TRUE	G	1.6724424E-4	0.0	5.3405052E-5	0.99649405	42.59839	0.22493654	0.0076381853	21.0	1.0
SPIKE	S93:T>A	0	57290	0.0	-1.0	0.0	TRUE	T	5.0963787E-5	2.0	7.470757E-5	0.99893034	11.223634	0.26015937	0.0071483064	21.0	1.0
SPIKE	S93:T>G	0	57290	0.0	-1.0	0.0	TRUE	T	1.6362745E-4	0.0	3.7482805E-5	0.9965697	43.045094	0.21778482	0.0070778676	21.0	1.0
SPIKE	S93:T>C	0	57290	0.0	-1.0	0.0	TRUE	T	8.450266E-5	3.0	1.0141415E-4	0.998227	19.638575	0.24653767	0.008943834	21.0	1.0
SPIKE	S94:C>A	1	57290	1.7455053E-5	4.2596874	40.0	TRUE	C	1.05869156E-4	2.0	1.5403809E-4	0.9977792	23.237413	0.26105225	0.008057421	21.0	1.0
SPIKE	S94:C>G	0	57290	0.0	-1.0	0.0	TRUE	C	1.630211E-4	0.0	6.531493E-5	0.9965824	42.59839	0.2192592	0.0075786216	21.0	1.0
SPIKE	S94:C>T	0	57290	0.0	-1.0	0.0	TRUE	C	1.3639302E-4	1.0	1.0353737E-4	0.9971399	36.479183	0.21422534	0.010895454	21.0	1.0
SPIKE	S95:G>A	0	57290	0.0	-1.0	0.0	TRUE	G	1.6098417E-4	5.0	1.4259877E-4	0.99662507	36.479183	0.25285923	0.009320905	21.0	1.0
SPIKE	S95:G>C	0	57290	0.0	-1.0	0.0	TRUE	G	1.6724424E-4	0.0	5.3405052E-5	0.99649405	42.59839	0.22493654	0.0076381853	21.0	1.0
SPIKE	S95:G>T	0	57290	0.0	-1.0	0.0	TRUE	G	9.5798234E-5	2.0	6.270106E-5	0.99799025	23.237413	0.23619777	0.008075154	21.0	1.0
SPIKE	S96:T>A	0	57290	0.0	-1.0	0.0	TRUE	T	5.0963787E-5	0.0	7.470757E-5	0.99893034	11.223634	0.26015937	0.0071483064	21.0	1.0
SPIKE	S96:T>G	0	57290	0.0	-1.0	0.0	TRUE	T	1.6362745E-4	0.0	3.7482805E-5	0.9965697	43.045094	0.21778482	0.0070778676	21.0	1.0
SPIKE	S96:T>C	0	57290	0.0	-1.0	0.0	TRUE	T	8.450266E-5	7.0	1.0141415E-4	0.998227	19.638575	0.24653767	0.008943834	21.0	1.0
SPIKE	S97:C>T	1	57290	1.7455053E-5	4.2596874	40.0	TRUE	C	1.3639302E-4	3.0	1.0353737E-4	0.9971399	36.479183	0.21422534	0.010895454	21.0	1.0
SPIKE	S97:C>A	0	57290	0.0	-1.0	0.0	TRUE	C	1.05869156E-4	3.0	1.5403809E-4	0.9977792	23.237413	0.26105225	0.008057421	21.0	1.0
SPIKE	S97:C>G	0	57290	0.0	-1.0	0.0	TRUE	C	1.630211E-4	0.0	6.531493E-5	0.9965824	42.59839	0.2192592	0.0075786216	21.0	1.0
SPIKE	S98:A>G	0	57290	0.0	-1.0	0.0	TRUE	A	8.927354E-5	3.0	1.5629808E-4	0.998127	19.638575	0.26047108	0.008535533	21.0	1.0
SPIKE	S98:A>C	0	57290	0.0	-1.0	0.0	TRUE	A	1.9483927E-4	0.0	1.0237421E-4	0.9959167	43.045094	0.25934395	0.01910434	21.0	1.0
SPIKE	S98:A>T	0	57290	0.0	-1.0	0.0	TRUE	A	5.4234602E-5	0.0	5.881781E-5	0.99886173	11.223634	0.2768518	0.0069149514	21.0	1.0
SPIKE	S99:T>A	0	57290	0.0	-1.0	0.0	TRUE	T	5.0963787E-5	2.0	7.470757E-5	0.99893034	11.223634	0.26015937	0.0071483064	21.0	1.0
SPIKE	S99:T>G	0	57290	0.0	-1.0	0.0	TRUE	T	1.6362745E-4	0.0	3.7482805E-5	0.9965697	43.045094	0.21778482	0.0070778676	21.0	1.0
SPIKE	S99:T>C	0	57290	0.0	-1.0	0.0	TRUE	T	8.450266E-5	2.0	1.0141415E-4	0.998227	19.638575	0.24653767	0.008943834	21.0	1.0
SPIKE	S100:C>A	1	57290	1.7455053E-5	4.2596874	40.0	TRUE	C	1.05869156E-4	1.0	1.5403809E-4	0.9977792	23.237413	0.26105225	0.008057421	21.0	1.0
SPIKE	S100:C>G	0	57290	0.0	-1.0	0.0	TRUE	C	1.630211E-4	1.0	6.531493E-5	0.9965824	42.59839	0.2192592	0.0075786216	21.0	1.0
SPIKE	S100:C>T	0	57290	0.0	-1.0	0.0	TRUE	C	1.3639302E-4	9.0	1.0353737E-4	0.9971399	36.479183	0.21422534	0.010895454	21.0	1.0
SPIKE	S101:G>A	0	57290	0.0	-1.0	0.0	TRUE	G	1.6098417E-4	8.0	1.4259877E-4	0.99662507	36.479183	0.25285923	0.009320905	21.0	1.0
SPIKE	S101:G>C	0	57290	0.0	-1.0	0.0	TRUE	G	1.6724424E-4	0.0	5.3405052E-5	0.99649405	42.59839	0.22493654	0.0076381853	21.0	1.0
SPIKE	S101:G>T	0	57290	0.0	-1.0	0.0	TRUE	G	9.5798234E-5	1.0	6.270106E-5	0.99799025	23.237413	0.23619777	0.008075154	21.0	1.0
SPIKE	S102:T>A	0	57290	0.0	-1.0	0.0	TRUE	T	5.0963787E-5	0.0	7.470757E-5	0.99893034	11.223634	0.26015937	0.0071483064	21.0	1.0
SPIKE	S102:T>G	0	57290	0.0	-1.0	0.0	TRUE	T	1.6362745E-4	0.0	3.7482805E-5	0.9965697	43.045094	0.21778482	0.0070778676	21.0	1.0
SPIKE	S102:T>C	0	57290	0.0	-1.0	0.0	TRUE	T	8.450266E-5	2.0	1.0141415E-4	0.998227	19.638575	0.24653767	0.008943834	21.0	1.0
SPIKE	S103:G>A	0	57290	0.0	-1.0	0.0	TRUE	G	1.6098417E-4	5.0	1.4259877E-4	0.99662507	36.479183	0.25285923	0.009320905	21.0	1.0
SPIKE	S103:G>C	0	57290	0.0	-1.0	0.0	TRUE	G	1.6724424E-4	0.0	5.3405052E-5	0.99649405	42.59839	0.22493654	0.0076381853	21.0	1.0
SPIKE	S103:G>T	0	57290	0.0	-1.0	0.0	TRUE	G	9.5798234E-5	0.0	6.270106E-5	0.99799025	23.237413	0.23619777	0.008075154	21.0	1.0
SPIKE	S104:G>A	2	57290	3.4910106E-5	7.269987	36.5	TRUE	G	1.6098417E-4	3.0	1.4259877E-4	0.99662507	36.479183	0.25285923	0.009320905	21.0	1.0
SPIKE	S104:G>C	0	57290	0.0	-1.0	0.0	TRUE	G	1.6724424E-4	0.0	5.3405052E-5	0.99649405	42.59839	0.22493654	0.0076381853	21.0	1.0
SPIKE	S104:G>T	0	57290	0.0	-1.0	0.0	TRUE	G	9.5798234E-5	3.0	6.270106E-5	0.99799025	23.237413	0.23619777	0.008075154	21.0	1.0
SPIKE	S105:C>T	2	57290	3.4910106E-5	7.269987	36.0	TRUE	C	1.6077388E-4	43.0	1.0353737E-4	0.9966294	36.479183	0.21422534	0.010895454	21.0	0.0
SPIKE	S105:C>A	3	57290	5.2365158E-5	10.280287	40.0	TRUE	C	1.05869156E-4	3.0	1.5403809E-4	0.9977792	23.237413	0.26105225	0.008057421	21.0	1.0
SPIKE	S105:C>G	0	57290	0.0	-1.0	0.0	TRUE	C	1.630211E-4	0.0	6.531493E-5	0.9965824	42.59839	0.2192592	0.0075786216	21.0	1.0
SPIKE	S106:G>T	1	57290	1.7455053E-5	4.2596874	40.0	TRUE	G	9.5798234E-5	4.0	6.270106E-5	0.99799025	23.237413	0.23619777	0.008075154	21.0	1.0
SPIKE	S106:G>A	0	57290	0.0	-1.0	0.0	TRUE	G	1.6098417E-4	4.0	1.4259877E-4	0.99662507	36.479183	0.25285923	0.009320905	21.0	1.0
SPIKE	S106:G>C	0	57290	0.0	-1.0	0.0	TRUE	G	1.6724424E-4	0.0	5.3405052E-5	0.99649405	42.59839	0.22493654	0.0076381853	21.0	1.0
SPIKE	S107:G>A	2	57290	3.4910106E-5	3.9120662	33.5	TRUE	G	2.5595643E-4	58.0	1.4259877E-4	0.99463934	36.479183	0.25285923	0.009320905	21.0	0.0
SPIKE	S107:G>C	0	57290	0.0	-1.0	0.0	TRUE	G	1.6724424E-4	0.0	5.3405052E-5	0.99649405	42.59839	0.22493654	0.0076381853	21.0	1.0
SPIKE	S107:G>T	0	57290	0.0	-1.0	0.0	TRUE	G	9.5798234E-5	1.0	6.270106E-5	0.99799025	23.237413	0.23619777	0.008075154	21.0	1.0
SPIKE	S108:C>A	3	57290	5.2365158E-5	10.280287	37.0	TRUE	C	1.05869156E-4	5.0	1.5403809E-4	0.9977792	23.237413	0.26105225	0.008057421	21.0	1.0
SPIKE	S108:C>G	0	57290	0.0	-1.0	0.0	TRUE	C	1.630211E-4	1.0	6.531493E-5	0.9965824	42.59839	0.2192592	0.0075786216	21.0	1.0
SPIKE	S108:C>T	0	57290	0.0	-1.0	0.0	TRUE	C	3.7389273E-5	10.0	1.0353737E-4	0.9992151	36.479183	0.21422534	0.010895454	21.0	0.0
SPIKE	S109:A>G	0	57290	0.0	-1.0	0.0	TRUE	A	8.927354E-5	2.0	1.5629808E-4	0.998127	19.638575	0.26047108	0.008535533	21.0	1.0
SPIKE	S109:A>C	0	57290	0.0	-1.0	0.0	TRUE	A	1.9483927E-4	0.0	1.0237421E-4	0.9959167	43.045094	0.25934395	0.01910434	21.0	1.0
SPIKE	S109:A>T	0	57290	0.0	-1.0	0.0	TRUE	A	5.4234602E-5	0.0	5.881781E-5	0.99886173	11.223634	0.2768518	0.0069149514	21.0	1.0
SPIKE	S110:G>A	0	57290	0.0	-1.0	0.0	TRUE	G	1.6098417E-4	9.0	1.4259877E-4	0.99662507	36.479183	0.25285923	0.009320905	21.0	1.0
SPIKE	S110:G>C	0	57290	0.0	-1.0	0.0	TRUE	G	1.6724424E-4	0.0	5.3405052E-5	0.99649405	42.59839	0.22493654	0.0076381853	21.0	1.0
SPIKE	S110:G>T	0	57290	0.0	-1.0	0.0	TRUE	G	9.5798234E-5	2.0	6.270106E-5	0.99799025	23.237413	0.23619777	0.008075154	21.0	1.0
SPIKE	S111:C>A	1	57290	1.7455053E-5	4.2596874	40.0	TRUE	C	1.05869156E-4	4.0	1.5403809E-4	0.9977792	23.237413	0.26105225	0.008057421	21.0	1.0
SPIKE	S111:C>G	0	57290	0.0	-1.0	0.0	TRUE	C	1.630211E-4	3.0	6.531493E-5	0.9965824	42.59839	0.2192592	0.0075786216	21.0	1.0
SPIKE	S111:C>T	0	57290	0.0	-1.0	0.0	TRUE	C	1.3086246E-4	35.0	1.0353737E-4	0.9972557	36.479183	0.21422534	0.010895454	21.0	0.0
SPIKE	S112:G>A	1	57290	1.7455053E-5	-1.0	40.0	TRUE	G	7.5021715E-5	17.0	1.4259877E-4	0.9984258	36.479183	0.25285923	0.009320905	21.0	0.0
SPIKE	S112:G>C	0	57290	0.0	-1.0	0.0	TRUE	G	1.6724424E-4	0.0	5.3405052E-5	0.99649405	42.59839	0.22493654	0.0076381853	21.0	1.0
SPIKE	S112:G>T	0	57290	0.0	-1.0	0.0	TRUE	G	9.5798234E-5	2.0	6.270106E-5	0.99799025	23.237413	0.23619777	0.008075154	21.0	1.0
SPIKE	S113:T>A	0	57290	0.0	-1.0	0.0	TRUE	T	5.0963787E-5	0.0	7.470757E-5	0.99893034	11.223634	0.26015937	0.0071483064	21.0	1.0
SPIKE	S113:T>G	0	57290	0.0	-1.0	0.0	TRUE	T	1.6362745E-4	0.0	3.7482805E-5	0.9965697	43.045094	0.21778482	0.0070778676	21.0	1.0
SPIKE	S113:T>C	0	57290	0.0	-1.0	0.0	TRUE	T	8.450266E-5	1.0	1.0141415E-4	0.998227	19.638575	0.24653767	0.008943834	21.0	1.0
SPIKE	S114:G>A	0	57290	0.0	-1.0	0.0	TRUE	G	1.6098417E-4	0.0	1.4259877E-4	0.99662507	36.479183	0.25285923	0.009320905	21.0	1.0
SPIKE	S114:G>C	0	57290	0.0	-1.0	0.0	TRUE	G	1.6724424E-4	0.0	5.3405052E-5	0.99649405	42.59839	0.22493654	0.0076381853	21.0	1.0
SPIKE	S114:G>T	0	57290	0.0	-1.0	0.0	TRUE	G	9.5798234E-5	2.0	6.270106E-5	0.99799025	23.237413	0.23619777	0.008075154	21.0	1.0
SPIKE	S115:A>G	0	57290	0.0	-1.0	0.0	TRUE	A	8.927354E-5	8.0	1.5629808E-4	0.998127	19.638575	0.26047108	0.008535533	21.0	1.0
SPIKE	S115:A>C	0	57290	0.0	-1.0	0.0	TRUE	A	1.9483927E-4	0.0	1.0237421E-4	0.9959167	43.045094	0.25934395	0.01910434	21.0	1.0
SPIKE	S115:A>T	0	57290	0.0	-1.0	0.0	TRUE	A	5.4234602E-5	1.0	5.881781E-5	0.99886173	11.223634	0.2768518	0.0069149514	21.0	1.0
SPIKE	S116:C>A	1	57290	1.7455053E-5	4.2596874	36.0	TRUE	C	1.05869156E-4	1.0	1.5403809E-4	0.9977792	23.237413	0.26105225	0.008057421	21.0	1.0
SPIKE	S116:C>G	0	57290	0.0	-1.0	0.0	TRUE	C	1.630211E-4	0.0	6.531493E-5	0.9965824	42.59839	0.2192592	0.0075786216	21.0	1.0
SPIKE	S116:C>T	0	57290	0.0	-1.0	0.0	TRUE	C	1.3639302E-4	4.0	1.0353737E-4	0.9971399	36.479183	0.21422534	0.010895454	21.0	1.0
SPIKE	S117:C>A	1	57290	1.7455053E-5	4.2596874	40.0	TRUE	C	1.05869156E-4	7.0	1.5403809E-4	0.9977792	23.237413	0.26105225	0.008057421	21.0	1.0
SPIKE	S117:C>G	0	57290	0.0	-1.0	0.0	TRUE	C	1.630211E-4	1.0	6.531493E-5	0.9965824	42.59839	0.2192592	0.0075786216	21.0	1.0
SPIKE	S117:C>T	0	57290	0.0	-1.0	0.0	TRUE	C	1.3639302E-4	1.0	1.0353737E-4	0.9971399	36.479183	0.21422534	0.010895454	21.0	1.0
SPIKE	S118:T>A	0	57290	0.0	-1.0	0.0	TRUE	T	5.0963787E-5	2.0	7.470757E-5	0.99893034	11.223634	0.26015937	0.0071483064	21.0	1.0
SPIKE	S118:T>G	0	57290	0.0	-1.0	0.0	TRUE	T	1.6362745E-4	0.0	3.7482805E-5	0.9965697	43.045094	0.21778482	0.0070778676	21.0	1.0
SPIKE	S118:T>C	0	57290	0.0	-1.0	0.0	TRUE	T	4.302892E-5	10.0	1.0141415E-4	0.9990968	19.638575	0.24653767	0.008943834	21.0	0.0
SPIKE	S119:A>G	0	57290	0.0	-1.0	0.0	TRUE	A	8.927354E-5	1.0	1.5629808E-4	0.998127	19.638575	0.26047108	0.008535533	21.0	1.0
SPIKE	S119:A>C	0	57290	0.0	-1.0	0.0	TRUE	A	1.9483927E-4	0.0	1.0237421E-4	0.9959167	43.045094	0.25934395	0.01910434	21.0	1.0
SPIKE	S119:A>T	0	57290	0.0	-1.0	0.0	TRUE	A	5.4234602E-5	1.0	5.881781E-5	0.99886173	11.223634	0.2768518	0.0069149514	21.0	1.0
SPIKE	S120:T>A	0	57290	0.0	-1.0	0.0	TRUE	T	5.0963787E-5	0.0	7.470757E-5	0.99893034	11.223634	0.26015937	0.0071483064	21.0	1.0
SPIKE	S120:T>G	0	57290	0.0	-1.0	0.0	TRUE	T	1.6362745E-4	0.0	3.7482805E-5	0.9965697	43.045094	0.21778482	0.0070778676	21.0	1.0
SPIKE	S120:T>C	0	57290	0.0	-1.0	0.0	TRUE	T	8.450266E-5	0.0	1.0141415E-4	0.998227	19.638575	0.24653767	0.008943834	21.0	1.0
SPIKE	S121:G>A	0	57290	0.0	-1.0	0.0	TRUE	G	1.6098417E-4	0.0	1.4259877E-4	0.99662507	36.479183	0.25285923	0.009320905	21.0	1.0
SPIKE	S121:G>C	0	57290	0.0	-1.0	0.0	TRUE	G	1.6724424E-4	0.0	5.3405052E-5	0.99649405	42.59839	0.22493654	0.0076381853	21.0	1.0
SPIKE	S121:G>T	0	57290	0.0	-1.0	0.0	TRUE	G	9.5798234E-5	0.0	6.270106E-5	0.99799025	23.237413	0.23619777	0.008075154	21.0	1.0
SPIKE	S122:T>A	0	57290	0.0	-1.0	0.0	TRUE	T	5.0963787E-5	0.0	7.470757E-5	0.99893034	11.223634	0.26015937	0.0071483064	21.0	1.0
SPIKE	S122:T>G	0	57290	0.0	-1.0	0.0	TRUE	T	1.6362745E-4	0.0	3.7482805E-5	0.9965697	43.045094	0.21778482	0.0070778676	21.0	1.0
SPIKE	S122:T>C	0	57290	0.0	-1.0	0.0	TRUE	T	8.450266E-5	1.0	1.0141415E-4	0.998227	19.638575	0.24653767	0.008943834	21.0	1.0
SPIKE	S123:G>A	2	57290	3.4910106E-5	7.269987	40.0	TRUE	G	1.6098417E-4	3.0	1.4259877E-4	0.99662507	36.479183	0.25285923	0.009320905	21.0	1.0
SPIKE	S123:G>C	0	57290	0.0	-1.0	0.0	TRUE	G	1.6724424E-4	0.0	5.3405052E-5	0.99649405	42.59839	0.22493654	0.0076381853	21.0	1.0
SPIKE	S123:G>T	0	57290	0.0	-1.0	0.0	TRUE	G	9.5798234E-5	1.0	6.270106E-5	0.99799025	23.237413	0.23619777	0.008075154	21.0	1.0
SPIKE	S124:T>A	0	57290	0.0	-1.0	0.0	TRUE	T	5.0963787E-5	1.0	7.470757E-5	0.99893034	11.223634	0.26015937	0.0071483064	21.0	1.0
SPIKE	S124:T>G	0	57290	0.0	-1.0	0.0	TRUE	T	1.6362745E-4	2.0	3.7482805E-5	0.9965697	43.045094	0.21778482	0.0070778676	21.0	1.0
SPIKE	S124:T>C	0	57290	0.0	-1.0	0.0	TRUE	T	8.450266E-5	4.0	1.0141415E-4	0.998227	19.638575	0.24653767	0.008943834	21.0	1.0
SPIKE	S125:G>A	0	57290	0.0	-1.0	0.0	TRUE	G	1.6098417E-4	2.0	1.4259877E-4	0.99662507	36.479183	0.25285923	0.009320905	21.0	1.0
SPIKE	S125:G>C	0	57290	0.0	-1.0	0.0	TRUE	G	1.6724424E-4	1.0	5.3405052E-5	0.99649405	42.59839	0.22493654	0.0076381853	21.0	1.0
SPIKE	S125:G>T	0	57290	0.0	-1.0	0.0	TRUE	G	9.5798234E-5	1.0	6.270106E-5	0.99799025	23.237413	0.23619777	0.008075154	21.0	1.0
SPIKE	S126:C>T	8	57290	1.3964043E-4	13.595069	38.375	TRUE	C	4.6736593E-4	125.0	1.0353737E-4	0.9902333	36.479183	0.21422534	0.010895454	21.0	0.0
SPIKE	S126:C>A	1	57290	1.7455053E-5	4.2596874	40.0	TRUE	C	1.05869156E-4	4.0	1.5403809E-4	0.9977792	23.237413	0.26105225	0.008057421	21.0	1.0
SPIKE	S126:C>G	0	57290	0.0	-1.0	0.0	TRUE	C	1.630211E-4	3.0	6.531493E-5	0.9965824	42.59839	0.2192592	0.0075786216	21.0	1.0
SPIKE	S127:G>A	1	57290	1.7455053E-5	4.2596874	34.0	TRUE	G	1.6098417E-4	5.0	1.4259877E-4	0.99662507	36.479183	0.25285923	0.009320905	21.0	1.0
SPIKE	S127:G>C	0	57290	0.0	-1.0	0.0	TRUE	G	1.6724424E-4	0.0	5.3405052E-5	0.99649405	42.59839	0.22493654	0.0076381853	21.0	1.0
SPIKE	S127:G>T	0	57290	0.0	-1.0	0.0	TRUE	G	9.5798234E-5	2.0	6.270106E-5	0.99799025	23.237413	0.23619777	0.008075154	21.0	1.0
SPIKE	S128:G>A	0	57290	0.0	-1.0	0.0	TRUE	G	7.943476E-5	18.0	1.4259877E-4	0.9983333	36.479183	0.25285923	0.009320905	21.0	0.0
SPIKE	S128:G>C	0	57290	0.0	-1.0	0.0	TRUE	G	1.6724424E-4	2.0	5.3405052E-5	0.99649405	42.59839	0.22493654	0.0076381853	21.0	1.0
SPIKE	S128:G>T	0	57290	0.0	-1.0	0.0	TRUE	G	9.5798234E-5	3.0	6.270106E-5	0.99799025	23.237413	0.23619777	0.008075154	21.0	1.0
SPIKE	S129:C>A	1	57290	1.7455053E-5	4.2596874	40.0	TRUE	C	1.05869156E-4	3.0	1.5403809E-4	0.9977792	23.237413	0.26105225	0.008057421	21.0	1.0
SPIKE	S129:C>G	0	57290	0.0	-1.0	0.0	TRUE	C	1.630211E-4	3.0	6.531493E-5	0.9965824	42.59839	0.2192592	0.0075786216	21.0	1.0
SPIKE	S129:C>T	0	57290	0.0	-1.0	0.0	TRUE	C	5.234498E-5	14.0	1.0353737E-4	0.99890137	36.479183	0.21422534	0.010895454	21.0	0.0
SPIKE	S130:G>A	1	57290	1.7455053E-5	4.2596874	40.0	TRUE	G	1.6098417E-4	2.0	1.4259877E-4	0.99662507	36.479183	0.25285923	0.009320905	21.0	1.0
SPIKE	S130:G>C	0	57290	0.0	-1.0	0.0	TRUE	G	1.6724424E-4	0.0	5.3405052E-5	0.99649405	42.59839	0.22493654	0.0076381853	21.0	1.0
SPIKE	S130:G>T	0	57290	0.0	-1.0	0.0	TRUE	G	9.5798234E-5	1.0	6.270106E-5	0.99799025	23.237413	0.23619777	0.008075154	21.0	1.0
SPIKE	S131:G>A	0	57290	0.0	-1.0	0.0	TRUE	G	1.4121734E-4	32.0	1.4259877E-4	0.99703884	36.479183	0.25285923	0.009320905	21.0	0.0
SPIKE	S131:G>C	0	57290	0.0	-1.0	0.0	TRUE	G	1.6724424E-4	2.0	5.3405052E-5	0.99649405	42.59839	0.22493654	0.0076381853	21.0	1.0
SPIKE	S131:G>T	0	57290	0.0	-1.0	0.0	TRUE	G	9.5798234E-5	5.0	6.270106E-5	0.99799025	23.237413	0.23619777	0.008075154	21.0	1.0
SPIKE	S132:C>A	2	57290	3.4910106E-5	7.269987	38.0	TRUE	C	1.05869156E-4	3.0	1.5403809E-4	0.9977792	23.237413	0.26105225	0.008057421	21.0	1.0
SPIKE	S132:C>G	0	57290	0.0	-1.0	0.0	TRUE	C	1.630211E-4	0.0	6.531493E-5	0.9965824	42.59839	0.2192592	0.0075786216	21.0	1.0
SPIKE	S132:C>T	0	57290	0.0	-1.0	0.0	TRUE	C	4.4867127E-5	12.0	1.0353737E-4	0.99905825	36.479183	0.21422534	0.010895454	21.0	0.0
SPIKE	S133:A>G	0	57290	0.0	-1.0	0.0	TRUE	A	8.927354E-5	4.0	1.5629808E-4	0.998127	19.638575	0.26047108	0.008535533	21.0	1.0
SPIKE	S133:A>C	0	57290	0.0	-1.0	0.0	TRUE	A	1.9483927E-4	0.0	1.0237421E-4	0.9959167	43.045094	0.25934395	0.01910434	21.0	1.0
SPIKE	S133:A>T	0	57290	0.0	-1.0	0.0	TRUE	A	5.4234602E-5	0.0	5.881781E-5	0.99886173	11.223634	0.2768518	0.0069149514	21.0	1.0
SPIKE	S134:G>A	0	57290	0.0	-1.0	0.0	TRUE	G	1.6098417E-4	2.0	1.4259877E-4	0.99662507	36.479183	0.25285923	0.009320905	21.0	1.0
SPIKE	S134:G>C	0	57290	0.0	-1.0	0.0	TRUE	G	1.6724424E-4	1.0	5.3405052E-5	0.99649405	42.59839	0.22493654	0.0076381853	21.0	1.0
SPIKE	S134:G>T	0	57290	0.0	-1.0	0.0	TRUE	G	9.5798234E-5	4.0	6.270106E-5	0.99799025	23.237413	0.23619777	0.008075154	21.0	1.0
SPIKE	S135:C>A	0	57290	0.0	-1.0	0.0	TRUE	C	1.0023153E-4	22.0	1.5403809E-4	0.9978973	23.237413	0.26105225	0.008057421	21.0	0.0
SPIKE	S135:C>G	0	57290	0.0	-1.0	0.0	TRUE	C	1.630211E-4	0.0	6.531493E-5	0.9965824	42.59839	0.2192592	0.0075786216	21.0	1.0
SPIKE	S135:C>T	0	57290	0.0	-1.0	0.0	TRUE	C	3.4398132E-4	92.0	1.0353737E-4	0.99280244	36.479183	0.21422534	0.010895454	21.0	0.0
SPIKE	S136:C>A	0	57290	0.0	-1.0	0.0	TRUE	C	8.6563596E-5	19.0	1.5403809E-4	0.9981838	23.237413	0.26105225	0.008057421	21.0	0.0
SPIKE	S136:C>G	0	57290	0.0	-1.0	0.0	TRUE	C	1.630211E-4	0.0	6.531493E-5	0.9965824	42.59839	0.2192592	0.0075786216	21.0	1.0
SPIKE	S136:C>T	0	57290	0.0	-1.0	0.0	TRUE	C	5.5710017E-4	149.0	1.0353737E-4	0.98836905	36.479183	0.21422534	0.010895454	21.0	0.0
SPIKE	D137-138:T>	1	57290	1.7455053E-5	-1.0	39.555088	TRUE		NaN	NaN	NaN	NaN	NaN	NaN	NaN	NaN	NaN
SPIKE	S137:T>A	0	57290	0.0	-1.0	0.0	TRUE	T	5.0963787E-5	5.0	7.470757E-5	0.99893034	11.223634	0.26015937	0.0071483064	21.0	1.0
SPIKE	S137:T>G	0	57290	0.0	-1.0	0.0	TRUE	T	5.7019548E-5	15.0	3.7482805E-5	0.9988033	43.045094	0.21778482	0.0070778676	21.0	0.0
SPIKE	S137:T>C	0	57290	0.0	-1.0	0.0	TRUE	T	1.3338965E-4	31.0	1.0141415E-4	0.99720275	19.638575	0.24653767	0.008943834	21.0	0.0
SPIKE	S138:G>A	0	57290	0.0	-1.0	0.0	TRUE	G	7.060867E-5	16.0	1.4259877E-4	0.9985183	36.479183	0.25285923	0.009320905	21.0	0.0
SPIKE	S138:G>C	0	57290	0.0	-1.0	0.0	TRUE	G	1.6724424E-4	3.0	5.3405052E-5	0.99649405	42.59839	0.22493654	0.0076381853	21.0	1.0
SPIKE	S138:G>T	0	57290	0.0	-1.0	0.0	TRUE	G	4.9471033E-5	12.0	6.270106E-5	0.9989616	23.237413	0.23619777	0.008075154	21.0	0.0
SPIKE	D139-140:A>	2	57290	3.4910106E-5	-1.0	39.545803	TRUE		NaN	NaN	NaN	NaN	NaN	NaN	NaN	NaN	NaN
SPIKE	S139:A>G	0	57290	0.0	-1.0	0.0	TRUE	A	1.409206E-4	31.0	1.5629808E-4	0.99704504	19.638575	0.26047108	0.008535533	21.0	0.0
SPIKE	S139:A>C	0	57290	0.0	-1.0	0.0	TRUE	A	1.9483927E-4	2.0	1.0237421E-4	0.9959167	43.045094	0.25934395	0.01910434	21.0	1.0
SPIKE	S139:A>T	0	57290	0.0	-1.0	0.0	TRUE	A	5.025466E-4	104.0	5.881781E-5	0.989502	11.223634	0.2768518	0.0069149514	21.0	0.0
SPIKE	D140-141:T>	4	57290	6.982021E-5	-1.0	39.544285	TRUE		NaN	NaN	NaN	NaN	NaN	NaN	NaN	NaN	NaN
SPIKE	S140:T>A	0	57290	0.0	-1.0	0.0	TRUE	T	3.2693445E-4	72.0	7.470757E-5	0.99315786	11.223634	0.26015937	0.0071483064	21.0	0.0
SPIKE	S140:T>G	0	57290	0.0	-1.0	0.0	TRUE	T	7.2224764E-5	19.0	3.7482805E-5	0.99848443	43.045094	0.21778482	0.0070778676	21.0	0.0
SPIKE	S140:T>C	0	57290	0.0	-1.0	0.0	TRUE	T	8.450266E-5	6.0	1.0141415E-4	0.998227	19.638575	0.24653767	0.008943834	21.0	1.0
SPIKE	S141:T>A	0	57289	0.0	-1.0	0.0	TRUE	T	0.0014893941	328.0	7.470757E-5	0.9692068	11.223438	0.26015937	0.0071483064	21.0	0.0
SPIKE	S141:T>G	0	57289	0.0	-1.0	0.0	TRUE	T	2.5849312E-4	68.0	3.7482805E-5	0.99458635	43.044342	0.21778482	0.0070778676	21.0	0.0
SPIKE	S141:T>C	0	57289	0.0	-1.0	0.0	TRUE	T	6.884747E-5	16.0	1.0141415E-4	0.99855524	19.638231	0.24653767	0.008943834	21.0	0.0
SPIKE	D142-143:A>	1	57289	1.7455359E-5	-1.0	39.449562	TRUE		NaN	NaN	NaN	NaN	NaN	NaN	NaN	NaN	NaN
SPIKE	I142:>A	1	57289	1.7455359E-5	-1.0	39.449562	TRUE		NaN	NaN	NaN	NaN	NaN	NaN	NaN	NaN	NaN
SPIKE	S142:A>G	0	57289	0.0	-1.0	0.0	TRUE	A	0.0020183818	444.0	1.5629808E-4	0.9584997	19.638231	0.26047108	0.008535533	21.0	0.0
SPIKE	S142:A>C	0	57289	0.0	-1.0	0.0	TRUE	A	3.1685346E-4	70.0	1.0237421E-4	0.99336815	43.044342	0.25934395	0.01910434	21.0	0.0
SPIKE	S142:A>T	0	57289	0.0	-1.0	0.0	TRUE	A	6.185297E-4	128.0	5.881781E-5	0.9870949	11.223438	0.2768518	0.0069149514	21.0	0.0
SPIKE	D143-144:G>	2	57289	3.4910718E-5	-1.0	39.42076	TRUE		NaN	NaN	NaN	NaN	NaN	NaN	NaN	NaN	NaN
SPIKE	S143:G>A	0	57289	0.0	-1.0	0.0	TRUE	G	6.3107605E-4	143.0	1.4259877E-4	0.9868348	36.478546	0.25285923	0.009320905	21.0	0.0
SPIKE	S143:G>C	0	57289	0.0	-1.0	0.0	TRUE	G	0.0024106489	614.0	5.3405052E-5	0.9506364	42.597645	0.22493654	0.0076381853	21.0	0.0
SPIKE	S143:G>T	0	57289	0.0	-1.0	0.0	TRUE	G	9.5798234E-5	7.0	6.270106E-5	0.99799025	23.237007	0.23619777	0.008075154	21.0	1.0
SPIKE	D144-145:C>	3	57287	5.23679E-5	-1.0	39.50336	TRUE		NaN	NaN	NaN	NaN	NaN	NaN	NaN	NaN	NaN
SPIKE	I144:>C	1	57287	1.7455968E-5	-1.0	39.50336	TRUE		NaN	NaN	NaN	NaN	NaN	NaN	NaN	NaN	NaN
SPIKE	S144:C>A	0	57287	0.0	-1.0	0.0	TRUE	C	8.656813E-5	19.0	1.5403809E-4	0.9981837	23.236197	0.26105225	0.008057421	21.0	0.0
SPIKE	S144:C>G	0	57287	0.0	-1.0	0.0	TRUE	C	6.69748E-4	175.0	6.531493E-5	0.98603374	42.596157	0.2192592	0.0075786216	21.0	0.0
SPIKE	S144:C>T	0	57287	0.0	-1.0	0.0	TRUE	C	4.5243392E-4	121.0	1.0353737E-4	0.9905439	36.477272	0.21422534	0.010895454	21.0	0.0
SPIKE	S145:C>A	0	57286	0.0	-1.0	0.0	TRUE	C	9.112594E-5	20.0	1.5403809E-4	0.9980882	23.23579	0.26105225	0.008057421	21.0	0.0
SPIKE	S145:C>G	0	57286	0.0	-1.0	0.0	TRUE	C	4.171646E-4	109.0	6.531493E-5	0.9912778	42.595417	0.2192592	0.0075786216	21.0	0.0
SPIKE	S145:C>T	0	57286	0.0	-1.0	0.0	TRUE	C	5.122688E-4	137.0	1.0353737E-4	0.9893	36.476635	0.21422534	0.010895454	21.0	0.0
SPIKE	S146:C>A	0	57273	0.0	-1.0	0.0	TRUE	C	9.570395E-5	21.0	1.5403809E-4	0.9979922	23.230516	0.26105225	0.008057421	21.0	0.0
SPIKE	S146:C>G	0	57273	0.0	-1.0	0.0	TRUE	C	0.0029590959	773.0	6.531493E-5	0.9397504	42.58575	0.2192592	0.0075786216	21.0	0.0
SPIKE	S146:C>T	0	57273	0.0	-1.0	0.0	TRUE	C	6.657266E-4	178.0	1.0353737E-4	0.986117	36.468357	0.21422534	0.010895454	21.0	0.0
SPIKE	S147:G>A	0	57270	0.0	-1.0	0.0	TRUE	G	5.2975E-5	12.0	1.4259877E-4	0.99888813	36.46645	0.25285923	0.009320905	21.0	0.0
SPIKE	S147:G>C	0	57270	0.0	-1.0	0.0	TRUE	G	0.0011900145	303.0	5.3405052E-5	0.9753194	42.58352	0.22493654	0.0076381853	21.0	0.0
SPIKE	S147:G>T	0	57270	0.0	-1.0	0.0	TRUE	G	0.0034435615	835.0	6.270106E-5	0.930238	23.2293	0.23619777	0.008075154	21.0	0.0
SPIKE	S148:T>A	0	57263	0.0	-1.0	0.0	TRUE	T	5.0963787E-5	0.0	7.470757E-5	0.99893034	11.218344	0.26015937	0.0071483064	21.0	1.0
SPIKE	S148:T>G	0	57263	0.0	-1.0	0.0	TRUE	T	0.0047690817	1254.0	3.7482805E-5	0.90470105	43.024807	0.21778482	0.0070778676	21.0	0.0
SPIKE	S148:T>C	0	57263	0.0	-1.0	0.0	TRUE	T	6.026889E-4	140.0	1.0141415E-4	0.9874233	19.629318	0.24653767	0.008943834	21.0	0.0
SPIKE	S149:G>A	0	57263	0.0	-1.0	0.0	TRUE	G	1.6098417E-4	2.0	1.4259877E-4	0.99662507	36.46199	0.25285923	0.009320905	21.0	1.0
SPIKE	S149:G>C	0	57263	0.0	-1.0	0.0	TRUE	G	0.003727597	949.0	5.3405052E-5	0.9247059	42.578312	0.22493654	0.0076381853	21.0	0.0
SPIKE	S149:G>T	0	57263	0.0	-1.0	0.0	TRUE	G	0.0019550272	474.0	6.270106E-5	0.9597758	23.226461	0.23619777	0.008075154	21.0	0.0
SPIKE	S150:C>A	0	57260	0.0	-1.0	0.0	TRUE	C	7.293385E-5	16.0	1.5403809E-4	0.9984696	23.225245	0.26105225	0.008057421	21.0	0.0
SPIKE	S150:C>G	0	57260	0.0	-1.0	0.0	TRUE	C	0.0021518623	562.0	6.531493E-5	0.9558167	42.576084	0.2192592	0.0075786216	21.0	0.0
SPIKE	S150:C>T	0	57260	0.0	-1.0	0.0	TRUE	C	0.004017712	1074.0	1.0353737E-4	0.9190893	36.46008	0.21422534	0.010895454	21.0	0.0
SPIKE	S151:T>A	0	57259	0.0	-1.0	0.0	TRUE	T	5.0963787E-5	0.0	7.470757E-5	0.99893034	11.217561	0.26015937	0.0071483064	21.0	1.0
SPIKE	S151:T>G	0	57259	0.0	-1.0	0.0	TRUE	T	0.0048150555	1266.0	3.7482805E-5	0.903828	43.0218	0.21778482	0.0070778676	21.0	0.0
SPIKE	S151:T>C	0	57259	0.0	-1.0	0.0	TRUE	T	0.0017048677	396.0	1.0141415E-4	0.9648311	19.627947	0.24653767	0.008943834	21.0	0.0
SPIKE	S152:G>A	0	57252	0.0	-1.0	0.0	TRUE	G	1.6098417E-4	6.0	1.4259877E-4	0.99662507	36.454987	0.25285923	0.009320905	21.0	1.0
SPIKE	S152:G>C	0	57252	0.0	-1.0	0.0	TRUE	G	1.6724424E-4	8.0	5.3405052E-5	0.99649405	42.570133	0.22493654	0.0076381853	21.0	1.0
SPIKE	S152:G>T	0	57252	0.0	-1.0	0.0	TRUE	G	0.0019017736	461.0	6.270106E-5	0.96084976	23.222	0.23619777	0.008075154	21.0	0.0
SPIKE	S153:G>A	0	57243	0.0	-1.0	0.0	TRUE	G	1.6098417E-4	6.0	1.4259877E-4	0.99662507	36.449257	0.25285923	0.009320905	21.0	1.0
SPIKE	S153:G>C	0	57243	0.0	-1.0	0.0	TRUE	G	1.6724424E-4	8.0	5.3405052E-5	0.99649405	42.563442	0.22493654	0.0076381853	21.0	1.0
SPIKE	S153:G>T	0	57243	0.0	-1.0	0.0	TRUE	G	9.5798234E-5	7.0	6.270106E-5	0.99799025	23.21835	0.23619777	0.008075154	21.0	1.0
