#pipeline_block
reference	mutation	count	coverage	freq	score	cqs	has.reference	ancestral.allele	error.rate	minor.count.local	minor.fdr	minor.recall	minor.count.global	read.fraction.in.minors	q.filtered.read.fraction	mig.size	global.est
SPIKE	S0:T>A	0	81641	0.0	-1.0	0.0	TRUE	T	1.884988E-5	5.0	0.011670266	0.9972517	34.359955	0.045317136	0.0021772373	146.0	1.0
SPIKE	S0:T>G	0	81641	0.0	-1.0	0.0	TRUE	T	8.689486E-5	1.0	0.0019834938	0.9873935	241.29475	0.02945892	0.003625643	146.0	1.0
SPIKE	S0:T>C	0	81641	0.0	-1.0	0.0	TRUE	T	4.0800107E-5	64.0	0.010918813	0.9940609	98.92328	0.052620832	0.016961008	146.0	0.0
SPIKE	S1:A>G	0	81691	0.0	-1.0	0.0	TRUE	A	4.03024E-5	71.0	0.009885616	0.9941331	98.983864	0.046834014	0.012295595	146.0	0.0
SPIKE	S1:A>C	0	81691	0.0	-1.0	0.0	TRUE	A	1.5015047E-4	1.0	0.007923677	0.97831655	241.44254	0.0512085	0.0651825	146.0	1.0
SPIKE	S1:A>T	0	81691	0.0	-1.0	0.0	TRUE	A	6.5448403E-6	10.0	0.016222572	0.9990449	34.380997	0.0543471	0.0043711504	146.0	0.0
SPIKE	S2:G>A	0	81748	0.0	-1.0	0.0	TRUE	G	5.7481582E-5	104.0	0.012198452	0.99164283	179.54794	0.0457407	0.011994107	146.0	0.0
SPIKE	S2:G>C	0	81748	0.0	-1.0	0.0	TRUE	G	6.470073E-5	1.0	0.0037349025	0.99059814	173.34598	0.03062652	0.0038912992	146.0	1.0
SPIKE	S2:G>T	0	81748	0.0	-1.0	0.0	TRUE	G	2.8118944E-5	5.0	0.004705904	0.9959031	73.01263	0.031632006	0.0030094185	146.0	1.0
SPIKE	S3:C>A	0	81828	0.0	-1.0	0.0	TRUE	C	1.1191847E-4	3.0	0.07957597	0.98379266	73.084076	0.13614227	0.023877265	146.0	1.0
SPIKE	S3:C>G	0	81828	0.0	-1.0	0.0	TRUE	C	6.3366766E-5	8.0	0.004504062	0.99079114	173.51561	0.030018255	0.0033517038	146.0	1.0
SPIKE	S3:C>T	0	81828	0.0	-1.0	0.0	TRUE	C	5.873894E-5	130.0	0.0063330033	0.9914608	179.72365	0.037208643	0.007976442	146.0	0.0
SPIKE	S4:G>A	29	81893	3.5412062E-4	-1.0	39.86207	TRUE	G	4.855214E-5	88.0	0.012198452	0.99293643	179.86641	0.0457407	0.011994107	146.0	0.0
SPIKE	S4:G>C	2	81893	2.4422112E-5	7.269987	39.5	TRUE	G	6.470073E-5	6.0	0.0037349025	0.99059814	173.65344	0.03062652	0.0038912992	146.0	1.0
SPIKE	S4:G>T	0	81893	0.0	-1.0	0.0	TRUE	G	2.8118944E-5	6.0	0.004705904	0.9959031	73.142136	0.031632006	0.0030094185	146.0	1.0
SPIKE	S5:T>A	2	81944	2.4406912E-5	-1.0	39.5	TRUE	T	1.884988E-5	0.0	0.011670266	0.9972517	34.487476	0.045317136	0.0021772373	146.0	1.0
SPIKE	S5:T>G	1	81944	1.2203456E-5	-1.0	40.0	TRUE	T	5.3818135E-6	15.0	0.0019834938	0.9992146	242.19029	0.02945892	0.003625643	146.0	0.0
SPIKE	S5:T>C	5	81944	6.101728E-5	-1.0	38.2	TRUE	T	4.5095254E-5	71.0	0.010918813	0.9934377	99.29042	0.052620832	0.016961008	146.0	0.0
SPIKE	I6:>G	2	82002	2.4389648E-5	-1.0	39.95276	TRUE		NaN	NaN	NaN	NaN	NaN	NaN	NaN	NaN	NaN
SPIKE	S6:G>A	22	82002	2.6828615E-4	-1.0	39.909092	TRUE	G	3.6365705E-5	66.0	0.012198452	0.99470466	180.10582	0.0457407	0.011994107	146.0	0.0
SPIKE	S6:G>T	1	82002	1.2194824E-5	-1.0	40.0	TRUE	G	2.8118944E-5	6.0	0.004705904	0.9959031	73.23949	0.031632006	0.0030094185	146.0	1.0
SPIKE	S6:G>C	0	82002	0.0	-1.0	0.0	TRUE	G	6.470073E-5	0.0	0.0037349025	0.99059814	173.88458	0.03062652	0.0038912992	146.0	1.0
SPIKE	S7:A>C	5	82039	6.0946622E-5	16.300888	39.4	TRUE	A	1.5015047E-4	1.0	0.007923677	0.97831655	242.47107	0.0512085	0.0651825	146.0	1.0
SPIKE	D7-8:A>	74	82039	9.0201E-4	-1.0	39.962994	TRUE		NaN	NaN	NaN	NaN	NaN	NaN	NaN	NaN	NaN
SPIKE	S7:A>G	0	82039	0.0	-1.0	0.0	TRUE	A	1.3000325E-5	23.0	0.009885616	0.99810374	99.40553	0.046834014	0.012295595	146.0	0.0
SPIKE	S7:A>T	0	82039	0.0	-1.0	0.0	TRUE	A	2.2501812E-5	4.0	0.016222572	0.99672014	34.52746	0.0543471	0.0043711504	146.0	1.0
SPIKE	S8:A>C	7	82041	8.532319E-5	22.321487	39.714287	TRUE	A	1.5015047E-4	3.0	0.007923677	0.97831655	242.47697	0.0512085	0.0651825	146.0	1.0
SPIKE	S8:A>G	0	82041	0.0	-1.0	0.0	TRUE	A	2.6565234E-5	47.0	0.009885616	0.996129	99.40796	0.046834014	0.012295595	146.0	0.0
SPIKE	S8:A>T	0	82041	0.0	-1.0	0.0	TRUE	A	2.2501812E-5	1.0	0.016222572	0.99672014	34.5283	0.0543471	0.0043711504	146.0	1.0
SPIKE	D9-11:GA>	8	82047	9.7505086E-5	-1.0	39.92681	TRUE		NaN	NaN	NaN	NaN	NaN	NaN	NaN	NaN	NaN
SPIKE	I9:>G	1	82047	1.2188136E-5	-1.0	39.92681	TRUE		NaN	NaN	NaN	NaN	NaN	NaN	NaN	NaN	NaN
SPIKE	S9:G>A	27	82047	3.2907966E-4	-1.0	39.703705	TRUE	G	4.4055465E-5	80.0	0.012198452	0.99358857	180.20465	0.0457407	0.011994107	146.0	0.0
SPIKE	D9-10:G>	42	82047	5.119017E-4	-1.0	39.92681	TRUE		NaN	NaN	NaN	NaN	NaN	NaN	NaN	NaN	NaN
SPIKE	S9:G>C	0	82047	0.0	-1.0	0.0	TRUE	G	6.470073E-5	0.0	0.0037349025	0.99059814	173.98001	0.03062652	0.0038912992	146.0	1.0
SPIKE	S9:G>T	0	82047	0.0	-1.0	0.0	TRUE	G	2.8118944E-5	2.0	0.004705904	0.9959031	73.27968	0.031632006	0.0030094185	146.0	1.0
SPIKE	S10:A>C	5	82047	6.094068E-5	16.300888	40.0	TRUE	A	1.5015047E-4	5.0	0.007923677	0.97831655	242.49472	0.0512085	0.0651825	146.0	1.0
SPIKE	D10-11:A>	31	82047	3.778322E-4	-1.0	39.919033	TRUE		NaN	NaN	NaN	NaN	NaN	NaN	NaN	NaN	NaN
SPIKE	D10-12:AC>	3	82047	3.656441E-5	-1.0	39.919033	TRUE		NaN	NaN	NaN	NaN	NaN	NaN	NaN	NaN	NaN
SPIKE	S10:A>G	0	82047	0.0	-1.0	0.0	TRUE	A	4.8605172E-5	86.0	0.009885616	0.99292874	99.41522	0.046834014	0.012295595	146.0	0.0
SPIKE	S10:A>T	0	82047	0.0	-1.0	0.0	TRUE	A	2.2501812E-5	0.0	0.016222572	0.99672014	34.530827	0.0543471	0.0043711504	146.0	1.0
SPIKE	S11:C>G	1	82048	1.21879875E-5	4.2596874	40.0	TRUE	C	6.3366766E-5	1.0	0.004504062	0.99079114	173.98213	0.030018255	0.0033517038	146.0	1.0
SPIKE	S11:C>T	24	82048	2.925117E-4	-1.0	39.791668	TRUE	C	4.8667658E-5	108.0	0.0063330033	0.9929197	180.20685	0.037208643	0.007976442	146.0	0.0
SPIKE	D11-13:CG>	1	82048	1.21879875E-5	-1.0	39.88999	TRUE		NaN	NaN	NaN	NaN	NaN	NaN	NaN	NaN	NaN
SPIKE	D11-12:C>	29	82048	3.5345164E-4	-1.0	39.88999	TRUE		NaN	NaN	NaN	NaN	NaN	NaN	NaN	NaN	NaN
SPIKE	I11:>C	1	82048	1.21879875E-5	-1.0	39.88999	TRUE		NaN	NaN	NaN	NaN	NaN	NaN	NaN	NaN	NaN
SPIKE	S11:C>A	0	82048	0.0	-1.0	0.0	TRUE	C	1.1191847E-4	2.0	0.07957597	0.98379266	73.28057	0.13614227	0.023877265	146.0	1.0
SPIKE	D12-14:GA>	5	82048	6.0939936E-5	-1.0	39.78327	TRUE		NaN	NaN	NaN	NaN	NaN	NaN	NaN	NaN	NaN
SPIKE	S12:G>A	34	82048	4.1439157E-4	-1.0	39.735294	TRUE	G	4.075081E-5	74.0	0.012198452	0.994068	180.20685	0.0457407	0.011994107	146.0	0.0
SPIKE	S12:G>T	3	82048	3.656396E-5	-1.0	36.0	TRUE	G	2.8118944E-5	0.0	0.004705904	0.9959031	73.28057	0.031632006	0.0030094185	146.0	1.0
SPIKE	D12-13:G>	34	82048	4.1439157E-4	-1.0	39.78327	TRUE		NaN	NaN	NaN	NaN	NaN	NaN	NaN	NaN	NaN
SPIKE	S12:G>C	0	82048	0.0	-1.0	0.0	TRUE	G	6.470073E-5	2.0	0.0037349025	0.99059814	173.98213	0.03062652	0.0038912992	146.0	1.0
SPIKE	S13:A>C	1	82048	1.21879875E-5	4.2596874	40.0	TRUE	A	1.5015047E-4	9.0	0.007923677	0.97831655	242.49767	0.0512085	0.0651825	146.0	1.0
SPIKE	D13-14:A>	27	82048	3.2907567E-4	-1.0	39.828846	TRUE		NaN	NaN	NaN	NaN	NaN	NaN	NaN	NaN	NaN
SPIKE	S13:A>G	0	82048	0.0	-1.0	0.0	TRUE	A	1.4242272E-4	252.0	0.009885616	0.97942096	99.416435	0.046834014	0.012295595	146.0	0.0
SPIKE	S13:A>T	0	82048	0.0	-1.0	0.0	TRUE	A	7.1679992E-6	11.0	0.016222572	0.998954	34.531246	0.0543471	0.0043711504	146.0	0.0
SPIKE	S14:C>G	4	82048	4.875195E-5	13.290587	40.0	TRUE	C	6.3366766E-5	1.0	0.004504062	0.99079114	173.98213	0.030018255	0.0033517038	146.0	1.0
SPIKE	S14:C>T	20	82048	2.4375974E-4	-1.0	39.75	TRUE	C	2.3883202E-5	53.0	0.0063330033	0.99651915	180.20685	0.037208643	0.007976442	146.0	0.0
SPIKE	D14-15:C>	25	82048	3.046997E-4	-1.0	39.932102	TRUE		NaN	NaN	NaN	NaN	NaN	NaN	NaN	NaN	NaN
SPIKE	S14:C>A	0	82048	0.0	-1.0	0.0	TRUE	C	1.1191847E-4	2.0	0.07957597	0.98379266	73.28057	0.13614227	0.023877265	146.0	1.0
SPIKE	S15:A>C	9	82048	1.09691886E-4	28.342087	39.555557	TRUE	A	1.5015047E-4	3.0	0.007923677	0.97831655	242.49767	0.0512085	0.0651825	146.0	1.0
SPIKE	D15-16:A>	27	82048	3.2907567E-4	-1.0	39.84379	TRUE		NaN	NaN	NaN	NaN	NaN	NaN	NaN	NaN	NaN
SPIKE	S15:A>G	0	82048	0.0	-1.0	0.0	TRUE	A	3.0519153E-5	54.0	0.009885616	0.9955541	99.416435	0.046834014	0.012295595	146.0	0.0
SPIKE	S15:A>T	0	82048	0.0	-1.0	0.0	TRUE	A	2.2501812E-5	2.0	0.016222572	0.99672014	34.531246	0.0543471	0.0043711504	146.0	1.0
SPIKE	S16:G>A	19	82048	2.3157176E-4	-1.0	39.894737	TRUE	G	3.9649436E-5	72.0	0.012198452	0.9942279	180.20685	0.0457407	0.011994107	146.0	0.0
SPIKE	S16:G>T	1	82048	1.21879875E-5	-1.0	38.0	TRUE	G	2.8118944E-5	0.0	0.004705904	0.9959031	73.28057	0.031632006	0.0030094185	146.0	1.0
SPIKE	D16-17:G>	19	82048	2.3157176E-4	-1.0	39.938232	TRUE		NaN	NaN	NaN	NaN	NaN	NaN	NaN	NaN	NaN
SPIKE	S16:G>C	0	82048	0.0	-1.0	0.0	TRUE	G	6.470073E-5	0.0	0.0037349025	0.99059814	173.98213	0.03062652	0.0038912992	146.0	1.0
SPIKE	S17:A>C	4	82048	4.875195E-5	-1.0	40.0	TRUE	A	6.1918317E-6	10.0	0.007923677	0.9990964	242.49767	0.0512085	0.0651825	146.0	0.0
SPIKE	D17-18:A>	9	82048	1.09691886E-4	-1.0	39.91655	TRUE		NaN	NaN	NaN	NaN	NaN	NaN	NaN	NaN	NaN
SPIKE	S17:A>G	0	82048	0.0	-1.0	0.0	TRUE	A	7.629789E-5	135.0	0.009885616	0.9889223	99.416435	0.046834014	0.012295595	146.0	0.0
SPIKE	S17:A>T	0	82048	0.0	-1.0	0.0	TRUE	A	2.2501812E-5	5.0	0.016222572	0.99672014	34.531246	0.0543471	0.0043711504	146.0	1.0
SPIKE	S18:A>C	12	82048	1.4625584E-4	37.372986	39.583332	TRUE	A	1.5015047E-4	4.0	0.007923677	0.97831655	242.49767	0.0512085	0.0651825	146.0	1.0
SPIKE	S18:A>G	0	82048	0.0	-1.0	0.0	TRUE	A	5.1430427E-5	91.0	0.009885616	0.99251926	99.416435	0.046834014	0.012295595	146.0	0.0
SPIKE	S18:A>T	0	82048	0.0	-1.0	0.0	TRUE	A	2.2501812E-5	1.0	0.016222572	0.99672014	34.531246	0.0543471	0.0043711504	146.0	1.0
SPIKE	S19:C>G	7	82048	8.5315914E-5	22.321487	39.714287	TRUE	C	6.3366766E-5	1.0	0.004504062	0.99079114	173.98213	0.030018255	0.0033517038	146.0	1.0
SPIKE	S19:C>T	7	82048	8.5315914E-5	-1.0	40.0	TRUE	C	3.3346358E-5	74.0	0.0063330033	0.99514323	180.20685	0.037208643	0.007976442	146.0	0.0
SPIKE	S19:C>A	0	82048	0.0	-1.0	0.0	TRUE	C	1.1191847E-4	2.0	0.07957597	0.98379266	73.28057	0.13614227	0.023877265	146.0	1.0
SPIKE	S20:C>G	5	82048	6.0939936E-5	16.300888	39.2	TRUE	C	6.3366766E-5	0.0	0.004504062	0.99079114	173.98213	0.030018255	0.0033517038	146.0	1.0
SPIKE	S20:C>T	4	82048	4.875195E-5	-1.0	40.0	TRUE	C	2.8840093E-5	64.0	0.0063330033	0.9957982	180.20685	0.037208643	0.007976442	146.0	0.0
SPIKE	S20:C>A	0	82048	0.0	-1.0	0.0	TRUE	C	1.1191847E-4	0.0	0.07957597	0.98379266	73.28057	0.13614227	0.023877265	146.0	1.0
SPIKE	S21:A>G	0	82048	0.0	-1.0	0.0	TRUE	A	5.3691107E-5	95.0	0.009885616	0.99219173	99.416435	0.046834014	0.012295595	146.0	0.0
SPIKE	S21:A>C	0	82048	0.0	-1.0	0.0	TRUE	A	1.5015047E-4	3.0	0.007923677	0.97831655	242.49767	0.0512085	0.0651825	146.0	1.0
SPIKE	S21:A>T	0	82048	0.0	-1.0	0.0	TRUE	A	2.2501812E-5	0.0	0.016222572	0.99672014	34.531246	0.0543471	0.0043711504	146.0	1.0
SPIKE	S22:A>C	82048	82048	1.0	9999.0	39.993347	FALSE	C	1.5015047E-4	0.0	0.007923677	0.97831655	242.49767	0.0512085	0.0651825	146.0	1.0
SPIKE	S22:A>G	0	82048	0.0	-1.0	0.0	FALSE	C	5.6187142E-5	0.0	0.009885616	0.9918302	99.416435	0.046834014	0.012295595	146.0	1.0
SPIKE	S22:A>T	0	82048	0.0	-1.0	0.0	FALSE	C	2.2501812E-5	0.0	0.016222572	0.99672014	34.531246	0.0543471	0.0043711504	146.0	1.0
SPIKE	S23:A>T	82048	82048	1.0	-1.0	39.99331	FALSE	T	2.2501812E-5	0.0	0.016222572	0.99672014	34.531246	0.0543471	0.0043711504	146.0	1.0
SPIKE	S23:A>G	0	82048	0.0	-1.0	0.0	FALSE	T	5.6187142E-5	0.0	0.009885616	0.9918302	99.416435	0.046834014	0.012295595	146.0	1.0
SPIKE	S23:A>C	0	82048	0.0	-1.0	0.0	FALSE	T	1.5015047E-4	2.0	0.007923677	0.97831655	242.49767	0.0512085	0.0651825	146.0	1.0
SPIKE	S24:A>C	82048	82048	1.0	9999.0	39.99332	FALSE	C	1.5015047E-4	0.0	0.007923677	0.97831655	242.49767	0.0512085	0.0651825	146.0	1.0
SPIKE	S24:A>G	0	82048	0.0	-1.0	0.0	FALSE	C	5.6187142E-5	0.0	0.009885616	0.9918302	99.416435	0.046834014	0.012295595	146.0	1.0
SPIKE	S24:A>T	0	82048	0.0	-1.0	0.0	FALSE	C	2.2501812E-5	2.0	0.016222572	0.99672014	34.531246	0.0543471	0.0043711504	146.0	1.0
SPIKE	S25:A>G	0	82048	0.0	-1.0	0.0	TRUE	A	5.6187142E-5	0.0	0.009885616	0.9918302	99.416435	0.046834014	0.012295595	146.0	1.0
SPIKE	S25:A>C	0	82048	0.0	-1.0	0.0	TRUE	A	1.5015047E-4	2.0	0.007923677	0.97831655	242.49767	0.0512085	0.0651825	146.0	1.0
SPIKE	S25:A>T	0	82048	0.0	-1.0	0.0	TRUE	A	2.2501812E-5	0.0	0.016222572	0.99672014	34.531246	0.0543471	0.0043711504	146.0	1.0
SPIKE	S26:T>C	1	82048	1.21879875E-5	-1.0	40.0	TRUE	T	3.1716965E-5	50.0	0.010918813	0.99538004	99.416435	0.052620832	0.016961008	146.0	0.0
SPIKE	S26:T>A	0	82048	0.0	-1.0	0.0	TRUE	T	1.884988E-5	5.0	0.011670266	0.9972517	34.531246	0.045317136	0.0021772373	146.0	1.0
SPIKE	S26:T>G	0	82048	0.0	-1.0	0.0	TRUE	T	8.689486E-5	2.0	0.0019834938	0.9873935	242.49767	0.02945892	0.003625643	146.0	1.0
SPIKE	S27:G>A	3	82048	3.656396E-5	-1.0	39.666668	TRUE	G	3.9098748E-5	71.0	0.012198452	0.9943078	180.20685	0.0457407	0.011994107	146.0	0.0
SPIKE	S27:G>C	0	82048	0.0	-1.0	0.0	TRUE	G	6.470073E-5	0.0	0.0037349025	0.99059814	173.98213	0.03062652	0.0038912992	146.0	1.0
SPIKE	S27:G>T	0	82048	0.0	-1.0	0.0	TRUE	G	2.8118944E-5	3.0	0.004705904	0.9959031	73.28057	0.031632006	0.0030094185	146.0	1.0
SPIKE	S28:G>A	7	82048	8.5315914E-5	-1.0	38.42857	TRUE	G	3.7997375E-5	69.0	0.012198452	0.99446774	180.20685	0.0457407	0.011994107	146.0	0.0
SPIKE	S28:G>C	0	82048	0.0	-1.0	0.0	TRUE	G	6.470073E-5	0.0	0.0037349025	0.99059814	173.98213	0.03062652	0.0038912992	146.0	1.0
SPIKE	S28:G>T	0	82048	0.0	-1.0	0.0	TRUE	G	2.8118944E-5	1.0	0.004705904	0.9959031	73.28057	0.031632006	0.0030094185	146.0	1.0
SPIKE	S29:G>A	5	82048	6.0939936E-5	-1.0	39.6	TRUE	G	4.680836E-5	85.0	0.012198452	0.9931893	180.20685	0.0457407	0.011994107	146.0	0.0
SPIKE	S29:G>C	0	82048	0.0	-1.0	0.0	TRUE	G	6.470073E-5	0.0	0.0037349025	0.99059814	173.98213	0.03062652	0.0038912992	146.0	1.0
SPIKE	S29:G>T	0	82048	0.0	-1.0	0.0	TRUE	G	2.8118944E-5	0.0	0.004705904	0.9959031	73.28057	0.031632006	0.0030094185	146.0	1.0
SPIKE	S30:A>G	0	82048	0.0	-1.0	0.0	TRUE	A	4.2387714E-5	75.0	0.009885616	0.9938305	99.416435	0.046834014	0.012295595	146.0	0.0
SPIKE	S30:A>C	0	82048	0.0	-1.0	0.0	TRUE	A	1.5015047E-4	2.0	0.007923677	0.97831655	242.49767	0.0512085	0.0651825	146.0	1.0
SPIKE	S30:A>T	0	82048	0.0	-1.0	0.0	TRUE	A	2.2501812E-5	3.0	0.016222572	0.99672014	34.531246	0.0543471	0.0043711504	146.0	1.0
SPIKE	S31:T>A	0	82048	0.0	-1.0	0.0	TRUE	T	1.884988E-5	0.0	0.011670266	0.9972517	34.531246	0.045317136	0.0021772373	146.0	1.0
SPIKE	S31:T>G	0	82048	0.0	-1.0	0.0	TRUE	T	8.689486E-5	1.0	0.0019834938	0.9873935	242.49767	0.02945892	0.003625643	146.0	1.0
SPIKE	S31:T>C	0	82048	0.0	-1.0	0.0	TRUE	T	3.996338E-5	63.0	0.010918813	0.99418235	99.416435	0.052620832	0.016961008	146.0	0.0
SPIKE	S32:C>T	3	82048	3.656396E-5	-1.0	40.0	TRUE	C	3.2895732E-5	73.0	0.0063330033	0.99520874	180.20685	0.037208643	0.007976442	146.0	0.0
SPIKE	S32:C>A	0	82048	0.0	-1.0	0.0	TRUE	C	1.1191847E-4	0.0	0.07957597	0.98379266	73.28057	0.13614227	0.023877265	146.0	1.0
SPIKE	S32:C>G	0	82048	0.0	-1.0	0.0	TRUE	C	6.3366766E-5	0.0	0.004504062	0.99079114	173.98213	0.030018255	0.0033517038	146.0	1.0
SPIKE	S33:C>A	0	82048	0.0	-1.0	0.0	TRUE	C	1.1191847E-4	1.0	0.07957597	0.98379266	73.28057	0.13614227	0.023877265	146.0	1.0
SPIKE	S33:C>G	0	82048	0.0	-1.0	0.0	TRUE	C	6.3366766E-5	0.0	0.004504062	0.99079114	173.98213	0.030018255	0.0033517038	146.0	1.0
SPIKE	S33:C>T	0	82048	0.0	-1.0	0.0	TRUE	C	2.5685707E-5	57.0	0.0063330033	0.9962569	180.20685	0.037208643	0.007976442	146.0	0.0
SPIKE	S34:A>G	0	82048	0.0	-1.0	0.0	TRUE	A	1.35640685E-5	24.0	0.009885616	0.9980216	99.416435	0.046834014	0.012295595	146.0	0.0
SPIKE	S34:A>C	0	82048	0.0	-1.0	0.0	TRUE	A	1.5015047E-4	0.0	0.007923677	0.97831655	242.49767	0.0512085	0.0651825	146.0	1.0
SPIKE	S34:A>T	0	82048	0.0	-1.0	0.0	TRUE	A	2.2501812E-5	0.0	0.016222572	0.99672014	34.531246	0.0543471	0.0043711504	146.0	1.0
SPIKE	S35:T>A	0	82048	0.0	-1.0	0.0	TRUE	T	1.884988E-5	2.0	0.011670266	0.9972517	34.531246	0.045317136	0.0021772373	146.0	1.0
SPIKE	S35:T>G	0	82048	0.0	-1.0	0.0	TRUE	T	8.689486E-5	2.0	0.0019834938	0.9873935	242.49767	0.02945892	0.003625643	146.0	1.0
SPIKE	S35:T>C	0	82048	0.0	-1.0	0.0	TRUE	T	4.630677E-5	73.0	0.010918813	0.993262	99.416435	0.052620832	0.016961008	146.0	0.0
SPIKE	S36:T>A	0	82048	0.0	-1.0	0.0	TRUE	T	1.884988E-5	0.0	0.011670266	0.9972517	34.531246	0.045317136	0.0021772373	146.0	1.0
SPIKE	S36:T>G	0	82048	0.0	-1.0	0.0	TRUE	T	8.689486E-5	0.0	0.0019834938	0.9873935	242.49767	0.02945892	0.003625643	146.0	1.0
SPIKE	S36:T>C	0	82048	0.0	-1.0	0.0	TRUE	T	6.306376E-5	4.0	0.010918813	0.99083495	99.416435	0.052620832	0.016961008	146.0	1.0
SPIKE	S37:A>G	0	82048	0.0	-1.0	0.0	TRUE	A	7.347204E-6	13.0	0.009885616	0.9989279	99.416435	0.046834014	0.012295595	146.0	0.0
SPIKE	S37:A>C	0	82048	0.0	-1.0	0.0	TRUE	A	1.876125E-4	303.0	0.007923677	0.9729803	242.49767	0.0512085	0.0651825	146.0	0.0
SPIKE	S37:A>T	0	82048	0.0	-1.0	0.0	TRUE	A	2.2501812E-5	0.0	0.016222572	0.99672014	34.531246	0.0543471	0.0043711504	146.0	1.0
SPIKE	S38:T>A	0	82048	0.0	-1.0	0.0	TRUE	T	1.884988E-5	0.0	0.011670266	0.9972517	34.531246	0.045317136	0.0021772373	146.0	1.0
SPIKE	S38:T>G	0	82048	0.0	-1.0	0.0	TRUE	T	8.689486E-5	1.0	0.0019834938	0.9873935	242.49767	0.02945892	0.003625643	146.0	1.0
SPIKE	S38:T>C	0	82048	0.0	-1.0	0.0	TRUE	T	6.306376E-5	6.0	0.010918813	0.99083495	99.416435	0.052620832	0.016961008	146.0	1.0
SPIKE	S39:C>T	1	82048	1.21879875E-5	-1.0	40.0	TRUE	C	4.1457635E-5	92.0	0.0063330033	0.99396545	180.20685	0.037208643	0.007976442	146.0	0.0
SPIKE	S39:C>A	4	82048	4.875195E-5	13.290587	39.75	TRUE	C	1.1191847E-4	0.0	0.07957597	0.98379266	73.28057	0.13614227	0.023877265	146.0	1.0
SPIKE	S39:C>G	0	82048	0.0	-1.0	0.0	TRUE	C	6.3366766E-5	0.0	0.004504062	0.99079114	173.98213	0.030018255	0.0033517038	146.0	1.0
SPIKE	S40:G>A	4	82048	4.875195E-5	-1.0	40.0	TRUE	G	5.2315227E-5	95.0	0.012198452	0.99239105	180.20685	0.0457407	0.011994107	146.0	0.0
SPIKE	S40:G>C	0	82048	0.0	-1.0	0.0	TRUE	G	6.470073E-5	0.0	0.0037349025	0.99059814	173.98213	0.03062652	0.0038912992	146.0	1.0
SPIKE	S40:G>T	0	82048	0.0	-1.0	0.0	TRUE	G	2.8118944E-5	3.0	0.004705904	0.9959031	73.28057	0.031632006	0.0030094185	146.0	1.0
SPIKE	S41:G>A	3	82048	3.656396E-5	-1.0	38.333332	TRUE	G	3.744669E-5	68.0	0.012198452	0.9945477	180.20685	0.0457407	0.011994107	146.0	0.0
SPIKE	S41:G>C	0	82048	0.0	-1.0	0.0	TRUE	G	6.470073E-5	1.0	0.0037349025	0.99059814	173.98213	0.03062652	0.0038912992	146.0	1.0
SPIKE	S41:G>T	0	82048	0.0	-1.0	0.0	TRUE	G	2.8118944E-5	0.0	0.004705904	0.9959031	73.28057	0.031632006	0.0030094185	146.0	1.0
SPIKE	S42:C>T	3	82048	3.656396E-5	-1.0	39.333332	TRUE	C	4.280951E-5	95.0	0.0063330033	0.9937693	180.20685	0.037208643	0.007976442	146.0	0.0
SPIKE	S42:C>A	1	82048	1.21879875E-5	4.2596874	40.0	TRUE	C	1.1191847E-4	0.0	0.07957597	0.98379266	73.28057	0.13614227	0.023877265	146.0	1.0
SPIKE	S42:C>G	0	82048	0.0	-1.0	0.0	TRUE	C	6.3366766E-5	0.0	0.004504062	0.99079114	173.98213	0.030018255	0.0033517038	146.0	1.0
SPIKE	S43:G>A	2	82048	2.4375975E-5	-1.0	40.0	TRUE	G	4.240287E-5	77.0	0.012198452	0.9938283	180.20685	0.0457407	0.011994107	146.0	0.0
SPIKE	S43:G>C	0	82048	0.0	-1.0	0.0	TRUE	G	6.470073E-5	0.0	0.0037349025	0.99059814	173.98213	0.03062652	0.0038912992	146.0	1.0
SPIKE	S43:G>T	0	82048	0.0	-1.0	0.0	TRUE	G	2.8118944E-5	0.0	0.004705904	0.9959031	73.28057	0.031632006	0.0030094185	146.0	1.0
SPIKE	S44:G>A	1	82048	1.21879875E-5	4.2596874	40.0	TRUE	G	6.002484E-5	109.0	0.012198452	0.99127465	180.20685	0.0457407	0.011994107	146.0	0.0
SPIKE	S44:G>C	0	82048	0.0	-1.0	0.0	TRUE	G	6.470073E-5	0.0	0.0037349025	0.99059814	173.98213	0.03062652	0.0038912992	146.0	1.0
SPIKE	S44:G>T	0	82048	0.0	-1.0	0.0	TRUE	G	2.8118944E-5	1.0	0.004705904	0.9959031	73.28057	0.031632006	0.0030094185	146.0	1.0
SPIKE	S45:C>T	1	82048	1.21879875E-5	-1.0	39.0	TRUE	C	9.913782E-6	22.0	0.0063330033	0.99855363	180.20685	0.037208643	0.007976442	146.0	0.0
SPIKE	S45:C>A	3	82048	3.656396E-5	10.280287	39.333332	TRUE	C	1.1191847E-4	2.0	0.07957597	0.98379266	73.28057	0.13614227	0.023877265	146.0	1.0
SPIKE	S45:C>G	0	82048	0.0	-1.0	0.0	TRUE	C	6.3366766E-5	0.0	0.004504062	0.99079114	173.98213	0.030018255	0.0033517038	146.0	1.0
SPIKE	S46:G>A	5	82048	6.0939936E-5	-1.0	40.0	TRUE	G	4.020012E-5	73.0	0.012198452	0.99414796	180.20685	0.0457407	0.011994107	146.0	0.0
SPIKE	S46:G>C	0	82048	0.0	-1.0	0.0	TRUE	G	6.470073E-5	0.0	0.0037349025	0.99059814	173.98213	0.03062652	0.0038912992	146.0	1.0
SPIKE	S46:G>T	0	82048	0.0	-1.0	0.0	TRUE	G	2.8118944E-5	0.0	0.004705904	0.9959031	73.28057	0.031632006	0.0030094185	146.0	1.0
SPIKE	S47:A>G	0	82048	0.0	-1.0	0.0	TRUE	A	5.6187142E-5	7.0	0.009885616	0.9918302	99.416435	0.046834014	0.012295595	146.0	1.0
SPIKE	S47:A>C	0	82048	0.0	-1.0	0.0	TRUE	A	1.5015047E-4	0.0	0.007923677	0.97831655	242.49767	0.0512085	0.0651825	146.0	1.0
SPIKE	S47:A>T	0	82048	0.0	-1.0	0.0	TRUE	A	2.2501812E-5	0.0	0.016222572	0.99672014	34.531246	0.0543471	0.0043711504	146.0	1.0
SPIKE	S48:A>G	0	82048	0.0	-1.0	0.0	TRUE	A	5.6187142E-5	5.0	0.009885616	0.9918302	99.416435	0.046834014	0.012295595	146.0	1.0
SPIKE	S48:A>C	0	82048	0.0	-1.0	0.0	TRUE	A	1.5015047E-4	0.0	0.007923677	0.97831655	242.49767	0.0512085	0.0651825	146.0	1.0
SPIKE	S48:A>T	0	82048	0.0	-1.0	0.0	TRUE	A	2.2501812E-5	0.0	0.016222572	0.99672014	34.531246	0.0543471	0.0043711504	146.0	1.0
SPIKE	S49:T>C	1	82048	1.21879875E-5	4.2596874	40.0	TRUE	T	6.306376E-5	8.0	0.010918813	0.99083495	99.416435	0.052620832	0.016961008	146.0	1.0
SPIKE	S49:T>A	0	82048	0.0	-1.0	0.0	TRUE	T	1.884988E-5	0.0	0.011670266	0.9972517	34.531246	0.045317136	0.0021772373	146.0	1.0
SPIKE	S49:T>G	0	82048	0.0	-1.0	0.0	TRUE	T	8.689486E-5	1.0	0.0019834938	0.9873935	242.49767	0.02945892	0.003625643	146.0	1.0
SPIKE	S50:T>A	0	82048	0.0	-1.0	0.0	TRUE	T	1.884988E-5	0.0	0.011670266	0.9972517	34.531246	0.045317136	0.0021772373	146.0	1.0
SPIKE	S50:T>G	0	82048	0.0	-1.0	0.0	TRUE	T	8.689486E-5	1.0	0.0019834938	0.9873935	242.49767	0.02945892	0.003625643	146.0	1.0
SPIKE	S50:T>C	0	82048	0.0	-1.0	0.0	TRUE	T	6.306376E-5	9.0	0.010918813	0.99083495	99.416435	0.052620832	0.016961008	146.0	1.0
SPIKE	S51:T>C	1	82048	1.21879875E-5	-1.0	39.0	TRUE	T	6.343393E-6	10.0	0.010918813	0.9990743	99.416435	0.052620832	0.016961008	146.0	0.0
SPIKE	S51:T>A	0	82048	0.0	-1.0	0.0	TRUE	T	1.884988E-5	1.0	0.011670266	0.9972517	34.531246	0.045317136	0.0021772373	146.0	1.0
SPIKE	S51:T>G	0	82048	0.0	-1.0	0.0	TRUE	T	8.689486E-5	0.0	0.0019834938	0.9873935	242.49767	0.02945892	0.003625643	146.0	1.0
SPIKE	S52:A>G	0	82048	0.0	-1.0	0.0	TRUE	A	1.130339E-5	20.0	0.009885616	0.99835104	99.416435	0.046834014	0.012295595	146.0	0.0
SPIKE	S52:A>C	0	82048	0.0	-1.0	0.0	TRUE	A	2.6439122E-4	427.0	0.007923677	0.9621344	242.49767	0.0512085	0.0651825	146.0	0.0
SPIKE	S52:A>T	0	82048	0.0	-1.0	0.0	TRUE	A	2.2501812E-5	0.0	0.016222572	0.99672014	34.531246	0.0543471	0.0043711504	146.0	1.0
SPIKE	S53:C>A	1	82048	1.21879875E-5	4.2596874	40.0	TRUE	C	1.1191847E-4	0.0	0.07957597	0.98379266	73.28057	0.13614227	0.023877265	146.0	1.0
SPIKE	S53:C>G	0	82048	0.0	-1.0	0.0	TRUE	C	6.3366766E-5	2.0	0.004504062	0.99079114	173.98213	0.030018255	0.0033517038	146.0	1.0
SPIKE	S53:C>T	0	82048	0.0	-1.0	0.0	TRUE	C	4.190826E-5	93.0	0.0063330033	0.99390006	180.20685	0.037208643	0.007976442	146.0	0.0
SPIKE	S54:C>T	3	82048	3.656396E-5	-1.0	40.0	TRUE	C	4.055638E-5	90.0	0.0063330033	0.9940963	180.20685	0.037208643	0.007976442	146.0	0.0
SPIKE	S54:C>G	1	82048	1.21879875E-5	4.2596874	40.0	TRUE	C	6.3366766E-5	0.0	0.004504062	0.99079114	173.98213	0.030018255	0.0033517038	146.0	1.0
SPIKE	S54:C>A	0	82048	0.0	-1.0	0.0	TRUE	C	1.1191847E-4	3.0	0.07957597	0.98379266	73.28057	0.13614227	0.023877265	146.0	1.0
SPIKE	S55:A>C	1	82048	1.21879875E-5	-1.0	40.0	TRUE	A	2.7863241E-5	45.0	0.007923677	0.9959402	242.49767	0.0512085	0.0651825	146.0	0.0
SPIKE	S55:A>G	10	82048	1.2187987E-4	23.451881	40.0	TRUE	A	2.057217E-4	364.0	0.009885616	0.9704112	99.416435	0.046834014	0.012295595	146.0	0.0
SPIKE	S55:A>T	0	82048	0.0	-1.0	0.0	TRUE	A	7.1679992E-6	11.0	0.016222572	0.998954	34.531246	0.0543471	0.0043711504	146.0	0.0
SPIKE	S56:C>T	1	82048	1.21879875E-5	-1.0	40.0	TRUE	C	3.2445107E-5	72.0	0.0063330033	0.99527425	180.20685	0.037208643	0.007976442	146.0	0.0
SPIKE	S56:C>A	0	82048	0.0	-1.0	0.0	TRUE	C	3.9708757E-5	26.0	0.07957597	0.9942193	73.28057	0.13614227	0.023877265	146.0	0.0
SPIKE	S56:C>G	0	82048	0.0	-1.0	0.0	TRUE	C	6.3366766E-5	0.0	0.004504062	0.99079114	173.98213	0.030018255	0.0033517038	146.0	1.0
SPIKE	S57:C>T	4	82048	4.875195E-5	-1.0	40.0	TRUE	C	4.5513272E-5	101.0	0.0063330033	0.9933771	180.20685	0.037208643	0.007976442	146.0	0.0
SPIKE	S57:C>A	2	82048	2.4375975E-5	7.269987	40.0	TRUE	C	1.1191847E-4	1.0	0.07957597	0.98379266	73.28057	0.13614227	0.023877265	146.0	1.0
SPIKE	S57:C>G	0	82048	0.0	-1.0	0.0	TRUE	C	6.3366766E-5	0.0	0.004504062	0.99079114	173.98213	0.030018255	0.0033517038	146.0	1.0
SPIKE	S58:A>G	1	82048	1.21879875E-5	-1.0	40.0	TRUE	A	2.1476442E-5	38.0	0.009885616	0.9968693	99.416435	0.046834014	0.012295595	146.0	0.0
SPIKE	S58:A>C	0	82048	0.0	-1.0	0.0	TRUE	A	1.6717946E-5	27.0	0.007923677	0.99756217	242.49767	0.0512085	0.0651825	146.0	0.0
SPIKE	S58:A>T	0	82048	0.0	-1.0	0.0	TRUE	A	2.2501812E-5	1.0	0.016222572	0.99672014	34.531246	0.0543471	0.0043711504	146.0	1.0
SPIKE	S59:T>C	2	82048	2.4375975E-5	-1.0	40.0	TRUE	T	2.5373572E-5	40.0	0.010918813	0.9963023	99.416435	0.052620832	0.016961008	146.0	0.0
SPIKE	S59:T>A	0	82048	0.0	-1.0	0.0	TRUE	T	1.4738731E-5	27.0	0.011670266	0.9978505	34.531246	0.045317136	0.0021772373	146.0	0.0
SPIKE	S59:T>G	0	82048	0.0	-1.0	0.0	TRUE	T	8.689486E-5	0.0	0.0019834938	0.9873935	242.49767	0.02945892	0.003625643	146.0	1.0
SPIKE	S60:T>A	0	82048	0.0	-1.0	0.0	TRUE	T	1.884988E-5	0.0	0.011670266	0.9972517	34.531246	0.045317136	0.0021772373	146.0	1.0
SPIKE	S60:T>G	0	82048	0.0	-1.0	0.0	TRUE	T	8.689486E-5	3.0	0.0019834938	0.9873935	242.49767	0.02945892	0.003625643	146.0	1.0
SPIKE	S60:T>C	0	82048	0.0	-1.0	0.0	TRUE	T	6.306376E-5	9.0	0.010918813	0.99083495	99.416435	0.052620832	0.016961008	146.0	1.0
SPIKE	S61:G>A	2	82048	2.4375975E-5	-1.0	40.0	TRUE	G	4.240287E-5	77.0	0.012198452	0.9938283	180.20685	0.0457407	0.011994107	146.0	0.0
SPIKE	S61:G>C	0	82048	0.0	-1.0	0.0	TRUE	G	6.470073E-5	0.0	0.0037349025	0.99059814	173.98213	0.03062652	0.0038912992	146.0	1.0
SPIKE	S61:G>T	0	82048	0.0	-1.0	0.0	TRUE	G	1.0360339E-5	27.0	0.004705904	0.99848855	73.28057	0.031632006	0.0030094185	146.0	0.0
SPIKE	D62-63:A>	1	82048	1.21879875E-5	-1.0	40.0	TRUE		NaN	NaN	NaN	NaN	NaN	NaN	NaN	NaN	NaN
SPIKE	S62:A>G	0	82048	0.0	-1.0	0.0	TRUE	A	1.9780933E-5	35.0	0.009885616	0.99711615	99.416435	0.046834014	0.012295595	146.0	0.0
SPIKE	S62:A>C	0	82048	0.0	-1.0	0.0	TRUE	A	1.5015047E-4	2.0	0.007923677	0.97831655	242.49767	0.0512085	0.0651825	146.0	1.0
SPIKE	S62:A>T	0	82048	0.0	-1.0	0.0	TRUE	A	2.2501812E-5	4.0	0.016222572	0.99672014	34.531246	0.0543471	0.0043711504	146.0	1.0
SPIKE	S63:A>G	1	82048	1.21879875E-5	-1.0	40.0	TRUE	A	1.0173051E-5	18.0	0.009885616	0.99851584	99.416435	0.046834014	0.012295595	146.0	0.0
SPIKE	S63:A>C	0	82048	0.0	-1.0	0.0	TRUE	A	1.5015047E-4	1.0	0.007923677	0.97831655	242.49767	0.0512085	0.0651825	146.0	1.0
SPIKE	S63:A>T	0	82048	0.0	-1.0	0.0	TRUE	A	2.2501812E-5	3.0	0.016222572	0.99672014	34.531246	0.0543471	0.0043711504	146.0	1.0
SPIKE	S64:A>G	3	82048	3.656396E-5	-1.0	40.0	TRUE	A	1.8650595E-5	33.0	0.009885616	0.9972807	99.416435	0.046834014	0.012295595	146.0	0.0
SPIKE	S64:A>T	1	82048	1.21879875E-5	-1.0	40.0	TRUE	A	2.2501812E-5	0.0	0.016222572	0.99672014	34.531246	0.0543471	0.0043711504	146.0	1.0
SPIKE	S64:A>C	0	82048	0.0	-1.0	0.0	TRUE	A	1.5015047E-4	1.0	0.007923677	0.97831655	242.49767	0.0512085	0.0651825	146.0	1.0
SPIKE	S65:A>G	4	82048	4.875195E-5	-1.0	40.0	TRUE	A	4.916975E-5	87.0	0.009885616	0.9928469	99.416435	0.046834014	0.012295595	146.0	0.0
SPIKE	S65:A>C	0	82048	0.0	-1.0	0.0	TRUE	A	3.529344E-5	57.0	0.007923677	0.9948604	242.49767	0.0512085	0.0651825	146.0	0.0
SPIKE	S65:A>T	0	82048	0.0	-1.0	0.0	TRUE	A	2.2501812E-5	3.0	0.016222572	0.99672014	34.531246	0.0543471	0.0043711504	146.0	1.0
SPIKE	S66:C>T	5	82048	6.0939936E-5	-1.0	40.0	TRUE	C	3.6050118E-5	80.0	0.0063330033	0.9947505	180.20685	0.037208643	0.007976442	146.0	0.0
SPIKE	S66:C>A	0	82048	0.0	-1.0	0.0	TRUE	C	1.5272599E-5	10.0	0.07957597	0.9977727	73.28057	0.13614227	0.023877265	146.0	0.0
SPIKE	S66:C>G	0	82048	0.0	-1.0	0.0	TRUE	C	6.3366766E-5	0.0	0.004504062	0.99079114	173.98213	0.030018255	0.0033517038	146.0	1.0
SPIKE	S67:C>T	2	82048	2.4375975E-5	-1.0	40.0	TRUE	C	2.9290719E-5	65.0	0.0063330033	0.99573267	180.20685	0.037208643	0.007976442	146.0	0.0
SPIKE	S67:C>A	0	82048	0.0	-1.0	0.0	TRUE	C	3.3599717E-5	22.0	0.07957597	0.99510646	73.28057	0.13614227	0.023877265	146.0	0.0
SPIKE	S67:C>G	0	82048	0.0	-1.0	0.0	TRUE	C	6.3366766E-5	0.0	0.004504062	0.99079114	173.98213	0.030018255	0.0033517038	146.0	1.0
SPIKE	S68:A>G	9	82048	1.09691886E-4	28.342087	40.0	TRUE	A	1.4242272E-4	252.0	0.009885616	0.97942096	99.416435	0.046834014	0.012295595	146.0	0.0
SPIKE	S68:A>C	1	82048	1.21879875E-5	-1.0	40.0	TRUE	A	6.811015E-6	11.0	0.007923677	0.9990061	242.49767	0.0512085	0.0651825	146.0	0.0
SPIKE	S68:A>T	1	82048	1.21879875E-5	-1.0	40.0	TRUE	A	7.1679992E-6	11.0	0.016222572	0.998954	34.531246	0.0543471	0.0043711504	146.0	0.0
SPIKE	S69:G>A	5	82048	6.0939936E-5	-1.0	40.0	TRUE	G	3.744669E-5	68.0	0.012198452	0.9945477	180.20685	0.0457407	0.011994107	146.0	0.0
SPIKE	S69:G>C	0	82048	0.0	-1.0	0.0	TRUE	G	1.07845635E-5	29.0	0.0037349025	0.9984267	173.98213	0.03062652	0.0038912992	146.0	0.0
SPIKE	S69:G>T	0	82048	0.0	-1.0	0.0	TRUE	G	2.8118944E-5	1.0	0.004705904	0.9959031	73.28057	0.031632006	0.0030094185	146.0	1.0
SPIKE	S70:C>A	1	82048	1.21879875E-5	4.2596874	40.0	TRUE	C	1.1191847E-4	1.0	0.07957597	0.98379266	73.28057	0.13614227	0.023877265	146.0	1.0
SPIKE	S70:C>T	5	82048	6.0939936E-5	16.300888	40.0	TRUE	C	5.4976426E-5	122.0	0.0063330033	0.9920056	180.20685	0.037208643	0.007976442	146.0	0.0
SPIKE	S70:C>G	0	82048	0.0	-1.0	0.0	TRUE	C	6.3366766E-5	1.0	0.004504062	0.99079114	173.98213	0.030018255	0.0033517038	146.0	1.0
SPIKE	S71:C>A	3	82048	3.656396E-5	10.280287	40.0	TRUE	C	1.1191847E-4	6.0	0.07957597	0.98379266	73.28057	0.13614227	0.023877265	146.0	1.0
SPIKE	S71:C>T	8	82048	9.75039E-5	-1.0	40.0	TRUE	C	5.2723295E-5	117.0	0.0063330033	0.9923319	180.20685	0.037208643	0.007976442	146.0	0.0
SPIKE	S71:C>G	0	82048	0.0	-1.0	0.0	TRUE	C	8.376927E-6	23.0	0.004504062	0.9987777	173.98213	0.030018255	0.0033517038	146.0	0.0
SPIKE	S72:G>A	4	82048	4.875195E-5	13.290587	40.0	TRUE	G	6.277827E-5	114.0	0.012198452	0.99087626	180.20685	0.0457407	0.011994107	146.0	0.0
SPIKE	S72:G>C	0	82048	0.0	-1.0	0.0	TRUE	G	6.470073E-5	2.0	0.0037349025	0.99059814	173.98213	0.03062652	0.0038912992	146.0	1.0
SPIKE	S72:G>T	0	82048	0.0	-1.0	0.0	TRUE	G	5.7557436E-6	15.0	0.004705904	0.99916	73.28057	0.031632006	0.0030094185	146.0	0.0
SPIKE	S73:T>C	5	82048	6.0939936E-5	16.300888	40.0	TRUE	T	1.4018899E-4	221.0	0.010918813	0.97974044	99.416435	0.052620832	0.016961008	146.0	0.0
SPIKE	S73:T>A	0	82048	0.0	-1.0	0.0	TRUE	T	1.884988E-5	5.0	0.011670266	0.9972517	34.531246	0.045317136	0.0021772373	146.0	1.0
SPIKE	S73:T>G	0	82048	0.0	-1.0	0.0	TRUE	T	1.3974978E-5	39.0	0.0019834938	0.99796176	242.49767	0.02945892	0.003625643	146.0	0.0
SPIKE	S74:G>A	7	82048	8.5315914E-5	-1.0	40.0	TRUE	G	3.6896003E-5	67.0	0.012198452	0.99462765	180.20685	0.0457407	0.011994107	146.0	0.0
SPIKE	S74:G>C	0	82048	0.0	-1.0	0.0	TRUE	G	6.470073E-5	3.0	0.0037349025	0.99059814	173.98213	0.03062652	0.0038912992	146.0	1.0
SPIKE	S74:G>T	0	82048	0.0	-1.0	0.0	TRUE	G	2.8118944E-5	1.0	0.004705904	0.9959031	73.28057	0.031632006	0.0030094185	146.0	1.0
SPIKE	S75:G>A	1	82048	1.21879875E-5	-1.0	40.0	TRUE	G	4.6257675E-5	84.0	0.012198452	0.99326915	180.20685	0.0457407	0.011994107	146.0	0.0
SPIKE	S75:G>C	0	82048	0.0	-1.0	0.0	TRUE	G	6.470073E-5	0.0	0.0037349025	0.99059814	173.98213	0.03062652	0.0038912992	146.0	1.0
SPIKE	S75:G>T	0	82048	0.0	-1.0	0.0	TRUE	G	8.441757E-6	22.0	0.004705904	0.99876827	73.28057	0.031632006	0.0030094185	146.0	0.0
SPIKE	S76:T>C	2	82048	2.4375975E-5	7.269987	40.0	TRUE	T	5.582186E-5	88.0	0.010918813	0.99188316	99.416435	0.052620832	0.016961008	146.0	0.0
SPIKE	S76:T>A	0	82048	0.0	-1.0	0.0	TRUE	T	1.884988E-5	1.0	0.011670266	0.9972517	34.531246	0.045317136	0.0021772373	146.0	1.0
SPIKE	S76:T>G	0	82048	0.0	-1.0	0.0	TRUE	T	8.689486E-5	9.0	0.0019834938	0.9873935	242.49767	0.02945892	0.003625643	146.0	1.0
SPIKE	S77:T>A	0	82048	0.0	-1.0	0.0	TRUE	T	1.884988E-5	0.0	0.011670266	0.9972517	34.531246	0.045317136	0.0021772373	146.0	1.0
SPIKE	S77:T>G	0	82048	0.0	-1.0	0.0	TRUE	T	8.689486E-5	2.0	0.0019834938	0.9873935	242.49767	0.02945892	0.003625643	146.0	1.0
SPIKE	S77:T>C	0	82048	0.0	-1.0	0.0	TRUE	T	1.14181075E-5	18.0	0.010918813	0.99833435	99.416435	0.052620832	0.016961008	146.0	0.0
SPIKE	S78:T>A	0	82048	0.0	-1.0	0.0	TRUE	T	1.884988E-5	0.0	0.011670266	0.9972517	34.531246	0.045317136	0.0021772373	146.0	1.0
SPIKE	S78:T>G	0	82048	0.0	-1.0	0.0	TRUE	T	8.95832E-6	25.0	0.0019834938	0.9986929	242.49767	0.02945892	0.003625643	146.0	0.0
SPIKE	S78:T>C	0	82048	0.0	-1.0	0.0	TRUE	T	6.343393E-6	10.0	0.010918813	0.9990743	99.416435	0.052620832	0.016961008	146.0	0.0
SPIKE	S79:G>A	3	82048	3.656396E-5	-1.0	40.0	TRUE	G	3.579463E-5	65.0	0.012198452	0.99478763	180.20685	0.0457407	0.011994107	146.0	0.0
SPIKE	S79:G>C	0	82048	0.0	-1.0	0.0	TRUE	G	1.0040801E-5	27.0	0.0037349025	0.9985351	173.98213	0.03062652	0.0038912992	146.0	0.0
SPIKE	S79:G>T	0	82048	0.0	-1.0	0.0	TRUE	G	2.8118944E-5	3.0	0.004705904	0.9959031	73.28057	0.031632006	0.0030094185	146.0	1.0
SPIKE	S80:C>A	2	82048	2.4375975E-5	7.269987	40.0	TRUE	C	1.1191847E-4	4.0	0.07957597	0.98379266	73.28057	0.13614227	0.023877265	146.0	1.0
SPIKE	S80:C>T	4	82048	4.875195E-5	-1.0	40.0	TRUE	C	4.7315778E-5	105.0	0.0063330033	0.9931157	180.20685	0.037208643	0.007976442	146.0	0.0
SPIKE	S80:C>G	0	82048	0.0	-1.0	0.0	TRUE	C	8.741142E-6	24.0	0.004504062	0.9987246	173.98213	0.030018255	0.0033517038	146.0	0.0
SPIKE	S81:G>A	3	82048	3.656396E-5	-1.0	40.0	TRUE	G	4.680836E-5	85.0	0.012198452	0.9931893	180.20685	0.0457407	0.011994107	146.0	0.0
SPIKE	S81:G>C	0	82048	0.0	-1.0	0.0	TRUE	G	6.470073E-5	0.0	0.0037349025	0.99059814	173.98213	0.03062652	0.0038912992	146.0	1.0
SPIKE	S81:G>T	0	82048	0.0	-1.0	0.0	TRUE	G	2.8118944E-5	2.0	0.004705904	0.9959031	73.28057	0.031632006	0.0030094185	146.0	1.0
SPIKE	S82:G>A	4	82048	4.875195E-5	-1.0	40.0	TRUE	G	5.066317E-5	92.0	0.012198452	0.9926305	180.20685	0.0457407	0.011994107	146.0	0.0
SPIKE	S82:G>C	0	82048	0.0	-1.0	0.0	TRUE	G	8.181393E-6	22.0	0.0037349025	0.99880624	173.98213	0.03062652	0.0038912992	146.0	0.0
SPIKE	S82:G>T	0	82048	0.0	-1.0	0.0	TRUE	G	2.8118944E-5	1.0	0.004705904	0.9959031	73.28057	0.031632006	0.0030094185	146.0	1.0
SPIKE	S83:C>A	3	82048	3.656396E-5	10.280287	40.0	TRUE	C	1.1191847E-4	0.0	0.07957597	0.98379266	73.28057	0.13614227	0.023877265	146.0	1.0
SPIKE	S83:C>T	2	82048	2.4375975E-5	-1.0	40.0	TRUE	C	4.280951E-5	95.0	0.0063330033	0.9937693	180.20685	0.037208643	0.007976442	146.0	0.0
SPIKE	S83:C>G	0	82048	0.0	-1.0	0.0	TRUE	C	8.012714E-6	22.0	0.004504062	0.99883085	173.98213	0.030018255	0.0033517038	146.0	0.0
SPIKE	S84:G>A	3	82048	3.656396E-5	10.280287	40.0	TRUE	G	5.7271405E-5	104.0	0.012198452	0.99167323	180.20685	0.0457407	0.011994107	146.0	0.0
SPIKE	S84:G>C	0	82048	0.0	-1.0	0.0	TRUE	G	6.470073E-5	0.0	0.0037349025	0.99059814	173.98213	0.03062652	0.0038912992	146.0	1.0
SPIKE	S84:G>T	0	82048	0.0	-1.0	0.0	TRUE	G	2.8118944E-5	0.0	0.004705904	0.9959031	73.28057	0.031632006	0.0030094185	146.0	1.0
SPIKE	S85:A>G	0	82048	0.0	-1.0	0.0	TRUE	A	5.6187142E-5	8.0	0.009885616	0.9918302	99.416435	0.046834014	0.012295595	146.0	1.0
SPIKE	S85:A>C	0	82048	0.0	-1.0	0.0	TRUE	A	1.5015047E-4	0.0	0.007923677	0.97831655	242.49767	0.0512085	0.0651825	146.0	1.0
SPIKE	S85:A>T	0	82048	0.0	-1.0	0.0	TRUE	A	1.43359985E-5	22.0	0.016222572	0.9979091	34.531246	0.0543471	0.0043711504	146.0	0.0
SPIKE	S86:T>A	0	82048	0.0	-1.0	0.0	TRUE	T	1.884988E-5	0.0	0.011670266	0.9972517	34.531246	0.045317136	0.0021772373	146.0	1.0
SPIKE	S86:T>G	0	82048	0.0	-1.0	0.0	TRUE	T	8.689486E-5	0.0	0.0019834938	0.9873935	242.49767	0.02945892	0.003625643	146.0	1.0
SPIKE	S86:T>C	0	82048	0.0	-1.0	0.0	TRUE	T	2.4104895E-5	38.0	0.010918813	0.99648684	99.416435	0.052620832	0.016961008	146.0	0.0
SPIKE	S87:T>A	0	82048	0.0	-1.0	0.0	TRUE	T	1.884988E-5	1.0	0.011670266	0.9972517	34.531246	0.045317136	0.0021772373	146.0	1.0
SPIKE	S87:T>G	0	82048	0.0	-1.0	0.0	TRUE	T	8.689486E-5	6.0	0.0019834938	0.9873935	242.49767	0.02945892	0.003625643	146.0	1.0
SPIKE	S87:T>C	0	82048	0.0	-1.0	0.0	TRUE	T	7.612072E-6	12.0	0.010918813	0.99888927	99.416435	0.052620832	0.016961008	146.0	0.0
SPIKE	S88:T>A	0	82048	0.0	-1.0	0.0	TRUE	T	1.884988E-5	3.0	0.011670266	0.9972517	34.531246	0.045317136	0.0021772373	146.0	1.0
SPIKE	S88:T>G	0	82048	0.0	-1.0	0.0	TRUE	T	8.689486E-5	0.0	0.0019834938	0.9873935	242.49767	0.02945892	0.003625643	146.0	1.0
SPIKE	S88:T>C	0	82048	0.0	-1.0	0.0	TRUE	T	7.612072E-6	12.0	0.010918813	0.99888927	99.416435	0.052620832	0.016961008	146.0	0.0
SPIKE	S89:A>G	0	82048	0.0	-1.0	0.0	TRUE	A	5.6187142E-5	7.0	0.009885616	0.9918302	99.416435	0.046834014	0.012295595	146.0	1.0
SPIKE	S89:A>C	0	82048	0.0	-1.0	0.0	TRUE	A	1.5015047E-4	0.0	0.007923677	0.97831655	242.49767	0.0512085	0.0651825	146.0	1.0
SPIKE	S89:A>T	0	82048	0.0	-1.0	0.0	TRUE	A	2.2501812E-5	3.0	0.016222572	0.99672014	34.531246	0.0543471	0.0043711504	146.0	1.0
SPIKE	S90:T>A	0	82048	0.0	-1.0	0.0	TRUE	T	1.884988E-5	0.0	0.011670266	0.9972517	34.531246	0.045317136	0.0021772373	146.0	1.0
SPIKE	S90:T>G	0	82048	0.0	-1.0	0.0	TRUE	T	8.689486E-5	0.0	0.0019834938	0.9873935	242.49767	0.02945892	0.003625643	146.0	1.0
SPIKE	S90:T>C	0	82048	0.0	-1.0	0.0	TRUE	T	6.306376E-5	9.0	0.010918813	0.99083495	99.416435	0.052620832	0.016961008	146.0	1.0
SPIKE	S91:C>A	1	82048	1.21879875E-5	4.2596874	40.0	TRUE	C	1.1191847E-4	0.0	0.07957597	0.98379266	73.28057	0.13614227	0.023877265	146.0	1.0
SPIKE	S91:C>T	1	82048	1.21879875E-5	-1.0	40.0	TRUE	C	3.4247612E-5	76.0	0.0063330033	0.99501234	180.20685	0.037208643	0.007976442	146.0	0.0
SPIKE	S91:C>G	0	82048	0.0	-1.0	0.0	TRUE	C	6.3366766E-5	0.0	0.004504062	0.99079114	173.98213	0.030018255	0.0033517038	146.0	1.0
SPIKE	S92:G>A	11	82048	1.3406786E-4	-1.0	39.545456	TRUE	G	5.2315227E-5	95.0	0.012198452	0.99239105	180.20685	0.0457407	0.011994107	146.0	0.0
SPIKE	S92:G>C	0	82048	0.0	-1.0	0.0	TRUE	G	6.470073E-5	0.0	0.0037349025	0.99059814	173.98213	0.03062652	0.0038912992	146.0	1.0
SPIKE	S92:G>T	0	82048	0.0	-1.0	0.0	TRUE	G	2.8118944E-5	0.0	0.004705904	0.9959031	73.28057	0.031632006	0.0030094185	146.0	1.0
SPIKE	S93:T>A	0	82048	0.0	-1.0	0.0	TRUE	T	1.884988E-5	4.0	0.011670266	0.9972517	34.531246	0.045317136	0.0021772373	146.0	1.0
SPIKE	S93:T>G	0	82048	0.0	-1.0	0.0	TRUE	T	8.689486E-5	7.0	0.0019834938	0.9873935	242.49767	0.02945892	0.003625643	146.0	1.0
SPIKE	S93:T>C	0	82048	0.0	-1.0	0.0	TRUE	T	3.679168E-5	58.0	0.010918813	0.9946428	99.416435	0.052620832	0.016961008	146.0	0.0
SPIKE	S94:C>A	4	82048	4.875195E-5	13.290587	39.5	TRUE	C	1.1191847E-4	0.0	0.07957597	0.98379266	73.28057	0.13614227	0.023877265	146.0	1.0
SPIKE	S94:C>T	4	82048	4.875195E-5	-1.0	39.25	TRUE	C	3.6500744E-5	81.0	0.0063330033	0.99468505	180.20685	0.037208643	0.007976442	146.0	0.0
SPIKE	S94:C>G	0	82048	0.0	-1.0	0.0	TRUE	C	6.3366766E-5	0.0	0.004504062	0.99079114	173.98213	0.030018255	0.0033517038	146.0	1.0
SPIKE	S95:G>A	7	82048	8.5315914E-5	-1.0	39.57143	TRUE	G	5.011248E-5	91.0	0.012198452	0.9927103	180.20685	0.0457407	0.011994107	146.0	0.0
SPIKE	S95:G>C	0	82048	0.0	-1.0	0.0	TRUE	G	6.470073E-5	0.0	0.0037349025	0.99059814	173.98213	0.03062652	0.0038912992	146.0	1.0
SPIKE	S95:G>T	0	82048	0.0	-1.0	0.0	TRUE	G	2.8118944E-5	0.0	0.004705904	0.9959031	73.28057	0.031632006	0.0030094185	146.0	1.0
SPIKE	S96:T>C	1	82048	1.21879875E-5	4.2596874	38.0	TRUE	T	5.709054E-5	90.0	0.010918813	0.9916994	99.416435	0.052620832	0.016961008	146.0	0.0
SPIKE	S96:T>A	0	82048	0.0	-1.0	0.0	TRUE	T	1.884988E-5	5.0	0.011670266	0.9972517	34.531246	0.045317136	0.0021772373	146.0	1.0
SPIKE	S96:T>G	0	82048	0.0	-1.0	0.0	TRUE	T	8.689486E-5	1.0	0.0019834938	0.9873935	242.49767	0.02945892	0.003625643	146.0	1.0
SPIKE	S97:C>T	2	82048	2.4375975E-5	-1.0	39.0	TRUE	C	3.1093226E-5	69.0	0.0063330033	0.9954707	180.20685	0.037208643	0.007976442	146.0	0.0
SPIKE	S97:C>A	0	82048	0.0	-1.0	0.0	TRUE	C	1.1191847E-4	0.0	0.07957597	0.98379266	73.28057	0.13614227	0.023877265	146.0	1.0
SPIKE	S97:C>G	0	82048	0.0	-1.0	0.0	TRUE	C	6.3366766E-5	0.0	0.004504062	0.99079114	173.98213	0.030018255	0.0033517038	146.0	1.0
SPIKE	S98:A>G	1	82048	1.21879875E-5	-1.0	40.0	TRUE	A	1.2433729E-5	22.0	0.009885616	0.99818635	99.416435	0.046834014	0.012295595	146.0	0.0
SPIKE	S98:A>C	0	82048	0.0	-1.0	0.0	TRUE	A	1.5015047E-4	1.0	0.007923677	0.97831655	242.49767	0.0512085	0.0651825	146.0	1.0
SPIKE	S98:A>T	0	82048	0.0	-1.0	0.0	TRUE	A	2.2501812E-5	0.0	0.016222572	0.99672014	34.531246	0.0543471	0.0043711504	146.0	1.0
SPIKE	S99:T>A	0	82048	0.0	-1.0	0.0	TRUE	T	1.884988E-5	0.0	0.011670266	0.9972517	34.531246	0.045317136	0.0021772373	146.0	1.0
SPIKE	S99:T>G	0	82048	0.0	-1.0	0.0	TRUE	T	8.689486E-5	0.0	0.0019834938	0.9873935	242.49767	0.02945892	0.003625643	146.0	1.0
SPIKE	S99:T>C	0	82048	0.0	-1.0	0.0	TRUE	T	6.9777325E-6	11.0	0.010918813	0.9989818	99.416435	0.052620832	0.016961008	146.0	0.0
SPIKE	S100:C>T	3	82048	3.656396E-5	-1.0	39.666668	TRUE	C	4.5513272E-5	101.0	0.0063330033	0.9933771	180.20685	0.037208643	0.007976442	146.0	0.0
SPIKE	S100:C>A	4	82048	4.875195E-5	13.290587	39.25	TRUE	C	1.1191847E-4	0.0	0.07957597	0.98379266	73.28057	0.13614227	0.023877265	146.0	1.0
SPIKE	S100:C>G	0	82048	0.0	-1.0	0.0	TRUE	C	6.3366766E-5	0.0	0.004504062	0.99079114	173.98213	0.030018255	0.0033517038	146.0	1.0
SPIKE	S101:G>A	5	82048	6.0939936E-5	-1.0	39.0	TRUE	G	5.066317E-5	92.0	0.012198452	0.9926305	180.20685	0.0457407	0.011994107	146.0	0.0
SPIKE	S101:G>C	0	82048	0.0	-1.0	0.0	TRUE	G	6.470073E-5	0.0	0.0037349025	0.99059814	173.98213	0.03062652	0.0038912992	146.0	1.0
SPIKE	S101:G>T	0	82048	0.0	-1.0	0.0	TRUE	G	2.8118944E-5	0.0	0.004705904	0.9959031	73.28057	0.031632006	0.0030094185	146.0	1.0
SPIKE	S102:T>C	2	82048	2.4375975E-5	-1.0	40.0	TRUE	T	2.4739235E-5	39.0	0.010918813	0.9963946	99.416435	0.052620832	0.016961008	146.0	0.0
SPIKE	S102:T>A	0	82048	0.0	-1.0	0.0	TRUE	T	1.884988E-5	0.0	0.011670266	0.9972517	34.531246	0.045317136	0.0021772373	146.0	1.0
SPIKE	S102:T>G	0	82048	0.0	-1.0	0.0	TRUE	T	8.689486E-5	3.0	0.0019834938	0.9873935	242.49767	0.02945892	0.003625643	146.0	1.0
SPIKE	S103:G>A	4	82048	4.875195E-5	-1.0	39.5	TRUE	G	3.249051E-5	59.0	0.012198452	0.9952676	180.20685	0.0457407	0.011994107	146.0	0.0
SPIKE	S103:G>C	0	82048	0.0	-1.0	0.0	TRUE	G	6.470073E-5	0.0	0.0037349025	0.99059814	173.98213	0.03062652	0.0038912992	146.0	1.0
SPIKE	S103:G>T	0	82048	0.0	-1.0	0.0	TRUE	G	2.8118944E-5	0.0	0.004705904	0.9959031	73.28057	0.031632006	0.0030094185	146.0	1.0
SPIKE	S104:G>A	2	82048	2.4375975E-5	7.269987	40.0	TRUE	G	5.6170033E-5	102.0	0.012198452	0.99183273	180.20685	0.0457407	0.011994107	146.0	0.0
SPIKE	S104:G>C	0	82048	0.0	-1.0	0.0	TRUE	G	6.470073E-5	3.0	0.0037349025	0.99059814	173.98213	0.03062652	0.0038912992	146.0	1.0
SPIKE	S104:G>T	0	82048	0.0	-1.0	0.0	TRUE	G	2.8118944E-5	0.0	0.004705904	0.9959031	73.28057	0.031632006	0.0030094185	146.0	1.0
SPIKE	S105:C>T	10	82048	1.2187987E-4	-1.0	34.0	TRUE	C	4.4612018E-5	99.0	0.0063330033	0.9935078	180.20685	0.037208643	0.007976442	146.0	0.0
SPIKE	S105:C>A	1	82048	1.21879875E-5	4.2596874	40.0	TRUE	C	1.1191847E-4	1.0	0.07957597	0.98379266	73.28057	0.13614227	0.023877265	146.0	1.0
SPIKE	S105:C>G	0	82048	0.0	-1.0	0.0	TRUE	C	4.370571E-6	12.0	0.004504062	0.9993621	173.98213	0.030018255	0.0033517038	146.0	0.0
SPIKE	S106:G>A	3	82048	3.656396E-5	-1.0	39.666668	TRUE	G	5.3967287E-5	98.0	0.012198452	0.99215174	180.20685	0.0457407	0.011994107	146.0	0.0
SPIKE	S106:G>C	0	82048	0.0	-1.0	0.0	TRUE	G	6.470073E-5	0.0	0.0037349025	0.99059814	173.98213	0.03062652	0.0038912992	146.0	1.0
SPIKE	S106:G>T	0	82048	0.0	-1.0	0.0	TRUE	G	2.8118944E-5	0.0	0.004705904	0.9959031	73.28057	0.031632006	0.0030094185	146.0	1.0
SPIKE	S107:G>A	6	82048	7.312792E-5	19.311188	39.333332	TRUE	G	7.8748184E-5	143.0	0.012198452	0.9885686	180.20685	0.0457407	0.011994107	146.0	0.0
SPIKE	S107:G>C	0	82048	0.0	-1.0	0.0	TRUE	G	6.470073E-5	0.0	0.0037349025	0.99059814	173.98213	0.03062652	0.0038912992	146.0	1.0
SPIKE	S107:G>T	0	82048	0.0	-1.0	0.0	TRUE	G	2.8118944E-5	0.0	0.004705904	0.9959031	73.28057	0.031632006	0.0030094185	146.0	1.0
SPIKE	S108:C>T	4	82048	4.875195E-5	-1.0	40.0	TRUE	C	4.8217033E-5	107.0	0.0063330033	0.992985	180.20685	0.037208643	0.007976442	146.0	0.0
SPIKE	S108:C>A	0	82048	0.0	-1.0	0.0	TRUE	C	1.1191847E-4	1.0	0.07957597	0.98379266	73.28057	0.13614227	0.023877265	146.0	1.0
SPIKE	S108:C>G	0	82048	0.0	-1.0	0.0	TRUE	C	6.3366766E-5	0.0	0.004504062	0.99079114	173.98213	0.030018255	0.0033517038	146.0	1.0
SPIKE	S109:A>G	0	82048	0.0	-1.0	0.0	TRUE	A	1.186856E-5	21.0	0.009885616	0.99826866	99.416435	0.046834014	0.012295595	146.0	0.0
SPIKE	S109:A>C	0	82048	0.0	-1.0	0.0	TRUE	A	1.5015047E-4	0.0	0.007923677	0.97831655	242.49767	0.0512085	0.0651825	146.0	1.0
SPIKE	S109:A>T	0	82048	0.0	-1.0	0.0	TRUE	A	2.2501812E-5	0.0	0.016222572	0.99672014	34.531246	0.0543471	0.0043711504	146.0	1.0
SPIKE	S110:G>A	9	82048	1.09691886E-4	-1.0	39.11111	TRUE	G	4.240287E-5	77.0	0.012198452	0.9938283	180.20685	0.0457407	0.011994107	146.0	0.0
SPIKE	S110:G>C	0	82048	0.0	-1.0	0.0	TRUE	G	6.470073E-5	0.0	0.0037349025	0.99059814	173.98213	0.03062652	0.0038912992	146.0	1.0
SPIKE	S110:G>T	0	82048	0.0	-1.0	0.0	TRUE	G	2.8118944E-5	0.0	0.004705904	0.9959031	73.28057	0.031632006	0.0030094185	146.0	1.0
SPIKE	S111:C>T	2	82048	2.4375975E-5	-1.0	39.5	TRUE	C	4.0105755E-5	89.0	0.0063330033	0.99416167	180.20685	0.037208643	0.007976442	146.0	0.0
SPIKE	S111:C>A	2	82048	2.4375975E-5	7.269987	39.5	TRUE	C	1.1191847E-4	0.0	0.07957597	0.98379266	73.28057	0.13614227	0.023877265	146.0	1.0
SPIKE	S111:C>G	0	82048	0.0	-1.0	0.0	TRUE	C	6.3366766E-5	0.0	0.004504062	0.99079114	173.98213	0.030018255	0.0033517038	146.0	1.0
SPIKE	S112:G>A	1	82047	1.2188136E-5	-1.0	38.0	TRUE	G	3.7997837E-5	69.0	0.012198452	0.9944677	180.20465	0.0457407	0.011994107	146.0	0.0
SPIKE	S112:G>C	0	82047	0.0	-1.0	0.0	TRUE	G	6.470073E-5	0.0	0.0037349025	0.99059814	173.98001	0.03062652	0.0038912992	146.0	1.0
SPIKE	S112:G>T	0	82047	0.0	-1.0	0.0	TRUE	G	2.8118944E-5	0.0	0.004705904	0.9959031	73.27968	0.031632006	0.0030094185	146.0	1.0
SPIKE	S113:T>C	1	82047	1.2188136E-5	-1.0	40.0	TRUE	T	3.3620396E-5	53.0	0.010918813	0.9951035	99.41522	0.052620832	0.016961008	146.0	0.0
SPIKE	S113:T>A	0	82047	0.0	-1.0	0.0	TRUE	T	1.884988E-5	1.0	0.011670266	0.9972517	34.530827	0.045317136	0.0021772373	146.0	1.0
SPIKE	S113:T>G	0	82047	0.0	-1.0	0.0	TRUE	T	8.689486E-5	6.0	0.0019834938	0.9873935	242.49472	0.02945892	0.003625643	146.0	1.0
SPIKE	S114:G>A	2	82047	2.4376272E-5	-1.0	39.5	TRUE	G	3.4142984E-5	62.0	0.012198452	0.99502754	180.20465	0.0457407	0.011994107	146.0	0.0
SPIKE	S114:G>C	0	82047	0.0	-1.0	0.0	TRUE	G	6.470073E-5	0.0	0.0037349025	0.99059814	173.98001	0.03062652	0.0038912992	146.0	1.0
SPIKE	S114:G>T	0	82047	0.0	-1.0	0.0	TRUE	G	2.8118944E-5	0.0	0.004705904	0.9959031	73.27968	0.031632006	0.0030094185	146.0	1.0
SPIKE	S115:A>G	5	82047	6.094068E-5	16.300888	39.2	TRUE	A	5.99087E-5	106.0	0.009885616	0.99129146	99.41522	0.046834014	0.012295595	146.0	0.0
SPIKE	S115:A>C	0	82047	0.0	-1.0	0.0	TRUE	A	1.5015047E-4	2.0	0.007923677	0.97831655	242.49472	0.0512085	0.0651825	146.0	1.0
SPIKE	S115:A>T	0	82047	0.0	-1.0	0.0	TRUE	A	2.2501812E-5	0.0	0.016222572	0.99672014	34.530827	0.0543471	0.0043711504	146.0	1.0
SPIKE	S116:C>T	2	82047	2.4376272E-5	-1.0	39.5	TRUE	C	3.3797398E-5	75.0	0.0063330033	0.9950777	180.20465	0.037208643	0.007976442	146.0	0.0
SPIKE	S116:C>A	0	82047	0.0	-1.0	0.0	TRUE	C	1.1191847E-4	0.0	0.07957597	0.98379266	73.27968	0.13614227	0.023877265	146.0	1.0
SPIKE	S116:C>G	0	82047	0.0	-1.0	0.0	TRUE	C	6.3366766E-5	0.0	0.004504062	0.99079114	173.98001	0.030018255	0.0033517038	146.0	1.0
SPIKE	S117:C>T	4	82047	4.8752543E-5	-1.0	38.0	TRUE	C	2.9741708E-5	66.0	0.0063330033	0.9956671	180.20465	0.037208643	0.007976442	146.0	0.0
SPIKE	S117:C>A	1	82047	1.2188136E-5	4.2596874	40.0	TRUE	C	1.1191847E-4	2.0	0.07957597	0.98379266	73.27968	0.13614227	0.023877265	146.0	1.0
SPIKE	S117:C>G	0	82047	0.0	-1.0	0.0	TRUE	C	6.3366766E-5	0.0	0.004504062	0.99079114	173.98001	0.030018255	0.0033517038	146.0	1.0
SPIKE	S118:T>C	1	82047	1.2188136E-5	-1.0	39.0	TRUE	T	4.1866908E-5	66.0	0.010918813	0.9939061	99.41522	0.052620832	0.016961008	146.0	0.0
SPIKE	S118:T>A	0	82047	0.0	-1.0	0.0	TRUE	T	1.884988E-5	4.0	0.011670266	0.9972517	34.530827	0.045317136	0.0021772373	146.0	1.0
SPIKE	S118:T>G	0	82047	0.0	-1.0	0.0	TRUE	T	8.689486E-5	5.0	0.0019834938	0.9873935	242.49472	0.02945892	0.003625643	146.0	1.0
SPIKE	S119:A>G	3	82047	3.656441E-5	-1.0	39.666668	TRUE	A	2.3172233E-5	41.0	0.009885616	0.99662256	99.41522	0.046834014	0.012295595	146.0	0.0
SPIKE	S119:A>C	0	82047	0.0	-1.0	0.0	TRUE	A	1.5015047E-4	4.0	0.007923677	0.97831655	242.49472	0.0512085	0.0651825	146.0	1.0
SPIKE	S119:A>T	0	82047	0.0	-1.0	0.0	TRUE	A	2.2501812E-5	1.0	0.016222572	0.99672014	34.530827	0.0543471	0.0043711504	146.0	1.0
SPIKE	S120:T>C	2	82047	2.4376272E-5	-1.0	39.5	TRUE	T	1.5224329E-5	24.0	0.010918813	0.9977797	99.41522	0.052620832	0.016961008	146.0	0.0
SPIKE	S120:T>A	0	82047	0.0	-1.0	0.0	TRUE	T	1.884988E-5	0.0	0.011670266	0.9972517	34.530827	0.045317136	0.0021772373	146.0	1.0
SPIKE	S120:T>G	0	82047	0.0	-1.0	0.0	TRUE	T	8.689486E-5	2.0	0.0019834938	0.9873935	242.49472	0.02945892	0.003625643	146.0	1.0
SPIKE	S121:G>A	6	82047	7.312882E-5	-1.0	39.333332	TRUE	G	3.3592292E-5	61.0	0.012198452	0.99510753	180.20465	0.0457407	0.011994107	146.0	0.0
SPIKE	S121:G>C	0	82047	0.0	-1.0	0.0	TRUE	G	6.470073E-5	0.0	0.0037349025	0.99059814	173.98001	0.03062652	0.0038912992	146.0	1.0
SPIKE	S121:G>T	0	82047	0.0	-1.0	0.0	TRUE	G	2.8118944E-5	0.0	0.004705904	0.9959031	73.27968	0.031632006	0.0030094185	146.0	1.0
SPIKE	S122:T>C	1	82047	1.2188136E-5	4.2596874	39.0	TRUE	T	6.026297E-5	95.0	0.010918813	0.9912402	99.41522	0.052620832	0.016961008	146.0	0.0
SPIKE	S122:T>A	0	82047	0.0	-1.0	0.0	TRUE	T	1.884988E-5	0.0	0.011670266	0.9972517	34.530827	0.045317136	0.0021772373	146.0	1.0
SPIKE	S122:T>G	0	82047	0.0	-1.0	0.0	TRUE	T	8.689486E-5	2.0	0.0019834938	0.9873935	242.49472	0.02945892	0.003625643	146.0	1.0
SPIKE	S123:G>A	6	82047	7.312882E-5	-1.0	39.666668	TRUE	G	3.1940213E-5	58.0	0.012198452	0.99534756	180.20465	0.0457407	0.011994107	146.0	0.0
SPIKE	S123:G>C	0	82047	0.0	-1.0	0.0	TRUE	G	6.470073E-5	0.0	0.0037349025	0.99059814	173.98001	0.03062652	0.0038912992	146.0	1.0
SPIKE	S123:G>T	0	82047	0.0	-1.0	0.0	TRUE	G	2.8118944E-5	0.0	0.004705904	0.9959031	73.27968	0.031632006	0.0030094185	146.0	1.0
SPIKE	S124:T>C	2	82047	2.4376272E-5	-1.0	39.5	TRUE	T	4.2501255E-5	67.0	0.010918813	0.99381405	99.41522	0.052620832	0.016961008	146.0	0.0
SPIKE	S124:T>A	0	82047	0.0	-1.0	0.0	TRUE	T	1.884988E-5	1.0	0.011670266	0.9972517	34.530827	0.045317136	0.0021772373	146.0	1.0
SPIKE	S124:T>G	0	82047	0.0	-1.0	0.0	TRUE	T	8.689486E-5	3.0	0.0019834938	0.9873935	242.49472	0.02945892	0.003625643	146.0	1.0
SPIKE	S125:G>A	1	82047	1.2188136E-5	-1.0	39.0	TRUE	G	4.185269E-5	76.0	0.012198452	0.99390817	180.20465	0.0457407	0.011994107	146.0	0.0
SPIKE	S125:G>C	0	82047	0.0	-1.0	0.0	TRUE	G	6.470073E-5	0.0	0.0037349025	0.99059814	173.98001	0.03062652	0.0038912992	146.0	1.0
SPIKE	S125:G>T	0	82047	0.0	-1.0	0.0	TRUE	G	2.8118944E-5	0.0	0.004705904	0.9959031	73.27968	0.031632006	0.0030094185	146.0	1.0
SPIKE	S126:C>T	3	82047	3.656441E-5	-1.0	34.666668	TRUE	C	4.326067E-5	96.0	0.0063330033	0.99370384	180.20465	0.037208643	0.007976442	146.0	0.0
SPIKE	S126:C>A	0	82047	0.0	-1.0	0.0	TRUE	C	1.1191847E-4	4.0	0.07957597	0.98379266	73.27968	0.13614227	0.023877265	146.0	1.0
SPIKE	S126:C>G	0	82047	0.0	-1.0	0.0	TRUE	C	3.6421868E-6	10.0	0.004504062	0.9994684	173.98001	0.030018255	0.0033517038	146.0	0.0
SPIKE	S127:G>A	4	82047	4.8752543E-5	-1.0	39.25	TRUE	G	4.3504773E-5	79.0	0.012198452	0.99366844	180.20465	0.0457407	0.011994107	146.0	0.0
SPIKE	S127:G>C	0	82047	0.0	-1.0	0.0	TRUE	G	6.470073E-5	3.0	0.0037349025	0.99059814	173.98001	0.03062652	0.0038912992	146.0	1.0
SPIKE	S127:G>T	0	82047	0.0	-1.0	0.0	TRUE	G	2.8118944E-5	0.0	0.004705904	0.9959031	73.27968	0.031632006	0.0030094185	146.0	1.0
SPIKE	S128:G>A	4	82047	4.8752543E-5	-1.0	39.0	TRUE	G	5.121448E-5	93.0	0.012198452	0.99255055	180.20465	0.0457407	0.011994107	146.0	0.0
SPIKE	S128:G>C	0	82047	0.0	-1.0	0.0	TRUE	G	6.470073E-5	0.0	0.0037349025	0.99059814	173.98001	0.03062652	0.0038912992	146.0	1.0
SPIKE	S128:G>T	0	82047	0.0	-1.0	0.0	TRUE	G	2.8118944E-5	3.0	0.004705904	0.9959031	73.27968	0.031632006	0.0030094185	146.0	1.0
SPIKE	S129:C>A	5	82047	6.094068E-5	16.300888	39.4	TRUE	C	1.1191847E-4	1.0	0.07957597	0.98379266	73.27968	0.13614227	0.023877265	146.0	1.0
SPIKE	S129:C>T	3	82047	3.656441E-5	-1.0	33.333332	TRUE	C	3.7853082E-5	84.0	0.0063330033	0.9944887	180.20465	0.037208643	0.007976442	146.0	0.0
SPIKE	S129:C>G	0	82047	0.0	-1.0	0.0	TRUE	C	6.3366766E-5	7.0	0.004504062	0.99079114	173.98001	0.030018255	0.0033517038	146.0	1.0
SPIKE	S130:G>A	8	82047	9.7505086E-5	-1.0	39.625	TRUE	G	4.460616E-5	81.0	0.012198452	0.99350864	180.20465	0.0457407	0.011994107	146.0	0.0
SPIKE	S130:G>C	0	82047	0.0	-1.0	0.0	TRUE	G	6.470073E-5	3.0	0.0037349025	0.99059814	173.98001	0.03062652	0.0038912992	146.0	1.0
SPIKE	S130:G>T	0	82047	0.0	-1.0	0.0	TRUE	G	2.8118944E-5	0.0	0.004705904	0.9959031	73.27968	0.031632006	0.0030094185	146.0	1.0
SPIKE	S131:G>A	4	82047	4.8752543E-5	13.290587	39.75	TRUE	G	8.7560235E-5	159.0	0.012198452	0.9872976	180.20465	0.0457407	0.011994107	146.0	0.0
SPIKE	S131:G>C	0	82047	0.0	-1.0	0.0	TRUE	G	6.470073E-5	1.0	0.0037349025	0.99059814	173.98001	0.03062652	0.0038912992	146.0	1.0
SPIKE	S131:G>T	0	82047	0.0	-1.0	0.0	TRUE	G	2.8118944E-5	1.0	0.004705904	0.9959031	73.27968	0.031632006	0.0030094185	146.0	1.0
SPIKE	S132:C>T	1	82047	1.2188136E-5	-1.0	40.0	TRUE	C	4.145814E-5	92.0	0.0063330033	0.9939654	180.20465	0.037208643	0.007976442	146.0	0.0
SPIKE	S132:C>A	0	82047	0.0	-1.0	0.0	TRUE	C	1.1191847E-4	3.0	0.07957597	0.98379266	73.27968	0.13614227	0.023877265	146.0	1.0
SPIKE	S132:C>G	0	82047	0.0	-1.0	0.0	TRUE	C	6.3366766E-5	3.0	0.004504062	0.99079114	173.98001	0.030018255	0.0033517038	146.0	1.0
SPIKE	S133:A>G	0	82047	0.0	-1.0	0.0	TRUE	A	5.6187142E-5	2.0	0.009885616	0.9918302	99.41522	0.046834014	0.012295595	146.0	1.0
SPIKE	S133:A>C	0	82047	0.0	-1.0	0.0	TRUE	A	1.5015047E-4	5.0	0.007923677	0.97831655	242.49472	0.0512085	0.0651825	146.0	1.0
SPIKE	S133:A>T	0	82047	0.0	-1.0	0.0	TRUE	A	2.2501812E-5	0.0	0.016222572	0.99672014	34.530827	0.0543471	0.0043711504	146.0	1.0
SPIKE	S134:G>A	0	82047	0.0	-1.0	0.0	TRUE	G	6.332973E-5	115.0	0.012198452	0.99079645	180.20465	0.0457407	0.011994107	146.0	0.0
SPIKE	S134:G>C	0	82047	0.0	-1.0	0.0	TRUE	G	1.0412809E-5	28.0	0.0037349025	0.99848086	173.98001	0.03062652	0.0038912992	146.0	0.0
SPIKE	S134:G>T	0	82047	0.0	-1.0	0.0	TRUE	G	2.8118944E-5	2.0	0.004705904	0.9959031	73.27968	0.031632006	0.0030094185	146.0	1.0
SPIKE	S135:C>A	0	82047	0.0	-1.0	0.0	TRUE	C	1.1191847E-4	3.0	0.07957597	0.98379266	73.27968	0.13614227	0.023877265	146.0	1.0
SPIKE	S135:C>G	0	82047	0.0	-1.0	0.0	TRUE	C	6.3366766E-5	2.0	0.004504062	0.99079114	173.98001	0.030018255	0.0033517038	146.0	1.0
SPIKE	S135:C>T	0	82047	0.0	-1.0	0.0	TRUE	C	1.15812414E-4	257.0	0.0063330033	0.9832335	180.20465	0.037208643	0.007976442	146.0	0.0
SPIKE	S136:C>A	0	82047	0.0	-1.0	0.0	TRUE	C	1.1191847E-4	4.0	0.07957597	0.98379266	73.27968	0.13614227	0.023877265	146.0	1.0
SPIKE	S136:C>G	0	82047	0.0	-1.0	0.0	TRUE	C	6.3366766E-5	4.0	0.004504062	0.99079114	173.98001	0.030018255	0.0033517038	146.0	1.0
SPIKE	S136:C>T	0	82047	0.0	-1.0	0.0	TRUE	C	1.1400988E-4	253.0	0.0063330033	0.9834923	180.20465	0.037208643	0.007976442	146.0	0.0
SPIKE	S137:T>A	0	82047	0.0	-1.0	0.0	TRUE	T	1.884988E-5	4.0	0.011670266	0.9972517	34.530827	0.045317136	0.0021772373	146.0	1.0
SPIKE	S137:T>G	0	82047	0.0	-1.0	0.0	TRUE	T	4.4792145E-5	125.0	0.0019834938	0.9934817	242.49472	0.02945892	0.003625643	146.0	0.0
SPIKE	S137:T>C	0	82047	0.0	-1.0	0.0	TRUE	T	6.306376E-5	3.0	0.010918813	0.99083495	99.41522	0.052620832	0.016961008	146.0	1.0
SPIKE	S138:G>A	0	82047	0.0	-1.0	0.0	TRUE	G	2.6268073E-4	477.0	0.012198452	0.96237475	180.20465	0.0457407	0.011994107	146.0	0.0
SPIKE	S138:G>C	0	82047	0.0	-1.0	0.0	TRUE	G	6.470073E-5	4.0	0.0037349025	0.99059814	173.98001	0.03062652	0.0038912992	146.0	1.0
SPIKE	S138:G>T	0	82047	0.0	-1.0	0.0	TRUE	G	9.593023E-6	25.0	0.004705904	0.9986004	73.27968	0.031632006	0.0030094185	146.0	0.0
SPIKE	S139:A>G	0	82047	0.0	-1.0	0.0	TRUE	A	3.164988E-5	56.0	0.009885616	0.99538976	99.41522	0.046834014	0.012295595	146.0	0.0
SPIKE	S139:A>C	0	82047	0.0	-1.0	0.0	TRUE	A	1.5015047E-4	2.0	0.007923677	0.97831655	242.49472	0.0512085	0.0651825	146.0	1.0
SPIKE	S139:A>T	0	82047	0.0	-1.0	0.0	TRUE	A	4.1053587E-4	630.0	0.016222572	0.9418227	34.530827	0.0543471	0.0043711504	146.0	0.0
SPIKE	S140:T>A	0	82047	0.0	-1.0	0.0	TRUE	T	6.8781585E-5	126.0	0.011670266	0.9900081	34.530827	0.045317136	0.0021772373	146.0	0.0
SPIKE	S140:T>G	0	82047	0.0	-1.0	0.0	TRUE	T	2.1141892E-5	59.0	0.0019834938	0.996918	242.49472	0.02945892	0.003625643	146.0	0.0
SPIKE	S140:T>C	0	82047	0.0	-1.0	0.0	TRUE	T	1.5224329E-5	24.0	0.010918813	0.9977797	99.41522	0.052620832	0.016961008	146.0	0.0
SPIKE	S141:T>A	0	82047	0.0	-1.0	0.0	TRUE	T	6.4414495E-4	1180.0	0.011670266	0.91024166	34.530827	0.045317136	0.0021772373	146.0	0.0
SPIKE	S141:T>G	0	82047	0.0	-1.0	0.0	TRUE	T	4.3358796E-5	121.0	0.0019834938	0.9936896	242.49472	0.02945892	0.003625643	146.0	0.0
SPIKE	S141:T>C	0	82047	0.0	-1.0	0.0	TRUE	T	4.8210375E-5	76.0	0.010918813	0.992986	99.41522	0.052620832	0.016961008	146.0	0.0
SPIKE	S142:A>G	0	82047	0.0	-1.0	0.0	TRUE	A	9.822766E-4	1738.0	0.009885616	0.8663967	99.41522	0.046834014	0.012295595	146.0	0.0
SPIKE	S142:A>C	0	82047	0.0	-1.0	0.0	TRUE	A	1.4674819E-4	237.0	0.007923677	0.9788027	242.49472	0.0512085	0.0651825	146.0	0.0
SPIKE	S142:A>T	0	82047	0.0	-1.0	0.0	TRUE	A	1.4466501E-4	222.0	0.016222572	0.9791004	34.530827	0.0543471	0.0043711504	146.0	0.0
SPIKE	S143:G>A	0	82047	0.0	-1.0	0.0	TRUE	G	2.2413218E-4	407.0	0.012198452	0.96780634	180.20465	0.0457407	0.011994107	146.0	0.0
SPIKE	S143:G>C	0	82047	0.0	-1.0	0.0	TRUE	G	0.0010498343	2823.0	0.0037349025	0.85789305	173.98001	0.03062652	0.0038912992	146.0	0.0
SPIKE	S143:G>T	0	82047	0.0	-1.0	0.0	TRUE	G	1.227907E-5	32.0	0.004705904	0.9982089	73.27968	0.031632006	0.0030094185	146.0	0.0
SPIKE	S144:C>A	0	82047	0.0	-1.0	0.0	TRUE	C	1.1191847E-4	8.0	0.07957597	0.98379266	73.27968	0.13614227	0.023877265	146.0	1.0
SPIKE	S144:C>G	0	82047	0.0	-1.0	0.0	TRUE	C	1.4459481E-4	397.0	0.004504062	0.9791104	173.98001	0.030018255	0.0033517038	146.0	0.0
SPIKE	S144:C>T	0	82047	0.0	-1.0	0.0	TRUE	C	9.283018E-5	206.0	0.0063330033	0.98653823	180.20465	0.037208643	0.007976442	146.0	0.0
SPIKE	S145:C>A	0	82047	0.0	-1.0	0.0	TRUE	C	1.1191847E-4	7.0	0.07957597	0.98379266	73.27968	0.13614227	0.023877265	146.0	1.0
SPIKE	S145:C>G	0	82047	0.0	-1.0	0.0	TRUE	C	1.1909951E-4	327.0	0.004504062	0.9827618	173.98001	0.030018255	0.0033517038	146.0	0.0
SPIKE	S145:C>T	0	82047	0.0	-1.0	0.0	TRUE	C	1.6673382E-4	370.0	0.0063330033	0.9759508	180.20465	0.037208643	0.007976442	146.0	0.0
SPIKE	S146:C>A	0	82047	0.0	-1.0	0.0	TRUE	C	1.1191847E-4	5.0	0.07957597	0.98379266	73.27968	0.13614227	0.023877265	146.0	1.0
SPIKE	S146:C>G	0	82047	0.0	-1.0	0.0	TRUE	C	0.0014160823	3888.0	0.004504062	0.81322455	173.98001	0.030018255	0.0033517038	146.0	0.0
SPIKE	S146:C>T	0	82047	0.0	-1.0	0.0	TRUE	C	2.383843E-4	529.0	0.0063330033	0.96579456	180.20465	0.037208643	0.007976442	146.0	0.0
SPIKE	S147:G>A	0	82047	0.0	-1.0	0.0	TRUE	G	7.103944E-5	129.0	0.012198452	0.98968184	180.20465	0.0457407	0.011994107	146.0	0.0
SPIKE	S147:G>C	0	82047	0.0	-1.0	0.0	TRUE	G	2.7408E-4	737.0	0.0037349025	0.96077436	173.98001	0.03062652	0.0038912992	146.0	0.0
SPIKE	S147:G>T	0	82047	0.0	-1.0	0.0	TRUE	G	0.0015828488	4125.0	0.004705904	0.7936633	73.27968	0.031632006	0.0030094185	146.0	0.0
SPIKE	S148:T>A	0	82047	0.0	-1.0	0.0	TRUE	T	1.884988E-5	3.0	0.011670266	0.9972517	34.530827	0.045317136	0.0021772373	146.0	1.0
SPIKE	S148:T>G	0	82047	0.0	-1.0	0.0	TRUE	T	0.0026470365	7387.0	0.0019834938	0.6794529	242.49472	0.02945892	0.003625643	146.0	0.0
SPIKE	S148:T>C	0	82047	0.0	-1.0	0.0	TRUE	T	2.2265581E-4	351.0	0.010918813	0.96801496	99.41522	0.052620832	0.016961008	146.0	0.0
SPIKE	S149:G>A	0	82047	0.0	-1.0	0.0	TRUE	G	7.269152E-5	132.0	0.012198452	0.9894432	180.20465	0.0457407	0.011994107	146.0	0.0
SPIKE	S149:G>C	0	82047	0.0	-1.0	0.0	TRUE	G	0.001726295	4642.0	0.0037349025	0.77721435	173.98001	0.03062652	0.0038912992	146.0	0.0
SPIKE	S149:G>T	0	82047	0.0	-1.0	0.0	TRUE	G	5.34907E-4	1394.0	0.004705904	0.92487526	73.27968	0.031632006	0.0030094185	146.0	0.0
SPIKE	S150:C>A	0	82044	0.0	-1.0	0.0	TRUE	C	1.1191847E-4	4.0	0.07957597	0.98379266	73.277	0.13614227	0.023877265	146.0	1.0
SPIKE	S150:C>G	0	82044	0.0	-1.0	0.0	TRUE	C	7.4958947E-4	2058.0	0.004504062	0.8963359	173.97365	0.030018255	0.0033517038	146.0	0.0
SPIKE	S150:C>T	0	82044	0.0	-1.0	0.0	TRUE	C	0.0026407999	5860.0	0.0063330033	0.6800719	180.19806	0.037208643	0.007976442	146.0	0.0
SPIKE	S151:T>A	0	82041	0.0	-1.0	0.0	TRUE	T	1.884988E-5	2.0	0.011670266	0.9972517	34.5283	0.045317136	0.0021772373	146.0	1.0
SPIKE	S151:T>G	0	82041	0.0	-1.0	0.0	TRUE	T	0.0028188862	7866.0	0.0019834938	0.6626175	242.47697	0.02945892	0.003625643	146.0	0.0
SPIKE	S151:T>C	0	82041	0.0	-1.0	0.0	TRUE	T	6.343935E-4	1000.0	0.010918813	0.9115385	99.40796	0.052620832	0.016961008	146.0	0.0
SPIKE	S152:G>A	0	82024	0.0	-1.0	0.0	TRUE	G	8.6483094E-5	157.0	0.012198452	0.98745286	180.15413	0.0457407	0.011994107	146.0	0.0
SPIKE	S152:G>C	0	82024	0.0	-1.0	0.0	TRUE	G	8.183787E-6	22.0	0.0037349025	0.9988059	173.93123	0.03062652	0.0038912992	146.0	0.0
SPIKE	S152:G>T	0	82024	0.0	-1.0	0.0	TRUE	G	3.98414E-4	1038.0	0.004705904	0.943491	73.25913	0.031632006	0.0030094185	146.0	0.0
SPIKE	S153:G>A	0	81900	0.0	-1.0	0.0	TRUE	G	7.171863E-5	130.0	0.012198452	0.98958373	179.88179	0.0457407	0.011994107	146.0	0.0
SPIKE	S153:G>C	0	81900	0.0	-1.0	0.0	TRUE	G	4.8431957E-6	13.0	0.0037349025	0.99929315	173.66829	0.03062652	0.0038912992	146.0	0.0
SPIKE	S153:G>T	0	81900	0.0	-1.0	0.0	TRUE	G	5.7661446E-6	15.0	0.004705904	0.9991585	73.148384	0.031632006	0.0030094185	146.0	0.0
