#pipeline_block
reference	mutation	count	coverage	freq	score	cqs	has.reference	ancestral.allele	error.rate	minor.count.local	minor.fdr	minor.recall	minor.count.global	read.fraction.in.minors	q.filtered.read.fraction	mig.size	global.est
SPIKE	S0:T>A	0	17123	0.0	-1.0	0.0	TRUE	T	6.77958E-4	32.0	4.343905E-4	0.97522753	3.0904922	0.36292878	0.008276833	37.0	0.0
SPIKE	S0:T>G	0	17123	0.0	-1.0	0.0	TRUE	T	2.6260465E-4	16.0	6.7962956E-4	0.9903307	12.293993	0.28122732	0.0070919767	37.0	0.0
SPIKE	S0:T>C	0	17123	0.0	-1.0	0.0	TRUE	T	4.6323557E-4	27.0	9.5171505E-4	0.98300636	17.081425	0.29405698	0.010398613	37.0	0.0
SPIKE	S1:A>G	0	17129	0.0	-1.0	0.0	TRUE	A	6.3129375E-4	41.0	0.0013158058	0.9769128	17.08741	0.2640897	0.00987127	37.0	0.0
SPIKE	S1:A>C	0	17129	0.0	-1.0	0.0	TRUE	A	7.6624047E-4	36.0	3.7818585E-4	0.9720472	12.298301	0.3647194	0.01127089	37.0	0.0
SPIKE	S1:A>T	0	17129	0.0	-1.0	0.0	TRUE	A	8.734053E-4	39.0	3.1354444E-4	0.96820056	3.0915751	0.38372442	0.008047543	37.0	0.0
SPIKE	S2:G>A	0	17142	0.0	-1.0	0.0	TRUE	G	7.932389E-4	49.0	0.0013498935	0.97107667	14.414341	0.27787924	0.009934235	37.0	0.0
SPIKE	S2:G>C	0	17142	0.0	-1.0	0.0	TRUE	G	4.3244765E-4	23.0	7.217301E-4	0.98412675	8.654188	0.3225379	0.007552208	37.0	0.0
SPIKE	S2:G>T	0	17142	0.0	-1.0	0.0	TRUE	G	8.7548346E-5	3.0	6.050685E-4	0.996766	4.428487	0.3390915	0.0078075263	37.0	1.0
SPIKE	S3:C>A	0	17151	0.0	-1.0	0.0	TRUE	C	9.8797704E-5	1.0	3.7262248E-4	0.9963512	4.430812	0.3825735	0.007824191	37.0	1.0
SPIKE	S3:C>G	0	17151	0.0	-1.0	0.0	TRUE	C	0.0010865025	59.0	8.5800263E-4	0.96059674	8.658731	0.31611198	0.007870242	37.0	0.0
SPIKE	S3:C>T	0	17151	0.0	-1.0	0.0	TRUE	C	3.1953247E-4	19.0	0.0010587893	0.9882469	14.421909	0.28874263	0.009227858	37.0	0.0
SPIKE	S4:G>A	2	17156	1.1657729E-4	7.269987	40.0	TRUE	G	3.235068E-4	20.0	0.0013498935	0.9881016	14.426113	0.27787924	0.009934235	37.0	0.0
SPIKE	S4:G>C	0	17156	0.0	-1.0	0.0	TRUE	G	6.763222E-4	36.0	7.217301E-4	0.9752866	8.661256	0.3225379	0.007552208	37.0	0.0
SPIKE	S4:G>T	0	17156	0.0	-1.0	0.0	TRUE	G	4.7407742E-4	24.0	6.050685E-4	0.9826121	4.4321036	0.3390915	0.0078075263	37.0	0.0
SPIKE	S5:T>C	2	17167	1.1650259E-4	7.269987	40.0	TRUE	T	3.2514508E-4	19.0	9.5171505E-4	0.9880417	17.125319	0.29405698	0.010398613	37.0	0.0
SPIKE	S5:T>A	0	17167	0.0	-1.0	0.0	TRUE	T	6.547575E-5	4.0	4.343905E-4	0.99758035	3.0984335	0.36292878	0.008276833	37.0	1.0
SPIKE	S5:T>G	0	17167	0.0	-1.0	0.0	TRUE	T	9.4950193E-4	58.0	6.7962956E-4	0.96547836	12.325584	0.28122732	0.0070919767	37.0	0.0
SPIKE	S6:G>A	5	17175	2.911208E-4	16.300888	37.8	TRUE	G	5.008808E-4	31.0	0.0013498935	0.9816381	14.44209	0.27787924	0.009934235	37.0	0.0
SPIKE	S6:G>C	0	17175	0.0	-1.0	0.0	TRUE	G	1.6271666E-4	0.0	7.217301E-4	0.9939976	8.670848	0.3225379	0.007552208	37.0	1.0
SPIKE	S6:G>T	0	17175	0.0	-1.0	0.0	TRUE	G	5.9194124E-4	30.0	6.050685E-4	0.9783363	4.437012	0.3390915	0.0078075263	37.0	0.0
SPIKE	S7:A>C	1	17182	5.8200443E-5	4.2596874	40.0	TRUE	A	2.6176267E-4	2.0	3.7818585E-4	0.9903615	12.336354	0.3647194	0.01127089	37.0	1.0
SPIKE	D7-8:A>	15	17182	8.7300665E-4	-1.0	39.84891	TRUE		NaN	NaN	NaN	NaN	NaN	NaN	NaN	NaN	NaN
SPIKE	S7:A>G	0	17182	0.0	-1.0	0.0	TRUE	A	6.2934647E-4	41.0	0.0013158058	0.9769832	17.140282	0.2640897	0.00987127	37.0	0.0
SPIKE	S7:A>T	0	17182	0.0	-1.0	0.0	TRUE	A	6.923585E-5	0.0	3.1354444E-4	0.99744153	3.101141	0.38372442	0.008047543	37.0	1.0
SPIKE	S8:A>G	0	17184	0.0	-1.0	0.0	TRUE	A	5.064882E-4	33.0	0.0013158058	0.98143446	17.142277	0.2640897	0.00987127	37.0	0.0
SPIKE	S8:A>C	0	17184	0.0	-1.0	0.0	TRUE	A	2.6176267E-4	1.0	3.7818585E-4	0.9903615	12.33779	0.3647194	0.01127089	37.0	1.0
SPIKE	S8:A>T	0	17184	0.0	-1.0	0.0	TRUE	A	6.923585E-5	0.0	3.1354444E-4	0.99744153	3.101502	0.38372442	0.008047543	37.0	1.0
SPIKE	I9:>G	1	17185	5.8190282E-5	-1.0	39.89747	TRUE		NaN	NaN	NaN	NaN	NaN	NaN	NaN	NaN	NaN
SPIKE	D9-11:GA>	2	17185	1.16380565E-4	-1.0	39.89747	TRUE		NaN	NaN	NaN	NaN	NaN	NaN	NaN	NaN	NaN
SPIKE	D9-10:G>	5	17185	2.909514E-4	-1.0	39.89747	TRUE		NaN	NaN	NaN	NaN	NaN	NaN	NaN	NaN	NaN
SPIKE	S9:G>A	0	17185	0.0	-1.0	0.0	TRUE	G	7.105139E-4	44.0	0.0013498935	0.97405356	14.450499	0.27787924	0.009934235	37.0	0.0
SPIKE	S9:G>C	0	17185	0.0	-1.0	0.0	TRUE	G	1.6271666E-4	3.0	7.217301E-4	0.9939976	8.675897	0.3225379	0.007552208	37.0	1.0
SPIKE	S9:G>T	0	17185	0.0	-1.0	0.0	TRUE	G	8.7548346E-5	0.0	6.050685E-4	0.996766	4.4395957	0.3390915	0.0078075263	37.0	1.0
SPIKE	S10:A>G	1	17186	5.8186895E-5	4.2596874	40.0	TRUE	A	7.059317E-4	46.0	0.0013158058	0.97421867	17.144272	0.2640897	0.00987127	37.0	0.0
SPIKE	S10:A>C	1	17186	5.8186895E-5	4.2596874	40.0	TRUE	A	3.3942182E-4	16.0	3.7818585E-4	0.9875199	12.339226	0.3647194	0.01127089	37.0	0.0
SPIKE	D10-11:A>	3	17186	1.7456069E-4	-1.0	39.861572	TRUE		NaN	NaN	NaN	NaN	NaN	NaN	NaN	NaN	NaN
SPIKE	S10:A>T	0	17186	0.0	-1.0	0.0	TRUE	A	6.923585E-5	0.0	3.1354444E-4	0.99744153	3.101863	0.38372442	0.008047543	37.0	1.0
SPIKE	S11:C>T	2	17186	1.1637379E-4	-1.0	39.0	TRUE	C	2.5174874E-4	15.0	0.0010587893	0.99072856	14.45134	0.28874263	0.009227858	37.0	0.0
SPIKE	D11-12:C>	9	17186	5.2368204E-4	-1.0	39.828407	TRUE		NaN	NaN	NaN	NaN	NaN	NaN	NaN	NaN	NaN
SPIKE	S11:C>A	0	17186	0.0	-1.0	0.0	TRUE	C	4.0054444E-4	18.0	3.7262248E-4	0.98528916	4.4398537	0.3825735	0.007824191	37.0	0.0
SPIKE	S11:C>G	0	17186	0.0	-1.0	0.0	TRUE	C	2.0215572E-4	11.0	8.5800263E-4	0.99254817	8.676401	0.31611198	0.007870242	37.0	0.0
SPIKE	S12:G>A	6	17186	3.4912137E-4	19.311188	39.666668	TRUE	G	3.0679497E-4	19.0	0.0013498935	0.9887128	14.45134	0.27787924	0.009934235	37.0	0.0
SPIKE	D12-14:GA>	2	17186	1.1637379E-4	-1.0	39.879204	TRUE		NaN	NaN	NaN	NaN	NaN	NaN	NaN	NaN	NaN
SPIKE	D12-13:G>	10	17186	5.81869E-4	-1.0	39.879204	TRUE		NaN	NaN	NaN	NaN	NaN	NaN	NaN	NaN	NaN
SPIKE	S12:G>C	0	17186	0.0	-1.0	0.0	TRUE	G	2.81309E-4	15.0	7.217301E-4	0.98964554	8.676401	0.3225379	0.007552208	37.0	0.0
SPIKE	S12:G>T	0	17186	0.0	-1.0	0.0	TRUE	G	8.7548346E-5	0.0	6.050685E-4	0.996766	4.4398537	0.3390915	0.0078075263	37.0	1.0
SPIKE	S13:A>C	1	17187	5.8183512E-5	4.2596874	40.0	TRUE	A	2.6176267E-4	9.0	3.7818585E-4	0.9903615	12.339944	0.3647194	0.01127089	37.0	1.0
SPIKE	D13-14:A>	5	17187	2.9091755E-4	-1.0	39.835167	TRUE		NaN	NaN	NaN	NaN	NaN	NaN	NaN	NaN	NaN
SPIKE	S13:A>G	0	17187	0.0	-1.0	0.0	TRUE	A	6.751997E-4	44.0	0.0013158058	0.9753271	17.14527	0.2640897	0.00987127	37.0	0.0
SPIKE	S13:A>T	0	17187	0.0	-1.0	0.0	TRUE	A	6.923585E-5	1.0	3.1354444E-4	0.99744153	3.1020434	0.38372442	0.008047543	37.0	1.0
SPIKE	S14:C>G	1	17187	5.8183512E-5	-1.0	40.0	TRUE	C	1.594531E-4	0.0	8.5800263E-4	0.9941176	8.676907	0.31611198	0.007870242	37.0	1.0
SPIKE	S14:C>T	2	17187	1.16367024E-4	-1.0	39.0	TRUE	C	1.84605E-4	11.0	0.0010587893	0.9931929	14.452181	0.28874263	0.009227858	37.0	0.0
SPIKE	D14-16:CA>	1	17187	5.8183512E-5	-1.0	39.907024	TRUE		NaN	NaN	NaN	NaN	NaN	NaN	NaN	NaN	NaN
SPIKE	D14-15:C>	4	17187	2.3273405E-4	-1.0	39.907024	TRUE		NaN	NaN	NaN	NaN	NaN	NaN	NaN	NaN	NaN
SPIKE	S14:C>A	0	17187	0.0	-1.0	0.0	TRUE	C	3.7826994E-4	17.0	3.7262248E-4	0.9861015	4.440112	0.3825735	0.007824191	37.0	0.0
SPIKE	D15-16:A>	1	17187	5.8183512E-5	-1.0	39.883167	TRUE		NaN	NaN	NaN	NaN	NaN	NaN	NaN	NaN	NaN
SPIKE	S15:A>G	0	17187	0.0	-1.0	0.0	TRUE	A	4.2967254E-4	28.0	0.0013158058	0.98422784	17.14527	0.2640897	0.00987127	37.0	0.0
SPIKE	S15:A>C	0	17187	0.0	-1.0	0.0	TRUE	A	2.3333893E-4	11.0	3.7818585E-4	0.99140364	12.339944	0.3647194	0.01127089	37.0	0.0
SPIKE	S15:A>T	0	17187	0.0	-1.0	0.0	TRUE	A	6.923585E-5	1.0	3.1354444E-4	0.99744153	3.1020434	0.38372442	0.008047543	37.0	1.0
SPIKE	S16:G>A	1	17187	5.8183512E-5	4.2596874	40.0	TRUE	G	3.8750793E-4	24.0	0.0013498935	0.9857645	14.452181	0.27787924	0.009934235	37.0	0.0
SPIKE	D16-17:G>	1	17187	5.8183512E-5	-1.0	39.943096	TRUE		NaN	NaN	NaN	NaN	NaN	NaN	NaN	NaN	NaN
SPIKE	S16:G>C	0	17187	0.0	-1.0	0.0	TRUE	G	1.6271666E-4	0.0	7.217301E-4	0.9939976	8.676907	0.3225379	0.007552208	37.0	1.0
SPIKE	S16:G>T	0	17187	0.0	-1.0	0.0	TRUE	G	8.7548346E-5	0.0	6.050685E-4	0.996766	4.440112	0.3390915	0.0078075263	37.0	1.0
SPIKE	S17:A>C	2	17188	1.1636025E-4	7.269987	40.0	TRUE	A	2.6176267E-4	1.0	3.7818585E-4	0.9903615	12.340662	0.3647194	0.01127089	37.0	1.0
SPIKE	D17-18:A>	9	17188	5.2362116E-4	-1.0	39.88771	TRUE		NaN	NaN	NaN	NaN	NaN	NaN	NaN	NaN	NaN
SPIKE	S17:A>G	0	17188	0.0	-1.0	0.0	TRUE	A	4.1430298E-4	27.0	0.0013158058	0.9847877	17.146267	0.2640897	0.00987127	37.0	0.0
SPIKE	S17:A>T	0	17188	0.0	-1.0	0.0	TRUE	A	6.923585E-5	2.0	3.1354444E-4	0.99744153	3.1022239	0.38372442	0.008047543	37.0	1.0
SPIKE	S18:A>G	0	17188	0.0	-1.0	0.0	TRUE	A	3.9895845E-4	26.0	0.0013158058	0.985347	17.146267	0.2640897	0.00987127	37.0	0.0
SPIKE	S18:A>C	0	17188	0.0	-1.0	0.0	TRUE	A	2.6176267E-4	0.0	3.7818585E-4	0.9903615	12.340662	0.3647194	0.01127089	37.0	1.0
SPIKE	S18:A>T	0	17188	0.0	-1.0	0.0	TRUE	A	6.923585E-5	0.0	3.1354444E-4	0.99744153	3.1022239	0.38372442	0.008047543	37.0	1.0
SPIKE	S19:C>G	1	17188	5.8180125E-5	-1.0	40.0	TRUE	C	1.594531E-4	0.0	8.5800263E-4	0.9941176	8.677411	0.31611198	0.007870242	37.0	1.0
SPIKE	S19:C>T	1	17188	5.8180125E-5	-1.0	40.0	TRUE	C	2.1815686E-4	13.0	0.0010587893	0.9919607	14.453021	0.28874263	0.009227858	37.0	0.0
SPIKE	S19:C>A	0	17188	0.0	-1.0	0.0	TRUE	C	9.8797704E-5	0.0	3.7262248E-4	0.9963512	4.4403706	0.3825735	0.007824191	37.0	1.0
SPIKE	S20:C>T	1	17188	5.8180125E-5	-1.0	40.0	TRUE	C	1.6781296E-4	10.0	0.0010587893	0.9938102	14.453021	0.28874263	0.009227858	37.0	0.0
SPIKE	S20:C>A	0	17188	0.0	-1.0	0.0	TRUE	C	9.8797704E-5	0.0	3.7262248E-4	0.9963512	4.4403706	0.3825735	0.007824191	37.0	1.0
SPIKE	S20:C>G	0	17188	0.0	-1.0	0.0	TRUE	C	1.594531E-4	0.0	8.5800263E-4	0.9941176	8.677411	0.31611198	0.007870242	37.0	1.0
SPIKE	S21:A>G	0	17188	0.0	-1.0	0.0	TRUE	A	4.6033665E-4	30.0	0.0013158058	0.9831118	17.146267	0.2640897	0.00987127	37.0	0.0
SPIKE	S21:A>C	0	17188	0.0	-1.0	0.0	TRUE	A	2.6176267E-4	3.0	3.7818585E-4	0.9903615	12.340662	0.3647194	0.01127089	37.0	1.0
SPIKE	S21:A>T	0	17188	0.0	-1.0	0.0	TRUE	A	6.923585E-5	0.0	3.1354444E-4	0.99744153	3.1022239	0.38372442	0.008047543	37.0	1.0
SPIKE	S22:A>C	17188	17188	1.0	9999.0	39.99302	FALSE	C	2.6176267E-4	0.0	3.7818585E-4	0.9903615	12.340662	0.3647194	0.01127089	37.0	1.0
SPIKE	S22:A>G	0	17188	0.0	-1.0	0.0	FALSE	C	2.6310186E-4	0.0	0.0013158058	0.99031246	17.146267	0.2640897	0.00987127	37.0	1.0
SPIKE	S22:A>T	0	17188	0.0	-1.0	0.0	FALSE	C	6.923585E-5	0.0	3.1354444E-4	0.99744153	3.1022239	0.38372442	0.008047543	37.0	1.0
SPIKE	S23:A>G	0	17188	0.0	-1.0	0.0	TRUE	A	2.6310186E-4	0.0	0.0013158058	0.99031246	17.146267	0.2640897	0.00987127	37.0	1.0
SPIKE	S23:A>C	0	17188	0.0	-1.0	0.0	TRUE	A	2.6176267E-4	0.0	3.7818585E-4	0.9903615	12.340662	0.3647194	0.01127089	37.0	1.0
SPIKE	S23:A>T	0	17188	0.0	-1.0	0.0	TRUE	A	6.923585E-5	0.0	3.1354444E-4	0.99744153	3.1022239	0.38372442	0.008047543	37.0	1.0
SPIKE	S24:A>G	0	17188	0.0	-1.0	0.0	TRUE	A	2.6310186E-4	0.0	0.0013158058	0.99031246	17.146267	0.2640897	0.00987127	37.0	1.0
SPIKE	S24:A>C	0	17188	0.0	-1.0	0.0	TRUE	A	2.6176267E-4	0.0	3.7818585E-4	0.9903615	12.340662	0.3647194	0.01127089	37.0	1.0
SPIKE	S24:A>T	0	17188	0.0	-1.0	0.0	TRUE	A	6.923585E-5	0.0	3.1354444E-4	0.99744153	3.1022239	0.38372442	0.008047543	37.0	1.0
SPIKE	S25:A>G	17188	17188	1.0	9999.0	39.9929	FALSE	G	2.6310186E-4	0.0	0.0013158058	0.99031246	17.146267	0.2640897	0.00987127	37.0	1.0
SPIKE	S25:A>C	0	17188	0.0	-1.0	0.0	FALSE	G	2.6176267E-4	0.0	3.7818585E-4	0.9903615	12.340662	0.3647194	0.01127089	37.0	1.0
SPIKE	S25:A>T	0	17188	0.0	-1.0	0.0	FALSE	G	6.923585E-5	0.0	3.1354444E-4	0.99744153	3.1022239	0.38372442	0.008047543	37.0	1.0
SPIKE	S26:T>A	0	17188	0.0	-1.0	0.0	TRUE	T	6.547575E-5	0.0	4.343905E-4	0.99758035	3.1022239	0.36292878	0.008276833	37.0	1.0
SPIKE	S26:T>G	0	17188	0.0	-1.0	0.0	TRUE	T	2.0177873E-4	2.0	6.7962956E-4	0.992562	12.340662	0.28122732	0.0070919767	37.0	1.0
SPIKE	S26:T>C	0	17188	0.0	-1.0	0.0	TRUE	T	5.127597E-4	30.0	9.5171505E-4	0.9812067	17.146267	0.29405698	0.010398613	37.0	0.0
SPIKE	S27:G>A	0	17188	0.0	-1.0	0.0	TRUE	G	2.3334728E-4	3.0	0.0013498935	0.99140334	14.453021	0.27787924	0.009934235	37.0	1.0
SPIKE	S27:G>C	0	17188	0.0	-1.0	0.0	TRUE	G	1.6271666E-4	0.0	7.217301E-4	0.9939976	8.677411	0.3225379	0.007552208	37.0	1.0
SPIKE	S27:G>T	0	17188	0.0	-1.0	0.0	TRUE	G	8.7548346E-5	0.0	6.050685E-4	0.996766	4.4403706	0.3390915	0.0078075263	37.0	1.0
SPIKE	S28:G>A	1	17188	5.8180125E-5	-1.0	40.0	TRUE	G	1.7759747E-4	11.0	0.0013498935	0.99345046	14.453021	0.27787924	0.009934235	37.0	0.0
SPIKE	S28:G>C	0	17188	0.0	-1.0	0.0	TRUE	G	1.6271666E-4	1.0	7.217301E-4	0.9939976	8.677411	0.3225379	0.007552208	37.0	1.0
SPIKE	S28:G>T	0	17188	0.0	-1.0	0.0	TRUE	G	8.7548346E-5	1.0	6.050685E-4	0.996766	4.4403706	0.3390915	0.0078075263	37.0	1.0
SPIKE	S29:G>A	0	17188	0.0	-1.0	0.0	TRUE	G	2.3334728E-4	8.0	0.0013498935	0.99140334	14.453021	0.27787924	0.009934235	37.0	1.0
SPIKE	S29:G>C	0	17188	0.0	-1.0	0.0	TRUE	G	1.6271666E-4	0.0	7.217301E-4	0.9939976	8.677411	0.3225379	0.007552208	37.0	1.0
SPIKE	S29:G>T	0	17188	0.0	-1.0	0.0	TRUE	G	8.7548346E-5	0.0	6.050685E-4	0.996766	4.4403706	0.3390915	0.0078075263	37.0	1.0
SPIKE	S30:A>G	0	17188	0.0	-1.0	0.0	TRUE	A	4.756812E-4	31.0	0.0013158058	0.9825538	17.146267	0.2640897	0.00987127	37.0	0.0
SPIKE	S30:A>C	0	17188	0.0	-1.0	0.0	TRUE	A	2.6176267E-4	0.0	3.7818585E-4	0.9903615	12.340662	0.3647194	0.01127089	37.0	1.0
SPIKE	S30:A>T	0	17188	0.0	-1.0	0.0	TRUE	A	6.923585E-5	0.0	3.1354444E-4	0.99744153	3.1022239	0.38372442	0.008047543	37.0	1.0
SPIKE	S31:T>A	0	17188	0.0	-1.0	0.0	TRUE	T	6.547575E-5	0.0	4.343905E-4	0.99758035	3.1022239	0.36292878	0.008276833	37.0	1.0
SPIKE	S31:T>G	0	17188	0.0	-1.0	0.0	TRUE	T	2.0177873E-4	0.0	6.7962956E-4	0.992562	12.340662	0.28122732	0.0070919767	37.0	1.0
SPIKE	S31:T>C	0	17188	0.0	-1.0	0.0	TRUE	T	3.0765584E-4	18.0	9.5171505E-4	0.98868126	17.146267	0.29405698	0.010398613	37.0	0.0
SPIKE	S32:C>A	0	17188	0.0	-1.0	0.0	TRUE	C	9.8797704E-5	0.0	3.7262248E-4	0.9963512	4.4403706	0.3825735	0.007824191	37.0	1.0
SPIKE	S32:C>G	0	17188	0.0	-1.0	0.0	TRUE	C	1.594531E-4	0.0	8.5800263E-4	0.9941176	8.677411	0.31611198	0.007870242	37.0	1.0
SPIKE	S32:C>T	0	17188	0.0	-1.0	0.0	TRUE	C	2.4254044E-4	6.0	0.0010587893	0.99106616	14.453021	0.28874263	0.009227858	37.0	1.0
SPIKE	S33:C>A	0	17188	0.0	-1.0	0.0	TRUE	C	9.8797704E-5	0.0	3.7262248E-4	0.9963512	4.4403706	0.3825735	0.007824191	37.0	1.0
SPIKE	S33:C>G	0	17188	0.0	-1.0	0.0	TRUE	C	1.594531E-4	0.0	8.5800263E-4	0.9941176	8.677411	0.31611198	0.007870242	37.0	1.0
SPIKE	S33:C>T	0	17188	0.0	-1.0	0.0	TRUE	C	2.4254044E-4	3.0	0.0010587893	0.99106616	14.453021	0.28874263	0.009227858	37.0	1.0
SPIKE	S34:A>G	0	17188	0.0	-1.0	0.0	TRUE	A	1.6879011E-4	11.0	0.0013158058	0.99377424	17.146267	0.2640897	0.00987127	37.0	0.0
SPIKE	S34:A>C	0	17188	0.0	-1.0	0.0	TRUE	A	2.6176267E-4	0.0	3.7818585E-4	0.9903615	12.340662	0.3647194	0.01127089	37.0	1.0
SPIKE	S34:A>T	0	17188	0.0	-1.0	0.0	TRUE	A	6.923585E-5	0.0	3.1354444E-4	0.99744153	3.1022239	0.38372442	0.008047543	37.0	1.0
SPIKE	S35:T>A	0	17188	0.0	-1.0	0.0	TRUE	T	6.547575E-5	0.0	4.343905E-4	0.99758035	3.1022239	0.36292878	0.008276833	37.0	1.0
SPIKE	S35:T>G	0	17188	0.0	-1.0	0.0	TRUE	T	2.0177873E-4	3.0	6.7962956E-4	0.992562	12.340662	0.28122732	0.0070919767	37.0	1.0
SPIKE	S35:T>C	0	17188	0.0	-1.0	0.0	TRUE	T	2.5637986E-4	15.0	9.5171505E-4	0.9905588	17.146267	0.29405698	0.010398613	37.0	0.0
SPIKE	S36:T>A	0	17188	0.0	-1.0	0.0	TRUE	T	6.547575E-5	0.0	4.343905E-4	0.99758035	3.1022239	0.36292878	0.008276833	37.0	1.0
SPIKE	S36:T>G	0	17188	0.0	-1.0	0.0	TRUE	T	2.0177873E-4	0.0	6.7962956E-4	0.992562	12.340662	0.28122732	0.0070919767	37.0	1.0
SPIKE	S36:T>C	0	17188	0.0	-1.0	0.0	TRUE	T	2.9306384E-4	1.0	9.5171505E-4	0.9892152	17.146267	0.29405698	0.010398613	37.0	1.0
SPIKE	S37:A>G	0	17188	0.0	-1.0	0.0	TRUE	A	2.6310186E-4	9.0	0.0013158058	0.99031246	17.146267	0.2640897	0.00987127	37.0	1.0
SPIKE	S37:A>C	0	17188	0.0	-1.0	0.0	TRUE	A	2.6176267E-4	0.0	3.7818585E-4	0.9903615	12.340662	0.3647194	0.01127089	37.0	1.0
SPIKE	S37:A>T	0	17188	0.0	-1.0	0.0	TRUE	A	6.923585E-5	0.0	3.1354444E-4	0.99744153	3.1022239	0.38372442	0.008047543	37.0	1.0
SPIKE	S38:T>A	0	17188	0.0	-1.0	0.0	TRUE	T	6.547575E-5	0.0	4.343905E-4	0.99758035	3.1022239	0.36292878	0.008276833	37.0	1.0
SPIKE	S38:T>G	0	17188	0.0	-1.0	0.0	TRUE	T	2.0177873E-4	0.0	6.7962956E-4	0.992562	12.340662	0.28122732	0.0070919767	37.0	1.0
SPIKE	S38:T>C	0	17188	0.0	-1.0	0.0	TRUE	T	2.9306384E-4	1.0	9.5171505E-4	0.9892152	17.146267	0.29405698	0.010398613	37.0	1.0
SPIKE	S39:C>A	1	17188	5.8180125E-5	-1.0	38.0	TRUE	C	9.8797704E-5	0.0	3.7262248E-4	0.9963512	4.4403706	0.3825735	0.007824191	37.0	1.0
SPIKE	S39:C>G	0	17188	0.0	-1.0	0.0	TRUE	C	1.594531E-4	0.0	8.5800263E-4	0.9941176	8.677411	0.31611198	0.007870242	37.0	1.0
SPIKE	S39:C>T	0	17188	0.0	-1.0	0.0	TRUE	C	2.4254044E-4	5.0	0.0010587893	0.99106616	14.453021	0.28874263	0.009227858	37.0	1.0
SPIKE	S40:G>A	0	17188	0.0	-1.0	0.0	TRUE	G	1.7759747E-4	11.0	0.0013498935	0.99345046	14.453021	0.27787924	0.009934235	37.0	0.0
SPIKE	S40:G>C	0	17188	0.0	-1.0	0.0	TRUE	G	1.6271666E-4	0.0	7.217301E-4	0.9939976	8.677411	0.3225379	0.007552208	37.0	1.0
SPIKE	S40:G>T	0	17188	0.0	-1.0	0.0	TRUE	G	8.7548346E-5	1.0	6.050685E-4	0.996766	4.4403706	0.3390915	0.0078075263	37.0	1.0
SPIKE	S41:G>A	0	17188	0.0	-1.0	0.0	TRUE	G	2.3334728E-4	4.0	0.0013498935	0.99140334	14.453021	0.27787924	0.009934235	37.0	1.0
SPIKE	S41:G>C	0	17188	0.0	-1.0	0.0	TRUE	G	1.6271666E-4	0.0	7.217301E-4	0.9939976	8.677411	0.3225379	0.007552208	37.0	1.0
SPIKE	S41:G>T	0	17188	0.0	-1.0	0.0	TRUE	G	8.7548346E-5	0.0	6.050685E-4	0.996766	4.4403706	0.3390915	0.0078075263	37.0	1.0
SPIKE	S42:C>A	0	17188	0.0	-1.0	0.0	TRUE	C	9.8797704E-5	0.0	3.7262248E-4	0.9963512	4.4403706	0.3825735	0.007824191	37.0	1.0
SPIKE	S42:C>G	0	17188	0.0	-1.0	0.0	TRUE	C	1.594531E-4	0.0	8.5800263E-4	0.9941176	8.677411	0.31611198	0.007870242	37.0	1.0
SPIKE	S42:C>T	0	17188	0.0	-1.0	0.0	TRUE	C	2.6850073E-4	16.0	0.0010587893	0.9901146	14.453021	0.28874263	0.009227858	37.0	0.0
SPIKE	S43:G>A	0	17188	0.0	-1.0	0.0	TRUE	G	2.0988792E-4	13.0	0.0013498935	0.9922642	14.453021	0.27787924	0.009934235	37.0	0.0
SPIKE	S43:G>C	0	17188	0.0	-1.0	0.0	TRUE	G	1.6271666E-4	0.0	7.217301E-4	0.9939976	8.677411	0.3225379	0.007552208	37.0	1.0
SPIKE	S43:G>T	0	17188	0.0	-1.0	0.0	TRUE	G	8.7548346E-5	0.0	6.050685E-4	0.996766	4.4403706	0.3390915	0.0078075263	37.0	1.0
SPIKE	S44:G>A	0	17188	0.0	-1.0	0.0	TRUE	G	2.3334728E-4	8.0	0.0013498935	0.99140334	14.453021	0.27787924	0.009934235	37.0	1.0
SPIKE	S44:G>C	0	17188	0.0	-1.0	0.0	TRUE	G	1.6271666E-4	1.0	7.217301E-4	0.9939976	8.677411	0.3225379	0.007552208	37.0	1.0
SPIKE	S44:G>T	0	17188	0.0	-1.0	0.0	TRUE	G	8.7548346E-5	0.0	6.050685E-4	0.996766	4.4403706	0.3390915	0.0078075263	37.0	1.0
SPIKE	S45:C>T	1	17188	5.8180125E-5	-1.0	38.0	TRUE	C	2.0137556E-4	12.0	0.0010587893	0.9925768	14.453021	0.28874263	0.009227858	37.0	0.0
SPIKE	S45:C>A	0	17188	0.0	-1.0	0.0	TRUE	C	9.8797704E-5	0.0	3.7262248E-4	0.9963512	4.4403706	0.3825735	0.007824191	37.0	1.0
SPIKE	S45:C>G	0	17188	0.0	-1.0	0.0	TRUE	C	1.594531E-4	0.0	8.5800263E-4	0.9941176	8.677411	0.31611198	0.007870242	37.0	1.0
SPIKE	S46:G>A	0	17188	0.0	-1.0	0.0	TRUE	G	2.3334728E-4	6.0	0.0013498935	0.99140334	14.453021	0.27787924	0.009934235	37.0	1.0
SPIKE	S46:G>C	0	17188	0.0	-1.0	0.0	TRUE	G	1.6271666E-4	0.0	7.217301E-4	0.9939976	8.677411	0.3225379	0.007552208	37.0	1.0
SPIKE	S46:G>T	0	17188	0.0	-1.0	0.0	TRUE	G	8.7548346E-5	0.0	6.050685E-4	0.996766	4.4403706	0.3390915	0.0078075263	37.0	1.0
SPIKE	S47:A>G	0	17188	0.0	-1.0	0.0	TRUE	A	2.6310186E-4	5.0	0.0013158058	0.99031246	17.146267	0.2640897	0.00987127	37.0	1.0
SPIKE	S47:A>C	0	17188	0.0	-1.0	0.0	TRUE	A	2.6176267E-4	0.0	3.7818585E-4	0.9903615	12.340662	0.3647194	0.01127089	37.0	1.0
SPIKE	S47:A>T	0	17188	0.0	-1.0	0.0	TRUE	A	6.923585E-5	0.0	3.1354444E-4	0.99744153	3.1022239	0.38372442	0.008047543	37.0	1.0
SPIKE	S48:A>G	0	17188	0.0	-1.0	0.0	TRUE	A	2.6310186E-4	2.0	0.0013158058	0.99031246	17.146267	0.2640897	0.00987127	37.0	1.0
SPIKE	S48:A>C	0	17188	0.0	-1.0	0.0	TRUE	A	2.6176267E-4	0.0	3.7818585E-4	0.9903615	12.340662	0.3647194	0.01127089	37.0	1.0
SPIKE	S48:A>T	0	17188	0.0	-1.0	0.0	TRUE	A	6.923585E-5	0.0	3.1354444E-4	0.99744153	3.1022239	0.38372442	0.008047543	37.0	1.0
SPIKE	S49:T>A	0	17188	0.0	-1.0	0.0	TRUE	T	6.547575E-5	0.0	4.343905E-4	0.99758035	3.1022239	0.36292878	0.008276833	37.0	1.0
SPIKE	S49:T>G	0	17188	0.0	-1.0	0.0	TRUE	T	2.0177873E-4	0.0	6.7962956E-4	0.992562	12.340662	0.28122732	0.0070919767	37.0	1.0
SPIKE	S49:T>C	0	17188	0.0	-1.0	0.0	TRUE	T	2.9306384E-4	4.0	9.5171505E-4	0.9892152	17.146267	0.29405698	0.010398613	37.0	1.0
SPIKE	S50:T>A	0	17188	0.0	-1.0	0.0	TRUE	T	6.547575E-5	0.0	4.343905E-4	0.99758035	3.1022239	0.36292878	0.008276833	37.0	1.0
SPIKE	S50:T>G	0	17188	0.0	-1.0	0.0	TRUE	T	2.0177873E-4	1.0	6.7962956E-4	0.992562	12.340662	0.28122732	0.0070919767	37.0	1.0
SPIKE	S50:T>C	0	17188	0.0	-1.0	0.0	TRUE	T	2.9306384E-4	2.0	9.5171505E-4	0.9892152	17.146267	0.29405698	0.010398613	37.0	1.0
SPIKE	S51:T>A	0	17188	0.0	-1.0	0.0	TRUE	T	6.547575E-5	1.0	4.343905E-4	0.99758035	3.1022239	0.36292878	0.008276833	37.0	1.0
SPIKE	S51:T>G	0	17188	0.0	-1.0	0.0	TRUE	T	2.0177873E-4	0.0	6.7962956E-4	0.992562	12.340662	0.28122732	0.0070919767	37.0	1.0
SPIKE	S51:T>C	0	17188	0.0	-1.0	0.0	TRUE	T	2.9306384E-4	1.0	9.5171505E-4	0.9892152	17.146267	0.29405698	0.010398613	37.0	1.0
SPIKE	S52:A>G	0	17188	0.0	-1.0	0.0	TRUE	A	2.6310186E-4	9.0	0.0013158058	0.99031246	17.146267	0.2640897	0.00987127	37.0	1.0
SPIKE	S52:A>C	0	17188	0.0	-1.0	0.0	TRUE	A	2.6176267E-4	1.0	3.7818585E-4	0.9903615	12.340662	0.3647194	0.01127089	37.0	1.0
SPIKE	S52:A>T	0	17188	0.0	-1.0	0.0	TRUE	A	6.923585E-5	0.0	3.1354444E-4	0.99744153	3.1022239	0.38372442	0.008047543	37.0	1.0
SPIKE	S53:C>A	0	17188	0.0	-1.0	0.0	TRUE	C	9.8797704E-5	0.0	3.7262248E-4	0.9963512	4.4403706	0.3825735	0.007824191	37.0	1.0
SPIKE	S53:C>G	0	17188	0.0	-1.0	0.0	TRUE	C	1.594531E-4	0.0	8.5800263E-4	0.9941176	8.677411	0.31611198	0.007870242	37.0	1.0
SPIKE	S53:C>T	0	17188	0.0	-1.0	0.0	TRUE	C	2.0137556E-4	12.0	0.0010587893	0.9925768	14.453021	0.28874263	0.009227858	37.0	0.0
SPIKE	S54:C>A	0	17188	0.0	-1.0	0.0	TRUE	C	9.8797704E-5	1.0	3.7262248E-4	0.9963512	4.4403706	0.3825735	0.007824191	37.0	1.0
SPIKE	S54:C>G	0	17188	0.0	-1.0	0.0	TRUE	C	1.594531E-4	0.0	8.5800263E-4	0.9941176	8.677411	0.31611198	0.007870242	37.0	1.0
SPIKE	S54:C>T	0	17188	0.0	-1.0	0.0	TRUE	C	1.8459426E-4	11.0	0.0010587893	0.99319327	14.453021	0.28874263	0.009227858	37.0	0.0
SPIKE	S55:A>G	2	17188	1.1636025E-4	7.269987	40.0	TRUE	A	5.984377E-4	39.0	0.0013158058	0.97810113	17.146267	0.2640897	0.00987127	37.0	0.0
SPIKE	S55:A>C	0	17188	0.0	-1.0	0.0	TRUE	A	2.6176267E-4	7.0	3.7818585E-4	0.9903615	12.340662	0.3647194	0.01127089	37.0	1.0
SPIKE	S55:A>T	0	17188	0.0	-1.0	0.0	TRUE	A	6.923585E-5	2.0	3.1354444E-4	0.99744153	3.1022239	0.38372442	0.008047543	37.0	1.0
SPIKE	S56:C>T	1	17188	5.8180125E-5	-1.0	40.0	TRUE	C	1.8459426E-4	11.0	0.0010587893	0.99319327	14.453021	0.28874263	0.009227858	37.0	0.0
SPIKE	S56:C>A	0	17188	0.0	-1.0	0.0	TRUE	C	9.8797704E-5	2.0	3.7262248E-4	0.9963512	4.4403706	0.3825735	0.007824191	37.0	1.0
SPIKE	S56:C>G	0	17188	0.0	-1.0	0.0	TRUE	C	1.594531E-4	0.0	8.5800263E-4	0.9941176	8.677411	0.31611198	0.007870242	37.0	1.0
SPIKE	S57:C>A	0	17188	0.0	-1.0	0.0	TRUE	C	9.8797704E-5	2.0	3.7262248E-4	0.9963512	4.4403706	0.3825735	0.007824191	37.0	1.0
SPIKE	S57:C>G	0	17188	0.0	-1.0	0.0	TRUE	C	1.594531E-4	0.0	8.5800263E-4	0.9941176	8.677411	0.31611198	0.007870242	37.0	1.0
SPIKE	S57:C>T	0	17188	0.0	-1.0	0.0	TRUE	C	2.1815686E-4	13.0	0.0010587893	0.9919607	14.453021	0.28874263	0.009227858	37.0	0.0
SPIKE	S58:A>G	0	17188	0.0	-1.0	0.0	TRUE	A	2.9154654E-4	19.0	0.0013158058	0.98927075	17.146267	0.2640897	0.00987127	37.0	0.0
SPIKE	S58:A>C	0	17188	0.0	-1.0	0.0	TRUE	A	2.6176267E-4	7.0	3.7818585E-4	0.9903615	12.340662	0.3647194	0.01127089	37.0	1.0
SPIKE	S58:A>T	0	17188	0.0	-1.0	0.0	TRUE	A	6.923585E-5	2.0	3.1354444E-4	0.99744153	3.1022239	0.38372442	0.008047543	37.0	1.0
SPIKE	S59:T>C	1	17188	5.8180125E-5	4.2596874	40.0	TRUE	T	4.1020778E-4	24.0	9.5171505E-4	0.9849369	17.146267	0.29405698	0.010398613	37.0	0.0
SPIKE	S59:T>A	0	17188	0.0	-1.0	0.0	TRUE	T	6.547575E-5	5.0	4.343905E-4	0.99758035	3.1022239	0.36292878	0.008276833	37.0	1.0
SPIKE	S59:T>G	0	17188	0.0	-1.0	0.0	TRUE	T	2.0177873E-4	0.0	6.7962956E-4	0.992562	12.340662	0.28122732	0.0070919767	37.0	1.0
SPIKE	S60:T>A	0	17188	0.0	-1.0	0.0	TRUE	T	6.547575E-5	1.0	4.343905E-4	0.99758035	3.1022239	0.36292878	0.008276833	37.0	1.0
SPIKE	S60:T>G	0	17188	0.0	-1.0	0.0	TRUE	T	2.0177873E-4	2.0	6.7962956E-4	0.992562	12.340662	0.28122732	0.0070919767	37.0	1.0
SPIKE	S60:T>C	0	17188	0.0	-1.0	0.0	TRUE	T	2.9306384E-4	4.0	9.5171505E-4	0.9892152	17.146267	0.29405698	0.010398613	37.0	1.0
SPIKE	S61:G>A	0	17188	0.0	-1.0	0.0	TRUE	G	2.3334728E-4	7.0	0.0013498935	0.99140334	14.453021	0.27787924	0.009934235	37.0	1.0
SPIKE	S61:G>C	0	17188	0.0	-1.0	0.0	TRUE	G	1.6271666E-4	0.0	7.217301E-4	0.9939976	8.677411	0.3225379	0.007552208	37.0	1.0
SPIKE	S61:G>T	0	17188	0.0	-1.0	0.0	TRUE	G	8.7548346E-5	4.0	6.050685E-4	0.996766	4.4403706	0.3390915	0.0078075263	37.0	1.0
SPIKE	S62:A>G	0	17188	0.0	-1.0	0.0	TRUE	A	2.6310186E-4	9.0	0.0013158058	0.99031246	17.146267	0.2640897	0.00987127	37.0	1.0
SPIKE	S62:A>C	0	17188	0.0	-1.0	0.0	TRUE	A	2.6176267E-4	0.0	3.7818585E-4	0.9903615	12.340662	0.3647194	0.01127089	37.0	1.0
SPIKE	S62:A>T	0	17188	0.0	-1.0	0.0	TRUE	A	6.923585E-5	0.0	3.1354444E-4	0.99744153	3.1022239	0.38372442	0.008047543	37.0	1.0
SPIKE	S63:A>G	0	17188	0.0	-1.0	0.0	TRUE	A	2.6310186E-4	6.0	0.0013158058	0.99031246	17.146267	0.2640897	0.00987127	37.0	1.0
SPIKE	S63:A>C	0	17188	0.0	-1.0	0.0	TRUE	A	2.6176267E-4	1.0	3.7818585E-4	0.9903615	12.340662	0.3647194	0.01127089	37.0	1.0
SPIKE	S63:A>T	0	17188	0.0	-1.0	0.0	TRUE	A	6.923585E-5	0.0	3.1354444E-4	0.99744153	3.1022239	0.38372442	0.008047543	37.0	1.0
SPIKE	S64:A>G	2	17188	1.1636025E-4	-1.0	40.0	TRUE	A	1.5344555E-4	10.0	0.0013158058	0.9943386	17.146267	0.2640897	0.00987127	37.0	0.0
SPIKE	S64:A>C	0	17188	0.0	-1.0	0.0	TRUE	A	2.6176267E-4	1.0	3.7818585E-4	0.9903615	12.340662	0.3647194	0.01127089	37.0	1.0
SPIKE	S64:A>T	0	17188	0.0	-1.0	0.0	TRUE	A	6.923585E-5	1.0	3.1354444E-4	0.99744153	3.1022239	0.38372442	0.008047543	37.0	1.0
SPIKE	S65:A>G	2	17188	1.1636025E-4	7.269987	40.0	TRUE	A	3.5292478E-4	23.0	0.0013158058	0.9870267	17.146267	0.2640897	0.00987127	37.0	0.0
SPIKE	S65:A>C	1	17188	5.8180125E-5	4.2596874	40.0	TRUE	A	2.6176267E-4	9.0	3.7818585E-4	0.9903615	12.340662	0.3647194	0.01127089	37.0	1.0
SPIKE	S65:A>T	0	17188	0.0	-1.0	0.0	TRUE	A	6.923585E-5	0.0	3.1354444E-4	0.99744153	3.1022239	0.38372442	0.008047543	37.0	1.0
SPIKE	S66:C>A	0	17188	0.0	-1.0	0.0	TRUE	C	9.8797704E-5	2.0	3.7262248E-4	0.9963512	4.4403706	0.3825735	0.007824191	37.0	1.0
SPIKE	S66:C>G	0	17188	0.0	-1.0	0.0	TRUE	C	1.594531E-4	1.0	8.5800263E-4	0.9941176	8.677411	0.31611198	0.007870242	37.0	1.0
SPIKE	S66:C>T	0	17188	0.0	-1.0	0.0	TRUE	C	2.0137556E-4	12.0	0.0010587893	0.9925768	14.453021	0.28874263	0.009227858	37.0	0.0
SPIKE	S67:C>T	1	17188	5.8180125E-5	-1.0	40.0	TRUE	C	2.4254044E-4	6.0	0.0010587893	0.99106616	14.453021	0.28874263	0.009227858	37.0	1.0
SPIKE	S67:C>A	0	17188	0.0	-1.0	0.0	TRUE	C	9.8797704E-5	3.0	3.7262248E-4	0.9963512	4.4403706	0.3825735	0.007824191	37.0	1.0
SPIKE	S67:C>G	0	17188	0.0	-1.0	0.0	TRUE	C	1.594531E-4	0.0	8.5800263E-4	0.9941176	8.677411	0.31611198	0.007870242	37.0	1.0
SPIKE	S68:A>G	0	17188	0.0	-1.0	0.0	TRUE	A	5.6774856E-4	37.0	0.0013158058	0.9792124	17.146267	0.2640897	0.00987127	37.0	0.0
SPIKE	S68:A>C	0	17188	0.0	-1.0	0.0	TRUE	A	2.6176267E-4	4.0	3.7818585E-4	0.9903615	12.340662	0.3647194	0.01127089	37.0	1.0
SPIKE	S68:A>T	0	17188	0.0	-1.0	0.0	TRUE	A	6.923585E-5	0.0	3.1354444E-4	0.99744153	3.1022239	0.38372442	0.008047543	37.0	1.0
SPIKE	S69:G>A	1	17188	5.8180125E-5	4.2596874	40.0	TRUE	G	3.5519493E-4	22.0	0.0013498935	0.9869438	14.453021	0.27787924	0.009934235	37.0	0.0
SPIKE	S69:G>C	0	17188	0.0	-1.0	0.0	TRUE	G	1.6271666E-4	3.0	7.217301E-4	0.9939976	8.677411	0.3225379	0.007552208	37.0	1.0
SPIKE	S69:G>T	0	17188	0.0	-1.0	0.0	TRUE	G	8.7548346E-5	1.0	6.050685E-4	0.996766	4.4403706	0.3390915	0.0078075263	37.0	1.0
SPIKE	S70:C>A	0	17188	0.0	-1.0	0.0	TRUE	C	9.8797704E-5	0.0	3.7262248E-4	0.9963512	4.4403706	0.3825735	0.007824191	37.0	1.0
SPIKE	S70:C>G	0	17188	0.0	-1.0	0.0	TRUE	C	1.594531E-4	1.0	8.5800263E-4	0.9941176	8.677411	0.31611198	0.007870242	37.0	1.0
SPIKE	S70:C>T	0	17188	0.0	-1.0	0.0	TRUE	C	3.3562593E-4	20.0	0.0010587893	0.9876586	14.453021	0.28874263	0.009227858	37.0	0.0
SPIKE	S71:C>A	0	17188	0.0	-1.0	0.0	TRUE	C	9.8797704E-5	0.0	3.7262248E-4	0.9963512	4.4403706	0.3825735	0.007824191	37.0	1.0
SPIKE	S71:C>G	0	17188	0.0	-1.0	0.0	TRUE	C	1.594531E-4	5.0	8.5800263E-4	0.9941176	8.677411	0.31611198	0.007870242	37.0	1.0
SPIKE	S71:C>T	0	17188	0.0	-1.0	0.0	TRUE	C	1.8459426E-4	11.0	0.0010587893	0.99319327	14.453021	0.28874263	0.009227858	37.0	0.0
SPIKE	S72:G>A	1	17188	5.8180125E-5	-1.0	40.0	TRUE	G	1.7759747E-4	11.0	0.0013498935	0.99345046	14.453021	0.27787924	0.009934235	37.0	0.0
SPIKE	S72:G>C	0	17188	0.0	-1.0	0.0	TRUE	G	1.6271666E-4	1.0	7.217301E-4	0.9939976	8.677411	0.3225379	0.007552208	37.0	1.0
SPIKE	S72:G>T	0	17188	0.0	-1.0	0.0	TRUE	G	8.7548346E-5	2.0	6.050685E-4	0.996766	4.4403706	0.3390915	0.0078075263	37.0	1.0
SPIKE	S73:T>A	0	17188	0.0	-1.0	0.0	TRUE	T	6.547575E-5	0.0	4.343905E-4	0.99758035	3.1022239	0.36292878	0.008276833	37.0	1.0
SPIKE	S73:T>G	0	17188	0.0	-1.0	0.0	TRUE	T	2.0177873E-4	4.0	6.7962956E-4	0.992562	12.340662	0.28122732	0.0070919767	37.0	1.0
SPIKE	S73:T>C	0	17188	0.0	-1.0	0.0	TRUE	T	7.349556E-4	43.0	9.5171505E-4	0.9731731	17.146267	0.29405698	0.010398613	37.0	0.0
SPIKE	S74:G>A	1	17188	5.8180125E-5	-1.0	40.0	TRUE	G	2.3334728E-4	4.0	0.0013498935	0.99140334	14.453021	0.27787924	0.009934235	37.0	1.0
SPIKE	S74:G>C	0	17188	0.0	-1.0	0.0	TRUE	G	1.6271666E-4	0.0	7.217301E-4	0.9939976	8.677411	0.3225379	0.007552208	37.0	1.0
SPIKE	S74:G>T	0	17188	0.0	-1.0	0.0	TRUE	G	8.7548346E-5	3.0	6.050685E-4	0.996766	4.4403706	0.3390915	0.0078075263	37.0	1.0
SPIKE	S75:G>A	0	17188	0.0	-1.0	0.0	TRUE	G	1.937427E-4	12.0	0.0013498935	0.99285716	14.453021	0.27787924	0.009934235	37.0	0.0
SPIKE	S75:G>C	0	17188	0.0	-1.0	0.0	TRUE	G	1.6271666E-4	0.0	7.217301E-4	0.9939976	8.677411	0.3225379	0.007552208	37.0	1.0
SPIKE	S75:G>T	0	17188	0.0	-1.0	0.0	TRUE	G	8.7548346E-5	5.0	6.050685E-4	0.996766	4.4403706	0.3390915	0.0078075263	37.0	1.0
SPIKE	S76:T>C	1	17188	5.8180125E-5	4.2596874	40.0	TRUE	T	3.2474782E-4	19.0	9.5171505E-4	0.98805624	17.146267	0.29405698	0.010398613	37.0	0.0
SPIKE	S76:T>A	0	17188	0.0	-1.0	0.0	TRUE	T	6.547575E-5	1.0	4.343905E-4	0.99758035	3.1022239	0.36292878	0.008276833	37.0	1.0
SPIKE	S76:T>G	0	17188	0.0	-1.0	0.0	TRUE	T	2.0177873E-4	5.0	6.7962956E-4	0.992562	12.340662	0.28122732	0.0070919767	37.0	1.0
SPIKE	S77:T>G	1	17188	5.8180125E-5	-1.0	40.0	TRUE	T	2.0177873E-4	0.0	6.7962956E-4	0.992562	12.340662	0.28122732	0.0070919767	37.0	1.0
SPIKE	S77:T>A	0	17188	0.0	-1.0	0.0	TRUE	T	6.547575E-5	0.0	4.343905E-4	0.99758035	3.1022239	0.36292878	0.008276833	37.0	1.0
SPIKE	S77:T>C	0	17188	0.0	-1.0	0.0	TRUE	T	2.9306384E-4	7.0	9.5171505E-4	0.9892152	17.146267	0.29405698	0.010398613	37.0	1.0
SPIKE	S78:T>A	0	17188	0.0	-1.0	0.0	TRUE	T	6.547575E-5	0.0	4.343905E-4	0.99758035	3.1022239	0.36292878	0.008276833	37.0	1.0
SPIKE	S78:T>G	0	17188	0.0	-1.0	0.0	TRUE	T	2.0177873E-4	4.0	6.7962956E-4	0.992562	12.340662	0.28122732	0.0070919767	37.0	1.0
SPIKE	S78:T>C	0	17188	0.0	-1.0	0.0	TRUE	T	2.9306384E-4	2.0	9.5171505E-4	0.9892152	17.146267	0.29405698	0.010398613	37.0	1.0
SPIKE	S79:G>A	1	17188	5.8180125E-5	-1.0	40.0	TRUE	G	1.7759747E-4	11.0	0.0013498935	0.99345046	14.453021	0.27787924	0.009934235	37.0	0.0
SPIKE	S79:G>C	0	17188	0.0	-1.0	0.0	TRUE	G	1.6271666E-4	4.0	7.217301E-4	0.9939976	8.677411	0.3225379	0.007552208	37.0	1.0
SPIKE	S79:G>T	0	17188	0.0	-1.0	0.0	TRUE	G	8.7548346E-5	1.0	6.050685E-4	0.996766	4.4403706	0.3390915	0.0078075263	37.0	1.0
SPIKE	S80:C>A	1	17188	5.8180125E-5	-1.0	40.0	TRUE	C	9.8797704E-5	0.0	3.7262248E-4	0.9963512	4.4403706	0.3825735	0.007824191	37.0	1.0
SPIKE	S80:C>T	3	17188	1.7454037E-4	10.280287	40.0	TRUE	C	3.8596982E-4	23.0	0.0010587893	0.9858206	14.453021	0.28874263	0.009227858	37.0	0.0
SPIKE	S80:C>G	0	17188	0.0	-1.0	0.0	TRUE	C	1.594531E-4	4.0	8.5800263E-4	0.9941176	8.677411	0.31611198	0.007870242	37.0	1.0
SPIKE	S81:G>A	2	17188	1.1636025E-4	-1.0	40.0	TRUE	G	2.3334728E-4	9.0	0.0013498935	0.99140334	14.453021	0.27787924	0.009934235	37.0	1.0
SPIKE	S81:G>C	0	17188	0.0	-1.0	0.0	TRUE	G	1.6271666E-4	1.0	7.217301E-4	0.9939976	8.677411	0.3225379	0.007552208	37.0	1.0
SPIKE	S81:G>T	0	17188	0.0	-1.0	0.0	TRUE	G	8.7548346E-5	1.0	6.050685E-4	0.996766	4.4403706	0.3390915	0.0078075263	37.0	1.0
SPIKE	S82:G>A	1	17188	5.8180125E-5	-1.0	40.0	TRUE	G	2.2603315E-4	14.0	0.0013498935	0.9916716	14.453021	0.27787924	0.009934235	37.0	0.0
SPIKE	S82:G>C	0	17188	0.0	-1.0	0.0	TRUE	G	1.6271666E-4	3.0	7.217301E-4	0.9939976	8.677411	0.3225379	0.007552208	37.0	1.0
SPIKE	S82:G>T	0	17188	0.0	-1.0	0.0	TRUE	G	8.7548346E-5	0.0	6.050685E-4	0.996766	4.4403706	0.3390915	0.0078075263	37.0	1.0
SPIKE	S83:C>A	1	17188	5.8180125E-5	-1.0	40.0	TRUE	C	9.8797704E-5	0.0	3.7262248E-4	0.9963512	4.4403706	0.3825735	0.007824191	37.0	1.0
SPIKE	S83:C>G	0	17188	0.0	-1.0	0.0	TRUE	C	1.594531E-4	5.0	8.5800263E-4	0.9941176	8.677411	0.31611198	0.007870242	37.0	1.0
SPIKE	S83:C>T	0	17188	0.0	-1.0	0.0	TRUE	C	2.4254044E-4	7.0	0.0010587893	0.99106616	14.453021	0.28874263	0.009227858	37.0	1.0
SPIKE	S84:G>A	3	17188	1.7454037E-4	-1.0	40.0	TRUE	G	1.7759747E-4	11.0	0.0013498935	0.99345046	14.453021	0.27787924	0.009934235	37.0	0.0
SPIKE	S84:G>C	0	17188	0.0	-1.0	0.0	TRUE	G	1.6271666E-4	1.0	7.217301E-4	0.9939976	8.677411	0.3225379	0.007552208	37.0	1.0
SPIKE	S84:G>T	0	17188	0.0	-1.0	0.0	TRUE	G	8.7548346E-5	2.0	6.050685E-4	0.996766	4.4403706	0.3390915	0.0078075263	37.0	1.0
SPIKE	S85:A>G	0	17188	0.0	-1.0	0.0	TRUE	A	2.6310186E-4	1.0	0.0013158058	0.99031246	17.146267	0.2640897	0.00987127	37.0	1.0
SPIKE	S85:A>C	0	17188	0.0	-1.0	0.0	TRUE	A	2.6176267E-4	1.0	3.7818585E-4	0.9903615	12.340662	0.3647194	0.01127089	37.0	1.0
SPIKE	S85:A>T	0	17188	0.0	-1.0	0.0	TRUE	A	6.923585E-5	4.0	3.1354444E-4	0.99744153	3.1022239	0.38372442	0.008047543	37.0	1.0
SPIKE	S86:T>A	0	17188	0.0	-1.0	0.0	TRUE	T	6.547575E-5	1.0	4.343905E-4	0.99758035	3.1022239	0.36292878	0.008276833	37.0	1.0
SPIKE	S86:T>G	0	17188	0.0	-1.0	0.0	TRUE	T	2.0177873E-4	1.0	6.7962956E-4	0.992562	12.340662	0.28122732	0.0070919767	37.0	1.0
SPIKE	S86:T>C	0	17188	0.0	-1.0	0.0	TRUE	T	1.880119E-4	11.0	9.5171505E-4	0.9930677	17.146267	0.29405698	0.010398613	37.0	0.0
SPIKE	S87:T>A	0	17188	0.0	-1.0	0.0	TRUE	T	6.547575E-5	2.0	4.343905E-4	0.99758035	3.1022239	0.36292878	0.008276833	37.0	1.0
SPIKE	S87:T>G	0	17188	0.0	-1.0	0.0	TRUE	T	2.0177873E-4	0.0	6.7962956E-4	0.992562	12.340662	0.28122732	0.0070919767	37.0	1.0
SPIKE	S87:T>C	0	17188	0.0	-1.0	0.0	TRUE	T	2.9306384E-4	5.0	9.5171505E-4	0.9892152	17.146267	0.29405698	0.010398613	37.0	1.0
SPIKE	S88:T>A	0	17188	0.0	-1.0	0.0	TRUE	T	6.547575E-5	0.0	4.343905E-4	0.99758035	3.1022239	0.36292878	0.008276833	37.0	1.0
SPIKE	S88:T>G	0	17188	0.0	-1.0	0.0	TRUE	T	2.0177873E-4	0.0	6.7962956E-4	0.992562	12.340662	0.28122732	0.0070919767	37.0	1.0
SPIKE	S88:T>C	0	17188	0.0	-1.0	0.0	TRUE	T	2.9306384E-4	2.0	9.5171505E-4	0.9892152	17.146267	0.29405698	0.010398613	37.0	1.0
SPIKE	S89:A>G	0	17188	0.0	-1.0	0.0	TRUE	A	2.6310186E-4	1.0	0.0013158058	0.99031246	17.146267	0.2640897	0.00987127	37.0	1.0
SPIKE	S89:A>C	0	17188	0.0	-1.0	0.0	TRUE	A	2.6176267E-4	0.0	3.7818585E-4	0.9903615	12.340662	0.3647194	0.01127089	37.0	1.0
SPIKE	S89:A>T	0	17188	0.0	-1.0	0.0	TRUE	A	6.923585E-5	0.0	3.1354444E-4	0.99744153	3.1022239	0.38372442	0.008047543	37.0	1.0
SPIKE	S90:T>A	0	17188	0.0	-1.0	0.0	TRUE	T	6.547575E-5	0.0	4.343905E-4	0.99758035	3.1022239	0.36292878	0.008276833	37.0	1.0
SPIKE	S90:T>G	0	17188	0.0	-1.0	0.0	TRUE	T	2.0177873E-4	0.0	6.7962956E-4	0.992562	12.340662	0.28122732	0.0070919767	37.0	1.0
SPIKE	S90:T>C	0	17188	0.0	-1.0	0.0	TRUE	T	2.9306384E-4	6.0	9.5171505E-4	0.9892152	17.146267	0.29405698	0.010398613	37.0	1.0
SPIKE	S91:C>A	1	17188	5.8180125E-5	-1.0	40.0	TRUE	C	9.8797704E-5	0.0	3.7262248E-4	0.9963512	4.4403706	0.3825735	0.007824191	37.0	1.0
SPIKE	S91:C>G	0	17188	0.0	-1.0	0.0	TRUE	C	1.594531E-4	0.0	8.5800263E-4	0.9941176	8.677411	0.31611198	0.007870242	37.0	1.0
SPIKE	S91:C>T	0	17188	0.0	-1.0	0.0	TRUE	C	1.8459426E-4	11.0	0.0010587893	0.99319327	14.453021	0.28874263	0.009227858	37.0	0.0
SPIKE	S92:G>A	0	17188	0.0	-1.0	0.0	TRUE	G	3.5519493E-4	22.0	0.0013498935	0.9869438	14.453021	0.27787924	0.009934235	37.0	0.0
SPIKE	S92:G>C	0	17188	0.0	-1.0	0.0	TRUE	G	1.6271666E-4	0.0	7.217301E-4	0.9939976	8.677411	0.3225379	0.007552208	37.0	1.0
SPIKE	S92:G>T	0	17188	0.0	-1.0	0.0	TRUE	G	8.7548346E-5	0.0	6.050685E-4	0.996766	4.4403706	0.3390915	0.0078075263	37.0	1.0
SPIKE	S93:T>A	0	17188	0.0	-1.0	0.0	TRUE	T	6.547575E-5	0.0	4.343905E-4	0.99758035	3.1022239	0.36292878	0.008276833	37.0	1.0
SPIKE	S93:T>G	0	17188	0.0	-1.0	0.0	TRUE	T	2.0177873E-4	0.0	6.7962956E-4	0.992562	12.340662	0.28122732	0.0070919767	37.0	1.0
SPIKE	S93:T>C	0	17188	0.0	-1.0	0.0	TRUE	T	3.418398E-4	20.0	9.5171505E-4	0.9874316	17.146267	0.29405698	0.010398613	37.0	0.0
SPIKE	S94:C>A	0	17188	0.0	-1.0	0.0	TRUE	C	9.8797704E-5	0.0	3.7262248E-4	0.9963512	4.4403706	0.3825735	0.007824191	37.0	1.0
SPIKE	S94:C>G	0	17188	0.0	-1.0	0.0	TRUE	C	1.594531E-4	0.0	8.5800263E-4	0.9941176	8.677411	0.31611198	0.007870242	37.0	1.0
SPIKE	S94:C>T	0	17188	0.0	-1.0	0.0	TRUE	C	2.4254044E-4	7.0	0.0010587893	0.99106616	14.453021	0.28874263	0.009227858	37.0	1.0
SPIKE	S95:G>A	1	17188	5.8180125E-5	-1.0	40.0	TRUE	G	1.6145225E-4	10.0	0.0013498935	0.99404407	14.453021	0.27787924	0.009934235	37.0	0.0
SPIKE	S95:G>C	0	17188	0.0	-1.0	0.0	TRUE	G	1.6271666E-4	0.0	7.217301E-4	0.9939976	8.677411	0.3225379	0.007552208	37.0	1.0
SPIKE	S95:G>T	0	17188	0.0	-1.0	0.0	TRUE	G	8.7548346E-5	0.0	6.050685E-4	0.996766	4.4403706	0.3390915	0.0078075263	37.0	1.0
SPIKE	S96:T>A	0	17188	0.0	-1.0	0.0	TRUE	T	6.547575E-5	1.0	4.343905E-4	0.99758035	3.1022239	0.36292878	0.008276833	37.0	1.0
SPIKE	S96:T>G	0	17188	0.0	-1.0	0.0	TRUE	T	2.0177873E-4	3.0	6.7962956E-4	0.992562	12.340662	0.28122732	0.0070919767	37.0	1.0
SPIKE	S96:T>C	0	17188	0.0	-1.0	0.0	TRUE	T	5.298517E-4	31.0	9.5171505E-4	0.9805864	17.146267	0.29405698	0.010398613	37.0	0.0
SPIKE	S97:C>A	0	17188	0.0	-1.0	0.0	TRUE	C	9.8797704E-5	0.0	3.7262248E-4	0.9963512	4.4403706	0.3825735	0.007824191	37.0	1.0
SPIKE	S97:C>G	0	17188	0.0	-1.0	0.0	TRUE	C	1.594531E-4	0.0	8.5800263E-4	0.9941176	8.677411	0.31611198	0.007870242	37.0	1.0
SPIKE	S97:C>T	0	17188	0.0	-1.0	0.0	TRUE	C	2.4254044E-4	4.0	0.0010587893	0.99106616	14.453021	0.28874263	0.009227858	37.0	1.0
SPIKE	S98:A>G	0	17188	0.0	-1.0	0.0	TRUE	A	2.1482377E-4	14.0	0.0013158058	0.992083	17.146267	0.2640897	0.00987127	37.0	0.0
SPIKE	S98:A>C	0	17188	0.0	-1.0	0.0	TRUE	A	2.6176267E-4	2.0	3.7818585E-4	0.9903615	12.340662	0.3647194	0.01127089	37.0	1.0
SPIKE	S98:A>T	0	17188	0.0	-1.0	0.0	TRUE	A	6.923585E-5	0.0	3.1354444E-4	0.99744153	3.1022239	0.38372442	0.008047543	37.0	1.0
SPIKE	S99:T>A	0	17188	0.0	-1.0	0.0	TRUE	T	6.547575E-5	0.0	4.343905E-4	0.99758035	3.1022239	0.36292878	0.008276833	37.0	1.0
SPIKE	S99:T>G	0	17188	0.0	-1.0	0.0	TRUE	T	2.0177873E-4	0.0	6.7962956E-4	0.992562	12.340662	0.28122732	0.0070919767	37.0	1.0
SPIKE	S99:T>C	0	17188	0.0	-1.0	0.0	TRUE	T	2.9306384E-4	5.0	9.5171505E-4	0.9892152	17.146267	0.29405698	0.010398613	37.0	1.0
SPIKE	S100:C>A	0	17188	0.0	-1.0	0.0	TRUE	C	9.8797704E-5	0.0	3.7262248E-4	0.9963512	4.4403706	0.3825735	0.007824191	37.0	1.0
SPIKE	S100:C>G	0	17188	0.0	-1.0	0.0	TRUE	C	1.594531E-4	0.0	8.5800263E-4	0.9941176	8.677411	0.31611198	0.007870242	37.0	1.0
SPIKE	S100:C>T	0	17188	0.0	-1.0	0.0	TRUE	C	1.6781296E-4	10.0	0.0010587893	0.9938102	14.453021	0.28874263	0.009227858	37.0	0.0
SPIKE	S101:G>A	0	17188	0.0	-1.0	0.0	TRUE	G	2.0988792E-4	13.0	0.0013498935	0.9922642	14.453021	0.27787924	0.009934235	37.0	0.0
SPIKE	S101:G>C	0	17188	0.0	-1.0	0.0	TRUE	G	1.6271666E-4	0.0	7.217301E-4	0.9939976	8.677411	0.3225379	0.007552208	37.0	1.0
SPIKE	S101:G>T	0	17188	0.0	-1.0	0.0	TRUE	G	8.7548346E-5	0.0	6.050685E-4	0.996766	4.4403706	0.3390915	0.0078075263	37.0	1.0
SPIKE	S102:T>A	0	17188	0.0	-1.0	0.0	TRUE	T	6.547575E-5	0.0	4.343905E-4	0.99758035	3.1022239	0.36292878	0.008276833	37.0	1.0
SPIKE	S102:T>G	0	17188	0.0	-1.0	0.0	TRUE	T	2.0177873E-4	2.0	6.7962956E-4	0.992562	12.340662	0.28122732	0.0070919767	37.0	1.0
SPIKE	S102:T>C	0	17188	0.0	-1.0	0.0	TRUE	T	3.0765584E-4	18.0	9.5171505E-4	0.98868126	17.146267	0.29405698	0.010398613	37.0	0.0
SPIKE	S103:G>A	0	17188	0.0	-1.0	0.0	TRUE	G	2.3334728E-4	1.0	0.0013498935	0.99140334	14.453021	0.27787924	0.009934235	37.0	1.0
SPIKE	S103:G>C	0	17188	0.0	-1.0	0.0	TRUE	G	1.6271666E-4	0.0	7.217301E-4	0.9939976	8.677411	0.3225379	0.007552208	37.0	1.0
SPIKE	S103:G>T	0	17188	0.0	-1.0	0.0	TRUE	G	8.7548346E-5	1.0	6.050685E-4	0.996766	4.4403706	0.3390915	0.0078075263	37.0	1.0
SPIKE	S104:G>A	0	17188	0.0	-1.0	0.0	TRUE	G	2.2603315E-4	14.0	0.0013498935	0.9916716	14.453021	0.27787924	0.009934235	37.0	0.0
SPIKE	S104:G>C	0	17188	0.0	-1.0	0.0	TRUE	G	1.6271666E-4	0.0	7.217301E-4	0.9939976	8.677411	0.3225379	0.007552208	37.0	1.0
SPIKE	S104:G>T	0	17188	0.0	-1.0	0.0	TRUE	G	8.7548346E-5	0.0	6.050685E-4	0.996766	4.4403706	0.3390915	0.0078075263	37.0	1.0
SPIKE	S105:C>A	0	17188	0.0	-1.0	0.0	TRUE	C	9.8797704E-5	0.0	3.7262248E-4	0.9963512	4.4403706	0.3825735	0.007824191	37.0	1.0
SPIKE	S105:C>G	0	17188	0.0	-1.0	0.0	TRUE	C	1.594531E-4	2.0	8.5800263E-4	0.9941176	8.677411	0.31611198	0.007870242	37.0	1.0
SPIKE	S105:C>T	0	17188	0.0	-1.0	0.0	TRUE	C	2.6850073E-4	16.0	0.0010587893	0.9901146	14.453021	0.28874263	0.009227858	37.0	0.0
SPIKE	S106:G>A	0	17188	0.0	-1.0	0.0	TRUE	G	1.937427E-4	12.0	0.0013498935	0.99285716	14.453021	0.27787924	0.009934235	37.0	0.0
SPIKE	S106:G>C	0	17188	0.0	-1.0	0.0	TRUE	G	1.6271666E-4	0.0	7.217301E-4	0.9939976	8.677411	0.3225379	0.007552208	37.0	1.0
SPIKE	S106:G>T	0	17188	0.0	-1.0	0.0	TRUE	G	8.7548346E-5	0.0	6.050685E-4	0.996766	4.4403706	0.3390915	0.0078075263	37.0	1.0
SPIKE	S107:G>A	0	17188	0.0	-1.0	0.0	TRUE	G	1.937427E-4	12.0	0.0013498935	0.99285716	14.453021	0.27787924	0.009934235	37.0	0.0
SPIKE	S107:G>C	0	17188	0.0	-1.0	0.0	TRUE	G	1.6271666E-4	0.0	7.217301E-4	0.9939976	8.677411	0.3225379	0.007552208	37.0	1.0
SPIKE	S107:G>T	0	17188	0.0	-1.0	0.0	TRUE	G	8.7548346E-5	1.0	6.050685E-4	0.996766	4.4403706	0.3390915	0.0078075263	37.0	1.0
SPIKE	S108:C>A	0	17188	0.0	-1.0	0.0	TRUE	C	9.8797704E-5	0.0	3.7262248E-4	0.9963512	4.4403706	0.3825735	0.007824191	37.0	1.0
SPIKE	S108:C>G	0	17188	0.0	-1.0	0.0	TRUE	C	1.594531E-4	0.0	8.5800263E-4	0.9941176	8.677411	0.31611198	0.007870242	37.0	1.0
SPIKE	S108:C>T	0	17188	0.0	-1.0	0.0	TRUE	C	2.0137556E-4	12.0	0.0010587893	0.9925768	14.453021	0.28874263	0.009227858	37.0	0.0
SPIKE	S109:A>G	0	17188	0.0	-1.0	0.0	TRUE	A	2.6310186E-4	5.0	0.0013158058	0.99031246	17.146267	0.2640897	0.00987127	37.0	1.0
SPIKE	S109:A>C	0	17188	0.0	-1.0	0.0	TRUE	A	2.6176267E-4	0.0	3.7818585E-4	0.9903615	12.340662	0.3647194	0.01127089	37.0	1.0
SPIKE	S109:A>T	0	17188	0.0	-1.0	0.0	TRUE	A	6.923585E-5	0.0	3.1354444E-4	0.99744153	3.1022239	0.38372442	0.008047543	37.0	1.0
SPIKE	S110:G>A	0	17188	0.0	-1.0	0.0	TRUE	G	2.583236E-4	16.0	0.0013498935	0.9904876	14.453021	0.27787924	0.009934235	37.0	0.0
SPIKE	S110:G>C	0	17188	0.0	-1.0	0.0	TRUE	G	1.6271666E-4	0.0	7.217301E-4	0.9939976	8.677411	0.3225379	0.007552208	37.0	1.0
SPIKE	S110:G>T	0	17188	0.0	-1.0	0.0	TRUE	G	8.7548346E-5	0.0	6.050685E-4	0.996766	4.4403706	0.3390915	0.0078075263	37.0	1.0
SPIKE	S111:C>T	1	17188	5.8180125E-5	4.2596874	40.0	TRUE	C	2.6850073E-4	16.0	0.0010587893	0.9901146	14.453021	0.28874263	0.009227858	37.0	0.0
SPIKE	S111:C>A	0	17188	0.0	-1.0	0.0	TRUE	C	9.8797704E-5	0.0	3.7262248E-4	0.9963512	4.4403706	0.3825735	0.007824191	37.0	1.0
SPIKE	S111:C>G	0	17188	0.0	-1.0	0.0	TRUE	C	1.594531E-4	1.0	8.5800263E-4	0.9941176	8.677411	0.31611198	0.007870242	37.0	1.0
SPIKE	S112:G>A	1	17188	5.8180125E-5	-1.0	38.0	TRUE	G	2.3334728E-4	8.0	0.0013498935	0.99140334	14.453021	0.27787924	0.009934235	37.0	1.0
SPIKE	S112:G>C	0	17188	0.0	-1.0	0.0	TRUE	G	1.6271666E-4	0.0	7.217301E-4	0.9939976	8.677411	0.3225379	0.007552208	37.0	1.0
SPIKE	S112:G>T	0	17188	0.0	-1.0	0.0	TRUE	G	8.7548346E-5	0.0	6.050685E-4	0.996766	4.4403706	0.3390915	0.0078075263	37.0	1.0
SPIKE	S113:T>A	0	17188	0.0	-1.0	0.0	TRUE	T	6.547575E-5	0.0	4.343905E-4	0.99758035	3.1022239	0.36292878	0.008276833	37.0	1.0
SPIKE	S113:T>G	0	17188	0.0	-1.0	0.0	TRUE	T	2.0177873E-4	3.0	6.7962956E-4	0.992562	12.340662	0.28122732	0.0070919767	37.0	1.0
SPIKE	S113:T>C	0	17188	0.0	-1.0	0.0	TRUE	T	4.6148375E-4	27.0	9.5171505E-4	0.9830701	17.146267	0.29405698	0.010398613	37.0	0.0
SPIKE	S114:G>A	0	17188	0.0	-1.0	0.0	TRUE	G	2.3334728E-4	7.0	0.0013498935	0.99140334	14.453021	0.27787924	0.009934235	37.0	1.0
SPIKE	S114:G>C	0	17188	0.0	-1.0	0.0	TRUE	G	1.6271666E-4	0.0	7.217301E-4	0.9939976	8.677411	0.3225379	0.007552208	37.0	1.0
SPIKE	S114:G>T	0	17188	0.0	-1.0	0.0	TRUE	G	8.7548346E-5	0.0	6.050685E-4	0.996766	4.4403706	0.3390915	0.0078075263	37.0	1.0
SPIKE	S115:A>G	0	17188	0.0	-1.0	0.0	TRUE	A	2.9154654E-4	19.0	0.0013158058	0.98927075	17.146267	0.2640897	0.00987127	37.0	0.0
SPIKE	S115:A>C	0	17188	0.0	-1.0	0.0	TRUE	A	2.6176267E-4	0.0	3.7818585E-4	0.9903615	12.340662	0.3647194	0.01127089	37.0	1.0
SPIKE	S115:A>T	0	17188	0.0	-1.0	0.0	TRUE	A	6.923585E-5	0.0	3.1354444E-4	0.99744153	3.1022239	0.38372442	0.008047543	37.0	1.0
SPIKE	S116:C>A	0	17188	0.0	-1.0	0.0	TRUE	C	9.8797704E-5	0.0	3.7262248E-4	0.9963512	4.4403706	0.3825735	0.007824191	37.0	1.0
SPIKE	S116:C>G	0	17188	0.0	-1.0	0.0	TRUE	C	1.594531E-4	0.0	8.5800263E-4	0.9941176	8.677411	0.31611198	0.007870242	37.0	1.0
SPIKE	S116:C>T	0	17188	0.0	-1.0	0.0	TRUE	C	2.4254044E-4	1.0	0.0010587893	0.99106616	14.453021	0.28874263	0.009227858	37.0	1.0
SPIKE	S117:C>A	0	17188	0.0	-1.0	0.0	TRUE	C	9.8797704E-5	0.0	3.7262248E-4	0.9963512	4.4403706	0.3825735	0.007824191	37.0	1.0
SPIKE	S117:C>G	0	17188	0.0	-1.0	0.0	TRUE	C	1.594531E-4	0.0	8.5800263E-4	0.9941176	8.677411	0.31611198	0.007870242	37.0	1.0
SPIKE	S117:C>T	0	17188	0.0	-1.0	0.0	TRUE	C	2.4254044E-4	4.0	0.0010587893	0.99106616	14.453021	0.28874263	0.009227858	37.0	1.0
SPIKE	S118:T>A	0	17188	0.0	-1.0	0.0	TRUE	T	6.547575E-5	4.0	4.343905E-4	0.99758035	3.1022239	0.36292878	0.008276833	37.0	1.0
SPIKE	S118:T>G	0	17188	0.0	-1.0	0.0	TRUE	T	2.0177873E-4	1.0	6.7962956E-4	0.992562	12.340662	0.28122732	0.0070919767	37.0	1.0
SPIKE	S118:T>C	0	17188	0.0	-1.0	0.0	TRUE	T	2.0510389E-4	12.0	9.5171505E-4	0.99243987	17.146267	0.29405698	0.010398613	37.0	0.0
SPIKE	S119:A>G	1	17188	5.8180125E-5	4.2596874	40.0	TRUE	A	2.6085743E-4	17.0	0.0013158058	0.9903947	17.146267	0.2640897	0.00987127	37.0	0.0
SPIKE	S119:A>C	0	17188	0.0	-1.0	0.0	TRUE	A	2.6176267E-4	1.0	3.7818585E-4	0.9903615	12.340662	0.3647194	0.01127089	37.0	1.0
SPIKE	S119:A>T	0	17188	0.0	-1.0	0.0	TRUE	A	6.923585E-5	0.0	3.1354444E-4	0.99744153	3.1022239	0.38372442	0.008047543	37.0	1.0
SPIKE	S120:T>A	0	17188	0.0	-1.0	0.0	TRUE	T	6.547575E-5	0.0	4.343905E-4	0.99758035	3.1022239	0.36292878	0.008276833	37.0	1.0
SPIKE	S120:T>G	0	17188	0.0	-1.0	0.0	TRUE	T	2.0177873E-4	3.0	6.7962956E-4	0.992562	12.340662	0.28122732	0.0070919767	37.0	1.0
SPIKE	S120:T>C	0	17188	0.0	-1.0	0.0	TRUE	T	2.3928787E-4	14.0	9.5171505E-4	0.9911854	17.146267	0.29405698	0.010398613	37.0	0.0
SPIKE	S121:G>A	1	17188	5.8180125E-5	-1.0	40.0	TRUE	G	1.6145225E-4	10.0	0.0013498935	0.99404407	14.453021	0.27787924	0.009934235	37.0	0.0
SPIKE	S121:G>C	0	17188	0.0	-1.0	0.0	TRUE	G	1.6271666E-4	0.0	7.217301E-4	0.9939976	8.677411	0.3225379	0.007552208	37.0	1.0
SPIKE	S121:G>T	0	17188	0.0	-1.0	0.0	TRUE	G	8.7548346E-5	1.0	6.050685E-4	0.996766	4.4403706	0.3390915	0.0078075263	37.0	1.0
SPIKE	S122:T>A	0	17188	0.0	-1.0	0.0	TRUE	T	6.547575E-5	0.0	4.343905E-4	0.99758035	3.1022239	0.36292878	0.008276833	37.0	1.0
SPIKE	S122:T>G	0	17188	0.0	-1.0	0.0	TRUE	T	2.0177873E-4	3.0	6.7962956E-4	0.992562	12.340662	0.28122732	0.0070919767	37.0	1.0
SPIKE	S122:T>C	0	17188	0.0	-1.0	0.0	TRUE	T	6.3240365E-4	37.0	9.5171505E-4	0.9768727	17.146267	0.29405698	0.010398613	37.0	0.0
SPIKE	S123:G>A	0	17188	0.0	-1.0	0.0	TRUE	G	2.3334728E-4	6.0	0.0013498935	0.99140334	14.453021	0.27787924	0.009934235	37.0	1.0
SPIKE	S123:G>C	0	17188	0.0	-1.0	0.0	TRUE	G	1.6271666E-4	1.0	7.217301E-4	0.9939976	8.677411	0.3225379	0.007552208	37.0	1.0
SPIKE	S123:G>T	0	17188	0.0	-1.0	0.0	TRUE	G	8.7548346E-5	0.0	6.050685E-4	0.996766	4.4403706	0.3390915	0.0078075263	37.0	1.0
SPIKE	S124:T>A	0	17188	0.0	-1.0	0.0	TRUE	T	6.547575E-5	0.0	4.343905E-4	0.99758035	3.1022239	0.36292878	0.008276833	37.0	1.0
SPIKE	S124:T>G	0	17188	0.0	-1.0	0.0	TRUE	T	2.0177873E-4	1.0	6.7962956E-4	0.992562	12.340662	0.28122732	0.0070919767	37.0	1.0
SPIKE	S124:T>C	0	17188	0.0	-1.0	0.0	TRUE	T	2.7347184E-4	16.0	9.5171505E-4	0.98993254	17.146267	0.29405698	0.010398613	37.0	0.0
SPIKE	S125:G>A	0	17188	0.0	-1.0	0.0	TRUE	G	1.7759747E-4	11.0	0.0013498935	0.99345046	14.453021	0.27787924	0.009934235	37.0	0.0
SPIKE	S125:G>C	0	17188	0.0	-1.0	0.0	TRUE	G	1.6271666E-4	0.0	7.217301E-4	0.9939976	8.677411	0.3225379	0.007552208	37.0	1.0
SPIKE	S125:G>T	0	17188	0.0	-1.0	0.0	TRUE	G	8.7548346E-5	0.0	6.050685E-4	0.996766	4.4403706	0.3390915	0.0078075263	37.0	1.0
SPIKE	S126:C>T	1	17188	5.8180125E-5	-1.0	40.0	TRUE	C	2.4254044E-4	7.0	0.0010587893	0.99106616	14.453021	0.28874263	0.009227858	37.0	1.0
SPIKE	S126:C>A	0	17188	0.0	-1.0	0.0	TRUE	C	9.8797704E-5	0.0	3.7262248E-4	0.9963512	4.4403706	0.3825735	0.007824191	37.0	1.0
SPIKE	S126:C>G	0	17188	0.0	-1.0	0.0	TRUE	C	1.594531E-4	1.0	8.5800263E-4	0.9941176	8.677411	0.31611198	0.007870242	37.0	1.0
SPIKE	S127:G>A	1	17188	5.8180125E-5	-1.0	40.0	TRUE	G	1.937427E-4	12.0	0.0013498935	0.99285716	14.453021	0.27787924	0.009934235	37.0	0.0
SPIKE	S127:G>C	0	17188	0.0	-1.0	0.0	TRUE	G	1.6271666E-4	1.0	7.217301E-4	0.9939976	8.677411	0.3225379	0.007552208	37.0	1.0
SPIKE	S127:G>T	0	17188	0.0	-1.0	0.0	TRUE	G	8.7548346E-5	0.0	6.050685E-4	0.996766	4.4403706	0.3390915	0.0078075263	37.0	1.0
SPIKE	S128:G>A	0	17188	0.0	-1.0	0.0	TRUE	G	1.937427E-4	12.0	0.0013498935	0.99285716	14.453021	0.27787924	0.009934235	37.0	0.0
SPIKE	S128:G>C	0	17188	0.0	-1.0	0.0	TRUE	G	1.6271666E-4	0.0	7.217301E-4	0.9939976	8.677411	0.3225379	0.007552208	37.0	1.0
SPIKE	S128:G>T	0	17188	0.0	-1.0	0.0	TRUE	G	8.7548346E-5	1.0	6.050685E-4	0.996766	4.4403706	0.3390915	0.0078075263	37.0	1.0
SPIKE	S129:C>T	2	17188	1.1636025E-4	-1.0	36.5	TRUE	C	2.0137556E-4	12.0	0.0010587893	0.9925768	14.453021	0.28874263	0.009227858	37.0	0.0
SPIKE	S129:C>A	0	17188	0.0	-1.0	0.0	TRUE	C	9.8797704E-5	0.0	3.7262248E-4	0.9963512	4.4403706	0.3825735	0.007824191	37.0	1.0
SPIKE	S129:C>G	0	17188	0.0	-1.0	0.0	TRUE	C	1.594531E-4	1.0	8.5800263E-4	0.9941176	8.677411	0.31611198	0.007870242	37.0	1.0
SPIKE	S130:G>A	2	17188	1.1636025E-4	-1.0	38.0	TRUE	G	2.2603315E-4	14.0	0.0013498935	0.9916716	14.453021	0.27787924	0.009934235	37.0	0.0
SPIKE	S130:G>C	0	17188	0.0	-1.0	0.0	TRUE	G	1.6271666E-4	1.0	7.217301E-4	0.9939976	8.677411	0.3225379	0.007552208	37.0	1.0
SPIKE	S130:G>T	0	17188	0.0	-1.0	0.0	TRUE	G	8.7548346E-5	1.0	6.050685E-4	0.996766	4.4403706	0.3390915	0.0078075263	37.0	1.0
SPIKE	S131:G>A	1	17188	5.8180125E-5	-1.0	40.0	TRUE	G	1.6145225E-4	10.0	0.0013498935	0.99404407	14.453021	0.27787924	0.009934235	37.0	0.0
SPIKE	S131:G>C	0	17188	0.0	-1.0	0.0	TRUE	G	1.6271666E-4	0.0	7.217301E-4	0.9939976	8.677411	0.3225379	0.007552208	37.0	1.0
SPIKE	S131:G>T	0	17188	0.0	-1.0	0.0	TRUE	G	8.7548346E-5	0.0	6.050685E-4	0.996766	4.4403706	0.3390915	0.0078075263	37.0	1.0
SPIKE	S132:C>A	0	17188	0.0	-1.0	0.0	TRUE	C	9.8797704E-5	0.0	3.7262248E-4	0.9963512	4.4403706	0.3825735	0.007824191	37.0	1.0
SPIKE	S132:C>G	0	17188	0.0	-1.0	0.0	TRUE	C	1.594531E-4	1.0	8.5800263E-4	0.9941176	8.677411	0.31611198	0.007870242	37.0	1.0
SPIKE	S132:C>T	0	17188	0.0	-1.0	0.0	TRUE	C	1.6781296E-4	10.0	0.0010587893	0.9938102	14.453021	0.28874263	0.009227858	37.0	0.0
SPIKE	S133:A>G	0	17188	0.0	-1.0	0.0	TRUE	A	2.6310186E-4	0.0	0.0013158058	0.99031246	17.146267	0.2640897	0.00987127	37.0	1.0
SPIKE	S133:A>C	0	17188	0.0	-1.0	0.0	TRUE	A	2.6176267E-4	6.0	3.7818585E-4	0.9903615	12.340662	0.3647194	0.01127089	37.0	1.0
SPIKE	S133:A>T	0	17188	0.0	-1.0	0.0	TRUE	A	6.923585E-5	0.0	3.1354444E-4	0.99744153	3.1022239	0.38372442	0.008047543	37.0	1.0
SPIKE	S134:G>A	0	17188	0.0	-1.0	0.0	TRUE	G	2.3334728E-4	8.0	0.0013498935	0.99140334	14.453021	0.27787924	0.009934235	37.0	1.0
SPIKE	S134:G>C	0	17188	0.0	-1.0	0.0	TRUE	G	1.6271666E-4	1.0	7.217301E-4	0.9939976	8.677411	0.3225379	0.007552208	37.0	1.0
SPIKE	S134:G>T	0	17188	0.0	-1.0	0.0	TRUE	G	8.7548346E-5	5.0	6.050685E-4	0.996766	4.4403706	0.3390915	0.0078075263	37.0	1.0
SPIKE	S135:C>A	0	17188	0.0	-1.0	0.0	TRUE	C	9.8797704E-5	2.0	3.7262248E-4	0.9963512	4.4403706	0.3825735	0.007824191	37.0	1.0
SPIKE	S135:C>G	0	17188	0.0	-1.0	0.0	TRUE	C	1.594531E-4	5.0	8.5800263E-4	0.9941176	8.677411	0.31611198	0.007870242	37.0	1.0
SPIKE	S135:C>T	0	17188	0.0	-1.0	0.0	TRUE	C	1.6781296E-4	10.0	0.0010587893	0.9938102	14.453021	0.28874263	0.009227858	37.0	0.0
SPIKE	S136:C>A	0	17188	0.0	-1.0	0.0	TRUE	C	9.8797704E-5	4.0	3.7262248E-4	0.9963512	4.4403706	0.3825735	0.007824191	37.0	1.0
SPIKE	S136:C>G	0	17188	0.0	-1.0	0.0	TRUE	C	1.594531E-4	1.0	8.5800263E-4	0.9941176	8.677411	0.31611198	0.007870242	37.0	1.0
SPIKE	S136:C>T	0	17188	0.0	-1.0	0.0	TRUE	C	1.8459426E-4	11.0	0.0010587893	0.99319327	14.453021	0.28874263	0.009227858	37.0	0.0
SPIKE	S137:T>A	0	17188	0.0	-1.0	0.0	TRUE	T	6.547575E-5	1.0	4.343905E-4	0.99758035	3.1022239	0.36292878	0.008276833	37.0	1.0
SPIKE	S137:T>G	0	17188	0.0	-1.0	0.0	TRUE	T	2.0177873E-4	7.0	6.7962956E-4	0.992562	12.340662	0.28122732	0.0070919767	37.0	1.0
SPIKE	S137:T>C	0	17188	0.0	-1.0	0.0	TRUE	T	2.9306384E-4	2.0	9.5171505E-4	0.9892152	17.146267	0.29405698	0.010398613	37.0	1.0
SPIKE	S138:G>A	0	17188	0.0	-1.0	0.0	TRUE	G	3.0675926E-4	19.0	0.0013498935	0.9887141	14.453021	0.27787924	0.009934235	37.0	0.0
SPIKE	S138:G>C	0	17188	0.0	-1.0	0.0	TRUE	G	1.6271666E-4	0.0	7.217301E-4	0.9939976	8.677411	0.3225379	0.007552208	37.0	1.0
SPIKE	S138:G>T	0	17188	0.0	-1.0	0.0	TRUE	G	8.7548346E-5	6.0	6.050685E-4	0.996766	4.4403706	0.3390915	0.0078075263	37.0	1.0
SPIKE	S139:A>G	0	17188	0.0	-1.0	0.0	TRUE	A	2.6310186E-4	4.0	0.0013158058	0.99031246	17.146267	0.2640897	0.00987127	37.0	1.0
SPIKE	S139:A>C	0	17188	0.0	-1.0	0.0	TRUE	A	2.6176267E-4	0.0	3.7818585E-4	0.9903615	12.340662	0.3647194	0.01127089	37.0	1.0
SPIKE	S139:A>T	0	17188	0.0	-1.0	0.0	TRUE	A	6.918622E-4	31.0	3.1354444E-4	0.97472596	3.1022239	0.38372442	0.008047543	37.0	0.0
SPIKE	S140:T>A	0	17188	0.0	-1.0	0.0	TRUE	T	6.547575E-5	7.0	4.343905E-4	0.99758035	3.1022239	0.36292878	0.008276833	37.0	1.0
SPIKE	S140:T>G	0	17188	0.0	-1.0	0.0	TRUE	T	2.0177873E-4	5.0	6.7962956E-4	0.992562	12.340662	0.28122732	0.0070919767	37.0	1.0
SPIKE	S140:T>C	0	17188	0.0	-1.0	0.0	TRUE	T	2.9306384E-4	2.0	9.5171505E-4	0.9892152	17.146267	0.29405698	0.010398613	37.0	1.0
SPIKE	S141:T>A	0	17188	0.0	-1.0	0.0	TRUE	T	0.0010975156	52.0	4.343905E-4	0.9602054	3.1022239	0.36292878	0.008276833	37.0	0.0
SPIKE	S141:T>G	0	17188	0.0	-1.0	0.0	TRUE	T	2.0177873E-4	3.0	6.7962956E-4	0.992562	12.340662	0.28122732	0.0070919767	37.0	1.0
SPIKE	S141:T>C	0	17188	0.0	-1.0	0.0	TRUE	T	2.9306384E-4	8.0	9.5171505E-4	0.9892152	17.146267	0.29405698	0.010398613	37.0	1.0
SPIKE	S142:A>G	0	17188	0.0	-1.0	0.0	TRUE	A	0.0010434297	68.0	0.0013158058	0.9621288	17.146267	0.2640897	0.00987127	37.0	0.0
SPIKE	S142:A>C	0	17188	0.0	-1.0	0.0	TRUE	A	3.1817093E-4	15.0	3.7818585E-4	0.9882967	12.340662	0.3647194	0.01127089	37.0	0.0
SPIKE	S142:A>T	0	17188	0.0	-1.0	0.0	TRUE	A	2.9013574E-4	13.0	3.1354444E-4	0.98932236	3.1022239	0.38372442	0.008047543	37.0	0.0
SPIKE	S143:G>A	0	17188	0.0	-1.0	0.0	TRUE	G	2.2603315E-4	14.0	0.0013498935	0.9916716	14.453021	0.27787924	0.009934235	37.0	0.0
SPIKE	S143:G>C	0	17188	0.0	-1.0	0.0	TRUE	G	0.001968934	105.0	7.217301E-4	0.9297398	8.677411	0.3225379	0.007552208	37.0	0.0
SPIKE	S143:G>T	0	17188	0.0	-1.0	0.0	TRUE	G	8.7548346E-5	0.0	6.050685E-4	0.996766	4.4403706	0.3390915	0.0078075263	37.0	1.0
SPIKE	S144:C>A	0	17188	0.0	-1.0	0.0	TRUE	C	9.8797704E-5	0.0	3.7262248E-4	0.9963512	4.4403706	0.3825735	0.007824191	37.0	1.0
SPIKE	S144:C>G	0	17188	0.0	-1.0	0.0	TRUE	C	3.1238614E-4	17.0	8.5800263E-4	0.9885082	8.677411	0.31611198	0.007870242	37.0	0.0
SPIKE	S144:C>T	0	17188	0.0	-1.0	0.0	TRUE	C	2.3493814E-4	14.0	0.0010587893	0.991345	14.453021	0.28874263	0.009227858	37.0	0.0
SPIKE	S145:C>A	0	17188	0.0	-1.0	0.0	TRUE	C	9.8797704E-5	0.0	3.7262248E-4	0.9963512	4.4403706	0.3825735	0.007824191	37.0	1.0
SPIKE	S145:C>G	0	17188	0.0	-1.0	0.0	TRUE	C	2.9401048E-4	16.0	8.5800263E-4	0.98918056	8.677411	0.31611198	0.007870242	37.0	0.0
SPIKE	S145:C>T	0	17188	0.0	-1.0	0.0	TRUE	C	2.3493814E-4	14.0	0.0010587893	0.991345	14.453021	0.28874263	0.009227858	37.0	0.0
SPIKE	S146:C>A	0	17188	0.0	-1.0	0.0	TRUE	C	9.8797704E-5	0.0	3.7262248E-4	0.9963512	4.4403706	0.3825735	0.007824191	37.0	1.0
SPIKE	S146:C>G	0	17188	0.0	-1.0	0.0	TRUE	C	0.002609343	142.0	8.5800263E-4	0.9079684	8.677411	0.31611198	0.007870242	37.0	0.0
SPIKE	S146:C>T	0	17188	0.0	-1.0	0.0	TRUE	C	2.5171944E-4	15.0	0.0010587893	0.99072963	14.453021	0.28874263	0.009227858	37.0	0.0
SPIKE	S147:G>A	0	17188	0.0	-1.0	0.0	TRUE	G	2.3334728E-4	7.0	0.0013498935	0.99140334	14.453021	0.27787924	0.009934235	37.0	1.0
SPIKE	S147:G>C	0	17188	0.0	-1.0	0.0	TRUE	G	5.438008E-4	29.0	7.217301E-4	0.9800804	8.677411	0.3225379	0.007552208	37.0	0.0
SPIKE	S147:G>T	0	17188	0.0	-1.0	0.0	TRUE	G	0.0033517967	170.0	6.050685E-4	0.8833653	4.4403706	0.3390915	0.0078075263	37.0	0.0
SPIKE	S148:T>A	0	17188	0.0	-1.0	0.0	TRUE	T	6.547575E-5	0.0	4.343905E-4	0.99758035	3.1022239	0.36292878	0.008276833	37.0	1.0
SPIKE	S148:T>G	0	17188	0.0	-1.0	0.0	TRUE	T	0.0044964487	275.0	6.7962956E-4	0.84673405	12.340662	0.28122732	0.0070919767	37.0	0.0
SPIKE	S148:T>C	0	17188	0.0	-1.0	0.0	TRUE	T	2.9306384E-4	7.0	9.5171505E-4	0.9892152	17.146267	0.29405698	0.010398613	37.0	1.0
SPIKE	S149:G>A	0	17188	0.0	-1.0	0.0	TRUE	G	2.3334728E-4	7.0	0.0013498935	0.99140334	14.453021	0.27787924	0.009934235	37.0	1.0
SPIKE	S149:G>C	0	17188	0.0	-1.0	0.0	TRUE	G	0.0031127909	166.0	7.217301E-4	0.89121175	8.677411	0.3225379	0.007552208	37.0	0.0
SPIKE	S149:G>T	0	17188	0.0	-1.0	0.0	TRUE	G	0.001005539	51.0	6.050685E-4	0.9634787	4.4403706	0.3390915	0.0078075263	37.0	0.0
SPIKE	S150:C>A	0	17188	0.0	-1.0	0.0	TRUE	C	9.8797704E-5	1.0	3.7262248E-4	0.9963512	4.4403706	0.3825735	0.007824191	37.0	1.0
SPIKE	S150:C>G	0	17188	0.0	-1.0	0.0	TRUE	C	0.0015068037	82.0	8.5800263E-4	0.9457739	8.677411	0.31611198	0.007870242	37.0	0.0
SPIKE	S150:C>T	0	17188	0.0	-1.0	0.0	TRUE	C	0.0036918852	220.0	0.0010587893	0.8723193	14.453021	0.28874263	0.009227858	37.0	0.0
SPIKE	S151:T>A	0	17187	0.0	-1.0	0.0	TRUE	T	6.547575E-5	0.0	4.343905E-4	0.99758035	3.1020434	0.36292878	0.008276833	37.0	1.0
SPIKE	S151:T>G	0	17187	0.0	-1.0	0.0	TRUE	T	0.00488915	299.0	6.7962956E-4	0.83452	12.339944	0.28122732	0.0070919767	37.0	0.0
SPIKE	S151:T>C	0	17187	0.0	-1.0	0.0	TRUE	T	8.7174226E-4	51.0	9.5171505E-4	0.96826017	17.14527	0.29405698	0.010398613	37.0	0.0
SPIKE	S152:G>A	0	17185	0.0	-1.0	0.0	TRUE	G	2.3334728E-4	8.0	0.0013498935	0.99140334	14.450499	0.27787924	0.009934235	37.0	1.0
SPIKE	S152:G>C	0	17185	0.0	-1.0	0.0	TRUE	G	1.6271666E-4	0.0	7.217301E-4	0.9939976	8.675897	0.3225379	0.007552208	37.0	1.0
SPIKE	S152:G>T	0	17185	0.0	-1.0	0.0	TRUE	G	9.0711506E-4	46.0	6.050685E-4	0.96699375	4.4395957	0.3390915	0.0078075263	37.0	0.0
SPIKE	S153:G>A	0	17181	0.0	-1.0	0.0	TRUE	G	2.3334728E-4	7.0	0.0013498935	0.99140334	14.447135	0.27787924	0.009934235	37.0	1.0
SPIKE	S153:G>C	0	17181	0.0	-1.0	0.0	TRUE	G	1.6271666E-4	0.0	7.217301E-4	0.9939976	8.673877	0.3225379	0.007552208	37.0	1.0
SPIKE	S153:G>T	0	17181	0.0	-1.0	0.0	TRUE	G	8.7548346E-5	0.0	6.050685E-4	0.996766	4.438562	0.3390915	0.0078075263	37.0	1.0
