#pipeline_block
reference	mutation	count	coverage	freq	score	cqs	has.reference	ancestral.allele	error.rate	minor.count.local	minor.fdr	minor.recall	minor.count.global	read.fraction.in.minors	q.filtered.read.fraction	mig.size	global.est
SPIKE	S0:T>A	0	71707	0.0	-1.0	0.0	TRUE	T	5.4695924E-5	54.0	0.076272935	0.9914495	53.077904	0.07862834	0.005554112	157.0	0.0
SPIKE	S0:T>G	0	71707	0.0	-1.0	0.0	TRUE	T	1.9076379E-5	30.0	0.026247846	0.9970095	142.6082	0.04682608	0.0070576463	157.0	0.0
SPIKE	S0:T>C	0	71707	0.0	-1.0	0.0	TRUE	T	2.610959E-4	256.0	0.054291595	0.9598368	276.61252	0.077332914	0.006284833	157.0	0.0
SPIKE	S1:A>G	0	71765	0.0	-1.0	0.0	TRUE	A	1.857181E-4	201.0	0.04952522	0.97126323	276.83624	0.069763824	0.005980616	157.0	0.0
SPIKE	S1:A>C	0	71765	0.0	-1.0	0.0	TRUE	A	5.2267156E-4	561.0	0.046539254	0.9212172	142.72356	0.07012549	0.03137819	157.0	0.0
SPIKE	S1:A>T	0	71765	0.0	-1.0	0.0	TRUE	A	1.3945291E-4	131.0	0.07029198	0.97834384	53.120834	0.08217172	0.008188718	157.0	0.0
SPIKE	S2:G>A	0	71871	0.0	-1.0	0.0	TRUE	G	1.4972812E-4	152.0	0.075248174	0.9767668	118.64304	0.07655759	0.0072232857	157.0	0.0
SPIKE	S2:G>C	0	71871	0.0	-1.0	0.0	TRUE	G	1.6172467E-5	21.0	0.044187125	0.9974641	94.93791	0.0579079	0.007527561	157.0	0.0
SPIKE	S2:G>T	0	71871	0.0	-1.0	0.0	TRUE	G	4.9255053E-5	5.0	0.05904529	0.99229676	58.795498	0.063986994	0.00783511	157.0	1.0
SPIKE	S3:C>A	0	71945	0.0	-1.0	0.0	TRUE	C	5.9505714E-5	6.0	0.06888952	0.9907011	58.856033	0.07812087	0.008498287	157.0	1.0
SPIKE	S3:C>G	0	71945	0.0	-1.0	0.0	TRUE	C	9.546224E-5	121.0	0.04850566	0.9851242	95.03567	0.059654146	0.007334729	157.0	0.0
SPIKE	S3:C>T	0	71945	0.0	-1.0	0.0	TRUE	C	1.21320125E-4	124.0	0.05817259	0.981133	118.765205	0.074737824	0.0069713416	157.0	0.0
SPIKE	S4:G>A	18	72059	2.497953E-4	55.434788	39.0	TRUE	G	1.13968075E-4	116.0	0.075248174	0.9822661	118.95339	0.07655759	0.0072232857	157.0	0.0
SPIKE	S4:G>C	4	72059	5.5510067E-5	13.290587	39.75	TRUE	G	8.218759E-5	107.0	0.044187125	0.98717946	95.18625	0.0579079	0.007527561	157.0	0.0
SPIKE	S4:G>T	1	72059	1.3877517E-5	-1.0	37.0	TRUE	G	1.4204342E-5	17.0	0.05904529	0.9977724	58.949295	0.063986994	0.00783511	157.0	0.0
SPIKE	S5:T>A	2	72077	2.7748103E-5	-1.0	35.5	TRUE	T	1.5115319E-5	15.0	0.076272935	0.9976297	53.35178	0.07862834	0.005554112	157.0	0.0
SPIKE	S5:T>G	1	72077	1.3874052E-5	4.2596874	40.0	TRUE	T	7.907688E-5	125.0	0.026247846	0.98766166	143.34404	0.04682608	0.0070576463	157.0	0.0
SPIKE	S5:T>C	10	72077	1.387405E-4	18.164799	39.7	TRUE	T	3.2266515E-4	318.0	0.054291595	0.9506033	278.0398	0.077332914	0.006284833	157.0	0.0
SPIKE	I6:>G	1	72117	1.3866356E-5	-1.0	39.787136	TRUE		NaN	NaN	NaN	NaN	NaN	NaN	NaN	NaN	NaN
SPIKE	S6:G>A	25	72117	3.466589E-4	76.50689	37.68	TRUE	G	9.522425E-5	97.0	0.075248174	0.985161	119.04913	0.07655759	0.0072232857	157.0	0.0
SPIKE	S6:G>C	1	72117	1.3866356E-5	4.2596874	40.0	TRUE	G	7.311335E-5	5.0	0.044187125	0.98858684	95.26286	0.0579079	0.007527561	157.0	1.0
SPIKE	S6:G>T	2	72117	2.7732713E-5	7.269987	40.0	TRUE	G	8.348775E-5	100.0	0.05904529	0.98697793	58.996742	0.063986994	0.00783511	157.0	0.0
SPIKE	S7:A>G	2	72148	2.7720796E-5	2.2639637	39.5	TRUE	A	3.8784574E-4	422.0	0.04952522	0.94092506	278.3137	0.069763824	0.005980616	157.0	0.0
SPIKE	S7:A>C	4	72148	5.5441593E-5	13.290587	39.25	TRUE	A	1.2325542E-4	133.0	0.046539254	0.9808349	143.48524	0.07012549	0.03137819	157.0	0.0
SPIKE	S7:A>T	20	72148	2.7720796E-4	-1.0	39.65	TRUE	A	3.3884E-5	32.0	0.07029198	0.99469435	53.404335	0.08217172	0.008188718	157.0	0.0
SPIKE	D7-8:A>	75	72148	0.0010395298	-1.0	39.518585	TRUE		NaN	NaN	NaN	NaN	NaN	NaN	NaN	NaN	NaN
SPIKE	I7:>A	1	72148	1.3860398E-5	-1.0	39.518585	TRUE		NaN	NaN	NaN	NaN	NaN	NaN	NaN	NaN	NaN
SPIKE	S8:A>G	2	72154	2.7718492E-5	2.2639637	38.5	TRUE	A	3.9057047E-4	425.0	0.04952522	0.9405226	278.33682	0.069763824	0.005980616	157.0	0.0
SPIKE	S8:A>C	9	72154	1.2473321E-4	-1.0	39.555557	TRUE	A	1.5753143E-5	17.0	0.046539254	0.9975298	143.49718	0.07012549	0.03137819	157.0	0.0
SPIKE	S8:A>T	27	72154	3.7419962E-4	-1.0	39.62963	TRUE	A	1.7999379E-5	17.0	0.07029198	0.9971781	53.408775	0.08217172	0.008188718	157.0	0.0
SPIKE	S9:G>A	22	72159	3.0488227E-4	56.62427	39.136364	TRUE	G	1.9033764E-4	194.0	0.075248174	0.97055906	119.11847	0.07655759	0.0072232857	157.0	0.0
SPIKE	S9:G>C	3	72159	4.1574855E-5	10.280287	40.0	TRUE	G	7.311335E-5	1.0	0.044187125	0.98858684	95.318344	0.0579079	0.007527561	157.0	1.0
SPIKE	S9:G>T	1	72159	1.38582855E-5	-1.0	40.0	TRUE	G	4.9255053E-5	1.0	0.05904529	0.99229676	59.0311	0.063986994	0.00783511	157.0	1.0
SPIKE	D9-10:G>	28	72159	3.8803197E-4	-1.0	39.792057	TRUE		NaN	NaN	NaN	NaN	NaN	NaN	NaN	NaN	NaN
SPIKE	D9-11:GA>	6	72159	8.314971E-5	-1.0	39.792057	TRUE		NaN	NaN	NaN	NaN	NaN	NaN	NaN	NaN	NaN
SPIKE	S10:A>G	6	72159	8.314971E-5	6.718435	38.333332	TRUE	A	5.182741E-4	564.0	0.04952522	0.9218534	278.3561	0.069763824	0.005980616	157.0	0.0
SPIKE	S10:A>C	12	72159	1.6629942E-4	-1.0	39.083332	TRUE	A	2.223819E-5	24.0	0.046539254	0.9965147	143.50713	0.07012549	0.03137819	157.0	0.0
SPIKE	S10:A>T	19	72159	2.6330742E-4	-1.0	39.94737	TRUE	A	1.482199E-5	14.0	0.07029198	0.99767566	53.412476	0.08217172	0.008188718	157.0	0.0
SPIKE	D10-11:A>	23	72159	3.1874055E-4	-1.0	39.56018	TRUE		NaN	NaN	NaN	NaN	NaN	NaN	NaN	NaN	NaN
SPIKE	D10-12:AC>	2	72159	2.7716571E-5	-1.0	39.56018	TRUE		NaN	NaN	NaN	NaN	NaN	NaN	NaN	NaN	NaN
SPIKE	S11:C>G	3	72159	4.1574855E-5	-1.0	40.0	TRUE	C	1.5732086E-5	20.0	0.04850566	0.9975331	95.318344	0.059654146	0.007334729	157.0	0.0
SPIKE	S11:C>T	22	72159	3.0488227E-4	67.47598	39.727272	TRUE	C	1.5315138E-4	157.0	0.05817259	0.976242	119.11847	0.074737824	0.0069713416	157.0	0.0
SPIKE	D11-13:CG>	1	72159	1.38582855E-5	-1.0	39.64506	TRUE		NaN	NaN	NaN	NaN	NaN	NaN	NaN	NaN	NaN
SPIKE	D11-12:C>	27	72159	3.741737E-4	-1.0	39.64506	TRUE		NaN	NaN	NaN	NaN	NaN	NaN	NaN	NaN	NaN
SPIKE	S11:C>A	0	72159	0.0	-1.0	0.0	TRUE	C	1.03828126E-4	103.0	0.06888952	0.9838311	59.0311	0.07812087	0.008498287	157.0	0.0
SPIKE	S12:G>A	28	72159	3.8803197E-4	85.53779	39.5	TRUE	G	1.4716828E-4	150.0	0.075248174	0.97715944	119.11847	0.07655759	0.0072232857	157.0	0.0
SPIKE	S12:G>C	3	72159	4.1574855E-5	10.280287	40.0	TRUE	G	7.440325E-5	97.0	0.044187125	0.98838663	95.318344	0.0579079	0.007527561	157.0	0.0
SPIKE	S12:G>T	5	72159	6.9291425E-5	-1.0	38.0	TRUE	G	4.9255053E-5	7.0	0.05904529	0.99229676	59.0311	0.063986994	0.00783511	157.0	1.0
SPIKE	D12-13:G>	42	72159	5.82048E-4	-1.0	39.692444	TRUE		NaN	NaN	NaN	NaN	NaN	NaN	NaN	NaN	NaN
SPIKE	D12-14:GA>	1	72159	1.38582855E-5	-1.0	39.692444	TRUE		NaN	NaN	NaN	NaN	NaN	NaN	NaN	NaN	NaN
SPIKE	S13:A>G	5	72159	6.9291425E-5	7.3154635	37.0	TRUE	A	3.5378637E-4	385.0	0.04952522	0.94596994	278.3561	0.069763824	0.005980616	157.0	0.0
SPIKE	S13:A>C	8	72159	1.10866284E-4	-1.0	39.625	TRUE	A	1.3898869E-5	15.0	0.046539254	0.99782026	143.50713	0.07012549	0.03137819	157.0	0.0
SPIKE	S13:A>T	2	72159	2.7716571E-5	-1.0	40.0	TRUE	A	5.0818253E-5	48.0	0.07029198	0.9920533	53.412476	0.08217172	0.008188718	157.0	0.0
SPIKE	D13-14:A>	25	72159	3.4645712E-4	-1.0	39.58949	TRUE		NaN	NaN	NaN	NaN	NaN	NaN	NaN	NaN	NaN
SPIKE	I13:>A	1	72159	1.38582855E-5	-1.0	39.58949	TRUE		NaN	NaN	NaN	NaN	NaN	NaN	NaN	NaN	NaN
SPIKE	I14:>C	1	72159	1.38582855E-5	-1.0	39.765533	TRUE		NaN	NaN	NaN	NaN	NaN	NaN	NaN	NaN	NaN
SPIKE	S14:C>G	1	72159	1.38582855E-5	4.2596874	40.0	TRUE	C	7.497783E-5	6.0	0.04850566	0.9882975	95.318344	0.059654146	0.007334729	157.0	1.0
SPIKE	S14:C>T	20	72159	2.771657E-4	-1.0	39.35	TRUE	C	2.8289109E-5	29.0	0.05817259	0.99556845	119.11847	0.074737824	0.0069713416	157.0	0.0
SPIKE	D14-15:C>	17	72159	2.3559085E-4	-1.0	39.765533	TRUE		NaN	NaN	NaN	NaN	NaN	NaN	NaN	NaN	NaN
SPIKE	S14:C>A	0	72159	0.0	-1.0	0.0	TRUE	C	1.26005E-4	125.0	0.06888952	0.9804116	59.0311	0.07812087	0.008498287	157.0	0.0
SPIKE	S15:A>G	5	72159	6.9291425E-5	10.658173	39.8	TRUE	A	2.7567768E-4	300.0	0.04952522	0.9576419	278.3561	0.069763824	0.005980616	157.0	0.0
SPIKE	S15:A>C	8	72159	1.10866284E-4	25.331787	38.625	TRUE	A	9.729208E-5	105.0	0.046539254	0.9848412	143.50713	0.07012549	0.03137819	157.0	0.0
SPIKE	S15:A>T	13	72159	1.801577E-4	-1.0	39.846153	TRUE	A	4.65834E-5	44.0	0.07029198	0.9927131	53.412476	0.08217172	0.008188718	157.0	0.0
SPIKE	D15-16:A>	21	72159	2.91024E-4	-1.0	39.563713	TRUE		NaN	NaN	NaN	NaN	NaN	NaN	NaN	NaN	NaN
SPIKE	I15:>A	1	72159	1.38582855E-5	-1.0	39.563713	TRUE		NaN	NaN	NaN	NaN	NaN	NaN	NaN	NaN	NaN
SPIKE	S16:G>A	24	72159	3.3259884E-4	73.49659	39.541668	TRUE	G	1.7758306E-4	181.0	0.075248174	0.97250456	119.11847	0.07655759	0.0072232857	157.0	0.0
SPIKE	S16:G>T	2	72159	2.7716571E-5	-1.0	40.0	TRUE	G	4.9255053E-5	5.0	0.05904529	0.99229676	59.0311	0.063986994	0.00783511	157.0	1.0
SPIKE	S16:G>C	5	72159	6.9291425E-5	16.300888	39.6	TRUE	G	7.311335E-5	5.0	0.044187125	0.98858684	95.318344	0.0579079	0.007527561	157.0	1.0
SPIKE	D16-17:G>	18	72159	2.4944913E-4	-1.0	39.795536	TRUE		NaN	NaN	NaN	NaN	NaN	NaN	NaN	NaN	NaN
SPIKE	D16-18:GA>	1	72159	1.38582855E-5	-1.0	39.795536	TRUE		NaN	NaN	NaN	NaN	NaN	NaN	NaN	NaN	NaN
SPIKE	S17:A>G	4	72159	5.5433142E-5	3.6487768	38.75	TRUE	A	4.548682E-4	495.0	0.04952522	0.93107605	278.3561	0.069763824	0.005980616	157.0	0.0
SPIKE	S17:A>T	54	72159	7.483474E-4	-1.0	39.351852	TRUE	A	4.65834E-5	44.0	0.07029198	0.9927131	53.412476	0.08217172	0.008188718	157.0	0.0
SPIKE	S17:A>C	10	72159	1.3858285E-4	31.352386	39.6	TRUE	A	1.3297245E-4	7.0	0.046539254	0.9793397	143.50713	0.07012549	0.03137819	157.0	1.0
SPIKE	D17-18:A>	50	72159	6.9291424E-4	-1.0	39.5823	TRUE		NaN	NaN	NaN	NaN	NaN	NaN	NaN	NaN	NaN
SPIKE	S18:A>G	4	72159	5.5433142E-5	3.6487768	39.5	TRUE	A	4.8243595E-4	525.0	0.04952522	0.92705494	278.3561	0.069763824	0.005980616	157.0	0.0
SPIKE	S18:A>T	1	72159	1.38582855E-5	-1.0	40.0	TRUE	A	5.6548513E-5	8.0	0.07029198	0.99116117	53.412476	0.08217172	0.008188718	157.0	1.0
SPIKE	S18:A>C	12	72159	1.6629942E-4	-1.0	39.833332	TRUE	A	1.5752052E-5	17.0	0.046539254	0.99753	143.50713	0.07012549	0.03137819	157.0	0.0
SPIKE	S19:C>G	2	72159	2.7716571E-5	7.269987	39.5	TRUE	C	7.497783E-5	5.0	0.04850566	0.9882975	95.318344	0.059654146	0.007334729	157.0	1.0
SPIKE	S19:C>T	16	72159	2.2173257E-4	49.41419	38.75	TRUE	C	6.730857E-5	69.0	0.05817259	0.9894882	119.11847	0.074737824	0.0069713416	157.0	0.0
SPIKE	D19-20:C>	6	72159	8.314971E-5	-1.0	39.792294	TRUE		NaN	NaN	NaN	NaN	NaN	NaN	NaN	NaN	NaN
SPIKE	S19:C>A	0	72159	0.0	-1.0	0.0	TRUE	C	1.00804005E-4	100.0	0.06888952	0.98429835	59.0311	0.07812087	0.008498287	157.0	0.0
SPIKE	S20:C>G	16	72159	2.2173257E-4	49.41419	39.5625	TRUE	C	7.497783E-5	3.0	0.04850566	0.9882975	95.318344	0.059654146	0.007334729	157.0	1.0
SPIKE	S20:C>T	20	72159	2.771657E-4	61.455387	39.5	TRUE	C	8.876927E-5	91.0	0.05817259	0.9861599	119.11847	0.074737824	0.0069713416	157.0	0.0
SPIKE	S20:C>A	0	72159	0.0	-1.0	0.0	TRUE	C	1.8144721E-5	18.0	0.06888952	0.9971553	59.0311	0.07812087	0.008498287	157.0	0.0
SPIKE	S21:A>G	4	72159	5.5433142E-5	13.290587	39.5	TRUE	A	1.7735265E-4	193.0	0.04952522	0.9725397	278.3561	0.069763824	0.005980616	157.0	0.0
SPIKE	S21:A>C	2	72159	2.7716571E-5	7.269987	40.0	TRUE	A	9.54389E-5	103.0	0.046539254	0.9851278	143.50713	0.07012549	0.03137819	157.0	0.0
SPIKE	S21:A>T	0	72159	0.0	-1.0	0.0	TRUE	A	2.7526552E-5	26.0	0.07029198	0.99568766	53.412476	0.08217172	0.008188718	157.0	0.0
SPIKE	S22:A>T	72143	72159	0.9997783	-1.0	39.893448	TRUE	T	5.6548513E-5	0.0	0.07029198	0.99116117	53.412476	0.08217172	0.008188718	157.0	1.0
SPIKE	S22:A>G	0	72159	0.0	-1.0	0.0	TRUE	T	1.1027108E-5	12.0	0.04952522	0.9982702	278.3561	0.069763824	0.005980616	157.0	0.0
SPIKE	S22:A>C	0	72159	0.0	-1.0	0.0	TRUE	T	1.3297245E-4	0.0	0.046539254	0.9793397	143.50713	0.07012549	0.03137819	157.0	1.0
SPIKE	S23:A>G	72143	72159	0.9997783	9999.0	39.89342	TRUE	G	2.557886E-4	0.0	0.04952522	0.96063685	278.3561	0.069763824	0.005980616	157.0	1.0
SPIKE	S23:A>T	1	72159	1.38582855E-5	4.2596874	40.0	TRUE	G	1.02695216E-4	97.0	0.07029198	0.9840061	53.412476	0.08217172	0.008188718	157.0	0.0
SPIKE	S23:A>C	0	72159	0.0	-1.0	0.0	TRUE	G	1.3297245E-4	0.0	0.046539254	0.9793397	143.50713	0.07012549	0.03137819	157.0	1.0
SPIKE	S24:A>G	1	72159	1.38582855E-5	4.2596874	40.0	TRUE	A	8.9135785E-5	97.0	0.04952522	0.9861031	278.3561	0.069763824	0.005980616	157.0	0.0
SPIKE	S24:A>C	0	72159	0.0	-1.0	0.0	TRUE	A	1.1119095E-5	12.0	0.046539254	0.99825585	143.50713	0.07012549	0.03137819	157.0	0.0
SPIKE	S24:A>T	0	72159	0.0	-1.0	0.0	TRUE	A	5.6548513E-5	0.0	0.07029198	0.99116117	53.412476	0.08217172	0.008188718	157.0	1.0
SPIKE	S25:A>C	72143	72159	0.9997783	9999.0	39.89342	TRUE	C	1.3297245E-4	0.0	0.046539254	0.9793397	143.50713	0.07012549	0.03137819	157.0	1.0
SPIKE	S25:A>G	0	72159	0.0	-1.0	0.0	TRUE	C	2.557886E-4	0.0	0.04952522	0.96063685	278.3561	0.069763824	0.005980616	157.0	1.0
SPIKE	S25:A>T	0	72159	0.0	-1.0	0.0	TRUE	C	1.2704563E-5	12.0	0.07029198	0.99800736	53.412476	0.08217172	0.008188718	157.0	0.0
SPIKE	I26:>C	1	72161	1.3857901E-5	-1.0	39.629177	TRUE		NaN	NaN	NaN	NaN	NaN	NaN	NaN	NaN	NaN
SPIKE	S26:T>A	2	72161	2.7715801E-5	-1.0	39.5	TRUE	T	4.931923E-5	49.0	0.076272935	0.9922868	53.413956	0.07862834	0.005554112	157.0	0.0
SPIKE	S26:T>C	3	72161	4.1573705E-5	3.748162	40.0	TRUE	T	4.1958448E-4	414.0	0.054291595	0.9362481	278.36383	0.077332914	0.006284833	157.0	0.0
SPIKE	S26:T>G	0	72161	0.0	-1.0	0.0	TRUE	T	1.4533209E-5	23.0	0.026247846	0.9977209	143.51111	0.04682608	0.0070576463	157.0	0.0
SPIKE	S27:G>A	9	72161	1.247211E-4	28.342087	39.11111	TRUE	G	7.35821E-5	75.0	0.075248174	0.98851407	119.12177	0.07655759	0.0072232857	157.0	0.0
SPIKE	S27:G>T	1	72161	1.3857901E-5	4.2596874	40.0	TRUE	G	8.427122E-5	101.0	0.05904529	0.9868566	59.032738	0.063986994	0.00783511	157.0	0.0
SPIKE	D27-28:G>	4	72161	5.5431603E-5	-1.0	39.804493	TRUE		NaN	NaN	NaN	NaN	NaN	NaN	NaN	NaN	NaN
SPIKE	S27:G>C	0	72161	0.0	-1.0	0.0	TRUE	G	7.311335E-5	1.0	0.044187125	0.98858684	95.32099	0.0579079	0.007527561	157.0	1.0
SPIKE	S28:G>A	4	72161	5.5431603E-5	13.290587	39.5	TRUE	G	6.180897E-5	63.0	0.075248174	0.9903429	119.12177	0.07655759	0.0072232857	157.0	0.0
SPIKE	S28:G>T	1	72161	1.3857901E-5	-1.0	39.0	TRUE	G	1.3349895E-5	16.0	0.05904529	0.99790627	59.032738	0.063986994	0.00783511	157.0	0.0
SPIKE	S28:G>C	0	72161	0.0	-1.0	0.0	TRUE	G	7.311335E-5	7.0	0.044187125	0.98858684	95.32099	0.0579079	0.007527561	157.0	1.0
SPIKE	S29:G>A	6	72161	8.314741E-5	19.311188	39.5	TRUE	G	7.1619914E-5	73.0	0.075248174	0.98881865	119.12177	0.07655759	0.0072232857	157.0	0.0
SPIKE	S29:G>T	6	72161	8.314741E-5	-1.0	39.666668	TRUE	G	3.1706E-5	38.0	0.05904529	0.9950345	59.032738	0.063986994	0.00783511	157.0	0.0
SPIKE	S29:G>C	0	72161	0.0	-1.0	0.0	TRUE	G	9.204271E-6	12.0	0.044187125	0.99855596	95.32099	0.0579079	0.007527561	157.0	0.0
SPIKE	S30:A>G	8	72161	1.10863206E-4	13.595069	39.875	TRUE	A	3.1334496E-4	341.0	0.04952522	0.9519953	278.36383	0.069763824	0.005980616	157.0	0.0
SPIKE	S30:A>T	1	72161	1.3857901E-5	-1.0	38.0	TRUE	A	3.070184E-5	29.0	0.07029198	0.9951914	53.413956	0.08217172	0.008188718	157.0	0.0
SPIKE	S30:A>C	0	72161	0.0	-1.0	0.0	TRUE	A	1.3297245E-4	6.0	0.046539254	0.9793397	143.51111	0.07012549	0.03137819	157.0	1.0
SPIKE	S31:T>A	4	72161	5.5431603E-5	-1.0	37.25	TRUE	T	4.02606E-5	40.0	0.076272935	0.993699	53.413956	0.07862834	0.005554112	157.0	0.0
SPIKE	S31:T>C	4	72161	5.5431603E-5	8.284564	39.75	TRUE	T	3.050602E-4	301.0	0.054291595	0.9532344	278.36383	0.077332914	0.006284833	157.0	0.0
SPIKE	S31:T>G	0	72161	0.0	-1.0	0.0	TRUE	T	9.06816E-5	4.0	0.026247846	0.98586386	143.51111	0.04682608	0.0070576463	157.0	1.0
SPIKE	S32:C>T	7	72161	9.700531E-5	22.321487	39.57143	TRUE	C	8.3889514E-5	86.0	0.05817259	0.9869157	119.12177	0.074737824	0.0069713416	157.0	0.0
SPIKE	S32:C>A	1	72161	1.3857901E-5	-1.0	39.0	TRUE	C	5.9505714E-5	9.0	0.06888952	0.9907011	59.032738	0.07812087	0.008498287	157.0	1.0
SPIKE	S32:C>G	0	72161	0.0	-1.0	0.0	TRUE	C	7.497783E-5	4.0	0.04850566	0.9882975	95.32099	0.059654146	0.007334729	157.0	1.0
SPIKE	S33:C>T	2	72161	2.7715801E-5	7.269987	40.0	TRUE	C	7.998768E-5	82.0	0.05817259	0.98752046	119.12177	0.074737824	0.0069713416	157.0	0.0
SPIKE	S33:C>A	0	72161	0.0	-1.0	0.0	TRUE	C	5.9505714E-5	5.0	0.06888952	0.9907011	59.032738	0.07812087	0.008498287	157.0	1.0
SPIKE	S33:C>G	0	72161	0.0	-1.0	0.0	TRUE	C	7.497783E-5	0.0	0.04850566	0.9882975	95.32099	0.059654146	0.007334729	157.0	1.0
SPIKE	S34:A>T	1	72161	1.3857901E-5	-1.0	40.0	TRUE	A	2.1173684E-5	20.0	0.07029198	0.9966813	53.413956	0.08217172	0.008188718	157.0	0.0
SPIKE	S34:A>G	9	72161	1.247211E-4	20.808811	39.77778	TRUE	A	2.1777934E-4	237.0	0.04952522	0.96638656	278.36383	0.069763824	0.005980616	157.0	0.0
SPIKE	S34:A>C	0	72161	0.0	-1.0	0.0	TRUE	A	2.5943837E-5	28.0	0.046539254	0.9959351	143.51111	0.07012549	0.03137819	157.0	0.0
SPIKE	D35-36:T>	2	72161	2.7715801E-5	-1.0	39.713833	TRUE		NaN	NaN	NaN	NaN	NaN	NaN	NaN	NaN	NaN
SPIKE	S35:T>A	0	72161	0.0	-1.0	0.0	TRUE	T	2.8182418E-5	28.0	0.076272935	0.99558514	53.413956	0.07862834	0.005554112	157.0	0.0
SPIKE	S35:T>G	0	72161	0.0	-1.0	0.0	TRUE	T	6.950665E-6	11.0	0.026247846	0.99890935	143.51111	0.04682608	0.0070576463	157.0	0.0
SPIKE	S35:T>C	0	72161	0.0	-1.0	0.0	TRUE	T	2.7668252E-4	273.0	0.054291595	0.9574908	278.36383	0.077332914	0.006284833	157.0	0.0
SPIKE	S36:T>C	5	72161	6.9289505E-5	16.300888	40.0	TRUE	T	1.7938757E-4	177.0	0.054291595	0.97222906	278.36383	0.077332914	0.006284833	157.0	0.0
SPIKE	S36:T>A	0	72161	0.0	-1.0	0.0	TRUE	T	1.7110753E-5	17.0	0.076272935	0.9973172	53.413956	0.07862834	0.005554112	157.0	0.0
SPIKE	S36:T>G	0	72161	0.0	-1.0	0.0	TRUE	T	9.06816E-5	3.0	0.026247846	0.98586386	143.51111	0.04682608	0.0070576463	157.0	1.0
SPIKE	S37:A>T	1	72161	1.3857901E-5	-1.0	39.0	TRUE	A	1.6938948E-5	16.0	0.07029198	0.99734414	53.413956	0.08217172	0.008188718	157.0	0.0
SPIKE	S37:A>G	11	72161	1.5243691E-4	34.362686	39.545456	TRUE	A	1.5253742E-4	166.0	0.04952522	0.9763361	278.36383	0.069763824	0.005980616	157.0	0.0
SPIKE	S37:A>C	0	72161	0.0	-1.0	0.0	TRUE	A	1.3297245E-4	4.0	0.046539254	0.9793397	143.51111	0.07012549	0.03137819	157.0	1.0
SPIKE	S38:T>C	3	72161	4.1573705E-5	10.280287	39.666668	TRUE	T	1.7533361E-4	173.0	0.054291595	0.97284806	278.36383	0.077332914	0.006284833	157.0	0.0
SPIKE	S38:T>G	1	72161	1.3857901E-5	4.2596874	39.0	TRUE	T	9.06816E-5	6.0	0.026247846	0.98586386	143.51111	0.04682608	0.0070576463	157.0	1.0
SPIKE	S38:T>A	0	72161	0.0	-1.0	0.0	TRUE	T	2.8182418E-5	28.0	0.076272935	0.99558514	53.413956	0.07862834	0.005554112	157.0	0.0
SPIKE	S39:C>T	9	72161	1.247211E-4	28.342087	39.77778	TRUE	C	1.1217784E-4	115.0	0.05817259	0.9825423	119.12177	0.074737824	0.0069713416	157.0	0.0
SPIKE	S39:C>A	25	72161	3.4644752E-4	-1.0	38.96	TRUE	C	1.1088133E-5	11.0	0.06888952	0.9982607	59.032738	0.07812087	0.008498287	157.0	0.0
SPIKE	D39-40:C>	1	72161	1.3857901E-5	-1.0	39.82402	TRUE		NaN	NaN	NaN	NaN	NaN	NaN	NaN	NaN	NaN
SPIKE	S39:C>G	0	72161	0.0	-1.0	0.0	TRUE	C	7.497783E-5	3.0	0.04850566	0.9882975	95.32099	0.059654146	0.007334729	157.0	1.0
SPIKE	S40:G>T	1	72161	1.3857901E-5	-1.0	40.0	TRUE	G	4.9255053E-5	6.0	0.05904529	0.99229676	59.032738	0.063986994	0.00783511	157.0	1.0
SPIKE	S40:G>A	8	72161	1.10863206E-4	25.331787	39.375	TRUE	G	1.3735326E-4	140.0	0.075248174	0.97866637	119.12177	0.07655759	0.0072232857	157.0	0.0
SPIKE	S40:G>C	0	72161	0.0	-1.0	0.0	TRUE	G	7.311335E-5	4.0	0.044187125	0.98858684	95.32099	0.0579079	0.007527561	157.0	1.0
SPIKE	S41:G>T	1	72161	1.3857901E-5	-1.0	39.0	TRUE	G	4.9255053E-5	4.0	0.05904529	0.99229676	59.032738	0.063986994	0.00783511	157.0	1.0
SPIKE	S41:G>A	2	72161	2.7715801E-5	-1.0	38.0	TRUE	G	5.886568E-5	60.0	0.075248174	0.9908007	119.12177	0.07655759	0.0072232857	157.0	0.0
SPIKE	S41:G>C	0	72161	0.0	-1.0	0.0	TRUE	G	7.311335E-5	5.0	0.044187125	0.98858684	95.32099	0.0579079	0.007527561	157.0	1.0
SPIKE	D42-44:CG>	1	72161	1.3857901E-5	-1.0	39.769016	TRUE		NaN	NaN	NaN	NaN	NaN	NaN	NaN	NaN	NaN
SPIKE	S42:C>T	5	72161	6.9289505E-5	16.300888	39.0	TRUE	C	1.20956975E-4	124.0	0.05817259	0.98118895	119.12177	0.074737824	0.0069713416	157.0	0.0
SPIKE	S42:C>A	4	72161	5.5431603E-5	-1.0	39.75	TRUE	C	5.9505714E-5	6.0	0.06888952	0.9907011	59.032738	0.07812087	0.008498287	157.0	1.0
SPIKE	S42:C>G	0	72161	0.0	-1.0	0.0	TRUE	C	8.652408E-6	11.0	0.04850566	0.9986425	95.32099	0.059654146	0.007334729	157.0	0.0
SPIKE	S43:G>A	9	72161	1.247211E-4	28.342087	39.444443	TRUE	G	1.2754231E-4	130.0	0.075248174	0.980175	119.12177	0.07655759	0.0072232857	157.0	0.0
SPIKE	S43:G>C	0	72161	0.0	-1.0	0.0	TRUE	G	7.311335E-5	8.0	0.044187125	0.98858684	95.32099	0.0579079	0.007527561	157.0	1.0
SPIKE	S43:G>T	0	72161	0.0	-1.0	0.0	TRUE	G	4.9255053E-5	8.0	0.05904529	0.99229676	59.032738	0.063986994	0.00783511	157.0	1.0
SPIKE	S44:G>A	7	72161	9.700531E-5	22.321487	38.0	TRUE	G	7.2601004E-5	74.0	0.075248174	0.98866636	119.12177	0.07655759	0.0072232857	157.0	0.0
SPIKE	S44:G>C	0	72161	0.0	-1.0	0.0	TRUE	G	7.311335E-5	9.0	0.044187125	0.98858684	95.32099	0.0579079	0.007527561	157.0	1.0
SPIKE	S44:G>T	0	72161	0.0	-1.0	0.0	TRUE	G	4.9255053E-5	3.0	0.05904529	0.99229676	59.032738	0.063986994	0.00783511	157.0	1.0
SPIKE	S45:C>T	5	72161	6.9289505E-5	16.300888	38.8	TRUE	C	9.754595E-5	100.0	0.05817259	0.98480195	119.12177	0.074737824	0.0069713416	157.0	0.0
SPIKE	S45:C>A	3	72161	4.1573705E-5	-1.0	38.666668	TRUE	C	5.9505714E-5	3.0	0.06888952	0.9907011	59.032738	0.07812087	0.008498287	157.0	1.0
SPIKE	S45:C>G	2	72161	2.7715801E-5	-1.0	39.5	TRUE	C	1.02255735E-5	13.0	0.04850566	0.99839586	95.32099	0.059654146	0.007334729	157.0	0.0
SPIKE	S46:G>T	1	72161	1.3857901E-5	-1.0	40.0	TRUE	G	4.9255053E-5	7.0	0.05904529	0.99229676	59.032738	0.063986994	0.00783511	157.0	1.0
SPIKE	S46:G>A	2	72161	2.7715801E-5	7.269987	39.5	TRUE	G	8.3393046E-5	85.0	0.075248174	0.98699266	119.12177	0.07655759	0.0072232857	157.0	0.0
SPIKE	S46:G>C	0	72161	0.0	-1.0	0.0	TRUE	G	7.311335E-5	7.0	0.044187125	0.98858684	95.32099	0.0579079	0.007527561	157.0	1.0
SPIKE	S47:A>T	2	72161	2.7715801E-5	-1.0	40.0	TRUE	A	1.0586842E-5	10.0	0.07029198	0.99833924	53.413956	0.08217172	0.008188718	157.0	0.0
SPIKE	S47:A>G	21	72161	2.9101592E-4	53.79622	39.52381	TRUE	A	1.9296903E-4	210.0	0.04952522	0.9701582	278.36383	0.069763824	0.005980616	157.0	0.0
SPIKE	D47-48:A>	1	72161	1.3857901E-5	-1.0	39.680397	TRUE		NaN	NaN	NaN	NaN	NaN	NaN	NaN	NaN	NaN
SPIKE	S47:A>C	0	72161	0.0	-1.0	0.0	TRUE	A	1.3297245E-4	3.0	0.046539254	0.9793397	143.51111	0.07012549	0.03137819	157.0	1.0
SPIKE	S48:A>T	3	72161	4.1573705E-5	-1.0	39.0	TRUE	A	1.9056317E-5	18.0	0.07029198	0.9970126	53.413956	0.08217172	0.008188718	157.0	0.0
SPIKE	S48:A>G	19	72161	2.633001E-4	48.1648	39.63158	TRUE	A	2.9037247E-4	316.0	0.04952522	0.95543504	278.36383	0.069763824	0.005980616	157.0	0.0
SPIKE	S48:A>C	0	72161	0.0	-1.0	0.0	TRUE	A	1.3297245E-4	4.0	0.046539254	0.9793397	143.51111	0.07012549	0.03137819	157.0	1.0
SPIKE	S49:T>C	2	72161	2.7715801E-5	2.2639637	40.0	TRUE	T	3.1114116E-4	307.0	0.054291595	0.95232475	278.36383	0.077332914	0.006284833	157.0	0.0
SPIKE	D49-50:T>	15	72161	2.0786852E-4	-1.0	39.591095	TRUE		NaN	NaN	NaN	NaN	NaN	NaN	NaN	NaN	NaN
SPIKE	S49:T>A	0	72161	0.0	-1.0	0.0	TRUE	T	2.5162873E-5	25.0	0.076272935	0.9960572	53.413956	0.07862834	0.005554112	157.0	0.0
SPIKE	S49:T>G	0	72161	0.0	-1.0	0.0	TRUE	T	9.06816E-5	5.0	0.026247846	0.98586386	143.51111	0.04682608	0.0070576463	157.0	1.0
SPIKE	S50:T>C	3	72161	4.1573705E-5	6.0206	39.333332	TRUE	T	2.5742623E-4	254.0	0.054291595	0.9603899	278.36383	0.077332914	0.006284833	157.0	0.0
SPIKE	S50:T>A	0	72161	0.0	-1.0	0.0	TRUE	T	3.5228022E-5	35.0	0.076272935	0.9944845	53.413956	0.07862834	0.005554112	157.0	0.0
SPIKE	S50:T>G	0	72161	0.0	-1.0	0.0	TRUE	T	7.5825437E-6	12.0	0.026247846	0.99881023	143.51111	0.04682608	0.0070576463	157.0	0.0
SPIKE	S51:T>C	3	72161	4.1573705E-5	6.0206	36.666668	TRUE	T	2.2094062E-4	218.0	0.054291595	0.96590704	278.36383	0.077332914	0.006284833	157.0	0.0
SPIKE	S51:T>A	3	72161	4.1573705E-5	6.0206	38.333332	TRUE	T	2.093551E-4	208.0	0.076272935	0.96766555	53.413956	0.07862834	0.005554112	157.0	0.0
SPIKE	S51:T>G	0	72161	0.0	-1.0	0.0	TRUE	T	9.06816E-5	4.0	0.026247846	0.98586386	143.51111	0.04682608	0.0070576463	157.0	1.0
SPIKE	S52:A>T	4	72161	5.5431603E-5	-1.0	39.25	TRUE	A	1.48215795E-5	14.0	0.07029198	0.9976757	53.413956	0.08217172	0.008188718	157.0	0.0
SPIKE	S52:A>G	10	72161	1.3857901E-4	23.451881	39.5	TRUE	A	1.9664464E-4	214.0	0.04952522	0.96959853	278.36383	0.069763824	0.005980616	157.0	0.0
SPIKE	S52:A>C	0	72161	0.0	-1.0	0.0	TRUE	A	1.6214898E-4	175.0	0.046539254	0.97486395	143.51111	0.07012549	0.03137819	157.0	0.0
SPIKE	S53:C>T	8	72161	1.10863206E-4	25.331787	38.875	TRUE	C	7.413492E-5	76.0	0.05817259	0.9884283	119.12177	0.074737824	0.0069713416	157.0	0.0
SPIKE	S53:C>A	16	72161	2.2172641E-4	-1.0	39.125	TRUE	C	5.9505714E-5	5.0	0.06888952	0.9907011	59.032738	0.07812087	0.008498287	157.0	1.0
SPIKE	D53-54:C>	6	72161	8.314741E-5	-1.0	39.717228	TRUE		NaN	NaN	NaN	NaN	NaN	NaN	NaN	NaN	NaN
SPIKE	S53:C>G	0	72161	0.0	-1.0	0.0	TRUE	C	7.497783E-5	6.0	0.04850566	0.9882975	95.32099	0.059654146	0.007334729	157.0	1.0
SPIKE	S54:C>T	3	72161	4.1573705E-5	10.280287	40.0	TRUE	C	1.0047232E-4	103.0	0.05817259	0.9843496	119.12177	0.074737824	0.0069713416	157.0	0.0
SPIKE	S54:C>G	1	72161	1.3857901E-5	4.2596874	40.0	TRUE	C	7.497783E-5	1.0	0.04850566	0.9882975	95.32099	0.059654146	0.007334729	157.0	1.0
SPIKE	S54:C>A	23	72161	3.1873173E-4	59.459663	40.0	TRUE	C	2.923235E-4	290.0	0.06888952	0.95514244	59.032738	0.07812087	0.008498287	157.0	0.0
SPIKE	S55:A>T	10	72161	1.3857901E-4	31.352386	40.0	TRUE	A	7.093184E-5	67.0	0.07029198	0.98892546	53.413956	0.08217172	0.008188718	157.0	0.0
SPIKE	S55:A>C	4	72161	5.5431603E-5	3.6487768	40.0	TRUE	A	4.447515E-4	480.0	0.046539254	0.9325561	143.51111	0.07012549	0.03137819	157.0	0.0
SPIKE	S55:A>G	16	72161	2.2172641E-4	39.792072	40.0	TRUE	A	2.4075185E-4	262.0	0.04952522	0.9629074	278.36383	0.069763824	0.005980616	157.0	0.0
SPIKE	S56:C>T	5	72161	6.9289505E-5	-1.0	40.0	TRUE	C	5.950303E-5	61.0	0.05817259	0.9907015	119.12177	0.074737824	0.0069713416	157.0	0.0
SPIKE	S56:C>A	16	72161	2.2172641E-4	49.41419	40.0	TRUE	C	1.16929405E-4	116.0	0.06888952	0.98180956	59.032738	0.07812087	0.008498287	157.0	0.0
SPIKE	D56-57:C>	2	72161	2.7715801E-5	-1.0	39.999474	TRUE		NaN	NaN	NaN	NaN	NaN	NaN	NaN	NaN	NaN
SPIKE	S56:C>G	0	72161	0.0	-1.0	0.0	TRUE	C	7.497783E-5	7.0	0.04850566	0.9882975	95.32099	0.059654146	0.007334729	157.0	1.0
SPIKE	S57:C>T	8	72161	1.10863206E-4	25.331787	40.0	TRUE	C	8.8766814E-5	91.0	0.05817259	0.9861603	119.12177	0.074737824	0.0069713416	157.0	0.0
SPIKE	S57:C>G	1	72161	1.3857901E-5	4.2596874	40.0	TRUE	C	7.497783E-5	7.0	0.04850566	0.9882975	95.32099	0.059654146	0.007334729	157.0	1.0
SPIKE	S57:C>A	2	72161	2.7715801E-5	3.9120662	40.0	TRUE	C	2.9030748E-4	288.0	0.06888952	0.9554448	59.032738	0.07812087	0.008498287	157.0	0.0
SPIKE	S58:A>T	1	72161	1.3857901E-5	1.0720997	40.0	TRUE	A	3.2607475E-4	308.0	0.07029198	0.9500946	53.413956	0.08217172	0.008188718	157.0	0.0
SPIKE	S58:A>G	13	72161	1.8015271E-4	40.383286	40.0	TRUE	A	1.6632093E-4	181.0	0.04952522	0.9742256	278.36383	0.069763824	0.005980616	157.0	0.0
SPIKE	S58:A>C	0	72161	0.0	-1.0	0.0	TRUE	A	1.7512089E-4	189.0	0.046539254	0.97288054	143.51111	0.07012549	0.03137819	157.0	0.0
SPIKE	S59:T>C	14	72161	1.9401062E-4	27.870962	40.0	TRUE	T	3.354649E-4	331.0	0.054291595	0.94869494	278.36383	0.077332914	0.006284833	157.0	0.0
SPIKE	S59:T>A	2	72161	2.7715801E-5	3.9120662	40.0	TRUE	T	1.9425739E-4	193.0	0.076272935	0.969962	53.413956	0.07862834	0.005554112	157.0	0.0
SPIKE	D59-60:T>	1	72161	1.3857901E-5	-1.0	39.999474	TRUE		NaN	NaN	NaN	NaN	NaN	NaN	NaN	NaN	NaN
SPIKE	S59:T>G	0	72161	0.0	-1.0	0.0	TRUE	T	9.06816E-5	2.0	0.026247846	0.98586386	143.51111	0.04682608	0.0070576463	157.0	1.0
SPIKE	S60:T>C	5	72161	6.9289505E-5	10.658173	40.0	TRUE	T	2.9492532E-4	291.0	0.054291595	0.9547524	278.36383	0.077332914	0.006284833	157.0	0.0
SPIKE	S60:T>G	1	72161	1.3857901E-5	2.0412	40.0	TRUE	T	1.9714613E-4	312.0	0.026247846	0.9695222	143.51111	0.04682608	0.0070576463	157.0	0.0
SPIKE	S60:T>A	3	72161	4.1573705E-5	-1.0	40.0	TRUE	T	5.3761945E-5	9.0	0.076272935	0.9915949	53.413956	0.07862834	0.005554112	157.0	1.0
SPIKE	S61:G>T	1	72161	1.3857901E-5	4.2596874	40.0	TRUE	G	1.3933954E-4	167.0	0.05904529	0.97836125	59.032738	0.063986994	0.00783511	157.0	0.0
SPIKE	S61:G>A	7	72161	9.700531E-5	11.410683	40.0	TRUE	G	3.83608E-4	391.0	0.075248174	0.94155127	119.12177	0.07655759	0.0072232857	157.0	0.0
SPIKE	D61-62:G>	1	72161	1.3857901E-5	-1.0	39.99892	TRUE		NaN	NaN	NaN	NaN	NaN	NaN	NaN	NaN	NaN
SPIKE	S61:G>C	0	72161	0.0	-1.0	0.0	TRUE	G	7.311335E-5	0.0	0.044187125	0.98858684	95.32099	0.0579079	0.007527561	157.0	1.0
SPIKE	S62:A>T	3	72161	4.1573705E-5	10.280287	40.0	TRUE	A	6.563842E-5	62.0	0.07029198	0.9897477	53.413956	0.08217172	0.008188718	157.0	0.0
SPIKE	S62:A>G	16	72161	2.2172641E-4	27.568455	40.0	TRUE	A	5.191786E-4	565.0	0.04952522	0.92172253	278.36383	0.069763824	0.005980616	157.0	0.0
SPIKE	D62-63:A>	1	72161	1.3857901E-5	-1.0	40.0	TRUE		NaN	NaN	NaN	NaN	NaN	NaN	NaN	NaN	NaN
SPIKE	S62:A>C	0	72161	0.0	-1.0	0.0	TRUE	A	1.3297245E-4	6.0	0.046539254	0.9793397	143.51111	0.07012549	0.03137819	157.0	1.0
SPIKE	S63:A>T	1	72161	1.3857901E-5	-1.0	40.0	TRUE	A	2.2232369E-5	21.0	0.07029198	0.99651563	53.413956	0.08217172	0.008188718	157.0	0.0
SPIKE	S63:A>C	2	72161	2.7715801E-5	7.269987	40.0	TRUE	A	1.3297245E-4	4.0	0.046539254	0.9793397	143.51111	0.07012549	0.03137819	157.0	1.0
SPIKE	S63:A>G	33	72161	4.5731073E-4	78.52778	40.0	TRUE	A	4.0247827E-4	438.0	0.04952522	0.93876594	278.36383	0.069763824	0.005980616	157.0	0.0
SPIKE	S64:A>G	20	72161	2.7715802E-4	43.298504	40.0	TRUE	A	3.9237036E-4	427.0	0.04952522	0.9402569	278.36383	0.069763824	0.005980616	157.0	0.0
SPIKE	S64:A>C	1	72161	1.3857901E-5	4.2596874	40.0	TRUE	A	1.3297245E-4	9.0	0.046539254	0.9793397	143.51111	0.07012549	0.03137819	157.0	1.0
SPIKE	S64:A>T	0	72161	0.0	-1.0	0.0	TRUE	A	2.1173684E-5	20.0	0.07029198	0.9966813	53.413956	0.08217172	0.008188718	157.0	0.0
SPIKE	S65:A>G	20	72161	2.7715802E-4	50.97615	40.0	TRUE	A	2.9221026E-4	318.0	0.04952522	0.9551594	278.36383	0.069763824	0.005980616	157.0	0.0
SPIKE	S65:A>C	2	72161	2.7715801E-5	2.2639637	40.0	TRUE	A	3.956435E-4	427.0	0.046539254	0.93977386	143.51111	0.07012549	0.03137819	157.0	0.0
SPIKE	S65:A>T	3	72161	4.1573705E-5	-1.0	40.0	TRUE	A	1.9056317E-5	18.0	0.07029198	0.9970126	53.413956	0.08217172	0.008188718	157.0	0.0
SPIKE	S66:C>A	4	72161	5.5431603E-5	13.290587	40.0	TRUE	C	1.421297E-4	141.0	0.06888952	0.97793275	59.032738	0.07812087	0.008498287	157.0	0.0
SPIKE	S66:C>T	3	72161	4.1573705E-5	-1.0	40.0	TRUE	C	5.8527567E-5	60.0	0.05817259	0.99085325	119.12177	0.074737824	0.0069713416	157.0	0.0
SPIKE	D66-67:C>	4	72161	5.5431603E-5	-1.0	40.0	TRUE		NaN	NaN	NaN	NaN	NaN	NaN	NaN	NaN	NaN
SPIKE	S66:C>G	0	72161	0.0	-1.0	0.0	TRUE	C	7.497783E-5	4.0	0.04850566	0.9882975	95.32099	0.059654146	0.007334729	157.0	1.0
SPIKE	S67:C>A	13	72161	1.8015271E-4	20.706247	40.0	TRUE	C	4.4755737E-4	444.0	0.06888952	0.93214536	59.032738	0.07812087	0.008498287	157.0	0.0
SPIKE	S67:C>T	10	72161	1.3857901E-4	31.352386	40.0	TRUE	C	6.925762E-5	71.0	0.05817259	0.98918545	119.12177	0.074737824	0.0069713416	157.0	0.0
SPIKE	S67:C>G	0	72161	0.0	-1.0	0.0	TRUE	C	7.497783E-5	0.0	0.04850566	0.9882975	95.32099	0.059654146	0.007334729	157.0	1.0
SPIKE	S68:A>G	19	72161	2.633001E-4	29.847076	40.0	TRUE	A	6.763105E-4	736.0	0.04952522	0.8992621	278.36383	0.069763824	0.005980616	157.0	0.0
SPIKE	S68:A>C	2	72161	2.7715801E-5	7.269987	40.0	TRUE	A	9.636282E-5	104.0	0.046539254	0.98498493	143.51111	0.07012549	0.03137819	157.0	0.0
SPIKE	S68:A>T	7	72161	9.700531E-5	-1.0	40.0	TRUE	A	6.140368E-5	58.0	0.07029198	0.9904059	53.413956	0.08217172	0.008188718	157.0	0.0
SPIKE	S69:G>A	6	72161	8.314741E-5	19.311188	40.0	TRUE	G	1.5206968E-4	155.0	0.075248174	0.9764078	119.12177	0.07655759	0.0072232857	157.0	0.0
SPIKE	S69:G>T	1	72161	1.3857901E-5	-1.0	40.0	TRUE	G	4.9255053E-5	1.0	0.05904529	0.99229676	59.032738	0.063986994	0.00783511	157.0	1.0
SPIKE	S69:G>C	0	72161	0.0	-1.0	0.0	TRUE	G	3.2828568E-4	428.0	0.044187125	0.94976485	95.32099	0.0579079	0.007527561	157.0	0.0
SPIKE	S70:C>A	15	72161	2.0786852E-4	-1.0	40.0	TRUE	C	1.0080121E-5	10.0	0.06888952	0.9984187	59.032738	0.07812087	0.008498287	157.0	0.0
SPIKE	S70:C>T	9	72161	1.247211E-4	-1.0	40.0	TRUE	C	4.9748433E-5	51.0	0.05817259	0.9922199	119.12177	0.074737824	0.0069713416	157.0	0.0
SPIKE	S70:C>G	0	72161	0.0	-1.0	0.0	TRUE	C	8.1018006E-5	103.0	0.04850566	0.9873607	95.32099	0.059654146	0.007334729	157.0	0.0
SPIKE	S71:C>A	2	72161	2.7715801E-5	-1.0	40.0	TRUE	C	1.7136206E-5	17.0	0.06888952	0.99731326	59.032738	0.07812087	0.008498287	157.0	0.0
SPIKE	S71:C>T	8	72161	1.10863206E-4	25.331787	40.0	TRUE	C	1.3851524E-4	142.0	0.05817259	0.97848785	119.12177	0.074737824	0.0069713416	157.0	0.0
SPIKE	S71:C>G	0	72161	0.0	-1.0	0.0	TRUE	C	3.295781E-4	419.0	0.04850566	0.94957215	95.32099	0.059654146	0.007334729	157.0	0.0
SPIKE	S72:G>A	12	72161	1.6629482E-4	37.372986	40.0	TRUE	G	1.0497713E-4	107.0	0.075248174	0.98365366	119.12177	0.07655759	0.0072232857	157.0	0.0
SPIKE	S72:G>T	4	72161	5.5431603E-5	5.449171	40.0	TRUE	G	3.437598E-4	412.0	0.05904529	0.94746023	59.032738	0.063986994	0.00783511	157.0	0.0
SPIKE	S72:G>C	0	72161	0.0	-1.0	0.0	TRUE	G	6.749799E-5	88.0	0.044187125	0.98945874	95.32099	0.0579079	0.007527561	157.0	0.0
SPIKE	S73:T>A	3	72161	4.1573705E-5	-1.0	40.0	TRUE	T	2.8182418E-5	28.0	0.076272935	0.99558514	53.413956	0.07862834	0.005554112	157.0	0.0
SPIKE	S73:T>C	8	72161	1.10863206E-4	18.199682	40.0	TRUE	T	2.7161508E-4	268.0	0.054291595	0.9582529	278.36383	0.077332914	0.006284833	157.0	0.0
SPIKE	S73:T>G	0	72161	0.0	-1.0	0.0	TRUE	T	3.285769E-4	520.0	0.026247846	0.94972146	143.51111	0.04682608	0.0070576463	157.0	0.0
SPIKE	S74:G>A	8	72161	1.10863206E-4	25.331787	40.0	TRUE	G	7.063882E-5	72.0	0.075248174	0.988971	119.12177	0.07655759	0.0072232857	157.0	0.0
SPIKE	S74:G>C	0	72161	0.0	-1.0	0.0	TRUE	G	7.311335E-5	9.0	0.044187125	0.98858684	95.32099	0.0579079	0.007527561	157.0	1.0
SPIKE	S74:G>T	0	72161	0.0	-1.0	0.0	TRUE	G	6.925259E-5	83.0	0.05904529	0.9891862	59.032738	0.063986994	0.00783511	157.0	0.0
SPIKE	S75:G>A	0	72161	0.0	-1.0	0.0	TRUE	G	6.180897E-5	63.0	0.075248174	0.9903429	119.12177	0.07655759	0.0072232857	157.0	0.0
SPIKE	S75:G>C	0	72161	0.0	-1.0	0.0	TRUE	G	7.311335E-5	5.0	0.044187125	0.98858684	95.32099	0.0579079	0.007527561	157.0	1.0
SPIKE	S75:G>T	0	72161	0.0	-1.0	0.0	TRUE	G	3.412567E-4	409.0	0.05904529	0.94783264	59.032738	0.063986994	0.00783511	157.0	0.0
SPIKE	S76:T>A	1	72161	1.3857901E-5	-1.0	40.0	TRUE	T	1.6104239E-5	16.0	0.076272935	0.99747485	53.413956	0.07862834	0.005554112	157.0	0.0
SPIKE	S76:T>G	1	72161	1.3857901E-5	4.2596874	40.0	TRUE	T	7.456168E-5	118.0	0.026247846	0.9883621	143.51111	0.04682608	0.0070576463	157.0	0.0
SPIKE	S76:T>C	7	72161	9.700531E-5	11.410683	40.0	TRUE	T	3.1012765E-4	306.0	0.054291595	0.9524763	278.36383	0.077332914	0.006284833	157.0	0.0
SPIKE	D76-77:T>	1	72161	1.3857901E-5	-1.0	39.999474	TRUE		NaN	NaN	NaN	NaN	NaN	NaN	NaN	NaN	NaN
SPIKE	S77:T>A	5	72161	6.9289505E-5	-1.0	40.0	TRUE	T	2.1136813E-5	21.0	0.076272935	0.996687	53.413956	0.07862834	0.005554112	157.0	0.0
SPIKE	S77:T>C	7	72161	9.700531E-5	11.410683	40.0	TRUE	T	3.354649E-4	331.0	0.054291595	0.94869494	278.36383	0.077332914	0.006284833	157.0	0.0
SPIKE	S77:T>G	0	72161	0.0	-1.0	0.0	TRUE	T	9.47818E-6	15.0	0.026247846	0.99851304	143.51111	0.04682608	0.0070576463	157.0	0.0
SPIKE	S78:T>A	9	72161	1.247211E-4	-1.0	40.0	TRUE	T	2.6169388E-5	26.0	0.076272935	0.99589986	53.413956	0.07862834	0.005554112	157.0	0.0
SPIKE	S78:T>C	5	72161	6.9289505E-5	10.658173	40.0	TRUE	T	2.9391184E-4	290.0	0.054291595	0.9549043	278.36383	0.077332914	0.006284833	157.0	0.0
SPIKE	S78:T>G	0	72161	0.0	-1.0	0.0	TRUE	T	2.963511E-4	469.0	0.026247846	0.95453864	143.51111	0.04682608	0.0070576463	157.0	0.0
SPIKE	S79:G>A	10	72161	1.3857901E-4	31.352386	40.0	TRUE	G	8.9279616E-5	91.0	0.075248174	0.9860809	119.12177	0.07655759	0.0072232857	157.0	0.0
SPIKE	S79:G>C	0	72161	0.0	-1.0	0.0	TRUE	G	3.4439313E-4	449.0	0.044187125	0.94736606	95.32099	0.0579079	0.007527561	157.0	0.0
SPIKE	S79:G>T	0	72161	0.0	-1.0	0.0	TRUE	G	5.590269E-5	67.0	0.05904529	0.99126166	59.032738	0.063986994	0.00783511	157.0	0.0
SPIKE	S80:C>T	8	72161	1.10863206E-4	25.331787	40.0	TRUE	C	1.4534347E-4	149.0	0.05817259	0.97743946	119.12177	0.074737824	0.0069713416	157.0	0.0
SPIKE	S80:C>A	0	72161	0.0	-1.0	0.0	TRUE	C	5.9505714E-5	8.0	0.06888952	0.9907011	59.032738	0.07812087	0.008498287	157.0	1.0
SPIKE	S80:C>G	0	72161	0.0	-1.0	0.0	TRUE	C	4.0509002E-4	515.0	0.04850566	0.9383811	95.32099	0.059654146	0.007334729	157.0	0.0
SPIKE	S81:G>A	15	72161	2.0786852E-4	46.403885	40.0	TRUE	G	1.2165574E-4	124.0	0.075248174	0.9810813	119.12177	0.07655759	0.0072232857	157.0	0.0
SPIKE	S81:G>T	1	72161	1.3857901E-5	-1.0	40.0	TRUE	G	1.5853E-5	19.0	0.05904529	0.9975142	59.032738	0.063986994	0.00783511	157.0	0.0
SPIKE	S81:G>C	0	72161	0.0	-1.0	0.0	TRUE	G	4.9089445E-5	64.0	0.044187125	0.99232256	95.32099	0.0579079	0.007527561	157.0	0.0
SPIKE	S82:G>A	12	72161	1.6629482E-4	-1.0	40.0	TRUE	G	5.9846774E-5	61.0	0.075248174	0.99064803	119.12177	0.07655759	0.0072232857	157.0	0.0
SPIKE	S82:G>C	0	72161	0.0	-1.0	0.0	TRUE	G	3.459272E-4	451.0	0.044187125	0.9471379	95.32099	0.0579079	0.007527561	157.0	0.0
SPIKE	S82:G>T	0	72161	0.0	-1.0	0.0	TRUE	G	4.9255053E-5	1.0	0.05904529	0.99229676	59.032738	0.063986994	0.00783511	157.0	1.0
SPIKE	S83:C>G	3	72161	4.1573705E-5	3.748162	40.0	TRUE	C	4.0902293E-4	520.0	0.04850566	0.93780184	95.32099	0.059654146	0.007334729	157.0	0.0
SPIKE	S83:C>A	1	72161	1.3857901E-5	-1.0	40.0	TRUE	C	5.9505714E-5	4.0	0.06888952	0.9907011	59.032738	0.07812087	0.008498287	157.0	1.0
SPIKE	S83:C>T	6	72161	8.314741E-5	19.311188	40.0	TRUE	C	1.1120238E-4	114.0	0.05817259	0.9826927	119.12177	0.074737824	0.0069713416	157.0	0.0
SPIKE	S84:G>A	15	72161	2.0786852E-4	21.102957	40.0	TRUE	G	5.759026E-4	587.0	0.075248174	0.91355044	119.12177	0.07655759	0.0072232857	157.0	0.0
SPIKE	S84:G>T	1	72161	1.3857901E-5	-1.0	40.0	TRUE	G	1.084679E-5	13.0	0.05904529	0.9982985	59.032738	0.063986994	0.00783511	157.0	0.0
SPIKE	S84:G>C	1	72161	1.3857901E-5	-1.0	40.0	TRUE	G	4.2186242E-5	55.0	0.044187125	0.99339867	95.32099	0.0579079	0.007527561	157.0	0.0
SPIKE	S85:A>G	14	72161	1.9401062E-4	34.27314	40.0	TRUE	A	2.6923776E-4	293.0	0.04952522	0.9586106	278.36383	0.069763824	0.005980616	157.0	0.0
SPIKE	S85:A>T	1	72161	1.3857901E-5	0.57991946	40.0	TRUE	A	4.8805343E-4	461.0	0.07029198	0.9262377	53.413956	0.08217172	0.008188718	157.0	0.0
SPIKE	S85:A>C	1	72161	1.3857901E-5	4.2596874	40.0	TRUE	A	1.3297245E-4	7.0	0.046539254	0.9793397	143.51111	0.07012549	0.03137819	157.0	1.0
SPIKE	S86:T>C	4	72161	5.5431603E-5	5.449171	39.0	TRUE	T	4.0134168E-4	396.0	0.054291595	0.9389335	278.36383	0.077332914	0.006284833	157.0	0.0
SPIKE	D86-87:T>	6	72161	8.314741E-5	-1.0	39.54521	TRUE		NaN	NaN	NaN	NaN	NaN	NaN	NaN	NaN	NaN
SPIKE	S86:T>A	0	72161	0.0	-1.0	0.0	TRUE	T	5.1332263E-5	51.0	0.076272935	0.9919732	53.413956	0.07862834	0.005554112	157.0	0.0
SPIKE	S86:T>G	0	72161	0.0	-1.0	0.0	TRUE	T	6.3187863E-6	10.0	0.026247846	0.9990084	143.51111	0.04682608	0.0070576463	157.0	0.0
SPIKE	S87:T>C	5	72161	6.9289505E-5	10.658173	39.4	TRUE	T	2.523588E-4	249.0	0.054291595	0.9611543	278.36383	0.077332914	0.006284833	157.0	0.0
SPIKE	S87:T>A	0	72161	0.0	-1.0	0.0	TRUE	T	2.4156358E-5	24.0	0.076272935	0.9962146	53.413956	0.07862834	0.005554112	157.0	0.0
SPIKE	S87:T>G	0	72161	0.0	-1.0	0.0	TRUE	T	1.0110059E-5	16.0	0.026247846	0.998414	143.51111	0.04682608	0.0070576463	157.0	0.0
SPIKE	S88:T>A	1	72161	1.3857901E-5	-1.0	40.0	TRUE	T	1.2078179E-5	12.0	0.076272935	0.9981055	53.413956	0.07862834	0.005554112	157.0	0.0
SPIKE	S88:T>C	3	72161	4.1573705E-5	10.280287	39.666668	TRUE	T	1.7026617E-4	168.0	0.054291595	0.9736223	278.36383	0.077332914	0.006284833	157.0	0.0
SPIKE	S88:T>G	0	72161	0.0	-1.0	0.0	TRUE	T	9.06816E-5	6.0	0.026247846	0.98586386	143.51111	0.04682608	0.0070576463	157.0	1.0
SPIKE	S89:A>G	4	72161	5.5431603E-5	13.290587	39.5	TRUE	A	1.5161853E-4	165.0	0.04952522	0.97647697	278.36383	0.069763824	0.005980616	157.0	0.0
SPIKE	S89:A>C	0	72161	0.0	-1.0	0.0	TRUE	A	1.3297245E-4	3.0	0.046539254	0.9793397	143.51111	0.07012549	0.03137819	157.0	1.0
SPIKE	S89:A>T	0	72161	0.0	-1.0	0.0	TRUE	A	2.2232369E-5	21.0	0.07029198	0.99651563	53.413956	0.08217172	0.008188718	157.0	0.0
SPIKE	S90:T>C	2	72161	2.7715801E-5	3.9120662	39.5	TRUE	T	2.8377696E-4	280.0	0.054291595	0.95642495	278.36383	0.077332914	0.006284833	157.0	0.0
SPIKE	S90:T>A	0	72161	0.0	-1.0	0.0	TRUE	T	3.1201962E-5	31.0	0.076272935	0.99511325	53.413956	0.07862834	0.005554112	157.0	0.0
SPIKE	S90:T>G	0	72161	0.0	-1.0	0.0	TRUE	T	9.06816E-5	5.0	0.026247846	0.98586386	143.51111	0.04682608	0.0070576463	157.0	1.0
SPIKE	S91:C>G	2	72161	2.7715801E-5	7.269987	39.5	TRUE	C	7.497783E-5	5.0	0.04850566	0.9882975	95.32099	0.059654146	0.007334729	157.0	1.0
SPIKE	S91:C>A	11	72161	1.5243691E-4	-1.0	39.545456	TRUE	C	1.0080121E-5	10.0	0.06888952	0.9984187	59.032738	0.07812087	0.008498287	157.0	0.0
SPIKE	S91:C>T	10	72161	1.3857901E-4	31.352386	39.7	TRUE	C	1.08276E-4	111.0	0.05817259	0.98314434	119.12177	0.074737824	0.0069713416	157.0	0.0
SPIKE	S92:G>A	13	72161	1.8015271E-4	40.383286	39.615383	TRUE	G	1.3146669E-4	134.0	0.075248174	0.9795713	119.12177	0.07655759	0.0072232857	157.0	0.0
SPIKE	S92:G>C	0	72161	0.0	-1.0	0.0	TRUE	G	7.311335E-5	5.0	0.044187125	0.98858684	95.32099	0.0579079	0.007527561	157.0	1.0
SPIKE	S92:G>T	0	72161	0.0	-1.0	0.0	TRUE	G	4.9255053E-5	6.0	0.05904529	0.99229676	59.032738	0.063986994	0.00783511	157.0	1.0
SPIKE	S93:T>A	6	72161	8.314741E-5	-1.0	39.666668	TRUE	T	4.8312715E-5	48.0	0.076272935	0.9924436	53.413956	0.07862834	0.005554112	157.0	0.0
SPIKE	S93:T>C	3	72161	4.1573705E-5	3.748162	39.666668	TRUE	T	4.003282E-4	395.0	0.054291595	0.9390829	278.36383	0.077332914	0.006284833	157.0	0.0
SPIKE	S93:T>G	0	72161	0.0	-1.0	0.0	TRUE	T	7.5825437E-6	12.0	0.026247846	0.99881023	143.51111	0.04682608	0.0070576463	157.0	0.0
SPIKE	S94:C>G	2	72161	2.7715801E-5	7.269987	39.5	TRUE	C	7.497783E-5	0.0	0.04850566	0.9882975	95.32099	0.059654146	0.007334729	157.0	1.0
SPIKE	S94:C>A	6	72161	8.314741E-5	-1.0	39.666668	TRUE	C	5.9505714E-5	6.0	0.06888952	0.9907011	59.032738	0.07812087	0.008498287	157.0	1.0
SPIKE	S94:C>T	5	72161	6.9289505E-5	16.300888	39.0	TRUE	C	1.1705513E-4	120.0	0.05817259	0.9817902	119.12177	0.074737824	0.0069713416	157.0	0.0
SPIKE	S95:G>A	13	72161	1.8015271E-4	40.383286	39.46154	TRUE	G	1.0399603E-4	106.0	0.075248174	0.9838052	119.12177	0.07655759	0.0072232857	157.0	0.0
SPIKE	S95:G>T	1	72161	1.3857901E-5	-1.0	39.0	TRUE	G	4.9255053E-5	3.0	0.05904529	0.99229676	59.032738	0.063986994	0.00783511	157.0	1.0
SPIKE	S95:G>C	2	72161	2.7715801E-5	-1.0	40.0	TRUE	G	1.2272361E-5	16.0	0.044187125	0.99807507	95.32099	0.0579079	0.007527561	157.0	0.0
SPIKE	S96:T>C	3	72161	4.1573705E-5	3.748162	39.333332	TRUE	T	3.608021E-4	356.0	0.054291595	0.9449286	278.36383	0.077332914	0.006284833	157.0	0.0
SPIKE	S96:T>A	1	72161	1.3857901E-5	-1.0	38.0	TRUE	T	5.8377867E-5	58.0	0.076272935	0.99087656	53.413956	0.07862834	0.005554112	157.0	0.0
SPIKE	S96:T>G	1	72161	1.3857901E-5	-1.0	40.0	TRUE	T	6.3187863E-6	10.0	0.026247846	0.9990084	143.51111	0.04682608	0.0070576463	157.0	0.0
SPIKE	S97:C>T	5	72161	6.9289505E-5	16.300888	39.2	TRUE	C	8.486497E-5	87.0	0.05817259	0.98676455	119.12177	0.074737824	0.0069713416	157.0	0.0
SPIKE	S97:C>A	2	72161	2.7715801E-5	-1.0	39.5	TRUE	C	5.9505714E-5	3.0	0.06888952	0.9907011	59.032738	0.07812087	0.008498287	157.0	1.0
SPIKE	S97:C>G	0	72161	0.0	-1.0	0.0	TRUE	C	7.497783E-5	1.0	0.04850566	0.9882975	95.32099	0.059654146	0.007334729	157.0	1.0
SPIKE	S98:A>C	1	72161	1.3857901E-5	4.2596874	40.0	TRUE	A	1.3297245E-4	8.0	0.046539254	0.9793397	143.51111	0.07012549	0.03137819	157.0	1.0
SPIKE	S98:A>T	3	72161	4.1573705E-5	-1.0	39.666668	TRUE	A	5.6548513E-5	7.0	0.07029198	0.99116117	53.413956	0.08217172	0.008188718	157.0	1.0
SPIKE	S98:A>G	11	72161	1.5243691E-4	26.1236	38.81818	TRUE	A	2.1502264E-4	234.0	0.04952522	0.9668049	278.36383	0.069763824	0.005980616	157.0	0.0
SPIKE	D98-101:ATC>	3	72161	4.1573705E-5	-1.0	39.73817	TRUE		NaN	NaN	NaN	NaN	NaN	NaN	NaN	NaN	NaN
SPIKE	S99:T>C	4	72161	5.5431603E-5	5.449171	39.5	TRUE	T	3.5776166E-4	353.0	0.054291595	0.94537973	278.36383	0.077332914	0.006284833	157.0	0.0
SPIKE	S99:T>A	2	72161	2.7715801E-5	-1.0	39.5	TRUE	T	5.3761945E-5	8.0	0.076272935	0.9915949	53.413956	0.07862834	0.005554112	157.0	1.0
SPIKE	S99:T>G	0	72161	0.0	-1.0	0.0	TRUE	T	9.06816E-5	5.0	0.026247846	0.98586386	143.51111	0.04682608	0.0070576463	157.0	1.0
SPIKE	S100:C>T	7	72161	9.700531E-5	22.321487	39.857143	TRUE	C	1.3558887E-4	139.0	0.05817259	0.9789375	119.12177	0.074737824	0.0069713416	157.0	0.0
SPIKE	S100:C>A	8	72161	1.10863206E-4	-1.0	39.0	TRUE	C	1.7136206E-5	17.0	0.06888952	0.99731326	59.032738	0.07812087	0.008498287	157.0	0.0
SPIKE	S100:C>G	0	72161	0.0	-1.0	0.0	TRUE	C	7.497783E-5	5.0	0.04850566	0.9882975	95.32099	0.059654146	0.007334729	157.0	1.0
SPIKE	S101:G>A	19	72161	2.633001E-4	58.445087	39.36842	TRUE	G	1.1282589E-4	115.0	0.075248174	0.9824423	119.12177	0.07655759	0.0072232857	157.0	0.0
SPIKE	S101:G>C	0	72161	0.0	-1.0	0.0	TRUE	G	7.311335E-5	8.0	0.044187125	0.98858684	95.32099	0.0579079	0.007527561	157.0	1.0
SPIKE	S101:G>T	0	72161	0.0	-1.0	0.0	TRUE	G	4.9255053E-5	6.0	0.05904529	0.99229676	59.032738	0.063986994	0.00783511	157.0	1.0
SPIKE	D102-104:TG>	2	72161	2.7715801E-5	-1.0	39.64769	TRUE		NaN	NaN	NaN	NaN	NaN	NaN	NaN	NaN	NaN
SPIKE	S102:T>C	3	72161	4.1573705E-5	3.748162	40.0	TRUE	T	3.2127605E-4	317.0	0.054291595	0.9508107	278.36383	0.077332914	0.006284833	157.0	0.0
SPIKE	S102:T>A	7	72161	9.700531E-5	-1.0	39.285713	TRUE	T	5.2338775E-5	52.0	0.076272935	0.99181646	53.413956	0.07862834	0.005554112	157.0	0.0
SPIKE	S102:T>G	0	72161	0.0	-1.0	0.0	TRUE	T	1.3269451E-5	21.0	0.026247846	0.99791884	143.51111	0.04682608	0.0070576463	157.0	0.0
SPIKE	S103:G>A	7	72161	9.700531E-5	22.321487	39.714287	TRUE	G	8.9279616E-5	91.0	0.075248174	0.9860809	119.12177	0.07655759	0.0072232857	157.0	0.0
SPIKE	D103-105:GG>	1	72161	1.3857901E-5	-1.0	39.86763	TRUE		NaN	NaN	NaN	NaN	NaN	NaN	NaN	NaN	NaN
SPIKE	S103:G>C	0	72161	0.0	-1.0	0.0	TRUE	G	7.311335E-5	1.0	0.044187125	0.98858684	95.32099	0.0579079	0.007527561	157.0	1.0
SPIKE	S103:G>T	0	72161	0.0	-1.0	0.0	TRUE	G	4.9255053E-5	1.0	0.05904529	0.99229676	59.032738	0.063986994	0.00783511	157.0	1.0
SPIKE	S104:G>A	5	72161	6.9289505E-5	16.300888	39.2	TRUE	G	7.946867E-5	81.0	0.075248174	0.9876009	119.12177	0.07655759	0.0072232857	157.0	0.0
SPIKE	S104:G>C	0	72161	0.0	-1.0	0.0	TRUE	G	7.311335E-5	6.0	0.044187125	0.98858684	95.32099	0.0579079	0.007527561	157.0	1.0
SPIKE	S104:G>T	0	72161	0.0	-1.0	0.0	TRUE	G	4.9255053E-5	8.0	0.05904529	0.99229676	59.032738	0.063986994	0.00783511	157.0	1.0
SPIKE	S105:C>T	5	72161	6.9289505E-5	16.300888	39.4	TRUE	C	1.0144778E-4	104.0	0.05817259	0.98419887	119.12177	0.074737824	0.0069713416	157.0	0.0
SPIKE	S105:C>A	11	72161	1.5243691E-4	-1.0	39.727272	TRUE	C	1.3104157E-5	13.0	0.06888952	0.9979448	59.032738	0.07812087	0.008498287	157.0	0.0
SPIKE	S105:C>G	2	72161	2.7715801E-5	7.269987	39.0	TRUE	C	7.497783E-5	6.0	0.04850566	0.9882975	95.32099	0.059654146	0.007334729	157.0	1.0
SPIKE	D105-106:C>	1	72161	1.3857901E-5	-1.0	39.77309	TRUE		NaN	NaN	NaN	NaN	NaN	NaN	NaN	NaN	NaN
SPIKE	D105-107:CG>	10	72161	1.3857901E-4	-1.0	39.77309	TRUE		NaN	NaN	NaN	NaN	NaN	NaN	NaN	NaN	NaN
SPIKE	S106:G>A	11	72161	1.5243691E-4	34.362686	39.272728	TRUE	G	1.20674646E-4	123.0	0.075248174	0.9812324	119.12177	0.07655759	0.0072232857	157.0	0.0
SPIKE	S106:G>C	0	72161	0.0	-1.0	0.0	TRUE	G	8.437249E-6	11.0	0.044187125	0.99867624	95.32099	0.0579079	0.007527561	157.0	0.0
SPIKE	S106:G>T	0	72161	0.0	-1.0	0.0	TRUE	G	4.9255053E-5	6.0	0.05904529	0.99229676	59.032738	0.063986994	0.00783511	157.0	1.0
SPIKE	S107:G>T	1	72161	1.3857901E-5	-1.0	40.0	TRUE	G	8.343684E-6	10.0	0.05904529	0.9986909	59.032738	0.063986994	0.00783511	157.0	0.0
SPIKE	S107:G>A	7	72161	9.700531E-5	22.321487	39.714287	TRUE	G	7.2601004E-5	74.0	0.075248174	0.98866636	119.12177	0.07655759	0.0072232857	157.0	0.0
SPIKE	S107:G>C	0	72161	0.0	-1.0	0.0	TRUE	G	7.311335E-5	8.0	0.044187125	0.98858684	95.32099	0.0579079	0.007527561	157.0	1.0
SPIKE	S108:C>T	5	72161	6.9289505E-5	-1.0	39.6	TRUE	C	5.365027E-5	55.0	0.05817259	0.99161226	119.12177	0.074737824	0.0069713416	157.0	0.0
SPIKE	S108:C>A	2	72161	2.7715801E-5	-1.0	39.0	TRUE	C	5.9505714E-5	0.0	0.06888952	0.9907011	59.032738	0.07812087	0.008498287	157.0	1.0
SPIKE	S108:C>G	1	72161	1.3857901E-5	4.2596874	40.0	TRUE	C	7.497783E-5	4.0	0.04850566	0.9882975	95.32099	0.059654146	0.007334729	157.0	1.0
SPIKE	S109:A>C	1	72161	1.3857901E-5	4.2596874	40.0	TRUE	A	1.3297245E-4	7.0	0.046539254	0.9793397	143.51111	0.07012549	0.03137819	157.0	1.0
SPIKE	S109:A>T	2	72161	2.7715801E-5	-1.0	40.0	TRUE	A	2.0115E-5	19.0	0.07029198	0.9968469	53.413956	0.08217172	0.008188718	157.0	0.0
SPIKE	S109:A>G	11	72161	1.5243691E-4	26.1236	39.727272	TRUE	A	2.7658895E-4	301.0	0.04952522	0.95750487	278.36383	0.069763824	0.005980616	157.0	0.0
SPIKE	S110:G>A	9	72161	1.247211E-4	28.342087	39.333332	TRUE	G	7.2601004E-5	74.0	0.075248174	0.98866636	119.12177	0.07655759	0.0072232857	157.0	0.0
SPIKE	S110:G>C	0	72161	0.0	-1.0	0.0	TRUE	G	7.311335E-5	1.0	0.044187125	0.98858684	95.32099	0.0579079	0.007527561	157.0	1.0
SPIKE	S110:G>T	0	72161	0.0	-1.0	0.0	TRUE	G	4.9255053E-5	2.0	0.05904529	0.99229676	59.032738	0.063986994	0.00783511	157.0	1.0
SPIKE	S111:C>T	5	72161	6.9289505E-5	16.300888	37.6	TRUE	C	8.8766814E-5	91.0	0.05817259	0.9861603	119.12177	0.074737824	0.0069713416	157.0	0.0
SPIKE	S111:C>A	5	72161	6.9289505E-5	-1.0	39.0	TRUE	C	5.9505714E-5	4.0	0.06888952	0.9907011	59.032738	0.07812087	0.008498287	157.0	1.0
SPIKE	S111:C>G	3	72161	4.1573705E-5	10.280287	39.333332	TRUE	C	7.497783E-5	9.0	0.04850566	0.9882975	95.32099	0.059654146	0.007334729	157.0	1.0
SPIKE	S112:G>A	10	72161	1.3857901E-4	31.352386	39.1	TRUE	G	8.2411956E-5	84.0	0.075248174	0.98714465	119.12177	0.07655759	0.0072232857	157.0	0.0
SPIKE	S112:G>C	0	72161	0.0	-1.0	0.0	TRUE	G	7.311335E-5	8.0	0.044187125	0.98858684	95.32099	0.0579079	0.007527561	157.0	1.0
SPIKE	S112:G>T	0	72161	0.0	-1.0	0.0	TRUE	G	4.9255053E-5	3.0	0.05904529	0.99229676	59.032738	0.063986994	0.00783511	157.0	1.0
SPIKE	D113-115:TG>	2	72161	2.7715801E-5	-1.0	39.693768	TRUE		NaN	NaN	NaN	NaN	NaN	NaN	NaN	NaN	NaN
SPIKE	S113:T>C	5	72161	6.9289505E-5	10.658173	39.6	TRUE	T	2.8073648E-4	277.0	0.054291595	0.9568816	278.36383	0.077332914	0.006284833	157.0	0.0
SPIKE	S113:T>A	5	72161	6.9289505E-5	-1.0	39.6	TRUE	T	3.1201962E-5	31.0	0.076272935	0.99511325	53.413956	0.07862834	0.005554112	157.0	0.0
SPIKE	S113:T>G	0	72161	0.0	-1.0	0.0	TRUE	T	7.5825437E-6	12.0	0.026247846	0.99881023	143.51111	0.04682608	0.0070576463	157.0	0.0
SPIKE	S114:G>A	4	72161	5.5431603E-5	13.290587	39.75	TRUE	G	9.22229E-5	94.0	0.075248174	0.9856253	119.12177	0.07655759	0.0072232857	157.0	0.0
SPIKE	S114:G>C	0	72161	0.0	-1.0	0.0	TRUE	G	7.311335E-5	2.0	0.044187125	0.98858684	95.32099	0.0579079	0.007527561	157.0	1.0
SPIKE	S114:G>T	0	72161	0.0	-1.0	0.0	TRUE	G	4.9255053E-5	4.0	0.05904529	0.99229676	59.032738	0.063986994	0.00783511	157.0	1.0
SPIKE	S115:A>T	1	72161	1.3857901E-5	-1.0	39.0	TRUE	A	5.505158E-5	52.0	0.07029198	0.99139416	53.413956	0.08217172	0.008188718	157.0	0.0
SPIKE	S115:A>G	26	72161	3.6030542E-4	68.00451	39.307693	TRUE	A	2.8394014E-4	309.0	0.04952522	0.9564004	278.36383	0.069763824	0.005980616	157.0	0.0
SPIKE	S115:A>C	0	72161	0.0	-1.0	0.0	TRUE	A	1.8531311E-5	20.0	0.046539254	0.9970948	143.51111	0.07012549	0.03137819	157.0	0.0
SPIKE	S116:C>T	8	72161	1.10863206E-4	-1.0	38.25	TRUE	C	5.950303E-5	61.0	0.05817259	0.9907015	119.12177	0.074737824	0.0069713416	157.0	0.0
SPIKE	S116:C>G	2	72161	2.7715801E-5	7.269987	39.5	TRUE	C	7.497783E-5	0.0	0.04850566	0.9882975	95.32099	0.059654146	0.007334729	157.0	1.0
SPIKE	S116:C>A	3	72161	4.1573705E-5	-1.0	39.0	TRUE	C	5.9505714E-5	2.0	0.06888952	0.9907011	59.032738	0.07812087	0.008498287	157.0	1.0
SPIKE	D116-117:C>	2	72161	2.7715801E-5	-1.0	39.91458	TRUE		NaN	NaN	NaN	NaN	NaN	NaN	NaN	NaN	NaN
SPIKE	S117:C>T	8	72161	1.10863206E-4	-1.0	39.0	TRUE	C	5.950303E-5	61.0	0.05817259	0.9907015	119.12177	0.074737824	0.0069713416	157.0	0.0
SPIKE	S117:C>G	1	72161	1.3857901E-5	4.2596874	40.0	TRUE	C	7.497783E-5	5.0	0.04850566	0.9882975	95.32099	0.059654146	0.007334729	157.0	1.0
SPIKE	S117:C>A	8	72161	1.10863206E-4	-1.0	39.5	TRUE	C	1.2096145E-5	12.0	0.06888952	0.9981027	59.032738	0.07812087	0.008498287	157.0	0.0
SPIKE	S118:T>C	3	72161	4.1573705E-5	10.280287	39.333332	TRUE	T	1.7229315E-4	170.0	0.054291595	0.97331256	278.36383	0.077332914	0.006284833	157.0	0.0
SPIKE	S118:T>A	5	72161	6.9289505E-5	-1.0	39.2	TRUE	T	3.7241054E-5	37.0	0.076272935	0.9941702	53.413956	0.07862834	0.005554112	157.0	0.0
SPIKE	D118-119:T>	2	72161	2.7715801E-5	-1.0	39.724228	TRUE		NaN	NaN	NaN	NaN	NaN	NaN	NaN	NaN	NaN
SPIKE	S118:T>G	0	72161	0.0	-1.0	0.0	TRUE	T	9.06816E-5	8.0	0.026247846	0.98586386	143.51111	0.04682608	0.0070576463	157.0	1.0
SPIKE	S119:A>T	3	72161	4.1573705E-5	-1.0	39.0	TRUE	A	2.1173684E-5	20.0	0.07029198	0.9966813	53.413956	0.08217172	0.008188718	157.0	0.0
SPIKE	S119:A>C	1	72161	1.3857901E-5	4.2596874	40.0	TRUE	A	1.3297245E-4	4.0	0.046539254	0.9793397	143.51111	0.07012549	0.03137819	157.0	1.0
SPIKE	S119:A>G	7	72161	9.700531E-5	22.321487	39.42857	TRUE	A	1.5896973E-4	173.0	0.04952522	0.9753506	278.36383	0.069763824	0.005980616	157.0	0.0
SPIKE	S120:T>A	0	72161	0.0	-1.0	0.0	TRUE	T	1.4091209E-5	14.0	0.076272935	0.9977901	53.413956	0.07862834	0.005554112	157.0	0.0
SPIKE	S120:T>G	0	72161	0.0	-1.0	0.0	TRUE	T	8.846301E-6	14.0	0.026247846	0.9986121	143.51111	0.04682608	0.0070576463	157.0	0.0
SPIKE	S120:T>C	0	72161	0.0	-1.0	0.0	TRUE	T	2.4121041E-4	238.0	0.054291595	0.96283805	278.36383	0.077332914	0.006284833	157.0	0.0
SPIKE	S121:G>T	1	72161	1.3857901E-5	-1.0	39.0	TRUE	G	4.9255053E-5	5.0	0.05904529	0.99229676	59.032738	0.063986994	0.00783511	157.0	1.0
SPIKE	S121:G>A	5	72161	6.9289505E-5	16.300888	39.2	TRUE	G	8.829852E-5	90.0	0.075248174	0.98623276	119.12177	0.07655759	0.0072232857	157.0	0.0
SPIKE	S121:G>C	0	72161	0.0	-1.0	0.0	TRUE	G	7.311335E-5	3.0	0.044187125	0.98858684	95.32099	0.0579079	0.007527561	157.0	1.0
SPIKE	S122:T>C	5	72161	6.9289505E-5	10.658173	36.8	TRUE	T	2.7364207E-4	270.0	0.054291595	0.95794797	278.36383	0.077332914	0.006284833	157.0	0.0
SPIKE	S122:T>A	5	72161	6.9289505E-5	-1.0	38.6	TRUE	T	3.8247566E-5	38.0	0.076272935	0.99401313	53.413956	0.07862834	0.005554112	157.0	0.0
SPIKE	S122:T>G	0	72161	0.0	-1.0	0.0	TRUE	T	6.950665E-6	11.0	0.026247846	0.99890935	143.51111	0.04682608	0.0070576463	157.0	0.0
SPIKE	S123:G>T	1	72161	1.3857901E-5	-1.0	38.0	TRUE	G	4.9255053E-5	2.0	0.05904529	0.99229676	59.032738	0.063986994	0.00783511	157.0	1.0
SPIKE	S123:G>A	3	72161	4.1573705E-5	10.280287	39.333332	TRUE	G	6.5733344E-5	67.0	0.075248174	0.9897329	119.12177	0.07655759	0.0072232857	157.0	0.0
SPIKE	S123:G>C	0	72161	0.0	-1.0	0.0	TRUE	G	7.311335E-5	0.0	0.044187125	0.98858684	95.32099	0.0579079	0.007527561	157.0	1.0
SPIKE	D124-126:TG>	3	72161	4.1573705E-5	-1.0	39.04889	TRUE		NaN	NaN	NaN	NaN	NaN	NaN	NaN	NaN	NaN
SPIKE	S124:T>C	4	72161	5.5431603E-5	5.449171	37.75	TRUE	T	3.354649E-4	331.0	0.054291595	0.94869494	278.36383	0.077332914	0.006284833	157.0	0.0
SPIKE	S124:T>A	3	72161	4.1573705E-5	-1.0	38.666668	TRUE	T	2.9188934E-5	29.0	0.076272935	0.99542785	53.413956	0.07862834	0.005554112	157.0	0.0
SPIKE	S124:T>G	0	72161	0.0	-1.0	0.0	TRUE	T	8.214422E-6	13.0	0.026247846	0.99871117	143.51111	0.04682608	0.0070576463	157.0	0.0
SPIKE	S125:G>A	4	72161	5.5431603E-5	13.290587	38.75	TRUE	G	6.180897E-5	63.0	0.075248174	0.9903429	119.12177	0.07655759	0.0072232857	157.0	0.0
SPIKE	S125:G>C	0	72161	0.0	-1.0	0.0	TRUE	G	7.311335E-5	5.0	0.044187125	0.98858684	95.32099	0.0579079	0.007527561	157.0	1.0
SPIKE	S125:G>T	0	72161	0.0	-1.0	0.0	TRUE	G	4.9255053E-5	4.0	0.05904529	0.99229676	59.032738	0.063986994	0.00783511	157.0	1.0
SPIKE	S126:C>T	5	72161	6.9289505E-5	16.300888	38.2	TRUE	C	1.1412876E-4	117.0	0.05817259	0.98224133	119.12177	0.074737824	0.0069713416	157.0	0.0
SPIKE	S126:C>G	1	72161	1.3857901E-5	-1.0	39.0	TRUE	C	4.0902294E-5	52.0	0.04850566	0.99359894	95.32099	0.059654146	0.007334729	157.0	0.0
SPIKE	S126:C>A	6	72161	8.314741E-5	-1.0	39.0	TRUE	C	5.9505714E-5	7.0	0.06888952	0.9907011	59.032738	0.07812087	0.008498287	157.0	1.0
SPIKE	D126-128:CG>	14	72161	1.9401062E-4	-1.0	39.129753	TRUE		NaN	NaN	NaN	NaN	NaN	NaN	NaN	NaN	NaN
SPIKE	S127:G>A	8	72161	1.10863206E-4	25.331787	39.0	TRUE	G	1.4422092E-4	147.0	0.075248174	0.9776117	119.12177	0.07655759	0.0072232857	157.0	0.0
SPIKE	S127:G>C	0	72161	0.0	-1.0	0.0	TRUE	G	2.684579E-5	35.0	0.044187125	0.99579406	95.32099	0.0579079	0.007527561	157.0	0.0
SPIKE	S127:G>T	0	72161	0.0	-1.0	0.0	TRUE	G	4.9255053E-5	5.0	0.05904529	0.99229676	59.032738	0.063986994	0.00783511	157.0	1.0
SPIKE	S128:G>A	4	72161	5.5431603E-5	13.290587	39.0	TRUE	G	7.7506484E-5	79.0	0.075248174	0.9879052	119.12177	0.07655759	0.0072232857	157.0	0.0
SPIKE	S128:G>T	1	72161	1.3857901E-5	-1.0	35.0	TRUE	G	4.9255053E-5	0.0	0.05904529	0.99229676	59.032738	0.063986994	0.00783511	157.0	1.0
SPIKE	S128:G>C	0	72161	0.0	-1.0	0.0	TRUE	G	1.0738317E-5	14.0	0.044187125	0.9983155	95.32099	0.0579079	0.007527561	157.0	0.0
SPIKE	S129:C>A	3	72161	4.1573705E-5	-1.0	39.0	TRUE	C	5.9505714E-5	4.0	0.06888952	0.9907011	59.032738	0.07812087	0.008498287	157.0	1.0
SPIKE	S129:C>G	1	72161	1.3857901E-5	-1.0	40.0	TRUE	C	4.0115712E-5	51.0	0.04850566	0.9937216	95.32099	0.059654146	0.007334729	157.0	0.0
SPIKE	S129:C>T	6	72161	8.314741E-5	19.311188	36.666668	TRUE	C	9.559503E-5	98.0	0.05817259	0.98510367	119.12177	0.074737824	0.0069713416	157.0	0.0
SPIKE	D130-133:GGC>	1	72161	1.3857901E-5	-1.0	39.10787	TRUE		NaN	NaN	NaN	NaN	NaN	NaN	NaN	NaN	NaN
SPIKE	S130:G>A	10	72161	1.3857901E-4	23.451881	38.8	TRUE	G	2.050488E-4	209.0	0.075248174	0.96832	119.12177	0.07655759	0.0072232857	157.0	0.0
SPIKE	S130:G>T	1	72161	1.3857901E-5	-1.0	38.0	TRUE	G	9.178053E-6	11.0	0.05904529	0.9985601	59.032738	0.063986994	0.00783511	157.0	0.0
SPIKE	S130:G>C	0	72161	0.0	-1.0	0.0	TRUE	G	2.8379836E-5	37.0	0.044187125	0.99555427	95.32099	0.0579079	0.007527561	157.0	0.0
SPIKE	S131:G>A	4	72161	5.5431603E-5	13.290587	39.0	TRUE	G	9.026071E-5	92.0	0.075248174	0.985929	119.12177	0.07655759	0.0072232857	157.0	0.0
SPIKE	S131:G>T	1	72161	1.3857901E-5	-1.0	38.0	TRUE	G	4.9255053E-5	3.0	0.05904529	0.99229676	59.032738	0.063986994	0.00783511	157.0	1.0
SPIKE	S131:G>C	0	72161	0.0	-1.0	0.0	TRUE	G	2.1476633E-5	28.0	0.044187125	0.9966338	95.32099	0.0579079	0.007527561	157.0	0.0
SPIKE	S132:C>A	3	72161	4.1573705E-5	-1.0	37.666668	TRUE	C	1.5120181E-5	15.0	0.06888952	0.9976289	59.032738	0.07812087	0.008498287	157.0	0.0
SPIKE	S132:C>T	4	72161	5.5431603E-5	13.290587	36.0	TRUE	C	6.438032E-5	66.0	0.05817259	0.9899432	119.12177	0.074737824	0.0069713416	157.0	0.0
SPIKE	S132:C>G	0	72161	0.0	-1.0	0.0	TRUE	C	2.9103554E-5	37.0	0.04850566	0.99544114	95.32099	0.059654146	0.007334729	157.0	0.0
SPIKE	S133:A>G	0	72161	0.0	-1.0	0.0	TRUE	A	1.28646025E-5	14.0	0.04952522	0.9979823	278.36383	0.069763824	0.005980616	157.0	0.0
SPIKE	S133:A>C	0	72161	0.0	-1.0	0.0	TRUE	A	8.431747E-5	91.0	0.046539254	0.98684937	143.51111	0.07012549	0.03137819	157.0	0.0
SPIKE	S133:A>T	0	72161	0.0	-1.0	0.0	TRUE	A	5.6548513E-5	0.0	0.07029198	0.99116117	53.413956	0.08217172	0.008188718	157.0	1.0
SPIKE	S134:G>A	0	72161	0.0	-1.0	0.0	TRUE	G	5.49413E-5	56.0	0.075248174	0.9914113	119.12177	0.07655759	0.0072232857	157.0	0.0
SPIKE	S134:G>C	0	72161	0.0	-1.0	0.0	TRUE	G	3.6817084E-5	48.0	0.044187125	0.9942364	95.32099	0.0579079	0.007527561	157.0	0.0
SPIKE	S134:G>T	0	72161	0.0	-1.0	0.0	TRUE	G	4.5890265E-5	55.0	0.05904529	0.9928211	59.032738	0.063986994	0.00783511	157.0	0.0
SPIKE	S135:C>A	0	72161	0.0	-1.0	0.0	TRUE	C	5.9505714E-5	2.0	0.06888952	0.9907011	59.032738	0.07812087	0.008498287	157.0	1.0
SPIKE	S135:C>G	0	72161	0.0	-1.0	0.0	TRUE	C	4.1688876E-5	53.0	0.04850566	0.9934762	95.32099	0.059654146	0.007334729	157.0	0.0
SPIKE	S135:C>T	0	72161	0.0	-1.0	0.0	TRUE	C	4.1944757E-5	43.0	0.05817259	0.99343634	119.12177	0.074737824	0.0069713416	157.0	0.0
SPIKE	S136:C>A	0	72161	0.0	-1.0	0.0	TRUE	C	5.4432654E-5	54.0	0.06888952	0.9914905	59.032738	0.07812087	0.008498287	157.0	0.0
SPIKE	S136:C>G	0	72161	0.0	-1.0	0.0	TRUE	C	2.8316972E-5	36.0	0.04850566	0.9955641	95.32099	0.059654146	0.007334729	157.0	0.0
SPIKE	S136:C>T	0	72161	0.0	-1.0	0.0	TRUE	C	6.340486E-5	65.0	0.05817259	0.99009484	119.12177	0.074737824	0.0069713416	157.0	0.0
SPIKE	S137:T>A	0	72161	0.0	-1.0	0.0	TRUE	T	3.6234538E-5	36.0	0.076272935	0.9943273	53.413956	0.07862834	0.005554112	157.0	0.0
SPIKE	S137:T>G	0	72161	0.0	-1.0	0.0	TRUE	T	3.1593932E-5	50.0	0.026247846	0.99505204	143.51111	0.04682608	0.0070576463	157.0	0.0
SPIKE	S137:T>C	0	72161	0.0	-1.0	0.0	TRUE	T	2.821187E-4	2.0	0.054291595	0.956674	278.36383	0.077332914	0.006284833	157.0	1.0
SPIKE	S138:G>A	0	72161	0.0	-1.0	0.0	TRUE	G	1.108637E-4	113.0	0.075248174	0.982745	119.12177	0.07655759	0.0072232857	157.0	0.0
SPIKE	S138:G>C	0	72161	0.0	-1.0	0.0	TRUE	G	7.311335E-5	1.0	0.044187125	0.98858684	95.32099	0.0579079	0.007527561	157.0	1.0
SPIKE	S138:G>T	0	72161	0.0	-1.0	0.0	TRUE	G	8.593995E-5	103.0	0.05904529	0.986598	59.032738	0.063986994	0.00783511	157.0	0.0
SPIKE	S139:A>G	0	72161	0.0	-1.0	0.0	TRUE	A	2.557886E-4	7.0	0.04952522	0.96063685	278.36383	0.069763824	0.005980616	157.0	1.0
SPIKE	S139:A>C	0	72161	0.0	-1.0	0.0	TRUE	A	1.3297245E-4	1.0	0.046539254	0.9793397	143.51111	0.07012549	0.03137819	157.0	1.0
SPIKE	S139:A>T	0	72161	0.0	-1.0	0.0	TRUE	A	1.8950447E-4	179.0	0.07029198	0.970686	53.413956	0.08217172	0.008188718	157.0	0.0
SPIKE	S140:T>A	0	72161	0.0	-1.0	0.0	TRUE	T	4.6299687E-5	46.0	0.076272935	0.9927573	53.413956	0.07862834	0.005554112	157.0	0.0
SPIKE	S140:T>G	0	72161	0.0	-1.0	0.0	TRUE	T	3.6648962E-5	58.0	0.026247846	0.99426264	143.51111	0.04682608	0.0070576463	157.0	0.0
SPIKE	S140:T>C	0	72161	0.0	-1.0	0.0	TRUE	T	2.821187E-4	2.0	0.054291595	0.956674	278.36383	0.077332914	0.006284833	157.0	1.0
SPIKE	S141:T>A	0	72161	0.0	-1.0	0.0	TRUE	T	3.7140402E-4	369.0	0.076272935	0.94335705	53.413956	0.07862834	0.005554112	157.0	0.0
SPIKE	S141:T>G	0	72161	0.0	-1.0	0.0	TRUE	T	2.4643266E-5	39.0	0.026247846	0.99613845	143.51111	0.04682608	0.0070576463	157.0	0.0
SPIKE	S141:T>C	0	72161	0.0	-1.0	0.0	TRUE	T	7.601168E-5	75.0	0.054291595	0.98813707	278.36383	0.077332914	0.006284833	157.0	0.0
SPIKE	S142:A>G	0	72161	0.0	-1.0	0.0	TRUE	A	4.3923428E-4	478.0	0.04952522	0.9333642	278.36383	0.069763824	0.005980616	157.0	0.0
SPIKE	S142:A>C	0	72161	0.0	-1.0	0.0	TRUE	A	1.0099565E-4	109.0	0.046539254	0.9842687	143.51111	0.07012549	0.03137819	157.0	0.0
SPIKE	S142:A>T	0	72161	0.0	-1.0	0.0	TRUE	A	1.1645527E-5	11.0	0.07029198	0.9981733	53.413956	0.08217172	0.008188718	157.0	0.0
SPIKE	S143:G>A	0	72161	0.0	-1.0	0.0	TRUE	G	2.747065E-5	28.0	0.075248174	0.99569637	119.12177	0.07655759	0.0072232857	157.0	0.0
SPIKE	S143:G>C	0	72161	0.0	-1.0	0.0	TRUE	G	7.501481E-4	978.0	0.044187125	0.8888976	95.32099	0.0579079	0.007527561	157.0	0.0
SPIKE	S143:G>T	0	72161	0.0	-1.0	0.0	TRUE	G	4.9255053E-5	2.0	0.05904529	0.99229676	59.032738	0.063986994	0.00783511	157.0	1.0
SPIKE	S144:C>A	0	72161	0.0	-1.0	0.0	TRUE	C	5.9505714E-5	0.0	0.06888952	0.9907011	59.032738	0.07812087	0.008498287	157.0	1.0
SPIKE	S144:C>G	0	72161	0.0	-1.0	0.0	TRUE	C	6.292661E-5	80.0	0.04850566	0.99016917	95.32099	0.059654146	0.007334729	157.0	0.0
SPIKE	S144:C>T	0	72161	0.0	-1.0	0.0	TRUE	C	1.16198455E-4	5.0	0.05817259	0.98192227	119.12177	0.074737824	0.0069713416	157.0	1.0
SPIKE	S145:C>A	0	72161	0.0	-1.0	0.0	TRUE	C	5.9505714E-5	2.0	0.06888952	0.9907011	59.032738	0.07812087	0.008498287	157.0	1.0
SPIKE	S145:C>G	0	72161	0.0	-1.0	0.0	TRUE	C	3.8542545E-5	49.0	0.04850566	0.9939671	95.32099	0.059654146	0.007334729	157.0	0.0
SPIKE	S145:C>T	0	72161	0.0	-1.0	0.0	TRUE	C	7.413492E-5	76.0	0.05817259	0.9884283	119.12177	0.074737824	0.0069713416	157.0	0.0
SPIKE	S146:C>A	0	72161	0.0	-1.0	0.0	TRUE	C	5.9505714E-5	0.0	0.06888952	0.9907011	59.032738	0.07812087	0.008498287	157.0	1.0
SPIKE	S146:C>G	0	72161	0.0	-1.0	0.0	TRUE	C	0.0010083988	1282.0	0.04850566	0.8535778	95.32099	0.059654146	0.007334729	157.0	0.0
SPIKE	S146:C>T	0	72161	0.0	-1.0	0.0	TRUE	C	6.6331246E-5	68.0	0.05817259	0.98964006	119.12177	0.074737824	0.0069713416	157.0	0.0
SPIKE	S147:G>A	0	72161	0.0	-1.0	0.0	TRUE	G	1.0792041E-5	11.0	0.075248174	0.9983071	119.12177	0.07655759	0.0072232857	157.0	0.0
SPIKE	S147:G>C	0	72161	0.0	-1.0	0.0	TRUE	G	9.204271E-5	120.0	0.044187125	0.9856532	95.32099	0.0579079	0.007527561	157.0	0.0
SPIKE	S147:G>T	0	72161	0.0	-1.0	0.0	TRUE	G	9.661987E-4	1158.0	0.05904529	0.85925186	59.032738	0.063986994	0.00783511	157.0	0.0
SPIKE	S148:T>A	0	72161	0.0	-1.0	0.0	TRUE	T	5.3761945E-5	3.0	0.076272935	0.9915949	53.413956	0.07862834	0.005554112	157.0	1.0
SPIKE	S148:T>G	0	72161	0.0	-1.0	0.0	TRUE	T	0.0015601084	2469.0	0.026247846	0.7827538	143.51111	0.04682608	0.0070576463	157.0	0.0
SPIKE	S148:T>C	0	72161	0.0	-1.0	0.0	TRUE	T	6.790377E-5	67.0	0.054291595	0.98939574	278.36383	0.077332914	0.006284833	157.0	0.0
SPIKE	S149:G>A	0	72161	0.0	-1.0	0.0	TRUE	G	1.5697515E-5	16.0	0.075248174	0.9975385	119.12177	0.07655759	0.0072232857	157.0	0.0
SPIKE	S149:G>C	0	72161	0.0	-1.0	0.0	TRUE	G	9.265633E-4	1208.0	0.044187125	0.86461544	95.32099	0.0579079	0.007527561	157.0	0.0
SPIKE	S149:G>T	0	72161	0.0	-1.0	0.0	TRUE	G	1.5769564E-4	189.0	0.05904529	0.97554576	59.032738	0.063986994	0.00783511	157.0	0.0
SPIKE	S150:C>A	0	72158	0.0	-1.0	0.0	TRUE	C	5.9505714E-5	0.0	0.06888952	0.9907011	59.030285	0.07812087	0.008498287	157.0	1.0
SPIKE	S150:C>G	0	72158	0.0	-1.0	0.0	TRUE	C	3.3745795E-4	429.0	0.04850566	0.9483981	95.317024	0.059654146	0.007334729	157.0	0.0
SPIKE	S150:C>T	0	72158	0.0	-1.0	0.0	TRUE	C	0.001726635	1770.0	0.05817259	0.76255417	119.11682	0.074737824	0.0069713416	157.0	0.0
SPIKE	S151:T>A	0	72146	0.0	-1.0	0.0	TRUE	T	5.3761945E-5	0.0	0.076272935	0.9915949	53.40285	0.07862834	0.005554112	157.0	1.0
SPIKE	S151:T>G	0	72146	0.0	-1.0	0.0	TRUE	T	0.0016931548	2679.0	0.026247846	0.766573	143.48128	0.04682608	0.0070576463	157.0	0.0
SPIKE	S151:T>C	0	72146	0.0	-1.0	0.0	TRUE	T	1.05424784E-4	104.0	0.054291595	0.9835845	278.30597	0.077332914	0.006284833	157.0	0.0
SPIKE	S152:G>A	0	72132	0.0	-1.0	0.0	TRUE	G	2.061127E-5	21.0	0.075248174	0.99676925	119.0739	0.07655759	0.0072232857	157.0	0.0
SPIKE	S152:G>C	0	72132	0.0	-1.0	0.0	TRUE	G	7.311335E-5	1.0	0.044187125	0.98858684	95.282684	0.0579079	0.007527561	157.0	1.0
SPIKE	S152:G>T	0	72132	0.0	-1.0	0.0	TRUE	G	7.178454E-5	86.0	0.05904529	0.9887931	59.009014	0.063986994	0.00783511	157.0	0.0
SPIKE	S153:G>A	0	71983	0.0	-1.0	0.0	TRUE	G	1.16869734E-4	6.0	0.075248174	0.98181874	118.827934	0.07655759	0.0072232857	157.0	1.0
SPIKE	S153:G>C	0	71983	0.0	-1.0	0.0	TRUE	G	7.311335E-5	1.0	0.044187125	0.98858684	95.08586	0.0579079	0.007527561	157.0	1.0
SPIKE	S153:G>T	0	71983	0.0	-1.0	0.0	TRUE	G	4.9255053E-5	0.0	0.05904529	0.99229676	58.88712	0.063986994	0.00783511	157.0	1.0
