#pipeline_block
reference	mutation	count	coverage	freq	score	cqs	has.reference	ancestral.allele	error.rate	minor.count.local	minor.fdr	minor.recall	minor.count.global	read.fraction.in.minors	q.filtered.read.fraction	mig.size	global.est
SPIKE	S0:T>A	0	1324	0.0	-1.0	0.0	TRUE	T	0.0	0.0	1.0	1.0	0.5062398	0.025200367	0.045151416	5368.0	1.0
SPIKE	S0:T>G	0	1324	0.0	-1.0	0.0	TRUE	T	6.343184E-5	0.0	0.5418571	0.711413	2.155042	0.0850626	0.18014252	5368.0	1.0
SPIKE	S0:T>C	0	1324	0.0	-1.0	0.0	TRUE	T	9.149574E-5	4.0	0.22324482	0.6119228	4.953818	0.03148217	0.051780976	5368.0	1.0
SPIKE	S1:A>G	0	1324	0.0	-1.0	0.0	TRUE	A	7.0992064E-5	8.0	0.17396745	0.68311954	4.953818	0.022969982	0.042723067	5368.0	1.0
SPIKE	S1:A>C	0	1324	0.0	-1.0	0.0	TRUE	A	8.833806E-6	0.0	0.55633336	0.9536869	2.155042	0.012232728	0.23419288	5368.0	1.0
SPIKE	S1:A>T	0	1324	0.0	-1.0	0.0	TRUE	A	0.0	0.0	1.0	1.0	0.5062398	0.119989105	0.17861038	5368.0	1.0
SPIKE	S2:G>A	0	1324	0.0	-1.0	0.0	TRUE	G	5.532635E-5	2.0	0.29083398	0.7430501	3.4253414	0.030155616	0.053912617	5368.0	1.0
SPIKE	S2:G>C	0	1324	0.0	-1.0	0.0	TRUE	G	1.0150939E-5	0.0	0.82730234	0.9469678	1.0807323	0.07200946	0.079027876	5368.0	1.0
SPIKE	S2:G>T	0	1324	0.0	-1.0	0.0	TRUE	G	0.0	0.0	1.0	1.0	1.866514	0.121029906	0.0679352	5368.0	1.0
SPIKE	S3:C>A	0	1326	0.0	-1.0	0.0	TRUE	C	2.22005E-5	1.0	0.34550375	0.88765484	1.8693334	0.024060927	0.09291517	5368.0	1.0
SPIKE	S3:C>G	0	1326	0.0	-1.0	0.0	TRUE	C	3.4152257E-5	8.0	0.35983333	0.83249396	1.0823649	0.06535761	0.43512025	5368.0	1.0
SPIKE	S3:C>T	0	1326	0.0	-1.0	0.0	TRUE	C	8.165428E-5	8.0	0.21907194	0.6451192	3.4305158	0.04041588	0.15122016	5368.0	1.0
SPIKE	S4:G>A	0	1327	0.0	-1.0	0.0	TRUE	G	5.532635E-5	3.0	0.29083398	0.7430501	3.4331028	0.030155616	0.053912617	5368.0	1.0
SPIKE	S4:G>C	0	1327	0.0	-1.0	0.0	TRUE	G	1.0150939E-5	2.0	0.82730234	0.9469678	1.0831811	0.07200946	0.079027876	5368.0	1.0
SPIKE	S4:G>T	0	1327	0.0	-1.0	0.0	TRUE	G	0.0	0.0	1.0	1.0	1.8707432	0.121029906	0.0679352	5368.0	1.0
SPIKE	S5:T>A	0	1327	0.0	-1.0	0.0	TRUE	T	0.0	0.0	1.0	1.0	0.50738686	0.025200367	0.045151416	5368.0	1.0
SPIKE	S5:T>G	0	1327	0.0	-1.0	0.0	TRUE	T	6.343184E-5	3.0	0.5418571	0.711413	2.1599247	0.0850626	0.18014252	5368.0	1.0
SPIKE	S5:T>C	0	1327	0.0	-1.0	0.0	TRUE	T	9.149574E-5	3.0	0.22324482	0.6119228	4.965042	0.03148217	0.051780976	5368.0	1.0
SPIKE	S6:G>A	1	1327	7.535795E-4	-1.0	40.0	TRUE	G	5.532635E-5	4.0	0.29083398	0.7430501	3.4331028	0.030155616	0.053912617	5368.0	1.0
SPIKE	S6:G>C	0	1327	0.0	-1.0	0.0	TRUE	G	1.0150939E-5	0.0	0.82730234	0.9469678	1.0831811	0.07200946	0.079027876	5368.0	1.0
SPIKE	S6:G>T	0	1327	0.0	-1.0	0.0	TRUE	G	0.0	2.0	1.0	1.0	1.8707432	0.121029906	0.0679352	5368.0	1.0
SPIKE	D7-8:A>	1	1327	7.535795E-4	-1.0	39.998493	TRUE		NaN	NaN	NaN	NaN	NaN	NaN	NaN	NaN	NaN
SPIKE	S7:A>G	0	1327	0.0	-1.0	0.0	TRUE	A	7.0992064E-5	5.0	0.17396745	0.68311954	4.965042	0.022969982	0.042723067	5368.0	1.0
SPIKE	S7:A>C	0	1327	0.0	-1.0	0.0	TRUE	A	8.833806E-6	0.0	0.55633336	0.9536869	2.1599247	0.012232728	0.23419288	5368.0	1.0
SPIKE	S7:A>T	0	1327	0.0	-1.0	0.0	TRUE	A	0.0	0.0	1.0	1.0	0.50738686	0.119989105	0.17861038	5368.0	1.0
SPIKE	S8:A>G	0	1327	0.0	-1.0	0.0	TRUE	A	7.0992064E-5	1.0	0.17396745	0.68311954	4.965042	0.022969982	0.042723067	5368.0	1.0
SPIKE	S8:A>C	0	1327	0.0	-1.0	0.0	TRUE	A	8.833806E-6	0.0	0.55633336	0.9536869	2.1599247	0.012232728	0.23419288	5368.0	1.0
SPIKE	S8:A>T	0	1327	0.0	-1.0	0.0	TRUE	A	0.0	0.0	1.0	1.0	0.50738686	0.119989105	0.17861038	5368.0	1.0
SPIKE	S9:G>A	1	1328	7.53012E-4	-1.0	40.0	TRUE	G	5.532635E-5	6.0	0.29083398	0.7430501	3.43569	0.030155616	0.053912617	5368.0	1.0
SPIKE	S9:G>C	0	1328	0.0	-1.0	0.0	TRUE	G	1.0150939E-5	0.0	0.82730234	0.9469678	1.0839974	0.07200946	0.079027876	5368.0	1.0
SPIKE	S9:G>T	0	1328	0.0	-1.0	0.0	TRUE	G	0.0	0.0	1.0	1.0	1.8721529	0.121029906	0.0679352	5368.0	1.0
SPIKE	D10-11:A>	2	1328	0.001506024	-1.0	39.934486	TRUE		NaN	NaN	NaN	NaN	NaN	NaN	NaN	NaN	NaN
SPIKE	S10:A>G	0	1328	0.0	-1.0	0.0	TRUE	A	2.000266E-4	14.0	0.17396745	0.3417271	4.968784	0.022969982	0.042723067	5368.0	0.0
SPIKE	S10:A>C	0	1328	0.0	-1.0	0.0	TRUE	A	8.833806E-6	0.0	0.55633336	0.9536869	2.1615524	0.012232728	0.23419288	5368.0	1.0
SPIKE	S10:A>T	0	1328	0.0	-1.0	0.0	TRUE	A	0.0	0.0	1.0	1.0	0.50776917	0.119989105	0.17861038	5368.0	1.0
SPIKE	S11:C>T	1	1328	7.53012E-4	-1.0	40.0	TRUE	C	8.165428E-5	2.0	0.21907194	0.6451192	3.43569	0.04041588	0.15122016	5368.0	1.0
SPIKE	S11:C>A	0	1328	0.0	-1.0	0.0	TRUE	C	2.22005E-5	2.0	0.34550375	0.88765484	1.8721529	0.024060927	0.09291517	5368.0	1.0
SPIKE	S11:C>G	0	1328	0.0	-1.0	0.0	TRUE	C	3.4152257E-5	0.0	0.35983333	0.83249396	1.0839974	0.06535761	0.43512025	5368.0	1.0
SPIKE	S12:G>A	1	1328	7.53012E-4	-1.0	40.0	TRUE	G	5.532635E-5	1.0	0.29083398	0.7430501	3.43569	0.030155616	0.053912617	5368.0	1.0
SPIKE	S12:G>C	0	1328	0.0	-1.0	0.0	TRUE	G	1.0150939E-5	2.0	0.82730234	0.9469678	1.0839974	0.07200946	0.079027876	5368.0	1.0
SPIKE	S12:G>T	0	1328	0.0	-1.0	0.0	TRUE	G	0.0	0.0	1.0	1.0	1.8721529	0.121029906	0.0679352	5368.0	1.0
SPIKE	D13-14:A>	1	1328	7.53012E-4	-1.0	39.964607	TRUE		NaN	NaN	NaN	NaN	NaN	NaN	NaN	NaN	NaN
SPIKE	S13:A>G	0	1328	0.0	-1.0	0.0	TRUE	A	2.5717705E-4	18.0	0.17396745	0.25144616	4.968784	0.022969982	0.042723067	5368.0	0.0
SPIKE	S13:A>C	0	1328	0.0	-1.0	0.0	TRUE	A	8.833806E-6	1.0	0.55633336	0.9536869	2.1615524	0.012232728	0.23419288	5368.0	1.0
SPIKE	S13:A>T	0	1328	0.0	-1.0	0.0	TRUE	A	0.0	0.0	1.0	1.0	0.50776917	0.119989105	0.17861038	5368.0	1.0
SPIKE	S14:C>A	0	1328	0.0	-1.0	0.0	TRUE	C	2.22005E-5	3.0	0.34550375	0.88765484	1.8721529	0.024060927	0.09291517	5368.0	1.0
SPIKE	S14:C>G	0	1328	0.0	-1.0	0.0	TRUE	C	3.4152257E-5	0.0	0.35983333	0.83249396	1.0839974	0.06535761	0.43512025	5368.0	1.0
SPIKE	S14:C>T	0	1328	0.0	-1.0	0.0	TRUE	C	8.165428E-5	5.0	0.21907194	0.6451192	3.43569	0.04041588	0.15122016	5368.0	1.0
SPIKE	S15:A>G	0	1328	0.0	-1.0	0.0	TRUE	A	7.0992064E-5	2.0	0.17396745	0.68311954	4.968784	0.022969982	0.042723067	5368.0	1.0
SPIKE	S15:A>C	0	1328	0.0	-1.0	0.0	TRUE	A	8.833806E-6	2.0	0.55633336	0.9536869	2.1615524	0.012232728	0.23419288	5368.0	1.0
SPIKE	S15:A>T	0	1328	0.0	-1.0	0.0	TRUE	A	0.0	0.0	1.0	1.0	0.50776917	0.119989105	0.17861038	5368.0	1.0
SPIKE	S16:G>A	0	1328	0.0	-1.0	0.0	TRUE	G	5.532635E-5	5.0	0.29083398	0.7430501	3.43569	0.030155616	0.053912617	5368.0	1.0
SPIKE	S16:G>C	0	1328	0.0	-1.0	0.0	TRUE	G	1.0150939E-5	0.0	0.82730234	0.9469678	1.0839974	0.07200946	0.079027876	5368.0	1.0
SPIKE	S16:G>T	0	1328	0.0	-1.0	0.0	TRUE	G	0.0	0.0	1.0	1.0	1.8721529	0.121029906	0.0679352	5368.0	1.0
SPIKE	S17:A>G	0	1328	0.0	-1.0	0.0	TRUE	A	2.4288944E-4	17.0	0.17396745	0.27148986	4.968784	0.022969982	0.042723067	5368.0	0.0
SPIKE	S17:A>C	0	1328	0.0	-1.0	0.0	TRUE	A	8.833806E-6	0.0	0.55633336	0.9536869	2.1615524	0.012232728	0.23419288	5368.0	1.0
SPIKE	S17:A>T	0	1328	0.0	-1.0	0.0	TRUE	A	0.0	0.0	1.0	1.0	0.50776917	0.119989105	0.17861038	5368.0	1.0
SPIKE	S18:A>G	0	1328	0.0	-1.0	0.0	TRUE	A	7.0992064E-5	5.0	0.17396745	0.68311954	4.968784	0.022969982	0.042723067	5368.0	1.0
SPIKE	S18:A>C	0	1328	0.0	-1.0	0.0	TRUE	A	8.833806E-6	1.0	0.55633336	0.9536869	2.1615524	0.012232728	0.23419288	5368.0	1.0
SPIKE	S18:A>T	0	1328	0.0	-1.0	0.0	TRUE	A	0.0	0.0	1.0	1.0	0.50776917	0.119989105	0.17861038	5368.0	1.0
SPIKE	S19:C>A	0	1328	0.0	-1.0	0.0	TRUE	C	2.22005E-5	2.0	0.34550375	0.88765484	1.8721529	0.024060927	0.09291517	5368.0	1.0
SPIKE	S19:C>G	0	1328	0.0	-1.0	0.0	TRUE	C	3.4152257E-5	0.0	0.35983333	0.83249396	1.0839974	0.06535761	0.43512025	5368.0	1.0
SPIKE	S19:C>T	0	1328	0.0	-1.0	0.0	TRUE	C	8.165428E-5	2.0	0.21907194	0.6451192	3.43569	0.04041588	0.15122016	5368.0	1.0
SPIKE	S20:C>A	0	1328	0.0	-1.0	0.0	TRUE	C	2.22005E-5	1.0	0.34550375	0.88765484	1.8721529	0.024060927	0.09291517	5368.0	1.0
SPIKE	S20:C>G	0	1328	0.0	-1.0	0.0	TRUE	C	3.4152257E-5	0.0	0.35983333	0.83249396	1.0839974	0.06535761	0.43512025	5368.0	1.0
SPIKE	S20:C>T	0	1328	0.0	-1.0	0.0	TRUE	C	8.165428E-5	3.0	0.21907194	0.6451192	3.43569	0.04041588	0.15122016	5368.0	1.0
SPIKE	S21:A>G	0	1328	0.0	-1.0	0.0	TRUE	A	7.0992064E-5	7.0	0.17396745	0.68311954	4.968784	0.022969982	0.042723067	5368.0	1.0
SPIKE	S21:A>C	0	1328	0.0	-1.0	0.0	TRUE	A	8.833806E-6	2.0	0.55633336	0.9536869	2.1615524	0.012232728	0.23419288	5368.0	1.0
SPIKE	S21:A>T	0	1328	0.0	-1.0	0.0	TRUE	A	0.0	0.0	1.0	1.0	0.50776917	0.119989105	0.17861038	5368.0	1.0
SPIKE	S22:A>G	1327	1328	0.999247	-1.0	39.999245	TRUE	G	7.0992064E-5	0.0	0.17396745	0.68311954	4.968784	0.022969982	0.042723067	5368.0	1.0
SPIKE	S22:A>C	0	1328	0.0	-1.0	0.0	TRUE	G	8.833806E-6	1.0	0.55633336	0.9536869	2.1615524	0.012232728	0.23419288	5368.0	1.0
SPIKE	S22:A>T	0	1328	0.0	-1.0	0.0	TRUE	G	0.0	0.0	1.0	1.0	0.50776917	0.119989105	0.17861038	5368.0	1.0
SPIKE	S23:A>G	0	1328	0.0	-1.0	0.0	TRUE	A	7.0992064E-5	2.0	0.17396745	0.68311954	4.968784	0.022969982	0.042723067	5368.0	1.0
SPIKE	S23:A>C	0	1328	0.0	-1.0	0.0	TRUE	A	8.833806E-6	0.0	0.55633336	0.9536869	2.1615524	0.012232728	0.23419288	5368.0	1.0
SPIKE	S23:A>T	0	1328	0.0	-1.0	0.0	TRUE	A	0.0	0.0	1.0	1.0	0.50776917	0.119989105	0.17861038	5368.0	1.0
SPIKE	S24:A>G	0	1328	0.0	-1.0	0.0	TRUE	A	7.0992064E-5	1.0	0.17396745	0.68311954	4.968784	0.022969982	0.042723067	5368.0	1.0
SPIKE	S24:A>C	0	1328	0.0	-1.0	0.0	TRUE	A	8.833806E-6	1.0	0.55633336	0.9536869	2.1615524	0.012232728	0.23419288	5368.0	1.0
SPIKE	S24:A>T	0	1328	0.0	-1.0	0.0	TRUE	A	0.0	0.0	1.0	1.0	0.50776917	0.119989105	0.17861038	5368.0	1.0
SPIKE	S25:A>C	1328	1328	1.0	-1.0	39.99322	FALSE	C	8.833806E-6	0.0	0.55633336	0.9536869	2.1615524	0.012232728	0.23419288	5368.0	1.0
SPIKE	S25:A>G	0	1328	0.0	-1.0	0.0	FALSE	C	7.0992064E-5	1.0	0.17396745	0.68311954	4.968784	0.022969982	0.042723067	5368.0	1.0
SPIKE	S25:A>T	0	1328	0.0	-1.0	0.0	FALSE	C	0.0	0.0	1.0	1.0	0.50776917	0.119989105	0.17861038	5368.0	1.0
SPIKE	S26:T>A	0	1328	0.0	-1.0	0.0	TRUE	T	0.0	0.0	1.0	1.0	0.50776917	0.025200367	0.045151416	5368.0	1.0
SPIKE	S26:T>G	0	1328	0.0	-1.0	0.0	TRUE	T	6.343184E-5	0.0	0.5418571	0.711413	2.1615524	0.0850626	0.18014252	5368.0	1.0
SPIKE	S26:T>C	0	1328	0.0	-1.0	0.0	TRUE	T	9.149574E-5	8.0	0.22324482	0.6119228	4.968784	0.03148217	0.051780976	5368.0	1.0
SPIKE	S27:G>A	0	1328	0.0	-1.0	0.0	TRUE	G	5.532635E-5	0.0	0.29083398	0.7430501	3.43569	0.030155616	0.053912617	5368.0	1.0
SPIKE	S27:G>C	0	1328	0.0	-1.0	0.0	TRUE	G	1.0150939E-5	0.0	0.82730234	0.9469678	1.0839974	0.07200946	0.079027876	5368.0	1.0
SPIKE	S27:G>T	0	1328	0.0	-1.0	0.0	TRUE	G	0.0	2.0	1.0	1.0	1.8721529	0.121029906	0.0679352	5368.0	1.0
SPIKE	S28:G>A	0	1328	0.0	-1.0	0.0	TRUE	G	5.532635E-5	5.0	0.29083398	0.7430501	3.43569	0.030155616	0.053912617	5368.0	1.0
SPIKE	S28:G>C	0	1328	0.0	-1.0	0.0	TRUE	G	1.0150939E-5	0.0	0.82730234	0.9469678	1.0839974	0.07200946	0.079027876	5368.0	1.0
SPIKE	S28:G>T	0	1328	0.0	-1.0	0.0	TRUE	G	0.0	0.0	1.0	1.0	1.8721529	0.121029906	0.0679352	5368.0	1.0
SPIKE	S29:G>A	0	1328	0.0	-1.0	0.0	TRUE	G	5.532635E-5	1.0	0.29083398	0.7430501	3.43569	0.030155616	0.053912617	5368.0	1.0
SPIKE	S29:G>C	0	1328	0.0	-1.0	0.0	TRUE	G	1.0150939E-5	0.0	0.82730234	0.9469678	1.0839974	0.07200946	0.079027876	5368.0	1.0
SPIKE	S29:G>T	0	1328	0.0	-1.0	0.0	TRUE	G	0.0	0.0	1.0	1.0	1.8721529	0.121029906	0.0679352	5368.0	1.0
SPIKE	S30:A>G	0	1328	0.0	-1.0	0.0	TRUE	A	7.0992064E-5	8.0	0.17396745	0.68311954	4.968784	0.022969982	0.042723067	5368.0	1.0
SPIKE	S30:A>C	0	1328	0.0	-1.0	0.0	TRUE	A	8.833806E-6	1.0	0.55633336	0.9536869	2.1615524	0.012232728	0.23419288	5368.0	1.0
SPIKE	S30:A>T	0	1328	0.0	-1.0	0.0	TRUE	A	0.0	0.0	1.0	1.0	0.50776917	0.119989105	0.17861038	5368.0	1.0
SPIKE	S31:T>A	0	1328	0.0	-1.0	0.0	TRUE	T	0.0	2.0	1.0	1.0	0.50776917	0.025200367	0.045151416	5368.0	1.0
SPIKE	S31:T>G	0	1328	0.0	-1.0	0.0	TRUE	T	6.343184E-5	0.0	0.5418571	0.711413	2.1615524	0.0850626	0.18014252	5368.0	1.0
SPIKE	S31:T>C	0	1328	0.0	-1.0	0.0	TRUE	T	9.149574E-5	5.0	0.22324482	0.6119228	4.968784	0.03148217	0.051780976	5368.0	1.0
SPIKE	S32:C>A	0	1328	0.0	-1.0	0.0	TRUE	C	2.22005E-5	0.0	0.34550375	0.88765484	1.8721529	0.024060927	0.09291517	5368.0	1.0
SPIKE	S32:C>G	0	1328	0.0	-1.0	0.0	TRUE	C	3.4152257E-5	0.0	0.35983333	0.83249396	1.0839974	0.06535761	0.43512025	5368.0	1.0
SPIKE	S32:C>T	0	1328	0.0	-1.0	0.0	TRUE	C	8.165428E-5	4.0	0.21907194	0.6451192	3.43569	0.04041588	0.15122016	5368.0	1.0
SPIKE	S33:C>A	0	1328	0.0	-1.0	0.0	TRUE	C	2.22005E-5	0.0	0.34550375	0.88765484	1.8721529	0.024060927	0.09291517	5368.0	1.0
SPIKE	S33:C>G	0	1328	0.0	-1.0	0.0	TRUE	C	3.4152257E-5	0.0	0.35983333	0.83249396	1.0839974	0.06535761	0.43512025	5368.0	1.0
SPIKE	S33:C>T	0	1328	0.0	-1.0	0.0	TRUE	C	8.165428E-5	4.0	0.21907194	0.6451192	3.43569	0.04041588	0.15122016	5368.0	1.0
SPIKE	S34:A>G	0	1328	0.0	-1.0	0.0	TRUE	A	7.0992064E-5	1.0	0.17396745	0.68311954	4.968784	0.022969982	0.042723067	5368.0	1.0
SPIKE	S34:A>C	0	1328	0.0	-1.0	0.0	TRUE	A	8.833806E-6	2.0	0.55633336	0.9536869	2.1615524	0.012232728	0.23419288	5368.0	1.0
SPIKE	S34:A>T	0	1328	0.0	-1.0	0.0	TRUE	A	0.0	1.0	1.0	1.0	0.50776917	0.119989105	0.17861038	5368.0	1.0
SPIKE	S35:T>A	0	1328	0.0	-1.0	0.0	TRUE	T	0.0	2.0	1.0	1.0	0.50776917	0.025200367	0.045151416	5368.0	1.0
SPIKE	S35:T>G	0	1328	0.0	-1.0	0.0	TRUE	T	6.343184E-5	0.0	0.5418571	0.711413	2.1615524	0.0850626	0.18014252	5368.0	1.0
SPIKE	S35:T>C	0	1328	0.0	-1.0	0.0	TRUE	T	9.149574E-5	5.0	0.22324482	0.6119228	4.968784	0.03148217	0.051780976	5368.0	1.0
SPIKE	S36:T>A	0	1328	0.0	-1.0	0.0	TRUE	T	0.0	0.0	1.0	1.0	0.50776917	0.025200367	0.045151416	5368.0	1.0
SPIKE	S36:T>G	0	1328	0.0	-1.0	0.0	TRUE	T	6.343184E-5	0.0	0.5418571	0.711413	2.1615524	0.0850626	0.18014252	5368.0	1.0
SPIKE	S36:T>C	0	1328	0.0	-1.0	0.0	TRUE	T	9.149574E-5	1.0	0.22324482	0.6119228	4.968784	0.03148217	0.051780976	5368.0	1.0
SPIKE	S37:A>G	0	1328	0.0	-1.0	0.0	TRUE	A	7.0992064E-5	3.0	0.17396745	0.68311954	4.968784	0.022969982	0.042723067	5368.0	1.0
SPIKE	S37:A>C	0	1328	0.0	-1.0	0.0	TRUE	A	8.833806E-6	0.0	0.55633336	0.9536869	2.1615524	0.012232728	0.23419288	5368.0	1.0
SPIKE	S37:A>T	0	1328	0.0	-1.0	0.0	TRUE	A	0.0	2.0	1.0	1.0	0.50776917	0.119989105	0.17861038	5368.0	1.0
SPIKE	S38:T>A	0	1328	0.0	-1.0	0.0	TRUE	T	0.0	2.0	1.0	1.0	0.50776917	0.025200367	0.045151416	5368.0	1.0
SPIKE	S38:T>G	0	1328	0.0	-1.0	0.0	TRUE	T	6.343184E-5	1.0	0.5418571	0.711413	2.1615524	0.0850626	0.18014252	5368.0	1.0
SPIKE	S38:T>C	0	1328	0.0	-1.0	0.0	TRUE	T	9.149574E-5	2.0	0.22324482	0.6119228	4.968784	0.03148217	0.051780976	5368.0	1.0
SPIKE	S39:C>A	0	1328	0.0	-1.0	0.0	TRUE	C	2.22005E-5	0.0	0.34550375	0.88765484	1.8721529	0.024060927	0.09291517	5368.0	1.0
SPIKE	S39:C>G	0	1328	0.0	-1.0	0.0	TRUE	C	3.4152257E-5	1.0	0.35983333	0.83249396	1.0839974	0.06535761	0.43512025	5368.0	1.0
SPIKE	S39:C>T	0	1328	0.0	-1.0	0.0	TRUE	C	8.165428E-5	4.0	0.21907194	0.6451192	3.43569	0.04041588	0.15122016	5368.0	1.0
SPIKE	S40:G>A	0	1328	0.0	-1.0	0.0	TRUE	G	5.532635E-5	4.0	0.29083398	0.7430501	3.43569	0.030155616	0.053912617	5368.0	1.0
SPIKE	S40:G>C	0	1328	0.0	-1.0	0.0	TRUE	G	1.0150939E-5	2.0	0.82730234	0.9469678	1.0839974	0.07200946	0.079027876	5368.0	1.0
SPIKE	S40:G>T	0	1328	0.0	-1.0	0.0	TRUE	G	0.0	0.0	1.0	1.0	1.8721529	0.121029906	0.0679352	5368.0	1.0
SPIKE	S41:G>A	0	1328	0.0	-1.0	0.0	TRUE	G	5.532635E-5	2.0	0.29083398	0.7430501	3.43569	0.030155616	0.053912617	5368.0	1.0
SPIKE	S41:G>C	0	1328	0.0	-1.0	0.0	TRUE	G	1.0150939E-5	0.0	0.82730234	0.9469678	1.0839974	0.07200946	0.079027876	5368.0	1.0
SPIKE	S41:G>T	0	1328	0.0	-1.0	0.0	TRUE	G	0.0	0.0	1.0	1.0	1.8721529	0.121029906	0.0679352	5368.0	1.0
SPIKE	S42:C>A	0	1328	0.0	-1.0	0.0	TRUE	C	2.22005E-5	1.0	0.34550375	0.88765484	1.8721529	0.024060927	0.09291517	5368.0	1.0
SPIKE	S42:C>G	0	1328	0.0	-1.0	0.0	TRUE	C	3.4152257E-5	3.0	0.35983333	0.83249396	1.0839974	0.06535761	0.43512025	5368.0	1.0
SPIKE	S42:C>T	0	1328	0.0	-1.0	0.0	TRUE	C	8.165428E-5	7.0	0.21907194	0.6451192	3.43569	0.04041588	0.15122016	5368.0	1.0
SPIKE	S43:G>A	0	1328	0.0	-1.0	0.0	TRUE	G	5.532635E-5	4.0	0.29083398	0.7430501	3.43569	0.030155616	0.053912617	5368.0	1.0
SPIKE	S43:G>C	0	1328	0.0	-1.0	0.0	TRUE	G	1.0150939E-5	2.0	0.82730234	0.9469678	1.0839974	0.07200946	0.079027876	5368.0	1.0
SPIKE	S43:G>T	0	1328	0.0	-1.0	0.0	TRUE	G	0.0	0.0	1.0	1.0	1.8721529	0.121029906	0.0679352	5368.0	1.0
SPIKE	S44:G>A	1	1328	7.53012E-4	-1.0	40.0	TRUE	G	5.532635E-5	8.0	0.29083398	0.7430501	3.43569	0.030155616	0.053912617	5368.0	1.0
SPIKE	S44:G>C	0	1328	0.0	-1.0	0.0	TRUE	G	1.0150939E-5	0.0	0.82730234	0.9469678	1.0839974	0.07200946	0.079027876	5368.0	1.0
SPIKE	S44:G>T	0	1328	0.0	-1.0	0.0	TRUE	G	0.0	0.0	1.0	1.0	1.8721529	0.121029906	0.0679352	5368.0	1.0
SPIKE	S45:C>A	0	1328	0.0	-1.0	0.0	TRUE	C	2.22005E-5	0.0	0.34550375	0.88765484	1.8721529	0.024060927	0.09291517	5368.0	1.0
SPIKE	S45:C>G	0	1328	0.0	-1.0	0.0	TRUE	C	3.4152257E-5	2.0	0.35983333	0.83249396	1.0839974	0.06535761	0.43512025	5368.0	1.0
SPIKE	S45:C>T	0	1328	0.0	-1.0	0.0	TRUE	C	8.165428E-5	2.0	0.21907194	0.6451192	3.43569	0.04041588	0.15122016	5368.0	1.0
SPIKE	S46:G>T	1	1328	7.53012E-4	-1.0	40.0	TRUE	G	0.0	0.0	1.0	1.0	1.8721529	0.121029906	0.0679352	5368.0	1.0
SPIKE	S46:G>A	0	1328	0.0	-1.0	0.0	TRUE	G	5.532635E-5	6.0	0.29083398	0.7430501	3.43569	0.030155616	0.053912617	5368.0	1.0
SPIKE	S46:G>C	0	1328	0.0	-1.0	0.0	TRUE	G	1.0150939E-5	2.0	0.82730234	0.9469678	1.0839974	0.07200946	0.079027876	5368.0	1.0
SPIKE	S47:A>G	0	1328	0.0	-1.0	0.0	TRUE	A	7.0992064E-5	2.0	0.17396745	0.68311954	4.968784	0.022969982	0.042723067	5368.0	1.0
SPIKE	S47:A>C	0	1328	0.0	-1.0	0.0	TRUE	A	8.833806E-6	0.0	0.55633336	0.9536869	2.1615524	0.012232728	0.23419288	5368.0	1.0
SPIKE	S47:A>T	0	1328	0.0	-1.0	0.0	TRUE	A	0.0	0.0	1.0	1.0	0.50776917	0.119989105	0.17861038	5368.0	1.0
SPIKE	S48:A>G	0	1328	0.0	-1.0	0.0	TRUE	A	7.0992064E-5	0.0	0.17396745	0.68311954	4.968784	0.022969982	0.042723067	5368.0	1.0
SPIKE	S48:A>C	0	1328	0.0	-1.0	0.0	TRUE	A	8.833806E-6	0.0	0.55633336	0.9536869	2.1615524	0.012232728	0.23419288	5368.0	1.0
SPIKE	S48:A>T	0	1328	0.0	-1.0	0.0	TRUE	A	0.0	1.0	1.0	1.0	0.50776917	0.119989105	0.17861038	5368.0	1.0
SPIKE	S49:T>A	0	1328	0.0	-1.0	0.0	TRUE	T	0.0	2.0	1.0	1.0	0.50776917	0.025200367	0.045151416	5368.0	1.0
SPIKE	S49:T>G	0	1328	0.0	-1.0	0.0	TRUE	T	6.343184E-5	0.0	0.5418571	0.711413	2.1615524	0.0850626	0.18014252	5368.0	1.0
SPIKE	S49:T>C	0	1328	0.0	-1.0	0.0	TRUE	T	9.149574E-5	0.0	0.22324482	0.6119228	4.968784	0.03148217	0.051780976	5368.0	1.0
SPIKE	S50:T>A	0	1328	0.0	-1.0	0.0	TRUE	T	0.0	0.0	1.0	1.0	0.50776917	0.025200367	0.045151416	5368.0	1.0
SPIKE	S50:T>G	0	1328	0.0	-1.0	0.0	TRUE	T	6.343184E-5	0.0	0.5418571	0.711413	2.1615524	0.0850626	0.18014252	5368.0	1.0
SPIKE	S50:T>C	0	1328	0.0	-1.0	0.0	TRUE	T	9.149574E-5	0.0	0.22324482	0.6119228	4.968784	0.03148217	0.051780976	5368.0	1.0
SPIKE	S51:T>A	0	1328	0.0	-1.0	0.0	TRUE	T	0.0	0.0	1.0	1.0	0.50776917	0.025200367	0.045151416	5368.0	1.0
SPIKE	S51:T>G	0	1328	0.0	-1.0	0.0	TRUE	T	6.343184E-5	0.0	0.5418571	0.711413	2.1615524	0.0850626	0.18014252	5368.0	1.0
SPIKE	S51:T>C	0	1328	0.0	-1.0	0.0	TRUE	T	9.149574E-5	2.0	0.22324482	0.6119228	4.968784	0.03148217	0.051780976	5368.0	1.0
SPIKE	S52:A>G	0	1328	0.0	-1.0	0.0	TRUE	A	7.0992064E-5	0.0	0.17396745	0.68311954	4.968784	0.022969982	0.042723067	5368.0	1.0
SPIKE	S52:A>C	0	1328	0.0	-1.0	0.0	TRUE	A	8.833806E-6	4.0	0.55633336	0.9536869	2.1615524	0.012232728	0.23419288	5368.0	1.0
SPIKE	S52:A>T	0	1328	0.0	-1.0	0.0	TRUE	A	0.0	0.0	1.0	1.0	0.50776917	0.119989105	0.17861038	5368.0	1.0
SPIKE	S53:C>A	0	1328	0.0	-1.0	0.0	TRUE	C	2.22005E-5	1.0	0.34550375	0.88765484	1.8721529	0.024060927	0.09291517	5368.0	1.0
SPIKE	S53:C>G	0	1328	0.0	-1.0	0.0	TRUE	C	3.4152257E-5	0.0	0.35983333	0.83249396	1.0839974	0.06535761	0.43512025	5368.0	1.0
SPIKE	S53:C>T	0	1328	0.0	-1.0	0.0	TRUE	C	8.165428E-5	2.0	0.21907194	0.6451192	3.43569	0.04041588	0.15122016	5368.0	1.0
SPIKE	S54:C>T	1	1328	7.53012E-4	-1.0	40.0	TRUE	C	8.165428E-5	4.0	0.21907194	0.6451192	3.43569	0.04041588	0.15122016	5368.0	1.0
SPIKE	S54:C>A	0	1328	0.0	-1.0	0.0	TRUE	C	2.22005E-5	0.0	0.34550375	0.88765484	1.8721529	0.024060927	0.09291517	5368.0	1.0
SPIKE	S54:C>G	0	1328	0.0	-1.0	0.0	TRUE	C	3.4152257E-5	0.0	0.35983333	0.83249396	1.0839974	0.06535761	0.43512025	5368.0	1.0
SPIKE	S55:A>G	0	1328	0.0	-1.0	0.0	TRUE	A	4.4291603E-4	31.0	0.17396745	0.09277544	4.968784	0.022969982	0.042723067	5368.0	0.0
SPIKE	S55:A>C	0	1328	0.0	-1.0	0.0	TRUE	A	7.356218E-5	18.0	0.55633336	0.6737597	2.1615524	0.012232728	0.23419288	5368.0	0.0
SPIKE	S55:A>T	0	1328	0.0	-1.0	0.0	TRUE	A	0.0	0.0	1.0	1.0	0.50776917	0.119989105	0.17861038	5368.0	1.0
SPIKE	S56:C>A	0	1328	0.0	-1.0	0.0	TRUE	C	2.22005E-5	2.0	0.34550375	0.88765484	1.8721529	0.024060927	0.09291517	5368.0	1.0
SPIKE	S56:C>G	0	1328	0.0	-1.0	0.0	TRUE	C	3.4152257E-5	0.0	0.35983333	0.83249396	1.0839974	0.06535761	0.43512025	5368.0	1.0
SPIKE	S56:C>T	0	1328	0.0	-1.0	0.0	TRUE	C	8.165428E-5	1.0	0.21907194	0.6451192	3.43569	0.04041588	0.15122016	5368.0	1.0
SPIKE	S57:C>A	0	1328	0.0	-1.0	0.0	TRUE	C	2.22005E-5	0.0	0.34550375	0.88765484	1.8721529	0.024060927	0.09291517	5368.0	1.0
SPIKE	S57:C>G	0	1328	0.0	-1.0	0.0	TRUE	C	3.4152257E-5	0.0	0.35983333	0.83249396	1.0839974	0.06535761	0.43512025	5368.0	1.0
SPIKE	S57:C>T	0	1328	0.0	-1.0	0.0	TRUE	C	8.165428E-5	3.0	0.21907194	0.6451192	3.43569	0.04041588	0.15122016	5368.0	1.0
SPIKE	S58:A>G	0	1328	0.0	-1.0	0.0	TRUE	A	7.0992064E-5	5.0	0.17396745	0.68311954	4.968784	0.022969982	0.042723067	5368.0	1.0
SPIKE	S58:A>C	0	1328	0.0	-1.0	0.0	TRUE	A	8.833806E-6	2.0	0.55633336	0.9536869	2.1615524	0.012232728	0.23419288	5368.0	1.0
SPIKE	S58:A>T	0	1328	0.0	-1.0	0.0	TRUE	A	0.0	0.0	1.0	1.0	0.50776917	0.119989105	0.17861038	5368.0	1.0
SPIKE	S59:T>A	1	1328	7.53012E-4	-1.0	40.0	TRUE	T	0.0	2.0	1.0	1.0	0.50776917	0.025200367	0.045151416	5368.0	1.0
SPIKE	S59:T>G	0	1328	0.0	-1.0	0.0	TRUE	T	6.343184E-5	0.0	0.5418571	0.711413	2.1615524	0.0850626	0.18014252	5368.0	1.0
SPIKE	S59:T>C	0	1328	0.0	-1.0	0.0	TRUE	T	9.149574E-5	3.0	0.22324482	0.6119228	4.968784	0.03148217	0.051780976	5368.0	1.0
SPIKE	S60:T>C	1	1328	7.53012E-4	-1.0	40.0	TRUE	T	9.149574E-5	1.0	0.22324482	0.6119228	4.968784	0.03148217	0.051780976	5368.0	1.0
SPIKE	S60:T>A	0	1328	0.0	-1.0	0.0	TRUE	T	0.0	0.0	1.0	1.0	0.50776917	0.025200367	0.045151416	5368.0	1.0
SPIKE	S60:T>G	0	1328	0.0	-1.0	0.0	TRUE	T	6.343184E-5	0.0	0.5418571	0.711413	2.1615524	0.0850626	0.18014252	5368.0	1.0
SPIKE	S61:G>A	1	1328	7.53012E-4	-1.0	40.0	TRUE	G	5.532635E-5	1.0	0.29083398	0.7430501	3.43569	0.030155616	0.053912617	5368.0	1.0
SPIKE	S61:G>C	0	1328	0.0	-1.0	0.0	TRUE	G	1.0150939E-5	0.0	0.82730234	0.9469678	1.0839974	0.07200946	0.079027876	5368.0	1.0
SPIKE	S61:G>T	0	1328	0.0	-1.0	0.0	TRUE	G	0.0	2.0	1.0	1.0	1.8721529	0.121029906	0.0679352	5368.0	1.0
SPIKE	S62:A>G	0	1328	0.0	-1.0	0.0	TRUE	A	7.0992064E-5	2.0	0.17396745	0.68311954	4.968784	0.022969982	0.042723067	5368.0	1.0
SPIKE	S62:A>C	0	1328	0.0	-1.0	0.0	TRUE	A	8.833806E-6	0.0	0.55633336	0.9536869	2.1615524	0.012232728	0.23419288	5368.0	1.0
SPIKE	S62:A>T	0	1328	0.0	-1.0	0.0	TRUE	A	0.0	0.0	1.0	1.0	0.50776917	0.119989105	0.17861038	5368.0	1.0
SPIKE	S63:A>G	0	1328	0.0	-1.0	0.0	TRUE	A	7.0992064E-5	3.0	0.17396745	0.68311954	4.968784	0.022969982	0.042723067	5368.0	1.0
SPIKE	S63:A>C	0	1328	0.0	-1.0	0.0	TRUE	A	8.833806E-6	0.0	0.55633336	0.9536869	2.1615524	0.012232728	0.23419288	5368.0	1.0
SPIKE	S63:A>T	0	1328	0.0	-1.0	0.0	TRUE	A	0.0	0.0	1.0	1.0	0.50776917	0.119989105	0.17861038	5368.0	1.0
SPIKE	S64:A>G	0	1328	0.0	-1.0	0.0	TRUE	A	7.0992064E-5	6.0	0.17396745	0.68311954	4.968784	0.022969982	0.042723067	5368.0	1.0
SPIKE	S64:A>C	0	1328	0.0	-1.0	0.0	TRUE	A	8.833806E-6	1.0	0.55633336	0.9536869	2.1615524	0.012232728	0.23419288	5368.0	1.0
SPIKE	S64:A>T	0	1328	0.0	-1.0	0.0	TRUE	A	0.0	0.0	1.0	1.0	0.50776917	0.119989105	0.17861038	5368.0	1.0
SPIKE	S65:A>G	0	1328	0.0	-1.0	0.0	TRUE	A	7.0992064E-5	6.0	0.17396745	0.68311954	4.968784	0.022969982	0.042723067	5368.0	1.0
SPIKE	S65:A>C	0	1328	0.0	-1.0	0.0	TRUE	A	6.947539E-5	17.0	0.55633336	0.6887039	2.1615524	0.012232728	0.23419288	5368.0	0.0
SPIKE	S65:A>T	0	1328	0.0	-1.0	0.0	TRUE	A	0.0	0.0	1.0	1.0	0.50776917	0.119989105	0.17861038	5368.0	1.0
SPIKE	S66:C>A	0	1328	0.0	-1.0	0.0	TRUE	C	2.22005E-5	1.0	0.34550375	0.88765484	1.8721529	0.024060927	0.09291517	5368.0	1.0
SPIKE	S66:C>G	0	1328	0.0	-1.0	0.0	TRUE	C	3.4152257E-5	0.0	0.35983333	0.83249396	1.0839974	0.06535761	0.43512025	5368.0	1.0
SPIKE	S66:C>T	0	1328	0.0	-1.0	0.0	TRUE	C	8.165428E-5	4.0	0.21907194	0.6451192	3.43569	0.04041588	0.15122016	5368.0	1.0
SPIKE	S67:C>A	0	1328	0.0	-1.0	0.0	TRUE	C	2.22005E-5	2.0	0.34550375	0.88765484	1.8721529	0.024060927	0.09291517	5368.0	1.0
SPIKE	S67:C>G	0	1328	0.0	-1.0	0.0	TRUE	C	3.4152257E-5	0.0	0.35983333	0.83249396	1.0839974	0.06535761	0.43512025	5368.0	1.0
SPIKE	S67:C>T	0	1328	0.0	-1.0	0.0	TRUE	C	8.165428E-5	3.0	0.21907194	0.6451192	3.43569	0.04041588	0.15122016	5368.0	1.0
SPIKE	S68:A>T	1	1328	7.53012E-4	-1.0	40.0	TRUE	A	0.0	0.0	1.0	1.0	0.50776917	0.119989105	0.17861038	5368.0	1.0
SPIKE	S68:A>G	0	1328	0.0	-1.0	0.0	TRUE	A	2.5717705E-4	18.0	0.17396745	0.25144616	4.968784	0.022969982	0.042723067	5368.0	0.0
SPIKE	S68:A>C	0	1328	0.0	-1.0	0.0	TRUE	A	8.833806E-6	0.0	0.55633336	0.9536869	2.1615524	0.012232728	0.23419288	5368.0	1.0
SPIKE	S69:G>A	0	1328	0.0	-1.0	0.0	TRUE	G	5.532635E-5	1.0	0.29083398	0.7430501	3.43569	0.030155616	0.053912617	5368.0	1.0
SPIKE	S69:G>C	0	1328	0.0	-1.0	0.0	TRUE	G	1.0150939E-5	2.0	0.82730234	0.9469678	1.0839974	0.07200946	0.079027876	5368.0	1.0
SPIKE	S69:G>T	0	1328	0.0	-1.0	0.0	TRUE	G	0.0	0.0	1.0	1.0	1.8721529	0.121029906	0.0679352	5368.0	1.0
SPIKE	S70:C>A	0	1328	0.0	-1.0	0.0	TRUE	C	2.22005E-5	1.0	0.34550375	0.88765484	1.8721529	0.024060927	0.09291517	5368.0	1.0
SPIKE	S70:C>G	0	1328	0.0	-1.0	0.0	TRUE	C	3.4152257E-5	0.0	0.35983333	0.83249396	1.0839974	0.06535761	0.43512025	5368.0	1.0
SPIKE	S70:C>T	0	1328	0.0	-1.0	0.0	TRUE	C	2.3766486E-4	10.0	0.21907194	0.2792117	3.43569	0.04041588	0.15122016	5368.0	0.0
SPIKE	S71:C>A	1	1328	7.53012E-4	-1.0	40.0	TRUE	C	2.22005E-5	0.0	0.34550375	0.88765484	1.8721529	0.024060927	0.09291517	5368.0	1.0
SPIKE	S71:C>G	0	1328	0.0	-1.0	0.0	TRUE	C	3.4152257E-5	3.0	0.35983333	0.83249396	1.0839974	0.06535761	0.43512025	5368.0	1.0
SPIKE	S71:C>T	0	1328	0.0	-1.0	0.0	TRUE	C	8.165428E-5	4.0	0.21907194	0.6451192	3.43569	0.04041588	0.15122016	5368.0	1.0
SPIKE	S72:G>A	0	1328	0.0	-1.0	0.0	TRUE	G	5.532635E-5	3.0	0.29083398	0.7430501	3.43569	0.030155616	0.053912617	5368.0	1.0
SPIKE	S72:G>C	0	1328	0.0	-1.0	0.0	TRUE	G	1.0150939E-5	0.0	0.82730234	0.9469678	1.0839974	0.07200946	0.079027876	5368.0	1.0
SPIKE	S72:G>T	0	1328	0.0	-1.0	0.0	TRUE	G	0.0	2.0	1.0	1.0	1.8721529	0.121029906	0.0679352	5368.0	1.0
SPIKE	S73:T>A	0	1328	0.0	-1.0	0.0	TRUE	T	0.0	0.0	1.0	1.0	0.50776917	0.025200367	0.045151416	5368.0	1.0
SPIKE	S73:T>G	0	1328	0.0	-1.0	0.0	TRUE	T	6.343184E-5	3.0	0.5418571	0.711413	2.1615524	0.0850626	0.18014252	5368.0	1.0
SPIKE	S73:T>C	0	1328	0.0	-1.0	0.0	TRUE	T	2.7621168E-4	15.0	0.22324482	0.22702292	4.968784	0.03148217	0.051780976	5368.0	0.0
SPIKE	S74:G>A	0	1328	0.0	-1.0	0.0	TRUE	G	5.532635E-5	2.0	0.29083398	0.7430501	3.43569	0.030155616	0.053912617	5368.0	1.0
SPIKE	S74:G>C	0	1328	0.0	-1.0	0.0	TRUE	G	1.0150939E-5	0.0	0.82730234	0.9469678	1.0839974	0.07200946	0.079027876	5368.0	1.0
SPIKE	S74:G>T	0	1328	0.0	-1.0	0.0	TRUE	G	0.0	0.0	1.0	1.0	1.8721529	0.121029906	0.0679352	5368.0	1.0
SPIKE	S75:G>A	0	1328	0.0	-1.0	0.0	TRUE	G	5.532635E-5	3.0	0.29083398	0.7430501	3.43569	0.030155616	0.053912617	5368.0	1.0
SPIKE	S75:G>C	0	1328	0.0	-1.0	0.0	TRUE	G	1.0150939E-5	0.0	0.82730234	0.9469678	1.0839974	0.07200946	0.079027876	5368.0	1.0
SPIKE	S75:G>T	0	1328	0.0	-1.0	0.0	TRUE	G	0.0	1.0	1.0	1.0	1.8721529	0.121029906	0.0679352	5368.0	1.0
SPIKE	S76:T>A	0	1328	0.0	-1.0	0.0	TRUE	T	0.0	0.0	1.0	1.0	0.50776917	0.025200367	0.045151416	5368.0	1.0
SPIKE	S76:T>G	0	1328	0.0	-1.0	0.0	TRUE	T	6.343184E-5	3.0	0.5418571	0.711413	2.1615524	0.0850626	0.18014252	5368.0	1.0
SPIKE	S76:T>C	0	1328	0.0	-1.0	0.0	TRUE	T	9.149574E-5	6.0	0.22324482	0.6119228	4.968784	0.03148217	0.051780976	5368.0	1.0
SPIKE	S77:T>A	0	1328	0.0	-1.0	0.0	TRUE	T	0.0	0.0	1.0	1.0	0.50776917	0.025200367	0.045151416	5368.0	1.0
SPIKE	S77:T>G	0	1328	0.0	-1.0	0.0	TRUE	T	6.343184E-5	0.0	0.5418571	0.711413	2.1615524	0.0850626	0.18014252	5368.0	1.0
SPIKE	S77:T>C	0	1328	0.0	-1.0	0.0	TRUE	T	9.149574E-5	1.0	0.22324482	0.6119228	4.968784	0.03148217	0.051780976	5368.0	1.0
SPIKE	S78:T>A	0	1328	0.0	-1.0	0.0	TRUE	T	0.0	0.0	1.0	1.0	0.50776917	0.025200367	0.045151416	5368.0	1.0
SPIKE	S78:T>G	0	1328	0.0	-1.0	0.0	TRUE	T	6.343184E-5	3.0	0.5418571	0.711413	2.1615524	0.0850626	0.18014252	5368.0	1.0
SPIKE	S78:T>C	0	1328	0.0	-1.0	0.0	TRUE	T	9.149574E-5	0.0	0.22324482	0.6119228	4.968784	0.03148217	0.051780976	5368.0	1.0
SPIKE	S79:G>A	0	1328	0.0	-1.0	0.0	TRUE	G	5.532635E-5	1.0	0.29083398	0.7430501	3.43569	0.030155616	0.053912617	5368.0	1.0
SPIKE	S79:G>C	0	1328	0.0	-1.0	0.0	TRUE	G	1.0150939E-5	2.0	0.82730234	0.9469678	1.0839974	0.07200946	0.079027876	5368.0	1.0
SPIKE	S79:G>T	0	1328	0.0	-1.0	0.0	TRUE	G	0.0	0.0	1.0	1.0	1.8721529	0.121029906	0.0679352	5368.0	1.0
SPIKE	S80:C>T	1	1328	7.53012E-4	-1.0	40.0	TRUE	C	8.165428E-5	6.0	0.21907194	0.6451192	3.43569	0.04041588	0.15122016	5368.0	1.0
SPIKE	S80:C>A	0	1328	0.0	-1.0	0.0	TRUE	C	2.22005E-5	0.0	0.34550375	0.88765484	1.8721529	0.024060927	0.09291517	5368.0	1.0
SPIKE	S80:C>G	0	1328	0.0	-1.0	0.0	TRUE	C	3.4152257E-5	2.0	0.35983333	0.83249396	1.0839974	0.06535761	0.43512025	5368.0	1.0
SPIKE	S81:G>A	0	1328	0.0	-1.0	0.0	TRUE	G	5.532635E-5	1.0	0.29083398	0.7430501	3.43569	0.030155616	0.053912617	5368.0	1.0
SPIKE	S81:G>C	0	1328	0.0	-1.0	0.0	TRUE	G	1.0150939E-5	0.0	0.82730234	0.9469678	1.0839974	0.07200946	0.079027876	5368.0	1.0
SPIKE	S81:G>T	0	1328	0.0	-1.0	0.0	TRUE	G	0.0	0.0	1.0	1.0	1.8721529	0.121029906	0.0679352	5368.0	1.0
SPIKE	S82:G>A	0	1328	0.0	-1.0	0.0	TRUE	G	5.532635E-5	3.0	0.29083398	0.7430501	3.43569	0.030155616	0.053912617	5368.0	1.0
SPIKE	S82:G>C	0	1328	0.0	-1.0	0.0	TRUE	G	1.0150939E-5	2.0	0.82730234	0.9469678	1.0839974	0.07200946	0.079027876	5368.0	1.0
SPIKE	S82:G>T	0	1328	0.0	-1.0	0.0	TRUE	G	0.0	0.0	1.0	1.0	1.8721529	0.121029906	0.0679352	5368.0	1.0
SPIKE	S83:C>A	0	1328	0.0	-1.0	0.0	TRUE	C	2.22005E-5	0.0	0.34550375	0.88765484	1.8721529	0.024060927	0.09291517	5368.0	1.0
SPIKE	S83:C>G	0	1328	0.0	-1.0	0.0	TRUE	C	3.4152257E-5	2.0	0.35983333	0.83249396	1.0839974	0.06535761	0.43512025	5368.0	1.0
SPIKE	S83:C>T	0	1328	0.0	-1.0	0.0	TRUE	C	8.165428E-5	2.0	0.21907194	0.6451192	3.43569	0.04041588	0.15122016	5368.0	1.0
SPIKE	S84:G>A	0	1328	0.0	-1.0	0.0	TRUE	G	5.532635E-5	2.0	0.29083398	0.7430501	3.43569	0.030155616	0.053912617	5368.0	1.0
SPIKE	S84:G>C	0	1328	0.0	-1.0	0.0	TRUE	G	1.0150939E-5	0.0	0.82730234	0.9469678	1.0839974	0.07200946	0.079027876	5368.0	1.0
SPIKE	S84:G>T	0	1328	0.0	-1.0	0.0	TRUE	G	0.0	0.0	1.0	1.0	1.8721529	0.121029906	0.0679352	5368.0	1.0
SPIKE	S85:A>G	0	1328	0.0	-1.0	0.0	TRUE	A	7.0992064E-5	1.0	0.17396745	0.68311954	4.968784	0.022969982	0.042723067	5368.0	1.0
SPIKE	S85:A>C	0	1328	0.0	-1.0	0.0	TRUE	A	8.833806E-6	0.0	0.55633336	0.9536869	2.1615524	0.012232728	0.23419288	5368.0	1.0
SPIKE	S85:A>T	0	1328	0.0	-1.0	0.0	TRUE	A	0.0	3.0	1.0	1.0	0.50776917	0.119989105	0.17861038	5368.0	1.0
SPIKE	S86:T>A	0	1328	0.0	-1.0	0.0	TRUE	T	0.0	0.0	1.0	1.0	0.50776917	0.025200367	0.045151416	5368.0	1.0
SPIKE	S86:T>G	0	1328	0.0	-1.0	0.0	TRUE	T	6.343184E-5	1.0	0.5418571	0.711413	2.1615524	0.0850626	0.18014252	5368.0	1.0
SPIKE	S86:T>C	0	1328	0.0	-1.0	0.0	TRUE	T	9.149574E-5	5.0	0.22324482	0.6119228	4.968784	0.03148217	0.051780976	5368.0	1.0
SPIKE	S87:T>A	0	1328	0.0	-1.0	0.0	TRUE	T	0.0	0.0	1.0	1.0	0.50776917	0.025200367	0.045151416	5368.0	1.0
SPIKE	S87:T>G	0	1328	0.0	-1.0	0.0	TRUE	T	6.343184E-5	0.0	0.5418571	0.711413	2.1615524	0.0850626	0.18014252	5368.0	1.0
SPIKE	S87:T>C	0	1328	0.0	-1.0	0.0	TRUE	T	9.149574E-5	0.0	0.22324482	0.6119228	4.968784	0.03148217	0.051780976	5368.0	1.0
SPIKE	S88:T>A	0	1328	0.0	-1.0	0.0	TRUE	T	0.0	2.0	1.0	1.0	0.50776917	0.025200367	0.045151416	5368.0	1.0
SPIKE	S88:T>G	0	1328	0.0	-1.0	0.0	TRUE	T	6.343184E-5	0.0	0.5418571	0.711413	2.1615524	0.0850626	0.18014252	5368.0	1.0
SPIKE	S88:T>C	0	1328	0.0	-1.0	0.0	TRUE	T	9.149574E-5	3.0	0.22324482	0.6119228	4.968784	0.03148217	0.051780976	5368.0	1.0
SPIKE	S89:A>G	0	1328	0.0	-1.0	0.0	TRUE	A	7.0992064E-5	1.0	0.17396745	0.68311954	4.968784	0.022969982	0.042723067	5368.0	1.0
SPIKE	S89:A>C	0	1328	0.0	-1.0	0.0	TRUE	A	8.833806E-6	0.0	0.55633336	0.9536869	2.1615524	0.012232728	0.23419288	5368.0	1.0
SPIKE	S89:A>T	0	1328	0.0	-1.0	0.0	TRUE	A	0.0	2.0	1.0	1.0	0.50776917	0.119989105	0.17861038	5368.0	1.0
SPIKE	S90:T>A	0	1328	0.0	-1.0	0.0	TRUE	T	0.0	0.0	1.0	1.0	0.50776917	0.025200367	0.045151416	5368.0	1.0
SPIKE	S90:T>G	0	1328	0.0	-1.0	0.0	TRUE	T	6.343184E-5	0.0	0.5418571	0.711413	2.1615524	0.0850626	0.18014252	5368.0	1.0
SPIKE	S90:T>C	0	1328	0.0	-1.0	0.0	TRUE	T	9.149574E-5	3.0	0.22324482	0.6119228	4.968784	0.03148217	0.051780976	5368.0	1.0
SPIKE	S91:C>A	0	1328	0.0	-1.0	0.0	TRUE	C	2.22005E-5	0.0	0.34550375	0.88765484	1.8721529	0.024060927	0.09291517	5368.0	1.0
SPIKE	S91:C>G	0	1328	0.0	-1.0	0.0	TRUE	C	3.4152257E-5	2.0	0.35983333	0.83249396	1.0839974	0.06535761	0.43512025	5368.0	1.0
SPIKE	S91:C>T	0	1328	0.0	-1.0	0.0	TRUE	C	8.165428E-5	2.0	0.21907194	0.6451192	3.43569	0.04041588	0.15122016	5368.0	1.0
SPIKE	S92:G>A	0	1328	0.0	-1.0	0.0	TRUE	G	5.532635E-5	6.0	0.29083398	0.7430501	3.43569	0.030155616	0.053912617	5368.0	1.0
SPIKE	S92:G>C	0	1328	0.0	-1.0	0.0	TRUE	G	1.0150939E-5	0.0	0.82730234	0.9469678	1.0839974	0.07200946	0.079027876	5368.0	1.0
SPIKE	S92:G>T	0	1328	0.0	-1.0	0.0	TRUE	G	0.0	2.0	1.0	1.0	1.8721529	0.121029906	0.0679352	5368.0	1.0
SPIKE	S93:T>A	0	1328	0.0	-1.0	0.0	TRUE	T	0.0	0.0	1.0	1.0	0.50776917	0.025200367	0.045151416	5368.0	1.0
SPIKE	S93:T>G	0	1328	0.0	-1.0	0.0	TRUE	T	6.343184E-5	0.0	0.5418571	0.711413	2.1615524	0.0850626	0.18014252	5368.0	1.0
SPIKE	S93:T>C	0	1328	0.0	-1.0	0.0	TRUE	T	9.149574E-5	7.0	0.22324482	0.6119228	4.968784	0.03148217	0.051780976	5368.0	1.0
SPIKE	S94:C>A	0	1328	0.0	-1.0	0.0	TRUE	C	2.22005E-5	1.0	0.34550375	0.88765484	1.8721529	0.024060927	0.09291517	5368.0	1.0
SPIKE	S94:C>G	0	1328	0.0	-1.0	0.0	TRUE	C	3.4152257E-5	2.0	0.35983333	0.83249396	1.0839974	0.06535761	0.43512025	5368.0	1.0
SPIKE	S94:C>T	0	1328	0.0	-1.0	0.0	TRUE	C	8.165428E-5	4.0	0.21907194	0.6451192	3.43569	0.04041588	0.15122016	5368.0	1.0
SPIKE	S95:G>A	0	1328	0.0	-1.0	0.0	TRUE	G	5.532635E-5	2.0	0.29083398	0.7430501	3.43569	0.030155616	0.053912617	5368.0	1.0
SPIKE	S95:G>C	0	1328	0.0	-1.0	0.0	TRUE	G	1.0150939E-5	0.0	0.82730234	0.9469678	1.0839974	0.07200946	0.079027876	5368.0	1.0
SPIKE	S95:G>T	0	1328	0.0	-1.0	0.0	TRUE	G	0.0	2.0	1.0	1.0	1.8721529	0.121029906	0.0679352	5368.0	1.0
SPIKE	S96:T>A	0	1328	0.0	-1.0	0.0	TRUE	T	0.0	1.0	1.0	1.0	0.50776917	0.025200367	0.045151416	5368.0	1.0
SPIKE	S96:T>G	0	1328	0.0	-1.0	0.0	TRUE	T	6.343184E-5	0.0	0.5418571	0.711413	2.1615524	0.0850626	0.18014252	5368.0	1.0
SPIKE	S96:T>C	0	1328	0.0	-1.0	0.0	TRUE	T	9.149574E-5	7.0	0.22324482	0.6119228	4.968784	0.03148217	0.051780976	5368.0	1.0
SPIKE	S97:C>A	0	1328	0.0	-1.0	0.0	TRUE	C	2.22005E-5	3.0	0.34550375	0.88765484	1.8721529	0.024060927	0.09291517	5368.0	1.0
SPIKE	S97:C>G	0	1328	0.0	-1.0	0.0	TRUE	C	3.4152257E-5	0.0	0.35983333	0.83249396	1.0839974	0.06535761	0.43512025	5368.0	1.0
SPIKE	S97:C>T	0	1328	0.0	-1.0	0.0	TRUE	C	8.165428E-5	1.0	0.21907194	0.6451192	3.43569	0.04041588	0.15122016	5368.0	1.0
SPIKE	S98:A>G	0	1328	0.0	-1.0	0.0	TRUE	A	7.0992064E-5	3.0	0.17396745	0.68311954	4.968784	0.022969982	0.042723067	5368.0	1.0
SPIKE	S98:A>C	0	1328	0.0	-1.0	0.0	TRUE	A	8.833806E-6	0.0	0.55633336	0.9536869	2.1615524	0.012232728	0.23419288	5368.0	1.0
SPIKE	S98:A>T	0	1328	0.0	-1.0	0.0	TRUE	A	0.0	2.0	1.0	1.0	0.50776917	0.119989105	0.17861038	5368.0	1.0
SPIKE	S99:T>A	0	1328	0.0	-1.0	0.0	TRUE	T	0.0	0.0	1.0	1.0	0.50776917	0.025200367	0.045151416	5368.0	1.0
SPIKE	S99:T>G	0	1328	0.0	-1.0	0.0	TRUE	T	6.343184E-5	0.0	0.5418571	0.711413	2.1615524	0.0850626	0.18014252	5368.0	1.0
SPIKE	S99:T>C	0	1328	0.0	-1.0	0.0	TRUE	T	9.149574E-5	3.0	0.22324482	0.6119228	4.968784	0.03148217	0.051780976	5368.0	1.0
SPIKE	S100:C>A	0	1328	0.0	-1.0	0.0	TRUE	C	2.22005E-5	1.0	0.34550375	0.88765484	1.8721529	0.024060927	0.09291517	5368.0	1.0
SPIKE	S100:C>G	0	1328	0.0	-1.0	0.0	TRUE	C	3.4152257E-5	4.0	0.35983333	0.83249396	1.0839974	0.06535761	0.43512025	5368.0	1.0
SPIKE	S100:C>T	0	1328	0.0	-1.0	0.0	TRUE	C	8.165428E-5	4.0	0.21907194	0.6451192	3.43569	0.04041588	0.15122016	5368.0	1.0
SPIKE	S101:G>A	0	1328	0.0	-1.0	0.0	TRUE	G	5.532635E-5	4.0	0.29083398	0.7430501	3.43569	0.030155616	0.053912617	5368.0	1.0
SPIKE	S101:G>C	0	1328	0.0	-1.0	0.0	TRUE	G	1.0150939E-5	0.0	0.82730234	0.9469678	1.0839974	0.07200946	0.079027876	5368.0	1.0
SPIKE	S101:G>T	0	1328	0.0	-1.0	0.0	TRUE	G	0.0	2.0	1.0	1.0	1.8721529	0.121029906	0.0679352	5368.0	1.0
SPIKE	S102:T>A	0	1328	0.0	-1.0	0.0	TRUE	T	0.0	0.0	1.0	1.0	0.50776917	0.025200367	0.045151416	5368.0	1.0
SPIKE	S102:T>G	0	1328	0.0	-1.0	0.0	TRUE	T	6.343184E-5	4.0	0.5418571	0.711413	2.1615524	0.0850626	0.18014252	5368.0	1.0
SPIKE	S102:T>C	0	1328	0.0	-1.0	0.0	TRUE	T	9.149574E-5	6.0	0.22324482	0.6119228	4.968784	0.03148217	0.051780976	5368.0	1.0
SPIKE	S103:G>A	0	1328	0.0	-1.0	0.0	TRUE	G	5.532635E-5	2.0	0.29083398	0.7430501	3.43569	0.030155616	0.053912617	5368.0	1.0
SPIKE	S103:G>C	0	1328	0.0	-1.0	0.0	TRUE	G	1.0150939E-5	0.0	0.82730234	0.9469678	1.0839974	0.07200946	0.079027876	5368.0	1.0
SPIKE	S103:G>T	0	1328	0.0	-1.0	0.0	TRUE	G	0.0	0.0	1.0	1.0	1.8721529	0.121029906	0.0679352	5368.0	1.0
SPIKE	S104:G>A	1	1328	7.53012E-4	-1.0	40.0	TRUE	G	5.532635E-5	6.0	0.29083398	0.7430501	3.43569	0.030155616	0.053912617	5368.0	1.0
SPIKE	S104:G>C	0	1328	0.0	-1.0	0.0	TRUE	G	1.0150939E-5	2.0	0.82730234	0.9469678	1.0839974	0.07200946	0.079027876	5368.0	1.0
SPIKE	S104:G>T	0	1328	0.0	-1.0	0.0	TRUE	G	0.0	0.0	1.0	1.0	1.8721529	0.121029906	0.0679352	5368.0	1.0
SPIKE	S105:C>A	0	1328	0.0	-1.0	0.0	TRUE	C	2.22005E-5	5.0	0.34550375	0.88765484	1.8721529	0.024060927	0.09291517	5368.0	1.0
SPIKE	S105:C>G	0	1328	0.0	-1.0	0.0	TRUE	C	3.4152257E-5	2.0	0.35983333	0.83249396	1.0839974	0.06535761	0.43512025	5368.0	1.0
SPIKE	S105:C>T	0	1328	0.0	-1.0	0.0	TRUE	C	8.165428E-5	5.0	0.21907194	0.6451192	3.43569	0.04041588	0.15122016	5368.0	1.0
SPIKE	S106:G>A	0	1328	0.0	-1.0	0.0	TRUE	G	5.532635E-5	7.0	0.29083398	0.7430501	3.43569	0.030155616	0.053912617	5368.0	1.0
SPIKE	S106:G>C	0	1328	0.0	-1.0	0.0	TRUE	G	1.0150939E-5	0.0	0.82730234	0.9469678	1.0839974	0.07200946	0.079027876	5368.0	1.0
SPIKE	S106:G>T	0	1328	0.0	-1.0	0.0	TRUE	G	0.0	0.0	1.0	1.0	1.8721529	0.121029906	0.0679352	5368.0	1.0
SPIKE	S107:G>A	0	1328	0.0	-1.0	0.0	TRUE	G	5.532635E-5	7.0	0.29083398	0.7430501	3.43569	0.030155616	0.053912617	5368.0	1.0
SPIKE	S107:G>C	0	1328	0.0	-1.0	0.0	TRUE	G	1.0150939E-5	2.0	0.82730234	0.9469678	1.0839974	0.07200946	0.079027876	5368.0	1.0
SPIKE	S107:G>T	0	1328	0.0	-1.0	0.0	TRUE	G	0.0	0.0	1.0	1.0	1.8721529	0.121029906	0.0679352	5368.0	1.0
SPIKE	S108:C>A	0	1328	0.0	-1.0	0.0	TRUE	C	2.22005E-5	3.0	0.34550375	0.88765484	1.8721529	0.024060927	0.09291517	5368.0	1.0
SPIKE	S108:C>G	0	1328	0.0	-1.0	0.0	TRUE	C	3.4152257E-5	0.0	0.35983333	0.83249396	1.0839974	0.06535761	0.43512025	5368.0	1.0
SPIKE	S108:C>T	0	1328	0.0	-1.0	0.0	TRUE	C	8.165428E-5	5.0	0.21907194	0.6451192	3.43569	0.04041588	0.15122016	5368.0	1.0
SPIKE	S109:A>G	0	1328	0.0	-1.0	0.0	TRUE	A	7.0992064E-5	4.0	0.17396745	0.68311954	4.968784	0.022969982	0.042723067	5368.0	1.0
SPIKE	S109:A>C	0	1328	0.0	-1.0	0.0	TRUE	A	8.833806E-6	0.0	0.55633336	0.9536869	2.1615524	0.012232728	0.23419288	5368.0	1.0
SPIKE	S109:A>T	0	1328	0.0	-1.0	0.0	TRUE	A	0.0	0.0	1.0	1.0	0.50776917	0.119989105	0.17861038	5368.0	1.0
SPIKE	S110:G>A	0	1328	0.0	-1.0	0.0	TRUE	G	5.532635E-5	3.0	0.29083398	0.7430501	3.43569	0.030155616	0.053912617	5368.0	1.0
SPIKE	S110:G>C	0	1328	0.0	-1.0	0.0	TRUE	G	1.0150939E-5	2.0	0.82730234	0.9469678	1.0839974	0.07200946	0.079027876	5368.0	1.0
SPIKE	S110:G>T	0	1328	0.0	-1.0	0.0	TRUE	G	0.0	1.0	1.0	1.0	1.8721529	0.121029906	0.0679352	5368.0	1.0
SPIKE	S111:C>A	0	1328	0.0	-1.0	0.0	TRUE	C	2.22005E-5	3.0	0.34550375	0.88765484	1.8721529	0.024060927	0.09291517	5368.0	1.0
SPIKE	S111:C>G	0	1328	0.0	-1.0	0.0	TRUE	C	3.4152257E-5	4.0	0.35983333	0.83249396	1.0839974	0.06535761	0.43512025	5368.0	1.0
SPIKE	S111:C>T	0	1328	0.0	-1.0	0.0	TRUE	C	8.165428E-5	3.0	0.21907194	0.6451192	3.43569	0.04041588	0.15122016	5368.0	1.0
SPIKE	S112:G>A	0	1328	0.0	-1.0	0.0	TRUE	G	5.532635E-5	3.0	0.29083398	0.7430501	3.43569	0.030155616	0.053912617	5368.0	1.0
SPIKE	S112:G>C	0	1328	0.0	-1.0	0.0	TRUE	G	1.0150939E-5	0.0	0.82730234	0.9469678	1.0839974	0.07200946	0.079027876	5368.0	1.0
SPIKE	S112:G>T	0	1328	0.0	-1.0	0.0	TRUE	G	0.0	2.0	1.0	1.0	1.8721529	0.121029906	0.0679352	5368.0	1.0
SPIKE	S113:T>C	1	1328	7.53012E-4	-1.0	40.0	TRUE	T	9.149574E-5	7.0	0.22324482	0.6119228	4.968784	0.03148217	0.051780976	5368.0	1.0
SPIKE	S113:T>A	0	1328	0.0	-1.0	0.0	TRUE	T	0.0	1.0	1.0	1.0	0.50776917	0.025200367	0.045151416	5368.0	1.0
SPIKE	S113:T>G	0	1328	0.0	-1.0	0.0	TRUE	T	6.343184E-5	4.0	0.5418571	0.711413	2.1615524	0.0850626	0.18014252	5368.0	1.0
SPIKE	S114:G>A	0	1328	0.0	-1.0	0.0	TRUE	G	5.532635E-5	2.0	0.29083398	0.7430501	3.43569	0.030155616	0.053912617	5368.0	1.0
SPIKE	S114:G>C	0	1328	0.0	-1.0	0.0	TRUE	G	1.0150939E-5	1.0	0.82730234	0.9469678	1.0839974	0.07200946	0.079027876	5368.0	1.0
SPIKE	S114:G>T	0	1328	0.0	-1.0	0.0	TRUE	G	0.0	0.0	1.0	1.0	1.8721529	0.121029906	0.0679352	5368.0	1.0
SPIKE	S115:A>G	0	1328	0.0	-1.0	0.0	TRUE	A	7.0992064E-5	5.0	0.17396745	0.68311954	4.968784	0.022969982	0.042723067	5368.0	1.0
SPIKE	S115:A>C	0	1328	0.0	-1.0	0.0	TRUE	A	8.833806E-6	3.0	0.55633336	0.9536869	2.1615524	0.012232728	0.23419288	5368.0	1.0
SPIKE	S115:A>T	0	1328	0.0	-1.0	0.0	TRUE	A	0.0	1.0	1.0	1.0	0.50776917	0.119989105	0.17861038	5368.0	1.0
SPIKE	S116:C>T	1	1328	7.53012E-4	-1.0	40.0	TRUE	C	8.165428E-5	3.0	0.21907194	0.6451192	3.43569	0.04041588	0.15122016	5368.0	1.0
SPIKE	S116:C>A	0	1328	0.0	-1.0	0.0	TRUE	C	2.22005E-5	3.0	0.34550375	0.88765484	1.8721529	0.024060927	0.09291517	5368.0	1.0
SPIKE	S116:C>G	0	1328	0.0	-1.0	0.0	TRUE	C	3.4152257E-5	0.0	0.35983333	0.83249396	1.0839974	0.06535761	0.43512025	5368.0	1.0
SPIKE	S117:C>A	0	1328	0.0	-1.0	0.0	TRUE	C	1.30441E-4	11.0	0.34550375	0.49648237	1.8721529	0.024060927	0.09291517	5368.0	0.0
SPIKE	S117:C>G	0	1328	0.0	-1.0	0.0	TRUE	C	3.4152257E-5	0.0	0.35983333	0.83249396	1.0839974	0.06535761	0.43512025	5368.0	1.0
SPIKE	S117:C>T	0	1328	0.0	-1.0	0.0	TRUE	C	8.165428E-5	7.0	0.21907194	0.6451192	3.43569	0.04041588	0.15122016	5368.0	1.0
SPIKE	S118:T>A	0	1328	0.0	-1.0	0.0	TRUE	T	0.0	2.0	1.0	1.0	0.50776917	0.025200367	0.045151416	5368.0	1.0
SPIKE	S118:T>G	0	1328	0.0	-1.0	0.0	TRUE	T	6.343184E-5	2.0	0.5418571	0.711413	2.1615524	0.0850626	0.18014252	5368.0	1.0
SPIKE	S118:T>C	0	1328	0.0	-1.0	0.0	TRUE	T	9.149574E-5	5.0	0.22324482	0.6119228	4.968784	0.03148217	0.051780976	5368.0	1.0
SPIKE	S119:A>G	0	1328	0.0	-1.0	0.0	TRUE	A	7.0992064E-5	5.0	0.17396745	0.68311954	4.968784	0.022969982	0.042723067	5368.0	1.0
SPIKE	S119:A>C	0	1328	0.0	-1.0	0.0	TRUE	A	8.833806E-6	0.0	0.55633336	0.9536869	2.1615524	0.012232728	0.23419288	5368.0	1.0
SPIKE	S119:A>T	0	1328	0.0	-1.0	0.0	TRUE	A	0.0	3.0	1.0	1.0	0.50776917	0.119989105	0.17861038	5368.0	1.0
SPIKE	S120:T>A	0	1328	0.0	-1.0	0.0	TRUE	T	0.0	0.0	1.0	1.0	0.50776917	0.025200367	0.045151416	5368.0	1.0
SPIKE	S120:T>G	0	1328	0.0	-1.0	0.0	TRUE	T	6.343184E-5	3.0	0.5418571	0.711413	2.1615524	0.0850626	0.18014252	5368.0	1.0
SPIKE	S120:T>C	0	1328	0.0	-1.0	0.0	TRUE	T	9.149574E-5	4.0	0.22324482	0.6119228	4.968784	0.03148217	0.051780976	5368.0	1.0
SPIKE	S121:G>A	0	1328	0.0	-1.0	0.0	TRUE	G	5.532635E-5	1.0	0.29083398	0.7430501	3.43569	0.030155616	0.053912617	5368.0	1.0
SPIKE	S121:G>C	0	1328	0.0	-1.0	0.0	TRUE	G	1.0150939E-5	0.0	0.82730234	0.9469678	1.0839974	0.07200946	0.079027876	5368.0	1.0
SPIKE	S121:G>T	0	1328	0.0	-1.0	0.0	TRUE	G	0.0	3.0	1.0	1.0	1.8721529	0.121029906	0.0679352	5368.0	1.0
SPIKE	S122:T>A	0	1328	0.0	-1.0	0.0	TRUE	T	0.0	0.0	1.0	1.0	0.50776917	0.025200367	0.045151416	5368.0	1.0
SPIKE	S122:T>G	0	1328	0.0	-1.0	0.0	TRUE	T	6.343184E-5	4.0	0.5418571	0.711413	2.1615524	0.0850626	0.18014252	5368.0	1.0
SPIKE	S122:T>C	0	1328	0.0	-1.0	0.0	TRUE	T	9.149574E-5	6.0	0.22324482	0.6119228	4.968784	0.03148217	0.051780976	5368.0	1.0
SPIKE	S123:G>A	0	1328	0.0	-1.0	0.0	TRUE	G	5.532635E-5	1.0	0.29083398	0.7430501	3.43569	0.030155616	0.053912617	5368.0	1.0
SPIKE	S123:G>C	0	1328	0.0	-1.0	0.0	TRUE	G	1.0150939E-5	1.0	0.82730234	0.9469678	1.0839974	0.07200946	0.079027876	5368.0	1.0
SPIKE	S123:G>T	0	1328	0.0	-1.0	0.0	TRUE	G	0.0	2.0	1.0	1.0	1.8721529	0.121029906	0.0679352	5368.0	1.0
SPIKE	S124:T>A	0	1328	0.0	-1.0	0.0	TRUE	T	0.0	0.0	1.0	1.0	0.50776917	0.025200367	0.045151416	5368.0	1.0
SPIKE	S124:T>G	0	1328	0.0	-1.0	0.0	TRUE	T	6.343184E-5	4.0	0.5418571	0.711413	2.1615524	0.0850626	0.18014252	5368.0	1.0
SPIKE	S124:T>C	0	1328	0.0	-1.0	0.0	TRUE	T	9.149574E-5	4.0	0.22324482	0.6119228	4.968784	0.03148217	0.051780976	5368.0	1.0
SPIKE	S125:G>A	0	1328	0.0	-1.0	0.0	TRUE	G	5.532635E-5	2.0	0.29083398	0.7430501	3.43569	0.030155616	0.053912617	5368.0	1.0
SPIKE	S125:G>C	0	1328	0.0	-1.0	0.0	TRUE	G	1.0150939E-5	2.0	0.82730234	0.9469678	1.0839974	0.07200946	0.079027876	5368.0	1.0
SPIKE	S125:G>T	0	1328	0.0	-1.0	0.0	TRUE	G	0.0	0.0	1.0	1.0	1.8721529	0.121029906	0.0679352	5368.0	1.0
SPIKE	S126:C>T	1	1328	7.53012E-4	-1.0	40.0	TRUE	C	8.165428E-5	5.0	0.21907194	0.6451192	3.43569	0.04041588	0.15122016	5368.0	1.0
SPIKE	S126:C>A	0	1328	0.0	-1.0	0.0	TRUE	C	2.22005E-5	8.0	0.34550375	0.88765484	1.8721529	0.024060927	0.09291517	5368.0	1.0
SPIKE	S126:C>G	0	1328	0.0	-1.0	0.0	TRUE	C	3.4152257E-5	3.0	0.35983333	0.83249396	1.0839974	0.06535761	0.43512025	5368.0	1.0
SPIKE	S127:G>A	0	1328	0.0	-1.0	0.0	TRUE	G	5.532635E-5	4.0	0.29083398	0.7430501	3.43569	0.030155616	0.053912617	5368.0	1.0
SPIKE	S127:G>C	0	1328	0.0	-1.0	0.0	TRUE	G	1.0150939E-5	0.0	0.82730234	0.9469678	1.0839974	0.07200946	0.079027876	5368.0	1.0
SPIKE	S127:G>T	0	1328	0.0	-1.0	0.0	TRUE	G	0.0	0.0	1.0	1.0	1.8721529	0.121029906	0.0679352	5368.0	1.0
SPIKE	S128:G>A	0	1328	0.0	-1.0	0.0	TRUE	G	5.532635E-5	1.0	0.29083398	0.7430501	3.43569	0.030155616	0.053912617	5368.0	1.0
SPIKE	S128:G>C	0	1328	0.0	-1.0	0.0	TRUE	G	1.0150939E-5	2.0	0.82730234	0.9469678	1.0839974	0.07200946	0.079027876	5368.0	1.0
SPIKE	S128:G>T	0	1328	0.0	-1.0	0.0	TRUE	G	0.0	0.0	1.0	1.0	1.8721529	0.121029906	0.0679352	5368.0	1.0
SPIKE	S129:C>A	0	1328	0.0	-1.0	0.0	TRUE	C	1.6601582E-4	14.0	0.34550375	0.41017437	1.8721529	0.024060927	0.09291517	5368.0	0.0
SPIKE	S129:C>G	0	1328	0.0	-1.0	0.0	TRUE	C	3.4152257E-5	3.0	0.35983333	0.83249396	1.0839974	0.06535761	0.43512025	5368.0	1.0
SPIKE	S129:C>T	0	1328	0.0	-1.0	0.0	TRUE	C	8.165428E-5	1.0	0.21907194	0.6451192	3.43569	0.04041588	0.15122016	5368.0	1.0
SPIKE	S130:G>A	0	1328	0.0	-1.0	0.0	TRUE	G	5.532635E-5	3.0	0.29083398	0.7430501	3.43569	0.030155616	0.053912617	5368.0	1.0
SPIKE	S130:G>C	0	1328	0.0	-1.0	0.0	TRUE	G	1.0150939E-5	0.0	0.82730234	0.9469678	1.0839974	0.07200946	0.079027876	5368.0	1.0
SPIKE	S130:G>T	0	1328	0.0	-1.0	0.0	TRUE	G	0.0	0.0	1.0	1.0	1.8721529	0.121029906	0.0679352	5368.0	1.0
SPIKE	S131:G>A	0	1328	0.0	-1.0	0.0	TRUE	G	5.532635E-5	6.0	0.29083398	0.7430501	3.43569	0.030155616	0.053912617	5368.0	1.0
SPIKE	S131:G>C	0	1328	0.0	-1.0	0.0	TRUE	G	1.0150939E-5	1.0	0.82730234	0.9469678	1.0839974	0.07200946	0.079027876	5368.0	1.0
SPIKE	S131:G>T	0	1328	0.0	-1.0	0.0	TRUE	G	0.0	0.0	1.0	1.0	1.8721529	0.121029906	0.0679352	5368.0	1.0
SPIKE	S132:C>A	0	1328	0.0	-1.0	0.0	TRUE	C	2.1344892E-4	18.0	0.34550375	0.31797144	1.8721529	0.024060927	0.09291517	5368.0	0.0
SPIKE	S132:C>G	0	1328	0.0	-1.0	0.0	TRUE	C	3.4152257E-5	0.0	0.35983333	0.83249396	1.0839974	0.06535761	0.43512025	5368.0	1.0
SPIKE	S132:C>T	0	1328	0.0	-1.0	0.0	TRUE	C	8.165428E-5	3.0	0.21907194	0.6451192	3.43569	0.04041588	0.15122016	5368.0	1.0
SPIKE	S133:A>G	0	1328	0.0	-1.0	0.0	TRUE	A	7.0992064E-5	5.0	0.17396745	0.68311954	4.968784	0.022969982	0.042723067	5368.0	1.0
SPIKE	S133:A>C	0	1328	0.0	-1.0	0.0	TRUE	A	8.833806E-6	6.0	0.55633336	0.9536869	2.1615524	0.012232728	0.23419288	5368.0	1.0
SPIKE	S133:A>T	0	1328	0.0	-1.0	0.0	TRUE	A	0.0	0.0	1.0	1.0	0.50776917	0.119989105	0.17861038	5368.0	1.0
SPIKE	S134:G>A	1	1328	7.53012E-4	-1.0	40.0	TRUE	G	5.532635E-5	6.0	0.29083398	0.7430501	3.43569	0.030155616	0.053912617	5368.0	1.0
SPIKE	S134:G>C	0	1328	0.0	-1.0	0.0	TRUE	G	1.0150939E-5	2.0	0.82730234	0.9469678	1.0839974	0.07200946	0.079027876	5368.0	1.0
SPIKE	S134:G>T	0	1328	0.0	-1.0	0.0	TRUE	G	0.0	1.0	1.0	1.0	1.8721529	0.121029906	0.0679352	5368.0	1.0
SPIKE	S135:C>T	1	1328	7.53012E-4	-1.0	40.0	TRUE	C	8.165428E-5	3.0	0.21907194	0.6451192	3.43569	0.04041588	0.15122016	5368.0	1.0
SPIKE	S135:C>A	0	1328	0.0	-1.0	0.0	TRUE	C	2.22005E-5	4.0	0.34550375	0.88765484	1.8721529	0.024060927	0.09291517	5368.0	1.0
SPIKE	S135:C>G	0	1328	0.0	-1.0	0.0	TRUE	C	3.4152257E-5	1.0	0.35983333	0.83249396	1.0839974	0.06535761	0.43512025	5368.0	1.0
SPIKE	S136:C>T	1	1328	7.53012E-4	-1.0	40.0	TRUE	C	8.165428E-5	1.0	0.21907194	0.6451192	3.43569	0.04041588	0.15122016	5368.0	1.0
SPIKE	S136:C>A	0	1328	0.0	-1.0	0.0	TRUE	C	1.778741E-4	15.0	0.34550375	0.38487828	1.8721529	0.024060927	0.09291517	5368.0	0.0
SPIKE	S136:C>G	0	1328	0.0	-1.0	0.0	TRUE	C	3.4152257E-5	0.0	0.35983333	0.83249396	1.0839974	0.06535761	0.43512025	5368.0	1.0
SPIKE	S137:T>C	1	1327	7.535795E-4	-1.0	36.0	TRUE	T	9.149574E-5	7.0	0.22324482	0.6119228	4.965042	0.03148217	0.051780976	5368.0	1.0
SPIKE	S137:T>A	0	1327	0.0	-1.0	0.0	TRUE	T	0.0	1.0	1.0	1.0	0.50738686	0.025200367	0.045151416	5368.0	1.0
SPIKE	S137:T>G	0	1327	0.0	-1.0	0.0	TRUE	T	9.397636E-4	32.0	0.5418571	0.0064437073	2.1599247	0.0850626	0.18014252	5368.0	0.0
SPIKE	S138:G>A	2	1327	0.001507159	-1.0	38.0	TRUE	G	5.532635E-5	1.0	0.29083398	0.7430501	3.4331028	0.030155616	0.053912617	5368.0	1.0
SPIKE	S138:G>C	0	1327	0.0	-1.0	0.0	TRUE	G	1.0150939E-5	0.0	0.82730234	0.9469678	1.0831811	0.07200946	0.079027876	5368.0	1.0
SPIKE	S138:G>T	0	1327	0.0	-1.0	0.0	TRUE	G	0.0	1.0	1.0	1.0	1.8707432	0.121029906	0.0679352	5368.0	1.0
SPIKE	S139:A>G	0	1327	0.0	-1.0	0.0	TRUE	A	7.0992064E-5	2.0	0.17396745	0.68311954	4.965042	0.022969982	0.042723067	5368.0	1.0
SPIKE	S139:A>C	0	1327	0.0	-1.0	0.0	TRUE	A	8.833806E-6	1.0	0.55633336	0.9536869	2.1599247	0.012232728	0.23419288	5368.0	1.0
SPIKE	S139:A>T	0	1327	0.0	-1.0	0.0	TRUE	A	0.0	0.0	1.0	1.0	0.50738686	0.119989105	0.17861038	5368.0	1.0
SPIKE	I140:>T	1	1327	7.535795E-4	-1.0	39.006783	TRUE		NaN	NaN	NaN	NaN	NaN	NaN	NaN	NaN	NaN
SPIKE	D140-141:T>	2	1327	0.001507159	-1.0	39.006783	TRUE		NaN	NaN	NaN	NaN	NaN	NaN	NaN	NaN	NaN
SPIKE	S140:T>A	0	1327	0.0	-1.0	0.0	TRUE	T	0.0	0.0	1.0	1.0	0.50738686	0.025200367	0.045151416	5368.0	1.0
SPIKE	S140:T>G	0	1327	0.0	-1.0	0.0	TRUE	T	6.343184E-5	1.0	0.5418571	0.711413	2.1599247	0.0850626	0.18014252	5368.0	1.0
SPIKE	S140:T>C	0	1327	0.0	-1.0	0.0	TRUE	T	9.149574E-5	1.0	0.22324482	0.6119228	4.965042	0.03148217	0.051780976	5368.0	1.0
SPIKE	S141:T>A	0	1327	0.0	-1.0	0.0	TRUE	T	0.0	1.0	1.0	1.0	0.50738686	0.025200367	0.045151416	5368.0	1.0
SPIKE	S141:T>G	0	1327	0.0	-1.0	0.0	TRUE	T	6.343184E-5	6.0	0.5418571	0.711413	2.1599247	0.0850626	0.18014252	5368.0	1.0
SPIKE	S141:T>C	0	1327	0.0	-1.0	0.0	TRUE	T	9.149574E-5	3.0	0.22324482	0.6119228	4.965042	0.03148217	0.051780976	5368.0	1.0
SPIKE	D142-143:A>	1	1327	7.535795E-4	-1.0	38.89902	TRUE		NaN	NaN	NaN	NaN	NaN	NaN	NaN	NaN	NaN
SPIKE	D142-144:AG>	1	1327	7.535795E-4	-1.0	38.89902	TRUE		NaN	NaN	NaN	NaN	NaN	NaN	NaN	NaN	NaN
SPIKE	S142:A>G	0	1327	0.0	-1.0	0.0	TRUE	A	7.0992064E-5	3.0	0.17396745	0.68311954	4.965042	0.022969982	0.042723067	5368.0	1.0
SPIKE	S142:A>C	0	1327	0.0	-1.0	0.0	TRUE	A	8.833806E-6	3.0	0.55633336	0.9536869	2.1599247	0.012232728	0.23419288	5368.0	1.0
SPIKE	S142:A>T	0	1327	0.0	-1.0	0.0	TRUE	A	0.0	1.0	1.0	1.0	0.50738686	0.119989105	0.17861038	5368.0	1.0
SPIKE	D143-144:G>	1	1327	7.535795E-4	-1.0	38.94122	TRUE		NaN	NaN	NaN	NaN	NaN	NaN	NaN	NaN	NaN
SPIKE	S143:G>C	1	1327	7.535795E-4	-1.0	37.0	TRUE	G	1.0150939E-5	3.0	0.82730234	0.9469678	1.0831811	0.07200946	0.079027876	5368.0	1.0
SPIKE	S143:G>A	0	1327	0.0	-1.0	0.0	TRUE	G	5.532635E-5	2.0	0.29083398	0.7430501	3.4331028	0.030155616	0.053912617	5368.0	1.0
SPIKE	S143:G>T	0	1327	0.0	-1.0	0.0	TRUE	G	0.0	0.0	1.0	1.0	1.8707432	0.121029906	0.0679352	5368.0	1.0
SPIKE	D144-145:C>	3	1327	0.0022607385	-1.0	38.971363	TRUE		NaN	NaN	NaN	NaN	NaN	NaN	NaN	NaN	NaN
SPIKE	S144:C>A	0	1327	0.0	-1.0	0.0	TRUE	C	2.22005E-5	4.0	0.34550375	0.88765484	1.8707432	0.024060927	0.09291517	5368.0	1.0
SPIKE	S144:C>G	0	1327	0.0	-1.0	0.0	TRUE	C	3.4152257E-5	2.0	0.35983333	0.83249396	1.0831811	0.06535761	0.43512025	5368.0	1.0
SPIKE	S144:C>T	0	1327	0.0	-1.0	0.0	TRUE	C	8.165428E-5	5.0	0.21907194	0.6451192	3.4331028	0.04041588	0.15122016	5368.0	1.0
SPIKE	S145:C>T	1	1327	7.535795E-4	-1.0	39.0	TRUE	C	8.165428E-5	3.0	0.21907194	0.6451192	3.4331028	0.04041588	0.15122016	5368.0	1.0
SPIKE	S145:C>A	0	1327	0.0	-1.0	0.0	TRUE	C	2.22005E-5	2.0	0.34550375	0.88765484	1.8707432	0.024060927	0.09291517	5368.0	1.0
SPIKE	S145:C>G	0	1327	0.0	-1.0	0.0	TRUE	C	3.4152257E-5	0.0	0.35983333	0.83249396	1.0831811	0.06535761	0.43512025	5368.0	1.0
SPIKE	S146:C>T	1	1326	7.541478E-4	-1.0	39.0	TRUE	C	8.165428E-5	7.0	0.21907194	0.6451192	3.4305158	0.04041588	0.15122016	5368.0	1.0
SPIKE	S146:C>A	0	1326	0.0	-1.0	0.0	TRUE	C	2.22005E-5	5.0	0.34550375	0.88765484	1.8693334	0.024060927	0.09291517	5368.0	1.0
SPIKE	S146:C>G	0	1326	0.0	-1.0	0.0	TRUE	C	3.4152257E-5	3.0	0.35983333	0.83249396	1.0823649	0.06535761	0.43512025	5368.0	1.0
SPIKE	S147:G>A	0	1324	0.0	-1.0	0.0	TRUE	G	5.532635E-5	3.0	0.29083398	0.7430501	3.4253414	0.030155616	0.053912617	5368.0	1.0
SPIKE	S147:G>C	0	1324	0.0	-1.0	0.0	TRUE	G	1.0150939E-5	4.0	0.82730234	0.9469678	1.0807323	0.07200946	0.079027876	5368.0	1.0
SPIKE	S147:G>T	0	1324	0.0	-1.0	0.0	TRUE	G	0.0	1.0	1.0	1.0	1.866514	0.121029906	0.0679352	5368.0	1.0
SPIKE	S148:T>A	0	1324	0.0	-1.0	0.0	TRUE	T	0.0	0.0	1.0	1.0	0.5062398	0.025200367	0.045151416	5368.0	1.0
SPIKE	S148:T>G	0	1324	0.0	-1.0	0.0	TRUE	T	6.343184E-5	4.0	0.5418571	0.711413	2.155042	0.0850626	0.18014252	5368.0	1.0
SPIKE	S148:T>C	0	1324	0.0	-1.0	0.0	TRUE	T	9.149574E-5	1.0	0.22324482	0.6119228	4.953818	0.03148217	0.051780976	5368.0	1.0
SPIKE	S149:G>A	0	1324	0.0	-1.0	0.0	TRUE	G	5.532635E-5	5.0	0.29083398	0.7430501	3.4253414	0.030155616	0.053912617	5368.0	1.0
SPIKE	S149:G>C	0	1324	0.0	-1.0	0.0	TRUE	G	1.0150939E-5	1.0	0.82730234	0.9469678	1.0807323	0.07200946	0.079027876	5368.0	1.0
SPIKE	S149:G>T	0	1324	0.0	-1.0	0.0	TRUE	G	0.0	3.0	1.0	1.0	1.866514	0.121029906	0.0679352	5368.0	1.0
SPIKE	S150:C>A	0	1323	0.0	-1.0	0.0	TRUE	C	2.22005E-5	1.0	0.34550375	0.88765484	1.8651042	0.024060927	0.09291517	5368.0	1.0
SPIKE	S150:C>G	0	1323	0.0	-1.0	0.0	TRUE	C	3.4152257E-5	4.0	0.35983333	0.83249396	1.0799161	0.06535761	0.43512025	5368.0	1.0
SPIKE	S150:C>T	0	1323	0.0	-1.0	0.0	TRUE	C	8.165428E-5	4.0	0.21907194	0.6451192	3.4227543	0.04041588	0.15122016	5368.0	1.0
SPIKE	S151:T>A	0	1322	0.0	-1.0	0.0	TRUE	T	0.0	0.0	1.0	1.0	0.50547504	0.025200367	0.045151416	5368.0	1.0
SPIKE	S151:T>G	0	1322	0.0	-1.0	0.0	TRUE	T	6.343184E-5	2.0	0.5418571	0.711413	2.1517866	0.0850626	0.18014252	5368.0	1.0
SPIKE	S151:T>C	0	1322	0.0	-1.0	0.0	TRUE	T	1.8497686E-4	10.0	0.22324482	0.37048003	4.9463344	0.03148217	0.051780976	5368.0	0.0
SPIKE	S152:G>A	0	1320	0.0	-1.0	0.0	TRUE	G	5.532635E-5	2.0	0.29083398	0.7430501	3.414993	0.030155616	0.053912617	5368.0	1.0
SPIKE	S152:G>C	0	1320	0.0	-1.0	0.0	TRUE	G	1.0150939E-5	0.0	0.82730234	0.9469678	1.0774673	0.07200946	0.079027876	5368.0	1.0
SPIKE	S152:G>T	0	1320	0.0	-1.0	0.0	TRUE	G	0.0	3.0	1.0	1.0	1.8608749	0.121029906	0.0679352	5368.0	1.0
SPIKE	S153:G>A	0	1317	0.0	-1.0	0.0	TRUE	G	5.532635E-5	0.0	0.29083398	0.7430501	3.4072316	0.030155616	0.053912617	5368.0	1.0
SPIKE	S153:G>C	0	1317	0.0	-1.0	0.0	TRUE	G	1.0150939E-5	0.0	0.82730234	0.9469678	1.0750185	0.07200946	0.079027876	5368.0	1.0
SPIKE	S153:G>T	0	1317	0.0	-1.0	0.0	TRUE	G	0.0	0.0	1.0	1.0	1.8566456	0.121029906	0.0679352	5368.0	1.0
