#pipeline_block
reference	mutation	count	coverage	freq	score	cqs	has.reference	ancestral.allele	error.rate	minor.count.local	minor.fdr	minor.recall	minor.count.global	read.fraction.in.minors	q.filtered.read.fraction	mig.size	global.est
SPIKE	S0:T>A	0	14890	0.0	-1.0	0.0	TRUE	T	2.063447E-4	13.0	0.15057144	0.890322	9.327672	0.27823886	0.069251455	563.0	0.0
SPIKE	S0:T>G	0	14890	0.0	-1.0	0.0	TRUE	T	3.1774055E-4	0.0	0.12236124	0.8361996	20.91979	0.25768802	0.10470931	563.0	1.0
SPIKE	S0:T>C	0	14890	0.0	-1.0	0.0	TRUE	T	2.9622598E-4	25.0	0.07778845	0.84638983	32.362347	0.19131422	0.073856205	563.0	0.0
SPIKE	S1:A>G	0	14919	0.0	-1.0	0.0	TRUE	A	4.552473E-4	43.0	0.07567051	0.77390647	32.425377	0.17088023	0.061157536	563.0	0.0
SPIKE	S1:A>C	0	14919	0.0	-1.0	0.0	TRUE	A	1.3051873E-4	1.0	0.24168721	0.92915285	20.960533	0.12250727	0.19605249	563.0	1.0
SPIKE	S1:A>T	0	14919	0.0	-1.0	0.0	TRUE	A	1.5778339E-4	9.0	0.10929854	0.91499925	9.345839	0.2827812	0.083477385	563.0	1.0
SPIKE	S2:G>A	0	14948	0.0	-1.0	0.0	TRUE	G	2.7767793E-4	26.0	0.08581913	0.8552746	24.364214	0.17463005	0.062390417	563.0	0.0
SPIKE	S2:G>C	0	14948	0.0	-1.0	0.0	TRUE	G	1.8230137E-4	11.0	0.09796902	0.9024557	14.77639	0.2746369	0.08999565	563.0	0.0
SPIKE	S2:G>T	0	14948	0.0	-1.0	0.0	TRUE	G	1.7985528E-4	1.0	0.16398986	0.9036994	11.828159	0.2718802	0.07535946	563.0	1.0
SPIKE	S3:C>A	0	14968	0.0	-1.0	0.0	TRUE	C	1.0664874E-4	0.0	0.17919134	0.9417238	11.843985	0.16420248	0.09897023	563.0	1.0
SPIKE	S3:C>G	0	14968	0.0	-1.0	0.0	TRUE	C	0.0015276157	92.0	0.076011404	0.42314193	14.79616	0.26898214	0.14736925	563.0	0.0
SPIKE	S3:C>T	0	14968	0.0	-1.0	0.0	TRUE	C	3.6767486E-4	32.0	0.06657651	0.81301886	24.396812	0.18424639	0.17660156	563.0	0.0
SPIKE	S4:G>A	13	15003	8.664934E-4	40.383286	40.0	TRUE	G	3.085823E-4	29.0	0.08581913	0.8405223	24.45386	0.17463005	0.062390417	563.0	0.0
SPIKE	S4:G>T	1	15003	6.665334E-5	-1.0	40.0	TRUE	G	1.6664938E-4	11.0	0.16398986	0.91044337	11.87168	0.2718802	0.07535946	563.0	0.0
SPIKE	S4:G>C	0	15003	0.0	-1.0	0.0	TRUE	G	2.8070566E-4	17.0	0.09796902	0.85381794	14.830758	0.2746369	0.08999565	563.0	0.0
SPIKE	S5:T>A	1	15008	6.663113E-5	-1.0	40.0	TRUE	T	1.4805506E-4	0.0	0.15057144	0.9200245	9.401592	0.27823886	0.069251455	563.0	1.0
SPIKE	S5:T>C	15	15008	9.99467E-4	46.403885	40.0	TRUE	T	4.819909E-4	41.0	0.07778845	0.7623413	32.618813	0.19131422	0.073856205	563.0	0.0
SPIKE	S5:T>G	0	15008	0.0	-1.0	0.0	TRUE	T	4.8221106E-4	32.0	0.12236124	0.76224685	21.085575	0.25768802	0.10470931	563.0	0.0
SPIKE	S6:G>A	10	15015	6.6600065E-4	31.352386	40.0	TRUE	G	3.0833567E-4	29.0	0.08581913	0.840639	24.47342	0.17463005	0.062390417	563.0	0.0
SPIKE	S6:G>T	1	15015	6.660006E-5	-1.0	40.0	TRUE	G	2.573432E-4	17.0	0.16398986	0.86512244	11.881175	0.2718802	0.07535946	563.0	0.0
SPIKE	S6:G>C	0	15015	0.0	-1.0	0.0	TRUE	G	2.4488693E-4	0.0	0.09796902	0.87121075	14.842621	0.2746369	0.08999565	563.0	1.0
SPIKE	S7:A>G	20	15024	0.0013312034	61.455387	40.0	TRUE	A	3.3642096E-4	32.0	0.07567051	0.82745135	32.653587	0.17088023	0.061157536	563.0	0.0
SPIKE	S7:A>T	7	15024	4.6592118E-4	-1.0	40.0	TRUE	A	1.5778339E-4	0.0	0.10929854	0.91499925	9.411615	0.2827812	0.083477385	563.0	1.0
SPIKE	D7-8:A>	17	15024	0.0011315229	-1.0	39.9998	TRUE		NaN	NaN	NaN	NaN	NaN	NaN	NaN	NaN	NaN
SPIKE	S7:A>C	0	15024	0.0	-1.0	0.0	TRUE	A	1.3051873E-4	0.0	0.24168721	0.92915285	21.108053	0.12250727	0.19605249	563.0	1.0
SPIKE	S8:A>G	35	15025	0.0023294508	106.609886	40.0	TRUE	A	4.3101065E-4	41.0	0.07567051	0.784539	32.65576	0.17088023	0.061157536	563.0	0.0
SPIKE	S8:A>C	4	15025	2.6622295E-4	-1.0	40.0	TRUE	A	1.3051873E-4	1.0	0.24168721	0.92915285	21.109459	0.12250727	0.19605249	563.0	1.0
SPIKE	S8:A>T	2	15025	1.3311148E-4	-1.0	40.0	TRUE	A	1.5778339E-4	1.0	0.10929854	0.91499925	9.412241	0.2827812	0.083477385	563.0	1.0
SPIKE	S9:G>A	10	15025	6.655574E-4	31.352386	40.0	TRUE	G	4.6750827E-4	44.0	0.08581913	0.76858264	24.489717	0.17463005	0.062390417	563.0	0.0
SPIKE	S9:G>T	3	15025	1.9966722E-4	-1.0	40.0	TRUE	G	1.7985528E-4	0.0	0.16398986	0.9036994	11.889089	0.2718802	0.07535946	563.0	1.0
SPIKE	D9-10:G>	3	15025	1.9966722E-4	-1.0	39.982563	TRUE		NaN	NaN	NaN	NaN	NaN	NaN	NaN	NaN	NaN
SPIKE	D9-11:GA>	2	15025	1.3311148E-4	-1.0	39.982563	TRUE		NaN	NaN	NaN	NaN	NaN	NaN	NaN	NaN	NaN
SPIKE	S9:G>C	0	15025	0.0	-1.0	0.0	TRUE	G	2.4488693E-4	1.0	0.09796902	0.87121075	14.852506	0.2746369	0.08999565	563.0	1.0
SPIKE	S10:A>G	30	15025	0.0019966722	91.55839	40.0	TRUE	A	6.517722E-4	62.0	0.07567051	0.6928458	32.65576	0.17088023	0.061157536	563.0	0.0
SPIKE	S10:A>C	2	15025	1.3311148E-4	-1.0	40.0	TRUE	A	7.4195406E-5	12.0	0.24168721	0.95908844	21.109459	0.12250727	0.19605249	563.0	0.0
SPIKE	S10:A>T	2	15025	1.3311148E-4	-1.0	40.0	TRUE	A	1.5778339E-4	0.0	0.10929854	0.91499925	9.412241	0.2827812	0.083477385	563.0	1.0
SPIKE	D10-11:A>	6	15025	3.9933444E-4	-1.0	39.97584	TRUE		NaN	NaN	NaN	NaN	NaN	NaN	NaN	NaN	NaN
SPIKE	S11:C>G	1	15025	6.655574E-5	-1.0	40.0	TRUE	C	1.8195678E-4	11.0	0.076011404	0.9026308	14.852506	0.26898214	0.14736925	563.0	0.0
SPIKE	S11:C>T	16	15025	0.0010648918	-1.0	40.0	TRUE	C	2.6326376E-4	23.0	0.06657651	0.86224353	24.489717	0.18424639	0.17660156	563.0	0.0
SPIKE	D11-12:C>	6	15025	3.9933444E-4	-1.0	39.979836	TRUE		NaN	NaN	NaN	NaN	NaN	NaN	NaN	NaN	NaN
SPIKE	S11:C>A	0	15025	0.0	-1.0	0.0	TRUE	C	1.4352487E-4	16.0	0.17919134	0.922374	11.889089	0.16420248	0.09897023	563.0	0.0
SPIKE	S12:G>A	12	15025	7.986689E-4	-1.0	40.0	TRUE	G	2.550045E-4	24.0	0.08581913	0.8662623	24.489717	0.17463005	0.062390417	563.0	0.0
SPIKE	S12:G>C	1	15025	6.655574E-5	-1.0	40.0	TRUE	G	2.473188E-4	15.0	0.09796902	0.8700188	14.852506	0.2746369	0.08999565	563.0	0.0
SPIKE	S12:G>T	1	15025	6.655574E-5	-1.0	40.0	TRUE	G	1.7985528E-4	0.0	0.16398986	0.9036994	11.889089	0.2718802	0.07535946	563.0	1.0
SPIKE	D12-13:G>	5	15025	3.327787E-4	-1.0	39.982296	TRUE		NaN	NaN	NaN	NaN	NaN	NaN	NaN	NaN	NaN
SPIKE	S13:A>G	11	15025	7.3211314E-4	26.1236	40.0	TRUE	A	9.566334E-4	91.0	0.07567051	0.58357364	32.65576	0.17088023	0.061157536	563.0	0.0
SPIKE	S13:A>C	2	15025	1.3311148E-4	-1.0	40.0	TRUE	A	1.23659E-4	20.0	0.24168721	0.9327482	21.109459	0.12250727	0.19605249	563.0	0.0
SPIKE	S13:A>T	3	15025	1.9966722E-4	-1.0	40.0	TRUE	A	1.5778339E-4	3.0	0.10929854	0.91499925	9.412241	0.2827812	0.083477385	563.0	1.0
SPIKE	D13-14:A>	5	15025	3.327787E-4	-1.0	39.98236	TRUE		NaN	NaN	NaN	NaN	NaN	NaN	NaN	NaN	NaN
SPIKE	S14:C>A	1	15025	6.655574E-5	4.2596874	40.0	TRUE	C	3.1396066E-4	35.0	0.17919134	0.837981	11.889089	0.16420248	0.09897023	563.0	0.0
SPIKE	S14:C>G	1	15025	6.655574E-5	-1.0	40.0	TRUE	C	2.456831E-4	0.0	0.076011404	0.87082034	14.852506	0.26898214	0.14736925	563.0	1.0
SPIKE	S14:C>T	4	15025	2.6622295E-4	-1.0	40.0	TRUE	C	1.9458626E-4	17.0	0.06657651	0.8962355	24.489717	0.18424639	0.17660156	563.0	0.0
SPIKE	D14-15:C>	1	15025	6.655574E-5	-1.0	39.992546	TRUE		NaN	NaN	NaN	NaN	NaN	NaN	NaN	NaN	NaN
SPIKE	S15:A>G	19	15025	0.0012645591	58.445087	40.0	TRUE	A	3.7844837E-4	36.0	0.07567051	0.8081024	32.65576	0.17088023	0.061157536	563.0	0.0
SPIKE	S15:A>C	3	15025	1.9966722E-4	-1.0	40.0	TRUE	A	1.23659E-4	20.0	0.24168721	0.9327482	21.109459	0.12250727	0.19605249	563.0	0.0
SPIKE	S15:A>T	2	15025	1.3311148E-4	-1.0	40.0	TRUE	A	1.5778339E-4	0.0	0.10929854	0.91499925	9.412241	0.2827812	0.083477385	563.0	1.0
SPIKE	D15-16:A>	7	15025	4.658902E-4	-1.0	39.977238	TRUE		NaN	NaN	NaN	NaN	NaN	NaN	NaN	NaN	NaN
SPIKE	I15:>A	1	15025	6.655574E-5	-1.0	39.977238	TRUE		NaN	NaN	NaN	NaN	NaN	NaN	NaN	NaN	NaN
SPIKE	S16:G>A	5	15025	3.327787E-4	16.300888	40.0	TRUE	G	4.1438235E-4	39.0	0.08581913	0.79191816	24.489717	0.17463005	0.062390417	563.0	0.0
SPIKE	S16:G>T	1	15025	6.655574E-5	-1.0	40.0	TRUE	G	1.7985528E-4	0.0	0.16398986	0.9036994	11.889089	0.2718802	0.07535946	563.0	1.0
SPIKE	S16:G>C	1	15025	6.655574E-5	-1.0	40.0	TRUE	G	2.4488693E-4	0.0	0.09796902	0.87121075	14.852506	0.2746369	0.08999565	563.0	1.0
SPIKE	D16-17:G>	6	15025	3.9933444E-4	-1.0	39.979366	TRUE		NaN	NaN	NaN	NaN	NaN	NaN	NaN	NaN	NaN
SPIKE	S17:A>G	23	15025	0.0015307821	59.459663	40.0	TRUE	A	9.4612094E-4	90.0	0.07567051	0.5870378	32.65576	0.17088023	0.061157536	563.0	0.0
SPIKE	S17:A>T	7	15025	4.658902E-4	-1.0	40.0	TRUE	A	1.5778339E-4	3.0	0.10929854	0.91499925	9.412241	0.2827812	0.083477385	563.0	1.0
SPIKE	S17:A>C	3	15025	1.9966722E-4	-1.0	40.0	TRUE	A	1.3051873E-4	2.0	0.24168721	0.92915285	21.109459	0.12250727	0.19605249	563.0	1.0
SPIKE	D17-18:A>	8	15025	5.324459E-4	-1.0	39.999733	TRUE		NaN	NaN	NaN	NaN	NaN	NaN	NaN	NaN	NaN
SPIKE	S18:A>G	22	15025	0.0014642263	67.47598	40.0	TRUE	A	4.7306047E-4	45.0	0.07567051	0.7661839	32.65576	0.17088023	0.061157536	563.0	0.0
SPIKE	S18:A>T	1	15025	6.655574E-5	-1.0	40.0	TRUE	A	1.5778339E-4	3.0	0.10929854	0.91499925	9.412241	0.2827812	0.083477385	563.0	1.0
SPIKE	S18:A>C	3	15025	1.9966722E-4	-1.0	40.0	TRUE	A	1.7312261E-4	28.0	0.24168721	0.9071313	21.109459	0.12250727	0.19605249	563.0	0.0
SPIKE	S19:C>G	1	15025	6.655574E-5	-1.0	40.0	TRUE	C	2.456831E-4	0.0	0.076011404	0.87082034	14.852506	0.26898214	0.14736925	563.0	1.0
SPIKE	S19:C>T	5	15025	3.327787E-4	16.300888	40.0	TRUE	C	3.433875E-4	30.0	0.06657651	0.82421225	24.489717	0.18424639	0.17660156	563.0	0.0
SPIKE	D19-20:C>	4	15025	2.6622295E-4	-1.0	39.999733	TRUE		NaN	NaN	NaN	NaN	NaN	NaN	NaN	NaN	NaN
SPIKE	S19:C>A	0	15025	0.0	-1.0	0.0	TRUE	C	1.4352487E-4	16.0	0.17919134	0.922374	11.889089	0.16420248	0.09897023	563.0	0.0
SPIKE	S20:C>G	2	15025	1.3311148E-4	-1.0	40.0	TRUE	C	2.456831E-4	0.0	0.076011404	0.87082034	14.852506	0.26898214	0.14736925	563.0	1.0
SPIKE	S20:C>T	9	15025	5.9900165E-4	-1.0	40.0	TRUE	C	1.9458626E-4	17.0	0.06657651	0.8962355	24.489717	0.18424639	0.17660156	563.0	0.0
SPIKE	S20:C>A	0	15025	0.0	-1.0	0.0	TRUE	C	9.867334E-5	11.0	0.17919134	0.9459618	11.889089	0.16420248	0.09897023	563.0	0.0
SPIKE	S21:A>G	9	15025	5.9900165E-4	28.342087	40.0	TRUE	A	3.8896082E-4	37.0	0.07567051	0.8033338	32.65576	0.17088023	0.061157536	563.0	0.0
SPIKE	S21:A>T	1	15025	6.655574E-5	-1.0	40.0	TRUE	A	2.0116364E-4	12.0	0.10929854	0.8929228	9.412241	0.2827812	0.083477385	563.0	0.0
SPIKE	S21:A>C	1	15025	6.655574E-5	-1.0	40.0	TRUE	A	1.23659E-4	20.0	0.24168721	0.9327482	21.109459	0.12250727	0.19605249	563.0	0.0
SPIKE	S22:A>T	15022	15025	0.9998003	-1.0	39.999935	TRUE	T	1.5778339E-4	0.0	0.10929854	0.91499925	9.412241	0.2827812	0.083477385	563.0	1.0
SPIKE	S22:A>G	0	15025	0.0	-1.0	0.0	TRUE	T	1.15637005E-4	11.0	0.07567051	0.93697035	32.65576	0.17088023	0.061157536	563.0	0.0
SPIKE	S22:A>C	0	15025	0.0	-1.0	0.0	TRUE	T	1.3051873E-4	0.0	0.24168721	0.92915285	21.109459	0.12250727	0.19605249	563.0	1.0
SPIKE	S23:A>G	15023	15025	0.9998669	9999.0	39.999535	TRUE	G	3.432922E-4	0.0	0.07567051	0.8242565	32.65576	0.17088023	0.061157536	563.0	1.0
SPIKE	S23:A>C	0	15025	0.0	-1.0	0.0	TRUE	G	1.3051873E-4	0.0	0.24168721	0.92915285	21.109459	0.12250727	0.19605249	563.0	1.0
SPIKE	S23:A>T	0	15025	0.0	-1.0	0.0	TRUE	G	3.0174546E-4	18.0	0.10929854	0.84376377	9.412241	0.2827812	0.083477385	563.0	0.0
SPIKE	S24:A>G	0	15025	0.0	-1.0	0.0	TRUE	A	1.8922419E-4	18.0	0.07567051	0.8989452	32.65576	0.17088023	0.061157536	563.0	0.0
SPIKE	S24:A>C	0	15025	0.0	-1.0	0.0	TRUE	A	1.5457376E-4	25.0	0.24168721	0.91665417	21.109459	0.12250727	0.19605249	563.0	0.0
SPIKE	S24:A>T	0	15025	0.0	-1.0	0.0	TRUE	A	1.5778339E-4	0.0	0.10929854	0.91499925	9.412241	0.2827812	0.083477385	563.0	1.0
SPIKE	S25:A>C	15023	15025	0.9998669	-1.0	39.9994	TRUE	C	1.3051873E-4	0.0	0.24168721	0.92915285	21.109459	0.12250727	0.19605249	563.0	1.0
SPIKE	S25:A>G	0	15025	0.0	-1.0	0.0	TRUE	C	3.432922E-4	0.0	0.07567051	0.8242565	32.65576	0.17088023	0.061157536	563.0	1.0
SPIKE	S25:A>T	0	15025	0.0	-1.0	0.0	TRUE	C	1.6763636E-4	10.0	0.10929854	0.90993756	9.412241	0.2827812	0.083477385	563.0	0.0
SPIKE	S26:T>A	1	15025	6.655574E-5	-1.0	40.0	TRUE	T	1.4805506E-4	2.0	0.15057144	0.9200245	9.412241	0.27823886	0.069251455	563.0	1.0
SPIKE	S26:T>C	15	15025	9.983361E-4	46.403885	40.0	TRUE	T	5.8712874E-4	50.0	0.07778845	0.71852595	32.65576	0.19131422	0.073856205	563.0	0.0
SPIKE	S26:T>G	0	15025	0.0	-1.0	0.0	TRUE	T	5.7197775E-4	38.0	0.12236124	0.7246812	21.109459	0.25768802	0.10470931	563.0	0.0
SPIKE	S27:G>A	9	15025	5.9900165E-4	-1.0	40.0	TRUE	G	1.2750225E-4	12.0	0.08581913	0.93073213	24.489717	0.17463005	0.062390417	563.0	0.0
SPIKE	D27-28:G>	5	15025	3.327787E-4	-1.0	39.9998	TRUE		NaN	NaN	NaN	NaN	NaN	NaN	NaN	NaN	NaN
SPIKE	S27:G>C	0	15025	0.0	-1.0	0.0	TRUE	G	2.4488693E-4	0.0	0.09796902	0.87121075	14.852506	0.2746369	0.08999565	563.0	1.0
SPIKE	S27:G>T	0	15025	0.0	-1.0	0.0	TRUE	G	2.5717192E-4	17.0	0.16398986	0.8652059	11.889089	0.2718802	0.07535946	563.0	0.0
SPIKE	S28:G>A	4	15025	2.6622295E-4	-1.0	40.0	TRUE	G	2.0187857E-4	19.0	0.08581913	0.89256346	24.489717	0.17463005	0.062390417	563.0	0.0
SPIKE	S28:G>C	0	15025	0.0	-1.0	0.0	TRUE	G	2.4488693E-4	1.0	0.09796902	0.87121075	14.852506	0.2746369	0.08999565	563.0	1.0
SPIKE	S28:G>T	0	15025	0.0	-1.0	0.0	TRUE	G	1.7985528E-4	1.0	0.16398986	0.9036994	11.889089	0.2718802	0.07535946	563.0	1.0
SPIKE	S29:G>A	5	15025	3.327787E-4	-1.0	40.0	TRUE	G	2.0187857E-4	19.0	0.08581913	0.89256346	24.489717	0.17463005	0.062390417	563.0	0.0
SPIKE	S29:G>T	3	15025	1.9966722E-4	-1.0	40.0	TRUE	G	1.7985528E-4	1.0	0.16398986	0.9036994	11.889089	0.2718802	0.07535946	563.0	1.0
SPIKE	S29:G>C	0	15025	0.0	-1.0	0.0	TRUE	G	2.4488693E-4	0.0	0.09796902	0.87121075	14.852506	0.2746369	0.08999565	563.0	1.0
SPIKE	S30:A>G	29	15025	0.0019301164	88.54809	40.0	TRUE	A	6.307473E-4	60.0	0.07567051	0.7010958	32.65576	0.17088023	0.061157536	563.0	0.0
SPIKE	S30:A>T	1	15025	6.655574E-5	-1.0	40.0	TRUE	A	1.8439999E-4	11.0	0.10929854	0.9013901	9.412241	0.2827812	0.083477385	563.0	0.0
SPIKE	S30:A>C	1	15025	6.655574E-5	-1.0	40.0	TRUE	A	1.3051873E-4	0.0	0.24168721	0.92915285	21.109459	0.12250727	0.19605249	563.0	1.0
SPIKE	S31:T>C	18	15025	0.0011980033	55.434788	40.0	TRUE	T	3.6401983E-4	31.0	0.07778845	0.8146936	32.65576	0.19131422	0.073856205	563.0	0.0
SPIKE	S31:T>A	0	15025	0.0	-1.0	0.0	TRUE	T	2.5168085E-4	16.0	0.15057144	0.86788476	9.412241	0.27823886	0.069251455	563.0	0.0
SPIKE	S31:T>G	0	15025	0.0	-1.0	0.0	TRUE	T	3.1774055E-4	0.0	0.12236124	0.8361996	21.109459	0.25768802	0.10470931	563.0	1.0
SPIKE	S32:C>T	7	15025	4.658902E-4	22.321487	40.0	TRUE	C	3.7772628E-4	33.0	0.06657651	0.808431	24.489717	0.18424639	0.17660156	563.0	0.0
SPIKE	S32:C>A	0	15025	0.0	-1.0	0.0	TRUE	C	1.0664874E-4	0.0	0.17919134	0.9417238	11.889089	0.16420248	0.09897023	563.0	1.0
SPIKE	S32:C>G	0	15025	0.0	-1.0	0.0	TRUE	C	2.456831E-4	0.0	0.076011404	0.87082034	14.852506	0.26898214	0.14736925	563.0	1.0
SPIKE	S33:C>T	3	15025	1.9966722E-4	-1.0	40.0	TRUE	C	1.4880126E-4	13.0	0.06657651	0.91963804	24.489717	0.18424639	0.17660156	563.0	0.0
SPIKE	S33:C>A	2	15025	1.3311148E-4	-1.0	40.0	TRUE	C	1.0664874E-4	9.0	0.17919134	0.9417238	11.889089	0.16420248	0.09897023	563.0	1.0
SPIKE	S33:C>G	1	15025	6.655574E-5	-1.0	40.0	TRUE	C	2.456831E-4	0.0	0.076011404	0.87082034	14.852506	0.26898214	0.14736925	563.0	1.0
SPIKE	S34:A>C	3	15025	1.9966722E-4	-1.0	40.0	TRUE	A	1.0511016E-4	17.0	0.24168721	0.94253993	21.109459	0.12250727	0.19605249	563.0	0.0
SPIKE	S34:A>T	3	15025	1.9966722E-4	-1.0	40.0	TRUE	A	1.8439999E-4	11.0	0.10929854	0.9013901	9.412241	0.2827812	0.083477385	563.0	0.0
SPIKE	S34:A>G	13	15025	8.6522463E-4	-1.0	40.0	TRUE	A	1.0512455E-4	10.0	0.07567051	0.94253224	32.65576	0.17088023	0.061157536	563.0	0.0
SPIKE	S35:T>C	21	15025	0.0013976706	-1.0	40.0	TRUE	T	2.9356437E-4	25.0	0.07778845	0.8476591	32.65576	0.19131422	0.073856205	563.0	0.0
SPIKE	S35:T>A	3	15025	1.9966722E-4	-1.0	40.0	TRUE	T	2.3595079E-4	15.0	0.15057144	0.8756049	9.412241	0.27823886	0.069251455	563.0	0.0
SPIKE	D35-36:T>	3	15025	1.9966722E-4	-1.0	39.999733	TRUE		NaN	NaN	NaN	NaN	NaN	NaN	NaN	NaN	NaN
SPIKE	S35:T>G	0	15025	0.0	-1.0	0.0	TRUE	T	3.1774055E-4	3.0	0.12236124	0.8361996	21.109459	0.25768802	0.10470931	563.0	1.0
SPIKE	S36:T>C	16	15025	0.0010648918	49.41419	40.0	TRUE	T	3.834627E-4	4.0	0.07778845	0.80582434	32.65576	0.19131422	0.073856205	563.0	1.0
SPIKE	S36:T>A	0	15025	0.0	-1.0	0.0	TRUE	T	1.5730053E-4	10.0	0.15057144	0.91524804	9.412241	0.27823886	0.069251455	563.0	0.0
SPIKE	S36:T>G	0	15025	0.0	-1.0	0.0	TRUE	T	3.1774055E-4	0.0	0.12236124	0.8361996	21.109459	0.25768802	0.10470931	563.0	1.0
SPIKE	S37:A>T	1	15025	6.655574E-5	4.2596874	40.0	TRUE	A	3.5203635E-4	21.0	0.10929854	0.82020867	9.412241	0.2827812	0.083477385	563.0	0.0
SPIKE	S37:A>G	17	15025	0.0011314476	-1.0	40.0	TRUE	A	1.3666191E-4	13.0	0.07567051	0.9259448	32.65576	0.17088023	0.061157536	563.0	0.0
SPIKE	S37:A>C	0	15025	0.0	-1.0	0.0	TRUE	A	1.3051873E-4	0.0	0.24168721	0.92915285	21.109459	0.12250727	0.19605249	563.0	1.0
SPIKE	S38:T>C	6	15025	3.9933444E-4	-1.0	40.0	TRUE	T	1.5265348E-4	13.0	0.07778845	0.9176457	32.65576	0.19131422	0.073856205	563.0	0.0
SPIKE	S38:T>A	3	15025	1.9966722E-4	-1.0	40.0	TRUE	T	2.0449069E-4	13.0	0.15057144	0.8912518	9.412241	0.27823886	0.069251455	563.0	0.0
SPIKE	S38:T>G	1	15025	6.655574E-5	4.2596874	40.0	TRUE	T	3.1774055E-4	1.0	0.12236124	0.8361996	21.109459	0.25768802	0.10470931	563.0	1.0
SPIKE	S39:C>T	10	15026	6.655131E-4	31.352386	40.0	TRUE	C	4.120376E-4	36.0	0.06657651	0.7929642	24.491348	0.18424639	0.17660156	563.0	0.0
SPIKE	S39:C>A	1	15026	6.6551314E-5	-1.0	40.0	TRUE	C	1.0664874E-4	2.0	0.17919134	0.9417238	11.889879	0.16420248	0.09897023	563.0	1.0
SPIKE	S39:C>G	0	15026	0.0	-1.0	0.0	TRUE	C	1.984851E-4	12.0	0.076011404	0.89427036	14.853495	0.26898214	0.14736925	563.0	0.0
SPIKE	S40:G>T	1	15026	6.6551314E-5	-1.0	40.0	TRUE	G	1.7985528E-4	1.0	0.16398986	0.9036994	11.889879	0.2718802	0.07535946	563.0	1.0
SPIKE	S40:G>A	18	15026	0.0011979236	-1.0	40.0	TRUE	G	2.3373858E-4	22.0	0.08581913	0.87669617	24.491348	0.17463005	0.062390417	563.0	0.0
SPIKE	S40:G>C	0	15026	0.0	-1.0	0.0	TRUE	G	2.143287E-4	13.0	0.09796902	0.886329	14.853495	0.2746369	0.08999565	563.0	0.0
SPIKE	S41:G>A	5	15026	3.3275655E-4	-1.0	40.0	TRUE	G	1.8061617E-4	17.0	0.08581913	0.9033123	24.491348	0.17463005	0.062390417	563.0	0.0
SPIKE	S41:G>C	0	15026	0.0	-1.0	0.0	TRUE	G	1.6486822E-4	10.0	0.09796902	0.9113568	14.853495	0.2746369	0.08999565	563.0	0.0
SPIKE	S41:G>T	0	15026	0.0	-1.0	0.0	TRUE	G	1.7985528E-4	0.0	0.16398986	0.9036994	11.889879	0.2718802	0.07535946	563.0	1.0
SPIKE	S42:C>T	18	15026	0.0011979236	55.434788	40.0	TRUE	C	3.4336466E-4	30.0	0.06657651	0.82422286	24.491348	0.18424639	0.17660156	563.0	0.0
SPIKE	S42:C>A	0	15026	0.0	-1.0	0.0	TRUE	C	1.0664874E-4	0.0	0.17919134	0.9417238	11.889879	0.16420248	0.09897023	563.0	1.0
SPIKE	S42:C>G	0	15026	0.0	-1.0	0.0	TRUE	C	3.969702E-4	24.0	0.076011404	0.7997195	14.853495	0.26898214	0.14736925	563.0	0.0
SPIKE	S43:G>T	2	15026	1.3310263E-4	-1.0	40.0	TRUE	G	1.7985528E-4	1.0	0.16398986	0.9036994	11.889879	0.2718802	0.07535946	563.0	1.0
SPIKE	S43:G>A	14	15026	9.317183E-4	-1.0	40.0	TRUE	G	1.6999169E-4	16.0	0.08581913	0.90873176	24.491348	0.17463005	0.062390417	563.0	0.0
SPIKE	S43:G>C	0	15026	0.0	-1.0	0.0	TRUE	G	1.9784187E-4	12.0	0.09796902	0.8945943	14.853495	0.2746369	0.08999565	563.0	0.0
SPIKE	S44:G>T	1	15026	6.6551314E-5	-1.0	40.0	TRUE	G	1.7985528E-4	0.0	0.16398986	0.9036994	11.889879	0.2718802	0.07535946	563.0	1.0
SPIKE	S44:G>A	7	15026	4.6585916E-4	-1.0	40.0	TRUE	G	1.8061617E-4	17.0	0.08581913	0.9033123	24.491348	0.17463005	0.062390417	563.0	0.0
SPIKE	S44:G>C	0	15026	0.0	-1.0	0.0	TRUE	G	2.4488693E-4	9.0	0.09796902	0.87121075	14.853495	0.2746369	0.08999565	563.0	1.0
SPIKE	S45:C>T	6	15026	3.9930787E-4	-1.0	40.0	TRUE	C	1.2590038E-4	11.0	0.06657651	0.9315719	24.491348	0.18424639	0.17660156	563.0	0.0
SPIKE	S45:C>A	0	15026	0.0	-1.0	0.0	TRUE	C	1.0664874E-4	1.0	0.17919134	0.9417238	11.889879	0.16420248	0.09897023	563.0	1.0
SPIKE	S45:C>G	0	15026	0.0	-1.0	0.0	TRUE	C	3.308085E-4	20.0	0.076011404	0.83007	14.853495	0.26898214	0.14736925	563.0	0.0
SPIKE	S46:G>C	1	15026	6.6551314E-5	-1.0	40.0	TRUE	G	2.143287E-4	13.0	0.09796902	0.886329	14.853495	0.2746369	0.08999565	563.0	0.0
SPIKE	S46:G>T	1	15026	6.6551314E-5	-1.0	40.0	TRUE	G	1.7985528E-4	0.0	0.16398986	0.9036994	11.889879	0.2718802	0.07535946	563.0	1.0
SPIKE	S46:G>A	5	15026	3.3275655E-4	-1.0	40.0	TRUE	G	2.0186514E-4	19.0	0.08581913	0.89257026	24.491348	0.17463005	0.062390417	563.0	0.0
SPIKE	S47:A>G	17	15026	0.0011313723	-1.0	40.0	TRUE	A	1.6818808E-4	16.0	0.07567051	0.909655	32.657932	0.17088023	0.061157536	563.0	0.0
SPIKE	S47:A>C	0	15026	0.0	-1.0	0.0	TRUE	A	1.3051873E-4	0.0	0.24168721	0.92915285	21.110863	0.12250727	0.19605249	563.0	1.0
SPIKE	S47:A>T	0	15026	0.0	-1.0	0.0	TRUE	A	1.5778339E-4	0.0	0.10929854	0.91499925	9.412868	0.2827812	0.083477385	563.0	1.0
SPIKE	S48:A>G	16	15026	0.001064821	-1.0	40.0	TRUE	A	1.2614107E-4	12.0	0.07567051	0.93144566	32.657932	0.17088023	0.061157536	563.0	0.0
SPIKE	S48:A>C	0	15026	0.0	-1.0	0.0	TRUE	A	1.3051873E-4	0.0	0.24168721	0.92915285	21.110863	0.12250727	0.19605249	563.0	1.0
SPIKE	S48:A>T	0	15026	0.0	-1.0	0.0	TRUE	A	1.676252E-4	10.0	0.10929854	0.9099433	9.412868	0.2827812	0.083477385	563.0	0.0
SPIKE	S49:T>C	27	15026	0.0017968854	-1.0	40.0	TRUE	T	1.17417934E-4	10.0	0.07778845	0.93603134	32.657932	0.19131422	0.073856205	563.0	0.0
SPIKE	S49:T>A	3	15026	1.9965394E-4	-1.0	40.0	TRUE	T	1.8874808E-4	12.0	0.15057144	0.8991862	9.412868	0.27823886	0.069251455	563.0	0.0
SPIKE	D49-50:T>	19	15026	0.0012644749	-1.0	39.99707	TRUE		NaN	NaN	NaN	NaN	NaN	NaN	NaN	NaN	NaN
SPIKE	S49:T>G	0	15026	0.0	-1.0	0.0	TRUE	T	3.1774055E-4	0.0	0.12236124	0.8361996	21.110863	0.25768802	0.10470931	563.0	1.0
SPIKE	S50:T>C	16	15026	0.001064821	-1.0	40.0	TRUE	T	1.17417934E-4	10.0	0.07778845	0.93603134	32.657932	0.19131422	0.073856205	563.0	0.0
SPIKE	S50:T>A	3	15026	1.9965394E-4	-1.0	40.0	TRUE	T	1.4805506E-4	1.0	0.15057144	0.9200245	9.412868	0.27823886	0.069251455	563.0	1.0
SPIKE	S50:T>G	0	15026	0.0	-1.0	0.0	TRUE	T	3.1774055E-4	1.0	0.12236124	0.8361996	21.110863	0.25768802	0.10470931	563.0	1.0
SPIKE	S51:T>C	16	15026	0.001064821	49.41419	40.0	TRUE	T	3.834627E-4	4.0	0.07778845	0.80582434	32.657932	0.19131422	0.073856205	563.0	1.0
SPIKE	S51:T>A	1	15026	6.6551314E-5	-1.0	40.0	TRUE	T	1.4805506E-4	6.0	0.15057144	0.9200245	9.412868	0.27823886	0.069251455	563.0	1.0
SPIKE	S51:T>G	0	15026	0.0	-1.0	0.0	TRUE	T	3.1774055E-4	1.0	0.12236124	0.8361996	21.110863	0.25768802	0.10470931	563.0	1.0
SPIKE	S52:A>G	20	15026	0.0013310262	-1.0	40.0	TRUE	A	1.2614107E-4	12.0	0.07567051	0.93144566	32.657932	0.17088023	0.061157536	563.0	0.0
SPIKE	S52:A>C	0	15026	0.0	-1.0	0.0	TRUE	A	2.4730156E-4	40.0	0.24168721	0.87002724	21.110863	0.12250727	0.19605249	563.0	0.0
SPIKE	S52:A>T	0	15026	0.0	-1.0	0.0	TRUE	A	1.5778339E-4	6.0	0.10929854	0.91499925	9.412868	0.2827812	0.083477385	563.0	1.0
SPIKE	S53:C>T	7	15026	4.6585916E-4	-1.0	40.0	TRUE	C	2.2890978E-4	20.0	0.06657651	0.8790828	24.491348	0.18424639	0.17660156	563.0	0.0
SPIKE	S53:C>A	2	15026	1.3310263E-4	-1.0	40.0	TRUE	C	1.0664874E-4	9.0	0.17919134	0.9417238	11.889879	0.16420248	0.09897023	563.0	1.0
SPIKE	D53-54:C>	6	15026	3.9930787E-4	-1.0	39.999535	TRUE		NaN	NaN	NaN	NaN	NaN	NaN	NaN	NaN	NaN
SPIKE	S53:C>G	0	15026	0.0	-1.0	0.0	TRUE	C	2.456831E-4	0.0	0.076011404	0.87082034	14.853495	0.26898214	0.14736925	563.0	1.0
SPIKE	S54:C>T	12	15026	7.9861574E-4	-1.0	40.0	TRUE	C	1.8312782E-4	16.0	0.06657651	0.9020359	24.491348	0.18424639	0.17660156	563.0	0.0
SPIKE	S54:C>A	2	15026	1.3310263E-4	-1.0	40.0	TRUE	C	1.0664874E-4	3.0	0.17919134	0.9417238	11.889879	0.16420248	0.09897023	563.0	1.0
SPIKE	S54:C>G	0	15026	0.0	-1.0	0.0	TRUE	C	2.456831E-4	0.0	0.076011404	0.87082034	14.853495	0.26898214	0.14736925	563.0	1.0
SPIKE	S55:A>T	4	15026	2.6620526E-4	-1.0	40.0	TRUE	A	1.5778339E-4	4.0	0.10929854	0.91499925	9.412868	0.2827812	0.083477385	563.0	1.0
SPIKE	S55:A>C	2	15026	1.3310263E-4	3.9120662	40.0	TRUE	A	0.0011994125	194.0	0.24168721	0.5090193	21.110863	0.12250727	0.19605249	563.0	0.0
SPIKE	S55:A>G	23	15026	0.0015306801	70.48629	40.0	TRUE	A	7.568464E-4	72.0	0.07567051	0.6530481	32.657932	0.17088023	0.061157536	563.0	0.0
SPIKE	D55-56:A>	1	15026	6.6551314E-5	-1.0	39.993546	TRUE		NaN	NaN	NaN	NaN	NaN	NaN	NaN	NaN	NaN
SPIKE	S56:C>T	9	15026	5.989618E-4	-1.0	40.0	TRUE	C	1.7168233E-4	15.0	0.06657651	0.9078672	24.491348	0.18424639	0.17660156	563.0	0.0
SPIKE	D56-57:C>	1	15026	6.6551314E-5	-1.0	39.99967	TRUE		NaN	NaN	NaN	NaN	NaN	NaN	NaN	NaN	NaN
SPIKE	S56:C>A	0	15026	0.0	-1.0	0.0	TRUE	C	1.0664874E-4	7.0	0.17919134	0.9417238	11.889879	0.16420248	0.09897023	563.0	1.0
SPIKE	S56:C>G	0	15026	0.0	-1.0	0.0	TRUE	C	2.456831E-4	0.0	0.076011404	0.87082034	14.853495	0.26898214	0.14736925	563.0	1.0
SPIKE	S57:C>T	5	15026	3.3275655E-4	-1.0	40.0	TRUE	C	2.8031543E-4	5.0	0.06657651	0.8540055	24.491348	0.18424639	0.17660156	563.0	1.0
SPIKE	S57:C>A	0	15026	0.0	-1.0	0.0	TRUE	C	1.0664874E-4	3.0	0.17919134	0.9417238	11.889879	0.16420248	0.09897023	563.0	1.0
SPIKE	S57:C>G	0	15026	0.0	-1.0	0.0	TRUE	C	2.456831E-4	0.0	0.076011404	0.87082034	14.853495	0.26898214	0.14736925	563.0	1.0
SPIKE	S58:A>T	1	15026	6.6551314E-5	-1.0	40.0	TRUE	A	1.5778339E-4	7.0	0.10929854	0.91499925	9.412868	0.2827812	0.083477385	563.0	1.0
SPIKE	S58:A>G	15	15026	9.982697E-4	46.403885	40.0	TRUE	A	3.5739967E-4	34.0	0.07567051	0.8177358	32.657932	0.17088023	0.061157536	563.0	0.0
SPIKE	S58:A>C	0	15026	0.0	-1.0	0.0	TRUE	A	8.037301E-5	13.0	0.24168721	0.9557585	21.110863	0.12250727	0.19605249	563.0	0.0
SPIKE	S59:T>C	17	15026	0.0011313723	52.424488	40.0	TRUE	T	3.522538E-4	30.0	0.07778845	0.8201083	32.657932	0.19131422	0.073856205	563.0	0.0
SPIKE	S59:T>A	1	15026	6.6551314E-5	-1.0	40.0	TRUE	T	1.7301907E-4	11.0	0.15057144	0.90718424	9.412868	0.27823886	0.069251455	563.0	0.0
SPIKE	D59-60:T>	1	15026	6.6551314E-5	-1.0	39.9994	TRUE		NaN	NaN	NaN	NaN	NaN	NaN	NaN	NaN	NaN
SPIKE	S59:T>G	0	15026	0.0	-1.0	0.0	TRUE	T	3.1774055E-4	1.0	0.12236124	0.8361996	21.110863	0.25768802	0.10470931	563.0	1.0
SPIKE	S60:T>C	16	15026	0.001064821	49.41419	40.0	TRUE	T	3.834627E-4	7.0	0.07778845	0.80582434	32.657932	0.19131422	0.073856205	563.0	1.0
SPIKE	S60:T>A	1	15026	6.6551314E-5	-1.0	40.0	TRUE	T	1.4805506E-4	4.0	0.15057144	0.9200245	9.412868	0.27823886	0.069251455	563.0	1.0
SPIKE	S60:T>G	0	15026	0.0	-1.0	0.0	TRUE	T	3.1774055E-4	2.0	0.12236124	0.8361996	21.110863	0.25768802	0.10470931	563.0	1.0
SPIKE	S61:G>A	2	15026	1.3310263E-4	-1.0	40.0	TRUE	G	1.1686929E-4	11.0	0.08581913	0.93632054	24.491348	0.17463005	0.062390417	563.0	0.0
SPIKE	S61:G>C	0	15026	0.0	-1.0	0.0	TRUE	G	2.4488693E-4	0.0	0.09796902	0.87121075	14.853495	0.2746369	0.08999565	563.0	1.0
SPIKE	S61:G>T	0	15026	0.0	-1.0	0.0	TRUE	G	1.663943E-4	11.0	0.16398986	0.91057414	11.889879	0.2718802	0.07535946	563.0	0.0
SPIKE	S62:A>T	1	15026	6.6551314E-5	-1.0	40.0	TRUE	A	1.5778339E-4	2.0	0.10929854	0.91499925	9.412868	0.2827812	0.083477385	563.0	1.0
SPIKE	S62:A>G	18	15026	0.0011979236	-1.0	40.0	TRUE	A	1.2614107E-4	12.0	0.07567051	0.93144566	32.657932	0.17088023	0.061157536	563.0	0.0
SPIKE	D62-63:A>	4	15026	2.6620526E-4	-1.0	39.999466	TRUE		NaN	NaN	NaN	NaN	NaN	NaN	NaN	NaN	NaN
SPIKE	I62:>A	1	15026	6.6551314E-5	-1.0	39.999466	TRUE		NaN	NaN	NaN	NaN	NaN	NaN	NaN	NaN	NaN
SPIKE	S62:A>C	0	15026	0.0	-1.0	0.0	TRUE	A	1.3051873E-4	0.0	0.24168721	0.92915285	21.110863	0.12250727	0.19605249	563.0	1.0
SPIKE	S63:A>T	1	15026	6.6551314E-5	-1.0	40.0	TRUE	A	1.5778339E-4	1.0	0.10929854	0.91499925	9.412868	0.2827812	0.083477385	563.0	1.0
SPIKE	S63:A>G	31	15026	0.0020630907	-1.0	40.0	TRUE	A	1.5767633E-4	15.0	0.07567051	0.9150544	32.657932	0.17088023	0.061157536	563.0	0.0
SPIKE	S63:A>C	0	15026	0.0	-1.0	0.0	TRUE	A	1.3051873E-4	0.0	0.24168721	0.92915285	21.110863	0.12250727	0.19605249	563.0	1.0
SPIKE	S64:A>G	10	15026	6.655131E-4	-1.0	40.0	TRUE	A	2.3125861E-4	22.0	0.07567051	0.87792104	32.657932	0.17088023	0.061157536	563.0	0.0
SPIKE	S64:A>C	1	15026	6.6551314E-5	-1.0	40.0	TRUE	A	1.3051873E-4	1.0	0.24168721	0.92915285	21.110863	0.12250727	0.19605249	563.0	1.0
SPIKE	S64:A>T	0	15026	0.0	-1.0	0.0	TRUE	A	1.5778339E-4	0.0	0.10929854	0.91499925	9.412868	0.2827812	0.083477385	563.0	1.0
SPIKE	S65:A>G	13	15026	8.6516707E-4	40.383286	40.0	TRUE	A	5.15076E-4	49.0	0.07567051	0.7482727	32.657932	0.17088023	0.061157536	563.0	0.0
SPIKE	S65:A>C	6	15026	3.9930787E-4	19.311188	40.0	TRUE	A	6.9244433E-4	112.0	0.24168721	0.67716104	21.110863	0.12250727	0.19605249	563.0	0.0
SPIKE	S65:A>T	0	15026	0.0	-1.0	0.0	TRUE	A	1.5778339E-4	1.0	0.10929854	0.91499925	9.412868	0.2827812	0.083477385	563.0	1.0
SPIKE	S66:C>T	3	15026	1.9965394E-4	-1.0	40.0	TRUE	C	1.1445489E-4	10.0	0.06657651	0.9375942	24.491348	0.18424639	0.17660156	563.0	0.0
SPIKE	D66-67:C>	6	15026	3.9930787E-4	-1.0	39.996807	TRUE		NaN	NaN	NaN	NaN	NaN	NaN	NaN	NaN	NaN
SPIKE	S66:C>A	0	15026	0.0	-1.0	0.0	TRUE	C	1.07636486E-4	12.0	0.17919134	0.94120026	11.889879	0.16420248	0.09897023	563.0	0.0
SPIKE	S66:C>G	0	15026	0.0	-1.0	0.0	TRUE	C	2.456831E-4	0.0	0.076011404	0.87082034	14.853495	0.26898214	0.14736925	563.0	1.0
SPIKE	S67:C>A	1	15026	6.6551314E-5	-1.0	40.0	TRUE	C	9.866678E-5	11.0	0.17919134	0.9459653	11.889879	0.16420248	0.09897023	563.0	0.0
SPIKE	S67:C>T	4	15026	2.6620526E-4	-1.0	40.0	TRUE	C	1.8312782E-4	16.0	0.06657651	0.9020359	24.491348	0.18424639	0.17660156	563.0	0.0
SPIKE	S67:C>G	0	15026	0.0	-1.0	0.0	TRUE	C	2.456831E-4	0.0	0.076011404	0.87082034	14.853495	0.26898214	0.14736925	563.0	1.0
SPIKE	S68:A>G	15	15026	9.982697E-4	37.025364	40.0	TRUE	A	9.145227E-4	87.0	0.07567051	0.59757453	32.657932	0.17088023	0.061157536	563.0	0.0
SPIKE	S68:A>C	2	15026	1.3310263E-4	-1.0	39.0	TRUE	A	1.3051873E-4	6.0	0.24168721	0.92915285	21.110863	0.12250727	0.19605249	563.0	1.0
SPIKE	S68:A>T	1	15026	6.6551314E-5	-1.0	40.0	TRUE	A	1.5778339E-4	4.0	0.10929854	0.91499925	9.412868	0.2827812	0.083477385	563.0	1.0
SPIKE	S69:G>A	8	15026	5.324105E-4	-1.0	40.0	TRUE	G	1.8061617E-4	17.0	0.08581913	0.9033123	24.491348	0.17463005	0.062390417	563.0	0.0
SPIKE	S69:G>C	0	15026	0.0	-1.0	0.0	TRUE	G	1.8135505E-4	11.0	0.09796902	0.90293664	14.853495	0.2746369	0.08999565	563.0	0.0
SPIKE	S69:G>T	0	15026	0.0	-1.0	0.0	TRUE	G	1.7985528E-4	0.0	0.16398986	0.9036994	11.889879	0.2718802	0.07535946	563.0	1.0
SPIKE	S70:C>A	1	15026	6.6551314E-5	-1.0	40.0	TRUE	C	1.0664874E-4	0.0	0.17919134	0.9417238	11.889879	0.16420248	0.09897023	563.0	1.0
SPIKE	S70:C>G	1	15026	6.6551314E-5	-1.0	40.0	TRUE	C	2.456831E-4	2.0	0.076011404	0.87082034	14.853495	0.26898214	0.14736925	563.0	1.0
SPIKE	S70:C>T	5	15026	3.3275655E-4	-1.0	40.0	TRUE	C	2.8613722E-4	25.0	0.06657651	0.851211	24.491348	0.18424639	0.17660156	563.0	0.0
SPIKE	D70-71:C>	1	15026	6.6551314E-5	-1.0	39.99787	TRUE		NaN	NaN	NaN	NaN	NaN	NaN	NaN	NaN	NaN
SPIKE	S71:C>T	7	15026	4.6585916E-4	-1.0	40.0	TRUE	C	2.4035526E-4	21.0	0.06657651	0.87343633	24.491348	0.18424639	0.17660156	563.0	0.0
SPIKE	S71:C>A	0	15026	0.0	-1.0	0.0	TRUE	C	1.0664874E-4	0.0	0.17919134	0.9417238	11.889879	0.16420248	0.09897023	563.0	1.0
SPIKE	S71:C>G	0	15026	0.0	-1.0	0.0	TRUE	C	1.8194468E-4	11.0	0.076011404	0.90263695	14.853495	0.26898214	0.14736925	563.0	0.0
SPIKE	S72:G>A	5	15026	3.3275655E-4	-1.0	40.0	TRUE	G	2.762365E-4	26.0	0.08581913	0.85596895	24.491348	0.17463005	0.062390417	563.0	0.0
SPIKE	S72:G>T	1	15026	6.6551314E-5	-1.0	40.0	TRUE	G	1.5126754E-4	10.0	0.16398986	0.918362	11.889879	0.2718802	0.07535946	563.0	0.0
SPIKE	S72:G>C	0	15026	0.0	-1.0	0.0	TRUE	G	2.4488693E-4	2.0	0.09796902	0.87121075	14.853495	0.2746369	0.08999565	563.0	1.0
SPIKE	S73:T>A	1	15026	6.6551314E-5	-1.0	40.0	TRUE	T	1.4805506E-4	0.0	0.15057144	0.9200245	9.412868	0.27823886	0.069251455	563.0	1.0
SPIKE	S73:T>G	1	15026	6.6551314E-5	-1.0	40.0	TRUE	T	2.8596984E-4	19.0	0.12236124	0.8512912	21.110863	0.25768802	0.10470931	563.0	0.0
SPIKE	S73:T>C	22	15026	0.0014641288	67.47598	40.0	TRUE	T	7.162494E-4	61.0	0.07778845	0.66814613	32.657932	0.19131422	0.073856205	563.0	0.0
SPIKE	S74:G>A	9	15026	5.989618E-4	-1.0	40.0	TRUE	G	2.6020786E-4	4.0	0.08581913	0.8637283	24.491348	0.17463005	0.062390417	563.0	1.0
SPIKE	S74:G>C	1	15026	6.6551314E-5	-1.0	40.0	TRUE	G	2.4488693E-4	0.0	0.09796902	0.87121075	14.853495	0.2746369	0.08999565	563.0	1.0
SPIKE	S74:G>T	2	15026	1.3310263E-4	-1.0	40.0	TRUE	G	1.7985528E-4	2.0	0.16398986	0.9036994	11.889879	0.2718802	0.07535946	563.0	1.0
SPIKE	S75:G>A	2	15026	1.3310263E-4	-1.0	40.0	TRUE	G	1.5936722E-4	15.0	0.08581913	0.9141837	24.491348	0.17463005	0.062390417	563.0	0.0
SPIKE	S75:G>C	0	15026	0.0	-1.0	0.0	TRUE	G	2.4488693E-4	0.0	0.09796902	0.87121075	14.853495	0.2746369	0.08999565	563.0	1.0
SPIKE	S75:G>T	0	15026	0.0	-1.0	0.0	TRUE	G	1.5126754E-4	10.0	0.16398986	0.918362	11.889879	0.2718802	0.07535946	563.0	0.0
SPIKE	S76:T>A	3	15026	1.9965394E-4	-1.0	40.0	TRUE	T	1.4805506E-4	1.0	0.15057144	0.9200245	9.412868	0.27823886	0.069251455	563.0	1.0
SPIKE	S76:T>G	3	15026	1.9965394E-4	-1.0	40.0	TRUE	T	2.5586775E-4	17.0	0.12236124	0.8658414	21.110863	0.25768802	0.10470931	563.0	0.0
SPIKE	S76:T>C	20	15026	0.0013310262	61.455387	40.0	TRUE	T	3.8747917E-4	33.0	0.07778845	0.8040042	32.657932	0.19131422	0.073856205	563.0	0.0
SPIKE	D76-77:T>	2	15026	1.3310263E-4	-1.0	39.997738	TRUE		NaN	NaN	NaN	NaN	NaN	NaN	NaN	NaN	NaN
SPIKE	S77:T>A	4	15026	2.6620526E-4	-1.0	40.0	TRUE	T	1.4805506E-4	0.0	0.15057144	0.9200245	9.412868	0.27823886	0.069251455	563.0	1.0
SPIKE	S77:T>C	18	15026	0.0011979236	-1.0	40.0	TRUE	T	1.17417934E-4	10.0	0.07778845	0.93603134	32.657932	0.19131422	0.073856205	563.0	0.0
SPIKE	S77:T>G	0	15026	0.0	-1.0	0.0	TRUE	T	3.1774055E-4	0.0	0.12236124	0.8361996	21.110863	0.25768802	0.10470931	563.0	1.0
SPIKE	S78:T>A	2	15026	1.3310263E-4	-1.0	40.0	TRUE	T	1.4805506E-4	0.0	0.15057144	0.9200245	9.412868	0.27823886	0.069251455	563.0	1.0
SPIKE	S78:T>G	1	15026	6.6551314E-5	-1.0	40.0	TRUE	T	1.8061254E-4	12.0	0.12236124	0.9033142	21.110863	0.25768802	0.10470931	563.0	0.0
SPIKE	S78:T>C	13	15026	8.6516707E-4	40.383286	40.0	TRUE	T	3.834627E-4	8.0	0.07778845	0.80582434	32.657932	0.19131422	0.073856205	563.0	1.0
SPIKE	D79-88:GCGGCGATT>	1	15026	6.6551314E-5	-1.0	39.995075	TRUE		NaN	NaN	NaN	NaN	NaN	NaN	NaN	NaN	NaN
SPIKE	S79:G>A	8	15026	5.324105E-4	-1.0	40.0	TRUE	G	1.1686929E-4	11.0	0.08581913	0.93632054	24.491348	0.17463005	0.062390417	563.0	0.0
SPIKE	S79:G>C	0	15026	0.0	-1.0	0.0	TRUE	G	1.8135505E-4	11.0	0.09796902	0.90293664	14.853495	0.2746369	0.08999565	563.0	0.0
SPIKE	S79:G>T	0	15026	0.0	-1.0	0.0	TRUE	G	1.7985528E-4	3.0	0.16398986	0.9036994	11.889879	0.2718802	0.07535946	563.0	1.0
SPIKE	S80:C>A	1	15026	6.6551314E-5	-1.0	40.0	TRUE	C	1.0664874E-4	1.0	0.17919134	0.9417238	11.889879	0.16420248	0.09897023	563.0	1.0
SPIKE	S80:C>T	9	15026	5.989618E-4	28.342087	40.0	TRUE	C	3.204737E-4	28.0	0.06657651	0.8349139	24.491348	0.18424639	0.17660156	563.0	0.0
SPIKE	D80-81:C>	1	15026	6.6551314E-5	-1.0	39.99228	TRUE		NaN	NaN	NaN	NaN	NaN	NaN	NaN	NaN	NaN
SPIKE	S80:C>G	0	15026	0.0	-1.0	0.0	TRUE	C	2.3156595E-4	14.0	0.076011404	0.8777692	14.853495	0.26898214	0.14736925	563.0	0.0
SPIKE	S81:G>A	11	15026	7.320644E-4	-1.0	40.0	TRUE	G	1.4874274E-4	14.0	0.08581913	0.9196684	24.491348	0.17463005	0.062390417	563.0	0.0
SPIKE	S81:G>T	1	15026	6.6551314E-5	-1.0	40.0	TRUE	G	1.7985528E-4	1.0	0.16398986	0.9036994	11.889879	0.2718802	0.07535946	563.0	1.0
SPIKE	S81:G>C	1	15026	6.6551314E-5	-1.0	40.0	TRUE	G	2.4488693E-4	2.0	0.09796902	0.87121075	14.853495	0.2746369	0.08999565	563.0	1.0
SPIKE	S82:G>A	6	15026	3.9930787E-4	-1.0	40.0	TRUE	G	2.6561203E-4	25.0	0.08581913	0.86110437	24.491348	0.17463005	0.062390417	563.0	0.0
SPIKE	S82:G>C	1	15026	6.6551314E-5	-1.0	40.0	TRUE	G	2.3081551E-4	14.0	0.09796902	0.8781401	14.853495	0.2746369	0.08999565	563.0	0.0
SPIKE	S82:G>T	0	15026	0.0	-1.0	0.0	TRUE	G	1.7985528E-4	1.0	0.16398986	0.9036994	11.889879	0.2718802	0.07535946	563.0	1.0
SPIKE	S83:C>T	4	15026	2.6620526E-4	-1.0	40.0	TRUE	C	1.2590038E-4	11.0	0.06657651	0.9315719	24.491348	0.18424639	0.17660156	563.0	0.0
SPIKE	S83:C>A	0	15026	0.0	-1.0	0.0	TRUE	C	1.0664874E-4	0.0	0.17919134	0.9417238	11.889879	0.16420248	0.09897023	563.0	1.0
SPIKE	S83:C>G	0	15026	0.0	-1.0	0.0	TRUE	C	2.646468E-4	16.0	0.076011404	0.86157244	14.853495	0.26898214	0.14736925	563.0	0.0
SPIKE	S84:G>A	7	15026	4.6585916E-4	22.321487	40.0	TRUE	G	3.0810994E-4	29.0	0.08581913	0.8407458	24.491348	0.17463005	0.062390417	563.0	0.0
SPIKE	S84:G>T	2	15026	1.3310263E-4	-1.0	40.0	TRUE	G	1.7985528E-4	0.0	0.16398986	0.9036994	11.889879	0.2718802	0.07535946	563.0	1.0
SPIKE	S84:G>C	1	15026	6.6551314E-5	-1.0	40.0	TRUE	G	2.4488693E-4	2.0	0.09796902	0.87121075	14.853495	0.2746369	0.08999565	563.0	1.0
SPIKE	S85:A>G	17	15026	0.0011313723	-1.0	40.0	TRUE	A	1.3665282E-4	13.0	0.07567051	0.9259495	32.657932	0.17088023	0.061157536	563.0	0.0
SPIKE	S85:A>T	1	15026	6.6551314E-5	-1.0	40.0	TRUE	A	2.3467529E-4	14.0	0.10929854	0.87623394	9.412868	0.2827812	0.083477385	563.0	0.0
SPIKE	S85:A>C	2	15026	1.3310263E-4	-1.0	40.0	TRUE	A	1.3051873E-4	5.0	0.24168721	0.92915285	21.110863	0.12250727	0.19605249	563.0	1.0
SPIKE	S86:T>C	24	15026	0.0015972315	-1.0	40.0	TRUE	T	2.2309407E-4	19.0	0.07778845	0.8819658	32.657932	0.19131422	0.073856205	563.0	0.0
SPIKE	D86-87:T>	3	15026	1.9965394E-4	-1.0	39.995075	TRUE		NaN	NaN	NaN	NaN	NaN	NaN	NaN	NaN	NaN
SPIKE	S86:T>A	0	15026	0.0	-1.0	0.0	TRUE	T	1.4805506E-4	3.0	0.15057144	0.9200245	9.412868	0.27823886	0.069251455	563.0	1.0
SPIKE	S86:T>G	0	15026	0.0	-1.0	0.0	TRUE	T	1.6556149E-4	11.0	0.12236124	0.91100115	21.110863	0.25768802	0.10470931	563.0	0.0
SPIKE	S87:T>A	3	15026	1.9965394E-4	-1.0	40.0	TRUE	T	1.4805506E-4	3.0	0.15057144	0.9200245	9.412868	0.27823886	0.069251455	563.0	1.0
SPIKE	S87:T>C	9	15026	5.989618E-4	28.342087	40.0	TRUE	T	3.834627E-4	9.0	0.07778845	0.80582434	32.657932	0.19131422	0.073856205	563.0	1.0
SPIKE	S87:T>G	0	15026	0.0	-1.0	0.0	TRUE	T	3.1774055E-4	1.0	0.12236124	0.8361996	21.110863	0.25768802	0.10470931	563.0	1.0
SPIKE	S88:T>C	10	15026	6.655131E-4	-1.0	40.0	TRUE	T	1.526433E-4	13.0	0.07778845	0.91765094	32.657932	0.19131422	0.073856205	563.0	0.0
SPIKE	S88:T>A	0	15026	0.0	-1.0	0.0	TRUE	T	2.3593509E-4	15.0	0.15057144	0.8756127	9.412868	0.27823886	0.069251455	563.0	0.0
SPIKE	S88:T>G	0	15026	0.0	-1.0	0.0	TRUE	T	3.1774055E-4	0.0	0.12236124	0.8361996	21.110863	0.25768802	0.10470931	563.0	1.0
SPIKE	S89:A>G	12	15026	7.9861574E-4	37.372986	40.0	TRUE	A	3.432922E-4	5.0	0.07567051	0.8242565	32.657932	0.17088023	0.061157536	563.0	1.0
SPIKE	S89:A>T	1	15026	6.6551314E-5	4.2596874	40.0	TRUE	A	4.023005E-4	24.0	0.10929854	0.79732317	9.412868	0.2827812	0.083477385	563.0	0.0
SPIKE	S89:A>C	1	15026	6.6551314E-5	-1.0	40.0	TRUE	A	1.3051873E-4	0.0	0.24168721	0.92915285	21.110863	0.12250727	0.19605249	563.0	1.0
SPIKE	S90:T>A	1	15026	6.6551314E-5	-1.0	40.0	TRUE	T	1.4805506E-4	2.0	0.15057144	0.9200245	9.412868	0.27823886	0.069251455	563.0	1.0
SPIKE	S90:T>C	24	15026	0.0015972315	73.49659	40.0	TRUE	T	3.6399558E-4	31.0	0.07778845	0.8147047	32.657932	0.19131422	0.073856205	563.0	0.0
SPIKE	S90:T>G	0	15026	0.0	-1.0	0.0	TRUE	T	3.1774055E-4	2.0	0.12236124	0.8361996	21.110863	0.25768802	0.10470931	563.0	1.0
SPIKE	S91:C>A	2	15026	1.3310263E-4	-1.0	40.0	TRUE	C	1.0664874E-4	0.0	0.17919134	0.9417238	11.889879	0.16420248	0.09897023	563.0	1.0
SPIKE	S91:C>T	13	15026	8.6516707E-4	-1.0	40.0	TRUE	C	2.8031543E-4	9.0	0.06657651	0.8540055	24.491348	0.18424639	0.17660156	563.0	1.0
SPIKE	S91:C>G	0	15026	0.0	-1.0	0.0	TRUE	C	2.646468E-4	16.0	0.076011404	0.86157244	14.853495	0.26898214	0.14736925	563.0	0.0
SPIKE	S92:G>A	10	15026	6.655131E-4	-1.0	40.0	TRUE	G	2.1248961E-4	20.0	0.08581913	0.8872472	24.491348	0.17463005	0.062390417	563.0	0.0
SPIKE	S92:G>C	1	15026	6.6551314E-5	-1.0	40.0	TRUE	G	2.4488693E-4	2.0	0.09796902	0.87121075	14.853495	0.2746369	0.08999565	563.0	1.0
SPIKE	S92:G>T	0	15026	0.0	-1.0	0.0	TRUE	G	2.269013E-4	15.0	0.16398986	0.88007736	11.889879	0.2718802	0.07535946	563.0	0.0
SPIKE	S93:T>G	1	15026	6.6551314E-5	4.2596874	40.0	TRUE	T	3.1774055E-4	3.0	0.12236124	0.8361996	21.110863	0.25768802	0.10470931	563.0	1.0
SPIKE	S93:T>C	30	15026	0.0019965393	91.55839	40.0	TRUE	T	4.2270456E-4	36.0	0.07778845	0.78821635	32.657932	0.19131422	0.073856205	563.0	0.0
SPIKE	S93:T>A	0	15026	0.0	-1.0	0.0	TRUE	T	1.4805506E-4	2.0	0.15057144	0.9200245	9.412868	0.27823886	0.069251455	563.0	1.0
SPIKE	S94:C>A	1	15026	6.6551314E-5	-1.0	40.0	TRUE	C	1.0664874E-4	0.0	0.17919134	0.9417238	11.889879	0.16420248	0.09897023	563.0	1.0
SPIKE	S94:C>T	9	15026	5.989618E-4	-1.0	40.0	TRUE	C	1.2590038E-4	11.0	0.06657651	0.9315719	24.491348	0.18424639	0.17660156	563.0	0.0
SPIKE	S94:C>G	0	15026	0.0	-1.0	0.0	TRUE	C	2.9772765E-4	18.0	0.076011404	0.8456746	14.853495	0.26898214	0.14736925	563.0	0.0
SPIKE	S95:G>A	10	15026	6.655131E-4	-1.0	40.0	TRUE	G	2.5498754E-4	24.0	0.08581913	0.86627054	24.491348	0.17463005	0.062390417	563.0	0.0
SPIKE	S95:G>C	0	15026	0.0	-1.0	0.0	TRUE	G	2.4488693E-4	3.0	0.09796902	0.87121075	14.853495	0.2746369	0.08999565	563.0	1.0
SPIKE	S95:G>T	0	15026	0.0	-1.0	0.0	TRUE	G	2.269013E-4	15.0	0.16398986	0.88007736	11.889879	0.2718802	0.07535946	563.0	0.0
SPIKE	S96:T>C	14	15026	9.317183E-4	43.393585	40.0	TRUE	T	5.283807E-4	45.0	0.07778845	0.74268866	32.657932	0.19131422	0.073856205	563.0	0.0
SPIKE	S96:T>A	4	15026	2.6620526E-4	-1.0	40.0	TRUE	T	1.4805506E-4	1.0	0.15057144	0.9200245	9.412868	0.27823886	0.069251455	563.0	1.0
SPIKE	S96:T>G	0	15026	0.0	-1.0	0.0	TRUE	T	3.1774055E-4	2.0	0.12236124	0.8361996	21.110863	0.25768802	0.10470931	563.0	1.0
SPIKE	S97:C>T	7	15026	4.6585916E-4	-1.0	40.0	TRUE	C	1.8312782E-4	16.0	0.06657651	0.9020359	24.491348	0.18424639	0.17660156	563.0	0.0
SPIKE	S97:C>A	0	15026	0.0	-1.0	0.0	TRUE	C	1.7939415E-4	20.0	0.17919134	0.903934	11.889879	0.16420248	0.09897023	563.0	0.0
SPIKE	S97:C>G	0	15026	0.0	-1.0	0.0	TRUE	C	2.456831E-4	0.0	0.076011404	0.87082034	14.853495	0.26898214	0.14736925	563.0	1.0
SPIKE	S98:A>T	1	15026	6.6551314E-5	-1.0	40.0	TRUE	A	2.514378E-4	15.0	0.10929854	0.86800355	9.412868	0.2827812	0.083477385	563.0	0.0
SPIKE	S98:A>G	13	15026	8.6516707E-4	-1.0	40.0	TRUE	A	1.0511755E-4	10.0	0.07567051	0.942536	32.657932	0.17088023	0.061157536	563.0	0.0
SPIKE	D98-101:ATC>	1	15026	6.6551314E-5	-1.0	39.99501	TRUE		NaN	NaN	NaN	NaN	NaN	NaN	NaN	NaN	NaN
SPIKE	S98:A>C	0	15026	0.0	-1.0	0.0	TRUE	A	1.3051873E-4	3.0	0.24168721	0.92915285	21.110863	0.12250727	0.19605249	563.0	1.0
SPIKE	S99:T>C	20	15026	0.0013310262	-1.0	40.0	TRUE	T	2.4657766E-4	21.0	0.07778845	0.8703819	32.657932	0.19131422	0.073856205	563.0	0.0
SPIKE	S99:T>A	1	15026	6.6551314E-5	-1.0	40.0	TRUE	T	1.4805506E-4	2.0	0.15057144	0.9200245	9.412868	0.27823886	0.069251455	563.0	1.0
SPIKE	S99:T>G	1	15026	6.6551314E-5	4.2596874	40.0	TRUE	T	3.1774055E-4	0.0	0.12236124	0.8361996	21.110863	0.25768802	0.10470931	563.0	1.0
SPIKE	S100:C>T	11	15026	7.320644E-4	34.362686	40.0	TRUE	C	3.090282E-4	27.0	0.06657651	0.8403113	24.491348	0.18424639	0.17660156	563.0	0.0
SPIKE	S100:C>G	1	15026	6.6551314E-5	4.2596874	40.0	TRUE	C	3.6388935E-4	22.0	0.076011404	0.8147535	14.853495	0.26898214	0.14736925	563.0	0.0
SPIKE	S100:C>A	0	15026	0.0	-1.0	0.0	TRUE	C	1.0664874E-4	2.0	0.17919134	0.9417238	11.889879	0.16420248	0.09897023	563.0	1.0
SPIKE	S101:G>T	1	15026	6.6551314E-5	-1.0	40.0	TRUE	G	2.269013E-4	15.0	0.16398986	0.88007736	11.889879	0.2718802	0.07535946	563.0	0.0
SPIKE	S101:G>A	7	15026	4.6585916E-4	-1.0	40.0	TRUE	G	2.762365E-4	26.0	0.08581913	0.85596895	24.491348	0.17463005	0.062390417	563.0	0.0
SPIKE	S101:G>C	0	15026	0.0	-1.0	0.0	TRUE	G	2.4488693E-4	4.0	0.09796902	0.87121075	14.853495	0.2746369	0.08999565	563.0	1.0
SPIKE	S102:T>C	13	15026	8.6516707E-4	40.383286	40.0	TRUE	T	3.6399558E-4	31.0	0.07778845	0.8147047	32.657932	0.19131422	0.073856205	563.0	0.0
SPIKE	S102:T>A	3	15026	1.9965394E-4	-1.0	40.0	TRUE	T	1.4805506E-4	2.0	0.15057144	0.9200245	9.412868	0.27823886	0.069251455	563.0	1.0
SPIKE	S102:T>G	3	15026	1.9965394E-4	10.280287	40.0	TRUE	T	3.010209E-4	20.0	0.12236124	0.84410805	21.110863	0.25768802	0.10470931	563.0	0.0
SPIKE	S103:G>A	5	15026	3.3275655E-4	-1.0	40.0	TRUE	G	2.6020786E-4	8.0	0.08581913	0.8637283	24.491348	0.17463005	0.062390417	563.0	1.0
SPIKE	D103-104:G>	2	15026	1.3310263E-4	-1.0	39.997738	TRUE		NaN	NaN	NaN	NaN	NaN	NaN	NaN	NaN	NaN
SPIKE	S103:G>C	0	15026	0.0	-1.0	0.0	TRUE	G	2.4488693E-4	0.0	0.09796902	0.87121075	14.853495	0.2746369	0.08999565	563.0	1.0
SPIKE	S103:G>T	0	15026	0.0	-1.0	0.0	TRUE	G	1.7985528E-4	2.0	0.16398986	0.9036994	11.889879	0.2718802	0.07535946	563.0	1.0
SPIKE	S104:G>C	1	15026	6.6551314E-5	4.2596874	40.0	TRUE	G	2.967628E-4	18.0	0.09796902	0.84613407	14.853495	0.2746369	0.08999565	563.0	0.0
SPIKE	S104:G>T	1	15026	6.6551314E-5	-1.0	40.0	TRUE	G	1.7985528E-4	0.0	0.16398986	0.9036994	11.889879	0.2718802	0.07535946	563.0	1.0
SPIKE	S104:G>A	3	15026	1.9965394E-4	-1.0	40.0	TRUE	G	2.3373858E-4	22.0	0.08581913	0.87669617	24.491348	0.17463005	0.062390417	563.0	0.0
SPIKE	S105:C>T	11	15026	7.320644E-4	-1.0	40.0	TRUE	C	2.8613722E-4	25.0	0.06657651	0.851211	24.491348	0.18424639	0.17660156	563.0	0.0
SPIKE	S105:C>A	1	15026	6.6551314E-5	-1.0	40.0	TRUE	C	1.0664874E-4	2.0	0.17919134	0.9417238	11.889879	0.16420248	0.09897023	563.0	1.0
SPIKE	S105:C>G	1	15026	6.6551314E-5	4.2596874	40.0	TRUE	C	3.4734892E-4	21.0	0.076011404	0.8223761	14.853495	0.26898214	0.14736925	563.0	0.0
SPIKE	S106:G>T	1	15026	6.6551314E-5	-1.0	40.0	TRUE	G	1.7985528E-4	4.0	0.16398986	0.9036994	11.889879	0.2718802	0.07535946	563.0	1.0
SPIKE	S106:G>A	10	15026	6.655131E-4	31.352386	40.0	TRUE	G	3.1873444E-4	30.0	0.08581913	0.83573186	24.491348	0.17463005	0.062390417	563.0	0.0
SPIKE	S106:G>C	0	15026	0.0	-1.0	0.0	TRUE	G	2.4488693E-4	3.0	0.09796902	0.87121075	14.853495	0.2746369	0.08999565	563.0	1.0
SPIKE	S107:G>C	1	15026	6.6551314E-5	-1.0	40.0	TRUE	G	2.8027597E-4	17.0	0.09796902	0.8540245	14.853495	0.2746369	0.08999565	563.0	0.0
SPIKE	S107:G>A	7	15026	4.6585916E-4	-1.0	40.0	TRUE	G	2.5498754E-4	24.0	0.08581913	0.86627054	24.491348	0.17463005	0.062390417	563.0	0.0
SPIKE	S107:G>T	0	15026	0.0	-1.0	0.0	TRUE	G	1.7985528E-4	1.0	0.16398986	0.9036994	11.889879	0.2718802	0.07535946	563.0	1.0
SPIKE	S108:C>T	5	15026	3.3275655E-4	-1.0	40.0	TRUE	C	2.1746429E-4	19.0	0.06657651	0.88476574	24.491348	0.18424639	0.17660156	563.0	0.0
SPIKE	S108:C>A	0	15026	0.0	-1.0	0.0	TRUE	C	1.6145474E-4	18.0	0.17919134	0.9131099	11.889879	0.16420248	0.09897023	563.0	0.0
SPIKE	S108:C>G	0	15026	0.0	-1.0	0.0	TRUE	C	2.456831E-4	3.0	0.076011404	0.87082034	14.853495	0.26898214	0.14736925	563.0	1.0
SPIKE	S109:A>T	2	15026	1.3310263E-4	-1.0	40.0	TRUE	A	1.5778339E-4	0.0	0.10929854	0.91499925	9.412868	0.2827812	0.083477385	563.0	1.0
SPIKE	S109:A>G	18	15026	0.0011979236	55.434788	40.0	TRUE	A	4.0995845E-4	39.0	0.07567051	0.793893	32.657932	0.17088023	0.061157536	563.0	0.0
SPIKE	S109:A>C	0	15026	0.0	-1.0	0.0	TRUE	A	1.3051873E-4	3.0	0.24168721	0.92915285	21.110863	0.12250727	0.19605249	563.0	1.0
SPIKE	S110:G>A	5	15026	3.3275655E-4	-1.0	40.0	TRUE	G	1.4874274E-4	14.0	0.08581913	0.9196684	24.491348	0.17463005	0.062390417	563.0	0.0
SPIKE	S110:G>C	0	15026	0.0	-1.0	0.0	TRUE	G	2.6378914E-4	16.0	0.09796902	0.86198854	14.853495	0.2746369	0.08999565	563.0	0.0
SPIKE	S110:G>T	0	15026	0.0	-1.0	0.0	TRUE	G	1.7985528E-4	6.0	0.16398986	0.9036994	11.889879	0.2718802	0.07535946	563.0	1.0
SPIKE	S111:C>T	6	15026	3.9930787E-4	-1.0	40.0	TRUE	C	2.7469173E-4	24.0	0.06657651	0.8567137	24.491348	0.18424639	0.17660156	563.0	0.0
SPIKE	S111:C>A	0	15026	0.0	-1.0	0.0	TRUE	C	8.9697074E-5	10.0	0.17919134	0.95075446	11.889879	0.16420248	0.09897023	563.0	0.0
SPIKE	S111:C>G	0	15026	0.0	-1.0	0.0	TRUE	C	4.3005106E-4	26.0	0.076011404	0.78496295	14.853495	0.26898214	0.14736925	563.0	0.0
SPIKE	S112:G>C	2	15025	1.3311148E-4	-1.0	40.0	TRUE	G	2.4488693E-4	3.0	0.09796902	0.87121075	14.852506	0.2746369	0.08999565	563.0	1.0
SPIKE	S112:G>A	9	15025	5.9900165E-4	-1.0	40.0	TRUE	G	1.4875263E-4	14.0	0.08581913	0.91966325	24.489717	0.17463005	0.062390417	563.0	0.0
SPIKE	S112:G>T	0	15025	0.0	-1.0	0.0	TRUE	G	1.9666088E-4	13.0	0.16398986	0.8951893	11.889089	0.2718802	0.07535946	563.0	0.0
SPIKE	S113:T>C	20	15024	0.0013312034	61.455387	40.0	TRUE	T	4.1101748E-4	35.0	0.07778845	0.7934198	32.653587	0.19131422	0.073856205	563.0	0.0
SPIKE	S113:T>A	6	15024	3.9936102E-4	-1.0	40.0	TRUE	T	1.4805506E-4	7.0	0.15057144	0.9200245	9.411615	0.27823886	0.069251455	563.0	1.0
SPIKE	S113:T>G	0	15024	0.0	-1.0	0.0	TRUE	T	5.8706885E-4	39.0	0.12236124	0.71855015	21.108053	0.25768802	0.10470931	563.0	0.0
SPIKE	S114:G>A	6	15024	3.9936102E-4	-1.0	40.0	TRUE	G	2.7627326E-4	26.0	0.08581913	0.85595125	24.488089	0.17463005	0.062390417	563.0	0.0
SPIKE	S114:G>C	0	15024	0.0	-1.0	0.0	TRUE	G	2.4488693E-4	7.0	0.09796902	0.87121075	14.851518	0.2746369	0.08999565	563.0	1.0
SPIKE	S114:G>T	0	15024	0.0	-1.0	0.0	TRUE	G	1.7985528E-4	2.0	0.16398986	0.9036994	11.888297	0.2718802	0.07535946	563.0	1.0
SPIKE	S115:A>T	3	15024	1.9968051E-4	-1.0	40.0	TRUE	A	1.5778339E-4	8.0	0.10929854	0.91499925	9.411615	0.2827812	0.083477385	563.0	1.0
SPIKE	S115:A>C	1	15024	6.656017E-5	-1.0	40.0	TRUE	A	1.4221732E-4	23.0	0.24168721	0.92305326	21.108053	0.12250727	0.19605249	563.0	0.0
SPIKE	S115:A>G	25	15024	0.0016640043	76.50689	40.0	TRUE	A	4.7309196E-4	45.0	0.07567051	0.7661703	32.653587	0.17088023	0.061157536	563.0	0.0
SPIKE	S116:C>T	7	15024	4.6592118E-4	-1.0	40.0	TRUE	C	2.8031543E-4	4.0	0.06657651	0.8540055	24.488089	0.18424639	0.17660156	563.0	1.0
SPIKE	S116:C>G	1	15024	6.656017E-5	-1.0	40.0	TRUE	C	2.456831E-4	0.0	0.076011404	0.87082034	14.851518	0.26898214	0.14736925	563.0	1.0
SPIKE	D116-117:C>	1	15024	6.656017E-5	-1.0	39.9994	TRUE		NaN	NaN	NaN	NaN	NaN	NaN	NaN	NaN	NaN
SPIKE	S116:C>A	0	15024	0.0	-1.0	0.0	TRUE	C	1.0765081E-4	12.0	0.17919134	0.9411927	11.888297	0.16420248	0.09897023	563.0	0.0
SPIKE	S117:C>T	6	15024	3.9936102E-4	19.311188	40.0	TRUE	C	4.1209246E-4	36.0	0.06657651	0.7929397	24.488089	0.18424639	0.17660156	563.0	0.0
SPIKE	S117:C>A	1	15024	6.656017E-5	-1.0	40.0	TRUE	C	1.0765081E-4	12.0	0.17919134	0.9411927	11.888297	0.16420248	0.09897023	563.0	0.0
SPIKE	S117:C>G	0	15024	0.0	-1.0	0.0	TRUE	C	2.456831E-4	0.0	0.076011404	0.87082034	14.851518	0.26898214	0.14736925	563.0	1.0
SPIKE	S118:T>C	14	15023	9.319044E-4	43.393585	40.0	TRUE	T	3.6406828E-4	31.0	0.07778845	0.8146714	32.651413	0.19131422	0.073856205	563.0	0.0
SPIKE	S118:T>G	1	15023	6.65646E-5	-1.0	40.0	TRUE	T	1.505405E-4	10.0	0.12236124	0.918738	21.10665	0.25768802	0.10470931	563.0	0.0
SPIKE	S118:T>A	2	15023	1.331292E-4	7.269987	40.0	TRUE	T	4.719644E-4	30.0	0.15057144	0.7666569	9.410989	0.27823886	0.069251455	563.0	0.0
SPIKE	D118-119:T>	2	15023	1.331292E-4	-1.0	39.99414	TRUE		NaN	NaN	NaN	NaN	NaN	NaN	NaN	NaN	NaN
SPIKE	S119:A>T	3	15023	1.9969381E-4	10.280287	40.0	TRUE	A	4.694443E-4	28.0	0.10929854	0.7677454	9.410989	0.2827812	0.083477385	563.0	0.0
SPIKE	S119:A>G	8	15023	5.325168E-4	-1.0	40.0	TRUE	A	1.6822167E-4	16.0	0.07567051	0.9096378	32.651413	0.17088023	0.061157536	563.0	0.0
SPIKE	S119:A>C	0	15023	0.0	-1.0	0.0	TRUE	A	1.3051873E-4	8.0	0.24168721	0.92915285	21.10665	0.12250727	0.19605249	563.0	1.0
SPIKE	S120:T>C	15	15023	9.984691E-4	-1.0	40.0	TRUE	T	2.2313862E-4	19.0	0.07778845	0.8819437	32.651413	0.19131422	0.073856205	563.0	0.0
SPIKE	S120:T>G	1	15023	6.65646E-5	4.2596874	40.0	TRUE	T	3.914053E-4	26.0	0.12236124	0.802229	21.10665	0.25768802	0.10470931	563.0	0.0
SPIKE	S120:T>A	2	15023	1.331292E-4	-1.0	40.0	TRUE	T	1.8878577E-4	12.0	0.15057144	0.8991671	9.410989	0.27823886	0.069251455	563.0	0.0
SPIKE	S121:G>A	5	15023	3.32823E-4	-1.0	40.0	TRUE	G	1.4877244E-4	14.0	0.08581913	0.919653	24.486458	0.17463005	0.062390417	563.0	0.0
SPIKE	S121:G>C	0	15023	0.0	-1.0	0.0	TRUE	G	2.4488693E-4	0.0	0.09796902	0.87121075	14.850529	0.2746369	0.08999565	563.0	1.0
SPIKE	S121:G>T	0	15023	0.0	-1.0	0.0	TRUE	G	4.8415278E-4	32.0	0.16398986	0.76141405	11.887506	0.2718802	0.07535946	563.0	0.0
SPIKE	S122:T>C	14	15023	9.319044E-4	43.393585	40.0	TRUE	T	6.4592756E-4	55.0	0.07778845	0.6951294	32.651413	0.19131422	0.073856205	563.0	0.0
SPIKE	S122:T>G	1	15023	6.65646E-5	4.2596874	40.0	TRUE	T	4.3656744E-4	29.0	0.12236124	0.7820884	21.10665	0.25768802	0.10470931	563.0	0.0
SPIKE	S122:T>A	6	15023	3.9938762E-4	-1.0	40.0	TRUE	T	2.5171434E-4	16.0	0.15057144	0.8678684	9.410989	0.27823886	0.069251455	563.0	0.0
SPIKE	S123:G>A	4	15023	2.662584E-4	-1.0	40.0	TRUE	G	1.2751923E-4	12.0	0.08581913	0.93072325	24.486458	0.17463005	0.062390417	563.0	0.0
SPIKE	S123:G>C	0	15023	0.0	-1.0	0.0	TRUE	G	2.4488693E-4	6.0	0.09796902	0.87121075	14.850529	0.2746369	0.08999565	563.0	1.0
SPIKE	S123:G>T	0	15023	0.0	-1.0	0.0	TRUE	G	3.6311458E-4	24.0	0.16398986	0.81510895	11.887506	0.2718802	0.07535946	563.0	0.0
SPIKE	D124-126:TG>	5	15023	3.32823E-4	-1.0	39.983494	TRUE		NaN	NaN	NaN	NaN	NaN	NaN	NaN	NaN	NaN
SPIKE	S124:T>C	23	15023	0.0015309858	70.48629	40.0	TRUE	T	4.2278896E-4	36.0	0.07778845	0.7881789	32.651413	0.19131422	0.073856205	563.0	0.0
SPIKE	S124:T>G	1	15023	6.65646E-5	4.2596874	40.0	TRUE	T	4.817296E-4	32.0	0.12236124	0.7624535	21.10665	0.25768802	0.10470931	563.0	0.0
SPIKE	S124:T>A	2	15023	1.331292E-4	-1.0	40.0	TRUE	T	1.4805506E-4	0.0	0.15057144	0.9200245	9.410989	0.27823886	0.069251455	563.0	1.0
SPIKE	S125:G>T	1	15023	6.65646E-5	-1.0	40.0	TRUE	G	1.7985528E-4	3.0	0.16398986	0.9036994	11.887506	0.2718802	0.07535946	563.0	1.0
SPIKE	S125:G>A	5	15023	3.32823E-4	-1.0	40.0	TRUE	G	1.7002564E-4	16.0	0.08581913	0.9087144	24.486458	0.17463005	0.062390417	563.0	0.0
SPIKE	S125:G>C	0	15023	0.0	-1.0	0.0	TRUE	G	2.473517E-4	15.0	0.09796902	0.8700026	14.850529	0.2746369	0.08999565	563.0	0.0
SPIKE	S126:C>T	12	15023	7.9877523E-4	37.372986	40.0	TRUE	C	3.8922433E-4	34.0	0.06657651	0.80321467	24.486458	0.18424639	0.17660156	563.0	0.0
SPIKE	S126:C>G	2	15023	1.331292E-4	7.269987	40.0	TRUE	C	4.7976812E-4	29.0	0.076011404	0.76329595	14.850529	0.26898214	0.14736925	563.0	0.0
SPIKE	D126-128:CG>	1	15023	6.65646E-5	-1.0	39.99674	TRUE		NaN	NaN	NaN	NaN	NaN	NaN	NaN	NaN	NaN
SPIKE	S126:C>A	0	15023	0.0	-1.0	0.0	TRUE	C	1.1662948E-4	13.0	0.17919134	0.93644696	11.887506	0.16420248	0.09897023	563.0	0.0
SPIKE	S127:G>A	10	15023	6.65646E-4	-1.0	40.0	TRUE	G	1.7002564E-4	16.0	0.08581913	0.9087144	24.486458	0.17463005	0.062390417	563.0	0.0
SPIKE	S127:G>C	0	15023	0.0	-1.0	0.0	TRUE	G	2.4488693E-4	9.0	0.09796902	0.87121075	14.850529	0.2746369	0.08999565	563.0	1.0
SPIKE	S127:G>T	0	15023	0.0	-1.0	0.0	TRUE	G	1.7985528E-4	0.0	0.16398986	0.9036994	11.887506	0.2718802	0.07535946	563.0	1.0
SPIKE	S128:G>A	10	15023	6.65646E-4	-1.0	40.0	TRUE	G	2.2315865E-4	21.0	0.08581913	0.88193375	24.486458	0.17463005	0.062390417	563.0	0.0
SPIKE	S128:G>C	0	15023	0.0	-1.0	0.0	TRUE	G	2.8033194E-4	17.0	0.09796902	0.8539976	14.850529	0.2746369	0.08999565	563.0	0.0
SPIKE	S128:G>T	0	15023	0.0	-1.0	0.0	TRUE	G	1.7985528E-4	0.0	0.16398986	0.9036994	11.887506	0.2718802	0.07535946	563.0	1.0
SPIKE	S129:C>G	1	15023	6.65646E-5	4.2596874	40.0	TRUE	C	4.7976812E-4	29.0	0.076011404	0.76329595	14.850529	0.26898214	0.14736925	563.0	0.0
SPIKE	S129:C>T	5	15023	3.32823E-4	-1.0	40.0	TRUE	C	1.7171662E-4	15.0	0.06657651	0.90784967	24.486458	0.18424639	0.17660156	563.0	0.0
SPIKE	S129:C>A	0	15023	0.0	-1.0	0.0	TRUE	C	3.5885992E-4	40.0	0.17919134	0.81706375	11.887506	0.16420248	0.09897023	563.0	0.0
SPIKE	D130-133:GGC>	8	15023	5.325168E-4	-1.0	39.9781	TRUE		NaN	NaN	NaN	NaN	NaN	NaN	NaN	NaN	NaN
SPIKE	S130:G>A	6	15023	3.9938762E-4	-1.0	40.0	TRUE	G	2.3378525E-4	22.0	0.08581913	0.8766731	24.486458	0.17463005	0.062390417	563.0	0.0
SPIKE	S130:G>C	0	15023	0.0	-1.0	0.0	TRUE	G	2.4488693E-4	9.0	0.09796902	0.87121075	14.850529	0.2746369	0.08999565	563.0	1.0
SPIKE	S130:G>T	0	15023	0.0	-1.0	0.0	TRUE	G	1.7985528E-4	0.0	0.16398986	0.9036994	11.887506	0.2718802	0.07535946	563.0	1.0
SPIKE	S131:G>A	6	15023	3.9938762E-4	19.311188	40.0	TRUE	G	2.9754487E-4	28.0	0.08581913	0.8457616	24.486458	0.17463005	0.062390417	563.0	0.0
SPIKE	S131:G>C	1	15023	6.65646E-5	4.2596874	40.0	TRUE	G	3.6278254E-4	22.0	0.09796902	0.81526136	14.850529	0.2746369	0.08999565	563.0	0.0
SPIKE	S131:G>T	1	15023	6.65646E-5	-1.0	40.0	TRUE	G	1.7985528E-4	1.0	0.16398986	0.9036994	11.887506	0.2718802	0.07535946	563.0	1.0
SPIKE	S132:C>T	5	15023	3.32823E-4	-1.0	40.0	TRUE	C	1.7171662E-4	15.0	0.06657651	0.90784967	24.486458	0.18424639	0.17660156	563.0	0.0
SPIKE	S132:C>A	0	15023	0.0	-1.0	0.0	TRUE	C	6.5491936E-4	73.0	0.17919134	0.6916193	11.887506	0.16420248	0.09897023	563.0	0.0
SPIKE	S132:C>G	0	15023	0.0	-1.0	0.0	TRUE	C	1.6543729E-4	10.0	0.076011404	0.91106486	14.850529	0.26898214	0.14736925	563.0	0.0
SPIKE	S133:A>G	2	15023	1.331292E-4	7.269987	40.0	TRUE	A	3.1541564E-4	30.0	0.07567051	0.8372949	32.651413	0.17088023	0.061157536	563.0	0.0
SPIKE	D133-136:AGC>	1	15023	6.65646E-5	-1.0	39.994076	TRUE		NaN	NaN	NaN	NaN	NaN	NaN	NaN	NaN	NaN
SPIKE	S133:A>C	0	15023	0.0	-1.0	0.0	TRUE	A	3.957615E-4	64.0	0.24168721	0.8002639	21.10665	0.12250727	0.19605249	563.0	0.0
SPIKE	S133:A>T	0	15023	0.0	-1.0	0.0	TRUE	A	1.5778339E-4	0.0	0.10929854	0.91499925	9.410989	0.2827812	0.083477385	563.0	1.0
SPIKE	S134:G>A	24	15023	0.0015975505	73.49659	40.0	TRUE	G	4.569439E-4	43.0	0.08581913	0.7731676	24.486458	0.17463005	0.062390417	563.0	0.0
SPIKE	S134:G>C	1	15023	6.65646E-5	4.2596874	40.0	TRUE	G	4.1225288E-4	25.0	0.09796902	0.79286814	14.850529	0.2746369	0.08999565	563.0	0.0
SPIKE	S134:G>T	0	15023	0.0	-1.0	0.0	TRUE	G	1.7985528E-4	9.0	0.16398986	0.9036994	11.887506	0.2718802	0.07535946	563.0	1.0
SPIKE	I135:>C	4	15023	2.662584E-4	-1.0	39.991745	TRUE		NaN	NaN	NaN	NaN	NaN	NaN	NaN	NaN	NaN
SPIKE	S135:C>A	4	15023	2.662584E-4	-1.0	40.0	TRUE	C	1.9737297E-4	22.0	0.17919134	0.89483047	11.887506	0.16420248	0.09897023	563.0	0.0
SPIKE	S135:C>G	1	15023	6.65646E-5	-1.0	40.0	TRUE	C	1.9852474E-4	12.0	0.076011404	0.8942504	14.850529	0.26898214	0.14736925	563.0	0.0
SPIKE	S135:C>T	6	15023	3.9938762E-4	19.311188	40.0	TRUE	C	3.8922433E-4	34.0	0.06657651	0.80321467	24.486458	0.18424639	0.17660156	563.0	0.0
SPIKE	D135-136:C>	9	15023	5.990814E-4	-1.0	39.991745	TRUE		NaN	NaN	NaN	NaN	NaN	NaN	NaN	NaN	NaN
SPIKE	S136:C>A	2	15023	1.331292E-4	7.269987	40.0	TRUE	C	6.728624E-4	75.0	0.17919134	0.6846678	11.887506	0.16420248	0.09897023	563.0	0.0
SPIKE	S136:C>T	9	15023	5.990814E-4	28.342087	40.0	TRUE	C	5.265976E-4	46.0	0.06657651	0.7434346	24.486458	0.18424639	0.17660156	563.0	0.0
SPIKE	S136:C>G	0	15023	0.0	-1.0	0.0	TRUE	C	2.456831E-4	7.0	0.076011404	0.87082034	14.850529	0.26898214	0.14736925	563.0	1.0
SPIKE	S137:T>A	12	15021	7.988816E-4	-1.0	38.416668	TRUE	T	2.3601363E-4	15.0	0.15057144	0.87557393	9.409736	0.27823886	0.069251455	563.0	0.0
SPIKE	S137:T>G	1	15021	6.657346E-5	2.0412	39.0	TRUE	T	0.0010388677	69.0	0.12236124	0.5571713	21.103838	0.25768802	0.10470931	563.0	0.0
SPIKE	D137-138:T>	9	15021	5.991612E-4	-1.0	38.35417	TRUE		NaN	NaN	NaN	NaN	NaN	NaN	NaN	NaN	NaN
SPIKE	S137:T>C	0	15021	0.0	-1.0	0.0	TRUE	T	5.872851E-4	50.0	0.07778845	0.7184627	32.647068	0.19131422	0.073856205	563.0	0.0
SPIKE	I138:>G	1	15019	6.658233E-5	-1.0	38.90845	TRUE		NaN	NaN	NaN	NaN	NaN	NaN	NaN	NaN	NaN
SPIKE	S138:G>A	9	15019	5.9924094E-4	28.342087	38.0	TRUE	G	6.165071E-4	58.0	0.08581913	0.70673925	24.479939	0.17463005	0.062390417	563.0	0.0
SPIKE	S138:G>C	1	15019	6.658233E-5	-1.0	37.0	TRUE	G	2.4488693E-4	1.0	0.09796902	0.87121075	14.846575	0.2746369	0.08999565	563.0	1.0
SPIKE	D138-139:G>	7	15019	4.660763E-4	-1.0	38.90845	TRUE		NaN	NaN	NaN	NaN	NaN	NaN	NaN	NaN	NaN
SPIKE	D138-141:GAT>	1	15019	6.658233E-5	-1.0	38.90845	TRUE		NaN	NaN	NaN	NaN	NaN	NaN	NaN	NaN	NaN
SPIKE	S138:G>T	0	15019	0.0	-1.0	0.0	TRUE	G	3.783451E-4	25.0	0.16398986	0.80814946	11.88434	0.2718802	0.07535946	563.0	0.0
SPIKE	D139-140:A>	10	15019	6.658233E-4	-1.0	38.693523	TRUE		NaN	NaN	NaN	NaN	NaN	NaN	NaN	NaN	NaN
SPIKE	D139-141:AT>	1	15019	6.658233E-5	-1.0	38.693523	TRUE		NaN	NaN	NaN	NaN	NaN	NaN	NaN	NaN	NaN
SPIKE	S139:A>G	0	15019	0.0	-1.0	0.0	TRUE	A	2.523997E-4	24.0	0.07567051	0.8675336	32.64272	0.17088023	0.061157536	563.0	0.0
SPIKE	S139:A>C	0	15019	0.0	-1.0	0.0	TRUE	A	4.206086E-4	68.0	0.24168721	0.789147	21.101028	0.12250727	0.19605249	563.0	0.0
SPIKE	S139:A>T	0	15019	0.0	-1.0	0.0	TRUE	A	8.8882766E-4	53.0	0.10929854	0.60628206	9.408483	0.2827812	0.083477385	563.0	0.0
SPIKE	I140:>T	1	15019	6.658233E-5	-1.0	38.88994	TRUE		NaN	NaN	NaN	NaN	NaN	NaN	NaN	NaN	NaN
SPIKE	D140-142:TT>	2	15019	1.3316466E-4	-1.0	38.88994	TRUE		NaN	NaN	NaN	NaN	NaN	NaN	NaN	NaN	NaN
SPIKE	D140-144:TTAG>	1	15019	6.658233E-5	-1.0	38.88994	TRUE		NaN	NaN	NaN	NaN	NaN	NaN	NaN	NaN	NaN
SPIKE	S140:T>A	2	15019	1.3316466E-4	7.269987	38.0	TRUE	T	4.720901E-4	30.0	0.15057144	0.7666026	9.408483	0.27823886	0.069251455	563.0	0.0
SPIKE	S140:T>G	2	15019	1.3316466E-4	-1.0	39.0	TRUE	T	1.806967E-4	12.0	0.12236124	0.9032714	21.101028	0.25768802	0.10470931	563.0	0.0
SPIKE	S140:T>C	1	15019	6.658233E-5	4.2596874	38.0	TRUE	T	3.834627E-4	8.0	0.07778845	0.80582434	32.64272	0.19131422	0.073856205	563.0	1.0
SPIKE	D140-141:T>	22	15019	0.0014648113	-1.0	38.88994	TRUE		NaN	NaN	NaN	NaN	NaN	NaN	NaN	NaN	NaN
SPIKE	S141:T>A	7	15013	4.6626257E-4	15.631419	38.57143	TRUE	T	0.0011492117	73.0	0.15057144	0.523611	9.404724	0.27823886	0.069251455	563.0	0.0
SPIKE	S141:T>G	1	15013	6.660894E-5	-1.0	39.0	TRUE	T	2.4102523E-4	16.0	0.12236124	0.87310696	21.0926	0.25768802	0.10470931	563.0	0.0
SPIKE	S141:T>C	2	15013	1.3321788E-4	-1.0	37.0	TRUE	T	2.93799E-4	25.0	0.07778845	0.8475471	32.62968	0.19131422	0.073856205	563.0	0.0
SPIKE	S142:A>G	1	15012	6.661338E-5	2.0412	38.0	TRUE	A	9.364187E-4	89.0	0.07567051	0.5902532	32.627506	0.17088023	0.061157536	563.0	0.0
SPIKE	D142-143:A>	3	15012	1.9984013E-4	-1.0	38.732815	TRUE		NaN	NaN	NaN	NaN	NaN	NaN	NaN	NaN	NaN
SPIKE	I142:>A	1	15012	6.661338E-5	-1.0	38.732815	TRUE		NaN	NaN	NaN	NaN	NaN	NaN	NaN	NaN	NaN
SPIKE	D142-144:AG>	1	15012	6.661338E-5	-1.0	38.732815	TRUE		NaN	NaN	NaN	NaN	NaN	NaN	NaN	NaN	NaN
SPIKE	S142:A>C	0	15012	0.0	-1.0	0.0	TRUE	A	1.7946084E-4	29.0	0.24168721	0.9039001	21.091194	0.12250727	0.19605249	563.0	0.0
SPIKE	S142:A>T	0	15012	0.0	-1.0	0.0	TRUE	A	6.207917E-4	37.0	0.10929854	0.7050365	9.404098	0.2827812	0.083477385	563.0	0.0
SPIKE	S143:G>A	7	15012	4.6629363E-4	22.321487	36.714287	TRUE	G	6.486977E-4	61.0	0.08581913	0.69404614	24.468529	0.17463005	0.062390417	563.0	0.0
SPIKE	S143:G>T	1	15012	6.661338E-5	-1.0	39.0	TRUE	G	1.7985528E-4	5.0	0.16398986	0.9036994	11.878801	0.2718802	0.07535946	563.0	1.0
SPIKE	D143-144:G>	6	15012	3.9968026E-4	-1.0	38.80489	TRUE		NaN	NaN	NaN	NaN	NaN	NaN	NaN	NaN	NaN
SPIKE	D143-145:GC>	1	15012	6.661338E-5	-1.0	38.80489	TRUE		NaN	NaN	NaN	NaN	NaN	NaN	NaN	NaN	NaN
SPIKE	S143:G>C	0	15012	0.0	-1.0	0.0	TRUE	G	0.0016502198	100.0	0.09796902	0.39491934	14.839655	0.2746369	0.08999565	563.0	0.0
SPIKE	I144:>C	7	15011	4.663247E-4	-1.0	38.93185	TRUE		NaN	NaN	NaN	NaN	NaN	NaN	NaN	NaN	NaN
SPIKE	S144:C>A	1	15011	6.661782E-5	-1.0	37.0	TRUE	C	1.0774405E-4	12.0	0.17919134	0.9411433	11.878011	0.16420248	0.09897023	563.0	0.0
SPIKE	S144:C>T	3	15011	1.9985344E-4	10.280287	38.333332	TRUE	C	4.3536318E-4	38.0	0.06657651	0.7826189	24.466898	0.18424639	0.17660156	563.0	0.0
SPIKE	D144-145:C>	16	15011	0.0010658851	-1.0	38.93185	TRUE		NaN	NaN	NaN	NaN	NaN	NaN	NaN	NaN	NaN
SPIKE	S144:C>G	0	15011	0.0	-1.0	0.0	TRUE	C	9.4374636E-4	57.0	0.076011404	0.5878231	14.838667	0.26898214	0.14736925	563.0	0.0
SPIKE	S145:C>G	2	15008	1.3326226E-4	7.269987	39.5	TRUE	C	3.9744633E-4	24.0	0.076011404	0.7995052	14.835701	0.26898214	0.14736925	563.0	0.0
SPIKE	S145:C>A	5	15008	3.3315565E-4	-1.0	37.4	TRUE	C	1.0664874E-4	9.0	0.17919134	0.9417238	11.875636	0.16420248	0.09897023	563.0	1.0
SPIKE	S145:C>T	3	15008	1.9989339E-4	10.280287	37.666668	TRUE	C	4.354502E-4	38.0	0.06657651	0.7825805	24.46201	0.18424639	0.17660156	563.0	0.0
SPIKE	S146:C>T	4	15002	2.666311E-4	13.290587	38.75	TRUE	C	5.5026234E-4	48.0	0.06657651	0.7335954	24.452229	0.18424639	0.17660156	563.0	0.0
SPIKE	S146:C>A	0	15002	0.0	-1.0	0.0	TRUE	C	1.7069708E-4	19.0	0.17919134	0.908371	11.870889	0.16420248	0.09897023	563.0	0.0
SPIKE	S146:C>G	0	15002	0.0	-1.0	0.0	TRUE	C	0.0018389244	111.0	0.076011404	0.3551147	14.82977	0.26898214	0.14736925	563.0	0.0
SPIKE	S147:G>A	15	14994	0.0010004002	46.403885	38.266666	TRUE	G	5.6429923E-4	53.0	0.08581913	0.72782075	24.43919	0.17463005	0.062390417	563.0	0.0
SPIKE	S147:G>C	0	14994	0.0	-1.0	0.0	TRUE	G	0.0011730626	71.0	0.09796902	0.51662695	14.821861	0.2746369	0.08999565	563.0	0.0
SPIKE	S147:G>T	0	14994	0.0	-1.0	0.0	TRUE	G	0.0015310628	101.0	0.16398986	0.42232153	11.864558	0.2718802	0.07535946	563.0	0.0
SPIKE	S148:T>G	2	14985	1.334668E-4	1.3408211	35.5	TRUE	T	0.0023694793	157.0	0.12236124	0.26341704	21.05326	0.25768802	0.10470931	563.0	0.0
SPIKE	S148:T>A	1	14985	6.67334E-5	-1.0	38.0	TRUE	T	1.4805506E-4	4.0	0.15057144	0.9200245	9.387184	0.27823886	0.069251455	563.0	1.0
SPIKE	S148:T>C	0	14985	0.0	-1.0	0.0	TRUE	T	5.1805243E-4	44.0	0.07778845	0.7470198	32.56882	0.19131422	0.073856205	563.0	0.0
SPIKE	S149:G>A	7	14970	4.6760187E-4	22.321487	37.142857	TRUE	G	5.332113E-4	50.0	0.08581913	0.7406716	24.400072	0.17463005	0.062390417	563.0	0.0
SPIKE	S149:G>C	1	14970	6.680027E-5	1.0720997	36.0	TRUE	G	0.0015721072	95.0	0.09796902	0.41267443	14.798138	0.2746369	0.08999565	563.0	0.0
SPIKE	S149:G>T	0	14970	0.0	-1.0	0.0	TRUE	G	0.0011083839	73.0	0.16398986	0.5357862	11.845568	0.2718802	0.07535946	563.0	0.0
SPIKE	S150:C>A	0	14948	0.0	-1.0	0.0	TRUE	C	1.0664874E-4	7.0	0.17919134	0.9417238	11.828159	0.16420248	0.09897023	563.0	1.0
SPIKE	S150:C>G	0	14948	0.0	-1.0	0.0	TRUE	C	0.0014797794	89.0	0.076011404	0.43469277	14.77639	0.26898214	0.14736925	563.0	0.0
SPIKE	S150:C>T	0	14948	0.0	-1.0	0.0	TRUE	C	0.0014151412	123.0	0.06657651	0.4508032	24.364214	0.18424639	0.17660156	563.0	0.0
SPIKE	S151:T>A	0	14932	0.0	-1.0	0.0	TRUE	T	1.4805506E-4	3.0	0.15057144	0.9200245	9.353983	0.27823886	0.069251455	563.0	1.0
SPIKE	S151:T>G	0	14932	0.0	-1.0	0.0	TRUE	T	0.0019386616	128.0	0.12236124	0.3357238	20.978798	0.25768802	0.10470931	563.0	0.0
SPIKE	S151:T>C	0	14932	0.0	-1.0	0.0	TRUE	T	0.0014887794	126.0	0.07778845	0.4324957	32.453632	0.19131422	0.073856205	563.0	0.0
SPIKE	S152:G>A	0	14899	0.0	-1.0	0.0	TRUE	G	3.4288142E-4	32.0	0.08581913	0.82444715	24.284346	0.17463005	0.062390417	563.0	0.0
SPIKE	S152:G>C	0	14899	0.0	-1.0	0.0	TRUE	G	2.4488693E-4	6.0	0.09796902	0.87121075	14.727952	0.2746369	0.08999565	563.0	1.0
SPIKE	S152:G>T	0	14899	0.0	-1.0	0.0	TRUE	G	0.0010373873	68.0	0.16398986	0.5576359	11.789386	0.2718802	0.07535946	563.0	0.0
SPIKE	S153:G>A	0	14821	0.0	-1.0	0.0	TRUE	G	1.6157153E-4	15.0	0.08581913	0.9130499	24.157211	0.17463005	0.062390417	563.0	0.0
SPIKE	S153:G>C	0	14821	0.0	-1.0	0.0	TRUE	G	2.4488693E-4	0.0	0.09796902	0.87121075	14.650847	0.2746369	0.08999565	563.0	1.0
SPIKE	S153:G>T	0	14821	0.0	-1.0	0.0	TRUE	G	1.7985528E-4	7.0	0.16398986	0.9036994	11.727666	0.2718802	0.07535946	563.0	1.0
