#pipeline_block
reference	mutation	count	coverage	freq	score	cqs	has.reference	ancestral.allele	error.rate	minor.count.local	minor.fdr	minor.recall	minor.count.global	read.fraction.in.minors	q.filtered.read.fraction	mig.size	global.est
SPIKE	S0:T>A	0	52300	0.0	-1.0	0.0	TRUE	T	6.399237E-4	150.0	0.0070316824	0.92489904	85.16769	0.22470008	0.043463208	122.0	0.0
SPIKE	S0:T>G	0	52300	0.0	-1.0	0.0	TRUE	T	1.8513633E-4	44.0	0.0092823105	0.97766656	108.988	0.22212158	0.052724894	122.0	0.0
SPIKE	S0:T>C	0	52300	0.0	-1.0	0.0	TRUE	T	5.566553E-4	130.0	0.009669628	0.93434274	146.25484	0.22613333	0.06464937	122.0	0.0
SPIKE	S1:A>G	0	52400	0.0	-1.0	0.0	TRUE	A	5.7514716E-4	137.0	0.009014485	0.9322372	146.53448	0.22198437	0.043495566	122.0	0.0
SPIKE	S1:A>C	0	52400	0.0	-1.0	0.0	TRUE	A	4.7451214E-4	4.0	0.025069157	0.9437533	109.19639	0.23355897	0.0572453	122.0	1.0
SPIKE	S1:A>T	0	52400	0.0	-1.0	0.0	TRUE	A	9.51326E-4	214.0	0.0062564253	0.8904202	85.33053	0.23440807	0.051340293	122.0	0.0
SPIKE	S2:G>A	0	52583	0.0	-1.0	0.0	TRUE	G	0.0010470762	254.0	0.009155124	0.88007927	131.82594	0.21876824	0.044958726	122.0	0.0
SPIKE	S2:G>C	0	52583	0.0	-1.0	0.0	TRUE	G	5.1473675E-4	120.0	0.004315148	0.9391333	148.3154	0.22653085	0.052848134	122.0	0.0
SPIKE	S2:G>T	0	52583	0.0	-1.0	0.0	TRUE	G	3.7187297E-4	9.0	0.009050706	0.95564526	88.93147	0.22188762	0.05175599	122.0	1.0
SPIKE	S3:C>A	0	52717	0.0	-1.0	0.0	TRUE	C	3.4706786E-4	8.0	0.013217697	0.95854163	89.1581	0.2079615	0.06251348	122.0	1.0
SPIKE	S3:C>G	0	52717	0.0	-1.0	0.0	TRUE	C	0.0018681335	422.0	0.0040130485	0.7961941	148.69336	0.23431091	0.06625331	122.0	0.0
SPIKE	S3:C>T	0	52717	0.0	-1.0	0.0	TRUE	C	4.2101828E-4	103.0	0.008986786	0.94993263	132.16188	0.21743776	0.053018034	122.0	0.0
SPIKE	S4:G>A	92	52857	0.0017405453	266.29367	40.0	TRUE	G	3.9779485E-4	97.0	0.009155124	0.95262784	132.51286	0.21876824	0.044958726	122.0	0.0
SPIKE	S4:G>C	52	52857	9.837864E-4	86.88663	40.0	TRUE	G	0.0014465933	339.0	0.004315148	0.8382119	149.08824	0.22653085	0.052848134	122.0	0.0
SPIKE	S4:G>T	6	52857	1.1351382E-4	13.113299	40.0	TRUE	G	3.7855012E-4	91.0	0.009050706	0.9548671	89.394875	0.22188762	0.05175599	122.0	0.0
SPIKE	S5:T>A	12	52883	2.2691602E-4	-1.0	40.0	TRUE	T	4.641039E-5	11.0	0.0070316824	0.99435395	86.117065	0.22470008	0.043463208	122.0	0.0
SPIKE	S5:T>G	4	52883	7.563867E-5	0.30566683	40.0	TRUE	T	0.0016395354	394.0	0.0092823105	0.81871164	110.20291	0.22212158	0.052724894	122.0	0.0
SPIKE	S5:T>C	74	52883	0.0013993154	200.25494	40.0	TRUE	T	4.615886E-4	109.0	0.009669628	0.94524246	147.88518	0.22613333	0.06464937	122.0	0.0
SPIKE	I6:>G	1	52910	1.8900018E-5	-1.0	39.990646	TRUE		NaN	NaN	NaN	NaN	NaN	NaN	NaN	NaN	NaN
SPIKE	S6:G>A	36	52910	6.804007E-4	86.86131	40.0	TRUE	G	5.858524E-4	143.0	0.009155124	0.9310205	132.64574	0.21876824	0.044958726	122.0	0.0
SPIKE	S6:G>C	51	52910	9.6390094E-4	154.77469	40.0	TRUE	G	1.8330739E-4	43.0	0.004315148	0.9778847	149.23773	0.22653085	0.052848134	122.0	0.0
SPIKE	S6:G>T	9	52910	1.7010017E-4	5.7604303	40.0	TRUE	G	0.0012259387	295.0	0.009050706	0.86108285	89.48451	0.22188762	0.05175599	122.0	0.0
SPIKE	S7:A>G	35	52936	6.6117576E-4	52.2076	40.0	TRUE	A	0.0013838302	333.0	0.009014485	0.8446548	148.03339	0.22198437	0.043495566	122.0	0.0
SPIKE	S7:A>C	12	52936	2.2668883E-4	22.940357	40.0	TRUE	A	4.7451214E-4	4.0	0.025069157	0.9437533	110.313354	0.23355897	0.0572453	122.0	1.0
SPIKE	S7:A>T	70	52936	0.0013223515	216.7416	40.0	TRUE	A	9.68096E-5	22.0	0.0062564253	0.9882587	86.20338	0.23440807	0.051340293	122.0	0.0
SPIKE	D7-8:A>	62	52936	0.0011712257	-1.0	39.99828	TRUE		NaN	NaN	NaN	NaN	NaN	NaN	NaN	NaN	NaN
SPIKE	I7:>A	1	52936	1.8890736E-5	-1.0	39.99828	TRUE		NaN	NaN	NaN	NaN	NaN	NaN	NaN	NaN	NaN
SPIKE	S8:A>G	42	52943	7.93306E-4	103.676605	40.0	TRUE	A	5.8171357E-4	140.0	0.009014485	0.9314907	148.05296	0.22198437	0.043495566	122.0	0.0
SPIKE	S8:A>C	12	52943	2.2665886E-4	22.940357	40.0	TRUE	A	4.7451214E-4	3.0	0.025069157	0.9437533	110.32794	0.23355897	0.0572453	122.0	1.0
SPIKE	S8:A>T	43	52943	8.1219425E-4	-1.0	40.0	TRUE	A	7.039768E-5	16.0	0.0062564253	0.9914483	86.214775	0.23440807	0.051340293	122.0	0.0
SPIKE	S9:G>A	26	52945	4.910756E-4	26.054916	40.0	TRUE	G	0.0017031713	416.0	0.009155124	0.81238014	132.73347	0.21876824	0.044958726	122.0	0.0
SPIKE	S9:G>C	32	52945	6.044008E-4	97.57899	40.0	TRUE	G	1.7892606E-4	42.0	0.004315148	0.97840756	149.33646	0.22653085	0.052848134	122.0	0.0
SPIKE	S9:G>T	3	52945	5.6662575E-5	6.0206	40.0	TRUE	G	3.7187297E-4	4.0	0.009050706	0.95564526	89.54371	0.22188762	0.05175599	122.0	1.0
SPIKE	D9-10:G>	14	52945	2.6442535E-4	-1.0	39.97892	TRUE		NaN	NaN	NaN	NaN	NaN	NaN	NaN	NaN	NaN
SPIKE	D9-11:GA>	3	52945	5.6662575E-5	-1.0	39.97892	TRUE		NaN	NaN	NaN	NaN	NaN	NaN	NaN	NaN	NaN
SPIKE	S10:A>G	48	52945	9.066012E-4	77.325325	40.0	TRUE	A	0.0015788772	380.0	0.009014485	0.82479286	148.05856	0.22198437	0.043495566	122.0	0.0
SPIKE	S10:A>C	13	52945	2.455378E-4	31.537222	40.0	TRUE	A	4.1287314E-4	96.0	0.025069157	0.950877	110.332115	0.23355897	0.0572453	122.0	0.0
SPIKE	S10:A>T	61	52945	0.001152139	189.6489	40.0	TRUE	A	9.239346E-5	21.0	0.0062564253	0.9887913	86.21803	0.23440807	0.051340293	122.0	0.0
SPIKE	D10-11:A>	23	52945	4.3441306E-4	-1.0	39.968815	TRUE		NaN	NaN	NaN	NaN	NaN	NaN	NaN	NaN	NaN
SPIKE	D10-12:AC>	2	52945	3.777505E-5	-1.0	39.968815	TRUE		NaN	NaN	NaN	NaN	NaN	NaN	NaN	NaN	NaN
SPIKE	S11:C>A	1	52946	1.8887167E-5	0.09432235	40.0	TRUE	C	0.0011588903	299.0	0.013217697	0.86815536	89.545395	0.2079615	0.06251348	122.0	0.0
SPIKE	S11:C>G	29	52946	5.4772786E-4	67.5129	40.0	TRUE	C	5.5096374E-4	125.0	0.0040130485	0.9349918	149.33928	0.23431091	0.06625331	122.0	0.0
SPIKE	S11:C>T	101	52946	0.0019076039	278.8774	40.0	TRUE	C	4.5989608E-4	113.0	0.008986786	0.94543767	132.73598	0.21743776	0.053018034	122.0	0.0
SPIKE	D11-12:C>	27	52946	5.0995353E-4	-1.0	39.969006	TRUE		NaN	NaN	NaN	NaN	NaN	NaN	NaN	NaN	NaN
SPIKE	I12:>G	2	52947	3.777362E-5	-1.0	39.968327	TRUE		NaN	NaN	NaN	NaN	NaN	NaN	NaN	NaN	NaN
SPIKE	S12:G>A	73	52947	0.0013787373	186.33385	40.0	TRUE	G	7.532973E-4	184.0	0.009155124	0.9121943	132.7385	0.21876824	0.044958726	122.0	0.0
SPIKE	S12:G>C	20	52947	3.7773623E-4	21.010248	40.0	TRUE	G	0.0013546747	318.0	0.004315148	0.84766454	149.34209	0.22653085	0.052848134	122.0	0.0
SPIKE	S12:G>T	13	52947	2.4552856E-4	31.537222	40.0	TRUE	G	3.7187297E-4	6.0	0.009050706	0.95564526	89.54709	0.22188762	0.05175599	122.0	1.0
SPIKE	D12-13:G>	28	52947	5.2883074E-4	-1.0	39.968327	TRUE		NaN	NaN	NaN	NaN	NaN	NaN	NaN	NaN	NaN
SPIKE	D12-14:GA>	2	52947	3.777362E-5	-1.0	39.968327	TRUE		NaN	NaN	NaN	NaN	NaN	NaN	NaN	NaN	NaN
SPIKE	S13:A>G	30	52947	5.666043E-4	37.17795	40.0	TRUE	A	0.0015871271	382.0	0.009014485	0.8239631	148.06415	0.22198437	0.043495566	122.0	0.0
SPIKE	S13:A>C	13	52947	2.4552856E-4	25.388708	40.0	TRUE	A	4.2145874E-4	98.0	0.025069157	0.94988155	110.33628	0.23355897	0.0572453	122.0	0.0
SPIKE	S13:A>T	49	52947	9.254537E-4	148.75409	40.0	TRUE	A	8.799045E-5	20.0	0.0062564253	0.9893226	86.22129	0.23440807	0.051340293	122.0	0.0
SPIKE	D13-14:A>	17	52947	3.210758E-4	-1.0	39.976505	TRUE		NaN	NaN	NaN	NaN	NaN	NaN	NaN	NaN	NaN
SPIKE	I14:>C	1	52947	1.888681E-5	-1.0	39.975014	TRUE		NaN	NaN	NaN	NaN	NaN	NaN	NaN	NaN	NaN
SPIKE	S14:C>A	4	52947	7.554724E-5	0.4730946	40.0	TRUE	C	0.0015154433	391.0	0.013217697	0.83120066	89.54709	0.2079615	0.06251348	122.0	0.0
SPIKE	S14:C>G	36	52947	6.799252E-4	109.620186	40.0	TRUE	C	2.2038133E-4	50.0	0.0040130485	0.9734717	149.34209	0.23431091	0.06625331	122.0	0.0
SPIKE	S14:C>T	47	52947	8.8768016E-4	142.73349	40.0	TRUE	C	2.1569939E-4	53.0	0.008986786	0.97402793	132.7385	0.21743776	0.053018034	122.0	0.0
SPIKE	D14-15:C>	16	52947	3.0218897E-4	-1.0	39.975014	TRUE		NaN	NaN	NaN	NaN	NaN	NaN	NaN	NaN	NaN
SPIKE	D14-16:CA>	4	52947	7.554724E-5	-1.0	39.975014	TRUE		NaN	NaN	NaN	NaN	NaN	NaN	NaN	NaN	NaN
SPIKE	S15:A>G	41	52947	7.743593E-4	84.42641	40.0	TRUE	A	7.603253E-4	183.0	0.009014485	0.9114125	148.06415	0.22198437	0.043495566	122.0	0.0
SPIKE	S15:A>C	12	52947	2.2664174E-4	8.07949	40.0	TRUE	A	0.001298781	302.0	0.025069157	0.85346454	110.33628	0.23355897	0.0572453	122.0	0.0
SPIKE	S15:A>T	32	52947	6.0437794E-4	-1.0	40.0	TRUE	A	8.359092E-5	19.0	0.0062564253	0.98985374	86.22129	0.23440807	0.051340293	122.0	0.0
SPIKE	D15-16:A>	18	52947	3.399626E-4	-1.0	39.974316	TRUE		NaN	NaN	NaN	NaN	NaN	NaN	NaN	NaN	NaN
SPIKE	S16:G>A	25	52947	4.7217027E-4	24.251211	40.0	TRUE	G	0.0016990129	415.0	0.009155124	0.81279236	132.7385	0.21876824	0.044958726	122.0	0.0
SPIKE	S16:G>T	11	52947	2.0775493E-4	26.1236	40.0	TRUE	G	3.7187297E-4	6.0	0.009050706	0.95564526	89.54709	0.22188762	0.05175599	122.0	1.0
SPIKE	S16:G>C	66	52947	0.0012465295	189.44995	40.0	TRUE	G	3.9617845E-4	93.0	0.004315148	0.9528157	149.34209	0.22653085	0.052848134	122.0	0.0
SPIKE	D16-17:G>	16	52947	3.0218897E-4	-1.0	39.9725	TRUE		NaN	NaN	NaN	NaN	NaN	NaN	NaN	NaN	NaN
SPIKE	D16-18:GA>	8	52947	1.5109449E-4	-1.0	39.9725	TRUE		NaN	NaN	NaN	NaN	NaN	NaN	NaN	NaN	NaN
SPIKE	S17:A>G	43	52947	8.121329E-4	60.890263	40.0	TRUE	A	0.0017283898	416.0	0.009014485	0.80988455	148.06415	0.22198437	0.043495566	122.0	0.0
SPIKE	S17:A>T	64	52947	0.0012087559	198.6798	40.0	TRUE	A	1.0558854E-4	24.0	0.0062564253	0.9872008	86.22129	0.23440807	0.051340293	122.0	0.0
SPIKE	S17:A>C	11	52947	2.0775493E-4	20.53052	40.0	TRUE	A	4.7451214E-4	6.0	0.025069157	0.9437533	110.33628	0.23355897	0.0572453	122.0	1.0
SPIKE	D17-18:A>	40	52947	7.5547246E-4	-1.0	39.99118	TRUE		NaN	NaN	NaN	NaN	NaN	NaN	NaN	NaN	NaN
SPIKE	S18:A>G	40	52947	7.5547246E-4	108.40486	40.0	TRUE	A	3.4484698E-4	83.0	0.009014485	0.9588014	148.06415	0.22198437	0.043495566	122.0	0.0
SPIKE	S18:A>T	17	52947	3.210758E-4	-1.0	40.0	TRUE	A	5.719379E-5	13.0	0.0062564253	0.99304664	86.22129	0.23440807	0.051340293	122.0	0.0
SPIKE	S18:A>C	9	52947	1.699813E-4	20.808811	40.0	TRUE	A	3.8275335E-4	89.0	0.025069157	0.9543776	110.33628	0.23355897	0.0572453	122.0	0.0
SPIKE	S19:C>G	15	52947	2.8330216E-4	46.403885	40.0	TRUE	C	8.8152534E-5	20.0	0.0040130485	0.989303	149.34209	0.23431091	0.06625331	122.0	0.0
SPIKE	S19:C>A	3	52947	5.6660436E-5	0.6090995	40.0	TRUE	C	0.0011588684	299.0	0.013217697	0.8681577	89.54709	0.2079615	0.06251348	122.0	0.0
SPIKE	S19:C>T	33	52947	6.2326476E-4	100.58929	40.0	TRUE	C	2.116296E-4	52.0	0.008986786	0.9745116	132.7385	0.21743776	0.053018034	122.0	0.0
SPIKE	D19-20:C>	8	52947	1.5109449E-4	-1.0	39.99815	TRUE		NaN	NaN	NaN	NaN	NaN	NaN	NaN	NaN	NaN
SPIKE	S20:C>G	22	52947	4.1550986E-4	-1.0	40.0	TRUE	C	6.61144E-5	15.0	0.0040130485	0.9919665	149.34209	0.23431091	0.06625331	122.0	0.0
SPIKE	S20:C>A	10	52947	1.8886811E-4	18.164799	40.0	TRUE	C	4.2246372E-4	109.0	0.013217697	0.9497651	89.54709	0.2079615	0.06251348	122.0	0.0
SPIKE	S20:C>T	39	52947	7.3658564E-4	118.651085	40.0	TRUE	C	2.3604839E-4	58.0	0.008986786	0.9716128	132.7385	0.21743776	0.053018034	122.0	0.0
SPIKE	S21:A>G	67	52947	0.0012654164	180.02802	40.0	TRUE	A	4.2378786E-4	102.0	0.009014485	0.9496117	148.06415	0.22198437	0.043495566	122.0	0.0
SPIKE	S21:A>T	13	52947	2.4552856E-4	31.537222	40.0	TRUE	A	3.7933246E-4	9.0	0.0062564253	0.954776	86.22129	0.23440807	0.051340293	122.0	1.0
SPIKE	S21:A>C	36	52947	6.799252E-4	54.478607	40.0	TRUE	A	0.0013116829	305.0	0.025069157	0.85212225	110.33628	0.23355897	0.0572453	122.0	0.0
SPIKE	S22:A>C	5	52947	9.443406E-5	10.658173	40.0	TRUE	A	4.0855695E-4	95.0	0.025069157	0.95137787	110.33628	0.23355897	0.0572453	122.0	0.0
SPIKE	S22:A>G	0	52947	0.0	-1.0	0.0	TRUE	A	6.151744E-4	1.0	0.009014485	0.92769593	148.06415	0.22198437	0.043495566	122.0	1.0
SPIKE	S22:A>T	0	52947	0.0	-1.0	0.0	TRUE	A	3.7933246E-4	0.0	0.0062564253	0.954776	86.22129	0.23440807	0.051340293	122.0	1.0
SPIKE	S23:A>T	5	52947	9.443406E-5	10.658173	40.0	TRUE	C	4.003565E-4	91.0	0.0062564253	0.9523302	86.22129	0.23440807	0.051340293	122.0	0.0
SPIKE	S23:A>C	52924	52947	0.9995656	9999.0	39.999283	TRUE	C	4.7451214E-4	0.0	0.025069157	0.9437533	110.33628	0.23355897	0.0572453	122.0	1.0
SPIKE	S23:A>G	0	52947	0.0	-1.0	0.0	TRUE	C	6.151744E-4	0.0	0.009014485	0.92769593	148.06415	0.22198437	0.043495566	122.0	1.0
SPIKE	S24:A>G	5	52947	9.443406E-5	10.658173	40.0	TRUE	T	3.697757E-4	89.0	0.009014485	0.9558898	148.06415	0.22198437	0.043495566	122.0	0.0
SPIKE	S24:A>T	52922	52947	0.9995278	9999.0	39.998997	TRUE	T	3.7933246E-4	4.0	0.0062564253	0.954776	86.22129	0.23440807	0.051340293	122.0	1.0
SPIKE	D24-26:AA>	1	52947	1.888681E-5	-1.0	39.989063	TRUE		NaN	NaN	NaN	NaN	NaN	NaN	NaN	NaN	NaN
SPIKE	S24:A>C	0	52947	0.0	-1.0	0.0	TRUE	T	0.0012729774	296.0	0.025069157	0.8561555	110.33628	0.23355897	0.0572453	122.0	0.0
SPIKE	S25:A>G	52926	52947	0.9996034	9999.0	39.999092	TRUE	G	6.151744E-4	0.0	0.009014485	0.92769593	148.06415	0.22198437	0.043495566	122.0	1.0
SPIKE	D25-26:A>	5	52947	9.443406E-5	-1.0	39.98729	TRUE		NaN	NaN	NaN	NaN	NaN	NaN	NaN	NaN	NaN
SPIKE	S25:A>C	0	52947	0.0	-1.0	0.0	TRUE	G	4.7451214E-4	2.0	0.025069157	0.9437533	110.33628	0.23355897	0.0572453	122.0	1.0
SPIKE	S25:A>T	0	52947	0.0	-1.0	0.0	TRUE	G	0.0016806175	382.0	0.0062564253	0.8146185	86.22129	0.23440807	0.051340293	122.0	0.0
SPIKE	S26:T>G	3	52949	5.6658293E-5	0.14445476	40.0	TRUE	T	0.0017455496	420.0	0.0092823105	0.8081908	110.34045	0.22212158	0.052724894	122.0	0.0
SPIKE	S26:T>A	14	52949	2.6440536E-4	43.393585	40.0	TRUE	T	9.270508E-5	22.0	0.0070316824	0.9887537	86.22454	0.22470008	0.043463208	122.0	0.0
SPIKE	S26:T>C	53	52949	0.0010009632	125.077034	40.0	TRUE	T	6.344219E-4	150.0	0.009669628	0.92552006	148.06975	0.22613333	0.06464937	122.0	0.0
SPIKE	S27:G>A	28	52954	5.2876084E-4	85.53779	40.0	TRUE	G	2.046733E-4	50.0	0.009155124	0.97533906	132.75604	0.21876824	0.044958726	122.0	0.0
SPIKE	S27:G>T	4	52954	7.553726E-5	1.0965977	40.0	TRUE	G	0.0012581382	303.0	0.009050706	0.8577069	89.55893	0.22188762	0.05175599	122.0	0.0
SPIKE	S27:G>C	5	52954	9.442157E-5	-1.0	40.0	TRUE	G	5.5372464E-5	13.0	0.004315148	0.9932673	149.36183	0.22653085	0.052848134	122.0	0.0
SPIKE	D27-28:G>	31	52954	5.8541377E-4	-1.0	39.997395	TRUE		NaN	NaN	NaN	NaN	NaN	NaN	NaN	NaN	NaN
SPIKE	S28:G>A	25	52954	4.7210787E-4	76.50689	40.0	TRUE	G	2.497014E-4	61.0	0.009155124	0.96999574	132.75604	0.21876824	0.044958726	122.0	0.0
SPIKE	S28:G>T	29	52954	5.4764515E-4	-1.0	40.0	TRUE	G	7.4740885E-5	18.0	0.009050706	0.99092305	89.55893	0.22188762	0.05175599	122.0	0.0
SPIKE	S28:G>C	46	52954	8.686785E-4	139.72319	40.0	TRUE	G	2.2148986E-4	52.0	0.004315148	0.97334003	149.36183	0.22653085	0.052848134	122.0	0.0
SPIKE	S29:G>A	25	52954	4.7210787E-4	56.63544	40.0	TRUE	G	4.8712245E-4	119.0	0.009155124	0.94230247	132.75604	0.21876824	0.044958726	122.0	0.0
SPIKE	S29:G>T	19	52954	3.5880198E-4	58.445087	40.0	TRUE	G	1.0795906E-4	26.0	0.009050706	0.98691535	89.55893	0.22188762	0.05175599	122.0	0.0
SPIKE	S29:G>C	23	52954	4.3433925E-4	-1.0	40.0	TRUE	G	8.0928985E-5	19.0	0.004315148	0.99017525	149.36183	0.22653085	0.052848134	122.0	0.0
SPIKE	S30:A>G	42	52954	7.931412E-4	68.44417	40.0	TRUE	A	0.0013335091	321.0	0.009014485	0.8498562	148.08372	0.22198437	0.043495566	122.0	0.0
SPIKE	S30:A>T	21	52954	3.965706E-4	53.79622	40.0	TRUE	A	4.0470253E-4	92.0	0.0062564253	0.9518254	86.23269	0.23440807	0.051340293	122.0	0.0
SPIKE	S30:A>C	0	52954	0.0	-1.0	0.0	TRUE	A	4.7451214E-4	2.0	0.025069157	0.9437533	110.35087	0.23355897	0.0572453	122.0	1.0
SPIKE	S31:T>G	1	52955	1.8883959E-5	1.0720997	40.0	TRUE	T	4.5858268E-4	4.0	0.0092823105	0.9455892	110.35295	0.22212158	0.052724894	122.0	1.0
SPIKE	S31:T>A	12	52955	2.266075E-4	9.946553	40.0	TRUE	T	0.0011165483	265.0	0.0070316824	0.8726516	86.234314	0.22470008	0.043463208	122.0	0.0
SPIKE	S31:T>C	24	52955	4.53215E-4	47.17412	40.0	TRUE	T	6.00518E-4	142.0	0.009669628	0.9293562	148.08652	0.22613333	0.06464937	122.0	0.0
SPIKE	S32:C>T	21	52955	3.9656312E-4	26.178127	40.0	TRUE	C	0.0012126171	298.0	0.008986786	0.8624835	132.75854	0.21743776	0.053018034	122.0	0.0
SPIKE	S32:C>A	15	52955	2.8325937E-4	-1.0	40.0	TRUE	C	5.812843E-5	15.0	0.013217697	0.9929334	89.560616	0.2079615	0.06251348	122.0	0.0
SPIKE	S32:C>G	12	52955	2.266075E-4	37.372986	40.0	TRUE	C	1.0576706E-4	24.0	0.0040130485	0.98717934	149.36465	0.23431091	0.06625331	122.0	0.0
SPIKE	D32-33:C>	10	52955	1.8883958E-4	-1.0	39.996735	TRUE		NaN	NaN	NaN	NaN	NaN	NaN	NaN	NaN	NaN
SPIKE	S33:C>T	29	52955	5.476348E-4	88.54809	40.0	TRUE	C	1.8718251E-4	46.0	0.008986786	0.97742254	132.75854	0.21743776	0.053018034	122.0	0.0
SPIKE	S33:C>A	4	52955	7.5535834E-5	8.284564	40.0	TRUE	C	2.9451738E-4	76.0	0.013217697	0.9647067	89.560616	0.2079615	0.06251348	122.0	0.0
SPIKE	S33:C>G	27	52955	5.0986686E-4	82.52749	40.0	TRUE	C	1.013601E-4	23.0	0.0040130485	0.98771024	149.36465	0.23431091	0.06625331	122.0	0.0
SPIKE	S34:A>C	2	52955	3.7767917E-5	0.28028724	40.0	TRUE	A	0.0010921872	254.0	0.025069157	0.875249	110.35295	0.23355897	0.0572453	122.0	0.0
SPIKE	S34:A>T	17	52955	3.210273E-4	42.57172	40.0	TRUE	A	3.7830175E-4	86.0	0.0062564253	0.95489603	86.234314	0.23440807	0.051340293	122.0	0.0
SPIKE	S34:A>G	52	52955	9.819658E-4	143.39166	40.0	TRUE	A	3.1986996E-4	77.0	0.009014485	0.9617275	148.08652	0.22198437	0.043495566	122.0	0.0
SPIKE	S35:T>C	31	52955	5.854027E-4	82.3502	40.0	TRUE	T	3.00259E-4	71.0	0.009669628	0.9640312	148.08652	0.22613333	0.06464937	122.0	0.0
SPIKE	S35:T>A	14	52955	2.643754E-4	15.810462	40.0	TRUE	T	0.0010575608	251.0	0.0070316824	0.87895423	86.234314	0.22470008	0.043463208	122.0	0.0
SPIKE	S35:T>G	3	52955	5.6651876E-5	3.748162	40.0	TRUE	T	4.5858268E-4	3.0	0.0092823105	0.9455892	110.35295	0.22212158	0.052724894	122.0	1.0
SPIKE	D35-36:T>	16	52955	3.0214334E-4	-1.0	39.99677	TRUE		NaN	NaN	NaN	NaN	NaN	NaN	NaN	NaN	NaN
SPIKE	S36:T>C	36	52956	6.7980966E-4	109.620186	40.0	TRUE	T	2.1567494E-4	51.0	0.009669628	0.9740308	148.08932	0.22613333	0.06464937	122.0	0.0
SPIKE	S36:T>A	14	52956	2.643704E-4	34.27314	40.0	TRUE	T	3.4127812E-4	81.0	0.0070316824	0.9592189	86.23595	0.22470008	0.043463208	122.0	0.0
SPIKE	S36:T>G	6	52956	1.1330161E-4	9.311187	40.0	TRUE	T	4.5858268E-4	4.0	0.0092823105	0.9455892	110.355034	0.22212158	0.052724894	122.0	1.0
SPIKE	S37:A>C	2	52956	3.7767204E-5	2.2639637	40.0	TRUE	A	4.7451214E-4	0.0	0.025069157	0.9437533	110.355034	0.23355897	0.0572453	122.0	1.0
SPIKE	S37:A>T	5	52956	9.441801E-5	1.2043823	40.0	TRUE	A	0.0012976385	295.0	0.0062564253	0.8535835	86.23595	0.23440807	0.051340293	122.0	0.0
SPIKE	S37:A>G	49	52956	9.2529645E-4	134.66039	40.0	TRUE	A	2.9493947E-4	71.0	0.009014485	0.96465707	148.08932	0.22198437	0.043495566	122.0	0.0
SPIKE	D37-38:A>	3	52956	5.6650806E-5	-1.0	39.987595	TRUE		NaN	NaN	NaN	NaN	NaN	NaN	NaN	NaN	NaN
SPIKE	S38:T>C	30	52956	5.6650804E-4	70.25505	40.0	TRUE	T	4.5672338E-4	108.0	0.009669628	0.9458037	148.08932	0.22613333	0.06464937	122.0	0.0
SPIKE	S38:T>A	16	52956	3.0213763E-4	19.635284	40.0	TRUE	T	9.985545E-4	237.0	0.0070316824	0.88530445	86.23595	0.22470008	0.043463208	122.0	0.0
SPIKE	S38:T>G	0	52956	0.0	-1.0	0.0	TRUE	T	4.5858268E-4	3.0	0.0092823105	0.9455892	110.355034	0.22212158	0.052724894	122.0	1.0
SPIKE	S39:C>T	39	52956	7.3646044E-4	66.71591	40.0	TRUE	C	0.0012329398	303.0	0.008986786	0.8603477	132.76105	0.21743776	0.053018034	122.0	0.0
SPIKE	S39:C>A	8	52956	1.5106882E-4	18.199682	40.0	TRUE	C	3.4706786E-4	4.0	0.013217697	0.95854163	89.56231	0.2079615	0.06251348	122.0	1.0
SPIKE	S39:C>G	6	52956	1.1330161E-4	13.113299	40.0	TRUE	C	3.0848142E-4	70.0	0.0040130485	0.9630647	149.36748	0.23431091	0.06625331	122.0	0.0
SPIKE	D39-40:C>	2	52956	3.7767204E-5	-1.0	39.98812	TRUE		NaN	NaN	NaN	NaN	NaN	NaN	NaN	NaN	NaN
SPIKE	S40:G>C	21	52956	3.9655564E-4	29.991716	40.0	TRUE	G	0.0010435185	245.0	0.004315148	0.88046134	149.36748	0.22653085	0.052848134	122.0	0.0
SPIKE	S40:G>T	4	52956	7.553441E-5	8.284564	40.0	TRUE	G	3.7187297E-4	6.0	0.009050706	0.95564526	89.56231	0.22188762	0.05175599	122.0	1.0
SPIKE	S40:G>A	59	52956	0.0011141325	151.92128	40.0	TRUE	G	4.33891E-4	106.0	0.009155124	0.9484419	132.76105	0.21876824	0.044958726	122.0	0.0
SPIKE	D40-41:G>	5	52956	9.441801E-5	-1.0	39.99662	TRUE		NaN	NaN	NaN	NaN	NaN	NaN	NaN	NaN	NaN
SPIKE	S41:G>C	17	52956	3.2102122E-4	42.57172	40.0	TRUE	G	4.003704E-4	94.0	0.004315148	0.95232856	149.36748	0.22653085	0.052848134	122.0	0.0
SPIKE	S41:G>T	3	52956	5.6650806E-5	6.0206	40.0	TRUE	G	3.7187297E-4	7.0	0.009050706	0.95564526	89.56231	0.22188762	0.05175599	122.0	1.0
SPIKE	S41:G>A	21	52956	3.9655564E-4	64.46568	40.0	TRUE	G	1.5554583E-4	38.0	0.009155124	0.9812023	132.76105	0.21876824	0.044958726	122.0	0.0
SPIKE	S42:C>T	74	52957	0.0013973601	200.25494	40.0	TRUE	C	4.4759345E-4	110.0	0.008986786	0.94685775	132.76357	0.21743776	0.053018034	122.0	0.0
SPIKE	S42:C>A	10	52957	1.8883245E-4	23.451881	40.0	TRUE	C	3.4706786E-4	3.0	0.013217697	0.95854163	89.564	0.2079615	0.06251348	122.0	1.0
SPIKE	S42:C>G	16	52957	3.0213193E-4	14.0601015	40.0	TRUE	C	0.0012647499	287.0	0.0040130485	0.8570153	149.3703	0.23431091	0.06625331	122.0	0.0
SPIKE	D42-43:C>	33	52957	6.2314706E-4	-1.0	39.96418	TRUE		NaN	NaN	NaN	NaN	NaN	NaN	NaN	NaN	NaN
SPIKE	D42-44:CG>	1	52957	1.8883246E-5	-1.0	39.96418	TRUE		NaN	NaN	NaN	NaN	NaN	NaN	NaN	NaN	NaN
SPIKE	S43:G>C	15	52959	2.8323798E-4	17.695948	40.0	TRUE	G	9.32725E-4	219.0	0.004315148	0.8924432	149.37595	0.22653085	0.052848134	122.0	0.0
SPIKE	S43:G>T	3	52959	5.6647594E-5	6.0206	40.0	TRUE	G	3.7187297E-4	2.0	0.009050706	0.95564526	89.56738	0.22188762	0.05175599	122.0	1.0
SPIKE	S43:G>A	52	52959	9.818916E-4	143.39166	40.0	TRUE	G	3.2335328E-4	79.0	0.009155124	0.9613189	132.76857	0.21876824	0.044958726	122.0	0.0
SPIKE	S44:G>C	27	52959	5.098283E-4	70.864174	40.0	TRUE	G	3.534985E-4	83.0	0.004315148	0.9577899	149.37595	0.22653085	0.052848134	122.0	0.0
SPIKE	S44:G>T	12	52959	2.2659037E-4	-1.0	40.0	TRUE	G	4.5670673E-5	11.0	0.009050706	0.99444366	89.56738	0.22188762	0.05175599	122.0	0.0
SPIKE	S44:G>A	23	52959	4.3429824E-4	70.48629	40.0	TRUE	G	2.4149168E-4	59.0	0.009155124	0.97096777	132.76857	0.21876824	0.044958726	122.0	0.0
SPIKE	S45:C>T	67	52959	0.0012651297	192.3959	39.52239	TRUE	C	3.7433676E-4	92.0	0.008986786	0.955358	132.76857	0.21743776	0.053018034	122.0	0.0
SPIKE	S45:C>A	9	52959	1.6994278E-4	20.808811	40.0	TRUE	C	3.4706786E-4	0.0	0.013217697	0.95854163	89.56738	0.2079615	0.06251348	122.0	1.0
SPIKE	S45:C>G	24	52959	4.5318075E-4	32.386707	40.0	TRUE	C	0.0012514823	284.0	0.0040130485	0.8584036	149.37595	0.23431091	0.06625331	122.0	0.0
SPIKE	S46:G>C	45	52959	8.497139E-4	87.86624	40.0	TRUE	G	0.0010860496	255.0	0.004315148	0.8759046	149.37595	0.22653085	0.052848134	122.0	0.0
SPIKE	S46:G>T	1	52959	1.8882532E-5	2.0412	40.0	TRUE	G	3.7187297E-4	4.0	0.009050706	0.95564526	89.56738	0.22188762	0.05175599	122.0	1.0
SPIKE	S46:G>A	40	52959	7.5530127E-4	98.05198	40.0	TRUE	G	4.379595E-4	107.0	0.009155124	0.9479713	132.76857	0.21876824	0.044958726	122.0	0.0
SPIKE	D46-47:G>	1	52959	1.8882532E-5	-1.0	39.98903	TRUE		NaN	NaN	NaN	NaN	NaN	NaN	NaN	NaN	NaN
SPIKE	S47:A>T	19	52960	3.5876132E-4	58.445087	40.0	TRUE	A	1.3195327E-4	30.0	0.0062564253	0.9840306	86.242455	0.23440807	0.051340293	122.0	0.0
SPIKE	S47:A>G	28	52960	5.287009E-4	45.819233	40.0	TRUE	A	0.0010052107	242.0	0.009014485	0.88458586	148.10051	0.22198437	0.043495566	122.0	0.0
SPIKE	D47-48:A>	3	52960	5.6646524E-5	-1.0	39.996696	TRUE		NaN	NaN	NaN	NaN	NaN	NaN	NaN	NaN	NaN
SPIKE	S47:A>C	0	52960	0.0	-1.0	0.0	TRUE	A	4.7451214E-4	0.0	0.025069157	0.9437533	110.36337	0.23355897	0.0572453	122.0	1.0
SPIKE	S48:A>T	8	52960	1.5105741E-4	18.199682	40.0	TRUE	A	2.5510965E-4	58.0	0.0062564253	0.96935594	86.242455	0.23440807	0.051340293	122.0	0.0
SPIKE	S48:A>G	40	52960	7.55287E-4	108.40486	40.0	TRUE	A	2.8660966E-4	69.0	0.009014485	0.96563786	148.10051	0.22198437	0.043495566	122.0	0.0
SPIKE	S48:A>C	0	52960	0.0	-1.0	0.0	TRUE	A	4.7451214E-4	2.0	0.025069157	0.9437533	110.36337	0.23355897	0.0572453	122.0	1.0
SPIKE	S49:T>C	28	52960	5.287009E-4	85.53779	40.0	TRUE	T	1.9028704E-4	45.0	0.009669628	0.9770524	148.10051	0.22613333	0.06464937	122.0	0.0
SPIKE	S49:T>G	6	52960	1.1329305E-4	9.311187	40.0	TRUE	T	4.5858268E-4	5.0	0.0092823105	0.9455892	110.36337	0.22212158	0.052724894	122.0	1.0
SPIKE	S49:T>A	18	52960	3.3987916E-4	27.605137	40.0	TRUE	T	8.8472833E-4	210.0	0.0070316824	0.8976843	86.242455	0.22470008	0.043463208	122.0	0.0
SPIKE	D49-50:T>	25	52960	4.7205438E-4	-1.0	39.996147	TRUE		NaN	NaN	NaN	NaN	NaN	NaN	NaN	NaN	NaN
SPIKE	D49-51:TT>	1	52960	1.8882176E-5	-1.0	39.996147	TRUE		NaN	NaN	NaN	NaN	NaN	NaN	NaN	NaN	NaN
SPIKE	S50:T>C	28	52960	5.287009E-4	85.53779	40.0	TRUE	T	1.8605845E-4	44.0	0.009669628	0.9775566	148.10051	0.22613333	0.06464937	122.0	0.0
SPIKE	S50:T>G	2	52960	3.7764352E-5	2.2639637	40.0	TRUE	T	4.5858268E-4	8.0	0.0092823105	0.9455892	110.36337	0.22212158	0.052724894	122.0	1.0
SPIKE	S50:T>A	22	52960	4.1540785E-4	-1.0	40.0	TRUE	T	7.162086E-5	17.0	0.0070316824	0.99130034	86.242455	0.22470008	0.043463208	122.0	0.0
SPIKE	D50-51:T>	1	52960	1.8882176E-5	-1.0	39.998318	TRUE		NaN	NaN	NaN	NaN	NaN	NaN	NaN	NaN	NaN
SPIKE	S51:T>C	33	52960	6.231118E-4	88.11774	40.0	TRUE	T	2.9177347E-4	69.0	0.009669628	0.9650297	148.10051	0.22613333	0.06464937	122.0	0.0
SPIKE	S51:T>G	3	52960	5.6646524E-5	3.748162	40.0	TRUE	T	4.5858268E-4	1.0	0.0092823105	0.9455892	110.36337	0.22212158	0.052724894	122.0	1.0
SPIKE	S51:T>A	13	52960	2.4546828E-4	31.537222	40.0	TRUE	T	2.9490943E-4	70.0	0.0070316824	0.9646606	86.242455	0.22470008	0.043463208	122.0	0.0
SPIKE	S52:A>T	7	52960	1.3217522E-4	8.459471	40.0	TRUE	A	6.597663E-4	150.0	0.0062564253	0.92266273	86.242455	0.23440807	0.051340293	122.0	0.0
SPIKE	S52:A>C	5	52960	9.4410876E-5	16.300888	40.0	TRUE	A	1.7628129E-4	41.0	0.025069157	0.9787233	110.36337	0.23355897	0.0572453	122.0	0.0
SPIKE	S52:A>G	29	52960	5.475831E-4	76.59832	40.0	TRUE	A	3.3645483E-4	81.0	0.009014485	0.95978355	148.10051	0.22198437	0.043495566	122.0	0.0
SPIKE	D52-53:A>	2	52960	3.7764352E-5	-1.0	39.98956	TRUE		NaN	NaN	NaN	NaN	NaN	NaN	NaN	NaN	NaN
SPIKE	S53:C>T	30	52960	5.6646526E-4	91.55839	40.0	TRUE	C	2.4819685E-4	61.0	0.008986786	0.97017384	132.77107	0.21743776	0.053018034	122.0	0.0
SPIKE	S53:C>G	54	52960	0.0010196374	149.35994	40.0	TRUE	C	3.348974E-4	76.0	0.0040130485	0.95996594	149.37877	0.23431091	0.06625331	122.0	0.0
SPIKE	S53:C>A	11	52960	2.0770392E-4	16.357807	40.0	TRUE	C	6.238529E-4	161.0	0.013217697	0.92671424	89.56908	0.2079615	0.06251348	122.0	0.0
SPIKE	D53-54:C>	43	52960	8.1193354E-4	-1.0	39.996902	TRUE		NaN	NaN	NaN	NaN	NaN	NaN	NaN	NaN	NaN
SPIKE	S54:C>T	27	52960	5.098187E-4	82.52749	40.0	TRUE	C	1.7902724E-4	44.0	0.008986786	0.97839546	132.77107	0.21743776	0.053018034	122.0	0.0
SPIKE	S54:C>G	14	52960	2.6435044E-4	-1.0	40.0	TRUE	C	4.847199E-5	11.0	0.0040130485	0.99410385	149.37877	0.23431091	0.06625331	122.0	0.0
SPIKE	S54:C>A	16	52960	3.0211481E-4	49.41419	40.0	TRUE	C	1.3174533E-4	34.0	0.013217697	0.9840556	89.56908	0.2079615	0.06251348	122.0	0.0
SPIKE	S55:A>T	16	52960	3.0211481E-4	-1.0	40.0	TRUE	A	7.477352E-5	17.0	0.0062564253	0.9909191	86.242455	0.23440807	0.051340293	122.0	0.0
SPIKE	S55:A>C	2	52960	3.7764352E-5	0.7986036	40.0	TRUE	A	8.040147E-4	187.0	0.025069157	0.9065675	110.36337	0.23355897	0.0572453	122.0	0.0
SPIKE	S55:A>G	80	52960	0.001510574	206.24324	40.0	TRUE	A	6.189107E-4	149.0	0.009014485	0.92727315	148.10051	0.22198437	0.043495566	122.0	0.0
SPIKE	D55-56:A>	2	52960	3.7764352E-5	-1.0	39.990917	TRUE		NaN	NaN	NaN	NaN	NaN	NaN	NaN	NaN	NaN
SPIKE	D55-57:AC>	1	52960	1.8882176E-5	-1.0	39.990917	TRUE		NaN	NaN	NaN	NaN	NaN	NaN	NaN	NaN	NaN
SPIKE	S56:C>T	31	52960	5.853474E-4	94.56869	40.0	TRUE	C	2.2785284E-4	56.0	0.008986786	0.9725848	132.77107	0.21743776	0.053018034	122.0	0.0
SPIKE	S56:C>G	44	52960	8.308157E-4	133.70259	40.0	TRUE	C	2.071076E-4	47.0	0.0040130485	0.97504944	149.37877	0.23431091	0.06625331	122.0	0.0
SPIKE	S56:C>A	7	52960	1.3217522E-4	11.410683	40.0	TRUE	C	4.4173433E-4	114.0	0.013217697	0.9475348	89.56908	0.2079615	0.06251348	122.0	0.0
SPIKE	D56-57:C>	19	52960	3.5876132E-4	-1.0	39.99713	TRUE		NaN	NaN	NaN	NaN	NaN	NaN	NaN	NaN	NaN
SPIKE	S57:C>T	38	52960	7.1752263E-4	115.640785	40.0	TRUE	C	2.2378405E-4	55.0	0.008986786	0.97306764	132.77107	0.21743776	0.053018034	122.0	0.0
SPIKE	S57:C>G	9	52960	1.6993958E-4	-1.0	40.0	TRUE	C	7.491126E-5	17.0	0.0040130485	0.9909025	149.37877	0.23431091	0.06625331	122.0	0.0
SPIKE	S57:C>A	8	52960	1.5105741E-4	25.331787	40.0	TRUE	C	8.9121844E-5	23.0	0.013217697	0.98918605	89.56908	0.2079615	0.06251348	122.0	0.0
SPIKE	S58:A>T	11	52960	2.0770392E-4	34.362686	40.0	TRUE	A	1.1875794E-4	27.0	0.0062564253	0.98561597	86.242455	0.23440807	0.051340293	122.0	0.0
SPIKE	S58:A>C	2	52960	3.7764352E-5	2.2639637	40.0	TRUE	A	4.2995438E-4	100.0	0.025069157	0.94889754	110.36337	0.23355897	0.0572453	122.0	0.0
SPIKE	S58:A>G	59	52960	0.0011140483	168.85709	40.0	TRUE	A	4.1122254E-4	99.0	0.009014485	0.9510685	148.10051	0.22198437	0.043495566	122.0	0.0
SPIKE	D58-59:A>	1	52960	1.8882176E-5	-1.0	39.993183	TRUE		NaN	NaN	NaN	NaN	NaN	NaN	NaN	NaN	NaN
SPIKE	S59:T>C	35	52960	6.6087616E-4	93.899216	40.0	TRUE	T	3.0868786E-4	73.0	0.009669628	0.9630404	148.10051	0.22613333	0.06464937	122.0	0.0
SPIKE	S59:T>G	2	52960	3.7764352E-5	2.2639637	40.0	TRUE	T	4.5858268E-4	1.0	0.0092823105	0.9455892	110.36337	0.22212158	0.052724894	122.0	1.0
SPIKE	S59:T>A	17	52960	3.2099697E-4	35.485752	40.0	TRUE	T	4.676421E-4	111.0	0.0070316824	0.9445446	86.242455	0.22470008	0.043463208	122.0	0.0
SPIKE	D59-60:T>	4	52960	7.5528704E-5	-1.0	39.995373	TRUE		NaN	NaN	NaN	NaN	NaN	NaN	NaN	NaN	NaN
SPIKE	S60:T>C	75	52960	0.0014161632	203.15096	40.0	TRUE	T	4.778319E-4	113.0	0.009669628	0.9433712	148.10051	0.22613333	0.06464937	122.0	0.0
SPIKE	S60:T>G	1	52960	1.8882176E-5	-1.0	40.0	TRUE	T	7.479373E-5	18.0	0.0092823105	0.99091667	110.36337	0.22212158	0.052724894	122.0	0.0
SPIKE	S60:T>A	10	52960	1.8882175E-4	-1.0	40.0	TRUE	T	5.898189E-5	14.0	0.0070316824	0.99283004	86.242455	0.22470008	0.043463208	122.0	0.0
SPIKE	S61:G>T	6	52960	1.1329305E-4	13.113299	40.0	TRUE	G	3.861175E-4	93.0	0.009050706	0.9539859	89.56908	0.22188762	0.05175599	122.0	0.0
SPIKE	S61:G>C	12	52960	2.265861E-4	37.372986	40.0	TRUE	G	9.369663E-5	22.0	0.004315148	0.9886341	149.37877	0.22653085	0.052848134	122.0	0.0
SPIKE	S61:G>A	32	52960	6.0422963E-4	85.232124	40.0	TRUE	G	2.9060314E-4	71.0	0.009155124	0.9651675	132.77107	0.21876824	0.044958726	122.0	0.0
SPIKE	D61-62:G>	2	52960	3.7764352E-5	-1.0	39.988766	TRUE		NaN	NaN	NaN	NaN	NaN	NaN	NaN	NaN	NaN
SPIKE	S62:A>T	23	52960	4.3429004E-4	70.48629	40.0	TRUE	A	1.6714081E-4	38.0	0.0062564253	0.9798153	86.242455	0.23440807	0.051340293	122.0	0.0
SPIKE	S62:A>G	26	52960	4.9093657E-4	59.339897	40.0	TRUE	A	5.649118E-4	136.0	0.009014485	0.93340206	148.10051	0.22198437	0.043495566	122.0	0.0
SPIKE	D62-63:A>	27	52960	5.098187E-4	-1.0	39.99679	TRUE		NaN	NaN	NaN	NaN	NaN	NaN	NaN	NaN	NaN
SPIKE	I62:>A	3	52960	5.6646524E-5	-1.0	39.99679	TRUE		NaN	NaN	NaN	NaN	NaN	NaN	NaN	NaN	NaN
SPIKE	S62:A>C	0	52960	0.0	-1.0	0.0	TRUE	A	4.7451214E-4	3.0	0.025069157	0.9437533	110.36337	0.23355897	0.0572453	122.0	1.0
SPIKE	S63:A>T	14	52960	2.6435044E-4	-1.0	40.0	TRUE	A	7.9171965E-5	18.0	0.0062564253	0.9903875	86.242455	0.23440807	0.051340293	122.0	0.0
SPIKE	S63:A>C	4	52960	7.5528704E-5	5.449171	40.0	TRUE	A	4.7451214E-4	2.0	0.025069157	0.9437533	110.36337	0.23355897	0.0572453	122.0	1.0
SPIKE	S63:A>G	58	52960	0.0010951662	180.618	40.0	TRUE	A	2.492258E-4	60.0	0.009014485	0.97005206	148.10051	0.22198437	0.043495566	122.0	0.0
SPIKE	S64:A>G	40	52960	7.55287E-4	121.661385	40.0	TRUE	A	2.243032E-4	54.0	0.009014485	0.973006	148.10051	0.22198437	0.043495566	122.0	0.0
SPIKE	S64:A>C	5	52960	9.4410876E-5	7.3154635	40.0	TRUE	A	4.7451214E-4	5.0	0.025069157	0.9437533	110.36337	0.23355897	0.0572453	122.0	1.0
SPIKE	S64:A>T	11	52960	2.0770392E-4	26.1236	40.0	TRUE	A	3.7933246E-4	9.0	0.0062564253	0.954776	86.242455	0.23440807	0.051340293	122.0	1.0
SPIKE	S65:A>G	33	52960	6.231118E-4	88.11774	40.0	TRUE	A	2.9076342E-4	70.0	0.009014485	0.9651487	148.10051	0.22198437	0.043495566	122.0	0.0
SPIKE	S65:A>C	2	52960	3.7764352E-5	3.9120662	40.0	TRUE	A	4.1705574E-4	97.0	0.025069157	0.95039195	110.36337	0.23355897	0.0572453	122.0	0.0
SPIKE	S65:A>T	4	52960	7.5528704E-5	8.284564	40.0	TRUE	A	3.7933246E-4	9.0	0.0062564253	0.954776	86.242455	0.23440807	0.051340293	122.0	1.0
SPIKE	S66:C>A	3	52960	5.6646524E-5	3.748162	40.0	TRUE	C	5.502305E-4	142.0	0.013217697	0.9350754	89.56908	0.2079615	0.06251348	122.0	0.0
SPIKE	S66:C>G	17	52960	3.2099697E-4	-1.0	40.0	TRUE	C	5.728508E-5	13.0	0.0040130485	0.9930356	149.37877	0.23431091	0.06625331	122.0	0.0
SPIKE	S66:C>T	21	52960	3.965257E-4	64.46568	40.0	TRUE	C	1.3020163E-4	32.0	0.008986786	0.9842409	132.77107	0.21743776	0.053018034	122.0	0.0
SPIKE	D66-67:C>	17	52960	3.2099697E-4	-1.0	39.994015	TRUE		NaN	NaN	NaN	NaN	NaN	NaN	NaN	NaN	NaN
SPIKE	S67:C>A	15	52960	2.8323263E-4	37.025364	40.0	TRUE	C	3.2936333E-4	85.0	0.013217697	0.96061426	89.56908	0.2079615	0.06251348	122.0	0.0
SPIKE	S67:C>G	19	52960	3.5876132E-4	-1.0	40.0	TRUE	C	7.050471E-5	16.0	0.0040130485	0.9914353	149.37877	0.23431091	0.06625331	122.0	0.0
SPIKE	S67:C>T	36	52960	6.797583E-4	109.620186	40.0	TRUE	C	1.6682083E-4	41.0	0.008986786	0.9798536	132.77107	0.21743776	0.053018034	122.0	0.0
SPIKE	S68:A>G	53	52960	0.0010007552	116.439384	40.0	TRUE	A	8.1829133E-4	197.0	0.009014485	0.90498984	148.10051	0.22198437	0.043495566	122.0	0.0
SPIKE	S68:A>C	6	52960	1.1329305E-4	19.311188	40.0	TRUE	A	1.2038722E-4	28.0	0.025069157	0.9854201	110.36337	0.23355897	0.0572453	122.0	0.0
SPIKE	S68:A>T	10	52960	1.8882175E-4	-1.0	40.0	TRUE	A	4.3984423E-5	10.0	0.0062564253	0.9946483	86.242455	0.23440807	0.051340293	122.0	0.0
SPIKE	S69:G>A	25	52960	4.7205438E-4	65.15026	40.0	TRUE	G	2.7832415E-4	68.0	0.009155124	0.9666145	132.77107	0.21876824	0.044958726	122.0	0.0
SPIKE	S69:G>C	31	52960	5.853474E-4	73.00521	40.0	TRUE	G	4.4718847E-4	105.0	0.004315148	0.94690454	149.37877	0.22653085	0.052848134	122.0	0.0
SPIKE	S69:G>T	3	52960	5.6646524E-5	6.0206	40.0	TRUE	G	3.7187297E-4	5.0	0.009050706	0.95564526	89.56908	0.22188762	0.05175599	122.0	1.0
SPIKE	S70:C>A	14	52960	2.6435044E-4	34.27314	40.0	TRUE	C	3.4706786E-4	9.0	0.013217697	0.95854163	89.56908	0.2079615	0.06251348	122.0	1.0
SPIKE	S70:C>G	7	52960	1.3217522E-4	22.321487	40.0	TRUE	C	1.8507488E-4	42.0	0.0040130485	0.9776739	149.37877	0.23431091	0.06625331	122.0	0.0
SPIKE	S70:C>T	22	52960	4.1540785E-4	67.47598	40.0	TRUE	C	2.4005925E-4	59.0	0.008986786	0.97113746	132.77107	0.21743776	0.053018034	122.0	0.0
SPIKE	D70-71:C>	3	52960	5.6646524E-5	-1.0	39.998207	TRUE		NaN	NaN	NaN	NaN	NaN	NaN	NaN	NaN	NaN
SPIKE	S71:C>A	10	52960	1.8882175E-4	23.451881	40.0	TRUE	C	3.4706786E-4	3.0	0.013217697	0.95854163	89.56908	0.2079615	0.06251348	122.0	1.0
SPIKE	S71:C>G	15	52960	2.8323263E-4	37.025364	40.0	TRUE	C	4.0099557E-4	91.0	0.0040130485	0.9522559	149.37877	0.23431091	0.06625331	122.0	0.0
SPIKE	S71:C>T	67	52960	0.0012651058	192.3959	40.0	TRUE	C	4.0688008E-4	100.0	0.008986786	0.95157254	132.77107	0.21743776	0.053018034	122.0	0.0
SPIKE	S72:G>A	69	52960	0.0013028701	198.29062	40.0	TRUE	G	4.0520722E-4	99.0	0.009155124	0.9517667	132.77107	0.21876824	0.044958726	122.0	0.0
SPIKE	S72:G>C	21	52960	3.965257E-4	64.46568	40.0	TRUE	G	2.1294689E-4	50.0	0.004315148	0.97435504	149.37877	0.22653085	0.052848134	122.0	0.0
SPIKE	S72:G>T	5	52960	9.4410876E-5	10.658173	40.0	TRUE	G	3.4044767E-4	82.0	0.009050706	0.95931613	89.56908	0.22188762	0.05175599	122.0	0.0
SPIKE	D72-73:G>	3	52960	5.6646524E-5	-1.0	39.993732	TRUE		NaN	NaN	NaN	NaN	NaN	NaN	NaN	NaN	NaN
SPIKE	S73:T>A	16	52960	3.0211481E-4	-1.0	40.0	TRUE	T	4.212992E-5	10.0	0.0070316824	0.99487334	86.242455	0.22470008	0.043463208	122.0	0.0
SPIKE	S73:T>G	4	52960	7.5528704E-5	5.449171	40.0	TRUE	T	4.3629677E-4	105.0	0.0092823105	0.9481636	110.36337	0.22212158	0.052724894	122.0	0.0
SPIKE	S73:T>C	58	52960	0.0010951662	139.00949	40.0	TRUE	T	6.427473E-4	152.0	0.009669628	0.92458045	148.10051	0.22613333	0.06464937	122.0	0.0
SPIKE	S74:G>A	31	52960	5.853474E-4	94.56869	40.0	TRUE	G	2.2102211E-4	54.0	0.009155124	0.9733956	132.77107	0.21876824	0.044958726	122.0	0.0
SPIKE	S74:G>C	2	52960	3.7764352E-5	1.3408211	40.0	TRUE	G	6.3619483E-4	3.0	0.004315148	0.9253199	149.37877	0.22653085	0.052848134	122.0	1.0
SPIKE	D74-75:G>	3	52960	5.6646524E-5	-1.0	39.998264	TRUE		NaN	NaN	NaN	NaN	NaN	NaN	NaN	NaN	NaN
SPIKE	S74:G>T	0	52960	0.0	-1.0	0.0	TRUE	G	8.718782E-5	21.0	0.009050706	0.98941946	89.56908	0.22188762	0.05175599	122.0	0.0
SPIKE	S75:G>A	22	52960	4.1540785E-4	67.47598	40.0	TRUE	G	1.3916208E-4	34.0	0.009155124	0.98316556	132.77107	0.21876824	0.044958726	122.0	0.0
SPIKE	S75:G>C	7	52960	1.3217522E-4	-1.0	40.0	TRUE	G	7.240194E-5	17.0	0.004315148	0.9912059	149.37877	0.22653085	0.052848134	122.0	0.0
SPIKE	S75:G>T	0	52960	0.0	-1.0	0.0	TRUE	G	3.487513E-4	84.0	0.009050706	0.9583448	89.56908	0.22188762	0.05175599	122.0	0.0
SPIKE	S76:T>A	3	52960	5.6646524E-5	6.0206	40.0	TRUE	T	3.6333877E-4	7.0	0.0070316824	0.9566408	86.242455	0.22470008	0.043463208	122.0	1.0
SPIKE	S76:T>G	11	52960	2.0770392E-4	34.362686	40.0	TRUE	T	1.9113954E-4	46.0	0.0092823105	0.97695076	110.36337	0.22212158	0.052724894	122.0	0.0
SPIKE	S76:T>C	20	52960	3.776435E-4	50.97615	40.0	TRUE	T	3.0023066E-4	71.0	0.009669628	0.96403456	148.10051	0.22613333	0.06464937	122.0	0.0
SPIKE	D76-77:T>	8	52960	1.5105741E-4	-1.0	39.994995	TRUE		NaN	NaN	NaN	NaN	NaN	NaN	NaN	NaN	NaN
SPIKE	S77:T>A	16	52960	3.0211481E-4	49.41419	40.0	TRUE	T	1.3902874E-4	33.0	0.0070316824	0.98318154	86.242455	0.22470008	0.043463208	122.0	0.0
SPIKE	S77:T>G	3	52960	5.6646524E-5	3.748162	40.0	TRUE	T	4.5858268E-4	4.0	0.0092823105	0.9455892	110.36337	0.22212158	0.052724894	122.0	1.0
SPIKE	S77:T>C	40	52960	7.55287E-4	121.661385	40.0	TRUE	T	2.1143004E-4	50.0	0.009669628	0.97453535	148.10051	0.22613333	0.06464937	122.0	0.0
SPIKE	S78:T>A	14	52960	2.6435044E-4	-1.0	40.0	TRUE	T	4.6342913E-5	11.0	0.0070316824	0.9943621	86.242455	0.22470008	0.043463208	122.0	0.0
SPIKE	S78:T>G	4	52960	7.5528704E-5	8.284564	40.0	TRUE	T	3.9474468E-4	95.0	0.0092823105	0.95298237	110.36337	0.22212158	0.052724894	122.0	0.0
SPIKE	S78:T>C	62	52960	0.0011706948	177.67609	40.0	TRUE	T	4.059457E-4	96.0	0.009669628	0.951681	148.10051	0.22613333	0.06464937	122.0	0.0
SPIKE	S79:G>A	44	52960	8.308157E-4	133.70259	40.0	TRUE	G	1.8418509E-4	45.0	0.009155124	0.97778	132.77107	0.21876824	0.044958726	122.0	0.0
SPIKE	S79:G>C	25	52960	4.7205438E-4	56.63544	40.0	TRUE	G	4.599653E-4	108.0	0.004315148	0.9454297	149.37877	0.22653085	0.052848134	122.0	0.0
SPIKE	S79:G>T	2	52960	3.7764352E-5	-1.0	40.0	TRUE	G	8.303602E-5	20.0	0.009050706	0.98992074	89.56908	0.22188762	0.05175599	122.0	0.0
SPIKE	D79-80:G>	1	52960	1.8882176E-5	-1.0	39.9946	TRUE		NaN	NaN	NaN	NaN	NaN	NaN	NaN	NaN	NaN
SPIKE	S80:C>G	32	52960	6.0422963E-4	67.9256	40.0	TRUE	C	6.9623406E-4	158.0	0.0040130485	0.9185669	149.37877	0.23431091	0.06625331	122.0	0.0
SPIKE	S80:C>A	12	52960	2.265861E-4	28.819815	40.0	TRUE	C	3.4706786E-4	3.0	0.013217697	0.95854163	89.56908	0.2079615	0.06251348	122.0	1.0
SPIKE	S80:C>T	44	52960	8.308157E-4	109.31848	40.0	TRUE	C	5.248753E-4	129.0	0.008986786	0.93797237	132.77107	0.21743776	0.053018034	122.0	0.0
SPIKE	D80-81:C>	13	52960	2.4546828E-4	-1.0	39.98595	TRUE		NaN	NaN	NaN	NaN	NaN	NaN	NaN	NaN	NaN
SPIKE	S81:G>A	61	52960	0.0011518127	174.73528	40.0	TRUE	G	3.0697515E-4	75.0	0.009155124	0.96324164	132.77107	0.21876824	0.044958726	122.0	0.0
SPIKE	S81:G>T	5	52960	9.4410876E-5	10.658173	40.0	TRUE	G	3.7187297E-4	3.0	0.009050706	0.95564526	89.56908	0.22188762	0.05175599	122.0	1.0
SPIKE	S81:G>C	22	52960	4.1540785E-4	67.47598	40.0	TRUE	G	1.8739326E-4	44.0	0.004315148	0.9773974	149.37877	0.22653085	0.052848134	122.0	0.0
SPIKE	D81-82:G>	1	52960	1.8882176E-5	-1.0	39.99847	TRUE		NaN	NaN	NaN	NaN	NaN	NaN	NaN	NaN	NaN
SPIKE	S82:G>A	25	52960	4.7205438E-4	76.50689	40.0	TRUE	G	1.8418509E-4	45.0	0.009155124	0.97778	132.77107	0.21876824	0.044958726	122.0	0.0
SPIKE	S82:G>T	8	52960	1.5105741E-4	18.199682	40.0	TRUE	G	3.7187297E-4	7.0	0.009050706	0.95564526	89.56908	0.22188762	0.05175599	122.0	1.0
SPIKE	S82:G>C	27	52960	5.098187E-4	54.85469	40.0	TRUE	G	5.9199234E-4	139.0	0.004315148	0.93032336	149.37877	0.22653085	0.052848134	122.0	0.0
SPIKE	S83:C>G	32	52960	6.0422963E-4	67.9256	40.0	TRUE	C	7.2707987E-4	165.0	0.0040130485	0.91511667	149.37877	0.23431091	0.06625331	122.0	0.0
SPIKE	S83:C>A	7	52960	1.3217522E-4	15.631419	40.0	TRUE	C	3.4706786E-4	5.0	0.013217697	0.95854163	89.56908	0.2079615	0.06251348	122.0	1.0
SPIKE	S83:C>T	51	52960	9.629909E-4	140.515	40.0	TRUE	C	3.865361E-4	95.0	0.008986786	0.95393723	132.77107	0.21743776	0.053018034	122.0	0.0
SPIKE	S84:G>A	67	52960	0.0012651058	169.35855	40.0	TRUE	G	6.7943835E-4	166.0	0.009155124	0.92045105	132.77107	0.21876824	0.044958726	122.0	0.0
SPIKE	S84:G>T	4	52960	7.5528704E-5	8.284564	40.0	TRUE	G	3.7187297E-4	4.0	0.009050706	0.95564526	89.56908	0.22188762	0.05175599	122.0	1.0
SPIKE	S84:G>C	7	52960	1.3217522E-4	22.321487	40.0	TRUE	G	1.36286E-4	32.0	0.004315148	0.98351055	149.37877	0.22653085	0.052848134	122.0	0.0
SPIKE	S85:A>G	37	52960	6.986405E-4	112.630486	40.0	TRUE	A	2.4091826E-4	58.0	0.009014485	0.9710357	148.10051	0.22198437	0.043495566	122.0	0.0
SPIKE	S85:A>T	19	52960	3.5876132E-4	40.675655	40.0	TRUE	A	5.146178E-4	117.0	0.0062564253	0.9391469	86.242455	0.23440807	0.051340293	122.0	0.0
SPIKE	S85:A>C	3	52960	5.6646524E-5	3.748162	40.0	TRUE	A	4.7451214E-4	2.0	0.025069157	0.9437533	110.36337	0.23355897	0.0572453	122.0	1.0
SPIKE	S86:T>G	5	52960	9.4410876E-5	7.3154635	40.0	TRUE	T	4.5858268E-4	8.0	0.0092823105	0.9455892	110.36337	0.22212158	0.052724894	122.0	1.0
SPIKE	S86:T>A	15	52960	2.8323263E-4	46.403885	40.0	TRUE	T	1.0953779E-4	26.0	0.0070316824	0.9867253	86.242455	0.22470008	0.043463208	122.0	0.0
SPIKE	S86:T>C	37	52960	6.986405E-4	99.69318	40.0	TRUE	T	3.1714508E-4	75.0	0.009669628	0.9620473	148.10051	0.22613333	0.06464937	122.0	0.0
SPIKE	D86-87:T>	24	52960	4.531722E-4	-1.0	39.99713	TRUE		NaN	NaN	NaN	NaN	NaN	NaN	NaN	NaN	NaN
SPIKE	S87:T>G	2	52960	3.7764352E-5	2.2639637	40.0	TRUE	T	4.5858268E-4	3.0	0.0092823105	0.9455892	110.36337	0.22212158	0.052724894	122.0	1.0
SPIKE	S87:T>A	11	52960	2.0770392E-4	-1.0	40.0	TRUE	T	5.898189E-5	14.0	0.0070316824	0.99283004	86.242455	0.22470008	0.043463208	122.0	0.0
SPIKE	S87:T>C	45	52960	8.496979E-4	136.71289	40.0	TRUE	T	2.1143004E-4	50.0	0.009669628	0.97453535	148.10051	0.22613333	0.06464937	122.0	0.0
SPIKE	S88:T>G	5	52960	9.4410876E-5	7.3154635	40.0	TRUE	T	4.5858268E-4	2.0	0.0092823105	0.9455892	110.36337	0.22212158	0.052724894	122.0	1.0
SPIKE	S88:T>A	8	52960	1.5105741E-4	13.595069	40.0	TRUE	T	5.5611494E-4	132.0	0.0070316824	0.9344043	86.242455	0.22470008	0.043463208	122.0	0.0
SPIKE	S88:T>C	40	52960	7.55287E-4	121.661385	40.0	TRUE	T	2.0720145E-4	49.0	0.009669628	0.97503823	148.10051	0.22613333	0.06464937	122.0	0.0
SPIKE	S89:A>G	43	52960	8.1193354E-4	117.13841	40.0	TRUE	A	2.699946E-4	65.0	0.009014485	0.96759725	148.10051	0.22198437	0.043495566	122.0	0.0
SPIKE	S89:A>T	24	52960	4.531722E-4	47.17412	40.0	TRUE	A	7.477352E-4	170.0	0.0062564253	0.9128135	86.242455	0.23440807	0.051340293	122.0	0.0
SPIKE	S89:A>C	2	52960	3.7764352E-5	2.2639637	40.0	TRUE	A	4.7451214E-4	1.0	0.025069157	0.9437533	110.36337	0.23355897	0.0572453	122.0	1.0
SPIKE	D89-90:A>	1	52960	1.8882176E-5	-1.0	39.99222	TRUE		NaN	NaN	NaN	NaN	NaN	NaN	NaN	NaN	NaN
SPIKE	D89-92:ATC>	1	52960	1.8882176E-5	-1.0	39.99222	TRUE		NaN	NaN	NaN	NaN	NaN	NaN	NaN	NaN	NaN
SPIKE	S90:T>G	2	52960	3.7764352E-5	2.2639637	40.0	TRUE	T	4.5858268E-4	1.0	0.0092823105	0.9455892	110.36337	0.22212158	0.052724894	122.0	1.0
SPIKE	S90:T>A	16	52960	3.0211481E-4	49.41419	40.0	TRUE	T	1.9801062E-4	47.0	0.0070316824	0.97613215	86.242455	0.22470008	0.043463208	122.0	0.0
SPIKE	S90:T>C	31	52960	5.853474E-4	65.28814	40.0	TRUE	T	6.9771917E-4	165.0	0.009669628	0.91840047	148.10051	0.22613333	0.06464937	122.0	0.0
SPIKE	S91:C>G	10	52960	1.8882175E-4	14.269594	40.0	TRUE	C	5.9929007E-4	136.0	0.0040130485	0.92949545	149.37877	0.23431091	0.06625331	122.0	0.0
SPIKE	S91:C>A	21	52960	3.965257E-4	53.79622	40.0	TRUE	C	3.4706786E-4	6.0	0.013217697	0.95854163	89.56908	0.2079615	0.06251348	122.0	1.0
SPIKE	S91:C>T	62	52960	0.0011706948	177.67609	40.0	TRUE	C	3.865361E-4	95.0	0.008986786	0.95393723	132.77107	0.21743776	0.053018034	122.0	0.0
SPIKE	D91-92:C>	1	52960	1.8882176E-5	-1.0	39.993336	TRUE		NaN	NaN	NaN	NaN	NaN	NaN	NaN	NaN	NaN
SPIKE	S92:G>A	75	52960	0.0014161632	203.15096	40.0	TRUE	G	4.2567222E-4	104.0	0.009155124	0.9493934	132.77107	0.21876824	0.044958726	122.0	0.0
SPIKE	S92:G>T	6	52960	1.1329305E-4	9.311187	40.0	TRUE	G	5.3143053E-4	128.0	0.009050706	0.93722254	89.56908	0.22188762	0.05175599	122.0	0.0
SPIKE	S92:G>C	41	52960	7.7416917E-4	111.31377	40.0	TRUE	G	3.279382E-4	77.0	0.004315148	0.96078134	149.37877	0.22653085	0.052848134	122.0	0.0
SPIKE	S93:T>A	27	52960	5.098187E-4	82.52749	40.0	TRUE	T	9.689882E-5	23.0	0.0070316824	0.98824793	86.242455	0.22470008	0.043463208	122.0	0.0
SPIKE	S93:T>C	32	52960	6.0422963E-4	61.211956	40.0	TRUE	T	7.822912E-4	185.0	0.009669628	0.90897334	148.10051	0.22613333	0.06464937	122.0	0.0
SPIKE	S93:T>G	0	52960	0.0	-1.0	0.0	TRUE	T	1.4127705E-4	34.0	0.0092823105	0.9829119	110.36337	0.22212158	0.052724894	122.0	0.0
SPIKE	S94:C>G	27	52960	5.098187E-4	54.85469	40.0	TRUE	C	7.094537E-4	161.0	0.0040130485	0.9170866	149.37877	0.23431091	0.06625331	122.0	0.0
SPIKE	S94:C>A	10	52960	1.8882175E-4	23.451881	40.0	TRUE	C	3.4706786E-4	8.0	0.013217697	0.95854163	89.56908	0.2079615	0.06251348	122.0	1.0
SPIKE	S94:C>T	61	52960	0.0011518127	157.85266	40.0	TRUE	C	4.882561E-4	120.0	0.008986786	0.94217217	132.77107	0.21743776	0.053018034	122.0	0.0
SPIKE	D94-95:C>	2	52960	3.7764352E-5	-1.0	39.99415	TRUE		NaN	NaN	NaN	NaN	NaN	NaN	NaN	NaN	NaN
SPIKE	S95:G>A	74	52960	0.001397281	200.25494	40.0	TRUE	G	4.3795124E-4	107.0	0.009155124	0.94797224	132.77107	0.21876824	0.044958726	122.0	0.0
SPIKE	S95:G>T	1	52960	1.8882176E-5	1.0720997	40.0	TRUE	G	5.563413E-4	134.0	0.009050706	0.9343785	89.56908	0.22188762	0.05175599	122.0	0.0
SPIKE	S95:G>C	47	52960	8.874622E-4	128.81238	40.0	TRUE	G	3.833044E-4	90.0	0.004315148	0.9543134	149.37877	0.22653085	0.052848134	122.0	0.0
SPIKE	D95-98:GTC>	4	52960	7.5528704E-5	-1.0	39.990692	TRUE		NaN	NaN	NaN	NaN	NaN	NaN	NaN	NaN	NaN
SPIKE	S96:T>C	40	52960	7.55287E-4	81.80681	40.0	TRUE	T	8.076628E-4	191.0	0.009669628	0.9061641	148.10051	0.22613333	0.06464937	122.0	0.0
SPIKE	S96:T>A	16	52960	3.0211481E-4	49.41419	40.0	TRUE	T	8.425984E-5	20.0	0.0070316824	0.989773	86.242455	0.22470008	0.043463208	122.0	0.0
SPIKE	S96:T>G	2	52960	3.7764352E-5	7.269987	40.0	TRUE	T	1.4958746E-4	36.0	0.0092823105	0.98191583	110.36337	0.22212158	0.052724894	122.0	0.0
SPIKE	S97:C>T	36	52960	6.797583E-4	96.79472	40.0	TRUE	C	2.9295366E-4	72.0	0.008986786	0.9648908	132.77107	0.21743776	0.053018034	122.0	0.0
SPIKE	S97:C>A	6	52960	1.1329305E-4	9.311187	40.0	TRUE	C	5.07607E-4	131.0	0.013217697	0.9399505	89.56908	0.2079615	0.06251348	122.0	0.0
SPIKE	S97:C>G	23	52960	4.3429004E-4	70.48629	40.0	TRUE	C	1.1457016E-4	26.0	0.0040130485	0.9861197	149.37877	0.23431091	0.06625331	122.0	0.0
SPIKE	D97-98:C>	1	52960	1.8882176E-5	-1.0	39.991844	TRUE		NaN	NaN	NaN	NaN	NaN	NaN	NaN	NaN	NaN
SPIKE	S98:A>C	3	52960	5.6646524E-5	10.280287	40.0	TRUE	A	1.6338266E-4	38.0	0.025069157	0.98026466	110.36337	0.23355897	0.0572453	122.0	0.0
SPIKE	S98:A>T	4	52960	7.5528704E-5	3.6487768	40.0	TRUE	A	6.1578193E-4	140.0	0.0062564253	0.92762715	86.242455	0.23440807	0.051340293	122.0	0.0
SPIKE	S98:A>G	81	52960	0.0015294562	220.55687	40.0	TRUE	A	5.233742E-4	126.0	0.009014485	0.93814415	148.10051	0.22198437	0.043495566	122.0	0.0
SPIKE	D98-99:A>	1	52960	1.8882176E-5	-1.0	39.989445	TRUE		NaN	NaN	NaN	NaN	NaN	NaN	NaN	NaN	NaN
SPIKE	I98:>GTC	5	52960	9.4410876E-5	-1.0	39.989445	TRUE		NaN	NaN	NaN	NaN	NaN	NaN	NaN	NaN	NaN
SPIKE	D98-101:ATC>	3	52960	5.6646524E-5	-1.0	39.989445	TRUE		NaN	NaN	NaN	NaN	NaN	NaN	NaN	NaN	NaN
SPIKE	S99:T>C	30	52960	5.6646526E-4	56.184185	40.0	TRUE	T	7.9497695E-4	188.0	0.009669628	0.9075676	148.10051	0.22613333	0.06464937	122.0	0.0
SPIKE	S99:T>A	11	52960	2.0770392E-4	34.362686	40.0	TRUE	T	2.0643661E-4	49.0	0.0070316824	0.97512925	86.242455	0.22470008	0.043463208	122.0	0.0
SPIKE	S99:T>G	2	52960	3.7764352E-5	2.2639637	40.0	TRUE	T	4.5858268E-4	5.0	0.0092823105	0.9455892	110.36337	0.22212158	0.052724894	122.0	1.0
SPIKE	S100:C>T	72	52960	0.0013595166	194.46754	40.0	TRUE	C	5.045313E-4	124.0	0.008986786	0.94030327	132.77107	0.21743776	0.053018034	122.0	0.0
SPIKE	S100:C>A	14	52960	2.6435044E-4	34.27314	40.0	TRUE	C	3.4706786E-4	5.0	0.013217697	0.95854163	89.56908	0.2079615	0.06251348	122.0	1.0
SPIKE	S100:C>G	8	52960	1.5105741E-4	10.308654	40.0	TRUE	C	6.697948E-4	152.0	0.0040130485	0.9215346	149.37877	0.23431091	0.06625331	122.0	0.0
SPIKE	S101:G>C	35	52960	6.6087616E-4	93.899216	40.0	TRUE	G	2.597952E-4	61.0	0.004315148	0.96880203	149.37877	0.22653085	0.052848134	122.0	0.0
SPIKE	S101:G>A	71	52960	0.0013406344	191.57625	40.0	TRUE	G	4.2976523E-4	105.0	0.009155124	0.9489195	132.77107	0.21876824	0.044958726	122.0	0.0
SPIKE	S101:G>T	0	52960	0.0	-1.0	0.0	TRUE	G	5.6049315E-4	135.0	0.009050706	0.93390536	89.56908	0.22188762	0.05175599	122.0	0.0
SPIKE	S102:T>C	66	52960	0.0012462236	189.44995	39.939392	TRUE	T	3.3828808E-4	80.0	0.009669628	0.9595689	148.10051	0.22613333	0.06464937	122.0	0.0
SPIKE	S102:T>A	22	52960	4.1540785E-4	-1.0	40.0	TRUE	T	6.319488E-5	15.0	0.0070316824	0.9923199	86.242455	0.22470008	0.043463208	122.0	0.0
SPIKE	S102:T>G	3	52960	5.6646524E-5	2.3797824	40.0	TRUE	T	6.939196E-4	167.0	0.0092823105	0.9188263	110.36337	0.22212158	0.052724894	122.0	0.0
SPIKE	D102-105:TGG>	1	52960	1.8882176E-5	-1.0	39.990673	TRUE		NaN	NaN	NaN	NaN	NaN	NaN	NaN	NaN	NaN
SPIKE	S103:G>C	20	52960	3.776435E-4	61.455387	40.0	TRUE	G	1.4054494E-4	33.0	0.004315148	0.9829997	149.37877	0.22653085	0.052848134	122.0	0.0
SPIKE	S103:G>T	3	52960	5.6646524E-5	10.280287	40.0	TRUE	G	1.3285763E-4	32.0	0.009050706	0.983922	89.56908	0.22188762	0.05175599	122.0	0.0
SPIKE	S103:G>A	34	52960	6.4199395E-4	103.59959	40.0	TRUE	G	2.3739412E-4	58.0	0.009155124	0.9714533	132.77107	0.21876824	0.044958726	122.0	0.0
SPIKE	D103-104:G>	16	52960	3.0211481E-4	-1.0	39.992786	TRUE		NaN	NaN	NaN	NaN	NaN	NaN	NaN	NaN	NaN
SPIKE	S104:G>C	25	52960	4.7205438E-4	49.71867	40.0	TRUE	G	7.453141E-4	175.0	0.004315148	0.91308314	149.37877	0.22653085	0.052848134	122.0	0.0
SPIKE	S104:G>T	6	52960	1.1329305E-4	13.113299	40.0	TRUE	G	3.7187297E-4	9.0	0.009050706	0.95564526	89.56908	0.22188762	0.05175599	122.0	1.0
SPIKE	S104:G>A	26	52960	4.9093657E-4	68.00451	40.0	TRUE	G	2.7423113E-4	67.0	0.009155124	0.9670973	132.77107	0.21876824	0.044958726	122.0	0.0
SPIKE	S105:C>T	58	52960	0.0010951662	149.3518	40.0	TRUE	C	4.923249E-4	121.0	0.008986786	0.94170463	132.77107	0.21743776	0.053018034	122.0	0.0
SPIKE	S105:C>A	15	52960	2.8323263E-4	-1.0	40.0	TRUE	C	4.2623487E-5	11.0	0.013217697	0.99481344	89.56908	0.2079615	0.06251348	122.0	0.0
SPIKE	S105:C>G	26	52960	4.9093657E-4	36.68008	40.0	TRUE	C	0.0011016362	250.0	0.0040130485	0.87424064	149.37877	0.23431091	0.06625331	122.0	0.0
SPIKE	D105-106:C>	20	52960	3.776435E-4	-1.0	39.973038	TRUE		NaN	NaN	NaN	NaN	NaN	NaN	NaN	NaN	NaN
SPIKE	D105-107:CG>	4	52960	7.5528704E-5	-1.0	39.973038	TRUE		NaN	NaN	NaN	NaN	NaN	NaN	NaN	NaN	NaN
SPIKE	S106:G>C	30	52960	5.6646526E-4	79.47218	40.0	TRUE	G	2.938667E-4	69.0	0.004315148	0.9647833	149.37877	0.22653085	0.052848134	122.0	0.0
SPIKE	S106:G>T	5	52960	9.4410876E-5	10.658173	40.0	TRUE	G	3.7187297E-4	6.0	0.009050706	0.95564526	89.56908	0.22188762	0.05175599	122.0	1.0
SPIKE	S106:G>A	66	52960	0.0012462236	177.14546	40.0	TRUE	G	4.2157923E-4	103.0	0.009155124	0.9498676	132.77107	0.21876824	0.044958726	122.0	0.0
SPIKE	D106-107:G>	5	52960	9.4410876E-5	-1.0	39.99103	TRUE		NaN	NaN	NaN	NaN	NaN	NaN	NaN	NaN	NaN
SPIKE	S107:G>C	37	52960	6.986405E-4	67.61125	40.0	TRUE	G	9.6677884E-4	227.0	0.004315148	0.88874316	149.37877	0.22653085	0.052848134	122.0	0.0
SPIKE	S107:G>T	9	52960	1.6993958E-4	20.808811	40.0	TRUE	G	3.7187297E-4	9.0	0.009050706	0.95564526	89.56908	0.22188762	0.05175599	122.0	1.0
SPIKE	S107:G>A	17	52960	3.2099697E-4	42.57172	40.0	TRUE	G	2.8241714E-4	69.0	0.009155124	0.9661319	132.77107	0.21876824	0.044958726	122.0	0.0
SPIKE	S108:C>T	26	52960	4.9093657E-4	68.00451	40.0	TRUE	C	2.6447207E-4	65.0	0.008986786	0.9682494	132.77107	0.21743776	0.053018034	122.0	0.0
SPIKE	S108:C>A	9	52960	1.6993958E-4	12.2497015	40.0	TRUE	C	7.0135016E-4	181.0	0.013217697	0.9179937	89.56908	0.2079615	0.06251348	122.0	0.0
SPIKE	S108:C>G	30	52960	5.6646526E-4	79.47218	40.0	TRUE	C	3.7896284E-4	86.0	0.0040130485	0.954819	149.37877	0.23431091	0.06625331	122.0	0.0
SPIKE	S109:A>C	5	52960	9.4410876E-5	16.300888	40.0	TRUE	A	2.063781E-4	48.0	0.025069157	0.9751362	110.36337	0.23355897	0.0572453	122.0	0.0
SPIKE	S109:A>T	12	52960	2.265861E-4	-1.0	40.0	TRUE	A	7.037508E-5	16.0	0.0062564253	0.99145097	86.242455	0.23440807	0.051340293	122.0	0.0
SPIKE	S109:A>G	51	52960	9.629909E-4	96.55884	40.0	TRUE	A	0.0012045914	290.0	0.009014485	0.8633284	148.10051	0.22198437	0.043495566	122.0	0.0
SPIKE	S110:G>C	22	52960	4.1540785E-4	36.755787	40.0	TRUE	G	8.986359E-4	211.0	0.004315148	0.89616245	149.37877	0.22653085	0.052848134	122.0	0.0
SPIKE	S110:G>T	5	52960	9.4410876E-5	16.300888	40.0	TRUE	G	9.133962E-5	22.0	0.009050706	0.9889184	89.56908	0.22188762	0.05175599	122.0	0.0
SPIKE	S110:G>A	28	52960	5.287009E-4	73.72888	40.0	TRUE	G	3.970212E-4	97.0	0.009155124	0.9527178	132.77107	0.21876824	0.044958726	122.0	0.0
SPIKE	S111:C>T	60	52960	0.0011329305	171.7956	40.0	TRUE	C	3.2550408E-4	80.0	0.008986786	0.96106666	132.77107	0.21743776	0.053018034	122.0	0.0
SPIKE	S111:C>A	7	52960	1.3217522E-4	15.631419	40.0	TRUE	C	3.4706786E-4	6.0	0.013217697	0.95854163	89.56908	0.2079615	0.06251348	122.0	1.0
SPIKE	S111:C>G	16	52960	3.0211481E-4	16.617006	40.0	TRUE	C	0.0011148558	253.0	0.0040130485	0.8728318	149.37877	0.23431091	0.06625331	122.0	0.0
SPIKE	D111-112:C>	1	52960	1.8882176E-5	-1.0	39.98767	TRUE		NaN	NaN	NaN	NaN	NaN	NaN	NaN	NaN	NaN
SPIKE	S112:G>C	37	52958	6.9866684E-4	89.651054	40.0	TRUE	G	4.4294624E-4	104.0	0.004315148	0.9473947	149.37312	0.22653085	0.052848134	122.0	0.0
SPIKE	S112:G>A	64	52958	0.0012085049	183.56096	40.0	TRUE	G	3.8884988E-4	95.0	0.009155124	0.953668	132.76607	0.21876824	0.044958726	122.0	0.0
SPIKE	D112-113:G>	1	52958	1.8882889E-5	-1.0	39.9912	TRUE		NaN	NaN	NaN	NaN	NaN	NaN	NaN	NaN	NaN
SPIKE	S112:G>T	0	52958	0.0	-1.0	0.0	TRUE	G	7.4735243E-4	180.0	0.009050706	0.9128561	89.56569	0.22188762	0.05175599	122.0	0.0
SPIKE	S113:T>C	53	52958	0.0010007931	125.077034	40.0	TRUE	T	5.9625524E-4	141.0	0.009669628	0.9298396	148.09491	0.22613333	0.06464937	122.0	0.0
SPIKE	S113:T>G	1	52958	1.8882889E-5	0.09432235	40.0	TRUE	T	0.0011011715	265.0	0.0092823105	0.8742902	110.3592	0.22212158	0.052724894	122.0	0.0
SPIKE	S113:T>A	14	52958	2.6436042E-4	-1.0	40.0	TRUE	T	6.3197265E-5	15.0	0.0070316824	0.9923196	86.2392	0.22470008	0.043463208	122.0	0.0
SPIKE	D113-115:TG>	2	52958	3.7765778E-5	-1.0	39.984516	TRUE		NaN	NaN	NaN	NaN	NaN	NaN	NaN	NaN	NaN
SPIKE	S114:G>T	3	52958	5.6648663E-5	10.280287	40.0	TRUE	G	2.1174985E-4	51.0	0.009050706	0.9744973	89.56569	0.22188762	0.05175599	122.0	0.0
SPIKE	S114:G>C	28	52958	5.2872085E-4	85.53779	40.0	TRUE	G	2.3425042E-4	55.0	0.004315148	0.97182596	149.37312	0.22653085	0.052848134	122.0	0.0
SPIKE	S114:G>A	35	52958	6.609011E-4	62.66247	40.0	TRUE	G	9.2505343E-4	226.0	0.009155124	0.89327884	132.76607	0.21876824	0.044958726	122.0	0.0
SPIKE	D114-115:G>	1	52958	1.8882889E-5	-1.0	39.988464	TRUE		NaN	NaN	NaN	NaN	NaN	NaN	NaN	NaN	NaN
SPIKE	S115:A>T	23	52958	4.3430642E-4	70.48629	39.95652	TRUE	A	1.9793738E-4	45.0	0.0062564253	0.97614086	86.2392	0.23440807	0.051340293	122.0	0.0
SPIKE	S115:A>C	6	52958	1.1329733E-4	4.872041	40.0	TRUE	A	7.997453E-4	186.0	0.025069157	0.9070398	110.3592	0.23355897	0.0572453	122.0	0.0
SPIKE	S115:A>G	33	52958	6.231353E-4	78.52778	40.0	TRUE	A	5.649331E-4	136.0	0.009014485	0.9333996	148.09491	0.22198437	0.043495566	122.0	0.0
SPIKE	S116:C>T	23	52958	4.3430642E-4	70.48629	40.0	TRUE	C	2.1972354E-4	54.0	0.008986786	0.97354984	132.76607	0.21743776	0.053018034	122.0	0.0
SPIKE	S116:C>G	66	52958	0.0012462706	189.44995	40.0	TRUE	C	3.0406305E-4	69.0	0.0040130485	0.96358395	149.37312	0.23431091	0.06625331	122.0	0.0
SPIKE	S116:C>A	4	52958	7.5531556E-5	8.284564	40.0	TRUE	C	2.5187558E-4	65.0	0.013217697	0.9697385	89.56569	0.2079615	0.06251348	122.0	0.0
SPIKE	D116-117:C>	4	52958	7.5531556E-5	-1.0	39.988518	TRUE		NaN	NaN	NaN	NaN	NaN	NaN	NaN	NaN	NaN
SPIKE	S117:C>T	15	52958	2.8324334E-4	17.695948	40.0	TRUE	C	9.562043E-4	235.0	0.008986786	0.88989043	132.76607	0.21743776	0.053018034	122.0	0.0
SPIKE	S117:C>G	10	52958	1.8882888E-4	-1.0	40.0	TRUE	C	5.2880532E-5	12.0	0.0040130485	0.9935693	149.37312	0.23431091	0.06625331	122.0	0.0
SPIKE	S117:C>A	20	52958	3.7765777E-4	61.455387	40.0	TRUE	C	1.2787529E-4	33.0	0.013217697	0.98452026	89.56569	0.2079615	0.06251348	122.0	0.0
SPIKE	S118:T>C	30	52958	5.664867E-4	70.25505	40.0	TRUE	T	4.4401985E-4	105.0	0.009669628	0.94727063	148.09491	0.22613333	0.06464937	122.0	0.0
SPIKE	S118:T>G	1	52958	1.8882889E-5	4.2596874	40.0	TRUE	T	9.141801E-5	22.0	0.0092823105	0.98890895	110.3592	0.22212158	0.052724894	122.0	0.0
SPIKE	S118:T>A	12	52958	2.2659465E-4	15.021913	40.0	TRUE	T	8.721223E-4	207.0	0.0070316824	0.8990659	86.2392	0.22470008	0.043463208	122.0	0.0
SPIKE	D118-119:T>	2	52958	3.7765778E-5	-1.0	39.987083	TRUE		NaN	NaN	NaN	NaN	NaN	NaN	NaN	NaN	NaN
SPIKE	S119:A>T	14	52958	2.6436042E-4	13.149927	40.0	TRUE	A	0.0011700299	266.0	0.0062564253	0.8669763	86.2392	0.23440807	0.051340293	122.0	0.0
SPIKE	S119:A>C	2	52958	3.7765778E-5	-1.0	40.0	TRUE	A	6.87953E-5	16.0	0.025069157	0.9916421	110.3592	0.23355897	0.0572453	122.0	0.0
SPIKE	S119:A>G	39	52958	7.364326E-4	105.49838	40.0	TRUE	A	3.0323616E-4	73.0	0.009014485	0.96368116	148.09491	0.22198437	0.043495566	122.0	0.0
SPIKE	D119-121:AT>	1	52958	1.8882889E-5	-1.0	39.987103	TRUE		NaN	NaN	NaN	NaN	NaN	NaN	NaN	NaN	NaN
SPIKE	S120:T>C	65	52958	0.0012273877	186.50496	40.0	TRUE	T	3.763597E-4	89.0	0.009669628	0.9551223	148.09491	0.22613333	0.06464937	122.0	0.0
SPIKE	S120:T>G	6	52958	1.1329733E-4	4.872041	40.0	TRUE	T	8.643157E-4	208.0	0.0092823105	0.8999226	110.3592	0.22212158	0.052724894	122.0	0.0
SPIKE	S120:T>A	8	52958	1.5106311E-4	18.199682	40.0	TRUE	T	2.7385482E-4	65.0	0.0070316824	0.9671417	86.2392	0.22470008	0.043463208	122.0	0.0
SPIKE	S121:G>T	2	52958	3.7765778E-5	0.47457275	40.0	TRUE	G	0.001079509	260.0	0.009050706	0.87660384	89.56569	0.22188762	0.05175599	122.0	0.0
SPIKE	S121:G>C	29	52958	5.4760376E-4	88.54809	40.0	TRUE	G	1.5758665E-4	37.0	0.004315148	0.98095804	149.37312	0.22653085	0.052848134	122.0	0.0
SPIKE	S121:G>A	57	52958	0.0010763246	157.92287	40.0	TRUE	G	3.1517306E-4	77.0	0.009155124	0.9622787	132.76607	0.21876824	0.044958726	122.0	0.0
SPIKE	S122:T>C	49	52958	9.252615E-4	123.48962	40.0	TRUE	T	4.2710482E-4	101.0	0.009669628	0.9492275	148.09491	0.22613333	0.06464937	122.0	0.0
SPIKE	S122:T>A	23	52958	4.3430642E-4	70.48629	40.0	TRUE	T	1.1796823E-4	28.0	0.0070316824	0.9857109	86.2392	0.22470008	0.043463208	122.0	0.0
SPIKE	S122:T>G	0	52958	0.0	-1.0	0.0	TRUE	T	0.0010637732	256.0	0.0092823105	0.8782883	110.3592	0.22212158	0.052724894	122.0	0.0
SPIKE	S123:G>T	1	52958	1.8882889E-5	0.17304859	40.0	TRUE	G	9.964699E-4	240.0	0.009050706	0.88552964	89.56569	0.22188762	0.05175599	122.0	0.0
SPIKE	S123:G>C	8	52958	1.5106311E-4	25.331787	40.0	TRUE	G	1.3203206E-4	31.0	0.004315148	0.9840211	149.37312	0.22653085	0.052848134	122.0	0.0
SPIKE	S123:G>A	31	52958	5.8536953E-4	94.56869	39.935482	TRUE	G	2.08751E-4	51.0	0.009155124	0.97485393	132.76607	0.21876824	0.044958726	122.0	0.0
SPIKE	S124:T>C	78	52958	0.0014728652	211.84773	40.0	TRUE	T	5.708827E-4	135.0	0.009669628	0.9327224	148.09491	0.22613333	0.06464937	122.0	0.0
SPIKE	S124:T>A	16	52958	3.0212622E-4	49.41419	40.0	TRUE	T	8.8476176E-5	21.0	0.0070316824	0.98926395	86.2392	0.22470008	0.043463208	122.0	0.0
SPIKE	D124-126:TG>	1	52958	1.8882889E-5	-1.0	39.984875	TRUE		NaN	NaN	NaN	NaN	NaN	NaN	NaN	NaN	NaN
SPIKE	S124:T>G	0	52958	0.0	-1.0	0.0	TRUE	T	0.00108455	261.0	0.0092823105	0.8760649	110.3592	0.22212158	0.052724894	122.0	0.0
SPIKE	S125:G>T	2	52958	3.7765778E-5	7.269987	40.0	TRUE	G	2.2835768E-4	55.0	0.009050706	0.9725249	89.56569	0.22188762	0.05175599	122.0	0.0
SPIKE	S125:G>C	30	52958	5.664867E-4	56.184185	40.0	TRUE	G	9.157062E-4	215.0	0.004315148	0.8942981	149.37312	0.22653085	0.052848134	122.0	0.0
SPIKE	S125:G>A	25	52958	4.7207222E-4	76.50689	40.0	TRUE	G	1.5963311E-4	39.0	0.009155124	0.9807132	132.76607	0.21876824	0.044958726	122.0	0.0
SPIKE	D125-126:G>	1	52958	1.8882889E-5	-1.0	39.99241	TRUE		NaN	NaN	NaN	NaN	NaN	NaN	NaN	NaN	NaN
SPIKE	I126:>TG	1	52958	1.8882889E-5	-1.0	39.974	TRUE		NaN	NaN	NaN	NaN	NaN	NaN	NaN	NaN	NaN
SPIKE	S126:C>T	53	52958	0.0010007931	146.37572	40.0	TRUE	C	4.1503337E-4	102.0	0.008986786	0.9506265	132.76607	0.21743776	0.053018034	122.0	0.0
SPIKE	S126:C>G	16	52958	3.0212622E-4	14.0601015	40.0	TRUE	C	0.0013616737	309.0	0.0040130485	0.84694105	149.37312	0.23431091	0.06625331	122.0	0.0
SPIKE	S126:C>A	16	52958	3.0212622E-4	-1.0	40.0	TRUE	C	5.4250126E-5	14.0	0.013217697	0.9934033	89.56569	0.2079615	0.06251348	122.0	0.0
SPIKE	D126-127:C>	21	52958	3.9654065E-4	-1.0	39.974	TRUE		NaN	NaN	NaN	NaN	NaN	NaN	NaN	NaN	NaN
SPIKE	D126-128:CG>	1	52958	1.8882889E-5	-1.0	39.974	TRUE		NaN	NaN	NaN	NaN	NaN	NaN	NaN	NaN	NaN
SPIKE	S127:G>T	2	52958	3.7765778E-5	3.9120662	40.0	TRUE	G	3.7187297E-4	9.0	0.009050706	0.95564526	89.56569	0.22188762	0.05175599	122.0	1.0
SPIKE	S127:G>C	14	52958	2.6436042E-4	34.27314	40.0	TRUE	G	3.8331887E-4	90.0	0.004315148	0.9543117	149.37312	0.22653085	0.052848134	122.0	0.0
SPIKE	S127:G>A	55	52958	0.0010385589	151.94922	40.0	TRUE	G	3.8066358E-4	93.0	0.009155124	0.9546209	132.76607	0.21876824	0.044958726	122.0	0.0
SPIKE	D127-128:G>	4	52958	7.5531556E-5	-1.0	39.99139	TRUE		NaN	NaN	NaN	NaN	NaN	NaN	NaN	NaN	NaN
SPIKE	S128:G>A	17	52958	3.210091E-4	52.424488	40.0	TRUE	G	1.8828521E-4	46.0	0.009155124	0.97729105	132.76607	0.21876824	0.044958726	122.0	0.0
SPIKE	S128:G>C	13	52958	2.4547754E-4	13.984274	40.0	TRUE	G	0.0010136655	238.0	0.004315148	0.8836739	149.37312	0.22653085	0.052848134	122.0	0.0
SPIKE	S128:G>T	7	52958	1.3218021E-4	-1.0	40.0	TRUE	G	4.151958E-5	10.0	0.009050706	0.99494743	89.56569	0.22188762	0.05175599	122.0	0.0
SPIKE	S129:C>A	7	52956	1.321852E-4	-1.0	40.0	TRUE	C	6.9752794E-5	18.0	0.013217697	0.99152625	89.56231	0.2079615	0.06251348	122.0	0.0
SPIKE	S129:C>G	17	52956	3.2102122E-4	13.389667	40.0	TRUE	C	0.0014410489	327.0	0.0040130485	0.83877903	149.36748	0.23431091	0.06625331	122.0	0.0
SPIKE	S129:C>T	58	52956	0.0010952489	165.91978	40.0	TRUE	C	3.947035E-4	97.0	0.008986786	0.9529872	132.76105	0.21743776	0.053018034	122.0	0.0
SPIKE	D129-130:C>	22	52956	4.1543922E-4	-1.0	39.973392	TRUE		NaN	NaN	NaN	NaN	NaN	NaN	NaN	NaN	NaN
SPIKE	S130:G>A	57	52956	0.0010763652	146.38963	40.0	TRUE	G	5.116639E-4	125.0	0.009155124	0.93948543	132.76105	0.21876824	0.044958726	122.0	0.0
SPIKE	S130:G>C	8	52956	1.5106882E-4	13.595069	40.0	TRUE	G	4.2592594E-4	100.0	0.004315148	0.949364	149.36748	0.22653085	0.052848134	122.0	0.0
SPIKE	D130-131:G>	3	52956	5.6650806E-5	-1.0	39.983044	TRUE		NaN	NaN	NaN	NaN	NaN	NaN	NaN	NaN	NaN
SPIKE	D130-133:GGC>	12	52956	2.2660322E-4	-1.0	39.983044	TRUE		NaN	NaN	NaN	NaN	NaN	NaN	NaN	NaN	NaN
SPIKE	S130:G>T	0	52956	0.0	-1.0	0.0	TRUE	G	3.7187297E-4	3.0	0.009050706	0.95564526	89.56231	0.22188762	0.05175599	122.0	1.0
SPIKE	S131:G>A	20	52956	3.7767203E-4	50.97615	40.0	TRUE	G	3.2337158E-4	79.0	0.009155124	0.96131676	132.76105	0.21876824	0.044958726	122.0	0.0
SPIKE	S131:G>C	39	52956	7.3646044E-4	61.392944	40.0	TRUE	G	0.0012650001	297.0	0.004315148	0.85698915	149.36748	0.22653085	0.052848134	122.0	0.0
SPIKE	S131:G>T	9	52956	1.6995241E-4	20.808811	40.0	TRUE	G	3.7187297E-4	8.0	0.009050706	0.95564526	89.56231	0.22188762	0.05175599	122.0	1.0
SPIKE	S132:C>A	8	52955	1.5107167E-4	5.998918	40.0	TRUE	C	9.959338E-4	257.0	0.013217697	0.8855876	89.560616	0.2079615	0.06251348	122.0	0.0
SPIKE	S132:C>G	35	52955	6.6093856E-4	84.07732	40.0	TRUE	C	5.376492E-4	122.0	0.0040130485	0.93651175	149.36465	0.23431091	0.06625331	122.0	0.0
SPIKE	S132:C>T	25	52955	4.7209894E-4	65.15026	39.64	TRUE	C	3.255348E-4	80.0	0.008986786	0.9610631	132.75854	0.21743776	0.053018034	122.0	0.0
SPIKE	S133:A>G	2	52952	3.7770056E-5	0.28028724	40.0	TRUE	A	0.0011424575	275.0	0.009014485	0.86989754	148.07814	0.22198437	0.043495566	122.0	0.0
SPIKE	S133:A>C	1	52952	1.8885028E-5	1.0720997	40.0	TRUE	A	5.11723E-4	119.0	0.025069157	0.93947864	110.3467	0.23355897	0.0572453	122.0	0.0
SPIKE	I133:>GGCTGATT	1	52952	1.8885028E-5	-1.0	39.988518	TRUE		NaN	NaN	NaN	NaN	NaN	NaN	NaN	NaN	NaN
SPIKE	S133:A>T	0	52952	0.0	-1.0	0.0	TRUE	A	3.7933246E-4	5.0	0.0062564253	0.954776	86.22943	0.23440807	0.051340293	122.0	1.0
SPIKE	S134:G>A	76	52952	0.0014352622	167.42252	40.0	TRUE	G	0.0011871499	290.0	0.009155124	0.8651674	132.75102	0.21876824	0.044958726	122.0	0.0
SPIKE	S134:G>C	8	52952	1.5108022E-4	4.5662546	40.0	TRUE	G	0.0011543465	271.0	0.004315148	0.8686367	149.3562	0.22653085	0.052848134	122.0	0.0
SPIKE	S134:G>T	1	52952	1.8885028E-5	4.2596874	40.0	TRUE	G	1.5779228E-4	38.0	0.009050706	0.9809334	89.55554	0.22188762	0.05175599	122.0	0.0
SPIKE	I135:>C	9	52951	1.6996847E-4	-1.0	39.990765	TRUE		NaN	NaN	NaN	NaN	NaN	NaN	NaN	NaN	NaN
SPIKE	S135:C>A	14	52951	2.6439538E-4	34.27314	40.0	TRUE	C	2.6741097E-4	69.0	0.013217697	0.9679023	89.553856	0.2079615	0.06251348	122.0	0.0
SPIKE	S135:C>G	1	52951	1.8885385E-5	1.0720997	40.0	TRUE	C	4.936169E-4	112.0	0.0040130485	0.94155616	149.35338	0.23431091	0.06625331	122.0	0.0
SPIKE	S135:C>T	22	52951	4.1547845E-4	48.59232	40.0	TRUE	C	4.4764415E-4	110.0	0.008986786	0.9468519	132.74852	0.21743776	0.053018034	122.0	0.0
SPIKE	D135-136:C>	35	52951	6.6098844E-4	-1.0	39.990765	TRUE		NaN	NaN	NaN	NaN	NaN	NaN	NaN	NaN	NaN
SPIKE	S136:C>A	6	52951	1.1331231E-4	13.113299	40.0	TRUE	C	3.2166825E-4	83.0	0.013217697	0.9615165	89.553856	0.2079615	0.06251348	122.0	0.0
SPIKE	S136:C>T	30	52951	5.6656153E-4	37.17795	40.0	TRUE	C	0.0014894343	366.0	0.008986786	0.8338423	132.74852	0.21743776	0.053018034	122.0	0.0
SPIKE	S136:C>G	0	52951	0.0	-1.0	0.0	TRUE	C	1.8069903E-4	41.0	0.0040130485	0.97819597	149.35338	0.23431091	0.06625331	122.0	0.0
SPIKE	I137:>T	8	52924	1.5116016E-4	-1.0	39.43948	TRUE		NaN	NaN	NaN	NaN	NaN	NaN	NaN	NaN	NaN
SPIKE	S137:T>A	12	52924	2.2674023E-4	28.819815	39.5	TRUE	T	3.794272E-4	90.0	0.0070316824	0.9547649	86.18383	0.22470008	0.043463208	122.0	0.0
SPIKE	S137:T>G	4	52924	7.558008E-5	0.7240611	39.5	TRUE	T	0.0013513609	325.0	0.0092823105	0.8480073	110.28835	0.22212158	0.052724894	122.0	0.0
SPIKE	S137:T>C	4	52924	7.558008E-5	1.6458194	36.0	TRUE	T	9.817027E-4	232.0	0.009669628	0.88712645	147.99983	0.22613333	0.06464937	122.0	0.0
SPIKE	D137-138:T>	31	52924	5.857456E-4	-1.0	39.43948	TRUE		NaN	NaN	NaN	NaN	NaN	NaN	NaN	NaN	NaN
SPIKE	D137-139:TG>	7	52924	1.3226514E-4	-1.0	39.43948	TRUE		NaN	NaN	NaN	NaN	NaN	NaN	NaN	NaN	NaN
SPIKE	I138:>G	4	52923	7.5581505E-5	-1.0	39.415867	TRUE		NaN	NaN	NaN	NaN	NaN	NaN	NaN	NaN	NaN
SPIKE	S138:G>A	15	52923	2.8343065E-4	8.721025	38.533333	TRUE	G	0.0016834	411.0	0.009155124	0.814342	132.67831	0.21876824	0.044958726	122.0	0.0
SPIKE	S138:G>C	2	52923	3.7790753E-5	7.269987	36.5	TRUE	G	8.523831E-5	20.0	0.004315148	0.98965484	149.2744	0.22653085	0.052848134	122.0	0.0
SPIKE	D138-139:G>	14	52923	2.6453528E-4	-1.0	39.415867	TRUE		NaN	NaN	NaN	NaN	NaN	NaN	NaN	NaN	NaN
SPIKE	I138:>CT	1	52923	1.8895376E-5	-1.0	39.415867	TRUE		NaN	NaN	NaN	NaN	NaN	NaN	NaN	NaN	NaN
SPIKE	D138-140:GA>	2	52923	3.7790753E-5	-1.0	39.415867	TRUE		NaN	NaN	NaN	NaN	NaN	NaN	NaN	NaN	NaN
SPIKE	D138-142:GATT>	2	52923	3.7790753E-5	-1.0	39.415867	TRUE		NaN	NaN	NaN	NaN	NaN	NaN	NaN	NaN	NaN
SPIKE	D138-141:GAT>	1	52923	1.8895376E-5	-1.0	39.415867	TRUE		NaN	NaN	NaN	NaN	NaN	NaN	NaN	NaN	NaN
SPIKE	S138:G>T	0	52923	0.0	-1.0	0.0	TRUE	G	7.3953724E-4	178.0	0.009050706	0.9137269	89.5065	0.22188762	0.05175599	122.0	0.0
SPIKE	D139-141:AT>	4	52916	7.55915E-5	-1.0	39.10566	TRUE		NaN	NaN	NaN	NaN	NaN	NaN	NaN	NaN	NaN
SPIKE	D139-140:A>	17	52916	3.2126388E-4	-1.0	39.10566	TRUE		NaN	NaN	NaN	NaN	NaN	NaN	NaN	NaN	NaN
SPIKE	I139:>A	6	52916	1.1338726E-4	-1.0	39.10566	TRUE		NaN	NaN	NaN	NaN	NaN	NaN	NaN	NaN	NaN
SPIKE	D139-143:ATTA>	1	52916	1.8897876E-5	-1.0	39.10566	TRUE		NaN	NaN	NaN	NaN	NaN	NaN	NaN	NaN	NaN
SPIKE	S139:A>G	0	52916	0.0	-1.0	0.0	TRUE	A	5.778532E-4	139.0	0.009014485	0.9319295	147.97746	0.22198437	0.043495566	122.0	0.0
SPIKE	S139:A>C	0	52916	0.0	-1.0	0.0	TRUE	A	7.745614E-5	18.0	0.025069157	0.99059486	110.271675	0.23355897	0.0572453	122.0	0.0
SPIKE	S139:A>T	0	52916	0.0	-1.0	0.0	TRUE	A	0.0018840986	428.0	0.0062564253	0.79464483	86.17081	0.23440807	0.051340293	122.0	0.0
SPIKE	I140:>T	10	52914	1.889859E-4	-1.0	39.452583	TRUE		NaN	NaN	NaN	NaN	NaN	NaN	NaN	NaN	NaN
SPIKE	D140-144:TTAG>	2	52914	3.779718E-5	-1.0	39.452583	TRUE		NaN	NaN	NaN	NaN	NaN	NaN	NaN	NaN	NaN
SPIKE	D140-143:TTA>	3	52914	5.669577E-5	-1.0	39.452583	TRUE		NaN	NaN	NaN	NaN	NaN	NaN	NaN	NaN	NaN
SPIKE	S140:T>A	1	52914	1.889859E-5	0.3166301	38.0	TRUE	T	9.107974E-4	216.0	0.0070316824	0.8948338	86.16755	0.22470008	0.043463208	122.0	0.0
SPIKE	S140:T>G	2	52914	3.779718E-5	3.9120662	39.0	TRUE	T	3.035938E-4	73.0	0.0092823105	0.9636391	110.26751	0.22212158	0.052724894	122.0	0.0
SPIKE	S140:T>C	1	52914	1.889859E-5	4.2596874	34.0	TRUE	T	1.2696831E-4	30.0	0.009669628	0.9846292	147.97186	0.22613333	0.06464937	122.0	0.0
SPIKE	D140-141:T>	57	52914	0.0010772196	-1.0	39.452583	TRUE		NaN	NaN	NaN	NaN	NaN	NaN	NaN	NaN	NaN
SPIKE	D140-142:TT>	2	52914	3.779718E-5	-1.0	39.452583	TRUE		NaN	NaN	NaN	NaN	NaN	NaN	NaN	NaN	NaN
SPIKE	S141:T>A	21	52900	3.9697543E-4	8.589505	39.190475	TRUE	T	0.0025433155	603.0	0.0070316824	0.73323834	86.14475	0.22470008	0.043463208	122.0	0.0
SPIKE	S141:T>G	3	52900	5.6710775E-5	6.0206	40.0	TRUE	T	3.8271266E-4	92.0	0.0092823105	0.9543823	110.238335	0.22212158	0.052724894	122.0	0.0
SPIKE	S141:T>C	3	52900	5.6710775E-5	6.0206	37.0	TRUE	T	3.5137197E-4	83.0	0.009669628	0.95803845	147.93272	0.22613333	0.06464937	122.0	0.0
SPIKE	S142:A>G	1	52893	1.8906094E-5	6.295924E-4	40.0	TRUE	A	0.0024413476	587.0	0.009014485	0.74241686	147.91315	0.22198437	0.043495566	122.0	0.0
SPIKE	D142-143:A>	24	52893	4.5374624E-4	-1.0	39.1538	TRUE		NaN	NaN	NaN	NaN	NaN	NaN	NaN	NaN	NaN
SPIKE	I142:>A	3	52893	5.671828E-5	-1.0	39.1538	TRUE		NaN	NaN	NaN	NaN	NaN	NaN	NaN	NaN	NaN
SPIKE	D142-144:AG>	1	52893	1.8906094E-5	-1.0	39.1538	TRUE		NaN	NaN	NaN	NaN	NaN	NaN	NaN	NaN	NaN
SPIKE	D142-145:AGC>	2	52893	3.7812188E-5	-1.0	39.1538	TRUE		NaN	NaN	NaN	NaN	NaN	NaN	NaN	NaN	NaN
SPIKE	S142:A>C	0	52893	0.0	-1.0	0.0	TRUE	A	6.026986E-4	140.0	0.025069157	0.929109	110.22375	0.23355897	0.0572453	122.0	0.0
SPIKE	S142:A>T	0	52893	0.0	-1.0	0.0	TRUE	A	9.953071E-4	226.0	0.0062564253	0.8856553	86.133354	0.23440807	0.051340293	122.0	0.0
SPIKE	I143:>G	2	52889	3.7815047E-5	-1.0	39.307476	TRUE		NaN	NaN	NaN	NaN	NaN	NaN	NaN	NaN	NaN
SPIKE	S143:G>A	4	52889	7.5630094E-5	1.0965977	37.5	TRUE	G	0.0011311851	276.0	0.009155124	0.8710947	132.59308	0.21876824	0.044958726	122.0	0.0
SPIKE	S143:G>C	2	52889	3.7815047E-5	2.8371948E-4	37.5	TRUE	G	0.0031686388	743.0	0.004315148	0.6793805	149.1785	0.22653085	0.052848134	122.0	0.0
SPIKE	S143:G>T	1	52889	1.8907524E-5	4.2596874	40.0	TRUE	G	2.2034085E-4	53.0	0.009050706	0.9734765	89.449	0.22188762	0.05175599	122.0	0.0
SPIKE	D143-144:G>	19	52889	3.5924296E-4	-1.0	39.307476	TRUE		NaN	NaN	NaN	NaN	NaN	NaN	NaN	NaN	NaN
SPIKE	D143-145:GC>	1	52889	1.8907524E-5	-1.0	39.307476	TRUE		NaN	NaN	NaN	NaN	NaN	NaN	NaN	NaN	NaN
SPIKE	I144:>C	20	52885	3.7817907E-4	-1.0	39.421158	TRUE		NaN	NaN	NaN	NaN	NaN	NaN	NaN	NaN	NaN
SPIKE	S144:C>G	2	52885	3.7817907E-5	0.095406055	39.0	TRUE	C	0.0015356523	348.0	0.0040130485	0.82915384	149.16722	0.23431091	0.06625331	122.0	0.0
SPIKE	S144:C>A	1	52885	1.8908953E-5	4.2596874	40.0	TRUE	C	1.7849646E-4	46.0	0.013217697	0.9784588	89.44223	0.2079615	0.06251348	122.0	0.0
SPIKE	S144:C>T	11	52885	2.0799848E-4	20.53052	37.909092	TRUE	C	4.685757E-4	115.0	0.008986786	0.9444371	132.58305	0.21743776	0.053018034	122.0	0.0
SPIKE	D144-145:C>	41	52885	7.752671E-4	-1.0	39.421158	TRUE		NaN	NaN	NaN	NaN	NaN	NaN	NaN	NaN	NaN
SPIKE	S145:C>G	2	52873	3.782649E-5	1.3408211	39.0	TRUE	C	7.5034524E-4	170.0	0.0040130485	0.9125229	149.13338	0.23431091	0.06625331	122.0	0.0
SPIKE	S145:C>A	5	52873	9.4566225E-5	16.300888	37.2	TRUE	C	1.5136831E-4	39.0	0.013217697	0.9817025	89.421936	0.2079615	0.06251348	122.0	0.0
SPIKE	S145:C>T	6	52873	1.1347947E-4	6.718435	37.333332	TRUE	C	6.6023035E-4	162.0	0.008986786	0.9226105	132.55296	0.21743776	0.053018034	122.0	0.0
SPIKE	I146:>A	2	52854	3.7840087E-5	-1.0	39.2208	TRUE		NaN	NaN	NaN	NaN	NaN	NaN	NaN	NaN	NaN
SPIKE	I146:>TC	1	52854	1.8920044E-5	-1.0	39.2208	TRUE		NaN	NaN	NaN	NaN	NaN	NaN	NaN	NaN	NaN
SPIKE	S146:C>G	4	52854	7.5680175E-5	7.4926927E-4	35.5	TRUE	C	0.0037398287	847.0	0.0040130485	0.63364965	149.07977	0.23431091	0.06625331	122.0	0.0
SPIKE	S146:C>A	5	52854	9.460022E-5	16.300888	39.6	TRUE	C	1.0483111E-4	27.0	0.013217697	0.98729205	89.3898	0.2079615	0.06251348	122.0	0.0
SPIKE	S146:C>T	7	52854	1.3244031E-4	6.3054132	38.714287	TRUE	C	8.683927E-4	213.0	0.008986786	0.8994751	132.50534	0.21743776	0.053018034	122.0	0.0
SPIKE	I146:>TG	1	52854	1.8920044E-5	-1.0	39.2208	TRUE		NaN	NaN	NaN	NaN	NaN	NaN	NaN	NaN	NaN
SPIKE	S147:G>A	19	52836	3.596033E-4	25.73161	38.789474	TRUE	G	9.928311E-4	242.0	0.009155124	0.88592285	132.4602	0.21876824	0.044958726	122.0	0.0
SPIKE	S147:G>C	2	52836	3.785298E-5	0.031391714	37.0	TRUE	G	0.0018313723	429.0	0.004315148	0.7997729	149.029	0.22653085	0.052848134	122.0	0.0
SPIKE	S147:G>T	0	52836	0.0	-1.0	0.0	TRUE	G	0.0033666897	809.0	0.009050706	0.6631619	89.35936	0.22188762	0.05175599	122.0	0.0
SPIKE	S148:T>G	4	52810	7.574323E-5	1.4640765E-5	39.25	TRUE	T	0.004846232	1163.0	0.0092823105	0.5536402	110.05079	0.22212158	0.052724894	122.0	0.0
SPIKE	S148:T>A	1	52810	1.8935807E-5	2.0412	40.0	TRUE	T	3.548965E-4	84.0	0.0070316824	0.9576266	85.99819	0.22470008	0.043463208	122.0	0.0
SPIKE	S148:T>C	2	52810	3.7871614E-5	0.7986036	38.0	TRUE	T	8.4812235E-4	200.0	0.009669628	0.9017022	147.68103	0.22613333	0.06464937	122.0	0.0
SPIKE	S149:G>A	19	52789	3.5992346E-4	19.197655	38.36842	TRUE	G	0.0013673848	333.0	0.009155124	0.84635115	132.34238	0.21876824	0.044958726	122.0	0.0
SPIKE	S149:G>C	2	52789	3.7886683E-5	8.361248E-5	36.0	TRUE	G	0.0035121872	822.0	0.004315148	0.65149415	148.89644	0.22653085	0.052848134	122.0	0.0
SPIKE	S149:G>T	0	52789	0.0	-1.0	0.0	TRUE	G	0.0019784938	475.0	0.009050706	0.785546	89.27987	0.22188762	0.05175599	122.0	0.0
SPIKE	S150:C>A	0	52713	0.0	-1.0	0.0	TRUE	C	1.2457662E-4	32.0	0.013217697	0.98491657	89.15134	0.2079615	0.06251348	122.0	0.0
SPIKE	S150:C>G	0	52713	0.0	-1.0	0.0	TRUE	C	0.0029086655	657.0	0.0040130485	0.70127356	148.68207	0.23431091	0.06625331	122.0	0.0
SPIKE	S150:C>T	0	52713	0.0	-1.0	0.0	TRUE	C	0.0037690126	922.0	0.008986786	0.63139755	132.15186	0.21743776	0.053018034	122.0	0.0
SPIKE	S151:T>A	0	52663	0.0	-1.0	0.0	TRUE	T	8.473503E-5	20.0	0.0070316824	0.9897156	85.75881	0.22470008	0.043463208	122.0	0.0
SPIKE	S151:T>G	0	52663	0.0	-1.0	0.0	TRUE	T	0.0043708584	1046.0	0.0092823105	0.5866982	109.74445	0.22212158	0.052724894	122.0	0.0
SPIKE	S151:T>C	0	52663	0.0	-1.0	0.0	TRUE	T	0.0019178543	451.0	0.009669628	0.79137903	147.26996	0.22613333	0.06464937	122.0	0.0
SPIKE	S152:G>A	0	52549	0.0	-1.0	0.0	TRUE	G	0.0012168793	295.0	0.009155124	0.8620351	131.7407	0.21876824	0.044958726	122.0	0.0
SPIKE	S152:G>C	0	52549	0.0	-1.0	0.0	TRUE	G	1.2447519E-4	29.0	0.004315148	0.9849287	148.2195	0.22653085	0.052848134	122.0	0.0
SPIKE	S152:G>T	0	52549	0.0	-1.0	0.0	TRUE	G	0.0016653409	398.0	0.009050706	0.8161382	88.87397	0.22188762	0.05175599	122.0	0.0
SPIKE	S153:G>A	0	52266	0.0	-1.0	0.0	TRUE	G	0.001090753	263.0	0.009155124	0.87540215	131.03122	0.21876824	0.044958726	122.0	0.0
SPIKE	S153:G>C	0	52266	0.0	-1.0	0.0	TRUE	G	1.2514918E-4	29.0	0.004315148	0.9848478	147.42126	0.22653085	0.052848134	122.0	0.0
SPIKE	S153:G>T	0	52266	0.0	-1.0	0.0	TRUE	G	1.2200096E-4	29.0	0.009050706	0.9852261	88.39534	0.22188762	0.05175599	122.0	0.0
