#pipeline_block
reference	mutation	count	coverage	freq	score	cqs	has.reference	ancestral.allele	error.rate	minor.count.local	minor.fdr	minor.recall	minor.count.global	read.fraction.in.minors	q.filtered.read.fraction	mig.size	global.est
SPIKE	S0:T>A	0	81641	0.0	-1.0	0.0	TRUE	T	8.05063E-6	3.0	0.15353581	0.9988253	6.288488	0.12347623	0.0029061134	146.0	1.0
SPIKE	S0:T>G	0	81641	0.0	-1.0	0.0	TRUE	T	3.817094E-5	1.0	0.0195227	0.9944425	72.48511	0.043848507	0.0033739256	146.0	1.0
SPIKE	S0:T>C	0	81641	0.0	-1.0	0.0	TRUE	T	3.8300033E-5	33.0	0.08429116	0.9944238	34.16413	0.10347517	0.008999004	146.0	0.0
SPIKE	S1:A>G	0	81691	0.0	-1.0	0.0	TRUE	A	3.0411724E-5	32.0	0.06798348	0.9955697	34.185055	0.08329936	0.0108132325	146.0	0.0
SPIKE	S1:A>C	0	81691	0.0	-1.0	0.0	TRUE	A	7.328853E-5	0.0	0.053503044	0.98935694	72.5295	0.08721201	0.053835984	146.0	1.0
SPIKE	S1:A>T	0	81691	0.0	-1.0	0.0	TRUE	A	9.3082235E-6	6.0	0.19841921	0.9986419	6.2923393	0.15075842	0.0071111834	146.0	1.0
SPIKE	S2:G>A	0	81748	0.0	-1.0	0.0	TRUE	G	4.4349283E-5	48.0	0.08672368	0.99354595	57.949295	0.082702816	0.00700812	146.0	0.0
SPIKE	S2:G>C	0	81748	0.0	-1.0	0.0	TRUE	G	2.509738E-5	1.0	0.044631988	0.9963425	39.260952	0.054698322	0.0031759928	146.0	1.0
SPIKE	S2:G>T	0	81748	0.0	-1.0	0.0	TRUE	G	1.123841E-5	5.0	0.05940695	0.9983605	16.338024	0.05978341	0.0029522497	146.0	1.0
SPIKE	S3:C>A	0	81828	0.0	-1.0	0.0	TRUE	C	2.5679477E-5	3.0	0.4894568	0.99625784	16.354013	0.25166988	0.033775546	146.0	1.0
SPIKE	S3:C>G	0	81828	0.0	-1.0	0.0	TRUE	C	2.4281522E-5	6.0	0.055809166	0.99646115	39.299374	0.053546667	0.0025109248	146.0	1.0
SPIKE	S3:C>T	0	81828	0.0	-1.0	0.0	TRUE	C	5.5434197E-5	72.0	0.05231146	0.99193925	58.00601	0.06647855	0.006375435	146.0	0.0
SPIKE	S4:G>A	29	81893	3.5412062E-4	-1.0	39.86207	TRUE	G	3.0436147E-5	33.0	0.08672368	0.9955662	58.052082	0.082702816	0.00700812	146.0	0.0
SPIKE	S4:G>C	2	81893	2.4422112E-5	-1.0	39.5	TRUE	G	2.509738E-5	4.0	0.044631988	0.9963425	39.33059	0.054698322	0.0031759928	146.0	1.0
SPIKE	S4:G>T	0	81893	0.0	-1.0	0.0	TRUE	G	1.123841E-5	6.0	0.05940695	0.9983605	16.367004	0.05978341	0.0029522497	146.0	1.0
SPIKE	S5:T>A	2	81944	2.4406912E-5	-1.0	39.5	TRUE	T	8.05063E-6	0.0	0.15353581	0.9988253	6.3118267	0.12347623	0.0029061134	146.0	1.0
SPIKE	S5:T>G	1	81944	1.2203456E-5	-1.0	40.0	TRUE	T	9.44382E-6	18.0	0.0195227	0.9986222	72.75413	0.043848507	0.0033739256	146.0	0.0
SPIKE	S5:T>C	5	81944	6.101728E-5	-1.0	38.2	TRUE	T	4.8565256E-5	42.0	0.08429116	0.9929345	34.290928	0.10347517	0.008999004	146.0	0.0
SPIKE	I6:>G	2	82002	2.4389648E-5	-1.0	39.95276	TRUE		NaN	NaN	NaN	NaN	NaN	NaN	NaN	NaN	NaN
SPIKE	S6:G>A	22	82002	2.6828615E-4	-1.0	39.909092	TRUE	G	2.5790283E-5	28.0	0.08672368	0.9962417	58.129353	0.082702816	0.00700812	146.0	0.0
SPIKE	S6:G>T	1	82002	1.2194824E-5	-1.0	40.0	TRUE	G	1.123841E-5	4.0	0.05940695	0.9983605	16.388788	0.05978341	0.0029522497	146.0	1.0
SPIKE	S6:G>C	0	82002	0.0	-1.0	0.0	TRUE	G	2.509738E-5	0.0	0.044631988	0.9963425	39.38294	0.054698322	0.0031759928	146.0	1.0
SPIKE	S7:A>C	5	82039	6.0946622E-5	16.300888	39.4	TRUE	A	7.328853E-5	1.0	0.053503044	0.98935694	72.83847	0.08721201	0.053835984	146.0	1.0
SPIKE	D7-8:A>	74	82039	9.0201E-4	-1.0	39.962994	TRUE		NaN	NaN	NaN	NaN	NaN	NaN	NaN	NaN	NaN
SPIKE	S7:A>G	0	82039	0.0	-1.0	0.0	TRUE	A	1.324869E-5	14.0	0.06798348	0.99806756	34.33068	0.08329936	0.0108132325	146.0	0.0
SPIKE	S7:A>T	0	82039	0.0	-1.0	0.0	TRUE	A	9.3082235E-6	0.0	0.19841921	0.9986419	6.3191442	0.15075842	0.0071111834	146.0	1.0
SPIKE	S8:A>C	7	82041	8.532319E-5	22.321487	39.714287	TRUE	A	7.328853E-5	2.0	0.053503044	0.98935694	72.84025	0.08721201	0.053835984	146.0	1.0
SPIKE	S8:A>G	0	82041	0.0	-1.0	0.0	TRUE	A	2.6496735E-5	28.0	0.06798348	0.99613893	34.33152	0.08329936	0.0108132325	146.0	0.0
SPIKE	S8:A>T	0	82041	0.0	-1.0	0.0	TRUE	A	9.3082235E-6	0.0	0.19841921	0.9986419	6.3192983	0.15075842	0.0071111834	146.0	1.0
SPIKE	D9-11:GA>	8	82047	9.7505086E-5	-1.0	39.92681	TRUE		NaN	NaN	NaN	NaN	NaN	NaN	NaN	NaN	NaN
SPIKE	I9:>G	1	82047	1.2188136E-5	-1.0	39.92681	TRUE		NaN	NaN	NaN	NaN	NaN	NaN	NaN	NaN	NaN
SPIKE	S9:G>A	27	82047	3.2907966E-4	-1.0	39.703705	TRUE	G	3.0379018E-5	33.0	0.08672368	0.9955745	58.16125	0.082702816	0.00700812	146.0	0.0
SPIKE	D9-10:G>	42	82047	5.119017E-4	-1.0	39.92681	TRUE		NaN	NaN	NaN	NaN	NaN	NaN	NaN	NaN	NaN
SPIKE	S9:G>C	0	82047	0.0	-1.0	0.0	TRUE	G	2.509738E-5	0.0	0.044631988	0.9963425	39.404552	0.054698322	0.0031759928	146.0	1.0
SPIKE	S9:G>T	0	82047	0.0	-1.0	0.0	TRUE	G	1.123841E-5	2.0	0.05940695	0.9983605	16.397783	0.05978341	0.0029522497	146.0	1.0
SPIKE	S10:A>C	5	82047	6.094068E-5	16.300888	40.0	TRUE	A	7.328853E-5	2.0	0.053503044	0.98935694	72.84557	0.08721201	0.053835984	146.0	1.0
SPIKE	D10-11:A>	31	82047	3.778322E-4	-1.0	39.918938	TRUE		NaN	NaN	NaN	NaN	NaN	NaN	NaN	NaN	NaN
SPIKE	D10-12:AC>	3	82047	3.656441E-5	-1.0	39.918938	TRUE		NaN	NaN	NaN	NaN	NaN	NaN	NaN	NaN	NaN
SPIKE	S10:A>G	0	82047	0.0	-1.0	0.0	TRUE	A	3.6903468E-5	39.0	0.06798348	0.9946266	34.33403	0.08329936	0.0108132325	146.0	0.0
SPIKE	S10:A>T	0	82047	0.0	-1.0	0.0	TRUE	A	9.3082235E-6	0.0	0.19841921	0.9986419	6.3197603	0.15075842	0.0071111834	146.0	1.0
SPIKE	S11:C>G	1	82048	1.21879875E-5	-1.0	40.0	TRUE	C	2.4281522E-5	1.0	0.055809166	0.99646115	39.405033	0.053546667	0.0025109248	146.0	1.0
SPIKE	S11:C>T	24	82048	2.925117E-4	-1.0	39.791668	TRUE	C	4.2232023E-5	55.0	0.05231146	0.9938531	58.16196	0.06647855	0.006375435	146.0	0.0
SPIKE	D11-13:CG>	1	82048	1.21879875E-5	-1.0	39.88986	TRUE		NaN	NaN	NaN	NaN	NaN	NaN	NaN	NaN	NaN
SPIKE	D11-12:C>	29	82048	3.5345164E-4	-1.0	39.88986	TRUE		NaN	NaN	NaN	NaN	NaN	NaN	NaN	NaN	NaN
SPIKE	I11:>C	1	82048	1.21879875E-5	-1.0	39.88986	TRUE		NaN	NaN	NaN	NaN	NaN	NaN	NaN	NaN	NaN
SPIKE	S11:C>A	0	82048	0.0	-1.0	0.0	TRUE	C	2.5679477E-5	0.0	0.4894568	0.99625784	16.397982	0.25166988	0.033775546	146.0	1.0
SPIKE	D12-14:GA>	5	82048	6.0939936E-5	-1.0	39.783176	TRUE		NaN	NaN	NaN	NaN	NaN	NaN	NaN	NaN	NaN
SPIKE	S12:G>A	34	82048	4.1439157E-4	-1.0	39.735294	TRUE	G	2.8537519E-5	31.0	0.08672368	0.9958422	58.16196	0.082702816	0.00700812	146.0	0.0
SPIKE	S12:G>T	3	82048	3.656396E-5	-1.0	36.0	TRUE	G	1.123841E-5	0.0	0.05940695	0.9983605	16.397982	0.05978341	0.0029522497	146.0	1.0
SPIKE	D12-13:G>	34	82048	4.1439157E-4	-1.0	39.783176	TRUE		NaN	NaN	NaN	NaN	NaN	NaN	NaN	NaN	NaN
SPIKE	S12:G>C	0	82048	0.0	-1.0	0.0	TRUE	G	2.509738E-5	0.0	0.044631988	0.9963425	39.405033	0.054698322	0.0031759928	146.0	1.0
SPIKE	S13:A>C	1	82048	1.21879875E-5	4.2596874	40.0	TRUE	A	7.328853E-5	5.0	0.053503044	0.98935694	72.846466	0.08721201	0.053835984	146.0	1.0
SPIKE	D13-14:A>	27	82048	3.2907567E-4	-1.0	39.82887	TRUE		NaN	NaN	NaN	NaN	NaN	NaN	NaN	NaN	NaN
SPIKE	S13:A>G	0	82048	0.0	-1.0	0.0	TRUE	A	1.17332675E-4	124.0	0.06798348	0.9830153	34.33445	0.08329936	0.0108132325	146.0	0.0
SPIKE	S13:A>T	0	82048	0.0	-1.0	0.0	TRUE	A	9.3082235E-6	4.0	0.19841921	0.9986419	6.3198376	0.15075842	0.0071111834	146.0	1.0
SPIKE	S14:C>G	4	82048	4.875195E-5	-1.0	40.0	TRUE	C	2.4281522E-5	1.0	0.055809166	0.99646115	39.405033	0.053546667	0.0025109248	146.0	1.0
SPIKE	S14:C>T	20	82048	2.4375974E-4	-1.0	39.75	TRUE	C	1.9196374E-5	25.0	0.05231146	0.99720126	58.16196	0.06647855	0.006375435	146.0	0.0
SPIKE	D14-15:C>	25	82048	3.046997E-4	-1.0	39.932102	TRUE		NaN	NaN	NaN	NaN	NaN	NaN	NaN	NaN	NaN
SPIKE	S14:C>A	0	82048	0.0	-1.0	0.0	TRUE	C	2.5679477E-5	0.0	0.4894568	0.99625784	16.397982	0.25166988	0.033775546	146.0	1.0
SPIKE	S15:A>C	9	82048	1.09691886E-4	28.342087	39.555557	TRUE	A	7.328853E-5	1.0	0.053503044	0.98935694	72.846466	0.08721201	0.053835984	146.0	1.0
SPIKE	D15-16:A>	27	82048	3.2907567E-4	-1.0	39.84379	TRUE		NaN	NaN	NaN	NaN	NaN	NaN	NaN	NaN	NaN
SPIKE	S15:A>G	0	82048	0.0	-1.0	0.0	TRUE	A	2.5548243E-5	27.0	0.06798348	0.9962769	34.33445	0.08329936	0.0108132325	146.0	0.0
SPIKE	S15:A>T	0	82048	0.0	-1.0	0.0	TRUE	A	9.3082235E-6	2.0	0.19841921	0.9986419	6.3198376	0.15075842	0.0071111834	146.0	1.0
SPIKE	S16:G>A	19	82048	2.3157176E-4	-1.0	39.894737	TRUE	G	3.4981473E-5	38.0	0.08672368	0.9949057	58.16196	0.082702816	0.00700812	146.0	0.0
SPIKE	S16:G>T	1	82048	1.21879875E-5	-1.0	38.0	TRUE	G	1.123841E-5	0.0	0.05940695	0.9983605	16.397982	0.05978341	0.0029522497	146.0	1.0
SPIKE	D16-17:G>	19	82048	2.3157176E-4	-1.0	39.938232	TRUE		NaN	NaN	NaN	NaN	NaN	NaN	NaN	NaN	NaN
SPIKE	S16:G>C	0	82048	0.0	-1.0	0.0	TRUE	G	2.509738E-5	0.0	0.044631988	0.9963425	39.405033	0.054698322	0.0031759928	146.0	1.0
SPIKE	S17:A>C	4	82048	4.875195E-5	13.290587	40.0	TRUE	A	7.328853E-5	2.0	0.053503044	0.98935694	72.846466	0.08721201	0.053835984	146.0	1.0
SPIKE	D17-18:A>	9	82048	1.09691886E-4	-1.0	39.91655	TRUE		NaN	NaN	NaN	NaN	NaN	NaN	NaN	NaN	NaN
SPIKE	S17:A>G	0	82048	0.0	-1.0	0.0	TRUE	A	6.339749E-5	67.0	0.06798348	0.9907867	34.33445	0.08329936	0.0108132325	146.0	0.0
SPIKE	S17:A>T	0	82048	0.0	-1.0	0.0	TRUE	A	9.3082235E-6	3.0	0.19841921	0.9986419	6.3198376	0.15075842	0.0071111834	146.0	1.0
SPIKE	S18:A>C	12	82048	1.4625584E-4	37.372986	39.583332	TRUE	A	7.328853E-5	4.0	0.053503044	0.98935694	72.846466	0.08721201	0.053835984	146.0	1.0
SPIKE	S18:A>G	0	82048	0.0	-1.0	0.0	TRUE	A	4.2580406E-5	45.0	0.06798348	0.99380255	34.33445	0.08329936	0.0108132325	146.0	0.0
SPIKE	S18:A>T	0	82048	0.0	-1.0	0.0	TRUE	A	9.3082235E-6	1.0	0.19841921	0.9986419	6.3198376	0.15075842	0.0071111834	146.0	1.0
SPIKE	S19:C>G	7	82048	8.5315914E-5	-1.0	39.714287	TRUE	C	2.4281522E-5	0.0	0.055809166	0.99646115	39.405033	0.053546667	0.0025109248	146.0	1.0
SPIKE	S19:C>T	7	82048	8.5315914E-5	-1.0	40.0	TRUE	C	2.6107069E-5	34.0	0.05231146	0.9961956	58.16196	0.06647855	0.006375435	146.0	0.0
SPIKE	S19:C>A	0	82048	0.0	-1.0	0.0	TRUE	C	2.5679477E-5	0.0	0.4894568	0.99625784	16.397982	0.25166988	0.033775546	146.0	1.0
SPIKE	S20:C>G	5	82048	6.0939936E-5	-1.0	39.2	TRUE	C	2.4281522E-5	0.0	0.055809166	0.99646115	39.405033	0.053546667	0.0025109248	146.0	1.0
SPIKE	S20:C>T	4	82048	4.875195E-5	-1.0	40.0	TRUE	C	2.3035649E-5	30.0	0.05231146	0.9966425	58.16196	0.06647855	0.006375435	146.0	0.0
SPIKE	S20:C>A	0	82048	0.0	-1.0	0.0	TRUE	C	2.5679477E-5	0.0	0.4894568	0.99625784	16.397982	0.25166988	0.033775546	146.0	1.0
SPIKE	S21:A>G	0	82048	0.0	-1.0	0.0	TRUE	A	4.2580406E-5	45.0	0.06798348	0.99380255	34.33445	0.08329936	0.0108132325	146.0	0.0
SPIKE	S21:A>C	0	82048	0.0	-1.0	0.0	TRUE	A	7.328853E-5	0.0	0.053503044	0.98935694	72.846466	0.08721201	0.053835984	146.0	1.0
SPIKE	S21:A>T	0	82048	0.0	-1.0	0.0	TRUE	A	9.3082235E-6	0.0	0.19841921	0.9986419	6.3198376	0.15075842	0.0071111834	146.0	1.0
SPIKE	S22:A>C	82048	82048	1.0	9999.0	39.993347	FALSE	C	7.328853E-5	0.0	0.053503044	0.98935694	72.846466	0.08721201	0.053835984	146.0	1.0
SPIKE	S22:A>G	0	82048	0.0	-1.0	0.0	FALSE	C	3.2488326E-5	0.0	0.06798348	0.9952679	34.33445	0.08329936	0.0108132325	146.0	1.0
SPIKE	S22:A>T	0	82048	0.0	-1.0	0.0	FALSE	C	9.3082235E-6	0.0	0.19841921	0.9986419	6.3198376	0.15075842	0.0071111834	146.0	1.0
SPIKE	S23:A>T	82048	82048	1.0	-1.0	39.99331	FALSE	T	9.3082235E-6	0.0	0.19841921	0.9986419	6.3198376	0.15075842	0.0071111834	146.0	1.0
SPIKE	S23:A>G	0	82048	0.0	-1.0	0.0	FALSE	T	3.2488326E-5	0.0	0.06798348	0.9952679	34.33445	0.08329936	0.0108132325	146.0	1.0
SPIKE	S23:A>C	0	82048	0.0	-1.0	0.0	FALSE	T	7.328853E-5	0.0	0.053503044	0.98935694	72.846466	0.08721201	0.053835984	146.0	1.0
SPIKE	S24:A>C	82048	82048	1.0	9999.0	39.99332	FALSE	C	7.328853E-5	0.0	0.053503044	0.98935694	72.846466	0.08721201	0.053835984	146.0	1.0
SPIKE	S24:A>G	0	82048	0.0	-1.0	0.0	FALSE	C	3.2488326E-5	0.0	0.06798348	0.9952679	34.33445	0.08329936	0.0108132325	146.0	1.0
SPIKE	S24:A>T	0	82048	0.0	-1.0	0.0	FALSE	C	9.3082235E-6	0.0	0.19841921	0.9986419	6.3198376	0.15075842	0.0071111834	146.0	1.0
SPIKE	S25:A>G	0	82048	0.0	-1.0	0.0	TRUE	A	3.2488326E-5	0.0	0.06798348	0.9952679	34.33445	0.08329936	0.0108132325	146.0	1.0
SPIKE	S25:A>C	0	82048	0.0	-1.0	0.0	TRUE	A	7.328853E-5	0.0	0.053503044	0.98935694	72.846466	0.08721201	0.053835984	146.0	1.0
SPIKE	S25:A>T	0	82048	0.0	-1.0	0.0	TRUE	A	9.3082235E-6	0.0	0.19841921	0.9986419	6.3198376	0.15075842	0.0071111834	146.0	1.0
SPIKE	S26:T>C	1	82048	1.21879875E-5	-1.0	40.0	TRUE	T	2.8871247E-5	25.0	0.08429116	0.99579364	34.33445	0.10347517	0.008999004	146.0	0.0
SPIKE	S26:T>A	0	82048	0.0	-1.0	0.0	TRUE	T	8.05063E-6	1.0	0.15353581	0.9988253	6.3198376	0.12347623	0.0029061134	146.0	1.0
SPIKE	S26:T>G	0	82048	0.0	-1.0	0.0	TRUE	T	3.817094E-5	2.0	0.0195227	0.9944425	72.846466	0.043848507	0.0033739256	146.0	1.0
SPIKE	S27:G>A	3	82048	3.656396E-5	-1.0	39.666668	TRUE	G	3.1299212E-5	34.0	0.08672368	0.9954407	58.16196	0.082702816	0.00700812	146.0	0.0
SPIKE	S27:G>C	0	82048	0.0	-1.0	0.0	TRUE	G	2.509738E-5	0.0	0.044631988	0.9963425	39.405033	0.054698322	0.0031759928	146.0	1.0
SPIKE	S27:G>T	0	82048	0.0	-1.0	0.0	TRUE	G	1.123841E-5	0.0	0.05940695	0.9983605	16.397982	0.05978341	0.0029522497	146.0	1.0
SPIKE	S28:G>A	7	82048	8.5315914E-5	-1.0	38.42857	TRUE	G	2.4855259E-5	27.0	0.08672368	0.9963777	58.16196	0.082702816	0.00700812	146.0	0.0
SPIKE	S28:G>C	0	82048	0.0	-1.0	0.0	TRUE	G	2.509738E-5	0.0	0.044631988	0.9963425	39.405033	0.054698322	0.0031759928	146.0	1.0
SPIKE	S28:G>T	0	82048	0.0	-1.0	0.0	TRUE	G	1.123841E-5	1.0	0.05940695	0.9983605	16.397982	0.05978341	0.0029522497	146.0	1.0
SPIKE	S29:G>A	5	82048	6.0939936E-5	-1.0	39.6	TRUE	G	4.0504867E-5	44.0	0.08672368	0.9941037	58.16196	0.082702816	0.00700812	146.0	0.0
SPIKE	S29:G>C	0	82048	0.0	-1.0	0.0	TRUE	G	2.509738E-5	0.0	0.044631988	0.9963425	39.405033	0.054698322	0.0031759928	146.0	1.0
SPIKE	S29:G>T	0	82048	0.0	-1.0	0.0	TRUE	G	1.123841E-5	0.0	0.05940695	0.9983605	16.397982	0.05978341	0.0029522497	146.0	1.0
SPIKE	S30:A>G	0	82048	0.0	-1.0	0.0	TRUE	A	3.8795482E-5	41.0	0.06798348	0.99435186	34.33445	0.08329936	0.0108132325	146.0	0.0
SPIKE	S30:A>C	0	82048	0.0	-1.0	0.0	TRUE	A	7.328853E-5	3.0	0.053503044	0.98935694	72.846466	0.08721201	0.053835984	146.0	1.0
SPIKE	S30:A>T	0	82048	0.0	-1.0	0.0	TRUE	A	9.3082235E-6	0.0	0.19841921	0.9986419	6.3198376	0.15075842	0.0071111834	146.0	1.0
SPIKE	S31:T>A	0	82048	0.0	-1.0	0.0	TRUE	T	8.05063E-6	0.0	0.15353581	0.9988253	6.3198376	0.12347623	0.0029061134	146.0	1.0
SPIKE	S31:T>G	0	82048	0.0	-1.0	0.0	TRUE	T	3.817094E-5	1.0	0.0195227	0.9944425	72.846466	0.043848507	0.0033739256	146.0	1.0
SPIKE	S31:T>C	0	82048	0.0	-1.0	0.0	TRUE	T	3.4645498E-5	30.0	0.08429116	0.9949545	34.33445	0.10347517	0.008999004	146.0	0.0
SPIKE	S32:C>T	3	82048	3.656396E-5	-1.0	40.0	TRUE	C	2.5339214E-5	33.0	0.05231146	0.9963073	58.16196	0.06647855	0.006375435	146.0	0.0
SPIKE	S32:C>A	0	82048	0.0	-1.0	0.0	TRUE	C	2.5679477E-5	0.0	0.4894568	0.99625784	16.397982	0.25166988	0.033775546	146.0	1.0
SPIKE	S32:C>G	0	82048	0.0	-1.0	0.0	TRUE	C	2.4281522E-5	0.0	0.055809166	0.99646115	39.405033	0.053546667	0.0025109248	146.0	1.0
SPIKE	S33:C>A	0	82048	0.0	-1.0	0.0	TRUE	C	2.5679477E-5	0.0	0.4894568	0.99625784	16.397982	0.25166988	0.033775546	146.0	1.0
SPIKE	S33:C>G	0	82048	0.0	-1.0	0.0	TRUE	C	2.4281522E-5	0.0	0.055809166	0.99646115	39.405033	0.053546667	0.0025109248	146.0	1.0
SPIKE	S33:C>T	0	82048	0.0	-1.0	0.0	TRUE	C	2.1499938E-5	28.0	0.05231146	0.9968659	58.16196	0.06647855	0.006375435	146.0	0.0
SPIKE	S34:A>G	0	82048	0.0	-1.0	0.0	TRUE	A	1.1354775E-5	12.0	0.06798348	0.9983436	34.33445	0.08329936	0.0108132325	146.0	0.0
SPIKE	S34:A>C	0	82048	0.0	-1.0	0.0	TRUE	A	7.328853E-5	0.0	0.053503044	0.98935694	72.846466	0.08721201	0.053835984	146.0	1.0
SPIKE	S34:A>T	0	82048	0.0	-1.0	0.0	TRUE	A	9.3082235E-6	0.0	0.19841921	0.9986419	6.3198376	0.15075842	0.0071111834	146.0	1.0
SPIKE	S35:T>A	0	82048	0.0	-1.0	0.0	TRUE	T	8.05063E-6	1.0	0.15353581	0.9988253	6.3198376	0.12347623	0.0029061134	146.0	1.0
SPIKE	S35:T>G	0	82048	0.0	-1.0	0.0	TRUE	T	3.817094E-5	2.0	0.0195227	0.9944425	72.846466	0.043848507	0.0033739256	146.0	1.0
SPIKE	S35:T>C	0	82048	0.0	-1.0	0.0	TRUE	T	3.8110047E-5	33.0	0.08429116	0.9944514	34.33445	0.10347517	0.008999004	146.0	0.0
SPIKE	S36:T>A	0	82048	0.0	-1.0	0.0	TRUE	T	8.05063E-6	0.0	0.15353581	0.9988253	6.3198376	0.12347623	0.0029061134	146.0	1.0
SPIKE	S36:T>G	0	82048	0.0	-1.0	0.0	TRUE	T	3.817094E-5	0.0	0.0195227	0.9944425	72.846466	0.043848507	0.0033739256	146.0	1.0
SPIKE	S36:T>C	0	82048	0.0	-1.0	0.0	TRUE	T	3.9651135E-5	1.0	0.08429116	0.99422765	34.33445	0.10347517	0.008999004	146.0	1.0
SPIKE	S37:A>G	0	82048	0.0	-1.0	0.0	TRUE	A	3.2488326E-5	9.0	0.06798348	0.9952679	34.33445	0.08329936	0.0108132325	146.0	1.0
SPIKE	S37:A>C	0	82048	0.0	-1.0	0.0	TRUE	A	1.91153E-4	190.0	0.053503044	0.9724775	72.846466	0.08721201	0.053835984	146.0	0.0
SPIKE	S37:A>T	0	82048	0.0	-1.0	0.0	TRUE	A	9.3082235E-6	0.0	0.19841921	0.9986419	6.3198376	0.15075842	0.0071111834	146.0	1.0
SPIKE	S38:T>A	0	82048	0.0	-1.0	0.0	TRUE	T	8.05063E-6	0.0	0.15353581	0.9988253	6.3198376	0.12347623	0.0029061134	146.0	1.0
SPIKE	S38:T>G	0	82048	0.0	-1.0	0.0	TRUE	T	3.817094E-5	1.0	0.0195227	0.9944425	72.846466	0.043848507	0.0033739256	146.0	1.0
SPIKE	S38:T>C	0	82048	0.0	-1.0	0.0	TRUE	T	3.9651135E-5	4.0	0.08429116	0.99422765	34.33445	0.10347517	0.008999004	146.0	1.0
SPIKE	S39:C>T	1	82048	1.21879875E-5	-1.0	40.0	TRUE	C	3.6089183E-5	47.0	0.05231146	0.99474484	58.16196	0.06647855	0.006375435	146.0	0.0
SPIKE	S39:C>A	4	82048	4.875195E-5	-1.0	39.75	TRUE	C	2.5679477E-5	0.0	0.4894568	0.99625784	16.397982	0.25166988	0.033775546	146.0	1.0
SPIKE	S39:C>G	0	82048	0.0	-1.0	0.0	TRUE	C	2.4281522E-5	0.0	0.055809166	0.99646115	39.405033	0.053546667	0.0025109248	146.0	1.0
SPIKE	S40:G>A	4	82048	4.875195E-5	-1.0	40.0	TRUE	G	3.5902038E-5	39.0	0.08672368	0.994772	58.16196	0.082702816	0.00700812	146.0	0.0
SPIKE	S40:G>C	0	82048	0.0	-1.0	0.0	TRUE	G	2.509738E-5	0.0	0.044631988	0.9963425	39.405033	0.054698322	0.0031759928	146.0	1.0
SPIKE	S40:G>T	0	82048	0.0	-1.0	0.0	TRUE	G	1.123841E-5	1.0	0.05940695	0.9983605	16.397982	0.05978341	0.0029522497	146.0	1.0
SPIKE	S41:G>A	3	82048	3.656396E-5	-1.0	38.333332	TRUE	G	3.4060908E-5	37.0	0.08672368	0.99503946	58.16196	0.082702816	0.00700812	146.0	0.0
SPIKE	S41:G>C	0	82048	0.0	-1.0	0.0	TRUE	G	2.509738E-5	1.0	0.044631988	0.9963425	39.405033	0.054698322	0.0031759928	146.0	1.0
SPIKE	S41:G>T	0	82048	0.0	-1.0	0.0	TRUE	G	1.123841E-5	0.0	0.05940695	0.9983605	16.397982	0.05978341	0.0029522497	146.0	1.0
SPIKE	S42:C>T	3	82048	3.656396E-5	-1.0	39.333332	TRUE	C	3.2249907E-5	42.0	0.05231146	0.99530256	58.16196	0.06647855	0.006375435	146.0	0.0
SPIKE	S42:C>A	1	82048	1.21879875E-5	-1.0	40.0	TRUE	C	2.5679477E-5	0.0	0.4894568	0.99625784	16.397982	0.25166988	0.033775546	146.0	1.0
SPIKE	S42:C>G	0	82048	0.0	-1.0	0.0	TRUE	C	2.4281522E-5	0.0	0.055809166	0.99646115	39.405033	0.053546667	0.0025109248	146.0	1.0
SPIKE	S43:G>A	2	82048	2.4375975E-5	-1.0	40.0	TRUE	G	3.5902038E-5	39.0	0.08672368	0.994772	58.16196	0.082702816	0.00700812	146.0	0.0
SPIKE	S43:G>C	0	82048	0.0	-1.0	0.0	TRUE	G	2.509738E-5	0.0	0.044631988	0.9963425	39.405033	0.054698322	0.0031759928	146.0	1.0
SPIKE	S43:G>T	0	82048	0.0	-1.0	0.0	TRUE	G	1.123841E-5	0.0	0.05940695	0.9983605	16.397982	0.05978341	0.0029522497	146.0	1.0
SPIKE	S44:G>A	1	82048	1.21879875E-5	-1.0	40.0	TRUE	G	3.9584298E-5	43.0	0.08672368	0.99423736	58.16196	0.082702816	0.00700812	146.0	0.0
SPIKE	S44:G>C	0	82048	0.0	-1.0	0.0	TRUE	G	2.509738E-5	0.0	0.044631988	0.9963425	39.405033	0.054698322	0.0031759928	146.0	1.0
SPIKE	S44:G>T	0	82048	0.0	-1.0	0.0	TRUE	G	1.123841E-5	0.0	0.05940695	0.9983605	16.397982	0.05978341	0.0029522497	146.0	1.0
SPIKE	S45:C>T	1	82048	1.21879875E-5	-1.0	39.0	TRUE	C	1.8428518E-5	24.0	0.05231146	0.9973131	58.16196	0.06647855	0.006375435	146.0	0.0
SPIKE	S45:C>A	3	82048	3.656396E-5	-1.0	39.333332	TRUE	C	2.5679477E-5	1.0	0.4894568	0.99625784	16.397982	0.25166988	0.033775546	146.0	1.0
SPIKE	S45:C>G	0	82048	0.0	-1.0	0.0	TRUE	C	2.4281522E-5	0.0	0.055809166	0.99646115	39.405033	0.053546667	0.0025109248	146.0	1.0
SPIKE	S46:G>A	5	82048	6.0939936E-5	-1.0	40.0	TRUE	G	3.4981473E-5	38.0	0.08672368	0.9949057	58.16196	0.082702816	0.00700812	146.0	0.0
SPIKE	S46:G>C	0	82048	0.0	-1.0	0.0	TRUE	G	2.509738E-5	0.0	0.044631988	0.9963425	39.405033	0.054698322	0.0031759928	146.0	1.0
SPIKE	S46:G>T	0	82048	0.0	-1.0	0.0	TRUE	G	1.123841E-5	0.0	0.05940695	0.9983605	16.397982	0.05978341	0.0029522497	146.0	1.0
SPIKE	S47:A>G	0	82048	0.0	-1.0	0.0	TRUE	A	3.2488326E-5	6.0	0.06798348	0.9952679	34.33445	0.08329936	0.0108132325	146.0	1.0
SPIKE	S47:A>C	0	82048	0.0	-1.0	0.0	TRUE	A	7.328853E-5	0.0	0.053503044	0.98935694	72.846466	0.08721201	0.053835984	146.0	1.0
SPIKE	S47:A>T	0	82048	0.0	-1.0	0.0	TRUE	A	9.3082235E-6	0.0	0.19841921	0.9986419	6.3198376	0.15075842	0.0071111834	146.0	1.0
SPIKE	S48:A>G	0	82048	0.0	-1.0	0.0	TRUE	A	3.2488326E-5	1.0	0.06798348	0.9952679	34.33445	0.08329936	0.0108132325	146.0	1.0
SPIKE	S48:A>C	0	82048	0.0	-1.0	0.0	TRUE	A	7.328853E-5	0.0	0.053503044	0.98935694	72.846466	0.08721201	0.053835984	146.0	1.0
SPIKE	S48:A>T	0	82048	0.0	-1.0	0.0	TRUE	A	9.3082235E-6	0.0	0.19841921	0.9986419	6.3198376	0.15075842	0.0071111834	146.0	1.0
SPIKE	S49:T>C	1	82048	1.21879875E-5	-1.0	40.0	TRUE	T	3.9651135E-5	4.0	0.08429116	0.99422765	34.33445	0.10347517	0.008999004	146.0	1.0
SPIKE	S49:T>A	0	82048	0.0	-1.0	0.0	TRUE	T	8.05063E-6	0.0	0.15353581	0.9988253	6.3198376	0.12347623	0.0029061134	146.0	1.0
SPIKE	S49:T>G	0	82048	0.0	-1.0	0.0	TRUE	T	3.817094E-5	0.0	0.0195227	0.9944425	72.846466	0.043848507	0.0033739256	146.0	1.0
SPIKE	S50:T>A	0	82048	0.0	-1.0	0.0	TRUE	T	8.05063E-6	0.0	0.15353581	0.9988253	6.3198376	0.12347623	0.0029061134	146.0	1.0
SPIKE	S50:T>G	0	82048	0.0	-1.0	0.0	TRUE	T	3.817094E-5	0.0	0.0195227	0.9944425	72.846466	0.043848507	0.0033739256	146.0	1.0
SPIKE	S50:T>C	0	82048	0.0	-1.0	0.0	TRUE	T	3.9651135E-5	3.0	0.08429116	0.99422765	34.33445	0.10347517	0.008999004	146.0	1.0
SPIKE	S51:T>C	1	82048	1.21879875E-5	-1.0	39.0	TRUE	T	3.9651135E-5	3.0	0.08429116	0.99422765	34.33445	0.10347517	0.008999004	146.0	1.0
SPIKE	S51:T>A	0	82048	0.0	-1.0	0.0	TRUE	T	8.05063E-6	0.0	0.15353581	0.9988253	6.3198376	0.12347623	0.0029061134	146.0	1.0
SPIKE	S51:T>G	0	82048	0.0	-1.0	0.0	TRUE	T	3.817094E-5	0.0	0.0195227	0.9944425	72.846466	0.043848507	0.0033739256	146.0	1.0
SPIKE	S52:A>G	0	82048	0.0	-1.0	0.0	TRUE	A	1.0408544E-5	11.0	0.06798348	0.9984815	34.33445	0.08329936	0.0108132325	146.0	0.0
SPIKE	S52:A>C	0	82048	0.0	-1.0	0.0	TRUE	A	1.2274036E-4	122.0	0.053503044	0.98223954	72.846466	0.08721201	0.053835984	146.0	0.0
SPIKE	S52:A>T	0	82048	0.0	-1.0	0.0	TRUE	A	9.3082235E-6	0.0	0.19841921	0.9986419	6.3198376	0.15075842	0.0071111834	146.0	1.0
SPIKE	S53:C>A	1	82048	1.21879875E-5	-1.0	40.0	TRUE	C	2.5679477E-5	0.0	0.4894568	0.99625784	16.397982	0.25166988	0.033775546	146.0	1.0
SPIKE	S53:C>G	0	82048	0.0	-1.0	0.0	TRUE	C	2.4281522E-5	1.0	0.055809166	0.99646115	39.405033	0.053546667	0.0025109248	146.0	1.0
SPIKE	S53:C>T	0	82048	0.0	-1.0	0.0	TRUE	C	2.9946343E-5	39.0	0.05231146	0.99563736	58.16196	0.06647855	0.006375435	146.0	0.0
SPIKE	S54:C>T	3	82048	3.656396E-5	-1.0	40.0	TRUE	C	2.9946343E-5	39.0	0.05231146	0.99563736	58.16196	0.06647855	0.006375435	146.0	0.0
SPIKE	S54:C>G	1	82048	1.21879875E-5	-1.0	40.0	TRUE	C	2.4281522E-5	0.0	0.055809166	0.99646115	39.405033	0.053546667	0.0025109248	146.0	1.0
SPIKE	S54:C>A	0	82048	0.0	-1.0	0.0	TRUE	C	2.5679477E-5	0.0	0.4894568	0.99625784	16.397982	0.25166988	0.033775546	146.0	1.0
SPIKE	S55:A>C	1	82048	1.21879875E-5	-1.0	40.0	TRUE	A	2.7163847E-5	27.0	0.053503044	0.99604195	72.846466	0.08721201	0.053835984	146.0	0.0
SPIKE	S55:A>G	10	82048	1.2187987E-4	23.451881	40.0	TRUE	A	1.7032163E-4	180.0	0.06798348	0.97543967	34.33445	0.08329936	0.0108132325	146.0	0.0
SPIKE	S55:A>T	0	82048	0.0	-1.0	0.0	TRUE	A	9.3082235E-6	2.0	0.19841921	0.9986419	6.3198376	0.15075842	0.0071111834	146.0	1.0
SPIKE	S56:C>T	1	82048	1.21879875E-5	-1.0	40.0	TRUE	C	2.6107069E-5	34.0	0.05231146	0.9961956	58.16196	0.06647855	0.006375435	146.0	0.0
SPIKE	S56:C>A	0	82048	0.0	-1.0	0.0	TRUE	C	1.5660144E-5	10.0	0.4894568	0.99771625	16.397982	0.25166988	0.033775546	146.0	0.0
SPIKE	S56:C>G	0	82048	0.0	-1.0	0.0	TRUE	C	2.4281522E-5	0.0	0.055809166	0.99646115	39.405033	0.053546667	0.0025109248	146.0	1.0
SPIKE	S57:C>T	4	82048	4.875195E-5	-1.0	40.0	TRUE	C	3.6857036E-5	48.0	0.05231146	0.9946333	58.16196	0.06647855	0.006375435	146.0	0.0
SPIKE	S57:C>A	2	82048	2.4375975E-5	-1.0	40.0	TRUE	C	2.5679477E-5	0.0	0.4894568	0.99625784	16.397982	0.25166988	0.033775546	146.0	1.0
SPIKE	S57:C>G	0	82048	0.0	-1.0	0.0	TRUE	C	2.4281522E-5	0.0	0.055809166	0.99646115	39.405033	0.053546667	0.0025109248	146.0	1.0
SPIKE	S58:A>G	1	82048	1.21879875E-5	-1.0	40.0	TRUE	A	2.0817088E-5	22.0	0.06798348	0.99696535	34.33445	0.08329936	0.0108132325	146.0	0.0
SPIKE	S58:A>C	0	82048	0.0	-1.0	0.0	TRUE	A	1.1066752E-5	11.0	0.053503044	0.99838555	72.846466	0.08721201	0.053835984	146.0	0.0
SPIKE	S58:A>T	0	82048	0.0	-1.0	0.0	TRUE	A	9.3082235E-6	0.0	0.19841921	0.9986419	6.3198376	0.15075842	0.0071111834	146.0	1.0
SPIKE	S59:T>C	2	82048	2.4375975E-5	-1.0	40.0	TRUE	T	1.7322749E-5	15.0	0.08429116	0.9974741	34.33445	0.10347517	0.008999004	146.0	0.0
SPIKE	S59:T>A	0	82048	0.0	-1.0	0.0	TRUE	T	1.52864E-5	12.0	0.15353581	0.99777067	6.3198376	0.12347623	0.0029061134	146.0	0.0
SPIKE	S59:T>G	0	82048	0.0	-1.0	0.0	TRUE	T	3.817094E-5	0.0	0.0195227	0.9944425	72.846466	0.043848507	0.0033739256	146.0	1.0
SPIKE	S60:T>A	0	82048	0.0	-1.0	0.0	TRUE	T	8.05063E-6	0.0	0.15353581	0.9988253	6.3198376	0.12347623	0.0029061134	146.0	1.0
SPIKE	S60:T>G	0	82048	0.0	-1.0	0.0	TRUE	T	3.817094E-5	0.0	0.0195227	0.9944425	72.846466	0.043848507	0.0033739256	146.0	1.0
SPIKE	S60:T>C	0	82048	0.0	-1.0	0.0	TRUE	T	3.9651135E-5	3.0	0.08429116	0.99422765	34.33445	0.10347517	0.008999004	146.0	1.0
SPIKE	S61:G>A	2	82048	2.4375975E-5	-1.0	40.0	TRUE	G	2.7616954E-5	30.0	0.08672368	0.99597603	58.16196	0.082702816	0.00700812	146.0	0.0
SPIKE	S61:G>C	0	82048	0.0	-1.0	0.0	TRUE	G	2.509738E-5	0.0	0.044631988	0.9963425	39.405033	0.054698322	0.0031759928	146.0	1.0
SPIKE	S61:G>T	0	82048	0.0	-1.0	0.0	TRUE	G	7.5388853E-6	11.0	0.05940695	0.99889994	16.397982	0.05978341	0.0029522497	146.0	0.0
SPIKE	D62-63:A>	1	82048	1.21879875E-5	-1.0	40.0	TRUE		NaN	NaN	NaN	NaN	NaN	NaN	NaN	NaN	NaN
SPIKE	S62:A>G	0	82048	0.0	-1.0	0.0	TRUE	A	1.4193469E-5	15.0	0.06798348	0.9979299	34.33445	0.08329936	0.0108132325	146.0	0.0
SPIKE	S62:A>C	0	82048	0.0	-1.0	0.0	TRUE	A	7.328853E-5	1.0	0.053503044	0.98935694	72.846466	0.08721201	0.053835984	146.0	1.0
SPIKE	S62:A>T	0	82048	0.0	-1.0	0.0	TRUE	A	9.3082235E-6	2.0	0.19841921	0.9986419	6.3198376	0.15075842	0.0071111834	146.0	1.0
SPIKE	S63:A>G	1	82048	1.21879875E-5	-1.0	40.0	TRUE	A	9.462313E-6	10.0	0.06798348	0.99861944	34.33445	0.08329936	0.0108132325	146.0	0.0
SPIKE	S63:A>C	0	82048	0.0	-1.0	0.0	TRUE	A	7.328853E-5	0.0	0.053503044	0.98935694	72.846466	0.08721201	0.053835984	146.0	1.0
SPIKE	S63:A>T	0	82048	0.0	-1.0	0.0	TRUE	A	9.3082235E-6	1.0	0.19841921	0.9986419	6.3198376	0.15075842	0.0071111834	146.0	1.0
SPIKE	S64:A>G	3	82048	3.656396E-5	-1.0	40.0	TRUE	A	1.9870857E-5	21.0	0.06798348	0.99710304	34.33445	0.08329936	0.0108132325	146.0	0.0
SPIKE	S64:A>T	1	82048	1.21879875E-5	-1.0	40.0	TRUE	A	9.3082235E-6	0.0	0.19841921	0.9986419	6.3198376	0.15075842	0.0071111834	146.0	1.0
SPIKE	S64:A>C	0	82048	0.0	-1.0	0.0	TRUE	A	7.328853E-5	1.0	0.053503044	0.98935694	72.846466	0.08721201	0.053835984	146.0	1.0
SPIKE	S65:A>G	4	82048	4.875195E-5	-1.0	40.0	TRUE	A	3.9741713E-5	42.0	0.06798348	0.99421453	34.33445	0.08329936	0.0108132325	146.0	0.0
SPIKE	S65:A>C	0	82048	0.0	-1.0	0.0	TRUE	A	3.3200256E-5	33.0	0.053503044	0.9951645	72.846466	0.08721201	0.053835984	146.0	0.0
SPIKE	S65:A>T	0	82048	0.0	-1.0	0.0	TRUE	A	9.3082235E-6	1.0	0.19841921	0.9986419	6.3198376	0.15075842	0.0071111834	146.0	1.0
SPIKE	S66:C>T	5	82048	6.0939936E-5	-1.0	40.0	TRUE	C	2.6874923E-5	35.0	0.05231146	0.996084	58.16196	0.06647855	0.006375435	146.0	0.0
SPIKE	S66:C>A	0	82048	0.0	-1.0	0.0	TRUE	C	1.5660144E-5	10.0	0.4894568	0.99771625	16.397982	0.25166988	0.033775546	146.0	0.0
SPIKE	S66:C>G	0	82048	0.0	-1.0	0.0	TRUE	C	2.4281522E-5	0.0	0.055809166	0.99646115	39.405033	0.053546667	0.0025109248	146.0	1.0
SPIKE	S67:C>T	2	82048	2.4375975E-5	-1.0	40.0	TRUE	C	2.3035649E-5	30.0	0.05231146	0.9966425	58.16196	0.06647855	0.006375435	146.0	0.0
SPIKE	S67:C>A	0	82048	0.0	-1.0	0.0	TRUE	C	1.5660144E-5	10.0	0.4894568	0.99771625	16.397982	0.25166988	0.033775546	146.0	0.0
SPIKE	S67:C>G	0	82048	0.0	-1.0	0.0	TRUE	C	2.4281522E-5	0.0	0.055809166	0.99646115	39.405033	0.053546667	0.0025109248	146.0	1.0
SPIKE	S68:A>G	9	82048	1.09691886E-4	28.342087	40.0	TRUE	A	1.18278906E-4	125.0	0.06798348	0.9828795	34.33445	0.08329936	0.0108132325	146.0	0.0
SPIKE	S68:A>C	1	82048	1.21879875E-5	4.2596874	40.0	TRUE	A	7.328853E-5	9.0	0.053503044	0.98935694	72.846466	0.08721201	0.053835984	146.0	1.0
SPIKE	S68:A>T	1	82048	1.21879875E-5	-1.0	40.0	TRUE	A	9.3082235E-6	6.0	0.19841921	0.9986419	6.3198376	0.15075842	0.0071111834	146.0	1.0
SPIKE	S69:G>A	5	82048	6.0939936E-5	-1.0	40.0	TRUE	G	2.6696389E-5	29.0	0.08672368	0.9961099	58.16196	0.082702816	0.00700812	146.0	0.0
SPIKE	S69:G>C	0	82048	0.0	-1.0	0.0	TRUE	G	7.005988E-6	11.0	0.044631988	0.99897766	39.405033	0.054698322	0.0031759928	146.0	0.0
SPIKE	S69:G>T	0	82048	0.0	-1.0	0.0	TRUE	G	1.123841E-5	1.0	0.05940695	0.9983605	16.397982	0.05978341	0.0029522497	146.0	1.0
SPIKE	S70:C>A	1	82048	1.21879875E-5	-1.0	40.0	TRUE	C	2.5679477E-5	0.0	0.4894568	0.99625784	16.397982	0.25166988	0.033775546	146.0	1.0
SPIKE	S70:C>T	5	82048	6.0939936E-5	-1.0	40.0	TRUE	C	4.530344E-5	59.0	0.05231146	0.99340755	58.16196	0.06647855	0.006375435	146.0	0.0
SPIKE	S70:C>G	0	82048	0.0	-1.0	0.0	TRUE	C	2.4281522E-5	1.0	0.055809166	0.99646115	39.405033	0.053546667	0.0025109248	146.0	1.0
SPIKE	S71:C>A	3	82048	3.656396E-5	-1.0	40.0	TRUE	C	2.5679477E-5	2.0	0.4894568	0.99625784	16.397982	0.25166988	0.033775546	146.0	1.0
SPIKE	S71:C>T	8	82048	9.75039E-5	-1.0	40.0	TRUE	C	4.4535587E-5	58.0	0.05231146	0.9935189	58.16196	0.06647855	0.006375435	146.0	0.0
SPIKE	S71:C>G	0	82048	0.0	-1.0	0.0	TRUE	C	2.4281522E-5	9.0	0.055809166	0.99646115	39.405033	0.053546667	0.0025109248	146.0	1.0
SPIKE	S72:G>A	4	82048	4.875195E-5	-1.0	40.0	TRUE	G	4.2345997E-5	46.0	0.08672368	0.9938366	58.16196	0.082702816	0.00700812	146.0	0.0
SPIKE	S72:G>C	0	82048	0.0	-1.0	0.0	TRUE	G	2.509738E-5	2.0	0.044631988	0.9963425	39.405033	0.054698322	0.0031759928	146.0	1.0
SPIKE	S72:G>T	0	82048	0.0	-1.0	0.0	TRUE	G	1.123841E-5	9.0	0.05940695	0.9983605	16.397982	0.05978341	0.0029522497	146.0	1.0
SPIKE	S73:T>C	5	82048	6.0939936E-5	16.300888	40.0	TRUE	T	1.3049804E-4	113.0	0.08429116	0.9811276	34.33445	0.10347517	0.008999004	146.0	0.0
SPIKE	S73:T>A	0	82048	0.0	-1.0	0.0	TRUE	T	8.05063E-6	2.0	0.15353581	0.9988253	6.3198376	0.12347623	0.0029061134	146.0	1.0
SPIKE	S73:T>G	0	82048	0.0	-1.0	0.0	TRUE	T	9.431849E-6	18.0	0.0195227	0.9986239	72.846466	0.043848507	0.0033739256	146.0	0.0
SPIKE	S74:G>A	7	82048	8.5315914E-5	-1.0	40.0	TRUE	G	2.3934694E-5	26.0	0.08672368	0.99651164	58.16196	0.082702816	0.00700812	146.0	0.0
SPIKE	S74:G>C	0	82048	0.0	-1.0	0.0	TRUE	G	2.509738E-5	1.0	0.044631988	0.9963425	39.405033	0.054698322	0.0031759928	146.0	1.0
SPIKE	S74:G>T	0	82048	0.0	-1.0	0.0	TRUE	G	1.123841E-5	1.0	0.05940695	0.9983605	16.397982	0.05978341	0.0029522497	146.0	1.0
SPIKE	S75:G>A	1	82048	1.21879875E-5	-1.0	40.0	TRUE	G	3.2219777E-5	35.0	0.08672368	0.99530697	58.16196	0.082702816	0.00700812	146.0	0.0
SPIKE	S75:G>C	0	82048	0.0	-1.0	0.0	TRUE	G	2.509738E-5	0.0	0.044631988	0.9963425	39.405033	0.054698322	0.0031759928	146.0	1.0
SPIKE	S75:G>T	0	82048	0.0	-1.0	0.0	TRUE	G	1.123841E-5	9.0	0.05940695	0.9983605	16.397982	0.05978341	0.0029522497	146.0	1.0
SPIKE	S76:T>C	2	82048	2.4375975E-5	-1.0	40.0	TRUE	T	4.2729447E-5	37.0	0.08429116	0.9937809	34.33445	0.10347517	0.008999004	146.0	0.0
SPIKE	S76:T>A	0	82048	0.0	-1.0	0.0	TRUE	T	8.05063E-6	0.0	0.15353581	0.9988253	6.3198376	0.12347623	0.0029061134	146.0	1.0
SPIKE	S76:T>G	0	82048	0.0	-1.0	0.0	TRUE	T	3.817094E-5	3.0	0.0195227	0.9944425	72.846466	0.043848507	0.0033739256	146.0	1.0
SPIKE	S77:T>A	0	82048	0.0	-1.0	0.0	TRUE	T	8.05063E-6	0.0	0.15353581	0.9988253	6.3198376	0.12347623	0.0029061134	146.0	1.0
SPIKE	S77:T>G	0	82048	0.0	-1.0	0.0	TRUE	T	3.817094E-5	1.0	0.0195227	0.9944425	72.846466	0.043848507	0.0033739256	146.0	1.0
SPIKE	S77:T>C	0	82048	0.0	-1.0	0.0	TRUE	T	3.9651135E-5	8.0	0.08429116	0.99422765	34.33445	0.10347517	0.008999004	146.0	1.0
SPIKE	S78:T>A	0	82048	0.0	-1.0	0.0	TRUE	T	8.05063E-6	0.0	0.15353581	0.9988253	6.3198376	0.12347623	0.0029061134	146.0	1.0
SPIKE	S78:T>G	0	82048	0.0	-1.0	0.0	TRUE	T	5.763908E-6	11.0	0.0195227	0.9991588	72.846466	0.043848507	0.0033739256	146.0	0.0
SPIKE	S78:T>C	0	82048	0.0	-1.0	0.0	TRUE	T	3.9651135E-5	6.0	0.08429116	0.99422765	34.33445	0.10347517	0.008999004	146.0	1.0
SPIKE	S79:G>A	3	82048	3.656396E-5	-1.0	40.0	TRUE	G	2.6696389E-5	29.0	0.08672368	0.9961099	58.16196	0.082702816	0.00700812	146.0	0.0
SPIKE	S79:G>C	0	82048	0.0	-1.0	0.0	TRUE	G	6.36908E-6	10.0	0.044631988	0.9990705	39.405033	0.054698322	0.0031759928	146.0	0.0
SPIKE	S79:G>T	0	82048	0.0	-1.0	0.0	TRUE	G	1.123841E-5	1.0	0.05940695	0.9983605	16.397982	0.05978341	0.0029522497	146.0	1.0
SPIKE	S80:C>A	2	82048	2.4375975E-5	-1.0	40.0	TRUE	C	2.5679477E-5	2.0	0.4894568	0.99625784	16.397982	0.25166988	0.033775546	146.0	1.0
SPIKE	S80:C>T	4	82048	4.875195E-5	-1.0	40.0	TRUE	C	4.146417E-5	54.0	0.05231146	0.9939645	58.16196	0.06647855	0.006375435	146.0	0.0
SPIKE	S80:C>G	0	82048	0.0	-1.0	0.0	TRUE	C	6.162036E-6	10.0	0.055809166	0.99910074	39.405033	0.053546667	0.0025109248	146.0	0.0
SPIKE	S81:G>A	3	82048	3.656396E-5	-1.0	40.0	TRUE	G	3.9584298E-5	43.0	0.08672368	0.99423736	58.16196	0.082702816	0.00700812	146.0	0.0
SPIKE	S81:G>C	0	82048	0.0	-1.0	0.0	TRUE	G	2.509738E-5	0.0	0.044631988	0.9963425	39.405033	0.054698322	0.0031759928	146.0	1.0
SPIKE	S81:G>T	0	82048	0.0	-1.0	0.0	TRUE	G	1.123841E-5	1.0	0.05940695	0.9983605	16.397982	0.05978341	0.0029522497	146.0	1.0
SPIKE	S82:G>A	4	82048	4.875195E-5	-1.0	40.0	TRUE	G	4.2345997E-5	46.0	0.08672368	0.9938366	58.16196	0.082702816	0.00700812	146.0	0.0
SPIKE	S82:G>C	0	82048	0.0	-1.0	0.0	TRUE	G	2.509738E-5	9.0	0.044631988	0.9963425	39.405033	0.054698322	0.0031759928	146.0	1.0
SPIKE	S82:G>T	0	82048	0.0	-1.0	0.0	TRUE	G	1.123841E-5	1.0	0.05940695	0.9983605	16.397982	0.05978341	0.0029522497	146.0	1.0
SPIKE	S83:C>A	3	82048	3.656396E-5	-1.0	40.0	TRUE	C	2.5679477E-5	0.0	0.4894568	0.99625784	16.397982	0.25166988	0.033775546	146.0	1.0
SPIKE	S83:C>T	2	82048	2.4375975E-5	-1.0	40.0	TRUE	C	2.7642778E-5	36.0	0.05231146	0.9959723	58.16196	0.06647855	0.006375435	146.0	0.0
SPIKE	S83:C>G	0	82048	0.0	-1.0	0.0	TRUE	C	6.7782394E-6	11.0	0.055809166	0.99901086	39.405033	0.053546667	0.0025109248	146.0	0.0
SPIKE	S84:G>A	3	82048	3.656396E-5	-1.0	40.0	TRUE	G	4.6028257E-5	50.0	0.08672368	0.9933024	58.16196	0.082702816	0.00700812	146.0	0.0
SPIKE	S84:G>C	0	82048	0.0	-1.0	0.0	TRUE	G	2.509738E-5	0.0	0.044631988	0.9963425	39.405033	0.054698322	0.0031759928	146.0	1.0
SPIKE	S84:G>T	0	82048	0.0	-1.0	0.0	TRUE	G	1.123841E-5	0.0	0.05940695	0.9983605	16.397982	0.05978341	0.0029522497	146.0	1.0
SPIKE	S85:A>G	0	82048	0.0	-1.0	0.0	TRUE	A	3.2488326E-5	4.0	0.06798348	0.9952679	34.33445	0.08329936	0.0108132325	146.0	1.0
SPIKE	S85:A>C	0	82048	0.0	-1.0	0.0	TRUE	A	7.328853E-5	0.0	0.053503044	0.98935694	72.846466	0.08721201	0.053835984	146.0	1.0
SPIKE	S85:A>T	0	82048	0.0	-1.0	0.0	TRUE	A	1.472858E-5	10.0	0.19841921	0.9978519	6.3198376	0.15075842	0.0071111834	146.0	0.0
SPIKE	S86:T>A	0	82048	0.0	-1.0	0.0	TRUE	T	8.05063E-6	0.0	0.15353581	0.9988253	6.3198376	0.12347623	0.0029061134	146.0	1.0
SPIKE	S86:T>G	0	82048	0.0	-1.0	0.0	TRUE	T	3.817094E-5	0.0	0.0195227	0.9944425	72.846466	0.043848507	0.0033739256	146.0	1.0
SPIKE	S86:T>C	0	82048	0.0	-1.0	0.0	TRUE	T	2.1942149E-5	19.0	0.08429116	0.99680156	34.33445	0.10347517	0.008999004	146.0	0.0
SPIKE	S87:T>A	0	82048	0.0	-1.0	0.0	TRUE	T	8.05063E-6	1.0	0.15353581	0.9988253	6.3198376	0.12347623	0.0029061134	146.0	1.0
SPIKE	S87:T>G	0	82048	0.0	-1.0	0.0	TRUE	T	3.817094E-5	3.0	0.0195227	0.9944425	72.846466	0.043848507	0.0033739256	146.0	1.0
SPIKE	S87:T>C	0	82048	0.0	-1.0	0.0	TRUE	T	3.9651135E-5	6.0	0.08429116	0.99422765	34.33445	0.10347517	0.008999004	146.0	1.0
SPIKE	S88:T>A	0	82048	0.0	-1.0	0.0	TRUE	T	8.05063E-6	1.0	0.15353581	0.9988253	6.3198376	0.12347623	0.0029061134	146.0	1.0
SPIKE	S88:T>G	0	82048	0.0	-1.0	0.0	TRUE	T	3.817094E-5	0.0	0.0195227	0.9944425	72.846466	0.043848507	0.0033739256	146.0	1.0
SPIKE	S88:T>C	0	82048	0.0	-1.0	0.0	TRUE	T	3.9651135E-5	6.0	0.08429116	0.99422765	34.33445	0.10347517	0.008999004	146.0	1.0
SPIKE	S89:A>G	0	82048	0.0	-1.0	0.0	TRUE	A	3.2488326E-5	5.0	0.06798348	0.9952679	34.33445	0.08329936	0.0108132325	146.0	1.0
SPIKE	S89:A>C	0	82048	0.0	-1.0	0.0	TRUE	A	7.328853E-5	0.0	0.053503044	0.98935694	72.846466	0.08721201	0.053835984	146.0	1.0
SPIKE	S89:A>T	0	82048	0.0	-1.0	0.0	TRUE	A	9.3082235E-6	1.0	0.19841921	0.9986419	6.3198376	0.15075842	0.0071111834	146.0	1.0
SPIKE	S90:T>A	0	82048	0.0	-1.0	0.0	TRUE	T	8.05063E-6	0.0	0.15353581	0.9988253	6.3198376	0.12347623	0.0029061134	146.0	1.0
SPIKE	S90:T>G	0	82048	0.0	-1.0	0.0	TRUE	T	3.817094E-5	0.0	0.0195227	0.9944425	72.846466	0.043848507	0.0033739256	146.0	1.0
SPIKE	S90:T>C	0	82048	0.0	-1.0	0.0	TRUE	T	3.9651135E-5	5.0	0.08429116	0.99422765	34.33445	0.10347517	0.008999004	146.0	1.0
SPIKE	S91:C>A	1	82048	1.21879875E-5	-1.0	40.0	TRUE	C	2.5679477E-5	0.0	0.4894568	0.99625784	16.397982	0.25166988	0.033775546	146.0	1.0
SPIKE	S91:C>T	1	82048	1.21879875E-5	-1.0	40.0	TRUE	C	2.9946343E-5	39.0	0.05231146	0.99563736	58.16196	0.06647855	0.006375435	146.0	0.0
SPIKE	S91:C>G	0	82048	0.0	-1.0	0.0	TRUE	C	2.4281522E-5	0.0	0.055809166	0.99646115	39.405033	0.053546667	0.0025109248	146.0	1.0
SPIKE	S92:G>A	11	82048	1.3406786E-4	-1.0	39.545456	TRUE	G	4.0504867E-5	44.0	0.08672368	0.9941037	58.16196	0.082702816	0.00700812	146.0	0.0
SPIKE	S92:G>C	0	82048	0.0	-1.0	0.0	TRUE	G	2.509738E-5	0.0	0.044631988	0.9963425	39.405033	0.054698322	0.0031759928	146.0	1.0
SPIKE	S92:G>T	0	82048	0.0	-1.0	0.0	TRUE	G	1.123841E-5	0.0	0.05940695	0.9983605	16.397982	0.05978341	0.0029522497	146.0	1.0
SPIKE	S93:T>A	0	82048	0.0	-1.0	0.0	TRUE	T	8.05063E-6	2.0	0.15353581	0.9988253	6.3198376	0.12347623	0.0029061134	146.0	1.0
SPIKE	S93:T>G	0	82048	0.0	-1.0	0.0	TRUE	T	3.817094E-5	5.0	0.0195227	0.9944425	72.846466	0.043848507	0.0033739256	146.0	1.0
SPIKE	S93:T>C	0	82048	0.0	-1.0	0.0	TRUE	T	3.5800345E-5	31.0	0.08429116	0.9947868	34.33445	0.10347517	0.008999004	146.0	0.0
SPIKE	S94:C>A	4	82048	4.875195E-5	-1.0	39.5	TRUE	C	2.5679477E-5	0.0	0.4894568	0.99625784	16.397982	0.25166988	0.033775546	146.0	1.0
SPIKE	S94:C>T	4	82048	4.875195E-5	-1.0	39.25	TRUE	C	2.9178489E-5	38.0	0.05231146	0.995749	58.16196	0.06647855	0.006375435	146.0	0.0
SPIKE	S94:C>G	0	82048	0.0	-1.0	0.0	TRUE	C	2.4281522E-5	0.0	0.055809166	0.99646115	39.405033	0.053546667	0.0025109248	146.0	1.0
SPIKE	S95:G>A	7	82048	8.5315914E-5	-1.0	39.57143	TRUE	G	4.1425432E-5	45.0	0.08672368	0.99397016	58.16196	0.082702816	0.00700812	146.0	0.0
SPIKE	S95:G>C	0	82048	0.0	-1.0	0.0	TRUE	G	2.509738E-5	0.0	0.044631988	0.9963425	39.405033	0.054698322	0.0031759928	146.0	1.0
SPIKE	S95:G>T	0	82048	0.0	-1.0	0.0	TRUE	G	1.123841E-5	0.0	0.05940695	0.9983605	16.397982	0.05978341	0.0029522497	146.0	1.0
SPIKE	S96:T>C	1	82048	1.21879875E-5	4.2596874	38.0	TRUE	T	5.4277945E-5	47.0	0.08429116	0.99210674	34.33445	0.10347517	0.008999004	146.0	0.0
SPIKE	S96:T>A	0	82048	0.0	-1.0	0.0	TRUE	T	8.05063E-6	2.0	0.15353581	0.9988253	6.3198376	0.12347623	0.0029061134	146.0	1.0
SPIKE	S96:T>G	0	82048	0.0	-1.0	0.0	TRUE	T	3.817094E-5	0.0	0.0195227	0.9944425	72.846466	0.043848507	0.0033739256	146.0	1.0
SPIKE	S97:C>T	2	82048	2.4375975E-5	-1.0	39.0	TRUE	C	2.2267794E-5	29.0	0.05231146	0.99675417	58.16196	0.06647855	0.006375435	146.0	0.0
SPIKE	S97:C>A	0	82048	0.0	-1.0	0.0	TRUE	C	2.5679477E-5	0.0	0.4894568	0.99625784	16.397982	0.25166988	0.033775546	146.0	1.0
SPIKE	S97:C>G	0	82048	0.0	-1.0	0.0	TRUE	C	2.4281522E-5	0.0	0.055809166	0.99646115	39.405033	0.053546667	0.0025109248	146.0	1.0
SPIKE	S98:A>G	1	82048	1.21879875E-5	-1.0	40.0	TRUE	A	1.2301006E-5	13.0	0.06798348	0.99820566	34.33445	0.08329936	0.0108132325	146.0	0.0
SPIKE	S98:A>C	0	82048	0.0	-1.0	0.0	TRUE	A	7.328853E-5	1.0	0.053503044	0.98935694	72.846466	0.08721201	0.053835984	146.0	1.0
SPIKE	S98:A>T	0	82048	0.0	-1.0	0.0	TRUE	A	9.3082235E-6	0.0	0.19841921	0.9986419	6.3198376	0.15075842	0.0071111834	146.0	1.0
SPIKE	S99:T>A	0	82048	0.0	-1.0	0.0	TRUE	T	8.05063E-6	0.0	0.15353581	0.9988253	6.3198376	0.12347623	0.0029061134	146.0	1.0
SPIKE	S99:T>G	0	82048	0.0	-1.0	0.0	TRUE	T	3.817094E-5	0.0	0.0195227	0.9944425	72.846466	0.043848507	0.0033739256	146.0	1.0
SPIKE	S99:T>C	0	82048	0.0	-1.0	0.0	TRUE	T	3.9651135E-5	3.0	0.08429116	0.99422765	34.33445	0.10347517	0.008999004	146.0	1.0
SPIKE	S100:C>T	3	82048	3.656396E-5	-1.0	39.666668	TRUE	C	3.6857036E-5	48.0	0.05231146	0.9946333	58.16196	0.06647855	0.006375435	146.0	0.0
SPIKE	S100:C>A	4	82048	4.875195E-5	-1.0	39.25	TRUE	C	2.5679477E-5	0.0	0.4894568	0.99625784	16.397982	0.25166988	0.033775546	146.0	1.0
SPIKE	S100:C>G	0	82048	0.0	-1.0	0.0	TRUE	C	2.4281522E-5	0.0	0.055809166	0.99646115	39.405033	0.053546667	0.0025109248	146.0	1.0
SPIKE	S101:G>A	5	82048	6.0939936E-5	-1.0	39.0	TRUE	G	4.2345997E-5	46.0	0.08672368	0.9938366	58.16196	0.082702816	0.00700812	146.0	0.0
SPIKE	S101:G>C	0	82048	0.0	-1.0	0.0	TRUE	G	2.509738E-5	0.0	0.044631988	0.9963425	39.405033	0.054698322	0.0031759928	146.0	1.0
SPIKE	S101:G>T	0	82048	0.0	-1.0	0.0	TRUE	G	1.123841E-5	0.0	0.05940695	0.9983605	16.397982	0.05978341	0.0029522497	146.0	1.0
SPIKE	S102:T>C	2	82048	2.4375975E-5	-1.0	40.0	TRUE	T	1.9632449E-5	17.0	0.08429116	0.9971378	34.33445	0.10347517	0.008999004	146.0	0.0
SPIKE	S102:T>A	0	82048	0.0	-1.0	0.0	TRUE	T	8.05063E-6	0.0	0.15353581	0.9988253	6.3198376	0.12347623	0.0029061134	146.0	1.0
SPIKE	S102:T>G	0	82048	0.0	-1.0	0.0	TRUE	T	3.817094E-5	2.0	0.0195227	0.9944425	72.846466	0.043848507	0.0033739256	146.0	1.0
SPIKE	S103:G>A	4	82048	4.875195E-5	-1.0	39.5	TRUE	G	2.4855259E-5	27.0	0.08672368	0.9963777	58.16196	0.082702816	0.00700812	146.0	0.0
SPIKE	S103:G>C	0	82048	0.0	-1.0	0.0	TRUE	G	2.509738E-5	0.0	0.044631988	0.9963425	39.405033	0.054698322	0.0031759928	146.0	1.0
SPIKE	S103:G>T	0	82048	0.0	-1.0	0.0	TRUE	G	1.123841E-5	0.0	0.05940695	0.9983605	16.397982	0.05978341	0.0029522497	146.0	1.0
SPIKE	S104:G>A	2	82048	2.4375975E-5	-1.0	40.0	TRUE	G	4.5107692E-5	49.0	0.08672368	0.9934359	58.16196	0.082702816	0.00700812	146.0	0.0
SPIKE	S104:G>C	0	82048	0.0	-1.0	0.0	TRUE	G	2.509738E-5	2.0	0.044631988	0.9963425	39.405033	0.054698322	0.0031759928	146.0	1.0
SPIKE	S104:G>T	0	82048	0.0	-1.0	0.0	TRUE	G	1.123841E-5	0.0	0.05940695	0.9983605	16.397982	0.05978341	0.0029522497	146.0	1.0
SPIKE	S105:C>T	10	82048	1.2187987E-4	-1.0	34.0	TRUE	C	3.9160605E-5	51.0	0.05231146	0.9942989	58.16196	0.06647855	0.006375435	146.0	0.0
SPIKE	S105:C>A	1	82048	1.21879875E-5	-1.0	40.0	TRUE	C	2.5679477E-5	0.0	0.4894568	0.99625784	16.397982	0.25166988	0.033775546	146.0	1.0
SPIKE	S105:C>G	0	82048	0.0	-1.0	0.0	TRUE	C	2.4281522E-5	7.0	0.055809166	0.99646115	39.405033	0.053546667	0.0025109248	146.0	1.0
SPIKE	S106:G>A	3	82048	3.656396E-5	-1.0	39.666668	TRUE	G	4.6948822E-5	51.0	0.08672368	0.9931689	58.16196	0.082702816	0.00700812	146.0	0.0
SPIKE	S106:G>C	0	82048	0.0	-1.0	0.0	TRUE	G	2.509738E-5	0.0	0.044631988	0.9963425	39.405033	0.054698322	0.0031759928	146.0	1.0
SPIKE	S106:G>T	0	82048	0.0	-1.0	0.0	TRUE	G	1.123841E-5	0.0	0.05940695	0.9983605	16.397982	0.05978341	0.0029522497	146.0	1.0
SPIKE	S107:G>A	6	82048	7.312792E-5	-1.0	39.333332	TRUE	G	5.3392778E-5	58.0	0.08672368	0.99223495	58.16196	0.082702816	0.00700812	146.0	0.0
SPIKE	S107:G>C	0	82048	0.0	-1.0	0.0	TRUE	G	2.509738E-5	0.0	0.044631988	0.9963425	39.405033	0.054698322	0.0031759928	146.0	1.0
SPIKE	S107:G>T	0	82048	0.0	-1.0	0.0	TRUE	G	1.123841E-5	0.0	0.05940695	0.9983605	16.397982	0.05978341	0.0029522497	146.0	1.0
SPIKE	S108:C>T	4	82048	4.875195E-5	-1.0	40.0	TRUE	C	4.146417E-5	54.0	0.05231146	0.9939645	58.16196	0.06647855	0.006375435	146.0	0.0
SPIKE	S108:C>A	0	82048	0.0	-1.0	0.0	TRUE	C	2.5679477E-5	1.0	0.4894568	0.99625784	16.397982	0.25166988	0.033775546	146.0	1.0
SPIKE	S108:C>G	0	82048	0.0	-1.0	0.0	TRUE	C	2.4281522E-5	0.0	0.055809166	0.99646115	39.405033	0.053546667	0.0025109248	146.0	1.0
SPIKE	S109:A>G	0	82048	0.0	-1.0	0.0	TRUE	A	3.2488326E-5	9.0	0.06798348	0.9952679	34.33445	0.08329936	0.0108132325	146.0	1.0
SPIKE	S109:A>C	0	82048	0.0	-1.0	0.0	TRUE	A	7.328853E-5	0.0	0.053503044	0.98935694	72.846466	0.08721201	0.053835984	146.0	1.0
SPIKE	S109:A>T	0	82048	0.0	-1.0	0.0	TRUE	A	9.3082235E-6	0.0	0.19841921	0.9986419	6.3198376	0.15075842	0.0071111834	146.0	1.0
SPIKE	S110:G>A	9	82048	1.09691886E-4	-1.0	39.11111	TRUE	G	3.7743168E-5	41.0	0.08672368	0.99450463	58.16196	0.082702816	0.00700812	146.0	0.0
SPIKE	S110:G>C	0	82048	0.0	-1.0	0.0	TRUE	G	2.509738E-5	0.0	0.044631988	0.9963425	39.405033	0.054698322	0.0031759928	146.0	1.0
SPIKE	S110:G>T	0	82048	0.0	-1.0	0.0	TRUE	G	1.123841E-5	0.0	0.05940695	0.9983605	16.397982	0.05978341	0.0029522497	146.0	1.0
SPIKE	S111:C>T	2	82048	2.4375975E-5	-1.0	39.5	TRUE	C	4.2232023E-5	55.0	0.05231146	0.9938531	58.16196	0.06647855	0.006375435	146.0	0.0
SPIKE	S111:C>A	2	82048	2.4375975E-5	-1.0	39.5	TRUE	C	2.5679477E-5	0.0	0.4894568	0.99625784	16.397982	0.25166988	0.033775546	146.0	1.0
SPIKE	S111:C>G	0	82048	0.0	-1.0	0.0	TRUE	C	2.4281522E-5	0.0	0.055809166	0.99646115	39.405033	0.053546667	0.0025109248	146.0	1.0
SPIKE	S112:G>A	1	82047	1.2188136E-5	-1.0	38.0	TRUE	G	2.5776137E-5	28.0	0.08672368	0.9962438	58.16125	0.082702816	0.00700812	146.0	0.0
SPIKE	S112:G>C	0	82047	0.0	-1.0	0.0	TRUE	G	2.509738E-5	0.0	0.044631988	0.9963425	39.404552	0.054698322	0.0031759928	146.0	1.0
SPIKE	S112:G>T	0	82047	0.0	-1.0	0.0	TRUE	G	1.123841E-5	0.0	0.05940695	0.9983605	16.397783	0.05978341	0.0029522497	146.0	1.0
SPIKE	S113:T>C	1	82047	1.2188136E-5	-1.0	40.0	TRUE	T	3.2336193E-5	28.0	0.08429116	0.99529004	34.33403	0.10347517	0.008999004	146.0	0.0
SPIKE	S113:T>A	0	82047	0.0	-1.0	0.0	TRUE	T	8.05063E-6	0.0	0.15353581	0.9988253	6.3197603	0.12347623	0.0029061134	146.0	1.0
SPIKE	S113:T>G	0	82047	0.0	-1.0	0.0	TRUE	T	3.817094E-5	4.0	0.0195227	0.9944425	72.84557	0.043848507	0.0033739256	146.0	1.0
SPIKE	S114:G>A	2	82047	2.4376272E-5	-1.0	39.5	TRUE	G	2.2093833E-5	24.0	0.08672368	0.9967795	58.16125	0.082702816	0.00700812	146.0	0.0
SPIKE	S114:G>C	0	82047	0.0	-1.0	0.0	TRUE	G	2.509738E-5	0.0	0.044631988	0.9963425	39.404552	0.054698322	0.0031759928	146.0	1.0
SPIKE	S114:G>T	0	82047	0.0	-1.0	0.0	TRUE	G	1.123841E-5	0.0	0.05940695	0.9983605	16.397783	0.05978341	0.0029522497	146.0	1.0
SPIKE	S115:A>G	5	82047	6.094068E-5	-1.0	39.2	TRUE	A	5.0150866E-5	53.0	0.06798348	0.9927047	34.33403	0.08329936	0.0108132325	146.0	0.0
SPIKE	S115:A>C	0	82047	0.0	-1.0	0.0	TRUE	A	7.328853E-5	0.0	0.053503044	0.98935694	72.84557	0.08721201	0.053835984	146.0	1.0
SPIKE	S115:A>T	0	82047	0.0	-1.0	0.0	TRUE	A	9.3082235E-6	0.0	0.19841921	0.9986419	6.3197603	0.15075842	0.0071111834	146.0	1.0
SPIKE	S116:C>T	2	82047	2.4376272E-5	-1.0	39.5	TRUE	C	3.1482436E-5	41.0	0.05231146	0.99541414	58.16125	0.06647855	0.006375435	146.0	0.0
SPIKE	S116:C>A	0	82047	0.0	-1.0	0.0	TRUE	C	2.5679477E-5	0.0	0.4894568	0.99625784	16.397783	0.25166988	0.033775546	146.0	1.0
SPIKE	S116:C>G	0	82047	0.0	-1.0	0.0	TRUE	C	2.4281522E-5	0.0	0.055809166	0.99646115	39.404552	0.053546667	0.0025109248	146.0	1.0
SPIKE	S117:C>T	4	82047	4.8752543E-5	-1.0	38.0	TRUE	C	2.3803794E-5	31.0	0.05231146	0.99653065	58.16125	0.06647855	0.006375435	146.0	0.0
SPIKE	S117:C>A	1	82047	1.2188136E-5	-1.0	40.0	TRUE	C	2.5679477E-5	1.0	0.4894568	0.99625784	16.397783	0.25166988	0.033775546	146.0	1.0
SPIKE	S117:C>G	0	82047	0.0	-1.0	0.0	TRUE	C	2.4281522E-5	0.0	0.055809166	0.99646115	39.404552	0.053546667	0.0025109248	146.0	1.0
SPIKE	S118:T>C	1	82047	1.2188136E-5	-1.0	39.0	TRUE	T	4.042024E-5	35.0	0.08429116	0.994116	34.33403	0.10347517	0.008999004	146.0	0.0
SPIKE	S118:T>A	0	82047	0.0	-1.0	0.0	TRUE	T	8.05063E-6	4.0	0.15353581	0.9988253	6.3197603	0.12347623	0.0029061134	146.0	1.0
SPIKE	S118:T>G	0	82047	0.0	-1.0	0.0	TRUE	T	3.817094E-5	1.0	0.0195227	0.9944425	72.84557	0.043848507	0.0033739256	146.0	1.0
SPIKE	S119:A>G	3	82047	3.656441E-5	-1.0	39.666668	TRUE	A	2.081734E-5	22.0	0.06798348	0.9969653	34.33403	0.08329936	0.0108132325	146.0	0.0
SPIKE	S119:A>C	0	82047	0.0	-1.0	0.0	TRUE	A	7.328853E-5	4.0	0.053503044	0.98935694	72.84557	0.08721201	0.053835984	146.0	1.0
SPIKE	S119:A>T	0	82047	0.0	-1.0	0.0	TRUE	A	9.3082235E-6	1.0	0.19841921	0.9986419	6.3197603	0.15075842	0.0071111834	146.0	1.0
SPIKE	S120:T>C	2	82047	2.4376272E-5	-1.0	39.5	TRUE	T	1.8477824E-5	16.0	0.08429116	0.99730587	34.33403	0.10347517	0.008999004	146.0	0.0
SPIKE	S120:T>A	0	82047	0.0	-1.0	0.0	TRUE	T	8.05063E-6	0.0	0.15353581	0.9988253	6.3197603	0.12347623	0.0029061134	146.0	1.0
SPIKE	S120:T>G	0	82047	0.0	-1.0	0.0	TRUE	T	3.817094E-5	1.0	0.0195227	0.9944425	72.84557	0.043848507	0.0033739256	146.0	1.0
SPIKE	S121:G>A	6	82047	7.312882E-5	-1.0	39.333332	TRUE	G	2.2093833E-5	24.0	0.08672368	0.9967795	58.16125	0.082702816	0.00700812	146.0	0.0
SPIKE	S121:G>C	0	82047	0.0	-1.0	0.0	TRUE	G	2.509738E-5	0.0	0.044631988	0.9963425	39.404552	0.054698322	0.0031759928	146.0	1.0
SPIKE	S121:G>T	0	82047	0.0	-1.0	0.0	TRUE	G	1.123841E-5	0.0	0.05940695	0.9983605	16.397783	0.05978341	0.0029522497	146.0	1.0
SPIKE	S122:T>C	1	82047	1.2188136E-5	4.2596874	39.0	TRUE	T	5.5433473E-5	48.0	0.08429116	0.99193937	34.33403	0.10347517	0.008999004	146.0	0.0
SPIKE	S122:T>A	0	82047	0.0	-1.0	0.0	TRUE	T	8.05063E-6	0.0	0.15353581	0.9988253	6.3197603	0.12347623	0.0029061134	146.0	1.0
SPIKE	S122:T>G	0	82047	0.0	-1.0	0.0	TRUE	T	3.817094E-5	0.0	0.0195227	0.9944425	72.84557	0.043848507	0.0033739256	146.0	1.0
SPIKE	S123:G>A	6	82047	7.312882E-5	-1.0	39.666668	TRUE	G	2.485556E-5	27.0	0.08672368	0.99637765	58.16125	0.082702816	0.00700812	146.0	0.0
SPIKE	S123:G>C	0	82047	0.0	-1.0	0.0	TRUE	G	2.509738E-5	0.0	0.044631988	0.9963425	39.404552	0.054698322	0.0031759928	146.0	1.0
SPIKE	S123:G>T	0	82047	0.0	-1.0	0.0	TRUE	G	1.123841E-5	0.0	0.05940695	0.9983605	16.397783	0.05978341	0.0029522497	146.0	1.0
SPIKE	S124:T>C	2	82047	2.4376272E-5	-1.0	39.5	TRUE	T	4.3884833E-5	38.0	0.08429116	0.9936133	34.33403	0.10347517	0.008999004	146.0	0.0
SPIKE	S124:T>A	0	82047	0.0	-1.0	0.0	TRUE	T	8.05063E-6	0.0	0.15353581	0.9988253	6.3197603	0.12347623	0.0029061134	146.0	1.0
SPIKE	S124:T>G	0	82047	0.0	-1.0	0.0	TRUE	T	3.817094E-5	1.0	0.0195227	0.9944425	72.84557	0.043848507	0.0033739256	146.0	1.0
SPIKE	S125:G>A	1	82047	1.2188136E-5	-1.0	39.0	TRUE	G	3.3140746E-5	36.0	0.08672368	0.99517316	58.16125	0.082702816	0.00700812	146.0	0.0
SPIKE	S125:G>C	0	82047	0.0	-1.0	0.0	TRUE	G	2.509738E-5	0.0	0.044631988	0.9963425	39.404552	0.054698322	0.0031759928	146.0	1.0
SPIKE	S125:G>T	0	82047	0.0	-1.0	0.0	TRUE	G	1.123841E-5	0.0	0.05940695	0.9983605	16.397783	0.05978341	0.0029522497	146.0	1.0
SPIKE	S126:C>T	3	82047	3.656441E-5	-1.0	34.666668	TRUE	C	3.916108E-5	51.0	0.05231146	0.9942988	58.16125	0.06647855	0.006375435	146.0	0.0
SPIKE	S126:C>A	0	82047	0.0	-1.0	0.0	TRUE	C	2.5679477E-5	3.0	0.4894568	0.99625784	16.397783	0.25166988	0.033775546	146.0	1.0
SPIKE	S126:C>G	0	82047	0.0	-1.0	0.0	TRUE	C	2.4281522E-5	7.0	0.055809166	0.99646115	39.404552	0.053546667	0.0025109248	146.0	1.0
SPIKE	S127:G>A	4	82047	4.8752543E-5	-1.0	39.25	TRUE	G	3.5902478E-5	39.0	0.08672368	0.99477196	58.16125	0.082702816	0.00700812	146.0	0.0
SPIKE	S127:G>C	0	82047	0.0	-1.0	0.0	TRUE	G	2.509738E-5	1.0	0.044631988	0.9963425	39.404552	0.054698322	0.0031759928	146.0	1.0
SPIKE	S127:G>T	0	82047	0.0	-1.0	0.0	TRUE	G	1.123841E-5	0.0	0.05940695	0.9983605	16.397783	0.05978341	0.0029522497	146.0	1.0
SPIKE	S128:G>A	4	82047	4.8752543E-5	-1.0	39.0	TRUE	G	3.5902478E-5	39.0	0.08672368	0.99477196	58.16125	0.082702816	0.00700812	146.0	0.0
SPIKE	S128:G>C	0	82047	0.0	-1.0	0.0	TRUE	G	2.509738E-5	0.0	0.044631988	0.9963425	39.404552	0.054698322	0.0031759928	146.0	1.0
SPIKE	S128:G>T	0	82047	0.0	-1.0	0.0	TRUE	G	1.123841E-5	1.0	0.05940695	0.9983605	16.397783	0.05978341	0.0029522497	146.0	1.0
SPIKE	S129:C>A	5	82047	6.094068E-5	-1.0	39.4	TRUE	C	2.5679477E-5	1.0	0.4894568	0.99625784	16.397783	0.25166988	0.033775546	146.0	1.0
SPIKE	S129:C>T	3	82047	3.656441E-5	-1.0	33.333332	TRUE	C	3.378603E-5	44.0	0.05231146	0.9950794	58.16125	0.06647855	0.006375435	146.0	0.0
SPIKE	S129:C>G	0	82047	0.0	-1.0	0.0	TRUE	C	2.4281522E-5	4.0	0.055809166	0.99646115	39.404552	0.053546667	0.0025109248	146.0	1.0
SPIKE	S130:G>A	8	82047	9.7505086E-5	-1.0	39.625	TRUE	G	4.234651E-5	46.0	0.08672368	0.99383646	58.16125	0.082702816	0.00700812	146.0	0.0
SPIKE	S130:G>C	0	82047	0.0	-1.0	0.0	TRUE	G	2.509738E-5	1.0	0.044631988	0.9963425	39.404552	0.054698322	0.0031759928	146.0	1.0
SPIKE	S130:G>T	0	82047	0.0	-1.0	0.0	TRUE	G	1.123841E-5	0.0	0.05940695	0.9983605	16.397783	0.05978341	0.0029522497	146.0	1.0
SPIKE	S131:G>A	4	82047	4.8752543E-5	13.290587	39.75	TRUE	G	7.364611E-5	80.0	0.08672368	0.98930526	58.16125	0.082702816	0.00700812	146.0	0.0
SPIKE	S131:G>C	0	82047	0.0	-1.0	0.0	TRUE	G	2.509738E-5	0.0	0.044631988	0.9963425	39.404552	0.054698322	0.0031759928	146.0	1.0
SPIKE	S131:G>T	0	82047	0.0	-1.0	0.0	TRUE	G	1.123841E-5	0.0	0.05940695	0.9983605	16.397783	0.05978341	0.0029522497	146.0	1.0
SPIKE	S132:C>T	1	82047	1.2188136E-5	-1.0	40.0	TRUE	C	3.22503E-5	42.0	0.05231146	0.9953025	58.16125	0.06647855	0.006375435	146.0	0.0
SPIKE	S132:C>A	0	82047	0.0	-1.0	0.0	TRUE	C	2.5679477E-5	0.0	0.4894568	0.99625784	16.397783	0.25166988	0.033775546	146.0	1.0
SPIKE	S132:C>G	0	82047	0.0	-1.0	0.0	TRUE	C	2.4281522E-5	1.0	0.055809166	0.99646115	39.404552	0.053546667	0.0025109248	146.0	1.0
SPIKE	S133:A>G	0	82047	0.0	-1.0	0.0	TRUE	A	3.2488326E-5	0.0	0.06798348	0.9952679	34.33403	0.08329936	0.0108132325	146.0	1.0
SPIKE	S133:A>C	0	82047	0.0	-1.0	0.0	TRUE	A	7.328853E-5	2.0	0.053503044	0.98935694	72.84557	0.08721201	0.053835984	146.0	1.0
SPIKE	S133:A>T	0	82047	0.0	-1.0	0.0	TRUE	A	9.3082235E-6	0.0	0.19841921	0.9986419	6.3197603	0.15075842	0.0071111834	146.0	1.0
SPIKE	S134:G>A	0	82047	0.0	-1.0	0.0	TRUE	G	1.1046916E-5	12.0	0.08672368	0.99838847	58.16125	0.082702816	0.00700812	146.0	0.0
SPIKE	S134:G>C	0	82047	0.0	-1.0	0.0	TRUE	G	6.3691577E-6	10.0	0.044631988	0.9990705	39.404552	0.054698322	0.0031759928	146.0	0.0
SPIKE	S134:G>T	0	82047	0.0	-1.0	0.0	TRUE	G	1.123841E-5	1.0	0.05940695	0.9983605	16.397783	0.05978341	0.0029522497	146.0	1.0
SPIKE	S135:C>A	0	82047	0.0	-1.0	0.0	TRUE	C	2.5679477E-5	1.0	0.4894568	0.99625784	16.397783	0.25166988	0.033775546	146.0	1.0
SPIKE	S135:C>G	0	82047	0.0	-1.0	0.0	TRUE	C	2.4281522E-5	1.0	0.055809166	0.99646115	39.404552	0.053546667	0.0025109248	146.0	1.0
SPIKE	S135:C>T	0	82047	0.0	-1.0	0.0	TRUE	C	3.1482436E-5	41.0	0.05231146	0.99541414	58.16125	0.06647855	0.006375435	146.0	0.0
SPIKE	S136:C>A	0	82047	0.0	-1.0	0.0	TRUE	C	2.5679477E-5	1.0	0.4894568	0.99625784	16.397783	0.25166988	0.033775546	146.0	1.0
SPIKE	S136:C>G	0	82047	0.0	-1.0	0.0	TRUE	C	2.4281522E-5	1.0	0.055809166	0.99646115	39.404552	0.053546667	0.0025109248	146.0	1.0
SPIKE	S136:C>T	0	82047	0.0	-1.0	0.0	TRUE	C	2.3803794E-5	31.0	0.05231146	0.99653065	58.16125	0.06647855	0.006375435	146.0	0.0
SPIKE	S137:T>A	0	82047	0.0	-1.0	0.0	TRUE	T	8.05063E-6	1.0	0.15353581	0.9988253	6.3197603	0.12347623	0.0029061134	146.0	1.0
SPIKE	S137:T>G	0	82047	0.0	-1.0	0.0	TRUE	T	7.8599705E-6	15.0	0.0195227	0.9988531	72.84557	0.043848507	0.0033739256	146.0	0.0
SPIKE	S137:T>C	0	82047	0.0	-1.0	0.0	TRUE	T	3.9651135E-5	0.0	0.08429116	0.99422765	34.33403	0.10347517	0.008999004	146.0	1.0
SPIKE	S138:G>A	0	82047	0.0	-1.0	0.0	TRUE	G	6.444034E-5	70.0	0.08672368	0.9906358	58.16125	0.082702816	0.00700812	146.0	0.0
SPIKE	S138:G>C	0	82047	0.0	-1.0	0.0	TRUE	G	2.509738E-5	0.0	0.044631988	0.9963425	39.404552	0.054698322	0.0031759928	146.0	1.0
SPIKE	S138:G>T	0	82047	0.0	-1.0	0.0	TRUE	G	1.123841E-5	6.0	0.05940695	0.9983605	16.397783	0.05978341	0.0029522497	146.0	1.0
SPIKE	S139:A>G	0	82047	0.0	-1.0	0.0	TRUE	A	3.2488326E-5	8.0	0.06798348	0.9952679	34.33403	0.08329936	0.0108132325	146.0	1.0
SPIKE	S139:A>C	0	82047	0.0	-1.0	0.0	TRUE	A	7.328853E-5	0.0	0.053503044	0.98935694	72.84557	0.08721201	0.053835984	146.0	1.0
SPIKE	S139:A>T	0	82047	0.0	-1.0	0.0	TRUE	A	1.4434184E-4	98.0	0.19841921	0.9791466	6.3197603	0.15075842	0.0071111834	146.0	0.0
SPIKE	S140:T>A	0	82047	0.0	-1.0	0.0	TRUE	T	2.6751524E-5	21.0	0.15353581	0.9961019	6.3197603	0.12347623	0.0029061134	146.0	0.0
SPIKE	S140:T>G	0	82047	0.0	-1.0	0.0	TRUE	T	5.763978E-6	11.0	0.0195227	0.9991588	72.84557	0.043848507	0.0033739256	146.0	0.0
SPIKE	S140:T>C	0	82047	0.0	-1.0	0.0	TRUE	T	3.9651135E-5	2.0	0.08429116	0.99422765	34.33403	0.10347517	0.008999004	146.0	1.0
SPIKE	S141:T>A	0	82047	0.0	-1.0	0.0	TRUE	T	2.560503E-4	201.0	0.15353581	0.9633068	6.3197603	0.12347623	0.0029061134	146.0	0.0
SPIKE	S141:T>G	0	82047	0.0	-1.0	0.0	TRUE	T	8.907967E-6	17.0	0.0195227	0.99870026	72.84557	0.043848507	0.0033739256	146.0	0.0
SPIKE	S141:T>C	0	82047	0.0	-1.0	0.0	TRUE	T	1.2703504E-5	11.0	0.08429116	0.998147	34.33403	0.10347517	0.008999004	146.0	0.0
SPIKE	S142:A>G	0	82047	0.0	-1.0	0.0	TRUE	A	3.3023872E-4	349.0	0.06798348	0.952929	34.33403	0.08329936	0.0108132325	146.0	0.0
SPIKE	S142:A>C	0	82047	0.0	-1.0	0.0	TRUE	A	3.3200664E-5	33.0	0.053503044	0.99516445	72.84557	0.08721201	0.053835984	146.0	0.0
SPIKE	S142:A>T	0	82047	0.0	-1.0	0.0	TRUE	A	5.3023534E-5	36.0	0.19841921	0.9922885	6.3197603	0.15075842	0.0071111834	146.0	0.0
SPIKE	S143:G>A	0	82047	0.0	-1.0	0.0	TRUE	G	5.523458E-5	60.0	0.08672368	0.99196815	58.16125	0.082702816	0.00700812	146.0	0.0
SPIKE	S143:G>C	0	82047	0.0	-1.0	0.0	TRUE	G	3.8214948E-4	600.0	0.044631988	0.9457341	39.404552	0.054698322	0.0031759928	146.0	0.0
SPIKE	S143:G>T	0	82047	0.0	-1.0	0.0	TRUE	G	1.123841E-5	3.0	0.05940695	0.9983605	16.397783	0.05978341	0.0029522497	146.0	1.0
SPIKE	S144:C>A	0	82047	0.0	-1.0	0.0	TRUE	C	2.5679477E-5	0.0	0.4894568	0.99625784	16.397783	0.25166988	0.033775546	146.0	1.0
SPIKE	S144:C>G	0	82047	0.0	-1.0	0.0	TRUE	C	3.8821297E-5	63.0	0.055809166	0.9943481	39.404552	0.053546667	0.0025109248	146.0	0.0
SPIKE	S144:C>T	0	82047	0.0	-1.0	0.0	TRUE	C	3.1482436E-5	41.0	0.05231146	0.99541414	58.16125	0.06647855	0.006375435	146.0	0.0
SPIKE	S145:C>A	0	82047	0.0	-1.0	0.0	TRUE	C	2.5679477E-5	0.0	0.4894568	0.99625784	16.397783	0.25166988	0.033775546	146.0	1.0
SPIKE	S145:C>G	0	82047	0.0	-1.0	0.0	TRUE	C	3.0810555E-5	50.0	0.055809166	0.9955118	39.404552	0.053546667	0.0025109248	146.0	0.0
SPIKE	S145:C>T	0	82047	0.0	-1.0	0.0	TRUE	C	4.223254E-5	55.0	0.05231146	0.99385303	58.16125	0.06647855	0.006375435	146.0	0.0
SPIKE	S146:C>A	0	82047	0.0	-1.0	0.0	TRUE	C	2.5679477E-5	0.0	0.4894568	0.99625784	16.397783	0.25166988	0.033775546	146.0	1.0
SPIKE	S146:C>G	0	82047	0.0	-1.0	0.0	TRUE	C	5.675304E-4	921.0	0.055809166	0.92048055	39.404552	0.053546667	0.0025109248	146.0	0.0
SPIKE	S146:C>T	0	82047	0.0	-1.0	0.0	TRUE	C	6.219701E-5	81.0	0.05231146	0.99096036	58.16125	0.06647855	0.006375435	146.0	0.0
SPIKE	S147:G>A	0	82047	0.0	-1.0	0.0	TRUE	G	1.2888068E-5	14.0	0.08672368	0.9981201	58.16125	0.082702816	0.00700812	146.0	0.0
SPIKE	S147:G>C	0	82047	0.0	-1.0	0.0	TRUE	G	7.64299E-5	120.0	0.044631988	0.9889033	39.404552	0.054698322	0.0031759928	146.0	0.0
SPIKE	S147:G>T	0	82047	0.0	-1.0	0.0	TRUE	G	6.5657636E-4	958.0	0.05940695	0.9085911	16.397783	0.05978341	0.0029522497	146.0	0.0
SPIKE	S148:T>A	0	82047	0.0	-1.0	0.0	TRUE	T	8.05063E-6	0.0	0.15353581	0.9988253	6.3197603	0.12347623	0.0029061134	146.0	1.0
SPIKE	S148:T>G	0	82047	0.0	-1.0	0.0	TRUE	T	0.0011113998	2121.0	0.0195227	0.8502164	72.84557	0.043848507	0.0033739256	146.0	0.0
SPIKE	S148:T>C	0	82047	0.0	-1.0	0.0	TRUE	T	5.8898062E-5	51.0	0.08429116	0.99143773	34.33403	0.10347517	0.008999004	146.0	0.0
SPIKE	S149:G>A	0	82047	0.0	-1.0	0.0	TRUE	G	1.9332103E-5	21.0	0.08672368	0.9971815	58.16125	0.082702816	0.00700812	146.0	0.0
SPIKE	S149:G>C	0	82047	0.0	-1.0	0.0	TRUE	G	7.216256E-4	1133.0	0.044631988	0.90000284	39.404552	0.054698322	0.0031759928	146.0	0.0
SPIKE	S149:G>T	0	82047	0.0	-1.0	0.0	TRUE	G	1.9053051E-4	278.0	0.05940695	0.9725659	16.397783	0.05978341	0.0029522497	146.0	0.0
SPIKE	S150:C>A	0	82044	0.0	-1.0	0.0	TRUE	C	2.5679477E-5	0.0	0.4894568	0.99625784	16.397182	0.25166988	0.033775546	146.0	1.0
SPIKE	S150:C>G	0	82044	0.0	-1.0	0.0	TRUE	C	2.6682916E-4	433.0	0.055809166	0.961792	39.40311	0.053546667	0.0025109248	146.0	0.0
SPIKE	S150:C>T	0	82044	0.0	-1.0	0.0	TRUE	C	0.0012009837	1564.0	0.05231146	0.8391686	58.159122	0.06647855	0.006375435	146.0	0.0
SPIKE	S151:T>A	0	82041	0.0	-1.0	0.0	TRUE	T	8.05063E-6	0.0	0.15353581	0.9988253	6.3192983	0.12347623	0.0029061134	146.0	1.0
SPIKE	S151:T>G	0	82041	0.0	-1.0	0.0	TRUE	T	0.0012382979	2363.0	0.0195227	0.8346094	72.84025	0.043848507	0.0033739256	146.0	0.0
SPIKE	S151:T>C	0	82041	0.0	-1.0	0.0	TRUE	T	1.9865113E-4	172.0	0.08429116	0.9714135	34.33152	0.10347517	0.008999004	146.0	0.0
SPIKE	S152:G>A	0	82025	0.0	-1.0	0.0	TRUE	G	1.4733172E-5	16.0	0.08672368	0.99785125	58.145657	0.082702816	0.00700812	146.0	0.0
SPIKE	S152:G>C	0	82025	0.0	-1.0	0.0	TRUE	G	2.509738E-5	1.0	0.044631988	0.9963425	39.393986	0.054698322	0.0031759928	146.0	1.0
SPIKE	S152:G>T	0	82025	0.0	-1.0	0.0	TRUE	G	1.2819699E-4	187.0	0.05940695	0.9814573	16.393385	0.05978341	0.0029522497	146.0	0.0
SPIKE	S153:G>A	0	81901	0.0	-1.0	0.0	TRUE	G	1.1988826E-5	13.0	0.08672368	0.99825114	58.057755	0.082702816	0.00700812	146.0	0.0
SPIKE	S153:G>C	0	81901	0.0	-1.0	0.0	TRUE	G	2.509738E-5	1.0	0.044631988	0.9963425	39.334435	0.054698322	0.0031759928	146.0	1.0
SPIKE	S153:G>T	0	81901	0.0	-1.0	0.0	TRUE	G	1.123841E-5	0.0	0.05940695	0.9983605	16.368603	0.05978341	0.0029522497	146.0	1.0
