#pipeline_block
reference	mutation	count	coverage	freq	score	cqs	has.reference	ancestral.allele	error.rate	minor.count.local	minor.fdr	minor.recall	minor.count.global	read.fraction.in.minors	q.filtered.read.fraction	mig.size	global.est
SPIKE	S0:T>A	0	14806	0.0	-1.0	0.0	TRUE	T	2.0742927E-4	13.0	0.15090454	0.889594	9.297554	0.27823254	0.06925239	564.0	0.0
SPIKE	S0:T>G	0	14806	0.0	-1.0	0.0	TRUE	T	3.1898706E-4	0.0	0.122617505	0.83534646	20.89033	0.25767756	0.10471402	564.0	1.0
SPIKE	S0:T>C	0	14806	0.0	-1.0	0.0	TRUE	T	2.9791452E-4	25.0	0.07776386	0.84533376	32.345154	0.19131422	0.073856205	564.0	0.0
SPIKE	S1:A>G	0	14835	0.0	-1.0	0.0	TRUE	A	4.578143E-4	43.0	0.07567728	0.7724351	32.40851	0.17087749	0.061157644	564.0	0.0
SPIKE	S1:A>C	0	14835	0.0	-1.0	0.0	TRUE	A	1.3103268E-4	1.0	0.24188137	0.9287623	20.931246	0.12249967	0.19602911	564.0	1.0
SPIKE	S1:A>T	0	14835	0.0	-1.0	0.0	TRUE	A	1.5812126E-4	9.0	0.10953041	0.91468054	9.315764	0.28277448	0.08347928	564.0	1.0
SPIKE	S2:G>A	0	14864	0.0	-1.0	0.0	TRUE	G	2.792246E-4	26.0	0.08588429	0.8542916	24.329933	0.17462839	0.062388156	564.0	0.0
SPIKE	S2:G>C	0	14864	0.0	-1.0	0.0	TRUE	G	1.8327983E-4	11.0	0.098196276	0.9017934	14.742451	0.27462852	0.08999768	564.0	0.0
SPIKE	S2:G>T	0	14864	0.0	-1.0	0.0	TRUE	G	1.8066494E-4	1.0	0.16417126	0.90312433	11.817416	0.2718753	0.07536014	564.0	1.0
SPIKE	S3:C>A	0	14884	0.0	-1.0	0.0	TRUE	C	1.07160464E-4	0.0	0.179142	0.94135165	11.833317	0.16420248	0.09897023	564.0	1.0
SPIKE	S3:C>G	0	14884	0.0	-1.0	0.0	TRUE	C	0.0015360996	92.0	0.07608219	0.42047924	14.762287	0.2689787	0.14737362	564.0	0.0
SPIKE	S3:C>T	0	14884	0.0	-1.0	0.0	TRUE	C	3.6973855E-4	32.0	0.06658849	0.8117746	24.36267	0.18424311	0.17660448	564.0	0.0
SPIKE	S4:G>A	13	14919	8.7137206E-4	40.383286	40.0	TRUE	G	3.1029468E-4	29.0	0.08588429	0.83945185	24.41996	0.17462839	0.062388156	564.0	0.0
SPIKE	S4:G>T	1	14919	6.7028624E-5	-1.0	40.0	TRUE	G	1.6754829E-4	11.0	0.16417126	0.9098303	11.861143	0.2718753	0.07536014	564.0	0.0
SPIKE	S4:G>C	0	14919	0.0	-1.0	0.0	TRUE	G	2.8220643E-4	17.0	0.098196276	0.8528561	14.797001	0.27462852	0.08999768	564.0	0.0
SPIKE	S5:T>A	1	14924	6.700616E-5	-1.0	40.0	TRUE	T	1.4835269E-4	0.0	0.15090454	0.9197339	9.371653	0.27823254	0.06925239	564.0	1.0
SPIKE	S5:T>C	14	14924	9.380863E-4	43.393585	40.0	TRUE	T	4.8471673E-4	41.0	0.07776386	0.76080346	32.602936	0.19131422	0.073856205	564.0	0.0
SPIKE	S5:T>G	0	14924	0.0	-1.0	0.0	TRUE	T	4.847639E-4	32.0	0.122617505	0.7607832	21.05682	0.25767756	0.10471402	564.0	0.0
SPIKE	S6:G>A	10	14931	6.6974753E-4	31.352386	40.0	TRUE	G	3.100453E-4	29.0	0.08588429	0.8395699	24.439602	0.17462839	0.062388156	564.0	0.0
SPIKE	S6:G>T	1	14931	6.697475E-5	-1.0	40.0	TRUE	G	2.5873014E-4	17.0	0.16417126	0.86422354	11.870684	0.2718753	0.07536014	564.0	0.0
SPIKE	S6:G>C	0	14931	0.0	-1.0	0.0	TRUE	G	2.456358E-4	0.0	0.098196276	0.87062967	14.808903	0.27462852	0.08999768	564.0	1.0
SPIKE	S7:A>G	20	14940	0.0013386881	61.455387	40.0	TRUE	A	3.3830456E-4	32.0	0.07567728	0.8262947	32.63789	0.17087749	0.061157644	564.0	0.0
SPIKE	S7:A>T	7	14940	4.6854082E-4	-1.0	40.0	TRUE	A	1.5812126E-4	0.0	0.10953041	0.91468054	9.3817005	0.28277448	0.08347928	564.0	1.0
SPIKE	D7-8:A>	17	14940	0.0011378849	-1.0	39.999798	TRUE		NaN	NaN	NaN	NaN	NaN	NaN	NaN	NaN	NaN
SPIKE	S7:A>C	0	14940	0.0	-1.0	0.0	TRUE	A	1.3103268E-4	0.0	0.24188137	0.9287623	21.079393	0.12249967	0.19602911	564.0	1.0
SPIKE	S8:A>G	35	14941	0.0023425473	106.609886	40.0	TRUE	A	4.334237E-4	41.0	0.07567728	0.7831344	32.640076	0.17087749	0.061157644	564.0	0.0
SPIKE	S8:A>C	4	14941	2.677197E-4	-1.0	40.0	TRUE	A	1.3103268E-4	1.0	0.24188137	0.9287623	21.080805	0.12249967	0.19602911	564.0	1.0
SPIKE	S8:A>T	2	14941	1.3385985E-4	-1.0	40.0	TRUE	A	1.5812126E-4	1.0	0.10953041	0.91468054	9.382328	0.28277448	0.08347928	564.0	1.0
SPIKE	S9:G>A	10	14941	6.692992E-4	31.352386	40.0	TRUE	G	4.700987E-4	44.0	0.08588429	0.7671019	24.455969	0.17462839	0.062388156	564.0	0.0
SPIKE	S9:G>T	3	14941	2.0078977E-4	-1.0	40.0	TRUE	G	1.8066494E-4	0.0	0.16417126	0.90312433	11.878634	0.2718753	0.07536014	564.0	1.0
SPIKE	D9-10:G>	3	14941	2.0078977E-4	-1.0	39.982464	TRUE		NaN	NaN	NaN	NaN	NaN	NaN	NaN	NaN	NaN
SPIKE	D9-11:GA>	2	14941	1.3385985E-4	-1.0	39.982464	TRUE		NaN	NaN	NaN	NaN	NaN	NaN	NaN	NaN	NaN
SPIKE	S9:G>C	0	14941	0.0	-1.0	0.0	TRUE	G	2.456358E-4	1.0	0.098196276	0.87062967	14.818821	0.27462852	0.08999768	564.0	1.0
SPIKE	S10:A>G	30	14941	0.0020078977	91.55839	40.0	TRUE	A	6.5542123E-4	62.0	0.07567728	0.6909709	32.640076	0.17087749	0.061157644	564.0	0.0
SPIKE	S10:A>C	2	14941	1.3385985E-4	-1.0	40.0	TRUE	A	7.458881E-5	12.0	0.24188137	0.9588045	21.080805	0.12249967	0.19602911	564.0	0.0
SPIKE	S10:A>T	2	14941	1.3385985E-4	-1.0	40.0	TRUE	A	1.5812126E-4	0.0	0.10953041	0.91468054	9.382328	0.28277448	0.08347928	564.0	1.0
SPIKE	D10-11:A>	6	14941	4.0157954E-4	-1.0	39.975704	TRUE		NaN	NaN	NaN	NaN	NaN	NaN	NaN	NaN	NaN
SPIKE	S11:C>G	1	14941	6.6929926E-5	-1.0	40.0	TRUE	C	1.829634E-4	11.0	0.07608219	0.90195435	14.818821	0.2689787	0.14737362	564.0	0.0
SPIKE	S11:C>T	15	14941	0.0010039489	-1.0	40.0	TRUE	C	2.6473575E-4	23.0	0.06658849	0.86130124	24.455969	0.18424311	0.17660448	564.0	0.0
SPIKE	D11-12:C>	6	14941	4.0157954E-4	-1.0	39.97972	TRUE		NaN	NaN	NaN	NaN	NaN	NaN	NaN	NaN	NaN
SPIKE	S11:C>A	0	14941	0.0	-1.0	0.0	TRUE	C	1.4434045E-4	16.0	0.179142	0.9218175	11.878634	0.16420248	0.09897023	564.0	0.0
SPIKE	S12:G>A	12	14941	8.031591E-4	-1.0	40.0	TRUE	G	2.5641746E-4	24.0	0.08588429	0.86535156	24.455969	0.17462839	0.062388156	564.0	0.0
SPIKE	S12:G>C	1	14941	6.6929926E-5	-1.0	40.0	TRUE	G	2.48639E-4	15.0	0.098196276	0.86915624	14.818821	0.27462852	0.08999768	564.0	0.0
SPIKE	S12:G>T	1	14941	6.6929926E-5	-1.0	40.0	TRUE	G	1.8066494E-4	0.0	0.16417126	0.90312433	11.878634	0.2718753	0.07536014	564.0	1.0
SPIKE	D12-13:G>	5	14941	3.346496E-4	-1.0	39.982197	TRUE		NaN	NaN	NaN	NaN	NaN	NaN	NaN	NaN	NaN
SPIKE	S13:A>G	11	14941	7.362292E-4	26.1236	40.0	TRUE	A	9.619892E-4	91.0	0.07567728	0.5812572	32.640076	0.17087749	0.061157644	564.0	0.0
SPIKE	S13:A>C	2	14941	1.3385985E-4	-1.0	40.0	TRUE	A	1.2431468E-4	20.0	0.24188137	0.932288	21.080805	0.12249967	0.19602911	564.0	0.0
SPIKE	S13:A>T	3	14941	2.0078977E-4	-1.0	40.0	TRUE	A	1.5812126E-4	3.0	0.10953041	0.91468054	9.382328	0.28277448	0.08347928	564.0	1.0
SPIKE	D13-14:A>	5	14941	3.346496E-4	-1.0	39.982265	TRUE		NaN	NaN	NaN	NaN	NaN	NaN	NaN	NaN	NaN
SPIKE	S14:C>A	1	14941	6.6929926E-5	4.2596874	40.0	TRUE	C	3.1574475E-4	35.0	0.179142	0.83687544	11.878634	0.16420248	0.09897023	564.0	0.0
SPIKE	S14:C>G	1	14941	6.6929926E-5	-1.0	40.0	TRUE	C	2.46482E-4	0.0	0.07608219	0.8702142	14.818821	0.2689787	0.14737362	564.0	1.0
SPIKE	S14:C>T	4	14941	2.677197E-4	-1.0	40.0	TRUE	C	1.9567425E-4	17.0	0.06658849	0.89551145	24.455969	0.18424311	0.17660448	564.0	0.0
SPIKE	D14-15:C>	1	14941	6.6929926E-5	-1.0	39.992504	TRUE		NaN	NaN	NaN	NaN	NaN	NaN	NaN	NaN	NaN
SPIKE	S15:A>G	19	14941	0.0012716686	58.445087	40.0	TRUE	A	3.8056716E-4	36.0	0.07567728	0.80683196	32.640076	0.17087749	0.061157644	564.0	0.0
SPIKE	S15:A>C	3	14941	2.0078977E-4	-1.0	40.0	TRUE	A	1.2431468E-4	20.0	0.24188137	0.932288	21.080805	0.12249967	0.19602911	564.0	0.0
SPIKE	S15:A>T	2	14941	1.3385985E-4	-1.0	40.0	TRUE	A	1.5812126E-4	0.0	0.10953041	0.91468054	9.382328	0.28277448	0.08347928	564.0	1.0
SPIKE	D15-16:A>	7	14941	4.6850948E-4	-1.0	39.97711	TRUE		NaN	NaN	NaN	NaN	NaN	NaN	NaN	NaN	NaN
SPIKE	I15:>A	1	14941	6.6929926E-5	-1.0	39.97711	TRUE		NaN	NaN	NaN	NaN	NaN	NaN	NaN	NaN	NaN
SPIKE	S16:G>A	5	14941	3.346496E-4	16.300888	40.0	TRUE	G	4.1667838E-4	39.0	0.08588429	0.7905656	24.455969	0.17462839	0.062388156	564.0	0.0
SPIKE	S16:G>T	1	14941	6.6929926E-5	-1.0	40.0	TRUE	G	1.8066494E-4	0.0	0.16417126	0.90312433	11.878634	0.2718753	0.07536014	564.0	1.0
SPIKE	S16:G>C	1	14941	6.6929926E-5	-1.0	40.0	TRUE	G	2.456358E-4	0.0	0.098196276	0.87062967	14.818821	0.27462852	0.08999768	564.0	1.0
SPIKE	D16-17:G>	6	14941	4.0157954E-4	-1.0	39.97925	TRUE		NaN	NaN	NaN	NaN	NaN	NaN	NaN	NaN	NaN
SPIKE	S17:A>G	22	14941	0.0014724584	56.62427	40.0	TRUE	A	9.514179E-4	90.0	0.07567728	0.5847331	32.640076	0.17087749	0.061157644	564.0	0.0
SPIKE	S17:A>T	7	14941	4.6850948E-4	-1.0	40.0	TRUE	A	1.5812126E-4	3.0	0.10953041	0.91468054	9.382328	0.28277448	0.08347928	564.0	1.0
SPIKE	S17:A>C	3	14941	2.0078977E-4	-1.0	40.0	TRUE	A	1.3103268E-4	2.0	0.24188137	0.9287623	21.080805	0.12249967	0.19602911	564.0	1.0
SPIKE	D17-18:A>	8	14941	5.354394E-4	-1.0	39.999733	TRUE		NaN	NaN	NaN	NaN	NaN	NaN	NaN	NaN	NaN
SPIKE	S18:A>G	22	14941	0.0014724584	67.47598	40.0	TRUE	A	4.7570895E-4	45.0	0.07567728	0.7646785	32.640076	0.17087749	0.061157644	564.0	0.0
SPIKE	S18:A>T	1	14941	6.6929926E-5	-1.0	40.0	TRUE	A	1.5812126E-4	3.0	0.10953041	0.91468054	9.382328	0.28277448	0.08347928	564.0	1.0
SPIKE	S18:A>C	3	14941	2.0078977E-4	-1.0	40.0	TRUE	A	1.7404054E-4	28.0	0.24188137	0.90650487	21.080805	0.12249967	0.19602911	564.0	0.0
SPIKE	S19:C>G	1	14941	6.6929926E-5	-1.0	40.0	TRUE	C	2.46482E-4	0.0	0.07608219	0.8702142	14.818821	0.2689787	0.14737362	564.0	1.0
SPIKE	S19:C>T	5	14941	3.346496E-4	16.300888	40.0	TRUE	C	3.453075E-4	30.0	0.06658849	0.82303756	24.455969	0.18424311	0.17660448	564.0	0.0
SPIKE	D19-20:C>	3	14941	2.0078977E-4	-1.0	39.999733	TRUE		NaN	NaN	NaN	NaN	NaN	NaN	NaN	NaN	NaN
SPIKE	S19:C>A	0	14941	0.0	-1.0	0.0	TRUE	C	1.4434045E-4	16.0	0.179142	0.9218175	11.878634	0.16420248	0.09897023	564.0	0.0
SPIKE	S20:C>G	2	14941	1.3385985E-4	-1.0	40.0	TRUE	C	2.46482E-4	0.0	0.07608219	0.8702142	14.818821	0.2689787	0.14737362	564.0	1.0
SPIKE	S20:C>T	9	14941	6.023693E-4	-1.0	40.0	TRUE	C	1.9567425E-4	17.0	0.06658849	0.89551145	24.455969	0.18424311	0.17660448	564.0	0.0
SPIKE	S20:C>A	0	14941	0.0	-1.0	0.0	TRUE	C	9.9234065E-5	11.0	0.179142	0.9455694	11.878634	0.16420248	0.09897023	564.0	0.0
SPIKE	S21:A>G	8	14941	5.354394E-4	25.331787	40.0	TRUE	A	3.9113846E-4	37.0	0.07567728	0.80203575	32.640076	0.17087749	0.061157644	564.0	0.0
SPIKE	S21:A>T	1	14941	6.6929926E-5	-1.0	40.0	TRUE	A	2.0223712E-4	12.0	0.10953041	0.89220285	9.382328	0.28277448	0.08347928	564.0	0.0
SPIKE	S21:A>C	1	14941	6.6929926E-5	-1.0	40.0	TRUE	A	1.2431468E-4	20.0	0.24188137	0.932288	21.080805	0.12249967	0.19602911	564.0	0.0
SPIKE	S22:A>T	14938	14941	0.9997992	-1.0	39.99993	TRUE	T	1.5812126E-4	0.0	0.10953041	0.91468054	9.382328	0.28277448	0.08347928	564.0	1.0
SPIKE	S22:A>G	0	14941	0.0	-1.0	0.0	TRUE	T	1.16284406E-4	11.0	0.07567728	0.93652	32.640076	0.17087749	0.061157644	564.0	0.0
SPIKE	S22:A>C	0	14941	0.0	-1.0	0.0	TRUE	T	1.3103268E-4	0.0	0.24188137	0.9287623	21.080805	0.12249967	0.19602911	564.0	1.0
SPIKE	S23:A>G	14939	14941	0.9998661	9999.0	39.99953	TRUE	G	3.4504835E-4	0.0	0.07567728	0.8231579	32.640076	0.17087749	0.061157644	564.0	1.0
SPIKE	S23:A>C	0	14941	0.0	-1.0	0.0	TRUE	G	1.3103268E-4	0.0	0.24188137	0.9287623	21.080805	0.12249967	0.19602911	564.0	1.0
SPIKE	S23:A>T	0	14941	0.0	-1.0	0.0	TRUE	G	3.033557E-4	18.0	0.10953041	0.8427435	9.382328	0.28277448	0.08347928	564.0	0.0
SPIKE	S24:A>G	0	14941	0.0	-1.0	0.0	TRUE	A	1.9028358E-4	18.0	0.07567728	0.89823824	32.640076	0.17087749	0.061157644	564.0	0.0
SPIKE	S24:A>C	0	14941	0.0	-1.0	0.0	TRUE	A	1.5539335E-4	25.0	0.24188137	0.91608894	21.080805	0.12249967	0.19602911	564.0	0.0
SPIKE	S24:A>T	0	14941	0.0	-1.0	0.0	TRUE	A	1.5812126E-4	0.0	0.10953041	0.91468054	9.382328	0.28277448	0.08347928	564.0	1.0
SPIKE	S25:A>C	14939	14941	0.9998661	-1.0	39.999397	TRUE	C	1.3103268E-4	0.0	0.24188137	0.9287623	21.080805	0.12249967	0.19602911	564.0	1.0
SPIKE	S25:A>G	0	14941	0.0	-1.0	0.0	TRUE	C	3.4504835E-4	0.0	0.07567728	0.8231579	32.640076	0.17087749	0.061157644	564.0	1.0
SPIKE	S25:A>T	0	14941	0.0	-1.0	0.0	TRUE	C	1.6853094E-4	10.0	0.10953041	0.90932614	9.382328	0.28277448	0.08347928	564.0	0.0
SPIKE	S26:T>A	1	14941	6.6929926E-5	-1.0	40.0	TRUE	T	1.4835269E-4	2.0	0.15090454	0.9197339	9.382328	0.27823254	0.06925239	564.0	1.0
SPIKE	S26:T>C	15	14941	0.0010039489	46.403885	40.0	TRUE	T	5.9044536E-4	50.0	0.07776386	0.7167622	32.640076	0.19131422	0.073856205	564.0	0.0
SPIKE	S26:T>G	0	14941	0.0	-1.0	0.0	TRUE	T	5.7500217E-4	38.0	0.122617505	0.7230324	21.080805	0.25767756	0.10471402	564.0	0.0
SPIKE	S27:G>A	9	14941	6.023693E-4	-1.0	40.0	TRUE	G	1.2820873E-4	12.0	0.08588429	0.9302427	24.455969	0.17462839	0.062388156	564.0	0.0
SPIKE	D27-28:G>	5	14941	3.346496E-4	-1.0	39.999798	TRUE		NaN	NaN	NaN	NaN	NaN	NaN	NaN	NaN	NaN
SPIKE	S27:G>C	0	14941	0.0	-1.0	0.0	TRUE	G	2.456358E-4	0.0	0.098196276	0.87062967	14.818821	0.27462852	0.08999768	564.0	1.0
SPIKE	S27:G>T	0	14941	0.0	-1.0	0.0	TRUE	G	2.5855697E-4	17.0	0.16417126	0.86430794	11.878634	0.2718753	0.07536014	564.0	0.0
SPIKE	S28:G>A	4	14941	2.677197E-4	-1.0	40.0	TRUE	G	2.0299717E-4	19.0	0.08588429	0.8918205	24.455969	0.17462839	0.062388156	564.0	0.0
SPIKE	S28:G>C	0	14941	0.0	-1.0	0.0	TRUE	G	2.456358E-4	1.0	0.098196276	0.87062967	14.818821	0.27462852	0.08999768	564.0	1.0
SPIKE	S28:G>T	0	14941	0.0	-1.0	0.0	TRUE	G	1.8066494E-4	1.0	0.16417126	0.90312433	11.878634	0.2718753	0.07536014	564.0	1.0
SPIKE	S29:G>A	5	14941	3.346496E-4	-1.0	40.0	TRUE	G	2.0299717E-4	19.0	0.08588429	0.8918205	24.455969	0.17462839	0.062388156	564.0	0.0
SPIKE	S29:G>T	3	14941	2.0078977E-4	-1.0	40.0	TRUE	G	1.8066494E-4	1.0	0.16417126	0.90312433	11.878634	0.2718753	0.07536014	564.0	1.0
SPIKE	S29:G>C	0	14941	0.0	-1.0	0.0	TRUE	G	2.456358E-4	0.0	0.098196276	0.87062967	14.818821	0.27462852	0.08999768	564.0	1.0
SPIKE	S30:A>G	29	14941	0.0019409679	88.54809	40.0	TRUE	A	6.342786E-4	60.0	0.07567728	0.69925964	32.640076	0.17087749	0.061157644	564.0	0.0
SPIKE	S30:A>T	1	14941	6.6929926E-5	-1.0	40.0	TRUE	A	1.8538402E-4	11.0	0.10953041	0.9007238	9.382328	0.28277448	0.08347928	564.0	0.0
SPIKE	S30:A>C	1	14941	6.6929926E-5	-1.0	40.0	TRUE	A	1.3103268E-4	0.0	0.24188137	0.9287623	21.080805	0.12249967	0.19602911	564.0	1.0
SPIKE	S31:T>C	18	14941	0.0012047386	55.434788	40.0	TRUE	T	3.6607613E-4	31.0	0.07776386	0.81345314	32.640076	0.19131422	0.073856205	564.0	0.0
SPIKE	S31:T>A	0	14941	0.0	-1.0	0.0	TRUE	T	2.529908E-4	16.0	0.15090454	0.86702555	9.382328	0.27823254	0.06925239	564.0	0.0
SPIKE	S31:T>G	0	14941	0.0	-1.0	0.0	TRUE	T	3.1898706E-4	0.0	0.122617505	0.83534646	21.080805	0.25767756	0.10471402	564.0	1.0
SPIKE	S32:C>T	7	14941	4.6850948E-4	22.321487	40.0	TRUE	C	3.7983825E-4	33.0	0.06658849	0.8071637	24.455969	0.18424311	0.17660448	564.0	0.0
SPIKE	S32:C>A	0	14941	0.0	-1.0	0.0	TRUE	C	1.07160464E-4	0.0	0.179142	0.94135165	11.878634	0.16420248	0.09897023	564.0	1.0
SPIKE	S32:C>G	0	14941	0.0	-1.0	0.0	TRUE	C	2.46482E-4	0.0	0.07608219	0.8702142	14.818821	0.2689787	0.14737362	564.0	1.0
SPIKE	S33:C>T	3	14941	2.0078977E-4	-1.0	40.0	TRUE	C	1.4963326E-4	13.0	0.06658849	0.9190698	24.455969	0.18424311	0.17660448	564.0	0.0
SPIKE	S33:C>A	2	14941	1.3385985E-4	-1.0	40.0	TRUE	C	1.07160464E-4	9.0	0.179142	0.94135165	11.878634	0.16420248	0.09897023	564.0	1.0
SPIKE	S33:C>G	1	14941	6.6929926E-5	-1.0	40.0	TRUE	C	2.46482E-4	0.0	0.07608219	0.8702142	14.818821	0.2689787	0.14737362	564.0	1.0
SPIKE	S34:A>C	3	14941	2.0078977E-4	-1.0	40.0	TRUE	A	1.05667474E-4	17.0	0.24188137	0.94214463	21.080805	0.12249967	0.19602911	564.0	0.0
SPIKE	S34:A>T	3	14941	2.0078977E-4	-1.0	40.0	TRUE	A	1.8538402E-4	11.0	0.10953041	0.9007238	9.382328	0.28277448	0.08347928	564.0	0.0
SPIKE	S34:A>G	13	14941	8.70089E-4	-1.0	40.0	TRUE	A	1.057131E-4	10.0	0.07567728	0.94212043	32.640076	0.17087749	0.061157644	564.0	0.0
SPIKE	S35:T>C	21	14941	0.0014055284	-1.0	40.0	TRUE	T	2.9522268E-4	25.0	0.07776386	0.84661806	32.640076	0.19131422	0.073856205	564.0	0.0
SPIKE	S35:T>A	3	14941	2.0078977E-4	-1.0	40.0	TRUE	T	2.3717889E-4	15.0	0.15090454	0.8747922	9.382328	0.27823254	0.06925239	564.0	0.0
SPIKE	D35-36:T>	3	14941	2.0078977E-4	-1.0	39.999733	TRUE		NaN	NaN	NaN	NaN	NaN	NaN	NaN	NaN	NaN
SPIKE	S35:T>G	0	14941	0.0	-1.0	0.0	TRUE	T	3.1898706E-4	3.0	0.122617505	0.83534646	21.080805	0.25767756	0.10471402	564.0	1.0
SPIKE	S36:T>C	15	14941	0.0010039489	46.403885	40.0	TRUE	T	3.8544362E-4	4.0	0.07776386	0.804616	32.640076	0.19131422	0.073856205	564.0	1.0
SPIKE	S36:T>A	0	14941	0.0	-1.0	0.0	TRUE	T	1.5811926E-4	10.0	0.15090454	0.9146816	9.382328	0.27823254	0.06925239	564.0	0.0
SPIKE	S36:T>G	0	14941	0.0	-1.0	0.0	TRUE	T	3.1898706E-4	0.0	0.122617505	0.83534646	21.080805	0.25767756	0.10471402	564.0	1.0
SPIKE	S37:A>T	1	14941	6.6929926E-5	4.2596874	40.0	TRUE	A	3.5391495E-4	21.0	0.10953041	0.81905174	9.382328	0.28277448	0.08347928	564.0	0.0
SPIKE	S37:A>G	17	14941	0.0011378087	-1.0	40.0	TRUE	A	1.3742704E-4	13.0	0.07567728	0.92541885	32.640076	0.17087749	0.061157644	564.0	0.0
SPIKE	S37:A>C	0	14941	0.0	-1.0	0.0	TRUE	A	1.3103268E-4	0.0	0.24188137	0.9287623	21.080805	0.12249967	0.19602911	564.0	1.0
SPIKE	S38:T>C	6	14941	4.0157954E-4	-1.0	40.0	TRUE	T	1.535158E-4	13.0	0.07776386	0.91705954	32.640076	0.19131422	0.073856205	564.0	0.0
SPIKE	S38:T>A	3	14941	2.0078977E-4	-1.0	40.0	TRUE	T	2.0555504E-4	13.0	0.15090454	0.8905349	9.382328	0.27823254	0.06925239	564.0	0.0
SPIKE	S38:T>G	1	14941	6.6929926E-5	4.2596874	40.0	TRUE	T	3.1898706E-4	1.0	0.122617505	0.83534646	21.080805	0.25767756	0.10471402	564.0	1.0
SPIKE	S39:C>T	10	14942	6.6925446E-4	31.352386	40.0	TRUE	C	4.1434128E-4	36.0	0.06658849	0.7916084	24.457607	0.18424311	0.17660448	564.0	0.0
SPIKE	S39:C>A	1	14942	6.6925444E-5	-1.0	40.0	TRUE	C	1.07160464E-4	2.0	0.179142	0.94135165	11.879429	0.16420248	0.09897023	564.0	1.0
SPIKE	S39:C>G	0	14942	0.0	-1.0	0.0	TRUE	C	1.9958308E-4	12.0	0.07608219	0.89353937	14.819813	0.2689787	0.14737362	564.0	0.0
SPIKE	S40:G>T	1	14942	6.6925444E-5	-1.0	40.0	TRUE	G	1.8066494E-4	1.0	0.16417126	0.90312433	11.879429	0.2718753	0.07536014	564.0	1.0
SPIKE	S40:G>A	18	14942	0.0012046581	-1.0	40.0	TRUE	G	2.3503361E-4	22.0	0.08588429	0.8758513	24.457607	0.17462839	0.062388156	564.0	0.0
SPIKE	S40:G>C	0	14942	0.0	-1.0	0.0	TRUE	G	2.1547273E-4	13.0	0.098196276	0.8855675	14.819813	0.27462852	0.08999768	564.0	0.0
SPIKE	S41:G>A	5	14942	3.3462723E-4	-1.0	40.0	TRUE	G	1.8161688E-4	17.0	0.08588429	0.90263957	24.457607	0.17462839	0.062388156	564.0	0.0
SPIKE	S41:G>C	0	14942	0.0	-1.0	0.0	TRUE	G	1.6574825E-4	10.0	0.098196276	0.9107544	14.819813	0.27462852	0.08999768	564.0	0.0
SPIKE	S41:G>T	0	14942	0.0	-1.0	0.0	TRUE	G	1.8066494E-4	0.0	0.16417126	0.90312433	11.879429	0.2718753	0.07536014	564.0	1.0
SPIKE	S42:C>T	18	14942	0.0012046581	55.434788	40.0	TRUE	C	3.4528438E-4	30.0	0.06658849	0.8230483	24.457607	0.18424311	0.17660448	564.0	0.0
SPIKE	S42:C>A	0	14942	0.0	-1.0	0.0	TRUE	C	1.07160464E-4	0.0	0.179142	0.94135165	11.879429	0.16420248	0.09897023	564.0	1.0
SPIKE	S42:C>G	0	14942	0.0	-1.0	0.0	TRUE	C	3.9916617E-4	24.0	0.07608219	0.7984126	14.819813	0.2689787	0.14737362	564.0	0.0
SPIKE	S43:G>T	2	14942	1.3385089E-4	-1.0	40.0	TRUE	G	1.8066494E-4	1.0	0.16417126	0.90312433	11.879429	0.2718753	0.07536014	564.0	1.0
SPIKE	S43:G>A	14	14942	9.369562E-4	-1.0	40.0	TRUE	G	1.7093353E-4	16.0	0.08588429	0.90809476	24.457607	0.17462839	0.062388156	564.0	0.0
SPIKE	S43:G>C	0	14942	0.0	-1.0	0.0	TRUE	G	1.988979E-4	12.0	0.098196276	0.8938848	14.819813	0.27462852	0.08999768	564.0	0.0
SPIKE	S44:G>T	1	14942	6.6925444E-5	-1.0	40.0	TRUE	G	1.8066494E-4	0.0	0.16417126	0.90312433	11.879429	0.2718753	0.07536014	564.0	1.0
SPIKE	S44:G>A	7	14942	4.684781E-4	-1.0	40.0	TRUE	G	1.8161688E-4	17.0	0.08588429	0.90263957	24.457607	0.17462839	0.062388156	564.0	0.0
SPIKE	S44:G>C	0	14942	0.0	-1.0	0.0	TRUE	G	2.456358E-4	9.0	0.098196276	0.87062967	14.819813	0.27462852	0.08999768	564.0	1.0
SPIKE	S45:C>T	6	14942	4.0155268E-4	-1.0	40.0	TRUE	C	1.2660428E-4	11.0	0.06658849	0.93108493	24.457607	0.18424311	0.17660448	564.0	0.0
SPIKE	S45:C>A	0	14942	0.0	-1.0	0.0	TRUE	C	1.07160464E-4	1.0	0.179142	0.94135165	11.879429	0.16420248	0.09897023	564.0	1.0
SPIKE	S45:C>G	0	14942	0.0	-1.0	0.0	TRUE	C	3.3263848E-4	20.0	0.07608219	0.8289395	14.819813	0.2689787	0.14737362	564.0	0.0
SPIKE	S46:G>C	1	14942	6.6925444E-5	-1.0	40.0	TRUE	G	2.1547273E-4	13.0	0.098196276	0.8855675	14.819813	0.27462852	0.08999768	564.0	0.0
SPIKE	S46:G>T	1	14942	6.6925444E-5	-1.0	40.0	TRUE	G	1.8066494E-4	0.0	0.16417126	0.90312433	11.879429	0.2718753	0.07536014	564.0	1.0
SPIKE	S46:G>A	5	14942	3.3462723E-4	-1.0	40.0	TRUE	G	2.0298357E-4	19.0	0.08588429	0.89182734	24.457607	0.17462839	0.062388156	564.0	0.0
SPIKE	S47:A>G	17	14942	0.0011377325	-1.0	40.0	TRUE	A	1.6912963E-4	16.0	0.07567728	0.9090192	32.642258	0.17087749	0.061157644	564.0	0.0
SPIKE	S47:A>C	0	14942	0.0	-1.0	0.0	TRUE	A	1.3103268E-4	0.0	0.24188137	0.9287623	21.082216	0.12249967	0.19602911	564.0	1.0
SPIKE	S47:A>T	0	14942	0.0	-1.0	0.0	TRUE	A	1.5812126E-4	0.0	0.10953041	0.91468054	9.3829565	0.28277448	0.08347928	564.0	1.0
SPIKE	S48:A>G	16	14942	0.0010708071	-1.0	40.0	TRUE	A	1.2684723E-4	12.0	0.07567728	0.9309573	32.642258	0.17087749	0.061157644	564.0	0.0
SPIKE	S48:A>C	0	14942	0.0	-1.0	0.0	TRUE	A	1.3103268E-4	0.0	0.24188137	0.9287623	21.082216	0.12249967	0.19602911	564.0	1.0
SPIKE	S48:A>T	0	14942	0.0	-1.0	0.0	TRUE	A	1.6851966E-4	10.0	0.10953041	0.9093319	9.3829565	0.28277448	0.08347928	564.0	0.0
SPIKE	S49:T>C	27	14942	0.001806987	-1.0	40.0	TRUE	T	1.18081174E-4	10.0	0.07776386	0.93557143	32.642258	0.19131422	0.073856205	564.0	0.0
SPIKE	S49:T>A	3	14942	2.0077634E-4	-1.0	40.0	TRUE	T	1.8973042E-4	12.0	0.15090454	0.8985185	9.3829565	0.27823254	0.06925239	564.0	0.0
SPIKE	D49-50:T>	19	14942	0.0012715835	-1.0	39.997055	TRUE		NaN	NaN	NaN	NaN	NaN	NaN	NaN	NaN	NaN
SPIKE	S49:T>G	0	14942	0.0	-1.0	0.0	TRUE	T	3.1898706E-4	0.0	0.122617505	0.83534646	21.082216	0.25767756	0.10471402	564.0	1.0
SPIKE	S50:T>C	16	14942	0.0010708071	-1.0	40.0	TRUE	T	1.18081174E-4	10.0	0.07776386	0.93557143	32.642258	0.19131422	0.073856205	564.0	0.0
SPIKE	S50:T>A	3	14942	2.0077634E-4	-1.0	40.0	TRUE	T	1.4835269E-4	1.0	0.15090454	0.9197339	9.3829565	0.27823254	0.06925239	564.0	1.0
SPIKE	S50:T>G	0	14942	0.0	-1.0	0.0	TRUE	T	3.1898706E-4	1.0	0.122617505	0.83534646	21.082216	0.25767756	0.10471402	564.0	1.0
SPIKE	S51:T>C	16	14942	0.0010708071	49.41419	40.0	TRUE	T	3.8544362E-4	4.0	0.07776386	0.804616	32.642258	0.19131422	0.073856205	564.0	1.0
SPIKE	S51:T>A	1	14942	6.6925444E-5	-1.0	40.0	TRUE	T	1.4835269E-4	6.0	0.15090454	0.9197339	9.3829565	0.27823254	0.06925239	564.0	1.0
SPIKE	S51:T>G	0	14942	0.0	-1.0	0.0	TRUE	T	3.1898706E-4	1.0	0.122617505	0.83534646	21.082216	0.25767756	0.10471402	564.0	1.0
SPIKE	S52:A>G	20	14942	0.0013385089	-1.0	40.0	TRUE	A	1.2684723E-4	12.0	0.07567728	0.9309573	32.642258	0.17087749	0.061157644	564.0	0.0
SPIKE	S52:A>C	0	14942	0.0	-1.0	0.0	TRUE	A	2.4861272E-4	40.0	0.24188137	0.8691691	21.082216	0.12249967	0.19602911	564.0	0.0
SPIKE	S52:A>T	0	14942	0.0	-1.0	0.0	TRUE	A	1.5812126E-4	6.0	0.10953041	0.91468054	9.3829565	0.28277448	0.08347928	564.0	1.0
SPIKE	S53:C>T	7	14942	4.684781E-4	-1.0	40.0	TRUE	C	2.3018959E-4	20.0	0.06658849	0.87824744	24.457607	0.18424311	0.17660448	564.0	0.0
SPIKE	S53:C>A	2	14942	1.3385089E-4	-1.0	40.0	TRUE	C	1.07160464E-4	9.0	0.179142	0.94135165	11.879429	0.16420248	0.09897023	564.0	1.0
SPIKE	D53-54:C>	6	14942	4.0155268E-4	-1.0	39.99953	TRUE		NaN	NaN	NaN	NaN	NaN	NaN	NaN	NaN	NaN
SPIKE	S53:C>G	0	14942	0.0	-1.0	0.0	TRUE	C	2.46482E-4	0.0	0.07608219	0.8702142	14.819813	0.2689787	0.14737362	564.0	1.0
SPIKE	S54:C>T	12	14942	8.0310536E-4	-1.0	40.0	TRUE	C	1.8415168E-4	16.0	0.06658849	0.9013501	24.457607	0.18424311	0.17660448	564.0	0.0
SPIKE	S54:C>A	2	14942	1.3385089E-4	-1.0	40.0	TRUE	C	1.07160464E-4	3.0	0.179142	0.94135165	11.879429	0.16420248	0.09897023	564.0	1.0
SPIKE	S54:C>G	0	14942	0.0	-1.0	0.0	TRUE	C	2.46482E-4	0.0	0.07608219	0.8702142	14.819813	0.2689787	0.14737362	564.0	1.0
SPIKE	S55:A>T	4	14942	2.6770178E-4	-1.0	40.0	TRUE	A	1.5812126E-4	4.0	0.10953041	0.91468054	9.3829565	0.28277448	0.08347928	564.0	1.0
SPIKE	S55:A>C	2	14942	1.3385089E-4	3.9120662	40.0	TRUE	A	0.0012057717	194.0	0.24188137	0.506589	21.082216	0.12249967	0.19602911	564.0	0.0
SPIKE	S55:A>G	23	14942	0.0015392852	70.48629	40.0	TRUE	A	7.610834E-4	72.0	0.07567728	0.6509965	32.642258	0.17087749	0.061157644	564.0	0.0
SPIKE	D55-56:A>	1	14942	6.6925444E-5	-1.0	39.993507	TRUE		NaN	NaN	NaN	NaN	NaN	NaN	NaN	NaN	NaN
SPIKE	S56:C>T	9	14942	6.0232903E-4	-1.0	40.0	TRUE	C	1.7264219E-4	15.0	0.06658849	0.90722007	24.457607	0.18424311	0.17660448	564.0	0.0
SPIKE	D56-57:C>	1	14942	6.6925444E-5	-1.0	39.999664	TRUE		NaN	NaN	NaN	NaN	NaN	NaN	NaN	NaN	NaN
SPIKE	S56:C>A	0	14942	0.0	-1.0	0.0	TRUE	C	1.07160464E-4	7.0	0.179142	0.94135165	11.879429	0.16420248	0.09897023	564.0	1.0
SPIKE	S56:C>G	0	14942	0.0	-1.0	0.0	TRUE	C	2.46482E-4	0.0	0.07608219	0.8702142	14.819813	0.2689787	0.14737362	564.0	1.0
SPIKE	S57:C>T	5	14942	3.3462723E-4	-1.0	40.0	TRUE	C	2.814943E-4	5.0	0.06658849	0.8531987	24.457607	0.18424311	0.17660448	564.0	1.0
SPIKE	S57:C>A	0	14942	0.0	-1.0	0.0	TRUE	C	1.07160464E-4	3.0	0.179142	0.94135165	11.879429	0.16420248	0.09897023	564.0	1.0
SPIKE	S57:C>G	0	14942	0.0	-1.0	0.0	TRUE	C	2.46482E-4	0.0	0.07608219	0.8702142	14.819813	0.2689787	0.14737362	564.0	1.0
SPIKE	S58:A>T	1	14942	6.6925444E-5	-1.0	40.0	TRUE	A	1.5812126E-4	7.0	0.10953041	0.91468054	9.3829565	0.28277448	0.08347928	564.0	1.0
SPIKE	S58:A>G	15	14942	0.0010038817	46.403885	40.0	TRUE	A	3.594005E-4	34.0	0.07567728	0.81652164	32.642258	0.17087749	0.061157644	564.0	0.0
SPIKE	S58:A>C	0	14942	0.0	-1.0	0.0	TRUE	A	8.079913E-5	13.0	0.24188137	0.955452	21.082216	0.12249967	0.19602911	564.0	0.0
SPIKE	S59:T>C	16	14942	0.0010708071	49.41419	40.0	TRUE	T	3.5424353E-4	30.0	0.07776386	0.8189	32.642258	0.19131422	0.073856205	564.0	0.0
SPIKE	S59:T>A	1	14942	6.6925444E-5	-1.0	40.0	TRUE	T	1.7391954E-4	11.0	0.15090454	0.90656674	9.3829565	0.27823254	0.06925239	564.0	0.0
SPIKE	D59-60:T>	1	14942	6.6925444E-5	-1.0	39.999397	TRUE		NaN	NaN	NaN	NaN	NaN	NaN	NaN	NaN	NaN
SPIKE	S59:T>G	0	14942	0.0	-1.0	0.0	TRUE	T	3.1898706E-4	1.0	0.122617505	0.83534646	21.082216	0.25767756	0.10471402	564.0	1.0
SPIKE	S60:T>C	16	14942	0.0010708071	49.41419	40.0	TRUE	T	3.8544362E-4	7.0	0.07776386	0.804616	32.642258	0.19131422	0.073856205	564.0	1.0
SPIKE	S60:T>A	1	14942	6.6925444E-5	-1.0	40.0	TRUE	T	1.4835269E-4	4.0	0.15090454	0.9197339	9.3829565	0.27823254	0.06925239	564.0	1.0
SPIKE	S60:T>G	0	14942	0.0	-1.0	0.0	TRUE	T	3.1898706E-4	2.0	0.122617505	0.83534646	21.082216	0.25767756	0.10471402	564.0	1.0
SPIKE	S61:G>A	2	14942	1.3385089E-4	-1.0	40.0	TRUE	G	1.1751681E-4	11.0	0.08588429	0.9358693	24.457607	0.17462839	0.062388156	564.0	0.0
SPIKE	S61:G>C	0	14942	0.0	-1.0	0.0	TRUE	G	2.456358E-4	0.0	0.098196276	0.87062967	14.819813	0.27462852	0.08999768	564.0	1.0
SPIKE	S61:G>T	0	14942	0.0	-1.0	0.0	TRUE	G	1.6729037E-4	11.0	0.16417126	0.9099626	11.879429	0.2718753	0.07536014	564.0	0.0
SPIKE	S62:A>T	1	14942	6.6925444E-5	-1.0	40.0	TRUE	A	1.5812126E-4	2.0	0.10953041	0.91468054	9.3829565	0.28277448	0.08347928	564.0	1.0
SPIKE	S62:A>G	18	14942	0.0012046581	-1.0	40.0	TRUE	A	1.2684723E-4	12.0	0.07567728	0.9309573	32.642258	0.17087749	0.061157644	564.0	0.0
SPIKE	D62-63:A>	4	14942	2.6770178E-4	-1.0	39.999466	TRUE		NaN	NaN	NaN	NaN	NaN	NaN	NaN	NaN	NaN
SPIKE	I62:>A	1	14942	6.6925444E-5	-1.0	39.999466	TRUE		NaN	NaN	NaN	NaN	NaN	NaN	NaN	NaN	NaN
SPIKE	S62:A>C	0	14942	0.0	-1.0	0.0	TRUE	A	1.3103268E-4	0.0	0.24188137	0.9287623	21.082216	0.12249967	0.19602911	564.0	1.0
SPIKE	S63:A>T	1	14942	6.6925444E-5	-1.0	40.0	TRUE	A	1.5812126E-4	1.0	0.10953041	0.91468054	9.3829565	0.28277448	0.08347928	564.0	1.0
SPIKE	S63:A>G	31	14942	0.002074689	-1.0	40.0	TRUE	A	1.5855904E-4	15.0	0.07567728	0.91445476	32.642258	0.17087749	0.061157644	564.0	0.0
SPIKE	S63:A>C	0	14942	0.0	-1.0	0.0	TRUE	A	1.3103268E-4	0.0	0.24188137	0.9287623	21.082216	0.12249967	0.19602911	564.0	1.0
SPIKE	S64:A>G	10	14942	6.6925446E-4	-1.0	40.0	TRUE	A	2.3255326E-4	22.0	0.07567728	0.8770774	32.642258	0.17087749	0.061157644	564.0	0.0
SPIKE	S64:A>C	1	14942	6.6925444E-5	-1.0	40.0	TRUE	A	1.3103268E-4	1.0	0.24188137	0.9287623	21.082216	0.12249967	0.19602911	564.0	1.0
SPIKE	S64:A>T	0	14942	0.0	-1.0	0.0	TRUE	A	1.5812126E-4	0.0	0.10953041	0.91468054	9.3829565	0.28277448	0.08347928	564.0	1.0
SPIKE	S65:A>G	13	14942	8.700308E-4	40.383286	40.0	TRUE	A	5.1795953E-4	49.0	0.07567728	0.7466721	32.642258	0.17087749	0.061157644	564.0	0.0
SPIKE	S65:A>C	6	14942	4.0155268E-4	19.311188	40.0	TRUE	A	6.961156E-4	112.0	0.24188137	0.6752926	21.082216	0.12249967	0.19602911	564.0	0.0
SPIKE	S65:A>T	0	14942	0.0	-1.0	0.0	TRUE	A	1.5812126E-4	1.0	0.10953041	0.91468054	9.3829565	0.28277448	0.08347928	564.0	1.0
SPIKE	S66:C>T	3	14942	2.0077634E-4	-1.0	40.0	TRUE	C	1.15094794E-4	10.0	0.06658849	0.9371486	24.457607	0.18424311	0.17660448	564.0	0.0
SPIKE	D66-67:C>	6	14942	4.0155268E-4	-1.0	39.997726	TRUE		NaN	NaN	NaN	NaN	NaN	NaN	NaN	NaN	NaN
SPIKE	S66:C>A	0	14942	0.0	-1.0	0.0	TRUE	C	1.08248096E-4	12.0	0.179142	0.9407744	11.879429	0.16420248	0.09897023	564.0	0.0
SPIKE	S66:C>G	0	14942	0.0	-1.0	0.0	TRUE	C	2.46482E-4	0.0	0.07608219	0.8702142	14.819813	0.2689787	0.14737362	564.0	1.0
SPIKE	S67:C>A	1	14942	6.6925444E-5	-1.0	40.0	TRUE	C	9.922742E-5	11.0	0.179142	0.9455729	11.879429	0.16420248	0.09897023	564.0	0.0
SPIKE	S67:C>T	4	14942	2.6770178E-4	-1.0	40.0	TRUE	C	1.8415168E-4	16.0	0.06658849	0.9013501	24.457607	0.18424311	0.17660448	564.0	0.0
SPIKE	S67:C>G	0	14942	0.0	-1.0	0.0	TRUE	C	2.46482E-4	0.0	0.07608219	0.8702142	14.819813	0.2689787	0.14737362	564.0	1.0
SPIKE	S68:A>G	15	14942	0.0010038817	37.025364	40.0	TRUE	A	9.196424E-4	87.0	0.07567728	0.5953068	32.642258	0.17087749	0.061157644	564.0	0.0
SPIKE	S68:A>C	2	14942	1.3385089E-4	-1.0	39.0	TRUE	A	1.3103268E-4	6.0	0.24188137	0.9287623	21.082216	0.12249967	0.19602911	564.0	1.0
SPIKE	S68:A>T	1	14942	6.6925444E-5	-1.0	40.0	TRUE	A	1.5812126E-4	4.0	0.10953041	0.91468054	9.3829565	0.28277448	0.08347928	564.0	1.0
SPIKE	S69:G>A	8	14942	5.3540355E-4	-1.0	40.0	TRUE	G	1.8161688E-4	17.0	0.08588429	0.90263957	24.457607	0.17462839	0.062388156	564.0	0.0
SPIKE	S69:G>C	0	14942	0.0	-1.0	0.0	TRUE	G	1.8232307E-4	11.0	0.098196276	0.90228015	14.819813	0.27462852	0.08999768	564.0	0.0
SPIKE	S69:G>T	0	14942	0.0	-1.0	0.0	TRUE	G	1.8066494E-4	0.0	0.16417126	0.90312433	11.879429	0.2718753	0.07536014	564.0	1.0
SPIKE	S70:C>A	1	14942	6.6925444E-5	-1.0	40.0	TRUE	C	1.07160464E-4	0.0	0.179142	0.94135165	11.879429	0.16420248	0.09897023	564.0	1.0
SPIKE	S70:C>G	1	14942	6.6925444E-5	-1.0	40.0	TRUE	C	2.46482E-4	2.0	0.07608219	0.8702142	14.819813	0.2689787	0.14737362	564.0	1.0
SPIKE	S70:C>T	5	14942	3.3462723E-4	-1.0	40.0	TRUE	C	2.87737E-4	25.0	0.06658849	0.8502	24.457607	0.18424311	0.17660448	564.0	0.0
SPIKE	D70-71:C>	1	14942	6.6925444E-5	-1.0	39.99786	TRUE		NaN	NaN	NaN	NaN	NaN	NaN	NaN	NaN	NaN
SPIKE	S71:C>T	7	14942	4.684781E-4	-1.0	40.0	TRUE	C	2.4169908E-4	21.0	0.06658849	0.87256485	24.457607	0.18424311	0.17660448	564.0	0.0
SPIKE	S71:C>A	0	14942	0.0	-1.0	0.0	TRUE	C	1.07160464E-4	0.0	0.179142	0.94135165	11.879429	0.16420248	0.09897023	564.0	1.0
SPIKE	S71:C>G	0	14942	0.0	-1.0	0.0	TRUE	C	1.8295116E-4	11.0	0.07608219	0.9019606	14.819813	0.2689787	0.14737362	564.0	0.0
SPIKE	S72:G>A	5	14942	3.3462723E-4	-1.0	40.0	TRUE	G	2.77767E-4	26.0	0.08588429	0.8549942	24.457607	0.17462839	0.062388156	564.0	0.0
SPIKE	S72:G>T	1	14942	6.6925444E-5	-1.0	40.0	TRUE	G	1.5208217E-4	10.0	0.16417126	0.9178013	11.879429	0.2718753	0.07536014	564.0	0.0
SPIKE	S72:G>C	0	14942	0.0	-1.0	0.0	TRUE	G	2.456358E-4	2.0	0.098196276	0.87062967	14.819813	0.27462852	0.08999768	564.0	1.0
SPIKE	S73:T>A	1	14942	6.6925444E-5	-1.0	40.0	TRUE	T	1.4835269E-4	0.0	0.15090454	0.9197339	9.3829565	0.27823254	0.06925239	564.0	1.0
SPIKE	S73:T>G	1	14942	6.6925444E-5	-1.0	40.0	TRUE	T	2.8748182E-4	19.0	0.122617505	0.85032237	21.082216	0.25767756	0.10471402	564.0	0.0
SPIKE	S73:T>C	22	14942	0.0014723598	67.47598	40.0	TRUE	T	7.202951E-4	61.0	0.07776386	0.666146	32.642258	0.19131422	0.073856205	564.0	0.0
SPIKE	S74:G>A	9	14942	6.0232903E-4	-1.0	40.0	TRUE	G	2.6128907E-4	4.0	0.08588429	0.86297715	24.457607	0.17462839	0.062388156	564.0	1.0
SPIKE	S74:G>C	1	14942	6.6925444E-5	-1.0	40.0	TRUE	G	2.456358E-4	0.0	0.098196276	0.87062967	14.819813	0.27462852	0.08999768	564.0	1.0
SPIKE	S74:G>T	2	14942	1.3385089E-4	-1.0	40.0	TRUE	G	1.8066494E-4	2.0	0.16417126	0.90312433	11.879429	0.2718753	0.07536014	564.0	1.0
SPIKE	S75:G>A	2	14942	1.3385089E-4	-1.0	40.0	TRUE	G	1.6025019E-4	15.0	0.08588429	0.9135829	24.457607	0.17462839	0.062388156	564.0	0.0
SPIKE	S75:G>C	0	14942	0.0	-1.0	0.0	TRUE	G	2.456358E-4	0.0	0.098196276	0.87062967	14.819813	0.27462852	0.08999768	564.0	1.0
SPIKE	S75:G>T	0	14942	0.0	-1.0	0.0	TRUE	G	1.5208217E-4	10.0	0.16417126	0.9178013	11.879429	0.2718753	0.07536014	564.0	0.0
SPIKE	S76:T>A	3	14942	2.0077634E-4	-1.0	40.0	TRUE	T	1.4835269E-4	1.0	0.15090454	0.9197339	9.3829565	0.27823254	0.06925239	564.0	1.0
SPIKE	S76:T>G	3	14942	2.0077634E-4	-1.0	40.0	TRUE	T	2.5722058E-4	17.0	0.122617505	0.86495966	21.082216	0.25767756	0.10471402	564.0	0.0
SPIKE	S76:T>C	20	14942	0.0013385089	61.455387	40.0	TRUE	T	3.8966787E-4	33.0	0.07776386	0.80270123	32.642258	0.19131422	0.073856205	564.0	0.0
SPIKE	D76-77:T>	2	14942	1.3385089E-4	-1.0	39.997726	TRUE		NaN	NaN	NaN	NaN	NaN	NaN	NaN	NaN	NaN
SPIKE	S77:T>A	4	14942	2.6770178E-4	-1.0	40.0	TRUE	T	1.4835269E-4	0.0	0.15090454	0.9197339	9.3829565	0.27823254	0.06925239	564.0	1.0
SPIKE	S77:T>C	18	14942	0.0012046581	-1.0	40.0	TRUE	T	1.18081174E-4	10.0	0.07776386	0.93557143	32.642258	0.19131422	0.073856205	564.0	0.0
SPIKE	S77:T>G	0	14942	0.0	-1.0	0.0	TRUE	T	3.1898706E-4	0.0	0.122617505	0.83534646	21.082216	0.25767756	0.10471402	564.0	1.0
SPIKE	S78:T>A	2	14942	1.3385089E-4	-1.0	40.0	TRUE	T	1.4835269E-4	0.0	0.15090454	0.9197339	9.3829565	0.27823254	0.06925239	564.0	1.0
SPIKE	S78:T>G	1	14942	6.6925444E-5	-1.0	40.0	TRUE	T	1.8156748E-4	12.0	0.122617505	0.9026648	21.082216	0.25767756	0.10471402	564.0	0.0
SPIKE	S78:T>C	13	14942	8.700308E-4	40.383286	40.0	TRUE	T	3.8544362E-4	8.0	0.07776386	0.804616	32.642258	0.19131422	0.073856205	564.0	1.0
SPIKE	D79-88:GCGGCGATT>	1	14942	6.6925444E-5	-1.0	39.99505	TRUE		NaN	NaN	NaN	NaN	NaN	NaN	NaN	NaN	NaN
SPIKE	S79:G>A	8	14942	5.3540355E-4	-1.0	40.0	TRUE	G	1.1751681E-4	11.0	0.08588429	0.9358693	24.457607	0.17462839	0.062388156	564.0	0.0
SPIKE	S79:G>C	0	14942	0.0	-1.0	0.0	TRUE	G	1.8232307E-4	11.0	0.098196276	0.90228015	14.819813	0.27462852	0.08999768	564.0	0.0
SPIKE	S79:G>T	0	14942	0.0	-1.0	0.0	TRUE	G	1.8066494E-4	3.0	0.16417126	0.90312433	11.879429	0.2718753	0.07536014	564.0	1.0
SPIKE	S80:C>A	1	14942	6.6925444E-5	-1.0	40.0	TRUE	C	1.07160464E-4	1.0	0.179142	0.94135165	11.879429	0.16420248	0.09897023	564.0	1.0
SPIKE	S80:C>T	9	14942	6.0232903E-4	28.342087	40.0	TRUE	C	3.2226543E-4	28.0	0.06658849	0.83380336	24.457607	0.18424311	0.17660448	564.0	0.0
SPIKE	D80-81:C>	1	14942	6.6925444E-5	-1.0	39.992237	TRUE		NaN	NaN	NaN	NaN	NaN	NaN	NaN	NaN	NaN
SPIKE	S80:C>G	0	14942	0.0	-1.0	0.0	TRUE	C	2.3284693E-4	14.0	0.07608219	0.87693214	14.819813	0.2689787	0.14737362	564.0	0.0
SPIKE	S81:G>A	11	14942	7.361799E-4	-1.0	40.0	TRUE	G	1.4956684E-4	14.0	0.08588429	0.9191043	24.457607	0.17462839	0.062388156	564.0	0.0
SPIKE	S81:G>T	1	14942	6.6925444E-5	-1.0	40.0	TRUE	G	1.8066494E-4	1.0	0.16417126	0.90312433	11.879429	0.2718753	0.07536014	564.0	1.0
SPIKE	S81:G>C	1	14942	6.6925444E-5	-1.0	40.0	TRUE	G	2.456358E-4	2.0	0.098196276	0.87062967	14.819813	0.27462852	0.08999768	564.0	1.0
SPIKE	S82:G>A	6	14942	4.0155268E-4	-1.0	40.0	TRUE	G	2.6708367E-4	25.0	0.08588429	0.8601614	24.457607	0.17462839	0.062388156	564.0	0.0
SPIKE	S82:G>C	1	14942	6.6925444E-5	-1.0	40.0	TRUE	G	2.3204755E-4	14.0	0.098196276	0.8773276	14.819813	0.27462852	0.08999768	564.0	0.0
SPIKE	S82:G>T	0	14942	0.0	-1.0	0.0	TRUE	G	1.8066494E-4	1.0	0.16417126	0.90312433	11.879429	0.2718753	0.07536014	564.0	1.0
SPIKE	S83:C>T	4	14942	2.6770178E-4	-1.0	40.0	TRUE	C	1.2660428E-4	11.0	0.06658849	0.93108493	24.457607	0.18424311	0.17660448	564.0	0.0
SPIKE	S83:C>A	0	14942	0.0	-1.0	0.0	TRUE	C	1.07160464E-4	0.0	0.179142	0.94135165	11.879429	0.16420248	0.09897023	564.0	1.0
SPIKE	S83:C>G	0	14942	0.0	-1.0	0.0	TRUE	C	2.661108E-4	16.0	0.07608219	0.86063355	14.819813	0.2689787	0.14737362	564.0	0.0
SPIKE	S84:G>A	7	14942	4.684781E-4	22.321487	40.0	TRUE	G	3.0981703E-4	29.0	0.08588429	0.839678	24.457607	0.17462839	0.062388156	564.0	0.0
SPIKE	S84:G>T	2	14942	1.3385089E-4	-1.0	40.0	TRUE	G	1.8066494E-4	0.0	0.16417126	0.90312433	11.879429	0.2718753	0.07536014	564.0	1.0
SPIKE	S84:G>C	1	14942	6.6925444E-5	-1.0	40.0	TRUE	G	2.456358E-4	2.0	0.098196276	0.87062967	14.819813	0.27462852	0.08999768	564.0	1.0
SPIKE	S85:A>G	17	14942	0.0011377325	-1.0	40.0	TRUE	A	1.3741782E-4	13.0	0.07567728	0.9254236	32.642258	0.17087749	0.061157644	564.0	0.0
SPIKE	S85:A>T	1	14942	6.6925444E-5	-1.0	40.0	TRUE	A	2.3592752E-4	14.0	0.10953041	0.87540984	9.3829565	0.28277448	0.08347928	564.0	0.0
SPIKE	S85:A>C	2	14942	1.3385089E-4	-1.0	40.0	TRUE	A	1.3103268E-4	5.0	0.24188137	0.9287623	21.082216	0.12249967	0.19602911	564.0	1.0
SPIKE	S86:T>C	23	14942	0.0015392852	-1.0	40.0	TRUE	T	2.2435423E-4	19.0	0.07776386	0.8811426	32.642258	0.19131422	0.073856205	564.0	0.0
SPIKE	D86-87:T>	3	14942	2.0077634E-4	-1.0	39.99505	TRUE		NaN	NaN	NaN	NaN	NaN	NaN	NaN	NaN	NaN
SPIKE	S86:T>A	0	14942	0.0	-1.0	0.0	TRUE	T	1.4835269E-4	3.0	0.15090454	0.9197339	9.3829565	0.27823254	0.06925239	564.0	1.0
SPIKE	S86:T>G	0	14942	0.0	-1.0	0.0	TRUE	T	1.6643685E-4	11.0	0.122617505	0.91040075	21.082216	0.25767756	0.10471402	564.0	0.0
SPIKE	S87:T>A	3	14942	2.0077634E-4	-1.0	40.0	TRUE	T	1.4835269E-4	3.0	0.15090454	0.9197339	9.3829565	0.27823254	0.06925239	564.0	1.0
SPIKE	S87:T>C	9	14942	6.0232903E-4	28.342087	40.0	TRUE	T	3.8544362E-4	9.0	0.07776386	0.804616	32.642258	0.19131422	0.073856205	564.0	1.0
SPIKE	S87:T>G	0	14942	0.0	-1.0	0.0	TRUE	T	3.1898706E-4	1.0	0.122617505	0.83534646	21.082216	0.25767756	0.10471402	564.0	1.0
SPIKE	S88:T>C	10	14942	6.6925446E-4	-1.0	40.0	TRUE	T	1.5350552E-4	13.0	0.07776386	0.91706485	32.642258	0.19131422	0.073856205	564.0	0.0
SPIKE	S88:T>A	0	14942	0.0	-1.0	0.0	TRUE	T	2.3716303E-4	15.0	0.15090454	0.8748	9.3829565	0.27823254	0.06925239	564.0	0.0
SPIKE	S88:T>G	0	14942	0.0	-1.0	0.0	TRUE	T	3.1898706E-4	0.0	0.122617505	0.83534646	21.082216	0.25767756	0.10471402	564.0	1.0
SPIKE	S89:A>G	12	14942	8.0310536E-4	37.372986	40.0	TRUE	A	3.4504835E-4	5.0	0.07567728	0.8231579	32.642258	0.17087749	0.061157644	564.0	1.0
SPIKE	S89:A>T	1	14942	6.6925444E-5	4.2596874	40.0	TRUE	A	4.0444717E-4	24.0	0.10953041	0.7960381	9.3829565	0.28277448	0.08347928	564.0	0.0
SPIKE	S89:A>C	1	14942	6.6925444E-5	-1.0	40.0	TRUE	A	1.3103268E-4	0.0	0.24188137	0.9287623	21.082216	0.12249967	0.19602911	564.0	1.0
SPIKE	S90:T>A	1	14942	6.6925444E-5	-1.0	40.0	TRUE	T	1.4835269E-4	2.0	0.15090454	0.9197339	9.3829565	0.27823254	0.06925239	564.0	1.0
SPIKE	S90:T>C	24	14942	0.0016062107	73.49659	40.0	TRUE	T	3.6605162E-4	31.0	0.07776386	0.8134644	32.642258	0.19131422	0.073856205	564.0	0.0
SPIKE	S90:T>G	0	14942	0.0	-1.0	0.0	TRUE	T	3.1898706E-4	2.0	0.122617505	0.83534646	21.082216	0.25767756	0.10471402	564.0	1.0
SPIKE	S91:C>A	2	14942	1.3385089E-4	-1.0	40.0	TRUE	C	1.07160464E-4	0.0	0.179142	0.94135165	11.879429	0.16420248	0.09897023	564.0	1.0
SPIKE	S91:C>T	13	14942	8.700308E-4	-1.0	40.0	TRUE	C	2.814943E-4	9.0	0.06658849	0.8531987	24.457607	0.18424311	0.17660448	564.0	1.0
SPIKE	S91:C>G	0	14942	0.0	-1.0	0.0	TRUE	C	2.661108E-4	16.0	0.07608219	0.86063355	14.819813	0.2689787	0.14737362	564.0	0.0
SPIKE	S92:G>A	10	14942	6.6925446E-4	-1.0	40.0	TRUE	G	2.1366692E-4	20.0	0.08588429	0.88646984	24.457607	0.17462839	0.062388156	564.0	0.0
SPIKE	S92:G>C	1	14942	6.6925444E-5	-1.0	40.0	TRUE	G	2.456358E-4	2.0	0.098196276	0.87062967	14.819813	0.27462852	0.08999768	564.0	1.0
SPIKE	S92:G>T	0	14942	0.0	-1.0	0.0	TRUE	G	2.2812324E-4	15.0	0.16417126	0.87927157	11.879429	0.2718753	0.07536014	564.0	0.0
SPIKE	S93:T>G	1	14942	6.6925444E-5	4.2596874	40.0	TRUE	T	3.1898706E-4	3.0	0.122617505	0.83534646	21.082216	0.25767756	0.10471402	564.0	1.0
SPIKE	S93:T>C	30	14942	0.0020077634	91.55839	40.0	TRUE	T	4.250922E-4	36.0	0.07776386	0.786823	32.642258	0.19131422	0.073856205	564.0	0.0
SPIKE	S93:T>A	0	14942	0.0	-1.0	0.0	TRUE	T	1.4835269E-4	2.0	0.15090454	0.9197339	9.3829565	0.27823254	0.06925239	564.0	1.0
SPIKE	S94:C>A	1	14942	6.6925444E-5	-1.0	40.0	TRUE	C	1.07160464E-4	0.0	0.179142	0.94135165	11.879429	0.16420248	0.09897023	564.0	1.0
SPIKE	S94:C>T	9	14942	6.0232903E-4	-1.0	40.0	TRUE	C	1.2660428E-4	11.0	0.06658849	0.93108493	24.457607	0.18424311	0.17660448	564.0	0.0
SPIKE	S94:C>G	0	14942	0.0	-1.0	0.0	TRUE	C	2.9937463E-4	18.0	0.07608219	0.8446379	14.819813	0.2689787	0.14737362	564.0	0.0
SPIKE	S95:G>A	10	14942	6.6925446E-4	-1.0	40.0	TRUE	G	2.5640032E-4	24.0	0.08588429	0.8653599	24.457607	0.17462839	0.062388156	564.0	0.0
SPIKE	S95:G>C	0	14942	0.0	-1.0	0.0	TRUE	G	2.456358E-4	3.0	0.098196276	0.87062967	14.819813	0.27462852	0.08999768	564.0	1.0
SPIKE	S95:G>T	0	14942	0.0	-1.0	0.0	TRUE	G	2.2812324E-4	15.0	0.16417126	0.87927157	11.879429	0.2718753	0.07536014	564.0	0.0
SPIKE	S96:T>C	14	14942	9.369562E-4	43.393585	40.0	TRUE	T	5.313653E-4	45.0	0.07776386	0.7410479	32.642258	0.19131422	0.073856205	564.0	0.0
SPIKE	S96:T>A	4	14942	2.6770178E-4	-1.0	40.0	TRUE	T	1.4835269E-4	1.0	0.15090454	0.9197339	9.3829565	0.27823254	0.06925239	564.0	1.0
SPIKE	S96:T>G	0	14942	0.0	-1.0	0.0	TRUE	T	3.1898706E-4	2.0	0.122617505	0.83534646	21.082216	0.25767756	0.10471402	564.0	1.0
SPIKE	S97:C>T	7	14942	4.684781E-4	-1.0	40.0	TRUE	C	1.8415168E-4	16.0	0.06658849	0.9013501	24.457607	0.18424311	0.17660448	564.0	0.0
SPIKE	S97:C>A	0	14942	0.0	-1.0	0.0	TRUE	C	1.804135E-4	20.0	0.179142	0.9032524	11.879429	0.16420248	0.09897023	564.0	0.0
SPIKE	S97:C>G	0	14942	0.0	-1.0	0.0	TRUE	C	2.46482E-4	0.0	0.07608219	0.8702142	14.819813	0.2689787	0.14737362	564.0	1.0
SPIKE	S98:A>T	1	14942	6.6925444E-5	-1.0	40.0	TRUE	A	2.527795E-4	15.0	0.10953041	0.8671289	9.3829565	0.28277448	0.08347928	564.0	0.0
SPIKE	S98:A>G	13	14942	8.700308E-4	-1.0	40.0	TRUE	A	1.0570602E-4	10.0	0.07567728	0.9421242	32.642258	0.17087749	0.061157644	564.0	0.0
SPIKE	D98-101:ATC>	1	14942	6.6925444E-5	-1.0	39.99498	TRUE		NaN	NaN	NaN	NaN	NaN	NaN	NaN	NaN	NaN
SPIKE	S98:A>C	0	14942	0.0	-1.0	0.0	TRUE	A	1.3103268E-4	3.0	0.24188137	0.9287623	21.082216	0.12249967	0.19602911	564.0	1.0
SPIKE	S99:T>C	20	14942	0.0013385089	-1.0	40.0	TRUE	T	2.4797046E-4	21.0	0.07776386	0.869484	32.642258	0.19131422	0.073856205	564.0	0.0
SPIKE	S99:T>A	1	14942	6.6925444E-5	-1.0	40.0	TRUE	T	1.4835269E-4	2.0	0.15090454	0.9197339	9.3829565	0.27823254	0.06925239	564.0	1.0
SPIKE	S99:T>G	1	14942	6.6925444E-5	4.2596874	40.0	TRUE	T	3.1898706E-4	0.0	0.122617505	0.83534646	21.082216	0.25767756	0.10471402	564.0	1.0
SPIKE	S100:C>T	11	14942	7.361799E-4	34.362686	40.0	TRUE	C	3.1075595E-4	27.0	0.06658849	0.83923346	24.457607	0.18424311	0.17660448	564.0	0.0
SPIKE	S100:C>G	1	14942	6.6925444E-5	4.2596874	40.0	TRUE	C	3.6590232E-4	22.0	0.07608219	0.8135329	14.819813	0.2689787	0.14737362	564.0	0.0
SPIKE	S100:C>A	0	14942	0.0	-1.0	0.0	TRUE	C	1.07160464E-4	2.0	0.179142	0.94135165	11.879429	0.16420248	0.09897023	564.0	1.0
SPIKE	S101:G>T	1	14942	6.6925444E-5	-1.0	40.0	TRUE	G	2.2812324E-4	15.0	0.16417126	0.87927157	11.879429	0.2718753	0.07536014	564.0	0.0
SPIKE	S101:G>A	7	14942	4.684781E-4	-1.0	40.0	TRUE	G	2.77767E-4	26.0	0.08588429	0.8549942	24.457607	0.17462839	0.062388156	564.0	0.0
SPIKE	S101:G>C	0	14942	0.0	-1.0	0.0	TRUE	G	2.456358E-4	4.0	0.098196276	0.87062967	14.819813	0.27462852	0.08999768	564.0	1.0
SPIKE	S102:T>C	13	14942	8.700308E-4	40.383286	40.0	TRUE	T	3.6605162E-4	31.0	0.07776386	0.8134644	32.642258	0.19131422	0.073856205	564.0	0.0
SPIKE	S102:T>A	3	14942	2.0077634E-4	-1.0	40.0	TRUE	T	1.4835269E-4	2.0	0.15090454	0.9197339	9.3829565	0.27823254	0.06925239	564.0	1.0
SPIKE	S102:T>G	3	14942	2.0077634E-4	10.280287	40.0	TRUE	T	3.0261246E-4	20.0	0.122617505	0.84309685	21.082216	0.25767756	0.10471402	564.0	0.0
SPIKE	S103:G>A	5	14942	3.3462723E-4	-1.0	40.0	TRUE	G	2.6128907E-4	8.0	0.08588429	0.86297715	24.457607	0.17462839	0.062388156	564.0	1.0
SPIKE	D103-104:G>	2	14942	1.3385089E-4	-1.0	39.997726	TRUE		NaN	NaN	NaN	NaN	NaN	NaN	NaN	NaN	NaN
SPIKE	S103:G>C	0	14942	0.0	-1.0	0.0	TRUE	G	2.456358E-4	0.0	0.098196276	0.87062967	14.819813	0.27462852	0.08999768	564.0	1.0
SPIKE	S103:G>T	0	14942	0.0	-1.0	0.0	TRUE	G	1.8066494E-4	2.0	0.16417126	0.90312433	11.879429	0.2718753	0.07536014	564.0	1.0
SPIKE	S104:G>C	1	14942	6.6925444E-5	4.2596874	40.0	TRUE	G	2.9834686E-4	18.0	0.098196276	0.84512764	14.819813	0.27462852	0.08999768	564.0	0.0
SPIKE	S104:G>T	1	14942	6.6925444E-5	-1.0	40.0	TRUE	G	1.8066494E-4	0.0	0.16417126	0.90312433	11.879429	0.2718753	0.07536014	564.0	1.0
SPIKE	S104:G>A	3	14942	2.0077634E-4	-1.0	40.0	TRUE	G	2.3503361E-4	22.0	0.08588429	0.8758513	24.457607	0.17462839	0.062388156	564.0	0.0
SPIKE	S105:C>T	11	14942	7.361799E-4	-1.0	40.0	TRUE	C	2.87737E-4	25.0	0.06658849	0.8502	24.457607	0.18424311	0.17660448	564.0	0.0
SPIKE	S105:C>A	1	14942	6.6925444E-5	-1.0	40.0	TRUE	C	1.07160464E-4	2.0	0.179142	0.94135165	11.879429	0.16420248	0.09897023	564.0	1.0
SPIKE	S105:C>G	1	14942	6.6925444E-5	4.2596874	40.0	TRUE	C	3.4927038E-4	21.0	0.07608219	0.8212001	14.819813	0.2689787	0.14737362	564.0	0.0
SPIKE	S106:G>T	1	14942	6.6925444E-5	-1.0	40.0	TRUE	G	1.8066494E-4	4.0	0.16417126	0.90312433	11.879429	0.2718753	0.07536014	564.0	1.0
SPIKE	S106:G>A	10	14942	6.6925446E-4	31.352386	40.0	TRUE	G	3.2050037E-4	30.0	0.08588429	0.83463377	24.457607	0.17462839	0.062388156	564.0	0.0
SPIKE	S106:G>C	0	14942	0.0	-1.0	0.0	TRUE	G	2.456358E-4	3.0	0.098196276	0.87062967	14.819813	0.27462852	0.08999768	564.0	1.0
SPIKE	S107:G>C	1	14942	6.6925444E-5	-1.0	40.0	TRUE	G	2.8177202E-4	17.0	0.098196276	0.8530651	14.819813	0.27462852	0.08999768	564.0	0.0
SPIKE	S107:G>A	7	14942	4.684781E-4	-1.0	40.0	TRUE	G	2.5640032E-4	24.0	0.08588429	0.8653599	24.457607	0.17462839	0.062388156	564.0	0.0
SPIKE	S107:G>T	0	14942	0.0	-1.0	0.0	TRUE	G	1.8066494E-4	1.0	0.16417126	0.90312433	11.879429	0.2718753	0.07536014	564.0	1.0
SPIKE	S108:C>T	5	14942	3.3462723E-4	-1.0	40.0	TRUE	C	2.1868011E-4	19.0	0.06658849	0.883967	24.457607	0.18424311	0.17660448	564.0	0.0
SPIKE	S108:C>A	0	14942	0.0	-1.0	0.0	TRUE	C	1.6237215E-4	18.0	0.179142	0.91249025	11.879429	0.16420248	0.09897023	564.0	0.0
SPIKE	S108:C>G	0	14942	0.0	-1.0	0.0	TRUE	C	2.46482E-4	3.0	0.07608219	0.8702142	14.819813	0.2689787	0.14737362	564.0	1.0
SPIKE	S109:A>T	2	14942	1.3385089E-4	-1.0	40.0	TRUE	A	1.5812126E-4	0.0	0.10953041	0.91468054	9.3829565	0.28277448	0.08347928	564.0	1.0
SPIKE	S109:A>G	18	14942	0.0012046581	55.434788	40.0	TRUE	A	4.122535E-4	39.0	0.07567728	0.792541	32.642258	0.17087749	0.061157644	564.0	0.0
SPIKE	S109:A>C	0	14942	0.0	-1.0	0.0	TRUE	A	1.3103268E-4	3.0	0.24188137	0.9287623	21.082216	0.12249967	0.19602911	564.0	1.0
SPIKE	S110:G>A	5	14942	3.3462723E-4	-1.0	40.0	TRUE	G	1.4956684E-4	14.0	0.08588429	0.9191043	24.457607	0.17462839	0.062388156	564.0	0.0
SPIKE	S110:G>C	0	14942	0.0	-1.0	0.0	TRUE	G	2.651972E-4	16.0	0.098196276	0.86107713	14.819813	0.27462852	0.08999768	564.0	0.0
SPIKE	S110:G>T	0	14942	0.0	-1.0	0.0	TRUE	G	1.8066494E-4	6.0	0.16417126	0.90312433	11.879429	0.2718753	0.07536014	564.0	1.0
SPIKE	S111:C>T	6	14942	4.0155268E-4	-1.0	40.0	TRUE	C	2.762275E-4	24.0	0.06658849	0.8557369	24.457607	0.18424311	0.17660448	564.0	0.0
SPIKE	S111:C>A	0	14942	0.0	-1.0	0.0	TRUE	C	9.020675E-5	10.0	0.179142	0.95039594	11.879429	0.16420248	0.09897023	564.0	0.0
SPIKE	S111:C>G	0	14942	0.0	-1.0	0.0	TRUE	C	4.3243E-4	26.0	0.07608219	0.7835734	14.819813	0.2689787	0.14737362	564.0	0.0
SPIKE	S112:G>C	2	14941	1.3385985E-4	-1.0	40.0	TRUE	G	2.456358E-4	3.0	0.098196276	0.87062967	14.818821	0.27462852	0.08999768	564.0	1.0
SPIKE	S112:G>A	9	14941	6.023693E-4	-1.0	40.0	TRUE	G	1.4957685E-4	14.0	0.08588429	0.9190991	24.455969	0.17462839	0.062388156	564.0	0.0
SPIKE	S112:G>T	0	14941	0.0	-1.0	0.0	TRUE	G	1.9772004E-4	13.0	0.16417126	0.8944788	11.878634	0.2718753	0.07536014	564.0	0.0
SPIKE	S113:T>C	20	14940	0.0013386881	61.455387	40.0	TRUE	T	4.1333944E-4	35.0	0.07776386	0.7920558	32.63789	0.19131422	0.073856205	564.0	0.0
SPIKE	S113:T>A	6	14940	4.0160643E-4	-1.0	40.0	TRUE	T	1.4835269E-4	7.0	0.15090454	0.9197339	9.3817005	0.27823254	0.06925239	564.0	1.0
SPIKE	S113:T>G	0	14940	0.0	-1.0	0.0	TRUE	T	5.901733E-4	39.0	0.122617505	0.71687216	21.079393	0.25767756	0.10471402	564.0	0.0
SPIKE	S114:G>A	6	14940	4.0160643E-4	-1.0	40.0	TRUE	G	2.7780418E-4	26.0	0.08588429	0.8549763	24.454332	0.17462839	0.062388156	564.0	0.0
SPIKE	S114:G>C	0	14940	0.0	-1.0	0.0	TRUE	G	2.456358E-4	7.0	0.098196276	0.87062967	14.817829	0.27462852	0.08999768	564.0	1.0
SPIKE	S114:G>T	0	14940	0.0	-1.0	0.0	TRUE	G	1.8066494E-4	2.0	0.16417126	0.90312433	11.877839	0.2718753	0.07536014	564.0	1.0
SPIKE	S115:A>T	3	14940	2.0080322E-4	-1.0	40.0	TRUE	A	1.5812126E-4	8.0	0.10953041	0.91468054	9.3817005	0.28277448	0.08347928	564.0	1.0
SPIKE	S115:A>C	1	14940	6.69344E-5	-1.0	40.0	TRUE	A	1.4297145E-4	23.0	0.24188137	0.9225295	21.079393	0.12249967	0.19602911	564.0	0.0
SPIKE	S115:A>G	25	14940	0.0016733601	76.50689	40.0	TRUE	A	4.757408E-4	45.0	0.07567728	0.7646647	32.63789	0.17087749	0.061157644	564.0	0.0
SPIKE	S116:C>T	7	14940	4.6854082E-4	-1.0	40.0	TRUE	C	2.814943E-4	4.0	0.06658849	0.8531987	24.454332	0.18424311	0.17660448	564.0	1.0
SPIKE	S116:C>G	1	14940	6.69344E-5	-1.0	40.0	TRUE	C	2.46482E-4	0.0	0.07608219	0.8702142	14.817829	0.2689787	0.14737362	564.0	1.0
SPIKE	D116-117:C>	1	14940	6.69344E-5	-1.0	39.999397	TRUE		NaN	NaN	NaN	NaN	NaN	NaN	NaN	NaN	NaN
SPIKE	S116:C>A	0	14940	0.0	-1.0	0.0	TRUE	C	1.0826259E-4	12.0	0.179142	0.9407667	11.877839	0.16420248	0.09897023	564.0	0.0
SPIKE	S117:C>T	6	14940	4.0160643E-4	19.311188	40.0	TRUE	C	4.1439672E-4	36.0	0.06658849	0.7915836	24.454332	0.18424311	0.17660448	564.0	0.0
SPIKE	S117:C>A	1	14940	6.69344E-5	-1.0	40.0	TRUE	C	1.0826259E-4	12.0	0.179142	0.9407667	11.877839	0.16420248	0.09897023	564.0	0.0
SPIKE	S117:C>G	0	14940	0.0	-1.0	0.0	TRUE	C	2.46482E-4	0.0	0.07608219	0.8702142	14.817829	0.2689787	0.14737362	564.0	1.0
SPIKE	S118:T>C	14	14939	9.371444E-4	43.393585	40.0	TRUE	T	3.6612514E-4	31.0	0.07776386	0.81343067	32.635704	0.19131422	0.073856205	564.0	0.0
SPIKE	S118:T>G	1	14939	6.693888E-5	-1.0	40.0	TRUE	T	1.5133662E-4	10.0	0.122617505	0.9181873	21.077984	0.25767756	0.10471402	564.0	0.0
SPIKE	S118:T>A	2	14939	1.3387777E-4	7.269987	40.0	TRUE	T	4.7442128E-4	30.0	0.15090454	0.765234	9.381072	0.27823254	0.06925239	564.0	0.0
SPIKE	D118-119:T>	2	14939	1.3387777E-4	-1.0	39.99411	TRUE		NaN	NaN	NaN	NaN	NaN	NaN	NaN	NaN	NaN
SPIKE	S119:A>T	3	14939	2.0081665E-4	10.280287	40.0	TRUE	A	4.7194978E-4	28.0	0.10953041	0.76630145	9.381072	0.28277448	0.08347928	564.0	0.0
SPIKE	S119:A>G	8	14939	5.3551106E-4	-1.0	40.0	TRUE	A	1.691636E-4	16.0	0.07567728	0.90900177	32.635704	0.17087749	0.061157644	564.0	0.0
SPIKE	S119:A>C	0	14939	0.0	-1.0	0.0	TRUE	A	1.3103268E-4	8.0	0.24188137	0.9287623	21.077984	0.12249967	0.19602911	564.0	1.0
SPIKE	S120:T>C	15	14939	0.0010040833	-1.0	40.0	TRUE	T	2.2439928E-4	19.0	0.07776386	0.8811202	32.635704	0.19131422	0.073856205	564.0	0.0
SPIKE	S120:T>G	1	14939	6.693888E-5	4.2596874	40.0	TRUE	T	3.934752E-4	26.0	0.122617505	0.80097944	21.077984	0.25767756	0.10471402	564.0	0.0
SPIKE	S120:T>A	2	14939	1.3387777E-4	-1.0	40.0	TRUE	T	1.8976851E-4	12.0	0.15090454	0.8984992	9.381072	0.27823254	0.06925239	564.0	0.0
SPIKE	S121:G>A	5	14939	3.3469443E-4	-1.0	40.0	TRUE	G	1.4959688E-4	14.0	0.08588429	0.9190887	24.452696	0.17462839	0.062388156	564.0	0.0
SPIKE	S121:G>C	0	14939	0.0	-1.0	0.0	TRUE	G	2.456358E-4	0.0	0.098196276	0.87062967	14.816837	0.27462852	0.08999768	564.0	1.0
SPIKE	S121:G>T	0	14939	0.0	-1.0	0.0	TRUE	G	4.8676066E-4	32.0	0.16417126	0.7599269	11.877044	0.2718753	0.07536014	564.0	0.0
SPIKE	S122:T>C	14	14939	9.371444E-4	43.393585	40.0	TRUE	T	6.495769E-4	55.0	0.07776386	0.69325227	32.635704	0.19131422	0.073856205	564.0	0.0
SPIKE	S122:T>G	1	14939	6.693888E-5	4.2596874	40.0	TRUE	T	4.3887616E-4	29.0	0.122617505	0.7807298	21.077984	0.25767756	0.10471402	564.0	0.0
SPIKE	S122:T>A	6	14939	4.016333E-4	-1.0	40.0	TRUE	T	2.530247E-4	16.0	0.15090454	0.867009	9.381072	0.27823254	0.06925239	564.0	0.0
SPIKE	S123:G>A	4	14939	2.6775553E-4	-1.0	40.0	TRUE	G	1.282259E-4	12.0	0.08588429	0.9302337	24.452696	0.17462839	0.062388156	564.0	0.0
SPIKE	S123:G>C	0	14939	0.0	-1.0	0.0	TRUE	G	2.456358E-4	6.0	0.098196276	0.87062967	14.816837	0.27462852	0.08999768	564.0	1.0
SPIKE	S123:G>T	0	14939	0.0	-1.0	0.0	TRUE	G	3.650705E-4	24.0	0.16417126	0.81391466	11.877044	0.2718753	0.07536014	564.0	0.0
SPIKE	D124-126:TG>	5	14939	3.3469443E-4	-1.0	39.9834	TRUE		NaN	NaN	NaN	NaN	NaN	NaN	NaN	NaN	NaN
SPIKE	S124:T>C	23	14939	0.0015395944	70.48629	40.0	TRUE	T	4.251776E-4	36.0	0.07776386	0.78678507	32.635704	0.19131422	0.073856205	564.0	0.0
SPIKE	S124:T>G	1	14939	6.693888E-5	4.2596874	40.0	TRUE	T	4.8427715E-4	32.0	0.122617505	0.7609921	21.077984	0.25767756	0.10471402	564.0	0.0
SPIKE	S124:T>A	2	14939	1.3387777E-4	-1.0	40.0	TRUE	T	1.4835269E-4	0.0	0.15090454	0.9197339	9.381072	0.27823254	0.06925239	564.0	1.0
SPIKE	S125:G>T	1	14939	6.693888E-5	-1.0	40.0	TRUE	G	1.8066494E-4	3.0	0.16417126	0.90312433	11.877044	0.2718753	0.07536014	564.0	1.0
SPIKE	S125:G>A	5	14939	3.3469443E-4	-1.0	40.0	TRUE	G	1.7096786E-4	16.0	0.08588429	0.9080772	24.452696	0.17462839	0.062388156	564.0	0.0
SPIKE	S125:G>C	0	14939	0.0	-1.0	0.0	TRUE	G	2.486723E-4	15.0	0.098196276	0.8691399	14.816837	0.27462852	0.08999768	564.0	0.0
SPIKE	S126:C>T	12	14939	8.032666E-4	37.372986	40.0	TRUE	C	3.9140088E-4	34.0	0.06658849	0.8019171	24.452696	0.18424311	0.17660448	564.0	0.0
SPIKE	S126:C>G	2	14939	1.3387777E-4	7.269987	40.0	TRUE	C	4.8242265E-4	29.0	0.07608219	0.7617885	14.816837	0.2689787	0.14737362	564.0	0.0
SPIKE	D126-128:CG>	1	14939	6.693888E-5	-1.0	39.99672	TRUE		NaN	NaN	NaN	NaN	NaN	NaN	NaN	NaN	NaN
SPIKE	S126:C>A	0	14939	0.0	-1.0	0.0	TRUE	C	1.1729232E-4	13.0	0.179142	0.9359878	11.877044	0.16420248	0.09897023	564.0	0.0
SPIKE	S127:G>A	10	14939	6.6938886E-4	-1.0	40.0	TRUE	G	1.7096786E-4	16.0	0.08588429	0.9080772	24.452696	0.17462839	0.062388156	564.0	0.0
SPIKE	S127:G>C	0	14939	0.0	-1.0	0.0	TRUE	G	2.456358E-4	9.0	0.098196276	0.87062967	14.816837	0.27462852	0.08999768	564.0	1.0
SPIKE	S127:G>T	0	14939	0.0	-1.0	0.0	TRUE	G	1.8066494E-4	0.0	0.16417126	0.90312433	11.877044	0.2718753	0.07536014	564.0	1.0
SPIKE	S128:G>A	10	14939	6.6938886E-4	-1.0	40.0	TRUE	G	2.2439532E-4	21.0	0.08588429	0.8811222	24.452696	0.17462839	0.062388156	564.0	0.0
SPIKE	S128:G>C	0	14939	0.0	-1.0	0.0	TRUE	G	2.818286E-4	17.0	0.098196276	0.8530379	14.816837	0.27462852	0.08999768	564.0	0.0
SPIKE	S128:G>T	0	14939	0.0	-1.0	0.0	TRUE	G	1.8066494E-4	0.0	0.16417126	0.90312433	11.877044	0.2718753	0.07536014	564.0	1.0
SPIKE	S129:C>G	1	14939	6.693888E-5	4.2596874	40.0	TRUE	C	4.8242265E-4	29.0	0.07608219	0.7617885	14.816837	0.2689787	0.14737362	564.0	0.0
SPIKE	S129:C>T	5	14939	3.3469443E-4	-1.0	40.0	TRUE	C	1.7267687E-4	15.0	0.06658849	0.90720236	24.452696	0.18424311	0.17660448	564.0	0.0
SPIKE	S129:C>A	0	14939	0.0	-1.0	0.0	TRUE	C	3.6089943E-4	40.0	0.179142	0.8158316	11.877044	0.16420248	0.09897023	564.0	0.0
SPIKE	D130-133:GGC>	8	14939	5.3551106E-4	-1.0	39.977978	TRUE		NaN	NaN	NaN	NaN	NaN	NaN	NaN	NaN	NaN
SPIKE	S130:G>A	6	14939	4.016333E-4	-1.0	40.0	TRUE	G	2.2439532E-4	21.0	0.08588429	0.8811222	24.452696	0.17462839	0.062388156	564.0	0.0
SPIKE	S130:G>C	0	14939	0.0	-1.0	0.0	TRUE	G	2.456358E-4	9.0	0.098196276	0.87062967	14.816837	0.27462852	0.08999768	564.0	1.0
SPIKE	S130:G>T	0	14939	0.0	-1.0	0.0	TRUE	G	1.8066494E-4	0.0	0.16417126	0.90312433	11.877044	0.2718753	0.07536014	564.0	1.0
SPIKE	S131:G>A	6	14939	4.016333E-4	19.311188	40.0	TRUE	G	2.9919375E-4	28.0	0.08588429	0.84472406	24.452696	0.17462839	0.062388156	564.0	0.0
SPIKE	S131:G>C	1	14939	6.693888E-5	4.2596874	40.0	TRUE	G	3.6471937E-4	22.0	0.098196276	0.8140758	14.816837	0.27462852	0.08999768	564.0	0.0
SPIKE	S131:G>T	1	14939	6.693888E-5	-1.0	40.0	TRUE	G	1.8066494E-4	1.0	0.16417126	0.90312433	11.877044	0.2718753	0.07536014	564.0	1.0
SPIKE	S132:C>T	5	14939	3.3469443E-4	-1.0	40.0	TRUE	C	1.7267687E-4	15.0	0.06658849	0.90720236	24.452696	0.18424311	0.17660448	564.0	0.0
SPIKE	S132:C>A	0	14939	0.0	-1.0	0.0	TRUE	C	6.586415E-4	73.0	0.179142	0.68971705	11.877044	0.16420248	0.09897023	564.0	0.0
SPIKE	S132:C>G	0	14939	0.0	-1.0	0.0	TRUE	C	1.6635263E-4	10.0	0.07608219	0.910444	14.816837	0.2689787	0.14737362	564.0	0.0
SPIKE	S133:A>G	2	14939	1.3387777E-4	7.269987	40.0	TRUE	A	3.1718175E-4	30.0	0.07567728	0.83619744	32.635704	0.17087749	0.061157644	564.0	0.0
SPIKE	D133-136:AGC>	1	14939	6.693888E-5	-1.0	39.99404	TRUE		NaN	NaN	NaN	NaN	NaN	NaN	NaN	NaN	NaN
SPIKE	S133:A>C	0	14939	0.0	-1.0	0.0	TRUE	A	3.9786022E-4	64.0	0.24188137	0.7990009	21.077984	0.12249967	0.19602911	564.0	0.0
SPIKE	S133:A>T	0	14939	0.0	-1.0	0.0	TRUE	A	1.5812126E-4	0.0	0.10953041	0.91468054	9.381072	0.28277448	0.08347928	564.0	1.0
SPIKE	S134:G>A	24	14939	0.0016065332	73.49659	40.0	TRUE	G	4.5947614E-4	43.0	0.08588429	0.77171147	24.452696	0.17462839	0.062388156	564.0	0.0
SPIKE	S134:G>C	1	14939	6.693888E-5	4.2596874	40.0	TRUE	G	4.1445383E-4	25.0	0.098196276	0.79155815	14.816837	0.27462852	0.08999768	564.0	0.0
SPIKE	S134:G>T	0	14939	0.0	-1.0	0.0	TRUE	G	1.8066494E-4	9.0	0.16417126	0.90312433	11.877044	0.2718753	0.07536014	564.0	1.0
SPIKE	I135:>C	4	14939	2.6775553E-4	-1.0	39.9917	TRUE		NaN	NaN	NaN	NaN	NaN	NaN	NaN	NaN	NaN
SPIKE	S135:C>A	4	14939	2.6775553E-4	-1.0	40.0	TRUE	C	1.984947E-4	22.0	0.179142	0.8940881	11.877044	0.16420248	0.09897023	564.0	0.0
SPIKE	S135:C>G	1	14939	6.693888E-5	-1.0	40.0	TRUE	C	1.9962316E-4	12.0	0.07608219	0.8935192	14.816837	0.2689787	0.14737362	564.0	0.0
SPIKE	S135:C>T	6	14939	4.016333E-4	19.311188	40.0	TRUE	C	3.9140088E-4	34.0	0.06658849	0.8019171	24.452696	0.18424311	0.17660448	564.0	0.0
SPIKE	D135-136:C>	9	14939	6.0245E-4	-1.0	39.9917	TRUE		NaN	NaN	NaN	NaN	NaN	NaN	NaN	NaN	NaN
SPIKE	S136:C>A	2	14939	1.3387777E-4	7.269987	40.0	TRUE	C	6.7668647E-4	75.0	0.179142	0.6827332	11.877044	0.16420248	0.09897023	564.0	0.0
SPIKE	S136:C>T	9	14939	6.0245E-4	28.342087	40.0	TRUE	C	5.295424E-4	46.0	0.06658849	0.74181014	24.452696	0.18424311	0.17660448	564.0	0.0
SPIKE	S136:C>G	0	14939	0.0	-1.0	0.0	TRUE	C	2.46482E-4	7.0	0.07608219	0.8702142	14.816837	0.2689787	0.14737362	564.0	1.0
SPIKE	S137:T>A	12	14937	8.0337416E-4	-1.0	38.416668	TRUE	T	2.372424E-4	15.0	0.15090454	0.87476087	9.379816	0.27823254	0.06925239	564.0	0.0
SPIKE	S137:T>G	1	14937	6.694785E-5	2.0412	39.0	TRUE	T	0.0010443624	69.0	0.122617505	0.55487055	21.075161	0.25767756	0.10471402	564.0	0.0
SPIKE	D137-138:T>	9	14937	6.025306E-4	-1.0	38.356228	TRUE		NaN	NaN	NaN	NaN	NaN	NaN	NaN	NaN	NaN
SPIKE	S137:T>C	0	14937	0.0	-1.0	0.0	TRUE	T	5.906035E-4	50.0	0.07776386	0.7166982	32.631336	0.19131422	0.073856205	564.0	0.0
SPIKE	I138:>G	1	14935	6.695681E-5	-1.0	38.9074	TRUE		NaN	NaN	NaN	NaN	NaN	NaN	NaN	NaN	NaN
SPIKE	S138:G>A	9	14935	6.0261134E-4	28.342087	38.0	TRUE	G	6.092361E-4	57.0	0.08588429	0.70920604	24.446148	0.17462839	0.062388156	564.0	0.0
SPIKE	S138:G>C	1	14935	6.695681E-5	-1.0	37.0	TRUE	G	2.456358E-4	1.0	0.098196276	0.87062967	14.81287	0.27462852	0.08999768	564.0	1.0
SPIKE	D138-139:G>	7	14935	4.686977E-4	-1.0	38.9074	TRUE		NaN	NaN	NaN	NaN	NaN	NaN	NaN	NaN	NaN
SPIKE	D138-141:GAT>	1	14935	6.695681E-5	-1.0	38.9074	TRUE		NaN	NaN	NaN	NaN	NaN	NaN	NaN	NaN	NaN
SPIKE	S138:G>T	0	14935	0.0	-1.0	0.0	TRUE	G	3.803836E-4	25.0	0.16417126	0.80691546	11.873864	0.2718753	0.07536014	564.0	0.0
SPIKE	D139-140:A>	10	14935	6.6956814E-4	-1.0	38.69173	TRUE		NaN	NaN	NaN	NaN	NaN	NaN	NaN	NaN	NaN
SPIKE	D139-141:AT>	1	14935	6.695681E-5	-1.0	38.69173	TRUE		NaN	NaN	NaN	NaN	NaN	NaN	NaN	NaN	NaN
SPIKE	S139:A>G	0	14935	0.0	-1.0	0.0	TRUE	A	2.5381337E-4	24.0	0.07567728	0.8666234	32.626965	0.17087749	0.061157644	564.0	0.0
SPIKE	S139:A>C	0	14935	0.0	-1.0	0.0	TRUE	A	4.2283972E-4	68.0	0.24188137	0.7878232	21.07234	0.12249967	0.19602911	564.0	0.0
SPIKE	S139:A>T	0	14935	0.0	-1.0	0.0	TRUE	A	8.767129E-4	52.0	0.10953041	0.6098964	9.37856	0.28277448	0.08347928	564.0	0.0
SPIKE	I140:>T	1	14935	6.695681E-5	-1.0	38.88738	TRUE		NaN	NaN	NaN	NaN	NaN	NaN	NaN	NaN	NaN
SPIKE	D140-142:TT>	2	14935	1.3391362E-4	-1.0	38.88738	TRUE		NaN	NaN	NaN	NaN	NaN	NaN	NaN	NaN	NaN
SPIKE	D140-144:TTAG>	1	14935	6.695681E-5	-1.0	38.88738	TRUE		NaN	NaN	NaN	NaN	NaN	NaN	NaN	NaN	NaN
SPIKE	S140:T>A	2	14935	1.3391362E-4	7.269987	38.0	TRUE	T	4.7454835E-4	30.0	0.15090454	0.76517916	9.37856	0.27823254	0.06925239	564.0	0.0
SPIKE	S140:T>G	2	14935	1.3391362E-4	-1.0	39.0	TRUE	T	1.8165258E-4	12.0	0.122617505	0.90262145	21.07234	0.25767756	0.10471402	564.0	0.0
SPIKE	S140:T>C	1	14935	6.695681E-5	4.2596874	38.0	TRUE	T	3.8544362E-4	8.0	0.07776386	0.804616	32.626965	0.19131422	0.073856205	564.0	1.0
SPIKE	D140-141:T>	22	14935	0.0014730499	-1.0	38.88738	TRUE		NaN	NaN	NaN	NaN	NaN	NaN	NaN	NaN	NaN
SPIKE	S141:T>A	7	14929	4.6888605E-4	15.631419	38.57143	TRUE	T	0.0011393738	72.0	0.15090454	0.5259197	9.374793	0.27823254	0.06925239	564.0	0.0
SPIKE	S141:T>G	1	14929	6.6983725E-5	-1.0	39.0	TRUE	T	2.4230077E-4	16.0	0.122617505	0.8722688	21.063873	0.25767756	0.10471402	564.0	0.0
SPIKE	S141:T>C	2	14929	1.3396745E-4	-1.0	37.0	TRUE	T	2.9546E-4	25.0	0.07776386	0.84650475	32.613857	0.19131422	0.073856205	564.0	0.0
SPIKE	S142:A>G	1	14928	6.698821E-5	2.0412	38.0	TRUE	A	9.310854E-4	88.0	0.07567728	0.5914772	32.611675	0.17087749	0.061157644	564.0	0.0
SPIKE	D142-143:A>	3	14928	2.0096463E-4	-1.0	38.73178	TRUE		NaN	NaN	NaN	NaN	NaN	NaN	NaN	NaN	NaN
SPIKE	I142:>A	1	14928	6.698821E-5	-1.0	38.73178	TRUE		NaN	NaN	NaN	NaN	NaN	NaN	NaN	NaN	NaN
SPIKE	D142-144:AG>	1	14928	6.698821E-5	-1.0	38.73178	TRUE		NaN	NaN	NaN	NaN	NaN	NaN	NaN	NaN	NaN
SPIKE	S142:A>C	0	14928	0.0	-1.0	0.0	TRUE	A	1.8041326E-4	29.0	0.24188137	0.90325254	21.062464	0.12249967	0.19602911	564.0	0.0
SPIKE	S142:A>T	0	14928	0.0	-1.0	0.0	TRUE	A	6.241075E-4	37.0	0.10953041	0.7032825	9.374165	0.28277448	0.08347928	564.0	0.0
SPIKE	S143:G>A	7	14928	4.6891748E-4	22.321487	36.714287	TRUE	G	6.522953E-4	61.0	0.08588429	0.6921902	24.43469	0.17462839	0.062388156	564.0	0.0
SPIKE	S143:G>T	1	14928	6.698821E-5	-1.0	39.0	TRUE	G	1.8066494E-4	5.0	0.16417126	0.90312433	11.868299	0.2718753	0.07536014	564.0	1.0
SPIKE	D143-144:G>	6	14928	4.0192925E-4	-1.0	38.801514	TRUE		NaN	NaN	NaN	NaN	NaN	NaN	NaN	NaN	NaN
SPIKE	D143-145:GC>	1	14928	6.698821E-5	-1.0	38.801514	TRUE		NaN	NaN	NaN	NaN	NaN	NaN	NaN	NaN	NaN
SPIKE	S143:G>C	0	14928	0.0	-1.0	0.0	TRUE	G	0.0016424466	99.0	0.098196276	0.39600047	14.805927	0.27462852	0.08999768	564.0	0.0
SPIKE	I144:>C	7	14928	4.6891748E-4	-1.0	38.928925	TRUE		NaN	NaN	NaN	NaN	NaN	NaN	NaN	NaN	NaN
SPIKE	S144:C>A	1	14928	6.698821E-5	-1.0	37.0	TRUE	C	1.0834962E-4	12.0	0.179142	0.9407205	11.868299	0.16420248	0.09897023	564.0	0.0
SPIKE	S144:C>T	3	14928	2.0096463E-4	10.280287	38.333332	TRUE	C	4.377704E-4	38.0	0.06658849	0.78121686	24.43469	0.18424311	0.17660448	564.0	0.0
SPIKE	D144-145:C>	16	14928	0.0010718113	-1.0	38.928925	TRUE		NaN	NaN	NaN	NaN	NaN	NaN	NaN	NaN	NaN
SPIKE	S144:C>G	0	14928	0.0	-1.0	0.0	TRUE	C	9.4890874E-4	57.0	0.07608219	0.5855612	14.805927	0.2689787	0.14737362	564.0	0.0
SPIKE	S145:C>G	2	14925	1.3400335E-4	7.269987	39.5	TRUE	C	3.9962083E-4	24.0	0.07608219	0.79820794	14.802952	0.2689787	0.14737362	564.0	0.0
SPIKE	S145:C>A	5	14925	3.3500837E-4	-1.0	37.4	TRUE	C	1.07160464E-4	9.0	0.179142	0.94135165	11.865913	0.16420248	0.09897023	564.0	1.0
SPIKE	S145:C>T	3	14925	2.0100502E-4	10.280287	37.666668	TRUE	C	4.378584E-4	38.0	0.06658849	0.78117806	24.429781	0.18424311	0.17660448	564.0	0.0
SPIKE	S146:C>T	4	14919	2.681145E-4	13.290587	38.75	TRUE	C	5.533067E-4	48.0	0.06658849	0.73193395	24.41996	0.18424311	0.17660448	564.0	0.0
SPIKE	S146:C>A	0	14919	0.0	-1.0	0.0	TRUE	C	1.7165704E-4	19.0	0.179142	0.9077243	11.861143	0.16420248	0.09897023	564.0	0.0
SPIKE	S146:C>G	0	14919	0.0	-1.0	0.0	TRUE	C	0.0018323321	110.0	0.07608219	0.35578263	14.797001	0.2689787	0.14737362	564.0	0.0
SPIKE	S147:G>A	15	14911	0.0010059688	46.403885	38.266666	TRUE	G	5.6739454E-4	53.0	0.08588429	0.7261414	24.406864	0.17462839	0.062388156	564.0	0.0
SPIKE	S147:G>C	0	14911	0.0	-1.0	0.0	TRUE	G	0.0011792592	71.0	0.098196276	0.514221	14.789066	0.27462852	0.08999768	564.0	0.0
SPIKE	S147:G>T	0	14911	0.0	-1.0	0.0	TRUE	G	0.0015239834	100.0	0.16417126	0.42336243	11.854783	0.2718753	0.07536014	564.0	0.0
SPIKE	S148:T>G	2	14902	1.3421018E-4	1.3408211	35.5	TRUE	T	0.0023667128	156.0	0.122617505	0.26320395	21.025778	0.25767756	0.10471402	564.0	0.0
SPIKE	S148:T>A	1	14902	6.710509E-5	-1.0	38.0	TRUE	T	1.4835269E-4	4.0	0.15090454	0.9197339	9.357838	0.27823254	0.06925239	564.0	1.0
SPIKE	S148:T>C	0	14902	0.0	-1.0	0.0	TRUE	T	5.2095175E-4	44.0	0.07776386	0.74541306	32.554874	0.19131422	0.073856205	564.0	0.0
SPIKE	S149:G>A	7	14887	4.702089E-4	22.321487	37.142857	TRUE	G	5.361408E-4	50.0	0.08588429	0.7390547	24.36758	0.17462839	0.062388156	564.0	0.0
SPIKE	S149:G>C	1	14887	6.71727E-5	1.0720997	36.0	TRUE	G	0.0015637897	94.0	0.098196276	0.41396353	14.765263	0.27462852	0.08999768	564.0	0.0
SPIKE	S149:G>T	0	14887	0.0	-1.0	0.0	TRUE	G	0.0011143014	73.0	0.16417126	0.5334094	11.835702	0.2718753	0.07536014	564.0	0.0
SPIKE	S150:C>A	0	14865	0.0	-1.0	0.0	TRUE	C	1.07160464E-4	7.0	0.179142	0.94135165	11.818212	0.16420248	0.09897023	564.0	1.0
SPIKE	S150:C>G	0	14865	0.0	-1.0	0.0	TRUE	C	0.0014879088	89.0	0.07608219	0.43206444	14.743443	0.2689787	0.14737362	564.0	0.0
SPIKE	S150:C>T	0	14865	0.0	-1.0	0.0	TRUE	C	0.00141143	122.0	0.06658849	0.4511089	24.33157	0.18424311	0.17660448	564.0	0.0
SPIKE	S151:T>A	0	14849	0.0	-1.0	0.0	TRUE	T	1.4835269E-4	3.0	0.15090454	0.9197339	9.324556	0.27823254	0.06925239	564.0	1.0
SPIKE	S151:T>G	0	14849	0.0	-1.0	0.0	TRUE	T	0.001933624	127.0	0.122617505	0.33602694	20.950998	0.25767756	0.10471402	564.0	0.0
SPIKE	S151:T>C	0	14849	0.0	-1.0	0.0	TRUE	T	0.0014971411	126.0	0.07776386	0.4298205	32.43909	0.19131422	0.073856205	564.0	0.0
SPIKE	S152:G>A	0	14816	0.0	-1.0	0.0	TRUE	G	3.4477442E-4	32.0	0.08588429	0.82328504	24.251366	0.17462839	0.062388156	564.0	0.0
SPIKE	S152:G>C	0	14816	0.0	-1.0	0.0	TRUE	G	2.456358E-4	6.0	0.098196276	0.87062967	14.694843	0.27462852	0.08999768	564.0	1.0
SPIKE	S152:G>T	0	14816	0.0	-1.0	0.0	TRUE	G	0.0010429536	68.0	0.16417126	0.5553116	11.779255	0.2718753	0.07536014	564.0	0.0
SPIKE	S153:G>A	0	14739	0.0	-1.0	0.0	TRUE	G	1.6245732E-4	15.0	0.08588429	0.9124464	24.125328	0.17462839	0.062388156	564.0	0.0
SPIKE	S153:G>C	0	14739	0.0	-1.0	0.0	TRUE	G	2.456358E-4	0.0	0.098196276	0.87062967	14.618473	0.27462852	0.08999768	564.0	1.0
SPIKE	S153:G>T	0	14739	0.0	-1.0	0.0	TRUE	G	1.8066494E-4	7.0	0.16417126	0.90312433	11.718037	0.2718753	0.07536014	564.0	1.0
