#pipeline_block
reference	mutation	count	coverage	freq	score	cqs	has.reference	ancestral.allele	error.rate	minor.count.local	minor.fdr	minor.recall	minor.count.global	read.fraction.in.minors	q.filtered.read.fraction	mig.size	global.est
SPIKE	S0:T>A	0	171896	0.0	-1.0	0.0	TRUE	T	2.698756E-5	7.0	0.015116677	0.99848986	21.90489	0.2150322	0.005623176	56.0	1.0
SPIKE	S0:T>G	0	171896	0.0	-1.0	0.0	TRUE	T	4.3906355E-5	5.0	0.017331503	0.9975443	46.467274	0.16528709	0.006885662	56.0	1.0
SPIKE	S0:T>C	0	171896	0.0	-1.0	0.0	TRUE	T	1.5188361E-5	13.0	0.028303662	0.9991498	34.800007	0.20668206	0.00643048	56.0	0.0
SPIKE	S1:A>G	0	172000	0.0	-1.0	0.0	TRUE	A	4.6094185E-5	39.0	0.020187557	0.99742204	34.82106	0.20747559	0.006971738	56.0	0.0
SPIKE	S1:A>C	0	172000	0.0	-1.0	0.0	TRUE	A	3.856043E-4	395.0	0.011879056	0.97863764	46.495388	0.16992728	0.039378062	56.0	0.0
SPIKE	S1:A>T	0	172000	0.0	-1.0	0.0	TRUE	A	2.319726E-5	17.0	0.013475292	0.9987018	21.918142	0.23790756	0.006043104	56.0	0.0
SPIKE	S2:G>A	0	172127	0.0	-1.0	0.0	TRUE	G	1.0354846E-5	21.0	0.005285819	0.9994203	371.1755	0.08532476	0.0075596217	56.0	0.0
SPIKE	S2:G>C	0	172127	0.0	-1.0	0.0	TRUE	G	3.5157675E-5	4.0	0.017642565	0.9980331	38.399586	0.16042536	0.0069493856	56.0	1.0
SPIKE	S2:G>T	0	172127	0.0	-1.0	0.0	TRUE	G	2.1930504E-5	19.0	0.02638842	0.9987726	25.879366	0.20406018	0.006735319	56.0	0.0
SPIKE	S3:C>A	0	172269	0.0	-1.0	0.0	TRUE	C	2.7615995E-5	4.0	0.038192954	0.9984547	25.900715	0.1909713	0.010565569	56.0	1.0
SPIKE	S3:C>G	0	172269	0.0	-1.0	0.0	TRUE	C	1.386359E-5	16.0	0.023935854	0.99922395	38.431263	0.15292712	0.0075126253	56.0	0.0
SPIKE	S3:C>T	0	172269	0.0	-1.0	0.0	TRUE	C	1.7185655E-4	236.0	0.020254605	0.9904222	371.48172	0.12804069	0.008229454	56.0	0.0
SPIKE	S4:G>A	46	172366	2.6687398E-4	114.976166	39.608696	TRUE	G	1.3294914E-4	270.0	0.005285819	0.9925825	371.6909	0.08532476	0.0075596217	56.0	0.0
SPIKE	S4:G>C	4	172366	2.3206432E-5	-1.0	40.0	TRUE	G	1.18859625E-5	13.0	0.017642565	0.99933463	38.452904	0.16042536	0.0069493856	56.0	0.0
SPIKE	S4:G>T	9	172366	5.2214473E-5	28.342087	37.666668	TRUE	G	2.9870922E-5	9.0	0.02638842	0.9983286	25.915298	0.20406018	0.006735319	56.0	1.0
SPIKE	S5:T>A	3	172434	1.739796E-5	10.280287	35.333332	TRUE	T	2.698756E-5	2.0	0.015116677	0.99848986	21.973448	0.2150322	0.005623176	56.0	1.0
SPIKE	S5:T>G	1	172434	5.79932E-6	-1.0	40.0	TRUE	T	1.4129094E-5	15.0	0.017331503	0.9992091	46.612705	0.16528709	0.006885662	56.0	0.0
SPIKE	S5:T>C	18	172434	1.04387764E-4	-1.0	39.38889	TRUE	T	1.6305663E-5	14.0	0.028303662	0.9990873	34.908924	0.20668206	0.00643048	56.0	0.0
SPIKE	S6:G>A	30	172500	1.7391304E-4	-1.0	37.366665	TRUE	G	8.364369E-6	17.0	0.005285819	0.9995317	371.97986	0.08532476	0.0075596217	56.0	0.0
SPIKE	S6:G>C	1	172500	5.7971015E-6	4.2596874	40.0	TRUE	G	3.5157675E-5	3.0	0.017642565	0.9980331	38.482796	0.16042536	0.0069493856	56.0	1.0
SPIKE	S6:G>T	13	172500	7.536232E-5	-1.0	38.615383	TRUE	G	1.4972636E-5	13.0	0.02638842	0.9991619	25.935446	0.20406018	0.006735319	56.0	0.0
SPIKE	S7:A>G	3	172531	1.738818E-5	6.0206	39.666668	TRUE	A	8.7191576E-5	74.0	0.020187557	0.99512917	34.928562	0.20747559	0.006971738	56.0	0.0
SPIKE	S7:A>C	7	172531	4.057242E-5	15.631419	39.714287	TRUE	A	7.980313E-5	82.0	0.011879056	0.995541	46.638927	0.16992728	0.039378062	56.0	0.0
SPIKE	D7-8:A>	139	172531	8.056523E-4	-1.0	39.863693	TRUE		NaN	NaN	NaN	NaN	NaN	NaN	NaN	NaN	NaN
SPIKE	I7:>A	3	172531	1.738818E-5	-1.0	39.863693	TRUE		NaN	NaN	NaN	NaN	NaN	NaN	NaN	NaN	NaN
SPIKE	S7:A>T	0	172531	0.0	-1.0	0.0	TRUE	A	1.36034505E-5	10.0	0.013475292	0.9992385	21.98581	0.23790756	0.006043104	56.0	0.0
SPIKE	S8:A>G	1	172544	5.795623E-6	-1.0	40.0	TRUE	A	1.7672637E-5	15.0	0.020187557	0.9990108	34.931194	0.20747559	0.006971738	56.0	0.0
SPIKE	S8:A>C	8	172544	4.6364985E-5	25.331787	40.0	TRUE	A	4.538942E-5	8.0	0.011879056	0.99746144	46.64244	0.16992728	0.039378062	56.0	1.0
SPIKE	S8:A>T	0	172544	0.0	-1.0	0.0	TRUE	A	4.4888006E-5	33.0	0.013475292	0.99748945	21.987465	0.23790756	0.006043104	56.0	0.0
SPIKE	I9:>G	1	172550	5.7954217E-6	-1.0	39.97107	TRUE		NaN	NaN	NaN	NaN	NaN	NaN	NaN	NaN	NaN
SPIKE	S9:G>A	35	172550	2.0283976E-4	-1.0	39.82857	TRUE	G	7.870066E-6	16.0	0.005285819	0.9995594	372.08768	0.08532476	0.0075596217	56.0	0.0
SPIKE	S9:G>C	2	172550	1.1590843E-5	7.269987	39.5	TRUE	G	3.5157675E-5	0.0	0.017642565	0.9980331	38.49395	0.16042536	0.0069493856	56.0	1.0
SPIKE	S9:G>T	8	172550	4.6363373E-5	25.331787	38.75	TRUE	G	2.9870922E-5	9.0	0.02638842	0.9983286	25.942963	0.20406018	0.006735319	56.0	1.0
SPIKE	D9-10:G>	28	172550	1.6227181E-4	-1.0	39.97107	TRUE		NaN	NaN	NaN	NaN	NaN	NaN	NaN	NaN	NaN
SPIKE	D9-11:GA>	11	172550	6.374964E-5	-1.0	39.97107	TRUE		NaN	NaN	NaN	NaN	NaN	NaN	NaN	NaN	NaN
SPIKE	S10:A>G	6	172551	3.477233E-5	-1.0	39.666668	TRUE	A	1.6493792E-5	14.0	0.020187557	0.9990768	34.93261	0.20747559	0.006971738	56.0	0.0
SPIKE	S10:A>C	2	172551	1.1590776E-5	7.269987	39.5	TRUE	A	4.538942E-5	0.0	0.011879056	0.99746144	46.644333	0.16992728	0.039378062	56.0	1.0
SPIKE	D10-11:A>	47	172551	2.7238324E-4	-1.0	39.964394	TRUE		NaN	NaN	NaN	NaN	NaN	NaN	NaN	NaN	NaN
SPIKE	D10-12:AC>	1	172551	5.795388E-6	-1.0	39.964394	TRUE		NaN	NaN	NaN	NaN	NaN	NaN	NaN	NaN	NaN
SPIKE	S10:A>T	0	172551	0.0	-1.0	0.0	TRUE	A	2.9908286E-5	0.0	0.013475292	0.99832654	21.988358	0.23790756	0.006043104	56.0	1.0
SPIKE	S11:C>T	4	172552	2.3181417E-5	5.449171	38.75	TRUE	C	1.7084768E-4	235.0	0.020254605	0.99047816	372.09198	0.12804069	0.008229454	56.0	0.0
SPIKE	D11-12:C>	36	172552	2.0863276E-4	-1.0	39.84071	TRUE		NaN	NaN	NaN	NaN	NaN	NaN	NaN	NaN	NaN
SPIKE	S11:C>A	0	172552	0.0	-1.0	0.0	TRUE	C	2.7615995E-5	4.0	0.038192954	0.9984547	25.943264	0.1909713	0.010565569	56.0	1.0
SPIKE	S11:C>G	0	172552	0.0	-1.0	0.0	TRUE	C	3.3299704E-5	0.0	0.023935854	0.99813694	38.494396	0.15292712	0.0075126253	56.0	1.0
SPIKE	I12:>G	1	172553	5.7953207E-6	-1.0	39.909576	TRUE		NaN	NaN	NaN	NaN	NaN	NaN	NaN	NaN	NaN
SPIKE	S12:G>A	39	172553	2.2601751E-4	118.651085	39.76923	TRUE	G	5.066267E-5	103.0	0.005285819	0.99716693	372.09415	0.08532476	0.0075596217	56.0	0.0
SPIKE	S12:G>C	6	172553	3.4771925E-5	19.311188	40.0	TRUE	G	3.5157675E-5	5.0	0.017642565	0.9980331	38.49462	0.16042536	0.0069493856	56.0	1.0
SPIKE	S12:G>T	17	172553	9.852045E-5	52.424488	39.52941	TRUE	G	2.9870922E-5	3.0	0.02638842	0.9983286	25.943415	0.20406018	0.006735319	56.0	1.0
SPIKE	D12-13:G>	19	172553	1.101111E-4	-1.0	39.909576	TRUE		NaN	NaN	NaN	NaN	NaN	NaN	NaN	NaN	NaN
SPIKE	D12-14:GA>	1	172553	5.7953207E-6	-1.0	39.909576	TRUE		NaN	NaN	NaN	NaN	NaN	NaN	NaN	NaN	NaN
SPIKE	S13:A>G	2	172553	1.1590641E-5	7.269987	40.0	TRUE	A	4.1155086E-5	6.0	0.020187557	0.99769795	34.933014	0.20747559	0.006971738	56.0	1.0
SPIKE	S13:A>C	9	172553	5.2157888E-5	28.342087	39.77778	TRUE	A	4.538942E-5	0.0	0.011879056	0.99746144	46.644875	0.16992728	0.039378062	56.0	1.0
SPIKE	D13-14:A>	6	172553	3.4771925E-5	-1.0	39.95752	TRUE		NaN	NaN	NaN	NaN	NaN	NaN	NaN	NaN	NaN
SPIKE	S13:A>T	0	172553	0.0	-1.0	0.0	TRUE	A	2.9908286E-5	0.0	0.013475292	0.99832654	21.988611	0.23790756	0.006043104	56.0	1.0
SPIKE	S14:C>G	1	172553	5.7953207E-6	4.2596874	40.0	TRUE	C	3.3299704E-5	9.0	0.023935854	0.99813694	38.49462	0.15292712	0.0075126253	56.0	1.0
SPIKE	S14:C>T	5	172553	2.8976605E-5	7.3154635	39.8	TRUE	C	1.4830947E-4	204.0	0.020254605	0.9917291	372.09415	0.12804069	0.008229454	56.0	0.0
SPIKE	D14-15:C>	8	172553	4.6362566E-5	-1.0	39.890053	TRUE		NaN	NaN	NaN	NaN	NaN	NaN	NaN	NaN	NaN
SPIKE	S14:C>A	0	172553	0.0	-1.0	0.0	TRUE	C	2.7615995E-5	2.0	0.038192954	0.9984547	25.943415	0.1909713	0.010565569	56.0	1.0
SPIKE	S15:A>G	5	172553	2.8976605E-5	16.300888	40.0	TRUE	A	4.9480805E-5	42.0	0.020187557	0.9972329	34.933014	0.20747559	0.006971738	56.0	0.0
SPIKE	S15:A>C	6	172553	3.4771925E-5	19.311188	40.0	TRUE	A	4.538942E-5	7.0	0.011879056	0.99746144	46.644875	0.16992728	0.039378062	56.0	1.0
SPIKE	D15-16:A>	4	172553	2.3181283E-5	-1.0	39.949013	TRUE		NaN	NaN	NaN	NaN	NaN	NaN	NaN	NaN	NaN
SPIKE	I15:>A	2	172553	1.1590641E-5	-1.0	39.949013	TRUE		NaN	NaN	NaN	NaN	NaN	NaN	NaN	NaN	NaN
SPIKE	S15:A>T	0	172553	0.0	-1.0	0.0	TRUE	A	2.9908286E-5	7.0	0.013475292	0.99832654	21.988611	0.23790756	0.006043104	56.0	1.0
SPIKE	S16:G>A	36	172553	2.0863155E-4	-1.0	39.72222	TRUE	G	7.378059E-6	15.0	0.005285819	0.99958694	372.09415	0.08532476	0.0075596217	56.0	0.0
SPIKE	S16:G>T	17	172553	9.852045E-5	52.424488	38.882355	TRUE	G	2.9870922E-5	5.0	0.02638842	0.9983286	25.943415	0.20406018	0.006735319	56.0	1.0
SPIKE	S16:G>C	2	172553	1.1590641E-5	7.269987	40.0	TRUE	G	3.5157675E-5	0.0	0.017642565	0.9980331	38.49462	0.16042536	0.0069493856	56.0	1.0
SPIKE	D16-17:G>	6	172553	3.4771925E-5	-1.0	39.97549	TRUE		NaN	NaN	NaN	NaN	NaN	NaN	NaN	NaN	NaN
SPIKE	S17:A>G	2	172553	1.1590641E-5	7.269987	40.0	TRUE	A	4.1155086E-5	8.0	0.020187557	0.99769795	34.933014	0.20747559	0.006971738	56.0	1.0
SPIKE	S17:A>C	7	172553	4.0567247E-5	22.321487	39.285713	TRUE	A	4.538942E-5	1.0	0.011879056	0.99746144	46.644875	0.16992728	0.039378062	56.0	1.0
SPIKE	D17-18:A>	20	172553	1.1590642E-4	-1.0	39.979763	TRUE		NaN	NaN	NaN	NaN	NaN	NaN	NaN	NaN	NaN
SPIKE	S17:A>T	0	172553	0.0	-1.0	0.0	TRUE	A	2.9908286E-5	1.0	0.013475292	0.99832654	21.988611	0.23790756	0.006043104	56.0	1.0
SPIKE	S18:A>T	1	172553	5.7953207E-6	4.2596874	40.0	TRUE	A	2.9908286E-5	4.0	0.013475292	0.99832654	21.988611	0.23790756	0.006043104	56.0	1.0
SPIKE	S18:A>C	8	172553	4.6362566E-5	25.331787	39.75	TRUE	A	4.538942E-5	2.0	0.011879056	0.99746144	46.644875	0.16992728	0.039378062	56.0	1.0
SPIKE	S18:A>G	0	172553	0.0	-1.0	0.0	TRUE	A	1.4137372E-5	12.0	0.020187557	0.9992086	34.933014	0.20747559	0.006971738	56.0	0.0
SPIKE	S19:C>G	1	172553	5.7953207E-6	4.2596874	40.0	TRUE	C	3.3299704E-5	2.0	0.023935854	0.99813694	38.49462	0.15292712	0.0075126253	56.0	1.0
SPIKE	S19:C>A	2	172553	1.1590641E-5	7.269987	40.0	TRUE	C	2.7615995E-5	5.0	0.038192954	0.9984547	25.943415	0.1909713	0.010565569	56.0	1.0
SPIKE	S19:C>T	3	172553	1.7385963E-5	10.280287	38.0	TRUE	C	3.635036E-5	50.0	0.020254605	0.99796647	372.09415	0.12804069	0.008229454	56.0	0.0
SPIKE	S20:C>G	1	172553	5.7953207E-6	4.2596874	40.0	TRUE	C	3.3299704E-5	0.0	0.023935854	0.99813694	38.49462	0.15292712	0.0075126253	56.0	1.0
SPIKE	S20:C>A	49	172553	2.8397073E-4	-1.0	39.69388	TRUE	C	2.2353877E-5	21.0	0.038192954	0.99874896	25.943415	0.1909713	0.010565569	56.0	0.0
SPIKE	S20:C>T	0	172553	0.0	-1.0	0.0	TRUE	C	1.0178101E-5	14.0	0.020254605	0.9994302	372.09415	0.12804069	0.008229454	56.0	0.0
SPIKE	S21:A>G	1	172553	5.7953207E-6	-1.0	40.0	TRUE	A	1.4137372E-5	12.0	0.020187557	0.9992086	34.933014	0.20747559	0.006971738	56.0	0.0
SPIKE	S21:A>T	1	172553	5.7953207E-6	4.2596874	40.0	TRUE	A	2.9908286E-5	2.0	0.013475292	0.99832654	21.988611	0.23790756	0.006043104	56.0	1.0
SPIKE	S21:A>C	2	172553	1.1590641E-5	7.269987	40.0	TRUE	A	4.538942E-5	3.0	0.011879056	0.99746144	46.644875	0.16992728	0.039378062	56.0	1.0
SPIKE	S22:A>T	172553	172553	1.0	9999.0	39.996246	FALSE	T	2.9908286E-5	0.0	0.013475292	0.99832654	21.988611	0.23790756	0.006043104	56.0	1.0
SPIKE	S22:A>G	0	172553	0.0	-1.0	0.0	FALSE	T	4.1155086E-5	0.0	0.020187557	0.99769795	34.933014	0.20747559	0.006971738	56.0	1.0
SPIKE	S22:A>C	0	172553	0.0	-1.0	0.0	FALSE	T	4.538942E-5	0.0	0.011879056	0.99746144	46.644875	0.16992728	0.039378062	56.0	1.0
SPIKE	S23:A>G	0	172553	0.0	-1.0	0.0	TRUE	A	4.1155086E-5	0.0	0.020187557	0.99769795	34.933014	0.20747559	0.006971738	56.0	1.0
SPIKE	S23:A>C	0	172553	0.0	-1.0	0.0	TRUE	A	4.538942E-5	0.0	0.011879056	0.99746144	46.644875	0.16992728	0.039378062	56.0	1.0
SPIKE	S23:A>T	0	172553	0.0	-1.0	0.0	TRUE	A	2.9908286E-5	2.0	0.013475292	0.99832654	21.988611	0.23790756	0.006043104	56.0	1.0
SPIKE	S24:A>T	172553	172553	1.0	9999.0	39.996284	FALSE	T	2.9908286E-5	0.0	0.013475292	0.99832654	21.988611	0.23790756	0.006043104	56.0	1.0
SPIKE	S24:A>G	0	172553	0.0	-1.0	0.0	FALSE	T	4.1155086E-5	0.0	0.020187557	0.99769795	34.933014	0.20747559	0.006971738	56.0	1.0
SPIKE	S24:A>C	0	172553	0.0	-1.0	0.0	FALSE	T	4.538942E-5	0.0	0.011879056	0.99746144	46.644875	0.16992728	0.039378062	56.0	1.0
SPIKE	S25:A>C	172553	172553	1.0	9999.0	39.99624	FALSE	C	4.538942E-5	0.0	0.011879056	0.99746144	46.644875	0.16992728	0.039378062	56.0	1.0
SPIKE	S25:A>G	0	172553	0.0	-1.0	0.0	FALSE	C	4.1155086E-5	0.0	0.020187557	0.99769795	34.933014	0.20747559	0.006971738	56.0	1.0
SPIKE	S25:A>T	0	172553	0.0	-1.0	0.0	FALSE	C	2.9908286E-5	2.0	0.013475292	0.99832654	21.988611	0.23790756	0.006043104	56.0	1.0
SPIKE	S26:T>C	1	172553	5.7953207E-6	-1.0	40.0	TRUE	T	2.2113853E-5	19.0	0.028303662	0.99876237	34.933014	0.20668206	0.00643048	56.0	0.0
SPIKE	S26:T>A	0	172553	0.0	-1.0	0.0	TRUE	T	2.698756E-5	1.0	0.015116677	0.99848986	21.988611	0.2150322	0.005623176	56.0	1.0
SPIKE	S26:T>G	0	172553	0.0	-1.0	0.0	TRUE	T	4.3906355E-5	1.0	0.017331503	0.9975443	46.644875	0.16528709	0.006885662	56.0	1.0
SPIKE	S27:G>T	5	172553	2.8976605E-5	-1.0	37.4	TRUE	G	1.2665262E-5	11.0	0.02638842	0.999291	25.943415	0.20406018	0.006735319	56.0	0.0
SPIKE	S27:G>A	0	172553	0.0	-1.0	0.0	TRUE	G	1.8302216E-4	8.0	0.005285819	0.9898031	372.09415	0.08532476	0.0075596217	56.0	1.0
SPIKE	S27:G>C	0	172553	0.0	-1.0	0.0	TRUE	G	3.5157675E-5	0.0	0.017642565	0.9980331	38.49462	0.16042536	0.0069493856	56.0	1.0
SPIKE	S28:G>A	2	172553	1.1590641E-5	-1.0	40.0	TRUE	G	7.378059E-6	15.0	0.005285819	0.99958694	372.09415	0.08532476	0.0075596217	56.0	0.0
SPIKE	S28:G>T	4	172553	2.3181283E-5	-1.0	39.0	TRUE	G	2.1876362E-5	19.0	0.02638842	0.99877566	25.943415	0.20406018	0.006735319	56.0	0.0
SPIKE	S28:G>C	0	172553	0.0	-1.0	0.0	TRUE	G	3.5157675E-5	0.0	0.017642565	0.9980331	38.49462	0.16042536	0.0069493856	56.0	1.0
SPIKE	S29:G>A	4	172553	2.3181283E-5	-1.0	40.0	TRUE	G	6.3943176E-6	13.0	0.005285819	0.99964195	372.09415	0.08532476	0.0075596217	56.0	0.0
SPIKE	S29:G>T	4	172553	2.3181283E-5	13.290587	40.0	TRUE	G	2.9870922E-5	1.0	0.02638842	0.9983286	25.943415	0.20406018	0.006735319	56.0	1.0
SPIKE	S29:G>C	0	172553	0.0	-1.0	0.0	TRUE	G	3.5157675E-5	0.0	0.017642565	0.9980331	38.49462	0.16042536	0.0069493856	56.0	1.0
SPIKE	S30:A>G	0	172553	0.0	-1.0	0.0	TRUE	A	4.1155086E-5	7.0	0.020187557	0.99769795	34.933014	0.20747559	0.006971738	56.0	1.0
SPIKE	S30:A>C	0	172553	0.0	-1.0	0.0	TRUE	A	4.538942E-5	0.0	0.011879056	0.99746144	46.644875	0.16992728	0.039378062	56.0	1.0
SPIKE	S30:A>T	0	172553	0.0	-1.0	0.0	TRUE	A	2.9908286E-5	1.0	0.013475292	0.99832654	21.988611	0.23790756	0.006043104	56.0	1.0
SPIKE	S31:T>C	1	172553	5.7953207E-6	4.2596874	40.0	TRUE	T	4.0658084E-5	3.0	0.028303662	0.9977257	34.933014	0.20668206	0.00643048	56.0	1.0
SPIKE	S31:T>A	0	172553	0.0	-1.0	0.0	TRUE	T	2.698756E-5	0.0	0.015116677	0.99848986	21.988611	0.2150322	0.005623176	56.0	1.0
SPIKE	S31:T>G	0	172553	0.0	-1.0	0.0	TRUE	T	4.3906355E-5	0.0	0.017331503	0.9975443	46.644875	0.16528709	0.006885662	56.0	1.0
SPIKE	S32:C>T	2	172553	1.1590641E-5	7.269987	39.5	TRUE	C	3.9258386E-5	54.0	0.020254605	0.9978039	372.09415	0.12804069	0.008229454	56.0	0.0
SPIKE	S32:C>A	15	172553	8.692982E-5	46.403885	38.4	TRUE	C	2.7615995E-5	4.0	0.038192954	0.9984547	25.943415	0.1909713	0.010565569	56.0	1.0
SPIKE	S32:C>G	0	172553	0.0	-1.0	0.0	TRUE	C	3.3299704E-5	1.0	0.023935854	0.99813694	38.49462	0.15292712	0.0075126253	56.0	1.0
SPIKE	S33:C>T	1	172553	5.7953207E-6	-1.0	39.0	TRUE	C	2.4718243E-5	34.0	0.020254605	0.99861676	372.09415	0.12804069	0.008229454	56.0	0.0
SPIKE	S33:C>A	42	172553	2.4340348E-4	-1.0	39.61905	TRUE	C	1.5967054E-5	15.0	0.038192954	0.9991062	25.943415	0.1909713	0.010565569	56.0	0.0
SPIKE	S33:C>G	0	172553	0.0	-1.0	0.0	TRUE	C	3.3299704E-5	0.0	0.023935854	0.99813694	38.49462	0.15292712	0.0075126253	56.0	1.0
SPIKE	S34:A>G	2	172553	1.1590641E-5	7.269987	40.0	TRUE	A	3.2987202E-5	28.0	0.020187557	0.9981544	34.933014	0.20747559	0.006971738	56.0	0.0
SPIKE	S34:A>C	0	172553	0.0	-1.0	0.0	TRUE	A	4.538942E-5	2.0	0.011879056	0.99746144	46.644875	0.16992728	0.039378062	56.0	1.0
SPIKE	S34:A>T	0	172553	0.0	-1.0	0.0	TRUE	A	2.9908286E-5	4.0	0.013475292	0.99832654	21.988611	0.23790756	0.006043104	56.0	1.0
SPIKE	S35:T>A	2	172553	1.1590641E-5	7.269987	40.0	TRUE	T	2.698756E-5	6.0	0.015116677	0.99848986	21.988611	0.2150322	0.005623176	56.0	1.0
SPIKE	S35:T>G	0	172553	0.0	-1.0	0.0	TRUE	T	4.3906355E-5	5.0	0.017331503	0.9975443	46.644875	0.16528709	0.006885662	56.0	1.0
SPIKE	S35:T>C	0	172553	0.0	-1.0	0.0	TRUE	T	6.0522125E-5	52.0	0.028303662	0.9966165	34.933014	0.20668206	0.00643048	56.0	0.0
SPIKE	S36:T>A	0	172553	0.0	-1.0	0.0	TRUE	T	2.698756E-5	1.0	0.015116677	0.99848986	21.988611	0.2150322	0.005623176	56.0	1.0
SPIKE	S36:T>G	0	172553	0.0	-1.0	0.0	TRUE	T	4.3906355E-5	1.0	0.017331503	0.9975443	46.644875	0.16528709	0.006885662	56.0	1.0
SPIKE	S36:T>C	0	172553	0.0	-1.0	0.0	TRUE	T	2.327774E-5	20.0	0.028303662	0.9986973	34.933014	0.20668206	0.00643048	56.0	0.0
SPIKE	S37:A>G	0	172553	0.0	-1.0	0.0	TRUE	A	3.1809086E-5	27.0	0.020187557	0.99822026	34.933014	0.20747559	0.006971738	56.0	0.0
SPIKE	S37:A>C	0	172553	0.0	-1.0	0.0	TRUE	A	4.538942E-5	0.0	0.011879056	0.99746144	46.644875	0.16992728	0.039378062	56.0	1.0
SPIKE	S37:A>T	0	172553	0.0	-1.0	0.0	TRUE	A	2.9908286E-5	1.0	0.013475292	0.99832654	21.988611	0.23790756	0.006043104	56.0	1.0
SPIKE	S38:T>A	0	172553	0.0	-1.0	0.0	TRUE	T	2.698756E-5	4.0	0.015116677	0.99848986	21.988611	0.2150322	0.005623176	56.0	1.0
SPIKE	S38:T>G	0	172553	0.0	-1.0	0.0	TRUE	T	4.3906355E-5	0.0	0.017331503	0.9975443	46.644875	0.16528709	0.006885662	56.0	1.0
SPIKE	S38:T>C	0	172553	0.0	-1.0	0.0	TRUE	T	4.0658084E-5	2.0	0.028303662	0.9977257	34.933014	0.20668206	0.00643048	56.0	1.0
SPIKE	S39:C>T	11	172553	6.374853E-5	34.362686	40.0	TRUE	C	7.4154734E-5	102.0	0.020254605	0.9958559	372.09415	0.12804069	0.008229454	56.0	0.0
SPIKE	S39:C>A	67	172553	3.8828648E-4	207.7107	39.074627	TRUE	C	2.7615995E-5	3.0	0.038192954	0.9984547	25.943415	0.1909713	0.010565569	56.0	1.0
SPIKE	S39:C>G	1	172553	5.7953207E-6	4.2596874	40.0	TRUE	C	3.3299704E-5	0.0	0.023935854	0.99813694	38.49462	0.15292712	0.0075126253	56.0	1.0
SPIKE	S40:G>T	4	172553	2.3181283E-5	-1.0	38.5	TRUE	G	1.4968037E-5	13.0	0.02638842	0.99916214	25.943415	0.20406018	0.006735319	56.0	0.0
SPIKE	S40:G>A	6	172553	3.4771925E-5	19.311188	39.0	TRUE	G	2.9512235E-5	60.0	0.005285819	0.99834865	372.09415	0.08532476	0.0075596217	56.0	0.0
SPIKE	S40:G>C	0	172553	0.0	-1.0	0.0	TRUE	G	3.5157675E-5	0.0	0.017642565	0.9980331	38.49462	0.16042536	0.0069493856	56.0	1.0
SPIKE	S41:G>T	3	172553	1.7385963E-5	10.280287	37.333332	TRUE	G	2.9870922E-5	3.0	0.02638842	0.9983286	25.943415	0.20406018	0.006735319	56.0	1.0
SPIKE	S41:G>A	6	172553	3.4771925E-5	-1.0	37.833332	TRUE	G	1.1804894E-5	24.0	0.005285819	0.99933916	372.09415	0.08532476	0.0075596217	56.0	0.0
SPIKE	S41:G>C	0	172553	0.0	-1.0	0.0	TRUE	G	3.5157675E-5	1.0	0.017642565	0.9980331	38.49462	0.16042536	0.0069493856	56.0	1.0
SPIKE	S42:C>T	18	172553	1.04315775E-4	32.319016	39.72222	TRUE	C	1.8538683E-4	255.0	0.020254605	0.98967206	372.09415	0.12804069	0.008229454	56.0	0.0
SPIKE	S42:C>A	10	172553	5.795321E-5	31.352386	39.2	TRUE	C	2.7615995E-5	0.0	0.038192954	0.9984547	25.943415	0.1909713	0.010565569	56.0	1.0
SPIKE	S42:C>G	0	172553	0.0	-1.0	0.0	TRUE	C	3.3299704E-5	0.0	0.023935854	0.99813694	38.49462	0.15292712	0.0075126253	56.0	1.0
SPIKE	S43:G>T	5	172553	2.8976605E-5	16.300888	39.6	TRUE	G	2.9870922E-5	6.0	0.02638842	0.9983286	25.943415	0.20406018	0.006735319	56.0	1.0
SPIKE	S43:G>A	7	172553	4.0567247E-5	22.321487	38.285713	TRUE	G	2.8036624E-5	57.0	0.005285819	0.9984312	372.09415	0.08532476	0.0075596217	56.0	0.0
SPIKE	S43:G>C	0	172553	0.0	-1.0	0.0	TRUE	G	3.5157675E-5	0.0	0.017642565	0.9980331	38.49462	0.16042536	0.0069493856	56.0	1.0
SPIKE	S44:G>C	1	172553	5.7953207E-6	4.2596874	40.0	TRUE	G	3.5157675E-5	0.0	0.017642565	0.9980331	38.49462	0.16042536	0.0069493856	56.0	1.0
SPIKE	S44:G>T	1	172553	5.7953207E-6	4.2596874	38.0	TRUE	G	2.9870922E-5	3.0	0.02638842	0.9983286	25.943415	0.20406018	0.006735319	56.0	1.0
SPIKE	S44:G>A	3	172553	1.7385963E-5	10.280287	40.0	TRUE	G	5.6073248E-5	114.0	0.005285819	0.9968648	372.09415	0.08532476	0.0075596217	56.0	0.0
SPIKE	S45:C>T	24	172553	1.390877E-4	41.4919	39.125	TRUE	C	2.755357E-4	379.0	0.020254605	0.98468846	372.09415	0.12804069	0.008229454	56.0	0.0
SPIKE	S45:C>A	14	172553	8.1134494E-5	43.393585	39.642857	TRUE	C	2.7615995E-5	6.0	0.038192954	0.9984547	25.943415	0.1909713	0.010565569	56.0	1.0
SPIKE	S45:C>G	0	172553	0.0	-1.0	0.0	TRUE	C	3.3299704E-5	1.0	0.023935854	0.99813694	38.49462	0.15292712	0.0075126253	56.0	1.0
SPIKE	S46:G>T	1	172553	5.7953207E-6	4.2596874	40.0	TRUE	G	2.9870922E-5	0.0	0.02638842	0.9983286	25.943415	0.20406018	0.006735319	56.0	1.0
SPIKE	S46:G>A	4	172553	2.3181283E-5	8.284564	37.75	TRUE	G	1.0181721E-4	207.0	0.005285819	0.99431443	372.09415	0.08532476	0.0075596217	56.0	0.0
SPIKE	S46:G>C	0	172553	0.0	-1.0	0.0	TRUE	G	3.5157675E-5	0.0	0.017642565	0.9980331	38.49462	0.16042536	0.0069493856	56.0	1.0
SPIKE	S47:A>G	1	172553	5.7953207E-6	4.2596874	40.0	TRUE	A	4.1155086E-5	2.0	0.020187557	0.99769795	34.933014	0.20747559	0.006971738	56.0	1.0
SPIKE	S47:A>C	0	172553	0.0	-1.0	0.0	TRUE	A	4.538942E-5	0.0	0.011879056	0.99746144	46.644875	0.16992728	0.039378062	56.0	1.0
SPIKE	S47:A>T	0	172553	0.0	-1.0	0.0	TRUE	A	2.9908286E-5	3.0	0.013475292	0.99832654	21.988611	0.23790756	0.006043104	56.0	1.0
SPIKE	S48:A>C	1	172553	5.7953207E-6	4.2596874	39.0	TRUE	A	4.538942E-5	5.0	0.011879056	0.99746144	46.644875	0.16992728	0.039378062	56.0	1.0
SPIKE	S48:A>G	1	172553	5.7953207E-6	-1.0	36.0	TRUE	A	1.2959258E-5	11.0	0.020187557	0.99927455	34.933014	0.20747559	0.006971738	56.0	0.0
SPIKE	S48:A>T	0	172553	0.0	-1.0	0.0	TRUE	A	1.768223E-5	13.0	0.013475292	0.99901026	21.988611	0.23790756	0.006043104	56.0	0.0
SPIKE	I49:>T	1	172553	5.7953207E-6	-1.0	39.908817	TRUE		NaN	NaN	NaN	NaN	NaN	NaN	NaN	NaN	NaN
SPIKE	D49-50:T>	2	172553	1.1590641E-5	-1.0	39.908817	TRUE		NaN	NaN	NaN	NaN	NaN	NaN	NaN	NaN	NaN
SPIKE	S49:T>A	0	172553	0.0	-1.0	0.0	TRUE	T	2.698756E-5	3.0	0.015116677	0.99848986	21.988611	0.2150322	0.005623176	56.0	1.0
SPIKE	S49:T>G	0	172553	0.0	-1.0	0.0	TRUE	T	4.3906355E-5	4.0	0.017331503	0.9975443	46.644875	0.16528709	0.006885662	56.0	1.0
SPIKE	S49:T>C	0	172553	0.0	-1.0	0.0	TRUE	T	1.5130531E-5	13.0	0.028303662	0.9991531	34.933014	0.20668206	0.00643048	56.0	0.0
SPIKE	S50:T>A	1	172553	5.7953207E-6	4.2596874	38.0	TRUE	T	2.698756E-5	1.0	0.015116677	0.99848986	21.988611	0.2150322	0.005623176	56.0	1.0
SPIKE	S50:T>G	0	172553	0.0	-1.0	0.0	TRUE	T	4.3906355E-5	1.0	0.017331503	0.9975443	46.644875	0.16528709	0.006885662	56.0	1.0
SPIKE	S50:T>C	0	172553	0.0	-1.0	0.0	TRUE	T	4.0658084E-5	9.0	0.028303662	0.9977257	34.933014	0.20668206	0.00643048	56.0	1.0
SPIKE	S51:T>A	0	172553	0.0	-1.0	0.0	TRUE	T	2.9456221E-5	24.0	0.015116677	0.9983518	21.988611	0.2150322	0.005623176	56.0	0.0
SPIKE	S51:T>G	0	172553	0.0	-1.0	0.0	TRUE	T	4.3906355E-5	2.0	0.017331503	0.9975443	46.644875	0.16528709	0.006885662	56.0	1.0
SPIKE	S51:T>C	0	172553	0.0	-1.0	0.0	TRUE	T	1.7458306E-5	15.0	0.028303662	0.99902284	34.933014	0.20668206	0.00643048	56.0	0.0
SPIKE	S52:A>G	1	172553	5.7953207E-6	4.2596874	40.0	TRUE	A	4.005589E-5	34.0	0.020187557	0.9977594	34.933014	0.20747559	0.006971738	56.0	0.0
SPIKE	S52:A>C	0	172553	0.0	-1.0	0.0	TRUE	A	2.5300205E-5	26.0	0.011879056	0.9985842	46.644875	0.16992728	0.039378062	56.0	0.0
SPIKE	S52:A>T	0	172553	0.0	-1.0	0.0	TRUE	A	2.9908286E-5	2.0	0.013475292	0.99832654	21.988611	0.23790756	0.006043104	56.0	1.0
SPIKE	S53:C>T	12	172553	6.954385E-5	15.021913	39.583332	TRUE	C	2.5081748E-4	345.0	0.020254605	0.9860524	372.09415	0.12804069	0.008229454	56.0	0.0
SPIKE	S53:C>G	3	172553	1.7385963E-5	-1.0	38.666668	TRUE	C	9.515531E-6	11.0	0.023935854	0.99946725	38.49462	0.15292712	0.0075126253	56.0	0.0
SPIKE	S53:C>A	2	172553	1.1590641E-5	7.269987	40.0	TRUE	C	2.7615995E-5	4.0	0.038192954	0.9984547	25.943415	0.1909713	0.010565569	56.0	1.0
SPIKE	S54:C>T	4	172553	2.3181283E-5	13.290587	40.0	TRUE	C	2.6899266E-5	37.0	0.020254605	0.9984948	372.09415	0.12804069	0.008229454	56.0	0.0
SPIKE	S54:C>A	78	172553	4.5203502E-4	240.82399	40.0	TRUE	C	4.044987E-5	38.0	0.038192954	0.99773735	25.943415	0.1909713	0.010565569	56.0	0.0
SPIKE	S54:C>G	0	172553	0.0	-1.0	0.0	TRUE	C	3.3299704E-5	2.0	0.023935854	0.99813694	38.49462	0.15292712	0.0075126253	56.0	1.0
SPIKE	S55:A>T	1	172553	5.7953207E-6	4.2596874	40.0	TRUE	A	2.9908286E-5	1.0	0.013475292	0.99832654	21.988611	0.23790756	0.006043104	56.0	1.0
SPIKE	S55:A>C	1	172553	5.7953207E-6	2.0412	40.0	TRUE	A	8.5631465E-5	88.0	0.011879056	0.99521613	46.644875	0.16992728	0.039378062	56.0	0.0
SPIKE	S55:A>G	7	172553	4.0567247E-5	-1.0	40.0	TRUE	A	1.6493601E-5	14.0	0.020187557	0.9990768	34.933014	0.20747559	0.006971738	56.0	0.0
SPIKE	S56:C>T	7	172553	4.0567247E-5	22.321487	40.0	TRUE	C	2.6172258E-5	36.0	0.020254605	0.99853545	372.09415	0.12804069	0.008229454	56.0	0.0
SPIKE	S56:C>A	6	172553	3.4771925E-5	19.311188	40.0	TRUE	C	3.6191992E-5	34.0	0.038192954	0.9979753	25.943415	0.1909713	0.010565569	56.0	0.0
SPIKE	S56:C>G	0	172553	0.0	-1.0	0.0	TRUE	C	3.3299704E-5	2.0	0.023935854	0.99813694	38.49462	0.15292712	0.0075126253	56.0	1.0
SPIKE	S57:C>T	6	172553	3.4771925E-5	-1.0	40.0	TRUE	C	7.997079E-6	11.0	0.020254605	0.99955225	372.09415	0.12804069	0.008229454	56.0	0.0
SPIKE	S57:C>G	1	172553	5.7953207E-6	4.2596874	40.0	TRUE	C	3.3299704E-5	0.0	0.023935854	0.99813694	38.49462	0.15292712	0.0075126253	56.0	1.0
SPIKE	S57:C>A	78	172553	4.5203502E-4	240.82399	40.0	TRUE	C	4.8965634E-5	46.0	0.038192954	0.9972617	25.943415	0.1909713	0.010565569	56.0	0.0
SPIKE	S58:A>T	1	172553	5.7953207E-6	4.2596874	40.0	TRUE	A	3.8084803E-5	28.0	0.013475292	0.99786955	21.988611	0.23790756	0.006043104	56.0	0.0
SPIKE	S58:A>C	1	172553	5.7953207E-6	4.2596874	40.0	TRUE	A	6.033126E-5	62.0	0.011879056	0.99662715	46.644875	0.16992728	0.039378062	56.0	0.0
SPIKE	S58:A>G	3	172553	1.7385963E-5	-1.0	40.0	TRUE	A	1.1781143E-5	10.0	0.020187557	0.9993405	34.933014	0.20747559	0.006971738	56.0	0.0
SPIKE	S59:T>C	3	172553	1.7385963E-5	10.280287	40.0	TRUE	T	7.4488766E-5	64.0	0.028303662	0.99583733	34.933014	0.20668206	0.00643048	56.0	0.0
SPIKE	S59:T>A	0	172553	0.0	-1.0	0.0	TRUE	T	9.082335E-5	74.0	0.015116677	0.9949268	21.988611	0.2150322	0.005623176	56.0	0.0
SPIKE	S59:T>G	0	172553	0.0	-1.0	0.0	TRUE	T	4.3906355E-5	4.0	0.017331503	0.9975443	46.644875	0.16528709	0.006885662	56.0	1.0
SPIKE	S60:T>C	3	172553	1.7385963E-5	-1.0	40.0	TRUE	T	2.4441626E-5	21.0	0.028303662	0.9986322	34.933014	0.20668206	0.00643048	56.0	0.0
SPIKE	S60:T>A	0	172553	0.0	-1.0	0.0	TRUE	T	2.698756E-5	2.0	0.015116677	0.99848986	21.988611	0.2150322	0.005623176	56.0	1.0
SPIKE	S60:T>G	0	172553	0.0	-1.0	0.0	TRUE	T	3.012128E-5	32.0	0.017331503	0.9983146	46.644875	0.16528709	0.006885662	56.0	0.0
SPIKE	S61:G>T	3	172553	1.7385963E-5	10.280287	40.0	TRUE	G	7.714296E-5	67.0	0.02638842	0.99568933	25.943415	0.20406018	0.006735319	56.0	0.0
SPIKE	S61:G>A	3	172553	1.7385963E-5	-1.0	40.0	TRUE	G	2.3117916E-5	47.0	0.005285819	0.9987062	372.09415	0.08532476	0.0075596217	56.0	0.0
SPIKE	S61:G>C	0	172553	0.0	-1.0	0.0	TRUE	G	3.5157675E-5	0.0	0.017642565	0.9980331	38.49462	0.16042536	0.0069493856	56.0	1.0
SPIKE	S62:A>T	1	172553	5.7953207E-6	4.2596874	40.0	TRUE	A	2.9908286E-5	0.0	0.013475292	0.99832654	21.988611	0.23790756	0.006043104	56.0	1.0
SPIKE	S62:A>G	1	172553	5.7953207E-6	2.0412	40.0	TRUE	A	9.307104E-5	79.0	0.020187557	0.9948016	34.933014	0.20747559	0.006971738	56.0	0.0
SPIKE	D62-63:A>	8	172553	4.6362566E-5	-1.0	40.0	TRUE		NaN	NaN	NaN	NaN	NaN	NaN	NaN	NaN	NaN
SPIKE	S62:A>C	0	172553	0.0	-1.0	0.0	TRUE	A	4.538942E-5	0.0	0.011879056	0.99746144	46.644875	0.16992728	0.039378062	56.0	1.0
SPIKE	S63:A>T	1	172553	5.7953207E-6	4.2596874	40.0	TRUE	A	2.9908286E-5	5.0	0.013475292	0.99832654	21.988611	0.23790756	0.006043104	56.0	1.0
SPIKE	S63:A>G	2	172553	1.1590641E-5	7.269987	40.0	TRUE	A	4.1155086E-5	8.0	0.020187557	0.99769795	34.933014	0.20747559	0.006971738	56.0	1.0
SPIKE	S63:A>C	0	172553	0.0	-1.0	0.0	TRUE	A	4.538942E-5	3.0	0.011879056	0.99746144	46.644875	0.16992728	0.039378062	56.0	1.0
SPIKE	S64:A>G	1	172553	5.7953207E-6	4.2596874	40.0	TRUE	A	4.1155086E-5	9.0	0.020187557	0.99769795	34.933014	0.20747559	0.006971738	56.0	1.0
SPIKE	S64:A>T	1	172553	5.7953207E-6	4.2596874	40.0	TRUE	A	2.9908286E-5	0.0	0.013475292	0.99832654	21.988611	0.23790756	0.006043104	56.0	1.0
SPIKE	S64:A>C	0	172553	0.0	-1.0	0.0	TRUE	A	4.538942E-5	5.0	0.011879056	0.99746144	46.644875	0.16992728	0.039378062	56.0	1.0
SPIKE	S65:A>G	3	172553	1.7385963E-5	-1.0	40.0	TRUE	A	1.5315487E-5	13.0	0.020187557	0.9991427	34.933014	0.20747559	0.006971738	56.0	0.0
SPIKE	S65:A>C	1	172553	5.7953207E-6	2.0412	40.0	TRUE	A	7.979295E-5	82.0	0.011879056	0.9955416	46.644875	0.16992728	0.039378062	56.0	0.0
SPIKE	S65:A>T	0	172553	0.0	-1.0	0.0	TRUE	A	2.9908286E-5	1.0	0.013475292	0.99832654	21.988611	0.23790756	0.006043104	56.0	1.0
SPIKE	S66:C>A	17	172553	9.852045E-5	52.424488	40.0	TRUE	C	2.6611759E-5	25.0	0.038192954	0.99851084	25.943415	0.1909713	0.010565569	56.0	0.0
SPIKE	S66:C>G	1	172553	5.7953207E-6	4.2596874	40.0	TRUE	C	3.3299704E-5	3.0	0.023935854	0.99813694	38.49462	0.15292712	0.0075126253	56.0	1.0
SPIKE	S66:C>T	5	172553	2.8976605E-5	16.300888	40.0	TRUE	C	5.8160575E-5	80.0	0.020254605	0.9967483	372.09415	0.12804069	0.008229454	56.0	0.0
SPIKE	S67:C>A	53	172553	3.0715202E-4	146.37572	40.0	TRUE	C	8.089974E-5	76.0	0.038192954	0.9954799	25.943415	0.1909713	0.010565569	56.0	0.0
SPIKE	S67:C>T	5	172553	2.8976605E-5	-1.0	40.0	TRUE	C	1.7448172E-5	24.0	0.020254605	0.9990234	372.09415	0.12804069	0.008229454	56.0	0.0
SPIKE	S67:C>G	0	172553	0.0	-1.0	0.0	TRUE	C	3.3299704E-5	0.0	0.023935854	0.99813694	38.49462	0.15292712	0.0075126253	56.0	1.0
SPIKE	S68:A>G	4	172553	2.3181283E-5	8.284564	40.0	TRUE	A	1.1427709E-4	97.0	0.020187557	0.99362093	34.933014	0.20747559	0.006971738	56.0	0.0
SPIKE	S68:A>C	1	172553	5.7953207E-6	4.2596874	40.0	TRUE	A	2.7246375E-5	28.0	0.011879056	0.9984754	46.644875	0.16992728	0.039378062	56.0	0.0
SPIKE	S68:A>T	1	172553	5.7953207E-6	4.2596874	40.0	TRUE	A	2.9908286E-5	7.0	0.013475292	0.99832654	21.988611	0.23790756	0.006043104	56.0	1.0
SPIKE	I69:>CG	1	172553	5.7953207E-6	-1.0	40.0	TRUE		NaN	NaN	NaN	NaN	NaN	NaN	NaN	NaN	NaN
SPIKE	S69:G>A	5	172553	2.8976605E-5	16.300888	40.0	TRUE	G	4.3776483E-5	89.0	0.005285819	0.9975515	372.09415	0.08532476	0.0075596217	56.0	0.0
SPIKE	S69:G>T	7	172553	4.0567247E-5	22.321487	40.0	TRUE	G	2.9870922E-5	0.0	0.02638842	0.9983286	25.943415	0.20406018	0.006735319	56.0	1.0
SPIKE	S69:G>C	0	172553	0.0	-1.0	0.0	TRUE	G	6.849854E-5	75.0	0.017642565	0.9961714	38.49462	0.16042536	0.0069493856	56.0	0.0
SPIKE	S70:C>A	10	172553	5.795321E-5	31.352386	40.0	TRUE	C	2.7615995E-5	3.0	0.038192954	0.9984547	25.943415	0.1909713	0.010565569	56.0	1.0
SPIKE	S70:C>T	24	172553	1.390877E-4	47.17412	40.0	TRUE	C	2.130131E-4	293.0	0.020254605	0.98814213	372.09415	0.12804069	0.008229454	56.0	0.0
SPIKE	D70-71:C>	2	172553	1.1590641E-5	-1.0	40.0	TRUE		NaN	NaN	NaN	NaN	NaN	NaN	NaN	NaN	NaN
SPIKE	S70:C>G	0	172553	0.0	-1.0	0.0	TRUE	C	1.9031062E-5	22.0	0.023935854	0.9989348	38.49462	0.15292712	0.0075126253	56.0	0.0
SPIKE	S71:C>A	57	172553	3.3033328E-4	-1.0	40.0	TRUE	C	1.2773644E-5	12.0	0.038192954	0.9992849	25.943415	0.1909713	0.010565569	56.0	0.0
SPIKE	S71:C>T	4	172553	2.3181283E-5	-1.0	40.0	TRUE	C	9.451093E-6	13.0	0.020254605	0.9994709	372.09415	0.12804069	0.008229454	56.0	0.0
SPIKE	S71:C>G	0	172553	0.0	-1.0	0.0	TRUE	C	6.574367E-5	76.0	0.023935854	0.99632514	38.49462	0.15292712	0.0075126253	56.0	0.0
SPIKE	S72:G>A	14	172553	8.1134494E-5	43.393585	40.0	TRUE	G	6.68944E-5	136.0	0.005285819	0.99626094	372.09415	0.08532476	0.0075596217	56.0	0.0
SPIKE	S72:G>T	1	172553	5.7953207E-6	2.0412	40.0	TRUE	G	8.28999E-5	72.0	0.02638842	0.99536836	25.943415	0.20406018	0.006735319	56.0	0.0
SPIKE	D72-73:G>	1	172553	5.7953207E-6	-1.0	39.999767	TRUE		NaN	NaN	NaN	NaN	NaN	NaN	NaN	NaN	NaN
SPIKE	S72:G>C	0	172553	0.0	-1.0	0.0	TRUE	G	2.0092906E-5	22.0	0.017642565	0.99887544	38.49462	0.16042536	0.0069493856	56.0	0.0
SPIKE	S73:T>G	1	172553	5.7953207E-6	2.0412	40.0	TRUE	T	8.565739E-5	91.0	0.017331503	0.9952147	46.644875	0.16528709	0.006885662	56.0	0.0
SPIKE	S73:T>A	0	172553	0.0	-1.0	0.0	TRUE	T	2.698756E-5	2.0	0.015116677	0.99848986	21.988611	0.2150322	0.005623176	56.0	1.0
SPIKE	S73:T>C	0	172553	0.0	-1.0	0.0	TRUE	T	4.0658084E-5	4.0	0.028303662	0.9977257	34.933014	0.20668206	0.00643048	56.0	1.0
SPIKE	S74:G>A	6	172553	3.4771925E-5	-1.0	40.0	TRUE	G	5.4105763E-6	11.0	0.005285819	0.999697	372.09415	0.08532476	0.0075596217	56.0	0.0
SPIKE	S74:G>C	1	172553	5.7953207E-6	4.2596874	40.0	TRUE	G	3.5157675E-5	2.0	0.017642565	0.9980331	38.49462	0.16042536	0.0069493856	56.0	1.0
SPIKE	S74:G>T	8	172553	4.6362566E-5	25.331787	40.0	TRUE	G	3.569301E-5	31.0	0.02638842	0.9980032	25.943415	0.20406018	0.006735319	56.0	0.0
SPIKE	D74-75:G>	1	172553	5.7953207E-6	-1.0	40.0	TRUE		NaN	NaN	NaN	NaN	NaN	NaN	NaN	NaN	NaN
SPIKE	S75:G>A	4	172553	2.3181283E-5	-1.0	40.0	TRUE	G	1.9182953E-5	39.0	0.005285819	0.99892634	372.09415	0.08532476	0.0075596217	56.0	0.0
SPIKE	S75:G>C	1	172553	5.7953207E-6	4.2596874	40.0	TRUE	G	3.5157675E-5	3.0	0.017642565	0.9980331	38.49462	0.16042536	0.0069493856	56.0	1.0
SPIKE	S75:G>T	2	172553	1.1590641E-5	3.9120662	40.0	TRUE	G	8.520267E-5	74.0	0.02638842	0.99524003	25.943415	0.20406018	0.006735319	56.0	0.0
SPIKE	S76:T>C	1	172553	5.7953207E-6	4.2596874	40.0	TRUE	T	4.0658084E-5	8.0	0.028303662	0.9977257	34.933014	0.20668206	0.00643048	56.0	1.0
SPIKE	S76:T>A	0	172553	0.0	-1.0	0.0	TRUE	T	2.698756E-5	0.0	0.015116677	0.99848986	21.988611	0.2150322	0.005623176	56.0	1.0
SPIKE	S76:T>G	0	172553	0.0	-1.0	0.0	TRUE	T	2.541483E-5	27.0	0.017331503	0.9985778	46.644875	0.16528709	0.006885662	56.0	0.0
SPIKE	S77:T>C	1	172553	5.7953207E-6	4.2596874	40.0	TRUE	T	4.0658084E-5	9.0	0.028303662	0.9977257	34.933014	0.20668206	0.00643048	56.0	1.0
SPIKE	S77:T>A	0	172553	0.0	-1.0	0.0	TRUE	T	2.698756E-5	0.0	0.015116677	0.99848986	21.988611	0.2150322	0.005623176	56.0	1.0
SPIKE	S77:T>G	0	172553	0.0	-1.0	0.0	TRUE	T	4.3906355E-5	1.0	0.017331503	0.9975443	46.644875	0.16528709	0.006885662	56.0	1.0
SPIKE	S78:T>A	1	172553	5.7953207E-6	4.2596874	40.0	TRUE	T	2.698756E-5	3.0	0.015116677	0.99848986	21.988611	0.2150322	0.005623176	56.0	1.0
SPIKE	S78:T>G	0	172553	0.0	-1.0	0.0	TRUE	T	7.624449E-5	81.0	0.017331503	0.9957394	46.644875	0.16528709	0.006885662	56.0	0.0
SPIKE	S78:T>C	0	172553	0.0	-1.0	0.0	TRUE	T	1.7458306E-5	15.0	0.028303662	0.99902284	34.933014	0.20668206	0.00643048	56.0	0.0
SPIKE	S79:G>A	4	172553	2.3181283E-5	-1.0	40.0	TRUE	G	9.837411E-6	20.0	0.005285819	0.99944925	372.09415	0.08532476	0.0075596217	56.0	0.0
SPIKE	S79:G>T	2	172553	1.1590641E-5	-1.0	40.0	TRUE	G	2.0724974E-5	18.0	0.02638842	0.9988401	25.943415	0.20406018	0.006735319	56.0	0.0
SPIKE	D79-96:GCGGCGATTTATCGTCG>	1	172553	5.7953207E-6	-1.0	39.999767	TRUE		NaN	NaN	NaN	NaN	NaN	NaN	NaN	NaN	NaN
SPIKE	S79:G>C	0	172553	0.0	-1.0	0.0	TRUE	G	6.941186E-5	76.0	0.017642565	0.99612045	38.49462	0.16042536	0.0069493856	56.0	0.0
SPIKE	S80:C>A	7	172553	4.0567247E-5	22.321487	40.0	TRUE	C	2.7615995E-5	0.0	0.038192954	0.9984547	25.943415	0.1909713	0.010565569	56.0	1.0
SPIKE	S80:C>T	36	172553	2.0863155E-4	59.522385	40.0	TRUE	C	3.8531382E-4	530.0	0.020254605	0.97865355	372.09415	0.12804069	0.008229454	56.0	0.0
SPIKE	S80:C>G	0	172553	0.0	-1.0	0.0	TRUE	C	8.131454E-5	94.0	0.023935854	0.99545676	38.49462	0.15292712	0.0075126253	56.0	0.0
SPIKE	S81:G>A	7	172553	4.0567247E-5	22.321487	40.0	TRUE	G	2.8528493E-5	58.0	0.005285819	0.99840367	372.09415	0.08532476	0.0075596217	56.0	0.0
SPIKE	S81:G>T	3	172553	1.7385963E-5	10.280287	40.0	TRUE	G	2.9870922E-5	8.0	0.02638842	0.9983286	25.943415	0.20406018	0.006735319	56.0	1.0
SPIKE	S81:G>C	0	172553	0.0	-1.0	0.0	TRUE	G	1.5526337E-5	17.0	0.017642565	0.9991309	38.49462	0.16042536	0.0069493856	56.0	0.0
SPIKE	S82:G>A	5	172553	2.8976605E-5	16.300888	40.0	TRUE	G	3.8857776E-5	79.0	0.005285819	0.99782634	372.09415	0.08532476	0.0075596217	56.0	0.0
SPIKE	S82:G>T	2	172553	1.1590641E-5	7.269987	40.0	TRUE	G	2.9870922E-5	0.0	0.02638842	0.9983286	25.943415	0.20406018	0.006735319	56.0	1.0
SPIKE	S82:G>C	0	172553	0.0	-1.0	0.0	TRUE	G	7.032517E-5	77.0	0.017642565	0.99606955	38.49462	0.16042536	0.0069493856	56.0	0.0
SPIKE	S83:C>G	4	172553	2.3181283E-5	8.284564	40.0	TRUE	C	7.958444E-5	92.0	0.023935854	0.9955532	38.49462	0.15292712	0.0075126253	56.0	0.0
SPIKE	S83:C>A	11	172553	6.374853E-5	34.362686	40.0	TRUE	C	2.7615995E-5	3.0	0.038192954	0.9984547	25.943415	0.1909713	0.010565569	56.0	1.0
SPIKE	S83:C>T	33	172553	1.9124559E-4	63.74624	40.0	TRUE	C	2.6826566E-4	369.0	0.020254605	0.9850894	372.09415	0.12804069	0.008229454	56.0	0.0
SPIKE	S84:G>A	13	172553	7.533917E-5	31.537222	40.0	TRUE	G	1.0132534E-4	206.0	0.005285819	0.99434185	372.09415	0.08532476	0.0075596217	56.0	0.0
SPIKE	S84:G>T	1	172553	5.7953207E-6	4.2596874	40.0	TRUE	G	2.9870922E-5	1.0	0.02638842	0.9983286	25.943415	0.20406018	0.006735319	56.0	1.0
SPIKE	S84:G>C	0	172553	0.0	-1.0	0.0	TRUE	G	1.643965E-5	18.0	0.017642565	0.9990798	38.49462	0.16042536	0.0069493856	56.0	0.0
SPIKE	S85:A>G	1	172553	5.7953207E-6	-1.0	40.0	TRUE	A	2.2384173E-5	19.0	0.020187557	0.9987473	34.933014	0.20747559	0.006971738	56.0	0.0
SPIKE	S85:A>T	1	172553	5.7953207E-6	2.0412	40.0	TRUE	A	1.0473321E-4	77.0	0.013475292	0.9941521	21.988611	0.23790756	0.006043104	56.0	0.0
SPIKE	S85:A>C	0	172553	0.0	-1.0	0.0	TRUE	A	4.538942E-5	2.0	0.011879056	0.99746144	46.644875	0.16992728	0.039378062	56.0	1.0
SPIKE	S86:T>C	2	172553	1.1590641E-5	7.269987	40.0	TRUE	T	4.0658084E-5	8.0	0.028303662	0.9977257	34.933014	0.20668206	0.00643048	56.0	1.0
SPIKE	D86-87:T>	1	172553	5.7953207E-6	-1.0	39.905685	TRUE		NaN	NaN	NaN	NaN	NaN	NaN	NaN	NaN	NaN
SPIKE	S86:T>A	0	172553	0.0	-1.0	0.0	TRUE	T	2.2092167E-5	18.0	0.015116677	0.9987636	21.988611	0.2150322	0.005623176	56.0	0.0
SPIKE	S86:T>G	0	172553	0.0	-1.0	0.0	TRUE	T	4.3906355E-5	5.0	0.017331503	0.9975443	46.644875	0.16528709	0.006885662	56.0	1.0
SPIKE	S87:T>A	0	172553	0.0	-1.0	0.0	TRUE	T	2.5774194E-5	21.0	0.015116677	0.9985577	21.988611	0.2150322	0.005623176	56.0	0.0
SPIKE	S87:T>G	0	172553	0.0	-1.0	0.0	TRUE	T	1.223677E-5	13.0	0.017331503	0.99931496	46.644875	0.16528709	0.006885662	56.0	0.0
SPIKE	S87:T>C	0	172553	0.0	-1.0	0.0	TRUE	T	1.8622191E-5	16.0	0.028303662	0.9989577	34.933014	0.20668206	0.00643048	56.0	0.0
SPIKE	S88:T>C	1	172553	5.7953207E-6	4.2596874	40.0	TRUE	T	4.8883252E-5	42.0	0.028303662	0.9972663	34.933014	0.20668206	0.00643048	56.0	0.0
SPIKE	S88:T>A	0	172553	0.0	-1.0	0.0	TRUE	T	2.698756E-5	0.0	0.015116677	0.99848986	21.988611	0.2150322	0.005623176	56.0	1.0
SPIKE	S88:T>G	0	172553	0.0	-1.0	0.0	TRUE	T	4.3906355E-5	1.0	0.017331503	0.9975443	46.644875	0.16528709	0.006885662	56.0	1.0
SPIKE	S89:A>G	5	172553	2.8976605E-5	16.300888	39.2	TRUE	A	2.8274744E-5	24.0	0.020187557	0.99841785	34.933014	0.20747559	0.006971738	56.0	0.0
SPIKE	S89:A>C	0	172553	0.0	-1.0	0.0	TRUE	A	4.538942E-5	0.0	0.011879056	0.99746144	46.644875	0.16992728	0.039378062	56.0	1.0
SPIKE	S89:A>T	0	172553	0.0	-1.0	0.0	TRUE	A	2.9908286E-5	3.0	0.013475292	0.99832654	21.988611	0.23790756	0.006043104	56.0	1.0
SPIKE	S90:T>A	0	172553	0.0	-1.0	0.0	TRUE	T	2.698756E-5	3.0	0.015116677	0.99848986	21.988611	0.2150322	0.005623176	56.0	1.0
SPIKE	S90:T>G	0	172553	0.0	-1.0	0.0	TRUE	T	4.3906355E-5	0.0	0.017331503	0.9975443	46.644875	0.16528709	0.006885662	56.0	1.0
SPIKE	S90:T>C	0	172553	0.0	-1.0	0.0	TRUE	T	1.163887E-5	10.0	0.028303662	0.99934846	34.933014	0.20668206	0.00643048	56.0	0.0
SPIKE	S91:C>A	80	172553	4.6362568E-4	246.84459	39.2625	TRUE	C	2.7615995E-5	5.0	0.038192954	0.9984547	25.943415	0.1909713	0.010565569	56.0	1.0
SPIKE	S91:C>T	8	172553	4.6362566E-5	18.199682	39.375	TRUE	C	1.1632115E-4	160.0	0.020254605	0.9935072	372.09415	0.12804069	0.008229454	56.0	0.0
SPIKE	S91:C>G	0	172553	0.0	-1.0	0.0	TRUE	C	3.3299704E-5	0.0	0.023935854	0.99813694	38.49462	0.15292712	0.0075126253	56.0	1.0
SPIKE	S92:G>A	8	172553	4.6362566E-5	18.199682	39.375	TRUE	G	9.493102E-5	193.0	0.005285819	0.994698	372.09415	0.08532476	0.0075596217	56.0	0.0
SPIKE	S92:G>T	4	172553	2.3181283E-5	13.290587	37.5	TRUE	G	2.9870922E-5	2.0	0.02638842	0.9983286	25.943415	0.20406018	0.006735319	56.0	1.0
SPIKE	S92:G>C	0	172553	0.0	-1.0	0.0	TRUE	G	3.5157675E-5	3.0	0.017642565	0.9980331	38.49462	0.16042536	0.0069493856	56.0	1.0
SPIKE	S93:T>C	1	172553	5.7953207E-6	4.2596874	40.0	TRUE	T	4.0658084E-5	5.0	0.028303662	0.9977257	34.933014	0.20668206	0.00643048	56.0	1.0
SPIKE	S93:T>A	0	172553	0.0	-1.0	0.0	TRUE	T	2.698756E-5	2.0	0.015116677	0.99848986	21.988611	0.2150322	0.005623176	56.0	1.0
SPIKE	S93:T>G	0	172553	0.0	-1.0	0.0	TRUE	T	4.3906355E-5	0.0	0.017331503	0.9975443	46.644875	0.16528709	0.006885662	56.0	1.0
SPIKE	S94:C>A	129	172553	7.475964E-4	394.3493	39.387596	TRUE	C	2.7615995E-5	5.0	0.038192954	0.9984547	25.943415	0.1909713	0.010565569	56.0	1.0
SPIKE	S94:C>T	7	172553	4.0567247E-5	22.321487	38.857143	TRUE	C	4.580145E-5	63.0	0.020254605	0.99743843	372.09415	0.12804069	0.008229454	56.0	0.0
SPIKE	S94:C>G	0	172553	0.0	-1.0	0.0	TRUE	C	3.3299704E-5	0.0	0.023935854	0.99813694	38.49462	0.15292712	0.0075126253	56.0	1.0
SPIKE	S95:G>A	6	172553	3.4771925E-5	9.311187	39.833332	TRUE	G	1.2985383E-4	264.0	0.005285819	0.9927546	372.09415	0.08532476	0.0075596217	56.0	0.0
SPIKE	S95:G>T	2	172553	1.1590641E-5	7.269987	34.5	TRUE	G	2.9870922E-5	1.0	0.02638842	0.9983286	25.943415	0.20406018	0.006735319	56.0	1.0
SPIKE	S95:G>C	0	172553	0.0	-1.0	0.0	TRUE	G	3.5157675E-5	1.0	0.017642565	0.9980331	38.49462	0.16042536	0.0069493856	56.0	1.0
SPIKE	S96:T>C	1	172553	5.7953207E-6	4.2596874	36.0	TRUE	T	4.8883252E-5	42.0	0.028303662	0.9972663	34.933014	0.20668206	0.00643048	56.0	0.0
SPIKE	S96:T>A	0	172553	0.0	-1.0	0.0	TRUE	T	2.698756E-5	1.0	0.015116677	0.99848986	21.988611	0.2150322	0.005623176	56.0	1.0
SPIKE	S96:T>G	0	172553	0.0	-1.0	0.0	TRUE	T	4.3906355E-5	2.0	0.017331503	0.9975443	46.644875	0.16528709	0.006885662	56.0	1.0
SPIKE	S97:C>T	5	172553	2.8976605E-5	16.300888	39.0	TRUE	C	4.7255468E-5	65.0	0.020254605	0.9973572	372.09415	0.12804069	0.008229454	56.0	0.0
SPIKE	S97:C>A	76	172553	4.404444E-4	234.80339	39.17105	TRUE	C	2.7615995E-5	2.0	0.038192954	0.9984547	25.943415	0.1909713	0.010565569	56.0	1.0
SPIKE	S97:C>G	0	172553	0.0	-1.0	0.0	TRUE	C	3.3299704E-5	0.0	0.023935854	0.99813694	38.49462	0.15292712	0.0075126253	56.0	1.0
SPIKE	S98:A>G	2	172553	1.1590641E-5	7.269987	39.5	TRUE	A	4.1155086E-5	5.0	0.020187557	0.99769795	34.933014	0.20747559	0.006971738	56.0	1.0
SPIKE	I98:>A	1	172553	5.7953207E-6	-1.0	39.971256	TRUE		NaN	NaN	NaN	NaN	NaN	NaN	NaN	NaN	NaN
SPIKE	S98:A>C	0	172553	0.0	-1.0	0.0	TRUE	A	4.538942E-5	0.0	0.011879056	0.99746144	46.644875	0.16992728	0.039378062	56.0	1.0
SPIKE	S98:A>T	0	172553	0.0	-1.0	0.0	TRUE	A	2.9908286E-5	1.0	0.013475292	0.99832654	21.988611	0.23790756	0.006043104	56.0	1.0
SPIKE	S99:T>A	0	172553	0.0	-1.0	0.0	TRUE	T	2.698756E-5	0.0	0.015116677	0.99848986	21.988611	0.2150322	0.005623176	56.0	1.0
SPIKE	S99:T>G	0	172553	0.0	-1.0	0.0	TRUE	T	4.3906355E-5	1.0	0.017331503	0.9975443	46.644875	0.16528709	0.006885662	56.0	1.0
SPIKE	S99:T>C	0	172553	0.0	-1.0	0.0	TRUE	T	1.163887E-5	10.0	0.028303662	0.99934846	34.933014	0.20668206	0.00643048	56.0	0.0
SPIKE	S100:C>T	12	172553	6.954385E-5	28.819815	39.583332	TRUE	C	9.305692E-5	128.0	0.020254605	0.99480236	372.09415	0.12804069	0.008229454	56.0	0.0
SPIKE	S100:C>A	48	172553	2.781754E-4	-1.0	39.291668	TRUE	C	1.0644703E-5	10.0	0.038192954	0.9994041	25.943415	0.1909713	0.010565569	56.0	0.0
SPIKE	S100:C>G	1	172553	5.7953207E-6	4.2596874	40.0	TRUE	C	3.3299704E-5	1.0	0.023935854	0.99813694	38.49462	0.15292712	0.0075126253	56.0	1.0
SPIKE	S101:G>T	3	172553	1.7385963E-5	10.280287	39.666668	TRUE	G	2.9870922E-5	0.0	0.02638842	0.9983286	25.943415	0.20406018	0.006735319	56.0	1.0
SPIKE	S101:G>A	6	172553	3.4771925E-5	19.311188	39.166668	TRUE	G	6.837001E-5	139.0	0.005285819	0.9961786	372.09415	0.08532476	0.0075596217	56.0	0.0
SPIKE	S101:G>C	0	172553	0.0	-1.0	0.0	TRUE	G	3.5157675E-5	0.0	0.017642565	0.9980331	38.49462	0.16042536	0.0069493856	56.0	1.0
SPIKE	S102:T>C	1	172553	5.7953207E-6	-1.0	40.0	TRUE	T	1.163887E-5	10.0	0.028303662	0.99934846	34.933014	0.20668206	0.00643048	56.0	0.0
SPIKE	S102:T>A	0	172553	0.0	-1.0	0.0	TRUE	T	2.698756E-5	0.0	0.015116677	0.99848986	21.988611	0.2150322	0.005623176	56.0	1.0
SPIKE	S102:T>G	0	172553	0.0	-1.0	0.0	TRUE	T	4.3906355E-5	0.0	0.017331503	0.9975443	46.644875	0.16528709	0.006885662	56.0	1.0
SPIKE	S103:G>T	4	172553	2.3181283E-5	-1.0	37.75	TRUE	G	1.6119424E-5	14.0	0.02638842	0.9990977	25.943415	0.20406018	0.006735319	56.0	0.0
SPIKE	S103:G>A	2	172553	1.1590641E-5	-1.0	38.5	TRUE	G	1.3772376E-5	28.0	0.005285819	0.9992291	372.09415	0.08532476	0.0075596217	56.0	0.0
SPIKE	S103:G>C	0	172553	0.0	-1.0	0.0	TRUE	G	3.5157675E-5	0.0	0.017642565	0.9980331	38.49462	0.16042536	0.0069493856	56.0	1.0
SPIKE	S104:G>T	1	172553	5.7953207E-6	4.2596874	38.0	TRUE	G	2.9870922E-5	3.0	0.02638842	0.9983286	25.943415	0.20406018	0.006735319	56.0	1.0
SPIKE	S104:G>A	3	172553	1.7385963E-5	-1.0	37.666668	TRUE	G	1.9674822E-5	40.0	0.005285819	0.9988988	372.09415	0.08532476	0.0075596217	56.0	0.0
SPIKE	S104:G>C	0	172553	0.0	-1.0	0.0	TRUE	G	3.5157675E-5	0.0	0.017642565	0.9980331	38.49462	0.16042536	0.0069493856	56.0	1.0
SPIKE	S105:C>T	26	172553	1.5067834E-4	52.27921	39.115383	TRUE	C	2.2319121E-4	307.0	0.020254605	0.98757905	372.09415	0.12804069	0.008229454	56.0	0.0
SPIKE	S105:C>A	13	172553	7.533917E-5	40.383286	39.076923	TRUE	C	2.7615995E-5	3.0	0.038192954	0.9984547	25.943415	0.1909713	0.010565569	56.0	1.0
SPIKE	S105:C>G	0	172553	0.0	-1.0	0.0	TRUE	C	3.3299704E-5	0.0	0.023935854	0.99813694	38.49462	0.15292712	0.0075126253	56.0	1.0
SPIKE	S106:G>T	3	172553	1.7385963E-5	10.280287	39.333332	TRUE	G	2.9870922E-5	7.0	0.02638842	0.9983286	25.943415	0.20406018	0.006735319	56.0	1.0
SPIKE	S106:G>A	2	172553	1.1590641E-5	7.269987	40.0	TRUE	G	4.476022E-5	91.0	0.005285819	0.99749655	372.09415	0.08532476	0.0075596217	56.0	0.0
SPIKE	S106:G>C	0	172553	0.0	-1.0	0.0	TRUE	G	3.5157675E-5	0.0	0.017642565	0.9980331	38.49462	0.16042536	0.0069493856	56.0	1.0
SPIKE	S107:G>T	2	172553	1.1590641E-5	7.269987	39.5	TRUE	G	2.9870922E-5	0.0	0.02638842	0.9983286	25.943415	0.20406018	0.006735319	56.0	1.0
SPIKE	S107:G>A	12	172553	6.954385E-5	18.50573	39.333332	TRUE	G	1.8838643E-4	383.0	0.005285819	0.9895058	372.09415	0.08532476	0.0075596217	56.0	0.0
SPIKE	S107:G>C	0	172553	0.0	-1.0	0.0	TRUE	G	3.5157675E-5	0.0	0.017642565	0.9980331	38.49462	0.16042536	0.0069493856	56.0	1.0
SPIKE	S108:C>T	13	172553	7.533917E-5	20.706247	39.46154	TRUE	C	1.9047588E-4	262.0	0.020254605	0.98939	372.09415	0.12804069	0.008229454	56.0	0.0
SPIKE	S108:C>A	12	172553	6.954385E-5	37.372986	39.416668	TRUE	C	2.7615995E-5	1.0	0.038192954	0.9984547	25.943415	0.1909713	0.010565569	56.0	1.0
SPIKE	S108:C>G	0	172553	0.0	-1.0	0.0	TRUE	C	3.3299704E-5	1.0	0.023935854	0.99813694	38.49462	0.15292712	0.0075126253	56.0	1.0
SPIKE	S109:A>T	1	172553	5.7953207E-6	4.2596874	37.0	TRUE	A	2.9908286E-5	5.0	0.013475292	0.99832654	21.988611	0.23790756	0.006043104	56.0	1.0
SPIKE	S109:A>G	1	172553	5.7953207E-6	4.2596874	40.0	TRUE	A	2.709663E-5	23.0	0.020187557	0.9984837	34.933014	0.20747559	0.006971738	56.0	0.0
SPIKE	S109:A>C	0	172553	0.0	-1.0	0.0	TRUE	A	4.538942E-5	3.0	0.011879056	0.99746144	46.644875	0.16992728	0.039378062	56.0	1.0
SPIKE	S110:G>T	1	172553	5.7953207E-6	4.2596874	40.0	TRUE	G	2.9870922E-5	0.0	0.02638842	0.9983286	25.943415	0.20406018	0.006735319	56.0	1.0
SPIKE	S110:G>A	2	172553	1.1590641E-5	7.269987	39.0	TRUE	G	2.7052882E-5	55.0	0.005285819	0.99848616	372.09415	0.08532476	0.0075596217	56.0	0.0
SPIKE	S110:G>C	0	172553	0.0	-1.0	0.0	TRUE	G	3.5157675E-5	0.0	0.017642565	0.9980331	38.49462	0.16042536	0.0069493856	56.0	1.0
SPIKE	S111:C>T	25	172553	1.4488302E-4	38.884777	38.92	TRUE	C	2.9734595E-4	409.0	0.020254605	0.9834865	372.09415	0.12804069	0.008229454	56.0	0.0
SPIKE	S111:C>A	14	172553	8.1134494E-5	43.393585	39.0	TRUE	C	2.7615995E-5	0.0	0.038192954	0.9984547	25.943415	0.1909713	0.010565569	56.0	1.0
SPIKE	S111:C>G	1	172553	5.7953207E-6	4.2596874	38.0	TRUE	C	3.3299704E-5	2.0	0.023935854	0.99813694	38.49462	0.15292712	0.0075126253	56.0	1.0
SPIKE	S112:G>T	3	172552	1.7386063E-5	10.280287	39.333332	TRUE	G	2.9870922E-5	2.0	0.02638842	0.9983286	25.943264	0.20406018	0.006735319	56.0	1.0
SPIKE	S112:G>A	9	172552	5.215819E-5	12.2497015	39.444443	TRUE	G	2.0117623E-4	409.0	0.005285819	0.98879737	372.09198	0.08532476	0.0075596217	56.0	0.0
SPIKE	S112:G>C	0	172552	0.0	-1.0	0.0	TRUE	G	3.5157675E-5	8.0	0.017642565	0.9980331	38.494396	0.16042536	0.0069493856	56.0	1.0
SPIKE	S113:T>A	0	172552	0.0	-1.0	0.0	TRUE	T	2.698756E-5	2.0	0.015116677	0.99848986	21.988485	0.2150322	0.005623176	56.0	1.0
SPIKE	S113:T>G	0	172552	0.0	-1.0	0.0	TRUE	T	4.3906355E-5	4.0	0.017331503	0.9975443	46.644604	0.16528709	0.006885662	56.0	1.0
SPIKE	S113:T>C	0	172552	0.0	-1.0	0.0	TRUE	T	1.7458406E-5	15.0	0.028303662	0.9990228	34.93281	0.20668206	0.00643048	56.0	0.0
SPIKE	S114:G>T	2	172552	1.1590709E-5	7.269987	39.0	TRUE	G	2.9870922E-5	1.0	0.02638842	0.9983286	25.943264	0.20406018	0.006735319	56.0	1.0
SPIKE	S114:G>C	1	172552	5.7953544E-6	4.2596874	37.0	TRUE	G	3.5157675E-5	0.0	0.017642565	0.9980331	38.494396	0.16042536	0.0069493856	56.0	1.0
SPIKE	S114:G>A	0	172552	0.0	-1.0	0.0	TRUE	G	9.8374685E-6	20.0	0.005285819	0.99944925	372.09198	0.08532476	0.0075596217	56.0	0.0
SPIKE	S115:A>G	5	172552	2.8976772E-5	16.300888	39.6	TRUE	A	5.4193573E-5	46.0	0.020187557	0.99696976	34.93281	0.20747559	0.006971738	56.0	0.0
SPIKE	S115:A>C	0	172552	0.0	-1.0	0.0	TRUE	A	4.538942E-5	0.0	0.011879056	0.99746144	46.644604	0.16992728	0.039378062	56.0	1.0
SPIKE	S115:A>T	0	172552	0.0	-1.0	0.0	TRUE	A	2.9908286E-5	1.0	0.013475292	0.99832654	21.988485	0.23790756	0.006043104	56.0	1.0
SPIKE	S116:C>T	2	172552	1.1590709E-5	-1.0	37.5	TRUE	C	7.997125E-6	11.0	0.020254605	0.99955225	372.09198	0.12804069	0.008229454	56.0	0.0
SPIKE	S116:C>G	1	172552	5.7953544E-6	4.2596874	36.0	TRUE	C	3.3299704E-5	0.0	0.023935854	0.99813694	38.494396	0.15292712	0.0075126253	56.0	1.0
SPIKE	S116:C>A	7	172552	4.056748E-5	22.321487	40.0	TRUE	C	2.7615995E-5	6.0	0.038192954	0.9984547	25.943264	0.1909713	0.010565569	56.0	1.0
SPIKE	S117:C>T	3	172552	1.7386063E-5	-1.0	38.666668	TRUE	C	1.4540228E-5	20.0	0.020254605	0.9991861	372.09198	0.12804069	0.008229454	56.0	0.0
SPIKE	S117:C>G	1	172552	5.7953544E-6	4.2596874	38.0	TRUE	C	3.3299704E-5	0.0	0.023935854	0.99813694	38.494396	0.15292712	0.0075126253	56.0	1.0
SPIKE	S117:C>A	39	172552	2.2601882E-4	105.49838	39.025642	TRUE	C	1.0112527E-4	95.0	0.038192954	0.994353	25.943264	0.1909713	0.010565569	56.0	0.0
SPIKE	S118:T>A	0	172552	0.0	-1.0	0.0	TRUE	T	3.804784E-5	31.0	0.015116677	0.9978716	21.988485	0.2150322	0.005623176	56.0	0.0
SPIKE	S118:T>G	0	172552	0.0	-1.0	0.0	TRUE	T	4.3906355E-5	9.0	0.017331503	0.9975443	46.644604	0.16528709	0.006885662	56.0	1.0
SPIKE	S118:T>C	0	172552	0.0	-1.0	0.0	TRUE	T	7.6816985E-5	66.0	0.028303662	0.9957075	34.93281	0.20668206	0.00643048	56.0	0.0
SPIKE	S119:A>G	6	172552	3.4772125E-5	19.311188	39.0	TRUE	A	4.1155086E-5	5.0	0.020187557	0.99769795	34.93281	0.20747559	0.006971738	56.0	1.0
SPIKE	S119:A>C	0	172552	0.0	-1.0	0.0	TRUE	A	4.538942E-5	0.0	0.011879056	0.99746144	46.644604	0.16992728	0.039378062	56.0	1.0
SPIKE	S119:A>T	0	172552	0.0	-1.0	0.0	TRUE	A	2.9908286E-5	3.0	0.013475292	0.99832654	21.988485	0.23790756	0.006043104	56.0	1.0
SPIKE	S120:T>A	0	172552	0.0	-1.0	0.0	TRUE	T	2.698756E-5	0.0	0.015116677	0.99848986	21.988485	0.2150322	0.005623176	56.0	1.0
SPIKE	S120:T>G	0	172552	0.0	-1.0	0.0	TRUE	T	4.3906355E-5	4.0	0.017331503	0.9975443	46.644604	0.16528709	0.006885662	56.0	1.0
SPIKE	S120:T>C	0	172552	0.0	-1.0	0.0	TRUE	T	4.0658084E-5	7.0	0.028303662	0.9977257	34.93281	0.20668206	0.00643048	56.0	1.0
SPIKE	S121:G>T	2	172552	1.1590709E-5	7.269987	37.5	TRUE	G	2.9870922E-5	2.0	0.02638842	0.9983286	25.943264	0.20406018	0.006735319	56.0	1.0
SPIKE	S121:G>A	4	172552	2.3181417E-5	-1.0	39.0	TRUE	G	8.853722E-6	18.0	0.005285819	0.9995043	372.09198	0.08532476	0.0075596217	56.0	0.0
SPIKE	S121:G>C	0	172552	0.0	-1.0	0.0	TRUE	G	3.5157675E-5	1.0	0.017642565	0.9980331	38.494396	0.16042536	0.0069493856	56.0	1.0
SPIKE	S122:T>C	2	172552	1.1590709E-5	7.269987	38.0	TRUE	T	4.0658084E-5	9.0	0.028303662	0.9977257	34.93281	0.20668206	0.00643048	56.0	1.0
SPIKE	S122:T>A	0	172552	0.0	-1.0	0.0	TRUE	T	2.698756E-5	0.0	0.015116677	0.99848986	21.988485	0.2150322	0.005623176	56.0	1.0
SPIKE	S122:T>G	0	172552	0.0	-1.0	0.0	TRUE	T	4.3906355E-5	0.0	0.017331503	0.9975443	46.644604	0.16528709	0.006885662	56.0	1.0
SPIKE	S123:G>T	2	172552	1.1590709E-5	7.269987	38.0	TRUE	G	2.9870922E-5	2.0	0.02638842	0.9983286	25.943264	0.20406018	0.006735319	56.0	1.0
SPIKE	S123:G>A	5	172552	2.8976772E-5	-1.0	39.2	TRUE	G	1.6231823E-5	33.0	0.005285819	0.99909145	372.09198	0.08532476	0.0075596217	56.0	0.0
SPIKE	S123:G>C	0	172552	0.0	-1.0	0.0	TRUE	G	3.5157675E-5	0.0	0.017642565	0.9980331	38.494396	0.16042536	0.0069493856	56.0	1.0
SPIKE	S124:T>A	0	172552	0.0	-1.0	0.0	TRUE	T	2.698756E-5	1.0	0.015116677	0.99848986	21.988485	0.2150322	0.005623176	56.0	1.0
SPIKE	S124:T>G	0	172552	0.0	-1.0	0.0	TRUE	T	4.3906355E-5	3.0	0.017331503	0.9975443	46.644604	0.16528709	0.006885662	56.0	1.0
SPIKE	S124:T>C	0	172552	0.0	-1.0	0.0	TRUE	T	2.4441768E-5	21.0	0.028303662	0.9986322	34.93281	0.20668206	0.00643048	56.0	0.0
SPIKE	S125:G>T	3	172552	1.7386063E-5	10.280287	38.666668	TRUE	G	2.9870922E-5	6.0	0.02638842	0.9983286	25.943264	0.20406018	0.006735319	56.0	1.0
SPIKE	S125:G>A	3	172552	1.7386063E-5	-1.0	38.333332	TRUE	G	1.5248076E-5	31.0	0.005285819	0.99914646	372.09198	0.08532476	0.0075596217	56.0	0.0
SPIKE	S125:G>C	0	172552	0.0	-1.0	0.0	TRUE	G	3.5157675E-5	0.0	0.017642565	0.9980331	38.494396	0.16042536	0.0069493856	56.0	1.0
SPIKE	S126:C>T	55	172552	3.1874448E-4	106.80208	38.52727	TRUE	C	3.635057E-4	500.0	0.020254605	0.97984946	372.09198	0.12804069	0.008229454	56.0	0.0
SPIKE	S126:C>A	14	172552	8.113496E-5	43.393585	38.57143	TRUE	C	2.7615995E-5	1.0	0.038192954	0.9984547	25.943264	0.1909713	0.010565569	56.0	1.0
SPIKE	S126:C>G	0	172552	0.0	-1.0	0.0	TRUE	C	3.3299704E-5	2.0	0.023935854	0.99813694	38.494396	0.15292712	0.0075126253	56.0	1.0
SPIKE	S127:G>T	3	172552	1.7386063E-5	-1.0	36.0	TRUE	G	1.7270911E-5	15.0	0.02638842	0.9990333	25.943264	0.20406018	0.006735319	56.0	0.0
SPIKE	S127:G>A	3	172552	1.7386063E-5	10.280287	38.666668	TRUE	G	2.9512406E-5	60.0	0.005285819	0.99834865	372.09198	0.08532476	0.0075596217	56.0	0.0
SPIKE	S127:G>C	0	172552	0.0	-1.0	0.0	TRUE	G	3.5157675E-5	2.0	0.017642565	0.9980331	38.494396	0.16042536	0.0069493856	56.0	1.0
SPIKE	S128:G>A	4	172552	2.3181417E-5	-1.0	38.75	TRUE	G	1.5248076E-5	31.0	0.005285819	0.99914646	372.09198	0.08532476	0.0075596217	56.0	0.0
SPIKE	S128:G>T	3	172552	1.7386063E-5	10.280287	39.333332	TRUE	G	2.9870922E-5	1.0	0.02638842	0.9983286	25.943264	0.20406018	0.006735319	56.0	1.0
SPIKE	S128:G>C	0	172552	0.0	-1.0	0.0	TRUE	G	3.5157675E-5	1.0	0.017642565	0.9980331	38.494396	0.16042536	0.0069493856	56.0	1.0
SPIKE	S129:C>A	10	172552	5.7953544E-5	31.352386	38.9	TRUE	C	2.7615995E-5	2.0	0.038192954	0.9984547	25.943264	0.1909713	0.010565569	56.0	1.0
SPIKE	S129:C>T	24	172552	1.390885E-4	47.17412	36.75	TRUE	C	1.8974998E-4	261.0	0.020254605	0.98943025	372.09198	0.12804069	0.008229454	56.0	0.0
SPIKE	S129:C>G	0	172552	0.0	-1.0	0.0	TRUE	C	3.3299704E-5	3.0	0.023935854	0.99813694	38.494396	0.15292712	0.0075126253	56.0	1.0
SPIKE	S130:G>A	1	172552	5.7953544E-6	4.2596874	38.0	TRUE	G	4.0825496E-5	83.0	0.005285819	0.99771637	372.09198	0.08532476	0.0075596217	56.0	0.0
SPIKE	S130:G>T	4	172552	2.3181417E-5	13.290587	36.5	TRUE	G	2.9870922E-5	4.0	0.02638842	0.9983286	25.943264	0.20406018	0.006735319	56.0	1.0
SPIKE	S130:G>C	0	172552	0.0	-1.0	0.0	TRUE	G	3.5157675E-5	1.0	0.017642565	0.9980331	38.494396	0.16042536	0.0069493856	56.0	1.0
SPIKE	S131:G>A	4	172552	2.3181417E-5	3.6487768	37.75	TRUE	G	2.1888368E-4	445.0	0.005285819	0.98781735	372.09198	0.08532476	0.0075596217	56.0	0.0
SPIKE	S131:G>T	1	172552	5.7953544E-6	4.2596874	35.0	TRUE	G	2.9870922E-5	3.0	0.02638842	0.9983286	25.943264	0.20406018	0.006735319	56.0	1.0
SPIKE	S131:G>C	0	172552	0.0	-1.0	0.0	TRUE	G	2.9226216E-5	32.0	0.017642565	0.9983647	38.494396	0.16042536	0.0069493856	56.0	0.0
SPIKE	S132:C>A	18	172552	1.0431638E-4	55.434788	38.833332	TRUE	C	2.7615995E-5	0.0	0.038192954	0.9984547	25.943264	0.1909713	0.010565569	56.0	1.0
SPIKE	S132:C>T	18	172552	1.0431638E-4	38.07082	36.0	TRUE	C	1.4249423E-4	196.0	0.020254605	0.9920521	372.09198	0.12804069	0.008229454	56.0	0.0
SPIKE	S132:C>G	0	172552	0.0	-1.0	0.0	TRUE	C	3.3299704E-5	2.0	0.023935854	0.99813694	38.494396	0.15292712	0.0075126253	56.0	1.0
SPIKE	S133:A>G	2	172552	1.1590709E-5	-1.0	37.5	TRUE	A	1.4137454E-5	12.0	0.020187557	0.9992086	34.93281	0.20747559	0.006971738	56.0	0.0
SPIKE	S133:A>T	2	172552	1.1590709E-5	7.269987	36.5	TRUE	A	2.9908286E-5	3.0	0.013475292	0.99832654	21.988485	0.23790756	0.006043104	56.0	1.0
SPIKE	S133:A>C	0	172552	0.0	-1.0	0.0	TRUE	A	4.538942E-5	3.0	0.011879056	0.99746144	46.644604	0.16992728	0.039378062	56.0	1.0
SPIKE	S134:G>A	6	172552	3.4772125E-5	13.113299	38.166668	TRUE	G	8.656972E-5	176.0	0.005285819	0.9951638	372.09198	0.08532476	0.0075596217	56.0	0.0
SPIKE	S134:G>C	1	172552	5.7953544E-6	-1.0	37.0	TRUE	G	1.0046511E-5	11.0	0.017642565	0.9994376	38.494396	0.16042536	0.0069493856	56.0	0.0
SPIKE	S134:G>T	1	172552	5.7953544E-6	4.2596874	32.0	TRUE	G	2.9870922E-5	8.0	0.02638842	0.9983286	25.943264	0.20406018	0.006735319	56.0	1.0
SPIKE	S135:C>A	0	172552	0.0	-1.0	0.0	TRUE	C	1.224148E-4	115.0	0.038192954	0.99316823	25.943264	0.1909713	0.010565569	56.0	0.0
SPIKE	S135:C>G	0	172552	0.0	-1.0	0.0	TRUE	C	3.3299704E-5	8.0	0.023935854	0.99813694	38.494396	0.15292712	0.0075126253	56.0	1.0
SPIKE	S135:C>T	0	172552	0.0	-1.0	0.0	TRUE	C	4.0712638E-4	560.0	0.020254605	0.97745883	372.09198	0.12804069	0.008229454	56.0	0.0
SPIKE	S136:C>A	0	172552	0.0	-1.0	0.0	TRUE	C	8.196469E-5	77.0	0.038192954	0.9954205	25.943264	0.1909713	0.010565569	56.0	0.0
SPIKE	S136:C>G	0	172552	0.0	-1.0	0.0	TRUE	C	3.3299704E-5	4.0	0.023935854	0.99813694	38.494396	0.15292712	0.0075126253	56.0	1.0
SPIKE	S136:C>T	0	172552	0.0	-1.0	0.0	TRUE	C	3.0461777E-4	419.0	0.020254605	0.98308605	372.09198	0.12804069	0.008229454	56.0	0.0
SPIKE	I137:>T	1	172552	5.7953544E-6	-1.0	39.370113	TRUE		NaN	NaN	NaN	NaN	NaN	NaN	NaN	NaN	NaN
SPIKE	D137-138:T>	3	172552	1.7386063E-5	-1.0	39.370113	TRUE		NaN	NaN	NaN	NaN	NaN	NaN	NaN	NaN	NaN
SPIKE	S137:T>A	0	172552	0.0	-1.0	0.0	TRUE	T	2.698756E-5	3.0	0.015116677	0.99848986	21.988485	0.2150322	0.005623176	56.0	1.0
SPIKE	S137:T>G	0	172552	0.0	-1.0	0.0	TRUE	T	1.863765E-4	198.0	0.017331503	0.98961717	46.644604	0.16528709	0.006885662	56.0	0.0
SPIKE	S137:T>C	0	172552	0.0	-1.0	0.0	TRUE	T	1.6061733E-4	138.0	0.028303662	0.9910458	34.93281	0.20668206	0.00643048	56.0	0.0
SPIKE	S138:G>A	0	172552	0.0	-1.0	0.0	TRUE	G	8.70616E-5	177.0	0.005285819	0.99513644	372.09198	0.08532476	0.0075596217	56.0	0.0
SPIKE	S138:G>C	0	172552	0.0	-1.0	0.0	TRUE	G	3.5157675E-5	8.0	0.017642565	0.9980331	38.494396	0.16042536	0.0069493856	56.0	1.0
SPIKE	S138:G>T	0	172552	0.0	-1.0	0.0	TRUE	G	9.326293E-5	81.0	0.02638842	0.9947909	25.943264	0.20406018	0.006735319	56.0	0.0
SPIKE	S139:A>G	0	172552	0.0	-1.0	0.0	TRUE	A	1.1781212E-4	100.0	0.020187557	0.99342424	34.93281	0.20747559	0.006971738	56.0	0.0
SPIKE	S139:A>C	0	172552	0.0	-1.0	0.0	TRUE	A	4.538942E-5	0.0	0.011879056	0.99746144	46.644604	0.16992728	0.039378062	56.0	1.0
SPIKE	S139:A>T	0	172552	0.0	-1.0	0.0	TRUE	A	3.8629098E-4	284.0	0.013475292	0.9786	21.988485	0.23790756	0.006043104	56.0	0.0
SPIKE	S140:T>A	0	172552	0.0	-1.0	0.0	TRUE	T	1.8164775E-4	148.0	0.015116677	0.9898793	21.988485	0.2150322	0.005623176	56.0	0.0
SPIKE	S140:T>G	0	172552	0.0	-1.0	0.0	TRUE	T	1.7884613E-5	19.0	0.017331503	0.99899894	46.644604	0.16528709	0.006885662	56.0	0.0
SPIKE	S140:T>C	0	172552	0.0	-1.0	0.0	TRUE	T	4.0658084E-5	2.0	0.028303662	0.9977257	34.93281	0.20668206	0.00643048	56.0	1.0
SPIKE	S141:T>A	0	172552	0.0	-1.0	0.0	TRUE	T	5.9280987E-4	483.0	0.015116677	0.9673476	21.988485	0.2150322	0.005623176	56.0	0.0
SPIKE	S141:T>G	0	172552	0.0	-1.0	0.0	TRUE	T	3.953441E-5	42.0	0.017331503	0.99778855	46.644604	0.16528709	0.006885662	56.0	0.0
SPIKE	S141:T>C	0	172552	0.0	-1.0	0.0	TRUE	T	1.39667245E-5	12.0	0.028303662	0.99921817	34.93281	0.20668206	0.00643048	56.0	0.0
SPIKE	I142:>CTGATT	1	172552	5.7953544E-6	-1.0	39.33069	TRUE		NaN	NaN	NaN	NaN	NaN	NaN	NaN	NaN	NaN
SPIKE	S142:A>G	0	172552	0.0	-1.0	0.0	TRUE	A	6.5856974E-4	559.0	0.020187557	0.96379185	34.93281	0.20747559	0.006971738	56.0	0.0
SPIKE	S142:A>C	0	172552	0.0	-1.0	0.0	TRUE	A	5.8385427E-5	60.0	0.011879056	0.99673575	46.644604	0.16992728	0.039378062	56.0	0.0
SPIKE	S142:A>T	0	172552	0.0	-1.0	0.0	TRUE	A	1.8090387E-4	133.0	0.013475292	0.9899205	21.988485	0.23790756	0.006043104	56.0	0.0
SPIKE	S143:G>A	0	172552	0.0	-1.0	0.0	TRUE	G	6.886228E-5	140.0	0.005285819	0.99615115	372.09198	0.08532476	0.0075596217	56.0	0.0
SPIKE	S143:G>C	0	172552	0.0	-1.0	0.0	TRUE	G	5.8543764E-4	641.0	0.017642565	0.9677471	38.494396	0.16042536	0.0069493856	56.0	0.0
SPIKE	S143:G>T	0	172552	0.0	-1.0	0.0	TRUE	G	2.9870922E-5	7.0	0.02638842	0.9983286	25.943264	0.20406018	0.006735319	56.0	1.0
SPIKE	S144:C>A	0	172552	0.0	-1.0	0.0	TRUE	C	2.7615995E-5	5.0	0.038192954	0.9984547	25.943264	0.1909713	0.010565569	56.0	1.0
SPIKE	S144:C>G	0	172552	0.0	-1.0	0.0	TRUE	C	1.3235315E-4	153.0	0.023935854	0.99261564	38.494396	0.15292712	0.0075126253	56.0	0.0
SPIKE	S144:C>T	0	172552	0.0	-1.0	0.0	TRUE	C	9.451148E-6	13.0	0.020254605	0.9994709	372.09198	0.12804069	0.008229454	56.0	0.0
SPIKE	S145:C>A	0	172552	0.0	-1.0	0.0	TRUE	C	2.7615995E-5	2.0	0.038192954	0.9984547	25.943264	0.1909713	0.010565569	56.0	1.0
SPIKE	S145:C>G	0	172552	0.0	-1.0	0.0	TRUE	C	5.1038143E-5	59.0	0.023935854	0.99714595	38.494396	0.15292712	0.0075126253	56.0	0.0
SPIKE	S145:C>T	0	172552	0.0	-1.0	0.0	TRUE	C	1.7448274E-5	24.0	0.020254605	0.9990234	372.09198	0.12804069	0.008229454	56.0	0.0
SPIKE	S146:C>A	0	172552	0.0	-1.0	0.0	TRUE	C	2.7615995E-5	3.0	0.038192954	0.9984547	25.943264	0.1909713	0.010565569	56.0	1.0
SPIKE	S146:C>G	0	172552	0.0	-1.0	0.0	TRUE	C	5.458486E-4	631.0	0.023935854	0.96989495	38.494396	0.15292712	0.0075126253	56.0	0.0
SPIKE	S146:C>T	0	172552	0.0	-1.0	0.0	TRUE	C	4.143965E-5	57.0	0.020254605	0.9976821	372.09198	0.12804069	0.008229454	56.0	0.0
SPIKE	S147:G>A	0	172552	0.0	-1.0	0.0	TRUE	G	1.8302216E-4	4.0	0.005285819	0.9898031	372.09198	0.08532476	0.0075596217	56.0	1.0
SPIKE	S147:G>C	0	172552	0.0	-1.0	0.0	TRUE	G	1.4613107E-4	160.0	0.017642565	0.9918501	38.494396	0.16042536	0.0069493856	56.0	0.0
SPIKE	S147:G>T	0	172552	0.0	-1.0	0.0	TRUE	G	7.530118E-4	654.0	0.02638842	0.95870805	25.943264	0.20406018	0.006735319	56.0	0.0
SPIKE	S148:T>A	0	172552	0.0	-1.0	0.0	TRUE	T	2.698756E-5	2.0	0.015116677	0.99848986	21.988485	0.2150322	0.005623176	56.0	1.0
SPIKE	S148:T>G	0	172552	0.0	-1.0	0.0	TRUE	T	8.706983E-4	925.0	0.017331503	0.9524105	46.644604	0.16528709	0.006885662	56.0	0.0
SPIKE	S148:T>C	0	172552	0.0	-1.0	0.0	TRUE	T	6.750584E-5	58.0	0.028303662	0.9962268	34.93281	0.20668206	0.00643048	56.0	0.0
SPIKE	S149:G>A	0	172552	0.0	-1.0	0.0	TRUE	G	0.010512811	21373.0	0.005285819	0.5550387	372.09198	0.08532476	0.0075596217	56.0	0.0
SPIKE	S149:G>C	0	172552	0.0	-1.0	0.0	TRUE	G	6.539366E-4	716.0	0.017642565	0.96404195	38.494396	0.16042536	0.0069493856	56.0	0.0
SPIKE	S149:G>T	0	172552	0.0	-1.0	0.0	TRUE	G	2.3948998E-4	208.0	0.02638842	0.98667806	25.943264	0.20406018	0.006735319	56.0	0.0
SPIKE	S150:C>A	0	172551	0.0	-1.0	0.0	TRUE	C	1.9160687E-5	18.0	0.038192954	0.9989276	25.943113	0.1909713	0.010565569	56.0	0.0
SPIKE	S150:C>G	0	172551	0.0	-1.0	0.0	TRUE	C	1.9117788E-4	221.0	0.023935854	0.98935115	38.494175	0.15292712	0.0075126253	56.0	0.0
SPIKE	S150:C>T	0	172551	0.0	-1.0	0.0	TRUE	C	6.092391E-4	838.0	0.020254605	0.966458	372.0898	0.12804069	0.008229454	56.0	0.0
SPIKE	S151:T>A	0	172547	0.0	-1.0	0.0	TRUE	T	2.698756E-5	0.0	0.015116677	0.99848986	21.987848	0.2150322	0.005623176	56.0	1.0
SPIKE	S151:T>G	0	172547	0.0	-1.0	0.0	TRUE	T	8.349533E-4	887.0	0.017331503	0.9543189	46.643253	0.16528709	0.006885662	56.0	0.0
SPIKE	S151:T>C	0	172547	0.0	-1.0	0.0	TRUE	T	2.7934258E-4	240.0	0.028303662	0.98447853	34.9318	0.20668206	0.00643048	56.0	0.0
SPIKE	S152:G>A	0	172533	0.0	-1.0	0.0	TRUE	G	1.8302216E-4	0.0	0.005285819	0.9898031	372.051	0.08532476	0.0075596217	56.0	1.0
SPIKE	S152:G>C	0	172533	0.0	-1.0	0.0	TRUE	G	3.5157675E-5	6.0	0.017642565	0.9980331	38.490158	0.16042536	0.0069493856	56.0	1.0
SPIKE	S152:G>T	0	172533	0.0	-1.0	0.0	TRUE	G	2.7406198E-4	238.0	0.02638842	0.9847697	25.940407	0.20406018	0.006735319	56.0	0.0
SPIKE	S153:G>A	0	172324	0.0	-1.0	0.0	TRUE	G	1.8302216E-4	0.0	0.005285819	0.9898031	371.6003	0.08532476	0.0075596217	56.0	1.0
SPIKE	S153:G>C	0	172324	0.0	-1.0	0.0	TRUE	G	3.5157675E-5	2.0	0.017642565	0.9980331	38.443535	0.16042536	0.0069493856	56.0	1.0
SPIKE	S153:G>T	0	172324	0.0	-1.0	0.0	TRUE	G	2.9870922E-5	5.0	0.02638842	0.9983286	25.908983	0.20406018	0.006735319	56.0	1.0
