#pipeline_block
reference	mutation	count	coverage	freq	score	cqs	has.reference	ancestral.allele	error.rate	minor.count.local	minor.fdr	minor.recall	minor.count.global	read.fraction.in.minors	q.filtered.read.fraction	mig.size	global.est
SPIKE	S0:T>A	0	56469	0.0	-1.0	0.0	TRUE	T	1.6842343E-5	4.0	0.16516304	0.99823314	5.7851434	0.19692318	0.07153788	105.0	1.0
SPIKE	S0:T>G	0	56469	0.0	-1.0	0.0	TRUE	T	7.577931E-5	0.0	0.08879463	0.9920747	17.4851	0.26858163	0.08250889	105.0	1.0
SPIKE	S0:T>C	0	56469	0.0	-1.0	0.0	TRUE	T	7.278988E-5	21.0	0.037827857	0.9923862	30.05502	0.2034272	0.07369227	105.0	0.0
SPIKE	S1:A>G	0	56510	0.0	-1.0	0.0	TRUE	A	1.2313377E-4	43.0	0.042677082	0.9871542	30.076841	0.16903459	0.06477001	105.0	0.0
SPIKE	S1:A>C	0	56510	0.0	-1.0	0.0	TRUE	A	2.6151343E-5	2.0	0.23631981	0.9972579	17.497795	0.11059219	0.13550141	105.0	1.0
SPIKE	S1:A>T	0	56510	0.0	-1.0	0.0	TRUE	A	1.8037877E-5	5.0	0.11244165	0.9981078	5.7893434	0.19837388	0.096709415	105.0	1.0
SPIKE	S2:G>A	0	56566	0.0	-1.0	0.0	TRUE	G	7.5273245E-5	27.0	0.046529952	0.9921275	35.422405	0.16539611	0.061912544	105.0	0.0
SPIKE	S2:G>C	0	56566	0.0	-1.0	0.0	TRUE	G	5.392691E-5	5.0	0.08061881	0.99435365	11.914864	0.27846864	0.06928214	105.0	1.0
SPIKE	S2:G>T	0	56566	0.0	-1.0	0.0	TRUE	G	4.4867927E-5	1.0	0.10076212	0.99529994	9.416379	0.2997319	0.055511896	105.0	1.0
SPIKE	S3:C>A	0	56621	0.0	-1.0	0.0	TRUE	C	2.5292808E-5	1.0	0.17559779	0.9973478	9.425534	0.18430175	0.1564652	105.0	1.0
SPIKE	S3:C>G	0	56621	0.0	-1.0	0.0	TRUE	C	2.5864068E-4	56.0	0.058191635	0.9732082	11.926449	0.2776667	0.10888981	105.0	0.0
SPIKE	S3:C>T	0	56621	0.0	-1.0	0.0	TRUE	C	1.8790358E-4	55.0	0.029856559	0.9804635	35.45685	0.19939485	0.075284176	105.0	0.0
SPIKE	S4:G>A	51	56674	8.9988357E-4	154.77469	40.0	TRUE	G	1.4469442E-4	52.0	0.046529952	0.98492193	35.490036	0.16539611	0.061912544	105.0	0.0
SPIKE	S4:G>T	4	56674	7.05791E-5	-1.0	40.0	TRUE	G	4.4867927E-5	5.0	0.10076212	0.99529994	9.434357	0.2997319	0.055511896	105.0	1.0
SPIKE	S4:G>C	0	56674	0.0	-1.0	0.0	TRUE	G	4.969134E-5	11.0	0.08061881	0.994796	11.937613	0.27846864	0.06928214	105.0	0.0
SPIKE	S5:T>A	5	56698	8.8186534E-5	-1.0	40.0	TRUE	T	1.6842343E-5	1.0	0.16516304	0.99823314	5.808604	0.19692318	0.07153788	105.0	1.0
SPIKE	S5:T>C	10	56698	1.7637307E-4	31.352386	40.0	TRUE	T	1.5880051E-4	46.0	0.037827857	0.9834642	30.176903	0.2034272	0.07369227	105.0	0.0
SPIKE	S5:T>G	0	56698	0.0	-1.0	0.0	TRUE	T	7.3379335E-5	17.0	0.08879463	0.99232477	17.556007	0.26858163	0.08250889	105.0	0.0
SPIKE	S6:G>A	15	56717	2.6447096E-4	-1.0	40.0	TRUE	G	6.6731416E-5	24.0	0.046529952	0.9930177	35.516964	0.16539611	0.061912544	105.0	0.0
SPIKE	S6:G>C	1	56717	1.7631399E-5	-1.0	40.0	TRUE	G	5.392691E-5	0.0	0.08061881	0.99435365	11.94667	0.27846864	0.06928214	105.0	1.0
SPIKE	S6:G>T	3	56717	5.2894193E-5	-1.0	40.0	TRUE	G	5.7026347E-5	12.0	0.10076212	0.9940301	9.441515	0.2997319	0.055511896	105.0	0.0
SPIKE	S7:A>G	7	56734	1.2338281E-4	-1.0	40.0	TRUE	A	5.419313E-5	19.0	0.042677082	0.9943259	30.196064	0.16903459	0.06477001	105.0	0.0
SPIKE	S7:A>C	2	56734	3.525223E-5	-1.0	40.0	TRUE	A	2.6151343E-5	0.0	0.23631981	0.9972579	17.567156	0.11059219	0.13550141	105.0	1.0
SPIKE	D7-8:A>	41	56734	7.226707E-4	-1.0	39.999912	TRUE		NaN	NaN	NaN	NaN	NaN	NaN	NaN	NaN	NaN
SPIKE	I7:>C	1	56734	1.7626115E-5	-1.0	39.999912	TRUE		NaN	NaN	NaN	NaN	NaN	NaN	NaN	NaN	NaN
SPIKE	S7:A>T	0	56734	0.0	-1.0	0.0	TRUE	A	1.8037877E-5	2.0	0.11244165	0.9981078	5.812292	0.19837388	0.096709415	105.0	1.0
SPIKE	S8:A>G	1	56735	1.7625804E-5	4.2596874	40.0	TRUE	A	8.841881E-5	31.0	0.042677082	0.990759	30.196596	0.16903459	0.06477001	105.0	0.0
SPIKE	S8:A>C	1	56735	1.7625804E-5	-1.0	40.0	TRUE	A	2.6151343E-5	1.0	0.23631981	0.9972579	17.567465	0.11059219	0.13550141	105.0	1.0
SPIKE	S8:A>T	2	56735	3.5251607E-5	-1.0	40.0	TRUE	A	1.8037877E-5	0.0	0.11244165	0.9981078	5.8123946	0.19837388	0.096709415	105.0	1.0
SPIKE	S9:G>A	13	56736	2.2913142E-4	40.383286	40.0	TRUE	G	9.172496E-5	33.0	0.046529952	0.9904151	35.528862	0.16539611	0.061912544	105.0	0.0
SPIKE	S9:G>T	4	56736	7.050198E-5	-1.0	40.0	TRUE	G	4.4867927E-5	1.0	0.10076212	0.99529994	9.444678	0.2997319	0.055511896	105.0	1.0
SPIKE	D9-10:G>	14	56736	2.467569E-4	-1.0	39.987133	TRUE		NaN	NaN	NaN	NaN	NaN	NaN	NaN	NaN	NaN
SPIKE	D9-11:GA>	3	56736	5.287648E-5	-1.0	39.987133	TRUE		NaN	NaN	NaN	NaN	NaN	NaN	NaN	NaN	NaN
SPIKE	S9:G>C	0	56736	0.0	-1.0	0.0	TRUE	G	5.392691E-5	0.0	0.08061881	0.99435365	11.950672	0.27846864	0.06928214	105.0	1.0
SPIKE	S10:A>G	8	56736	1.4100395E-4	25.331787	40.0	TRUE	A	1.6542582E-4	58.0	0.042677082	0.9827803	30.197128	0.16903459	0.06477001	105.0	0.0
SPIKE	S10:A>C	4	56736	7.050198E-5	-1.0	40.0	TRUE	A	2.6151343E-5	6.0	0.23631981	0.9972579	17.567774	0.11059219	0.13550141	105.0	1.0
SPIKE	D10-11:A>	13	56736	2.2913142E-4	-1.0	39.987766	TRUE		NaN	NaN	NaN	NaN	NaN	NaN	NaN	NaN	NaN
SPIKE	D10-12:AC>	1	56736	1.7625494E-5	-1.0	39.987766	TRUE		NaN	NaN	NaN	NaN	NaN	NaN	NaN	NaN	NaN
SPIKE	S10:A>T	0	56736	0.0	-1.0	0.0	TRUE	A	1.8037877E-5	0.0	0.11244165	0.9981078	5.8124967	0.19837388	0.096709415	105.0	1.0
SPIKE	S11:C>A	1	56736	1.7625494E-5	-1.0	40.0	TRUE	C	3.2135948E-5	12.0	0.17559779	0.9966314	9.444678	0.18430175	0.1564652	105.0	0.0
SPIKE	S11:C>T	27	56736	4.7588832E-4	82.52749	40.0	TRUE	C	1.5342767E-4	45.0	0.029856559	0.98401916	35.528862	0.19939485	0.075284176	105.0	0.0
SPIKE	D11-13:CG>	1	56736	1.7625494E-5	-1.0	39.992737	TRUE		NaN	NaN	NaN	NaN	NaN	NaN	NaN	NaN	NaN
SPIKE	D11-12:C>	8	56736	1.4100395E-4	-1.0	39.992737	TRUE		NaN	NaN	NaN	NaN	NaN	NaN	NaN	NaN	NaN
SPIKE	S11:C>G	0	56736	0.0	-1.0	0.0	TRUE	C	5.50833E-5	5.0	0.058191635	0.99423295	11.950672	0.2776667	0.10888981	105.0	1.0
SPIKE	S12:G>A	23	56736	4.0538635E-4	-1.0	40.0	TRUE	G	7.7827244E-5	28.0	0.046529952	0.99186146	35.528862	0.16539611	0.061912544	105.0	0.0
SPIKE	S12:G>C	1	56736	1.7625494E-5	-1.0	40.0	TRUE	G	6.317442E-5	14.0	0.08061881	0.99338865	11.950672	0.27846864	0.06928214	105.0	0.0
SPIKE	S12:G>T	2	56736	3.525099E-5	-1.0	40.0	TRUE	G	4.4867927E-5	1.0	0.10076212	0.99529994	9.444678	0.2997319	0.055511896	105.0	1.0
SPIKE	D12-13:G>	8	56736	1.4100395E-4	-1.0	39.993267	TRUE		NaN	NaN	NaN	NaN	NaN	NaN	NaN	NaN	NaN
SPIKE	S13:A>G	3	56737	5.2875548E-5	6.0206	40.0	TRUE	A	2.8806404E-4	101.0	0.042677082	0.97020614	30.19766	0.16903459	0.06477001	105.0	0.0
SPIKE	S13:A>C	5	56737	8.812591E-5	-1.0	40.0	TRUE	A	2.6151343E-5	7.0	0.23631981	0.9972579	17.568085	0.11059219	0.13550141	105.0	1.0
SPIKE	D13-14:A>	2	56737	3.5250367E-5	-1.0	39.998432	TRUE		NaN	NaN	NaN	NaN	NaN	NaN	NaN	NaN	NaN
SPIKE	S13:A>T	0	56737	0.0	-1.0	0.0	TRUE	A	1.8037877E-5	3.0	0.11244165	0.9981078	5.812599	0.19837388	0.096709415	105.0	1.0
SPIKE	S14:C>G	3	56737	5.2875548E-5	-1.0	40.0	TRUE	C	5.50833E-5	0.0	0.058191635	0.99423295	11.950883	0.2776667	0.10888981	105.0	1.0
SPIKE	S14:C>T	24	56737	4.2300439E-4	73.49659	40.0	TRUE	C	8.523609E-5	25.0	0.029856559	0.9910901	35.529488	0.19939485	0.075284176	105.0	0.0
SPIKE	D14-15:C>	7	56737	1.2337627E-4	-1.0	39.99459	TRUE		NaN	NaN	NaN	NaN	NaN	NaN	NaN	NaN	NaN
SPIKE	S14:C>A	0	56737	0.0	-1.0	0.0	TRUE	C	5.355897E-5	20.0	0.17559779	0.9943921	9.444844	0.18430175	0.1564652	105.0	0.0
SPIKE	S15:A>G	2	56737	3.5250367E-5	7.269987	40.0	TRUE	A	9.126781E-5	32.0	0.042677082	0.99046266	30.19766	0.16903459	0.06477001	105.0	0.0
SPIKE	D15-16:A>	5	56737	8.812591E-5	-1.0	39.99637	TRUE		NaN	NaN	NaN	NaN	NaN	NaN	NaN	NaN	NaN
SPIKE	I15:>A	1	56737	1.7625183E-5	-1.0	39.99637	TRUE		NaN	NaN	NaN	NaN	NaN	NaN	NaN	NaN	NaN
SPIKE	S15:A>C	0	56737	0.0	-1.0	0.0	TRUE	A	2.530571E-5	17.0	0.23631981	0.9973464	17.568085	0.11059219	0.13550141	105.0	0.0
SPIKE	S15:A>T	0	56737	0.0	-1.0	0.0	TRUE	A	1.8037877E-5	0.0	0.11244165	0.9981078	5.812599	0.19837388	0.096709415	105.0	1.0
SPIKE	S16:G>A	16	56737	2.8200293E-4	49.41419	40.0	TRUE	G	8.338486E-5	30.0	0.046529952	0.9912828	35.529488	0.16539611	0.061912544	105.0	0.0
SPIKE	S16:G>T	4	56737	7.050073E-5	-1.0	40.0	TRUE	G	4.4867927E-5	1.0	0.10076212	0.99529994	9.444844	0.2997319	0.055511896	105.0	1.0
SPIKE	S16:G>C	1	56737	1.7625183E-5	-1.0	40.0	TRUE	G	5.392691E-5	0.0	0.08061881	0.99435365	11.950883	0.27846864	0.06928214	105.0	1.0
SPIKE	S17:A>G	5	56737	8.812591E-5	10.658173	40.0	TRUE	A	2.4243012E-4	85.0	0.042677082	0.9748661	30.19766	0.16903459	0.06477001	105.0	0.0
SPIKE	S17:A>C	1	56737	1.7625183E-5	-1.0	40.0	TRUE	A	2.6151343E-5	1.0	0.23631981	0.9972579	17.568085	0.11059219	0.13550141	105.0	1.0
SPIKE	D17-18:A>	5	56737	8.812591E-5	-1.0	39.999912	TRUE		NaN	NaN	NaN	NaN	NaN	NaN	NaN	NaN	NaN
SPIKE	S17:A>T	0	56737	0.0	-1.0	0.0	TRUE	A	1.8037877E-5	4.0	0.11244165	0.9981078	5.812599	0.19837388	0.096709415	105.0	1.0
SPIKE	S18:A>G	1	56737	1.7625183E-5	4.2596874	40.0	TRUE	A	1.2264113E-4	43.0	0.042677082	0.98720527	30.19766	0.16903459	0.06477001	105.0	0.0
SPIKE	S18:A>T	1	56737	1.7625183E-5	-1.0	40.0	TRUE	A	1.8037877E-5	0.0	0.11244165	0.9981078	5.812599	0.19837388	0.096709415	105.0	1.0
SPIKE	S18:A>C	2	56737	3.5250367E-5	-1.0	40.0	TRUE	A	2.6151343E-5	9.0	0.23631981	0.9972579	17.568085	0.11059219	0.13550141	105.0	1.0
SPIKE	S19:C>G	1	56737	1.7625183E-5	-1.0	40.0	TRUE	C	5.50833E-5	2.0	0.058191635	0.99423295	11.950883	0.2776667	0.10888981	105.0	1.0
SPIKE	S19:C>T	5	56737	8.812591E-5	16.300888	40.0	TRUE	C	9.546443E-5	28.0	0.029856559	0.9900263	35.529488	0.19939485	0.075284176	105.0	0.0
SPIKE	D19-20:C>	1	56737	1.7625183E-5	-1.0	39.999207	TRUE		NaN	NaN	NaN	NaN	NaN	NaN	NaN	NaN	NaN
SPIKE	S19:C>A	0	56737	0.0	-1.0	0.0	TRUE	C	3.2135384E-5	12.0	0.17559779	0.99663144	9.444844	0.18430175	0.1564652	105.0	0.0
SPIKE	S20:C>A	14	56737	2.4675255E-4	-1.0	40.0	TRUE	C	2.5292808E-5	7.0	0.17559779	0.9973478	9.444844	0.18430175	0.1564652	105.0	1.0
SPIKE	S20:C>T	6	56737	1.05751096E-4	-1.0	40.0	TRUE	C	4.432277E-5	13.0	0.029856559	0.9953569	35.529488	0.19939485	0.075284176	105.0	0.0
SPIKE	S20:C>G	0	56737	0.0	-1.0	0.0	TRUE	C	5.50833E-5	0.0	0.058191635	0.99423295	11.950883	0.2776667	0.10888981	105.0	1.0
SPIKE	S21:A>G	2	56737	3.5250367E-5	-1.0	40.0	TRUE	A	5.4190263E-5	19.0	0.042677082	0.9943262	30.19766	0.16903459	0.06477001	105.0	0.0
SPIKE	S21:A>T	1	56737	1.7625183E-5	-1.0	40.0	TRUE	A	1.8037877E-5	6.0	0.11244165	0.9981078	5.812599	0.19837388	0.096709415	105.0	1.0
SPIKE	S21:A>C	0	56737	0.0	-1.0	0.0	TRUE	A	1.9351426E-5	13.0	0.23631981	0.99797016	17.568085	0.11059219	0.13550141	105.0	0.0
SPIKE	S22:A>T	56736	56737	0.99998236	-1.0	40.0	TRUE	T	1.8037877E-5	0.0	0.11244165	0.9981078	5.812599	0.19837388	0.096709415	105.0	1.0
SPIKE	S22:A>G	0	56737	0.0	-1.0	0.0	TRUE	T	8.612732E-5	1.0	0.042677082	0.9909974	30.19766	0.16903459	0.06477001	105.0	1.0
SPIKE	S22:A>C	0	56737	0.0	-1.0	0.0	TRUE	T	2.6151343E-5	0.0	0.23631981	0.9972579	17.568085	0.11059219	0.13550141	105.0	1.0
SPIKE	S23:A>G	0	56737	0.0	-1.0	0.0	TRUE	A	8.612732E-5	0.0	0.042677082	0.9909974	30.19766	0.16903459	0.06477001	105.0	1.0
SPIKE	S23:A>C	0	56737	0.0	-1.0	0.0	TRUE	A	2.6151343E-5	0.0	0.23631981	0.9972579	17.568085	0.11059219	0.13550141	105.0	1.0
SPIKE	S23:A>T	0	56737	0.0	-1.0	0.0	TRUE	A	6.2064755E-5	20.0	0.11244165	0.9935044	5.812599	0.19837388	0.096709415	105.0	0.0
SPIKE	S24:A>T	56736	56737	0.99998236	-1.0	40.0	TRUE	T	1.8037877E-5	0.0	0.11244165	0.9981078	5.812599	0.19837388	0.096709415	105.0	1.0
SPIKE	S24:A>G	0	56737	0.0	-1.0	0.0	TRUE	T	8.612732E-5	1.0	0.042677082	0.9909974	30.19766	0.16903459	0.06477001	105.0	1.0
SPIKE	S24:A>C	0	56737	0.0	-1.0	0.0	TRUE	T	2.6151343E-5	6.0	0.23631981	0.9972579	17.568085	0.11059219	0.13550141	105.0	1.0
SPIKE	S25:A>C	56736	56737	0.99998236	-1.0	40.0	TRUE	C	2.6151343E-5	0.0	0.23631981	0.9972579	17.568085	0.11059219	0.13550141	105.0	1.0
SPIKE	S25:A>G	0	56737	0.0	-1.0	0.0	TRUE	C	8.612732E-5	0.0	0.042677082	0.9909974	30.19766	0.16903459	0.06477001	105.0	1.0
SPIKE	S25:A>T	0	56737	0.0	-1.0	0.0	TRUE	C	5.5858276E-5	18.0	0.11244165	0.99415207	5.812599	0.19837388	0.096709415	105.0	0.0
SPIKE	S26:T>A	1	56737	1.7625183E-5	-1.0	40.0	TRUE	T	1.6842343E-5	0.0	0.16516304	0.99823314	5.812599	0.19692318	0.07153788	105.0	1.0
SPIKE	S26:T>C	2	56737	3.5250367E-5	7.269987	40.0	TRUE	T	1.3454267E-4	39.0	0.037827857	0.98597234	30.19766	0.2034272	0.07369227	105.0	0.0
SPIKE	S26:T>G	0	56737	0.0	-1.0	0.0	TRUE	T	1.2940394E-4	30.0	0.08879463	0.9865045	17.568085	0.26858163	0.08250889	105.0	0.0
SPIKE	S27:G>A	3	56738	5.2874617E-5	-1.0	40.0	TRUE	G	4.1691696E-5	15.0	0.046529952	0.99563193	35.530113	0.16539611	0.061912544	105.0	0.0
SPIKE	S27:G>T	1	56738	1.7624872E-5	-1.0	40.0	TRUE	G	6.175568E-5	13.0	0.10076212	0.99353665	9.445011	0.2997319	0.055511896	105.0	0.0
SPIKE	S27:G>C	1	56738	1.7624872E-5	-1.0	40.0	TRUE	G	5.392691E-5	0.0	0.08061881	0.99435365	11.951094	0.27846864	0.06928214	105.0	1.0
SPIKE	S28:G>A	5	56738	8.812436E-5	-1.0	40.0	TRUE	G	5.5588927E-5	20.0	0.046529952	0.99418014	35.530113	0.16539611	0.061912544	105.0	0.0
SPIKE	S28:G>T	1	56738	1.7624872E-5	-1.0	40.0	TRUE	G	4.4867927E-5	0.0	0.10076212	0.99529994	9.445011	0.2997319	0.055511896	105.0	1.0
SPIKE	S28:G>C	0	56738	0.0	-1.0	0.0	TRUE	G	5.392691E-5	1.0	0.08061881	0.99435365	11.951094	0.27846864	0.06928214	105.0	1.0
SPIKE	S29:G>A	2	56738	3.5249745E-5	-1.0	40.0	TRUE	G	5.8368376E-5	21.0	0.046529952	0.99389005	35.530113	0.16539611	0.061912544	105.0	0.0
SPIKE	S29:G>C	0	56738	0.0	-1.0	0.0	TRUE	G	5.392691E-5	0.0	0.08061881	0.99435365	11.951094	0.27846864	0.06928214	105.0	1.0
SPIKE	S29:G>T	0	56738	0.0	-1.0	0.0	TRUE	G	4.4867927E-5	0.0	0.10076212	0.99529994	9.445011	0.2997319	0.055511896	105.0	1.0
SPIKE	S30:A>G	1	56738	1.7624872E-5	4.2596874	40.0	TRUE	A	1.16934825E-4	41.0	0.042677082	0.9877969	30.198193	0.16903459	0.06477001	105.0	0.0
SPIKE	S30:A>C	0	56738	0.0	-1.0	0.0	TRUE	A	2.6151343E-5	1.0	0.23631981	0.9972579	17.568394	0.11059219	0.13550141	105.0	1.0
SPIKE	S30:A>T	0	56738	0.0	-1.0	0.0	TRUE	A	1.8037877E-5	7.0	0.11244165	0.9981078	5.8127017	0.19837388	0.096709415	105.0	1.0
SPIKE	S31:T>A	0	56738	0.0	-1.0	0.0	TRUE	T	3.1872576E-5	11.0	0.16516304	0.996659	5.8127017	0.19692318	0.07153788	105.0	0.0
SPIKE	S31:T>G	0	56738	0.0	-1.0	0.0	TRUE	T	7.577931E-5	0.0	0.08879463	0.9920747	17.568394	0.26858163	0.08250889	105.0	1.0
SPIKE	S31:T>C	0	56738	0.0	-1.0	0.0	TRUE	T	1.1729154E-4	34.0	0.037827857	0.9877599	30.198193	0.2034272	0.07369227	105.0	0.0
SPIKE	S32:C>T	5	56738	8.812436E-5	16.300888	40.0	TRUE	C	8.182521E-5	24.0	0.029856559	0.9914452	35.530113	0.19939485	0.075284176	105.0	0.0
SPIKE	S32:C>A	2	56738	3.5249745E-5	-1.0	40.0	TRUE	C	2.5292808E-5	0.0	0.17559779	0.9973478	9.445011	0.18430175	0.1564652	105.0	1.0
SPIKE	S32:C>G	0	56738	0.0	-1.0	0.0	TRUE	C	5.50833E-5	0.0	0.058191635	0.99423295	11.951094	0.2776667	0.10888981	105.0	1.0
SPIKE	S33:C>T	5	56738	8.812436E-5	-1.0	40.0	TRUE	C	5.455014E-5	16.0	0.029856559	0.9942886	35.530113	0.19939485	0.075284176	105.0	0.0
SPIKE	S33:C>A	15	56738	2.6437308E-4	-1.0	40.0	TRUE	C	2.5292808E-5	5.0	0.17559779	0.9973478	9.445011	0.18430175	0.1564652	105.0	1.0
SPIKE	S33:C>G	0	56738	0.0	-1.0	0.0	TRUE	C	5.50833E-5	0.0	0.058191635	0.99423295	11.951094	0.2776667	0.10888981	105.0	1.0
SPIKE	S34:A>G	2	56738	3.5249745E-5	-1.0	40.0	TRUE	A	3.9928964E-5	14.0	0.042677082	0.99581623	30.198193	0.16903459	0.06477001	105.0	0.0
SPIKE	S34:A>C	0	56738	0.0	-1.0	0.0	TRUE	A	1.786254E-5	12.0	0.23631981	0.9981262	17.568394	0.11059219	0.13550141	105.0	0.0
SPIKE	S34:A>T	0	56738	0.0	-1.0	0.0	TRUE	A	1.8037877E-5	6.0	0.11244165	0.9981078	5.8127017	0.19837388	0.096709415	105.0	1.0
SPIKE	S35:T>C	8	56738	1.4099898E-4	25.331787	40.0	TRUE	T	8.624378E-5	25.0	0.037827857	0.9909853	30.198193	0.2034272	0.07369227	105.0	0.0
SPIKE	S35:T>A	2	56738	3.5249745E-5	-1.0	40.0	TRUE	T	3.766759E-5	13.0	0.16516304	0.99605274	5.8127017	0.19692318	0.07153788	105.0	0.0
SPIKE	S35:T>G	2	56738	3.5249745E-5	-1.0	40.0	TRUE	T	7.577931E-5	0.0	0.08879463	0.9920747	17.568394	0.26858163	0.08250889	105.0	1.0
SPIKE	S36:T>C	1	56738	1.7624872E-5	4.2596874	40.0	TRUE	T	1.0417625E-4	6.0	0.037827857	0.9891211	30.198193	0.2034272	0.07369227	105.0	1.0
SPIKE	S36:T>A	0	56738	0.0	-1.0	0.0	TRUE	T	1.6842343E-5	6.0	0.16516304	0.99823314	5.8127017	0.19692318	0.07153788	105.0	1.0
SPIKE	S36:T>G	0	56738	0.0	-1.0	0.0	TRUE	T	7.577931E-5	0.0	0.08879463	0.9920747	17.568394	0.26858163	0.08250889	105.0	1.0
SPIKE	S37:A>G	4	56738	7.049949E-5	13.290587	40.0	TRUE	A	8.612732E-5	8.0	0.042677082	0.9909974	30.198193	0.16903459	0.06477001	105.0	1.0
SPIKE	S37:A>C	0	56738	0.0	-1.0	0.0	TRUE	A	2.6151343E-5	0.0	0.23631981	0.9972579	17.568394	0.11059219	0.13550141	105.0	1.0
SPIKE	S37:A>T	0	56738	0.0	-1.0	0.0	TRUE	A	5.275411E-5	17.0	0.11244165	0.99447614	5.8127017	0.19837388	0.096709415	105.0	0.0
SPIKE	S38:T>A	0	56738	0.0	-1.0	0.0	TRUE	T	2.8975068E-5	10.0	0.16516304	0.99696225	5.8127017	0.19692318	0.07153788	105.0	0.0
SPIKE	S38:T>G	0	56738	0.0	-1.0	0.0	TRUE	T	7.577931E-5	0.0	0.08879463	0.9920747	17.568394	0.26858163	0.08250889	105.0	1.0
SPIKE	S38:T>C	0	56738	0.0	-1.0	0.0	TRUE	T	4.1397016E-5	12.0	0.037827857	0.99566275	30.198193	0.2034272	0.07369227	105.0	0.0
SPIKE	S39:C>T	23	56738	4.0537206E-4	70.48629	40.0	TRUE	C	1.2614719E-4	37.0	0.029856559	0.98684186	35.530113	0.19939485	0.075284176	105.0	0.0
SPIKE	S39:C>A	6	56738	1.0574923E-4	-1.0	40.0	TRUE	C	2.5292808E-5	0.0	0.17559779	0.9973478	9.445011	0.18430175	0.1564652	105.0	1.0
SPIKE	S39:C>G	0	56738	0.0	-1.0	0.0	TRUE	C	5.50833E-5	8.0	0.058191635	0.99423295	11.951094	0.2776667	0.10888981	105.0	1.0
SPIKE	S40:G>T	7	56738	1.233741E-4	-1.0	40.0	TRUE	G	4.4867927E-5	0.0	0.10076212	0.99529994	9.445011	0.2997319	0.055511896	105.0	1.0
SPIKE	S40:G>A	11	56738	1.938736E-4	34.362686	40.0	TRUE	G	8.6162836E-5	31.0	0.046529952	0.9909937	35.530113	0.16539611	0.061912544	105.0	0.0
SPIKE	S40:G>C	0	56738	0.0	-1.0	0.0	TRUE	G	4.963529E-5	11.0	0.08061881	0.9948019	11.951094	0.27846864	0.06928214	105.0	0.0
SPIKE	S41:G>T	1	56738	1.7624872E-5	-1.0	40.0	TRUE	G	4.4867927E-5	0.0	0.10076212	0.99529994	9.445011	0.2997319	0.055511896	105.0	1.0
SPIKE	S41:G>A	11	56738	1.938736E-4	-1.0	40.0	TRUE	G	3.891225E-5	14.0	0.046529952	0.99592257	35.530113	0.16539611	0.061912544	105.0	0.0
SPIKE	S41:G>C	0	56738	0.0	-1.0	0.0	TRUE	G	5.392691E-5	6.0	0.08061881	0.99435365	11.951094	0.27846864	0.06928214	105.0	1.0
SPIKE	S42:C>T	51	56738	8.988685E-4	154.77469	40.0	TRUE	C	1.875161E-4	55.0	0.029856559	0.9805034	35.530113	0.19939485	0.075284176	105.0	0.0
SPIKE	S42:C>A	7	56738	1.233741E-4	-1.0	40.0	TRUE	C	2.5292808E-5	0.0	0.17559779	0.9973478	9.445011	0.18430175	0.1564652	105.0	1.0
SPIKE	S42:C>G	0	56738	0.0	-1.0	0.0	TRUE	C	7.374495E-5	16.0	0.058191635	0.9922867	11.951094	0.2776667	0.10888981	105.0	0.0
SPIKE	S43:G>A	8	56738	1.4099898E-4	-1.0	40.0	TRUE	G	5.2809482E-5	19.0	0.046529952	0.99447036	35.530113	0.16539611	0.061912544	105.0	0.0
SPIKE	S43:G>C	0	56738	0.0	-1.0	0.0	TRUE	G	5.414759E-5	12.0	0.08061881	0.99433064	11.951094	0.27846864	0.06928214	105.0	0.0
SPIKE	S43:G>T	0	56738	0.0	-1.0	0.0	TRUE	G	4.4867927E-5	1.0	0.10076212	0.99529994	9.445011	0.2997319	0.055511896	105.0	1.0
SPIKE	S44:G>A	24	56738	4.2299693E-4	73.49659	40.0	TRUE	G	1.3063398E-4	47.0	0.046529952	0.98637706	35.530113	0.16539611	0.061912544	105.0	0.0
SPIKE	S44:G>C	0	56738	0.0	-1.0	0.0	TRUE	G	5.392691E-5	3.0	0.08061881	0.99435365	11.951094	0.27846864	0.06928214	105.0	1.0
SPIKE	S44:G>T	0	56738	0.0	-1.0	0.0	TRUE	G	4.4867927E-5	0.0	0.10076212	0.99529994	9.445011	0.2997319	0.055511896	105.0	1.0
SPIKE	S45:C>T	78	56738	0.00137474	240.82399	40.0	TRUE	C	1.5683165E-4	46.0	0.029856559	0.9836675	35.530113	0.19939485	0.075284176	105.0	0.0
SPIKE	S45:C>A	9	56738	1.5862385E-4	-1.0	40.0	TRUE	C	2.5292808E-5	1.0	0.17559779	0.9973478	9.445011	0.18430175	0.1564652	105.0	1.0
SPIKE	S45:C>G	2	56738	3.5249745E-5	-1.0	40.0	TRUE	C	6.452684E-5	14.0	0.058191635	0.99324757	11.951094	0.2776667	0.10888981	105.0	0.0
SPIKE	S46:G>T	2	56738	3.5249745E-5	-1.0	40.0	TRUE	G	4.4867927E-5	0.0	0.10076212	0.99529994	9.445011	0.2997319	0.055511896	105.0	1.0
SPIKE	S46:G>A	37	56738	6.521203E-4	112.630486	40.0	TRUE	G	9.728062E-5	35.0	0.046529952	0.9898375	35.530113	0.16539611	0.061912544	105.0	0.0
SPIKE	S46:G>C	0	56738	0.0	-1.0	0.0	TRUE	G	4.963529E-5	11.0	0.08061881	0.9948019	11.951094	0.27846864	0.06928214	105.0	0.0
SPIKE	S47:A>T	1	56738	1.7624872E-5	-1.0	40.0	TRUE	A	1.8037877E-5	0.0	0.11244165	0.9981078	5.8127017	0.19837388	0.096709415	105.0	1.0
SPIKE	S47:A>G	0	56738	0.0	-1.0	0.0	TRUE	A	3.7076894E-5	13.0	0.042677082	0.9961145	30.198193	0.16903459	0.06477001	105.0	0.0
SPIKE	S47:A>C	0	56738	0.0	-1.0	0.0	TRUE	A	2.6151343E-5	1.0	0.23631981	0.9972579	17.568394	0.11059219	0.13550141	105.0	1.0
SPIKE	S48:A>G	5	56738	8.812436E-5	16.300888	40.0	TRUE	A	8.612732E-5	4.0	0.042677082	0.9909974	30.198193	0.16903459	0.06477001	105.0	1.0
SPIKE	S48:A>C	0	56738	0.0	-1.0	0.0	TRUE	A	2.6151343E-5	0.0	0.23631981	0.9972579	17.568394	0.11059219	0.13550141	105.0	1.0
SPIKE	S48:A>T	0	56738	0.0	-1.0	0.0	TRUE	A	1.8037877E-5	5.0	0.11244165	0.9981078	5.8127017	0.19837388	0.096709415	105.0	1.0
SPIKE	S49:T>A	1	56738	1.7624872E-5	-1.0	40.0	TRUE	T	3.1872576E-5	11.0	0.16516304	0.996659	5.8127017	0.19692318	0.07153788	105.0	0.0
SPIKE	D49-50:T>	1	56738	1.7624872E-5	-1.0	39.99993	TRUE		NaN	NaN	NaN	NaN	NaN	NaN	NaN	NaN	NaN
SPIKE	S49:T>G	0	56738	0.0	-1.0	0.0	TRUE	T	7.577931E-5	0.0	0.08879463	0.9920747	17.568394	0.26858163	0.08250889	105.0	1.0
SPIKE	S49:T>C	0	56738	0.0	-1.0	0.0	TRUE	T	1.0417625E-4	2.0	0.037827857	0.9891211	30.198193	0.2034272	0.07369227	105.0	1.0
SPIKE	S50:T>A	1	56738	1.7624872E-5	-1.0	40.0	TRUE	T	1.6842343E-5	0.0	0.16516304	0.99823314	5.8127017	0.19692318	0.07153788	105.0	1.0
SPIKE	S50:T>G	0	56738	0.0	-1.0	0.0	TRUE	T	7.577931E-5	0.0	0.08879463	0.9920747	17.568394	0.26858163	0.08250889	105.0	1.0
SPIKE	S50:T>C	0	56738	0.0	-1.0	0.0	TRUE	T	1.0417625E-4	3.0	0.037827857	0.9891211	30.198193	0.2034272	0.07369227	105.0	1.0
SPIKE	S51:T>C	2	56738	3.5249745E-5	7.269987	40.0	TRUE	T	1.0417625E-4	2.0	0.037827857	0.9891211	30.198193	0.2034272	0.07369227	105.0	1.0
SPIKE	S51:T>A	0	56738	0.0	-1.0	0.0	TRUE	T	1.6842343E-5	2.0	0.16516304	0.99823314	5.8127017	0.19692318	0.07153788	105.0	1.0
SPIKE	S51:T>G	0	56738	0.0	-1.0	0.0	TRUE	T	7.577931E-5	0.0	0.08879463	0.9920747	17.568394	0.26858163	0.08250889	105.0	1.0
SPIKE	S52:A>T	2	56738	3.5249745E-5	-1.0	40.0	TRUE	A	1.8037877E-5	2.0	0.11244165	0.9981078	5.8127017	0.19837388	0.096709415	105.0	1.0
SPIKE	S52:A>G	5	56738	8.812436E-5	-1.0	40.0	TRUE	A	3.9928964E-5	14.0	0.042677082	0.99581623	30.198193	0.16903459	0.06477001	105.0	0.0
SPIKE	S52:A>C	0	56738	0.0	-1.0	0.0	TRUE	A	3.7213624E-5	25.0	0.23631981	0.9961002	17.568394	0.11059219	0.13550141	105.0	0.0
SPIKE	S53:C>T	32	56738	5.639959E-4	97.57899	40.0	TRUE	C	1.5342227E-4	45.0	0.029856559	0.9840197	35.530113	0.19939485	0.075284176	105.0	0.0
SPIKE	S53:C>A	3	56738	5.2874617E-5	-1.0	40.0	TRUE	C	2.5292808E-5	8.0	0.17559779	0.9973478	9.445011	0.18430175	0.1564652	105.0	1.0
SPIKE	S53:C>G	0	56738	0.0	-1.0	0.0	TRUE	C	5.50833E-5	0.0	0.058191635	0.99423295	11.951094	0.2776667	0.10888981	105.0	1.0
SPIKE	S54:C>T	6	56738	1.0574923E-4	-1.0	40.0	TRUE	C	6.818767E-5	20.0	0.029856559	0.99286586	35.530113	0.19939485	0.075284176	105.0	0.0
SPIKE	S54:C>A	16	56738	2.8199796E-4	-1.0	40.0	TRUE	C	2.5292808E-5	3.0	0.17559779	0.9973478	9.445011	0.18430175	0.1564652	105.0	1.0
SPIKE	S54:C>G	0	56738	0.0	-1.0	0.0	TRUE	C	5.50833E-5	0.0	0.058191635	0.99423295	11.951094	0.2776667	0.10888981	105.0	1.0
SPIKE	S55:A>C	1	56738	1.7624872E-5	4.2596874	40.0	TRUE	A	1.4736595E-4	99.0	0.23631981	0.98464566	17.568394	0.11059219	0.13550141	105.0	0.0
SPIKE	S55:A>G	4	56738	7.049949E-5	8.284564	40.0	TRUE	A	2.8805895E-4	101.0	0.042677082	0.9702067	30.198193	0.16903459	0.06477001	105.0	0.0
SPIKE	S55:A>T	0	56738	0.0	-1.0	0.0	TRUE	A	1.8037877E-5	5.0	0.11244165	0.9981078	5.8127017	0.19837388	0.096709415	105.0	1.0
SPIKE	S56:C>T	8	56738	1.4099898E-4	-1.0	40.0	TRUE	C	5.455014E-5	16.0	0.029856559	0.9942886	35.530113	0.19939485	0.075284176	105.0	0.0
SPIKE	S56:C>G	1	56738	1.7624872E-5	-1.0	40.0	TRUE	C	5.50833E-5	0.0	0.058191635	0.99423295	11.951094	0.2776667	0.10888981	105.0	1.0
SPIKE	S56:C>A	1	56738	1.7624872E-5	-1.0	40.0	TRUE	C	2.5292808E-5	4.0	0.17559779	0.9973478	9.445011	0.18430175	0.1564652	105.0	1.0
SPIKE	S57:C>T	2	56738	3.5249745E-5	-1.0	40.0	TRUE	C	7.159705E-5	21.0	0.029856559	0.9925105	35.530113	0.19939485	0.075284176	105.0	0.0
SPIKE	S57:C>A	16	56738	2.8199796E-4	-1.0	40.0	TRUE	C	2.5292808E-5	4.0	0.17559779	0.9973478	9.445011	0.18430175	0.1564652	105.0	1.0
SPIKE	S57:C>G	0	56738	0.0	-1.0	0.0	TRUE	C	5.50833E-5	0.0	0.058191635	0.99423295	11.951094	0.2776667	0.10888981	105.0	1.0
SPIKE	S58:A>G	0	56738	0.0	-1.0	0.0	TRUE	A	7.700586E-5	27.0	0.042677082	0.991947	30.198193	0.16903459	0.06477001	105.0	0.0
SPIKE	S58:A>C	0	56738	0.0	-1.0	0.0	TRUE	A	1.488545E-5	10.0	0.23631981	0.99843824	17.568394	0.11059219	0.13550141	105.0	0.0
SPIKE	S58:A>T	0	56738	0.0	-1.0	0.0	TRUE	A	1.8037877E-5	2.0	0.11244165	0.9981078	5.8127017	0.19837388	0.096709415	105.0	1.0
SPIKE	S59:T>C	6	56738	1.0574923E-4	-1.0	40.0	TRUE	T	7.5894524E-5	22.0	0.037827857	0.99206275	30.198193	0.2034272	0.07369227	105.0	0.0
SPIKE	S59:T>G	1	56738	1.7624872E-5	-1.0	40.0	TRUE	T	7.577931E-5	1.0	0.08879463	0.9920747	17.568394	0.26858163	0.08250889	105.0	1.0
SPIKE	S59:T>A	1	56738	1.7624872E-5	-1.0	40.0	TRUE	T	3.766759E-5	13.0	0.16516304	0.99605274	5.8127017	0.19692318	0.07153788	105.0	0.0
SPIKE	S60:T>C	4	56738	7.049949E-5	-1.0	40.0	TRUE	T	3.7947262E-5	11.0	0.037827857	0.9960235	30.198193	0.2034272	0.07369227	105.0	0.0
SPIKE	S60:T>A	0	56738	0.0	-1.0	0.0	TRUE	T	1.6842343E-5	0.0	0.16516304	0.99823314	5.8127017	0.19692318	0.07153788	105.0	1.0
SPIKE	S60:T>G	0	56738	0.0	-1.0	0.0	TRUE	T	7.577931E-5	2.0	0.08879463	0.9920747	17.568394	0.26858163	0.08250889	105.0	1.0
SPIKE	S61:G>T	1	56738	1.7624872E-5	-1.0	40.0	TRUE	G	5.2254803E-5	11.0	0.10076212	0.9945283	9.445011	0.2997319	0.055511896	105.0	0.0
SPIKE	S61:G>A	3	56738	5.2874617E-5	-1.0	40.0	TRUE	G	5.5588927E-5	20.0	0.046529952	0.99418014	35.530113	0.16539611	0.061912544	105.0	0.0
SPIKE	D61-62:G>	1	56738	1.7624872E-5	-1.0	39.998783	TRUE		NaN	NaN	NaN	NaN	NaN	NaN	NaN	NaN	NaN
SPIKE	S61:G>C	0	56738	0.0	-1.0	0.0	TRUE	G	5.392691E-5	0.0	0.08061881	0.99435365	11.951094	0.27846864	0.06928214	105.0	1.0
SPIKE	S62:A>C	1	56738	1.7624872E-5	-1.0	40.0	TRUE	A	2.6151343E-5	0.0	0.23631981	0.9972579	17.568394	0.11059219	0.13550141	105.0	1.0
SPIKE	S62:A>G	2	56738	3.5249745E-5	-1.0	40.0	TRUE	A	3.7076894E-5	13.0	0.042677082	0.9961145	30.198193	0.16903459	0.06477001	105.0	0.0
SPIKE	D62-63:A>	9	56738	1.5862385E-4	-1.0	39.999454	TRUE		NaN	NaN	NaN	NaN	NaN	NaN	NaN	NaN	NaN
SPIKE	S62:A>T	0	56738	0.0	-1.0	0.0	TRUE	A	1.8037877E-5	0.0	0.11244165	0.9981078	5.8127017	0.19837388	0.096709415	105.0	1.0
SPIKE	S63:A>G	2	56738	3.5249745E-5	7.269987	40.0	TRUE	A	8.612732E-5	4.0	0.042677082	0.9909974	30.198193	0.16903459	0.06477001	105.0	1.0
SPIKE	S63:A>C	0	56738	0.0	-1.0	0.0	TRUE	A	2.6151343E-5	0.0	0.23631981	0.9972579	17.568394	0.11059219	0.13550141	105.0	1.0
SPIKE	S63:A>T	0	56738	0.0	-1.0	0.0	TRUE	A	1.8037877E-5	1.0	0.11244165	0.9981078	5.8127017	0.19837388	0.096709415	105.0	1.0
SPIKE	S64:A>C	2	56738	3.5249745E-5	-1.0	40.0	TRUE	A	2.6151343E-5	3.0	0.23631981	0.9972579	17.568394	0.11059219	0.13550141	105.0	1.0
SPIKE	S64:A>G	0	56738	0.0	-1.0	0.0	TRUE	A	5.7041376E-5	20.0	0.042677082	0.99402857	30.198193	0.16903459	0.06477001	105.0	0.0
SPIKE	S64:A>T	0	56738	0.0	-1.0	0.0	TRUE	A	1.8037877E-5	0.0	0.11244165	0.9981078	5.8127017	0.19837388	0.096709415	105.0	1.0
SPIKE	S65:A>G	1	56738	1.7624872E-5	4.2596874	40.0	TRUE	A	1.283431E-4	45.0	0.042677082	0.98661435	30.198193	0.16903459	0.06477001	105.0	0.0
SPIKE	S65:A>C	1	56738	1.7624872E-5	4.2596874	40.0	TRUE	A	9.675542E-5	65.0	0.23631981	0.9898921	17.568394	0.11059219	0.13550141	105.0	0.0
SPIKE	S65:A>T	0	56738	0.0	-1.0	0.0	TRUE	A	1.8037877E-5	0.0	0.11244165	0.9981078	5.8127017	0.19837388	0.096709415	105.0	1.0
SPIKE	S66:C>A	3	56738	5.2874617E-5	10.280287	40.0	TRUE	C	1.767415E-4	66.0	0.17559779	0.9816133	9.445011	0.18430175	0.1564652	105.0	0.0
SPIKE	S66:C>G	1	56738	1.7624872E-5	-1.0	40.0	TRUE	C	5.50833E-5	0.0	0.058191635	0.99423295	11.951094	0.2776667	0.10888981	105.0	1.0
SPIKE	S66:C>T	6	56738	1.0574923E-4	19.311188	40.0	TRUE	C	8.8643974E-5	26.0	0.029856559	0.9907356	35.530113	0.19939485	0.075284176	105.0	0.0
SPIKE	S67:C>A	12	56738	2.1149847E-4	-1.0	40.0	TRUE	C	2.5292808E-5	8.0	0.17559779	0.9973478	9.445011	0.18430175	0.1564652	105.0	1.0
SPIKE	S67:C>T	4	56738	7.049949E-5	-1.0	40.0	TRUE	C	3.750322E-5	11.0	0.029856559	0.9960699	35.530113	0.19939485	0.075284176	105.0	0.0
SPIKE	S67:C>G	0	56738	0.0	-1.0	0.0	TRUE	C	5.50833E-5	1.0	0.058191635	0.99423295	11.951094	0.2776667	0.10888981	105.0	1.0
SPIKE	S68:A>G	7	56738	1.233741E-4	15.631419	40.0	TRUE	A	2.3957378E-4	84.0	0.042677082	0.9751585	30.198193	0.16903459	0.06477001	105.0	0.0
SPIKE	S68:A>C	0	56738	0.0	-1.0	0.0	TRUE	A	2.6151343E-5	7.0	0.23631981	0.9972579	17.568394	0.11059219	0.13550141	105.0	1.0
SPIKE	S68:A>T	0	56738	0.0	-1.0	0.0	TRUE	A	1.8037877E-5	0.0	0.11244165	0.9981078	5.8127017	0.19837388	0.096709415	105.0	1.0
SPIKE	S69:G>A	6	56738	1.0574923E-4	-1.0	40.0	TRUE	G	6.6706714E-5	24.0	0.046529952	0.9930203	35.530113	0.16539611	0.061912544	105.0	0.0
SPIKE	S69:G>T	1	56738	1.7624872E-5	-1.0	40.0	TRUE	G	4.4867927E-5	0.0	0.10076212	0.99529994	9.445011	0.2997319	0.055511896	105.0	1.0
SPIKE	S69:G>C	0	56738	0.0	-1.0	0.0	TRUE	G	5.392691E-5	9.0	0.08061881	0.99435365	11.951094	0.27846864	0.06928214	105.0	1.0
SPIKE	S70:C>A	11	56738	1.938736E-4	-1.0	40.0	TRUE	C	2.5292808E-5	1.0	0.17559779	0.9973478	9.445011	0.18430175	0.1564652	105.0	1.0
SPIKE	S70:C>T	44	56738	7.754944E-4	133.70259	40.0	TRUE	C	1.5683165E-4	46.0	0.029856559	0.9836675	35.530113	0.19939485	0.075284176	105.0	0.0
SPIKE	S70:C>G	0	56738	0.0	-1.0	0.0	TRUE	C	5.50833E-5	2.0	0.058191635	0.99423295	11.951094	0.2776667	0.10888981	105.0	1.0
SPIKE	S71:C>A	18	56738	3.172477E-4	-1.0	40.0	TRUE	C	2.5292808E-5	1.0	0.17559779	0.9973478	9.445011	0.18430175	0.1564652	105.0	1.0
SPIKE	S71:C>G	1	56738	1.7624872E-5	-1.0	40.0	TRUE	C	5.50833E-5	8.0	0.058191635	0.99423295	11.951094	0.2776667	0.10888981	105.0	1.0
SPIKE	S71:C>T	4	56738	7.049949E-5	13.290587	40.0	TRUE	C	1.0910028E-4	32.0	0.029856559	0.98860985	35.530113	0.19939485	0.075284176	105.0	0.0
SPIKE	S72:G>A	18	56738	3.172477E-4	55.434788	40.0	TRUE	G	9.450118E-5	34.0	0.046529952	0.99012643	35.530113	0.16539611	0.061912544	105.0	0.0
SPIKE	S72:G>C	1	56738	1.7624872E-5	-1.0	40.0	TRUE	G	5.392691E-5	2.0	0.08061881	0.99435365	11.951094	0.27846864	0.06928214	105.0	1.0
SPIKE	S72:G>T	1	56738	1.7624872E-5	-1.0	40.0	TRUE	G	4.4867927E-5	8.0	0.10076212	0.99529994	9.445011	0.2997319	0.055511896	105.0	1.0
SPIKE	S73:T>C	1	56738	1.7624872E-5	2.0412	40.0	TRUE	T	2.7942983E-4	81.0	0.037827857	0.9710861	30.198193	0.2034272	0.07369227	105.0	0.0
SPIKE	S73:T>A	0	56738	0.0	-1.0	0.0	TRUE	T	1.6842343E-5	2.0	0.16516304	0.99823314	5.8127017	0.19692318	0.07153788	105.0	1.0
SPIKE	S73:T>G	0	56738	0.0	-1.0	0.0	TRUE	T	8.195438E-5	19.0	0.08879463	0.9914317	17.568394	0.26858163	0.08250889	105.0	0.0
SPIKE	S74:G>A	6	56738	1.0574923E-4	-1.0	40.0	TRUE	G	3.0573912E-5	11.0	0.046529952	0.9967949	35.530113	0.16539611	0.061912544	105.0	0.0
SPIKE	S74:G>T	4	56738	7.049949E-5	-1.0	40.0	TRUE	G	4.4867927E-5	2.0	0.10076212	0.99529994	9.445011	0.2997319	0.055511896	105.0	1.0
SPIKE	S74:G>C	0	56738	0.0	-1.0	0.0	TRUE	G	5.392691E-5	0.0	0.08061881	0.99435365	11.951094	0.27846864	0.06928214	105.0	1.0
SPIKE	S75:G>A	7	56738	1.233741E-4	-1.0	40.0	TRUE	G	4.725059E-5	17.0	0.046529952	0.99505097	35.530113	0.16539611	0.061912544	105.0	0.0
SPIKE	S75:G>C	0	56738	0.0	-1.0	0.0	TRUE	G	5.392691E-5	0.0	0.08061881	0.99435365	11.951094	0.27846864	0.06928214	105.0	1.0
SPIKE	S75:G>T	0	56738	0.0	-1.0	0.0	TRUE	G	4.4867927E-5	8.0	0.10076212	0.99529994	9.445011	0.2997319	0.055511896	105.0	1.0
SPIKE	S76:T>G	1	56738	1.7624872E-5	4.2596874	40.0	TRUE	T	1.0783471E-4	25.0	0.08879463	0.9887412	17.568394	0.26858163	0.08250889	105.0	0.0
SPIKE	S76:T>C	2	56738	3.5249745E-5	7.269987	40.0	TRUE	T	1.4488955E-4	42.0	0.037827857	0.9849017	30.198193	0.2034272	0.07369227	105.0	0.0
SPIKE	S76:T>A	0	56738	0.0	-1.0	0.0	TRUE	T	1.6842343E-5	0.0	0.16516304	0.99823314	5.8127017	0.19692318	0.07153788	105.0	1.0
SPIKE	S77:T>A	0	56738	0.0	-1.0	0.0	TRUE	T	1.6842343E-5	0.0	0.16516304	0.99823314	5.8127017	0.19692318	0.07153788	105.0	1.0
SPIKE	S77:T>G	0	56738	0.0	-1.0	0.0	TRUE	T	7.577931E-5	0.0	0.08879463	0.9920747	17.568394	0.26858163	0.08250889	105.0	1.0
SPIKE	S77:T>C	0	56738	0.0	-1.0	0.0	TRUE	T	1.0417625E-4	4.0	0.037827857	0.9891211	30.198193	0.2034272	0.07369227	105.0	1.0
SPIKE	S78:T>A	0	56738	0.0	-1.0	0.0	TRUE	T	1.6842343E-5	0.0	0.16516304	0.99823314	5.8127017	0.19692318	0.07153788	105.0	1.0
SPIKE	S78:T>G	0	56738	0.0	-1.0	0.0	TRUE	T	4.3133885E-5	10.0	0.08879463	0.9954812	17.568394	0.26858163	0.08250889	105.0	0.0
SPIKE	S78:T>C	0	56738	0.0	-1.0	0.0	TRUE	T	1.0417625E-4	0.0	0.037827857	0.9891211	30.198193	0.2034272	0.07369227	105.0	1.0
SPIKE	S79:G>A	4	56738	7.049949E-5	13.290587	40.0	TRUE	G	9.875405E-5	8.0	0.046529952	0.9896844	35.530113	0.16539611	0.061912544	105.0	1.0
SPIKE	S79:G>C	0	56738	0.0	-1.0	0.0	TRUE	G	4.5122993E-5	10.0	0.08061881	0.9952733	11.951094	0.27846864	0.06928214	105.0	0.0
SPIKE	S79:G>T	0	56738	0.0	-1.0	0.0	TRUE	G	4.4867927E-5	2.0	0.10076212	0.99529994	9.445011	0.2997319	0.055511896	105.0	1.0
SPIKE	S80:C>A	2	56738	3.5249745E-5	-1.0	40.0	TRUE	C	2.5292808E-5	3.0	0.17559779	0.9973478	9.445011	0.18430175	0.1564652	105.0	1.0
SPIKE	S80:C>T	96	56738	0.0016919877	278.15198	40.0	TRUE	C	2.693413E-4	79.0	0.029856559	0.97211534	35.530113	0.19939485	0.075284176	105.0	0.0
SPIKE	S80:C>G	0	56738	0.0	-1.0	0.0	TRUE	C	5.9917773E-5	13.0	0.058191635	0.9937284	11.951094	0.2776667	0.10888981	105.0	0.0
SPIKE	S81:G>A	7	56738	1.233741E-4	-1.0	40.0	TRUE	G	5.0030034E-5	18.0	0.046529952	0.99476063	35.530113	0.16539611	0.061912544	105.0	0.0
SPIKE	S81:G>T	2	56738	3.5249745E-5	-1.0	40.0	TRUE	G	4.4867927E-5	0.0	0.10076212	0.99529994	9.445011	0.2997319	0.055511896	105.0	1.0
SPIKE	S81:G>C	0	56738	0.0	-1.0	0.0	TRUE	G	5.392691E-5	2.0	0.08061881	0.99435365	11.951094	0.27846864	0.06928214	105.0	1.0
SPIKE	S82:G>A	16	56738	2.8199796E-4	-1.0	40.0	TRUE	G	7.2265604E-5	26.0	0.046529952	0.9924408	35.530113	0.16539611	0.061912544	105.0	0.0
SPIKE	S82:G>T	1	56738	1.7624872E-5	-1.0	40.0	TRUE	G	4.4867927E-5	0.0	0.10076212	0.99529994	9.445011	0.2997319	0.055511896	105.0	1.0
SPIKE	S82:G>C	0	56738	0.0	-1.0	0.0	TRUE	G	4.5122993E-5	10.0	0.08061881	0.9952733	11.951094	0.27846864	0.06928214	105.0	0.0
SPIKE	S83:C>A	11	56738	1.938736E-4	-1.0	40.0	TRUE	C	2.5292808E-5	1.0	0.17559779	0.9973478	9.445011	0.18430175	0.1564652	105.0	1.0
SPIKE	S83:C>T	56	56738	9.869928E-4	174.5974	40.0	TRUE	C	1.2273781E-4	36.0	0.029856559	0.9871952	35.530113	0.19939485	0.075284176	105.0	0.0
SPIKE	S83:C>G	0	56738	0.0	-1.0	0.0	TRUE	C	5.5308716E-5	12.0	0.058191635	0.9942094	11.951094	0.2776667	0.10888981	105.0	0.0
SPIKE	S84:G>A	19	56738	3.3487257E-4	58.445087	40.0	TRUE	G	8.0603946E-5	29.0	0.046529952	0.9915723	35.530113	0.16539611	0.061912544	105.0	0.0
SPIKE	S84:G>C	0	56738	0.0	-1.0	0.0	TRUE	G	5.392691E-5	2.0	0.08061881	0.99435365	11.951094	0.27846864	0.06928214	105.0	1.0
SPIKE	S84:G>T	0	56738	0.0	-1.0	0.0	TRUE	G	4.4867927E-5	0.0	0.10076212	0.99529994	9.445011	0.2997319	0.055511896	105.0	1.0
SPIKE	S85:A>G	0	56738	0.0	-1.0	0.0	TRUE	A	8.612732E-5	6.0	0.042677082	0.9909974	30.198193	0.16903459	0.06477001	105.0	1.0
SPIKE	S85:A>C	0	56738	0.0	-1.0	0.0	TRUE	A	3.1259446E-5	21.0	0.23631981	0.9967231	17.568394	0.11059219	0.13550141	105.0	0.0
SPIKE	S85:A>T	0	56738	0.0	-1.0	0.0	TRUE	A	5.8960475E-5	19.0	0.11244165	0.9938283	5.8127017	0.19837388	0.096709415	105.0	0.0
SPIKE	D86-87:T>	6	56738	1.0574923E-4	-1.0	39.999508	TRUE		NaN	NaN	NaN	NaN	NaN	NaN	NaN	NaN	NaN
SPIKE	S86:T>A	0	56738	0.0	-1.0	0.0	TRUE	T	1.6842343E-5	3.0	0.16516304	0.99823314	5.8127017	0.19692318	0.07153788	105.0	1.0
SPIKE	S86:T>G	0	56738	0.0	-1.0	0.0	TRUE	T	7.577931E-5	0.0	0.08879463	0.9920747	17.568394	0.26858163	0.08250889	105.0	1.0
SPIKE	S86:T>C	0	56738	0.0	-1.0	0.0	TRUE	T	4.4846765E-5	13.0	0.037827857	0.99530214	30.198193	0.2034272	0.07369227	105.0	0.0
SPIKE	S87:T>G	1	56738	1.7624872E-5	-1.0	40.0	TRUE	T	7.577931E-5	2.0	0.08879463	0.9920747	17.568394	0.26858163	0.08250889	105.0	1.0
SPIKE	S87:T>A	2	56738	3.5249745E-5	-1.0	40.0	TRUE	T	1.6842343E-5	1.0	0.16516304	0.99823314	5.8127017	0.19692318	0.07153788	105.0	1.0
SPIKE	S87:T>C	1	56738	1.7624872E-5	4.2596874	40.0	TRUE	T	1.0417625E-4	6.0	0.037827857	0.9891211	30.198193	0.2034272	0.07369227	105.0	1.0
SPIKE	S88:T>C	1	56738	1.7624872E-5	4.2596874	40.0	TRUE	T	1.0417625E-4	3.0	0.037827857	0.9891211	30.198193	0.2034272	0.07369227	105.0	1.0
SPIKE	S88:T>A	0	56738	0.0	-1.0	0.0	TRUE	T	2.8975068E-5	10.0	0.16516304	0.99696225	5.8127017	0.19692318	0.07153788	105.0	0.0
SPIKE	S88:T>G	0	56738	0.0	-1.0	0.0	TRUE	T	7.577931E-5	0.0	0.08879463	0.9920747	17.568394	0.26858163	0.08250889	105.0	1.0
SPIKE	S89:A>G	4	56738	7.049949E-5	13.290587	40.0	TRUE	A	8.612732E-5	2.0	0.042677082	0.9909974	30.198193	0.16903459	0.06477001	105.0	1.0
SPIKE	S89:A>T	2	56738	3.5249745E-5	-1.0	40.0	TRUE	A	6.5166845E-5	21.0	0.11244165	0.9931808	5.8127017	0.19837388	0.096709415	105.0	0.0
SPIKE	S89:A>C	0	56738	0.0	-1.0	0.0	TRUE	A	2.6151343E-5	1.0	0.23631981	0.9972579	17.568394	0.11059219	0.13550141	105.0	1.0
SPIKE	S90:T>A	0	56738	0.0	-1.0	0.0	TRUE	T	1.6842343E-5	2.0	0.16516304	0.99823314	5.8127017	0.19692318	0.07153788	105.0	1.0
SPIKE	S90:T>G	0	56738	0.0	-1.0	0.0	TRUE	T	7.577931E-5	1.0	0.08879463	0.9920747	17.568394	0.26858163	0.08250889	105.0	1.0
SPIKE	S90:T>C	0	56738	0.0	-1.0	0.0	TRUE	T	6.8995025E-5	20.0	0.037827857	0.9927817	30.198193	0.2034272	0.07369227	105.0	0.0
SPIKE	S91:C>A	10	56738	1.7624872E-4	-1.0	40.0	TRUE	C	2.5292808E-5	1.0	0.17559779	0.9973478	9.445011	0.18430175	0.1564652	105.0	1.0
SPIKE	S91:C>T	32	56738	5.639959E-4	97.57899	40.0	TRUE	C	1.1591904E-4	34.0	0.029856559	0.9879023	35.530113	0.19939485	0.075284176	105.0	0.0
SPIKE	S91:C>G	0	56738	0.0	-1.0	0.0	TRUE	C	5.5308716E-5	12.0	0.058191635	0.9942094	11.951094	0.2776667	0.10888981	105.0	0.0
SPIKE	S92:G>A	21	56738	3.7012232E-4	64.46568	40.0	TRUE	G	1.0006007E-4	36.0	0.046529952	0.9895487	35.530113	0.16539611	0.061912544	105.0	0.0
SPIKE	S92:G>C	0	56738	0.0	-1.0	0.0	TRUE	G	5.392691E-5	3.0	0.08061881	0.99435365	11.951094	0.27846864	0.06928214	105.0	1.0
SPIKE	S92:G>T	0	56738	0.0	-1.0	0.0	TRUE	G	5.2254803E-5	11.0	0.10076212	0.9945283	9.445011	0.2997319	0.055511896	105.0	0.0
SPIKE	S93:T>C	1	56738	1.7624872E-5	4.2596874	40.0	TRUE	T	1.7938706E-4	52.0	0.037827857	0.98134065	30.198193	0.2034272	0.07369227	105.0	0.0
SPIKE	S93:T>A	0	56738	0.0	-1.0	0.0	TRUE	T	1.6842343E-5	1.0	0.16516304	0.99823314	5.8127017	0.19692318	0.07153788	105.0	1.0
SPIKE	S93:T>G	0	56738	0.0	-1.0	0.0	TRUE	T	7.577931E-5	3.0	0.08879463	0.9920747	17.568394	0.26858163	0.08250889	105.0	1.0
SPIKE	S94:C>A	10	56738	1.7624872E-4	-1.0	40.0	TRUE	C	2.5292808E-5	1.0	0.17559779	0.9973478	9.445011	0.18430175	0.1564652	105.0	1.0
SPIKE	S94:C>T	4	56738	7.049949E-5	-1.0	40.0	TRUE	C	7.500644E-5	22.0	0.029856559	0.99215525	35.530113	0.19939485	0.075284176	105.0	0.0
SPIKE	S94:C>G	0	56738	0.0	-1.0	0.0	TRUE	C	5.0699655E-5	11.0	0.058191635	0.99469066	11.951094	0.2776667	0.10888981	105.0	0.0
SPIKE	S95:G>A	44	56738	7.754944E-4	133.70259	40.0	TRUE	G	8.6162836E-5	31.0	0.046529952	0.9909937	35.530113	0.16539611	0.061912544	105.0	0.0
SPIKE	S95:G>C	1	56738	1.7624872E-5	-1.0	40.0	TRUE	G	5.392691E-5	2.0	0.08061881	0.99435365	11.951094	0.27846864	0.06928214	105.0	1.0
SPIKE	S95:G>T	0	56738	0.0	-1.0	0.0	TRUE	G	5.2254803E-5	11.0	0.10076212	0.9945283	9.445011	0.2997319	0.055511896	105.0	0.0
SPIKE	S96:T>C	9	56738	1.5862385E-4	28.342087	40.0	TRUE	T	1.414398E-4	41.0	0.037827857	0.9852586	30.198193	0.2034272	0.07369227	105.0	0.0
SPIKE	S96:T>A	2	56738	3.5249745E-5	-1.0	40.0	TRUE	T	1.6842343E-5	1.0	0.16516304	0.99823314	5.8127017	0.19692318	0.07153788	105.0	1.0
SPIKE	S96:T>G	0	56738	0.0	-1.0	0.0	TRUE	T	7.577931E-5	4.0	0.08879463	0.9920747	17.568394	0.26858163	0.08250889	105.0	1.0
SPIKE	S97:C>T	8	56738	1.4099898E-4	-1.0	40.0	TRUE	C	4.0912604E-5	12.0	0.029856559	0.9957134	35.530113	0.19939485	0.075284176	105.0	0.0
SPIKE	S97:C>A	5	56738	8.812436E-5	-1.0	40.0	TRUE	C	3.2134816E-5	12.0	0.17559779	0.9966315	9.445011	0.18430175	0.1564652	105.0	0.0
SPIKE	S97:C>G	0	56738	0.0	-1.0	0.0	TRUE	C	5.50833E-5	0.0	0.058191635	0.99423295	11.951094	0.2776667	0.10888981	105.0	1.0
SPIKE	S98:A>G	0	56738	0.0	-1.0	0.0	TRUE	A	4.56331E-5	16.0	0.042677082	0.99522	30.198193	0.16903459	0.06477001	105.0	0.0
SPIKE	S98:A>C	0	56738	0.0	-1.0	0.0	TRUE	A	2.6151343E-5	3.0	0.23631981	0.9972579	17.568394	0.11059219	0.13550141	105.0	1.0
SPIKE	S98:A>T	0	56738	0.0	-1.0	0.0	TRUE	A	3.4135013E-5	11.0	0.11244165	0.99642223	5.8127017	0.19837388	0.096709415	105.0	0.0
SPIKE	S99:T>C	4	56738	7.049949E-5	-1.0	40.0	TRUE	T	7.2444775E-5	21.0	0.037827857	0.99242216	30.198193	0.2034272	0.07369227	105.0	0.0
SPIKE	S99:T>A	1	56738	1.7624872E-5	-1.0	40.0	TRUE	T	1.6842343E-5	2.0	0.16516304	0.99823314	5.8127017	0.19692318	0.07153788	105.0	1.0
SPIKE	S99:T>G	0	56738	0.0	-1.0	0.0	TRUE	T	7.577931E-5	0.0	0.08879463	0.9920747	17.568394	0.26858163	0.08250889	105.0	1.0
SPIKE	S100:C>T	38	56738	6.6974515E-4	115.640785	40.0	TRUE	C	1.466035E-4	43.0	0.029856559	0.9847245	35.530113	0.19939485	0.075284176	105.0	0.0
SPIKE	S100:C>A	8	56738	1.4099898E-4	-1.0	40.0	TRUE	C	2.5292808E-5	1.0	0.17559779	0.9973478	9.445011	0.18430175	0.1564652	105.0	1.0
SPIKE	S100:C>G	0	56738	0.0	-1.0	0.0	TRUE	C	5.5308716E-5	12.0	0.058191635	0.9942094	11.951094	0.2776667	0.10888981	105.0	0.0
SPIKE	S101:G>T	1	56738	1.7624872E-5	-1.0	40.0	TRUE	G	6.175568E-5	13.0	0.10076212	0.99353665	9.445011	0.2997319	0.055511896	105.0	0.0
SPIKE	S101:G>A	22	56738	3.877472E-4	67.47598	40.0	TRUE	G	9.728062E-5	35.0	0.046529952	0.9898375	35.530113	0.16539611	0.061912544	105.0	0.0
SPIKE	S101:G>C	0	56738	0.0	-1.0	0.0	TRUE	G	5.392691E-5	2.0	0.08061881	0.99435365	11.951094	0.27846864	0.06928214	105.0	1.0
SPIKE	S102:T>C	2	56738	3.5249745E-5	-1.0	40.0	TRUE	T	7.2444775E-5	21.0	0.037827857	0.99242216	30.198193	0.2034272	0.07369227	105.0	0.0
SPIKE	S102:T>A	0	56738	0.0	-1.0	0.0	TRUE	T	1.6842343E-5	0.0	0.16516304	0.99823314	5.8127017	0.19692318	0.07153788	105.0	1.0
SPIKE	S102:T>G	0	56738	0.0	-1.0	0.0	TRUE	T	5.607405E-5	13.0	0.08879463	0.99412954	17.568394	0.26858163	0.08250889	105.0	0.0
SPIKE	S103:G>T	2	56738	3.5249745E-5	-1.0	40.0	TRUE	G	4.4867927E-5	2.0	0.10076212	0.99529994	9.445011	0.2997319	0.055511896	105.0	1.0
SPIKE	S103:G>A	2	56738	3.5249745E-5	7.269987	40.0	TRUE	G	9.875405E-5	9.0	0.046529952	0.9896844	35.530113	0.16539611	0.061912544	105.0	1.0
SPIKE	S103:G>C	0	56738	0.0	-1.0	0.0	TRUE	G	5.392691E-5	1.0	0.08061881	0.99435365	11.951094	0.27846864	0.06928214	105.0	1.0
SPIKE	S104:G>T	1	56738	1.7624872E-5	-1.0	40.0	TRUE	G	4.4867927E-5	2.0	0.10076212	0.99529994	9.445011	0.2997319	0.055511896	105.0	1.0
SPIKE	S104:G>A	5	56738	8.812436E-5	-1.0	40.0	TRUE	G	7.78245E-5	28.0	0.046529952	0.9918617	35.530113	0.16539611	0.061912544	105.0	0.0
SPIKE	S104:G>C	0	56738	0.0	-1.0	0.0	TRUE	G	4.5122993E-5	10.0	0.08061881	0.9952733	11.951094	0.27846864	0.06928214	105.0	0.0
SPIKE	S105:C>T	51	56738	8.988685E-4	140.515	40.0	TRUE	C	2.3865685E-4	70.0	0.029856559	0.9752524	35.530113	0.19939485	0.075284176	105.0	0.0
SPIKE	S105:C>A	10	56738	1.7624872E-4	-1.0	40.0	TRUE	C	2.5292808E-5	2.0	0.17559779	0.9973478	9.445011	0.18430175	0.1564652	105.0	1.0
SPIKE	S105:C>G	0	56738	0.0	-1.0	0.0	TRUE	C	6.9135895E-5	15.0	0.058191635	0.99276704	11.951094	0.2776667	0.10888981	105.0	0.0
SPIKE	S106:G>T	3	56738	5.2874617E-5	-1.0	40.0	TRUE	G	4.4867927E-5	1.0	0.10076212	0.99529994	9.445011	0.2997319	0.055511896	105.0	1.0
SPIKE	S106:G>A	16	56738	2.8199796E-4	-1.0	40.0	TRUE	G	7.78245E-5	28.0	0.046529952	0.9918617	35.530113	0.16539611	0.061912544	105.0	0.0
SPIKE	S106:G>C	0	56738	0.0	-1.0	0.0	TRUE	G	5.392691E-5	2.0	0.08061881	0.99435365	11.951094	0.27846864	0.06928214	105.0	1.0
SPIKE	S107:G>A	55	56738	9.69368E-4	171.5871	40.0	TRUE	G	1.2785454E-4	46.0	0.046529952	0.986665	35.530113	0.16539611	0.061912544	105.0	0.0
SPIKE	S107:G>C	0	56738	0.0	-1.0	0.0	TRUE	G	4.963529E-5	11.0	0.08061881	0.9948019	11.951094	0.27846864	0.06928214	105.0	0.0
SPIKE	S107:G>T	0	56738	0.0	-1.0	0.0	TRUE	G	4.4867927E-5	0.0	0.10076212	0.99529994	9.445011	0.2997319	0.055511896	105.0	1.0
SPIKE	S108:C>T	42	56738	7.4024464E-4	127.681984	40.0	TRUE	C	1.6365042E-4	48.0	0.029856559	0.9829635	35.530113	0.19939485	0.075284176	105.0	0.0
SPIKE	S108:C>A	10	56738	1.7624872E-4	-1.0	40.0	TRUE	C	3.2134816E-5	12.0	0.17559779	0.9966315	9.445011	0.18430175	0.1564652	105.0	0.0
SPIKE	S108:C>G	0	56738	0.0	-1.0	0.0	TRUE	C	5.50833E-5	2.0	0.058191635	0.99423295	11.951094	0.2776667	0.10888981	105.0	1.0
SPIKE	S109:A>G	1	56738	1.7624872E-5	-1.0	40.0	TRUE	A	5.9893446E-5	21.0	0.042677082	0.9937309	30.198193	0.16903459	0.06477001	105.0	0.0
SPIKE	S109:A>C	0	56738	0.0	-1.0	0.0	TRUE	A	2.6151343E-5	6.0	0.23631981	0.9972579	17.568394	0.11059219	0.13550141	105.0	1.0
SPIKE	S109:A>T	0	56738	0.0	-1.0	0.0	TRUE	A	1.8037877E-5	0.0	0.11244165	0.9981078	5.8127017	0.19837388	0.096709415	105.0	1.0
SPIKE	S110:G>T	1	56738	1.7624872E-5	-1.0	40.0	TRUE	G	4.4867927E-5	2.0	0.10076212	0.99529994	9.445011	0.2997319	0.055511896	105.0	1.0
SPIKE	S110:G>A	9	56738	1.5862385E-4	-1.0	40.0	TRUE	G	6.6706714E-5	24.0	0.046529952	0.9930203	35.530113	0.16539611	0.061912544	105.0	0.0
SPIKE	S110:G>C	0	56738	0.0	-1.0	0.0	TRUE	G	4.5122993E-5	10.0	0.08061881	0.9952733	11.951094	0.27846864	0.06928214	105.0	0.0
SPIKE	S111:C>T	62	56738	0.0010927421	192.6592	40.0	TRUE	C	1.7046918E-4	50.0	0.029856559	0.98226	35.530113	0.19939485	0.075284176	105.0	0.0
SPIKE	S111:C>A	5	56738	8.812436E-5	-1.0	40.0	TRUE	C	2.5292808E-5	3.0	0.17559779	0.9973478	9.445011	0.18430175	0.1564652	105.0	1.0
SPIKE	S111:C>G	0	56738	0.0	-1.0	0.0	TRUE	C	6.452684E-5	14.0	0.058191635	0.99324757	11.951094	0.2776667	0.10888981	105.0	0.0
SPIKE	S112:G>A	77	56737	0.0013571391	237.81369	40.0	TRUE	G	1.195183E-4	43.0	0.046529952	0.987529	35.529488	0.16539611	0.061912544	105.0	0.0
SPIKE	S112:G>C	0	56737	0.0	-1.0	0.0	TRUE	G	5.392691E-5	2.0	0.08061881	0.99435365	11.950883	0.27846864	0.06928214	105.0	1.0
SPIKE	S112:G>T	0	56737	0.0	-1.0	0.0	TRUE	G	4.4867927E-5	8.0	0.10076212	0.99529994	9.444844	0.2997319	0.055511896	105.0	1.0
SPIKE	S113:T>C	4	56736	7.050198E-5	13.290587	40.0	TRUE	T	1.3454504E-4	39.0	0.037827857	0.9859721	30.197128	0.2034272	0.07369227	105.0	0.0
SPIKE	S113:T>A	0	56736	0.0	-1.0	0.0	TRUE	T	1.6842343E-5	0.0	0.16516304	0.99823314	5.8124967	0.19692318	0.07153788	105.0	1.0
SPIKE	S113:T>G	0	56736	0.0	-1.0	0.0	TRUE	T	1.4234683E-4	33.0	0.08879463	0.9851647	17.567774	0.26858163	0.08250889	105.0	0.0
SPIKE	S114:G>T	1	56736	1.7625494E-5	-1.0	40.0	TRUE	G	4.4867927E-5	1.0	0.10076212	0.99529994	9.444678	0.2997319	0.055511896	105.0	1.0
SPIKE	S114:G>A	6	56736	1.0575296E-4	-1.0	40.0	TRUE	G	5.837043E-5	21.0	0.046529952	0.99388987	35.528862	0.16539611	0.061912544	105.0	0.0
SPIKE	S114:G>C	0	56736	0.0	-1.0	0.0	TRUE	G	5.392691E-5	2.0	0.08061881	0.99435365	11.950672	0.27846864	0.06928214	105.0	1.0
SPIKE	S115:A>G	10	56736	1.7625494E-4	31.352386	40.0	TRUE	A	1.3405197E-4	47.0	0.042677082	0.9860231	30.197128	0.16903459	0.06477001	105.0	0.0
SPIKE	S115:A>C	0	56736	0.0	-1.0	0.0	TRUE	A	3.2749143E-5	22.0	0.23631981	0.99656725	17.567774	0.11059219	0.13550141	105.0	0.0
SPIKE	S115:A>T	0	56736	0.0	-1.0	0.0	TRUE	A	1.8037877E-5	2.0	0.11244165	0.9981078	5.8124967	0.19837388	0.096709415	105.0	1.0
SPIKE	S116:C>T	2	56736	3.525099E-5	-1.0	40.0	TRUE	C	5.7961566E-5	17.0	0.029856559	0.99393255	35.528862	0.19939485	0.075284176	105.0	0.0
SPIKE	S116:C>G	1	56736	1.7625494E-5	-1.0	40.0	TRUE	C	5.50833E-5	0.0	0.058191635	0.99423295	11.950672	0.2776667	0.10888981	105.0	1.0
SPIKE	S116:C>A	6	56736	1.0575296E-4	-1.0	40.0	TRUE	C	2.5292808E-5	3.0	0.17559779	0.9973478	9.444678	0.18430175	0.1564652	105.0	1.0
SPIKE	S117:C>T	2	56736	3.525099E-5	7.269987	40.0	TRUE	C	9.887561E-5	29.0	0.029856559	0.98967177	35.528862	0.19939485	0.075284176	105.0	0.0
SPIKE	S117:C>A	23	56736	4.0538635E-4	-1.0	40.0	TRUE	C	2.5292808E-5	9.0	0.17559779	0.9973478	9.444678	0.18430175	0.1564652	105.0	1.0
SPIKE	S117:C>G	0	56736	0.0	-1.0	0.0	TRUE	C	5.50833E-5	2.0	0.058191635	0.99423295	11.950672	0.2776667	0.10888981	105.0	1.0
SPIKE	S118:T>C	13	56736	2.2913142E-4	40.383286	40.0	TRUE	T	1.2419542E-4	36.0	0.037827857	0.98704416	30.197128	0.2034272	0.07369227	105.0	0.0
SPIKE	S118:T>A	6	56736	1.0575296E-4	-1.0	40.0	TRUE	T	4.0566527E-5	14.0	0.16516304	0.9957496	5.8124967	0.19692318	0.07153788	105.0	0.0
SPIKE	S118:T>G	0	56736	0.0	-1.0	0.0	TRUE	T	7.577931E-5	1.0	0.08879463	0.9920747	17.567774	0.26858163	0.08250889	105.0	1.0
SPIKE	S119:A>G	1	56736	1.7625494E-5	-1.0	40.0	TRUE	A	5.7043388E-5	20.0	0.042677082	0.99402833	30.197128	0.16903459	0.06477001	105.0	0.0
SPIKE	S119:A>C	0	56736	0.0	-1.0	0.0	TRUE	A	3.4237743E-5	23.0	0.23631981	0.9964115	17.567774	0.11059219	0.13550141	105.0	0.0
SPIKE	S119:A>T	0	56736	0.0	-1.0	0.0	TRUE	A	4.0342802E-5	13.0	0.11244165	0.99577296	5.8124967	0.19837388	0.096709415	105.0	0.0
SPIKE	S120:T>C	1	56736	1.7625494E-5	-1.0	40.0	TRUE	T	6.209771E-5	18.0	0.037827857	0.99350095	30.197128	0.2034272	0.07369227	105.0	0.0
SPIKE	S120:T>A	0	56736	0.0	-1.0	0.0	TRUE	T	1.6842343E-5	1.0	0.16516304	0.99823314	5.8124967	0.19692318	0.07153788	105.0	1.0
SPIKE	S120:T>G	0	56736	0.0	-1.0	0.0	TRUE	T	6.4703105E-5	15.0	0.08879463	0.9932292	17.567774	0.26858163	0.08250889	105.0	0.0
SPIKE	S121:G>A	4	56736	7.050198E-5	-1.0	40.0	TRUE	G	3.8913622E-5	14.0	0.046529952	0.9959224	35.528862	0.16539611	0.061912544	105.0	0.0
SPIKE	S121:G>C	0	56736	0.0	-1.0	0.0	TRUE	G	5.392691E-5	0.0	0.08061881	0.99435365	11.950672	0.27846864	0.06928214	105.0	1.0
SPIKE	S121:G>T	0	56736	0.0	-1.0	0.0	TRUE	G	8.076027E-5	17.0	0.10076212	0.99155605	9.444678	0.2997319	0.055511896	105.0	0.0
SPIKE	S122:T>C	1	56736	1.7625494E-5	4.2596874	40.0	TRUE	T	1.655939E-4	48.0	0.037827857	0.98276293	30.197128	0.2034272	0.07369227	105.0	0.0
SPIKE	S122:T>A	0	56736	0.0	-1.0	0.0	TRUE	T	1.6842343E-5	1.0	0.16516304	0.99823314	5.8124967	0.19692318	0.07153788	105.0	1.0
SPIKE	S122:T>G	0	56736	0.0	-1.0	0.0	TRUE	T	6.4703105E-5	15.0	0.08879463	0.9932292	17.567774	0.26858163	0.08250889	105.0	0.0
SPIKE	S123:G>T	1	56736	1.7625494E-5	-1.0	40.0	TRUE	G	6.650846E-5	14.0	0.10076212	0.9930409	9.444678	0.2997319	0.055511896	105.0	0.0
SPIKE	S123:G>A	3	56736	5.287648E-5	-1.0	40.0	TRUE	G	3.3354532E-5	12.0	0.046529952	0.9965039	35.528862	0.16539611	0.061912544	105.0	0.0
SPIKE	S123:G>C	0	56736	0.0	-1.0	0.0	TRUE	G	5.392691E-5	1.0	0.08061881	0.99435365	11.950672	0.27846864	0.06928214	105.0	1.0
SPIKE	D124-126:TG>	1	56736	1.7625494E-5	-1.0	39.998783	TRUE		NaN	NaN	NaN	NaN	NaN	NaN	NaN	NaN	NaN
SPIKE	S124:T>C	3	56736	5.287648E-5	10.280287	40.0	TRUE	T	8.9696696E-5	26.0	0.037827857	0.99062604	30.197128	0.2034272	0.07369227	105.0	0.0
SPIKE	S124:T>A	1	56736	1.7625494E-5	-1.0	40.0	TRUE	T	1.6842343E-5	0.0	0.16516304	0.99823314	5.8124967	0.19692318	0.07153788	105.0	1.0
SPIKE	S124:T>G	0	56736	0.0	-1.0	0.0	TRUE	T	7.3330186E-5	17.0	0.08879463	0.9923299	17.567774	0.26858163	0.08250889	105.0	0.0
SPIKE	S125:G>T	1	56736	1.7625494E-5	-1.0	40.0	TRUE	G	4.4867927E-5	2.0	0.10076212	0.99529994	9.444678	0.2997319	0.055511896	105.0	1.0
SPIKE	S125:G>A	4	56736	7.050198E-5	-1.0	40.0	TRUE	G	5.00318E-5	18.0	0.046529952	0.99476045	35.528862	0.16539611	0.061912544	105.0	0.0
SPIKE	S125:G>C	0	56736	0.0	-1.0	0.0	TRUE	G	4.5124583E-5	10.0	0.08061881	0.9952731	11.950672	0.27846864	0.06928214	105.0	0.0
SPIKE	S126:C>T	88	56736	0.0015510435	254.44339	40.0	TRUE	C	2.761698E-4	81.0	0.029856559	0.97141856	35.528862	0.19939485	0.075284176	105.0	0.0
SPIKE	S126:C>G	1	56736	1.7625494E-5	4.2596874	40.0	TRUE	C	7.8356774E-5	17.0	0.058191635	0.99180627	11.950672	0.2776667	0.10888981	105.0	0.0
SPIKE	S126:C>A	5	56736	8.812747E-5	-1.0	40.0	TRUE	C	2.5292808E-5	3.0	0.17559779	0.9973478	9.444678	0.18430175	0.1564652	105.0	1.0
SPIKE	S127:G>T	7	56736	1.2337846E-4	-1.0	40.0	TRUE	G	4.4867927E-5	2.0	0.10076212	0.99529994	9.444678	0.2997319	0.055511896	105.0	1.0
SPIKE	S127:G>A	14	56736	2.467569E-4	-1.0	40.0	TRUE	G	4.1693165E-5	15.0	0.046529952	0.9956318	35.528862	0.16539611	0.061912544	105.0	0.0
SPIKE	S127:G>C	0	56736	0.0	-1.0	0.0	TRUE	G	5.392691E-5	3.0	0.08061881	0.99435365	11.950672	0.27846864	0.06928214	105.0	1.0
SPIKE	S128:G>A	6	56736	1.0575296E-4	-1.0	40.0	TRUE	G	7.7827244E-5	28.0	0.046529952	0.99186146	35.528862	0.16539611	0.061912544	105.0	0.0
SPIKE	S128:G>C	0	56736	0.0	-1.0	0.0	TRUE	G	4.5124583E-5	10.0	0.08061881	0.9952731	11.950672	0.27846864	0.06928214	105.0	0.0
SPIKE	S128:G>T	0	56736	0.0	-1.0	0.0	TRUE	G	4.4867927E-5	0.0	0.10076212	0.99529994	9.444678	0.2997319	0.055511896	105.0	1.0
SPIKE	S129:C>A	16	56736	2.820079E-4	-1.0	40.0	TRUE	C	3.2135948E-5	12.0	0.17559779	0.9966314	9.444678	0.18430175	0.1564652	105.0	0.0
SPIKE	S129:C>T	53	56736	9.341512E-4	165.5665	40.0	TRUE	C	1.772942E-4	52.0	0.029856559	0.9815563	35.528862	0.19939485	0.075284176	105.0	0.0
SPIKE	S129:C>G	0	56736	0.0	-1.0	0.0	TRUE	C	1.0140288E-4	22.0	0.058191635	0.9894092	11.950672	0.2776667	0.10888981	105.0	0.0
SPIKE	S130:G>A	12	56736	2.1150592E-4	-1.0	40.0	TRUE	G	7.7827244E-5	28.0	0.046529952	0.99186146	35.528862	0.16539611	0.061912544	105.0	0.0
SPIKE	S130:G>C	0	56736	0.0	-1.0	0.0	TRUE	G	5.392691E-5	3.0	0.08061881	0.99435365	11.950672	0.27846864	0.06928214	105.0	1.0
SPIKE	S130:G>T	0	56736	0.0	-1.0	0.0	TRUE	G	4.4867927E-5	1.0	0.10076212	0.99529994	9.444678	0.2997319	0.055511896	105.0	1.0
SPIKE	S131:G>A	60	56736	0.0010575296	186.6386	40.0	TRUE	G	1.751113E-4	63.0	0.046529952	0.9817813	35.528862	0.16539611	0.061912544	105.0	0.0
SPIKE	S131:G>C	1	56736	1.7625494E-5	-1.0	40.0	TRUE	G	4.963704E-5	11.0	0.08061881	0.99480164	11.950672	0.27846864	0.06928214	105.0	0.0
SPIKE	S131:G>T	1	56736	1.7625494E-5	-1.0	40.0	TRUE	G	4.4867927E-5	0.0	0.10076212	0.99529994	9.444678	0.2997319	0.055511896	105.0	1.0
SPIKE	S132:C>A	20	56736	3.5250987E-4	-1.0	40.0	TRUE	C	7.498388E-5	28.0	0.17559779	0.9921576	9.444678	0.18430175	0.1564652	105.0	0.0
SPIKE	S132:C>T	25	56736	4.4063735E-4	76.50689	40.0	TRUE	C	8.86471E-5	26.0	0.029856559	0.99073523	35.528862	0.19939485	0.075284176	105.0	0.0
SPIKE	S132:C>G	0	56736	0.0	-1.0	0.0	TRUE	C	5.50833E-5	4.0	0.058191635	0.99423295	11.950672	0.2776667	0.10888981	105.0	1.0
SPIKE	S133:A>G	2	56736	3.525099E-5	-1.0	40.0	TRUE	A	5.9895556E-5	21.0	0.042677082	0.9937307	30.197128	0.16903459	0.06477001	105.0	0.0
SPIKE	S133:A>C	1	56736	1.7625494E-5	4.2596874	40.0	TRUE	A	1.3397376E-4	90.0	0.23631981	0.98603123	17.567774	0.11059219	0.13550141	105.0	0.0
SPIKE	S133:A>T	0	56736	0.0	-1.0	0.0	TRUE	A	1.8037877E-5	1.0	0.11244165	0.9981078	5.8124967	0.19837388	0.096709415	105.0	1.0
SPIKE	S134:G>A	24	56736	4.2301184E-4	-1.0	40.0	TRUE	G	5.837043E-5	21.0	0.046529952	0.99388987	35.528862	0.16539611	0.061912544	105.0	0.0
SPIKE	S134:G>T	1	56736	1.7625494E-5	-1.0	40.0	TRUE	G	4.4867927E-5	5.0	0.10076212	0.99529994	9.444678	0.2997319	0.055511896	105.0	1.0
SPIKE	S134:G>C	0	56736	0.0	-1.0	0.0	TRUE	G	4.5124583E-5	10.0	0.08061881	0.9952731	11.950672	0.27846864	0.06928214	105.0	0.0
SPIKE	S135:C>A	21	56736	3.7013536E-4	-1.0	40.0	TRUE	C	4.552593E-5	17.0	0.17559779	0.9952312	9.444678	0.18430175	0.1564652	105.0	0.0
SPIKE	S135:C>T	117	56736	0.0020621826	340.51718	40.0	TRUE	C	2.659413E-4	78.0	0.029856559	0.9724624	35.528862	0.19939485	0.075284176	105.0	0.0
SPIKE	S135:C>G	0	56736	0.0	-1.0	0.0	TRUE	C	5.50833E-5	6.0	0.058191635	0.99423295	11.950672	0.2776667	0.10888981	105.0	1.0
SPIKE	S136:C>A	10	56736	1.7625494E-4	-1.0	40.0	TRUE	C	6.4271895E-5	24.0	0.17559779	0.99327415	9.444678	0.18430175	0.1564652	105.0	0.0
SPIKE	S136:C>T	76	56736	0.0013395376	234.80339	40.0	TRUE	C	1.4660867E-4	43.0	0.029856559	0.984724	35.528862	0.19939485	0.075284176	105.0	0.0
SPIKE	S136:C>G	0	56736	0.0	-1.0	0.0	TRUE	C	5.50833E-5	2.0	0.058191635	0.99423295	11.950672	0.2776667	0.10888981	105.0	1.0
SPIKE	I137:>T	7	56732	1.2338716E-4	-1.0	39.213547	TRUE		NaN	NaN	NaN	NaN	NaN	NaN	NaN	NaN	NaN
SPIKE	S137:T>G	15	56732	2.6440105E-4	-1.0	39.2	TRUE	T	4.3138447E-5	10.0	0.08879463	0.9954807	17.566536	0.26858163	0.08250889	105.0	0.0
SPIKE	S137:T>C	29	56732	5.1117537E-4	88.54809	36.517242	TRUE	T	1.10403715E-4	32.0	0.037827857	0.98847455	30.195	0.2034272	0.07369227	105.0	0.0
SPIKE	D137-138:T>	8	56732	1.410139E-4	-1.0	39.213547	TRUE		NaN	NaN	NaN	NaN	NaN	NaN	NaN	NaN	NaN
SPIKE	S137:T>A	0	56732	0.0	-1.0	0.0	TRUE	T	1.6842343E-5	9.0	0.16516304	0.99823314	5.812087	0.19692318	0.07153788	105.0	1.0
SPIKE	I138:>G	1	56732	1.7626737E-5	-1.0	39.202637	TRUE		NaN	NaN	NaN	NaN	NaN	NaN	NaN	NaN	NaN
SPIKE	S138:G>A	20	56732	3.5253473E-4	-1.0	38.45	TRUE	G	6.949351E-5	25.0	0.046529952	0.9927297	35.526356	0.16539611	0.061912544	105.0	0.0
SPIKE	S138:G>C	1	56732	1.7626737E-5	-1.0	37.0	TRUE	G	5.392691E-5	1.0	0.08061881	0.99435365	11.949829	0.27846864	0.06928214	105.0	1.0
SPIKE	D138-139:G>	6	56732	1.0576042E-4	-1.0	39.202637	TRUE		NaN	NaN	NaN	NaN	NaN	NaN	NaN	NaN	NaN
SPIKE	S138:G>T	0	56732	0.0	-1.0	0.0	TRUE	G	4.4867927E-5	9.0	0.10076212	0.99529994	9.444012	0.2997319	0.055511896	105.0	1.0
SPIKE	S139:A>G	3	56732	5.288021E-5	-1.0	39.333332	TRUE	A	3.4228447E-5	12.0	0.042677082	0.99641246	30.195	0.16903459	0.06477001	105.0	0.0
SPIKE	S139:A>T	2	56732	3.5253473E-5	-1.0	39.5	TRUE	A	4.3449156E-5	14.0	0.11244165	0.99544823	5.812087	0.19837388	0.096709415	105.0	0.0
SPIKE	D139-140:A>	7	56732	1.2338716E-4	-1.0	38.70456	TRUE		NaN	NaN	NaN	NaN	NaN	NaN	NaN	NaN	NaN
SPIKE	D139-141:AT>	2	56732	3.5253473E-5	-1.0	38.70456	TRUE		NaN	NaN	NaN	NaN	NaN	NaN	NaN	NaN	NaN
SPIKE	I139:>A	6	56732	1.0576042E-4	-1.0	38.70456	TRUE		NaN	NaN	NaN	NaN	NaN	NaN	NaN	NaN	NaN
SPIKE	D139-143:ATTA>	1	56732	1.7626737E-5	-1.0	38.70456	TRUE		NaN	NaN	NaN	NaN	NaN	NaN	NaN	NaN	NaN
SPIKE	S139:A>C	0	56732	0.0	-1.0	0.0	TRUE	A	1.7864429E-4	120.0	0.23631981	0.9814172	17.566536	0.11059219	0.13550141	105.0	0.0
SPIKE	I140:>T	13	56732	2.2914757E-4	-1.0	39.11547	TRUE		NaN	NaN	NaN	NaN	NaN	NaN	NaN	NaN	NaN
SPIKE	I140:>GA	1	56732	1.7626737E-5	-1.0	39.11547	TRUE		NaN	NaN	NaN	NaN	NaN	NaN	NaN	NaN	NaN
SPIKE	S140:T>A	2	56732	3.5253473E-5	-1.0	38.0	TRUE	T	3.7671572E-5	13.0	0.16516304	0.9960523	5.812087	0.19692318	0.07153788	105.0	0.0
SPIKE	S140:T>G	4	56732	7.050695E-5	-1.0	39.25	TRUE	T	4.3138447E-5	10.0	0.08879463	0.9954807	17.566536	0.26858163	0.08250889	105.0	0.0
SPIKE	S140:T>C	5	56732	8.813368E-5	-1.0	36.4	TRUE	T	5.175174E-5	15.0	0.037827857	0.9945808	30.195	0.2034272	0.07369227	105.0	0.0
SPIKE	D140-141:T>	40	56732	7.0506945E-4	-1.0	39.11547	TRUE		NaN	NaN	NaN	NaN	NaN	NaN	NaN	NaN	NaN
SPIKE	S141:T>G	8	56731	1.4101638E-4	-1.0	39.375	TRUE	T	6.039489E-5	14.0	0.08879463	0.9936786	17.566227	0.26858163	0.08250889	105.0	0.0
SPIKE	S141:T>C	3	56731	5.288114E-5	-1.0	37.333332	TRUE	T	4.1402123E-5	12.0	0.037827857	0.9956622	30.194466	0.2034272	0.07369227	105.0	0.0
SPIKE	S141:T>A	0	56731	0.0	-1.0	0.0	TRUE	T	8.403807E-5	29.0	0.16516304	0.9912148	5.8119845	0.19692318	0.07153788	105.0	0.0
SPIKE	S142:A>G	1	56725	1.7628912E-5	4.2596874	39.0	TRUE	A	2.0824873E-4	73.0	0.042677082	0.9783712	30.191273	0.16903459	0.06477001	105.0	0.0
SPIKE	S142:A>T	2	56725	3.5257824E-5	7.269987	38.5	TRUE	A	8.380514E-5	27.0	0.11244165	0.9912391	5.81137	0.19837388	0.096709415	105.0	0.0
SPIKE	D142-143:A>	17	56725	2.9969148E-4	-1.0	38.918415	TRUE		NaN	NaN	NaN	NaN	NaN	NaN	NaN	NaN	NaN
SPIKE	I142:>A	3	56725	5.2886735E-5	-1.0	38.918415	TRUE		NaN	NaN	NaN	NaN	NaN	NaN	NaN	NaN	NaN
SPIKE	D142-144:AG>	2	56725	3.5257824E-5	-1.0	38.918415	TRUE		NaN	NaN	NaN	NaN	NaN	NaN	NaN	NaN	NaN
SPIKE	S142:A>C	0	56725	0.0	-1.0	0.0	TRUE	A	2.679995E-5	18.0	0.23631981	0.99718994	17.56437	0.11059219	0.13550141	105.0	0.0
SPIKE	I143:>G	9	56721	1.5867139E-4	-1.0	39.183334	TRUE		NaN	NaN	NaN	NaN	NaN	NaN	NaN	NaN	NaN
SPIKE	S143:G>A	7	56721	1.2341108E-4	22.321487	36.857143	TRUE	G	1.473548E-4	53.0	0.046529952	0.9846468	35.51947	0.16539611	0.061912544	105.0	0.0
SPIKE	D143-144:G>	23	56721	4.0549357E-4	-1.0	39.183334	TRUE		NaN	NaN	NaN	NaN	NaN	NaN	NaN	NaN	NaN
SPIKE	D143-145:GC>	1	56721	1.7630155E-5	-1.0	39.183334	TRUE		NaN	NaN	NaN	NaN	NaN	NaN	NaN	NaN	NaN
SPIKE	S143:G>C	0	56721	0.0	-1.0	0.0	TRUE	G	3.2046926E-4	71.0	0.08061881	0.96691054	11.947513	0.27846864	0.06928214	105.0	0.0
SPIKE	S143:G>T	0	56721	0.0	-1.0	0.0	TRUE	G	4.4867927E-5	5.0	0.10076212	0.99529994	9.442181	0.2997319	0.055511896	105.0	1.0
SPIKE	I144:>C	19	56715	3.3500837E-4	-1.0	39.202362	TRUE		NaN	NaN	NaN	NaN	NaN	NaN	NaN	NaN	NaN
SPIKE	S144:C>A	3	56715	5.289606E-5	-1.0	37.0	TRUE	C	2.5292808E-5	5.0	0.17559779	0.9973478	9.441182	0.18430175	0.1564652	105.0	1.0
SPIKE	S144:C>T	20	56715	3.526404E-4	61.455387	37.8	TRUE	C	2.0464597E-4	60.0	0.029856559	0.9787414	35.515713	0.19939485	0.075284176	105.0	0.0
SPIKE	D144-145:C>	48	56715	8.4633694E-4	-1.0	39.202362	TRUE		NaN	NaN	NaN	NaN	NaN	NaN	NaN	NaN	NaN
SPIKE	S144:C>G	0	56715	0.0	-1.0	0.0	TRUE	C	1.9365901E-4	42.0	0.058191635	0.97987115	11.946249	0.2776667	0.10888981	105.0	0.0
SPIKE	S145:C>T	25	56703	4.4089378E-4	76.50689	37.84	TRUE	C	1.9104333E-4	56.0	0.029856559	0.9801403	35.508198	0.19939485	0.075284176	105.0	0.0
SPIKE	S145:C>A	0	56703	0.0	-1.0	0.0	TRUE	C	2.5292808E-5	5.0	0.17559779	0.9973478	9.439184	0.18430175	0.1564652	105.0	1.0
SPIKE	S145:C>G	0	56703	0.0	-1.0	0.0	TRUE	C	8.301428E-5	18.0	0.058191635	0.9913214	11.943721	0.2776667	0.10888981	105.0	0.0
SPIKE	S146:C>G	3	56691	5.2918454E-5	3.748162	40.0	TRUE	C	4.5206232E-4	98.0	0.058191635	0.95364237	11.941194	0.2776667	0.10888981	105.0	0.0
SPIKE	S146:C>A	1	56691	1.7639484E-5	-1.0	36.0	TRUE	C	2.6801214E-5	10.0	0.17559779	0.9971898	9.437187	0.18430175	0.1564652	105.0	0.0
SPIKE	S146:C>T	19	56691	3.351502E-4	58.445087	37.68421	TRUE	C	1.9108377E-4	56.0	0.029856559	0.98013616	35.500683	0.19939485	0.075284176	105.0	0.0
SPIKE	S147:G>A	13	56650	2.2947926E-4	40.383286	36.76923	TRUE	G	1.1970185E-4	43.0	0.046529952	0.98750997	35.475006	0.16539611	0.061912544	105.0	0.0
SPIKE	S147:G>C	4	56650	7.0609E-5	8.284564	37.5	TRUE	G	3.3894816E-4	75.0	0.08061881	0.96503633	11.932557	0.27846864	0.06928214	105.0	0.0
SPIKE	S147:G>T	0	56650	0.0	-1.0	0.0	TRUE	G	4.995707E-4	105.0	0.10076212	0.9488971	9.430362	0.2997319	0.055511896	105.0	0.0
SPIKE	S148:T>C	1	56631	1.7658173E-5	4.2596874	38.0	TRUE	T	1.9009481E-4	55.0	0.037827857	0.9802379	30.141243	0.2034272	0.07369227	105.0	0.0
SPIKE	S148:T>A	0	56631	0.0	-1.0	0.0	TRUE	T	1.6842343E-5	0.0	0.16516304	0.99823314	5.8017397	0.19692318	0.07153788	105.0	1.0
SPIKE	S148:T>G	0	56631	0.0	-1.0	0.0	TRUE	T	7.9516304E-4	184.0	0.08879463	0.91989833	17.535261	0.26858163	0.08250889	105.0	0.0
SPIKE	S149:G>A	24	56598	4.2404325E-4	73.49659	37.083332	TRUE	G	1.922562E-4	69.0	0.046529952	0.9800155	35.442444	0.16539611	0.061912544	105.0	0.0
SPIKE	S149:G>C	0	56598	0.0	-1.0	0.0	TRUE	G	5.5186223E-4	122.0	0.08061881	0.9437013	11.921604	0.27846864	0.06928214	105.0	0.0
SPIKE	S149:G>T	0	56598	0.0	-1.0	0.0	TRUE	G	4.6193216E-4	97.0	0.10076212	0.9526546	9.421705	0.2997319	0.055511896	105.0	0.0
SPIKE	S150:C>A	0	56529	0.0	-1.0	0.0	TRUE	C	6.450725E-5	24.0	0.17559779	0.99324965	9.410219	0.18430175	0.1564652	105.0	0.0
SPIKE	S150:C>G	0	56529	0.0	-1.0	0.0	TRUE	C	5.643842E-4	122.0	0.058191635	0.9424614	11.90707	0.2776667	0.10888981	105.0	0.0
SPIKE	S150:C>T	0	56529	0.0	-1.0	0.0	TRUE	C	6.433339E-4	188.0	0.029856559	0.93468094	35.399235	0.19939485	0.075284176	105.0	0.0
SPIKE	S151:T>A	0	56484	0.0	-1.0	0.0	TRUE	T	1.6842343E-5	5.0	0.16516304	0.99823314	5.7866797	0.19692318	0.07153788	105.0	1.0
SPIKE	S151:T>G	0	56484	0.0	-1.0	0.0	TRUE	T	7.842341E-4	181.0	0.08879463	0.9209546	17.489744	0.26858163	0.08250889	105.0	0.0
SPIKE	S151:T>C	0	56484	0.0	-1.0	0.0	TRUE	T	6.7226123E-4	194.0	0.037827857	0.93184626	30.063004	0.2034272	0.07369227	105.0	0.0
SPIKE	S152:G>A	0	56444	0.0	-1.0	0.0	TRUE	G	8.661164E-5	31.0	0.046529952	0.990947	35.34601	0.16539611	0.061912544	105.0	0.0
SPIKE	S152:G>C	0	56444	0.0	-1.0	0.0	TRUE	G	5.392691E-5	4.0	0.08061881	0.99435365	11.889166	0.27846864	0.06928214	105.0	1.0
SPIKE	S152:G>T	0	56444	0.0	-1.0	0.0	TRUE	G	5.4437056E-4	114.0	0.10076212	0.944444	9.39607	0.2997319	0.055511896	105.0	0.0
SPIKE	S153:G>A	0	56325	0.0	-1.0	0.0	TRUE	G	1.0079375E-4	36.0	0.046529952	0.98947245	35.27149	0.16539611	0.061912544	105.0	0.0
SPIKE	S153:G>C	0	56325	0.0	-1.0	0.0	TRUE	G	5.392691E-5	2.0	0.08061881	0.99435365	11.8641	0.27846864	0.06928214	105.0	1.0
SPIKE	S153:G>T	0	56325	0.0	-1.0	0.0	TRUE	G	4.4867927E-5	3.0	0.10076212	0.99529994	9.37626	0.2997319	0.055511896	105.0	1.0
