#pipeline_block
reference	mutation	count	coverage	freq	score	cqs	has.reference	ancestral.allele	error.rate	minor.count.local	minor.fdr	minor.recall	minor.count.global	read.fraction.in.minors	q.filtered.read.fraction	mig.size	global.est
SPIKE	S0:T>A	0	43765	0.0	-1.0	0.0	TRUE	T	1.03841034E-4	17.0	0.030796511	0.98199195	17.143631	0.27582398	0.059138652	175.0	0.0
SPIKE	S0:T>G	0	43765	0.0	-1.0	0.0	TRUE	T	1.732672E-4	5.0	0.04346099	0.9701333	27.985	0.28327957	0.065784924	175.0	1.0
SPIKE	S0:T>C	0	43765	0.0	-1.0	0.0	TRUE	T	2.2679871E-4	40.0	0.027438276	0.9610875	57.37944	0.25514695	0.058764003	175.0	0.0
SPIKE	S1:A>G	0	43864	0.0	-1.0	0.0	TRUE	A	2.9440946E-4	56.0	0.029861832	0.9497831	57.509235	0.23770504	0.050376378	175.0	0.0
SPIKE	S1:A>C	0	43864	0.0	-1.0	0.0	TRUE	A	1.4118181E-4	0.0	0.099512376	0.9755959	28.048306	0.24518992	0.1109441	175.0	1.0
SPIKE	S1:A>T	0	43864	0.0	-1.0	0.0	TRUE	A	1.3686805E-4	22.0	0.027372988	0.97633266	17.182411	0.28057003	0.067590006	175.0	0.0
SPIKE	S2:G>A	0	43949	0.0	-1.0	0.0	TRUE	G	2.4397105E-4	47.0	0.032324955	0.9582037	44.629017	0.23575445	0.054395806	175.0	0.0
SPIKE	S2:G>C	0	43949	0.0	-1.0	0.0	TRUE	G	7.748096E-5	12.0	0.0291491	0.98653233	30.280409	0.29228747	0.07209707	175.0	0.0
SPIKE	S2:G>T	0	43949	0.0	-1.0	0.0	TRUE	G	1.3476527E-4	0.0	0.04799846	0.976692	20.375666	0.30533564	0.060692545	175.0	1.0
SPIKE	S3:C>A	0	44023	0.0	-1.0	0.0	TRUE	C	8.9579444E-5	0.0	0.05819005	0.9844458	20.409975	0.20515507	0.09878472	175.0	1.0
SPIKE	S3:C>G	0	44023	0.0	-1.0	0.0	TRUE	C	6.1524386E-4	96.0	0.025817094	0.897926	30.331394	0.28961107	0.087317765	175.0	0.0
SPIKE	S3:C>T	0	44023	0.0	-1.0	0.0	TRUE	C	2.8179455E-4	53.0	0.028656822	0.9518821	44.704163	0.24097037	0.06182664	175.0	0.0
SPIKE	S4:G>A	33	44087	7.4851996E-4	100.58929	40.0	TRUE	G	2.0181038E-4	39.0	0.032324955	0.96529955	44.769154	0.23575445	0.054395806	175.0	0.0
SPIKE	S4:G>C	1	44087	2.2682423E-5	4.2596874	40.0	TRUE	G	2.2527875E-4	35.0	0.0291491	0.9613432	30.37549	0.29228747	0.07209707	175.0	0.0
SPIKE	S4:G>T	1	44087	2.2682423E-5	-1.0	40.0	TRUE	G	8.571325E-5	13.0	0.04799846	0.98511213	20.439646	0.30533564	0.060692545	175.0	0.0
SPIKE	S5:T>A	2	44111	4.5340166E-5	7.269987	40.0	TRUE	T	1.04718376E-4	0.0	0.030796511	0.9818412	17.279167	0.27582398	0.059138652	175.0	1.0
SPIKE	S5:T>G	6	44111	1.3602049E-4	13.113299	40.0	TRUE	T	3.1328617E-4	51.0	0.04346099	0.94665074	28.206247	0.28327957	0.065784924	175.0	0.0
SPIKE	S5:T>C	87	44111	0.0019722972	267.9167	40.0	TRUE	T	2.9815116E-4	53.0	0.027438276	0.94916135	57.833073	0.25514695	0.058764003	175.0	0.0
SPIKE	S6:G>A	34	44127	7.705033E-4	103.59959	40.0	TRUE	G	1.9128757E-4	37.0	0.032324955	0.96707875	44.809772	0.23575445	0.054395806	175.0	0.0
SPIKE	S6:G>T	1	44127	2.2661863E-5	4.2596874	40.0	TRUE	G	2.4373196E-4	37.0	0.04799846	0.9582437	20.45819	0.30533564	0.060692545	175.0	0.0
SPIKE	S6:G>C	0	44127	0.0	-1.0	0.0	TRUE	G	1.9551293E-4	0.0	0.0291491	0.96636397	30.40305	0.29228747	0.07209707	175.0	1.0
SPIKE	S7:A>G	78	44139	0.0017671447	224.85803	40.0	TRUE	A	3.552699E-4	68.0	0.029861832	0.93972105	57.869785	0.23770504	0.050376378	175.0	0.0
SPIKE	S7:A>C	7	44139	1.5858992E-4	22.321487	40.0	TRUE	A	1.4118181E-4	0.0	0.099512376	0.9755959	28.224152	0.24518992	0.1109441	175.0	1.0
SPIKE	S7:A>T	10	44139	2.2655701E-4	31.352386	40.0	TRUE	A	1.0689651E-4	4.0	0.027372988	0.981467	17.290134	0.28057003	0.067590006	175.0	1.0
SPIKE	D7-8:A>	39	44139	8.835723E-4	-1.0	39.999413	TRUE		NaN	NaN	NaN	NaN	NaN	NaN	NaN	NaN	NaN
SPIKE	S8:A>G	85	44143	0.0019255601	245.56142	40.0	TRUE	A	3.7090995E-4	71.0	0.029861832	0.9371525	57.875027	0.23770504	0.050376378	175.0	0.0
SPIKE	S8:A>C	6	44143	1.3592189E-4	19.311188	40.0	TRUE	A	1.4118181E-4	1.0	0.099512376	0.9755959	28.22671	0.24518992	0.1109441	175.0	1.0
SPIKE	S8:A>T	2	44143	4.5307297E-5	7.269987	40.0	TRUE	A	1.0689651E-4	3.0	0.027372988	0.981467	17.291702	0.28057003	0.067590006	175.0	1.0
SPIKE	S9:G>A	27	44146	6.116069E-4	70.864174	40.0	TRUE	G	3.7207507E-4	72.0	0.032324955	0.9369615	44.829067	0.23575445	0.054395806	175.0	0.0
SPIKE	S9:G>T	1	44146	2.265211E-5	4.2596874	40.0	TRUE	G	1.3476527E-4	1.0	0.04799846	0.976692	20.467	0.30533564	0.060692545	175.0	1.0
SPIKE	D9-10:G>	19	44146	4.3039006E-4	-1.0	39.97796	TRUE		NaN	NaN	NaN	NaN	NaN	NaN	NaN	NaN	NaN
SPIKE	D9-11:GA>	4	44146	9.060844E-5	-1.0	39.97796	TRUE		NaN	NaN	NaN	NaN	NaN	NaN	NaN	NaN	NaN
SPIKE	S9:G>C	0	44146	0.0	-1.0	0.0	TRUE	G	1.9551293E-4	1.0	0.0291491	0.96636397	30.41614	0.29228747	0.07209707	175.0	1.0
SPIKE	S10:A>G	57	44146	0.0012911703	146.38963	40.0	TRUE	A	5.067017E-4	97.0	0.029861832	0.915145	57.878963	0.23770504	0.050376378	175.0	0.0
SPIKE	S10:A>C	7	44146	1.5856476E-4	-1.0	40.0	TRUE	A	7.502055E-5	15.0	0.099512376	0.9869572	28.228626	0.24518992	0.1109441	175.0	0.0
SPIKE	S10:A>T	2	44146	4.530422E-5	7.269987	40.0	TRUE	A	1.0689651E-4	1.0	0.027372988	0.981467	17.292877	0.28057003	0.067590006	175.0	1.0
SPIKE	D10-11:A>	22	44146	4.983464E-4	-1.0	39.973133	TRUE		NaN	NaN	NaN	NaN	NaN	NaN	NaN	NaN	NaN
SPIKE	D10-12:AC>	2	44146	4.530422E-5	-1.0	39.973133	TRUE		NaN	NaN	NaN	NaN	NaN	NaN	NaN	NaN	NaN
SPIKE	S11:C>A	1	44146	2.265211E-5	4.2596874	40.0	TRUE	C	1.6631743E-4	38.0	0.05819005	0.97131395	20.467	0.20515507	0.09878472	175.0	0.0
SPIKE	S11:C>G	1	44146	2.265211E-5	-1.0	40.0	TRUE	C	7.6691205E-5	12.0	0.025817094	0.9866687	30.41614	0.28961107	0.087317765	175.0	0.0
SPIKE	S11:C>T	30	44146	6.7956327E-4	91.55839	40.0	TRUE	C	2.4919704E-4	47.0	0.028656822	0.9573277	44.829067	0.24097037	0.06182664	175.0	0.0
SPIKE	D11-12:C>	12	44146	2.718253E-4	-1.0	39.983032	TRUE		NaN	NaN	NaN	NaN	NaN	NaN	NaN	NaN	NaN
SPIKE	D11-13:CG>	2	44146	4.530422E-5	-1.0	39.983032	TRUE		NaN	NaN	NaN	NaN	NaN	NaN	NaN	NaN	NaN
SPIKE	S12:G>A	35	44146	7.928238E-4	106.609886	40.0	TRUE	G	1.4986357E-4	29.0	0.032324955	0.9741148	44.829067	0.23575445	0.054395806	175.0	0.0
SPIKE	S12:G>C	2	44146	4.530422E-5	7.269987	40.0	TRUE	G	2.3783353E-4	37.0	0.0291491	0.9592334	30.41614	0.29228747	0.07209707	175.0	0.0
SPIKE	S12:G>T	3	44146	6.795632E-5	10.280287	40.0	TRUE	G	1.3476527E-4	2.0	0.04799846	0.976692	20.467	0.30533564	0.060692545	175.0	1.0
SPIKE	D12-13:G>	13	44146	2.9447742E-4	-1.0	39.980904	TRUE		NaN	NaN	NaN	NaN	NaN	NaN	NaN	NaN	NaN
SPIKE	D12-14:GA>	4	44146	9.060844E-5	-1.0	39.980904	TRUE		NaN	NaN	NaN	NaN	NaN	NaN	NaN	NaN	NaN
SPIKE	S13:A>G	54	44146	0.0012232139	127.85742	40.0	TRUE	A	7.887831E-4	151.0	0.029861832	0.87106645	57.878963	0.23770504	0.050376378	175.0	0.0
SPIKE	S13:A>C	8	44146	1.8121688E-4	-1.0	40.0	TRUE	A	8.502329E-5	17.0	0.099512376	0.98523104	28.228626	0.24518992	0.1109441	175.0	0.0
SPIKE	S13:A>T	14	44146	3.171295E-4	-1.0	40.0	TRUE	A	7.417841E-5	12.0	0.027372988	0.9871027	17.292877	0.28057003	0.067590006	175.0	0.0
SPIKE	D13-14:A>	18	44146	4.0773797E-4	-1.0	39.97796	TRUE		NaN	NaN	NaN	NaN	NaN	NaN	NaN	NaN	NaN
SPIKE	S14:C>G	3	44146	6.795632E-5	10.280287	40.0	TRUE	C	1.9438754E-4	1.0	0.025817094	0.9665543	30.41614	0.28961107	0.087317765	175.0	1.0
SPIKE	S14:C>T	17	44146	3.8508585E-4	52.424488	40.0	TRUE	C	1.1134335E-4	21.0	0.028656822	0.98070353	44.829067	0.24097037	0.06182664	175.0	0.0
SPIKE	D14-15:C>	16	44146	3.6243376E-4	-1.0	39.981606	TRUE		NaN	NaN	NaN	NaN	NaN	NaN	NaN	NaN	NaN
SPIKE	D14-16:CA>	2	44146	4.530422E-5	-1.0	39.981606	TRUE		NaN	NaN	NaN	NaN	NaN	NaN	NaN	NaN	NaN
SPIKE	S14:C>A	0	44146	0.0	-1.0	0.0	TRUE	C	2.1446195E-4	49.0	0.05819005	0.9631647	20.467	0.20515507	0.09878472	175.0	0.0
SPIKE	S15:A>G	95	44146	0.0021519503	275.18668	40.0	TRUE	A	3.5521356E-4	68.0	0.029861832	0.9397303	57.878963	0.23770504	0.050376378	175.0	0.0
SPIKE	S15:A>C	6	44146	1.3591265E-4	19.311188	40.0	TRUE	A	1.9505344E-4	39.0	0.099512376	0.96644163	28.228626	0.24518992	0.1109441	175.0	0.0
SPIKE	S15:A>T	15	44146	3.3978163E-4	46.403885	40.0	TRUE	A	1.0689651E-4	4.0	0.027372988	0.981467	17.292877	0.28057003	0.067590006	175.0	1.0
SPIKE	D15-16:A>	13	44146	2.9447742E-4	-1.0	39.98471	TRUE		NaN	NaN	NaN	NaN	NaN	NaN	NaN	NaN	NaN
SPIKE	S16:G>A	23	44146	5.209985E-4	59.459663	40.0	TRUE	G	3.255657E-4	63.0	0.032324955	0.94461864	44.829067	0.23575445	0.054395806	175.0	0.0
SPIKE	S16:G>T	3	44146	6.795632E-5	10.280287	40.0	TRUE	G	1.3476527E-4	1.0	0.04799846	0.976692	20.467	0.30533564	0.060692545	175.0	1.0
SPIKE	D16-17:G>	15	44146	3.3978163E-4	-1.0	39.980972	TRUE		NaN	NaN	NaN	NaN	NaN	NaN	NaN	NaN	NaN
SPIKE	D16-18:GA>	3	44146	6.795632E-5	-1.0	39.980972	TRUE		NaN	NaN	NaN	NaN	NaN	NaN	NaN	NaN	NaN
SPIKE	S16:G>C	0	44146	0.0	-1.0	0.0	TRUE	G	1.9551293E-4	0.0	0.0291491	0.96636397	30.41614	0.29228747	0.07209707	175.0	1.0
SPIKE	S17:A>G	54	44146	0.0012232139	127.85742	40.0	TRUE	A	7.6788815E-4	147.0	0.029861832	0.8742574	57.878963	0.23770504	0.050376378	175.0	0.0
SPIKE	S17:A>T	14	44146	3.171295E-4	-1.0	40.0	TRUE	A	6.799687E-5	11.0	0.027372988	0.98817104	17.292877	0.28057003	0.067590006	175.0	0.0
SPIKE	S17:A>C	7	44146	1.5856476E-4	22.321487	40.0	TRUE	A	1.4118181E-4	6.0	0.099512376	0.9755959	28.228626	0.24518992	0.1109441	175.0	1.0
SPIKE	D17-18:A>	31	44146	7.0221536E-4	-1.0	39.995266	TRUE		NaN	NaN	NaN	NaN	NaN	NaN	NaN	NaN	NaN
SPIKE	D17-19:AA>	1	44146	2.265211E-5	-1.0	39.995266	TRUE		NaN	NaN	NaN	NaN	NaN	NaN	NaN	NaN	NaN
SPIKE	S18:A>G	71	44146	0.0016082998	204.18887	40.0	TRUE	A	3.4998983E-4	67.0	0.029861832	0.9405897	57.878963	0.23770504	0.050376378	175.0	0.0
SPIKE	S18:A>C	13	44146	2.9447742E-4	-1.0	40.0	TRUE	A	8.502329E-5	17.0	0.099512376	0.98523104	28.228626	0.24518992	0.1109441	175.0	0.0
SPIKE	S18:A>T	0	44146	0.0	-1.0	0.0	TRUE	A	1.0689651E-4	2.0	0.027372988	0.981467	17.292877	0.28057003	0.067590006	175.0	1.0
SPIKE	S19:C>A	1	44146	2.265211E-5	4.2596874	40.0	TRUE	C	1.6631743E-4	38.0	0.05819005	0.97131395	20.467	0.20515507	0.09878472	175.0	0.0
SPIKE	S19:C>T	20	44146	4.530422E-4	61.455387	40.0	TRUE	C	1.9087431E-4	36.0	0.028656822	0.9671487	44.829067	0.24097037	0.06182664	175.0	0.0
SPIKE	D19-20:C>	4	44146	9.060844E-5	-1.0	39.999344	TRUE		NaN	NaN	NaN	NaN	NaN	NaN	NaN	NaN	NaN
SPIKE	S19:C>G	0	44146	0.0	-1.0	0.0	TRUE	C	1.9438754E-4	2.0	0.025817094	0.9665543	30.41614	0.28961107	0.087317765	175.0	1.0
SPIKE	S20:C>G	14	44146	3.171295E-4	43.393585	40.0	TRUE	C	1.9438754E-4	1.0	0.025817094	0.9665543	30.41614	0.28961107	0.087317765	175.0	1.0
SPIKE	S20:C>T	45	44146	0.0010193449	136.71289	40.0	TRUE	C	1.5906194E-4	30.0	0.028656822	0.972548	44.829067	0.24097037	0.06182664	175.0	0.0
SPIKE	S20:C>A	0	44146	0.0	-1.0	0.0	TRUE	C	4.814452E-5	11.0	0.05819005	0.9916101	20.467	0.20515507	0.09878472	175.0	0.0
SPIKE	S21:A>G	49	44146	0.0011099534	123.48962	40.0	TRUE	A	5.58939E-4	107.0	0.029861832	0.90681726	57.878963	0.23770504	0.050376378	175.0	0.0
SPIKE	S21:A>T	13	44146	2.9447742E-4	-1.0	40.0	TRUE	A	6.181534E-5	10.0	0.027372988	0.9892406	17.292877	0.28057003	0.067590006	175.0	0.0
SPIKE	S21:A>C	6	44146	1.3591265E-4	19.311188	40.0	TRUE	A	2.0005481E-4	40.0	0.099512376	0.96559614	28.228626	0.24518992	0.1109441	175.0	0.0
SPIKE	S22:A>G	44141	44146	0.99988675	9999.0	39.999977	TRUE	G	3.02344E-4	0.0	0.029861832	0.94846517	57.878963	0.23770504	0.050376378	175.0	1.0
SPIKE	S22:A>C	0	44146	0.0	-1.0	0.0	TRUE	G	6.501781E-5	13.0	0.099512376	0.9886864	28.228626	0.24518992	0.1109441	175.0	0.0
SPIKE	S22:A>T	0	44146	0.0	-1.0	0.0	TRUE	G	1.0689651E-4	0.0	0.027372988	0.981467	17.292877	0.28057003	0.067590006	175.0	1.0
SPIKE	S23:A>C	44140	44146	0.9998641	9999.0	39.999863	TRUE	C	1.4118181E-4	2.0	0.099512376	0.9755959	28.228626	0.24518992	0.1109441	175.0	1.0
SPIKE	S23:A>G	0	44146	0.0	-1.0	0.0	TRUE	C	2.0372543E-4	39.0	0.029861832	0.9649761	57.878963	0.23770504	0.050376378	175.0	0.0
SPIKE	S23:A>T	0	44146	0.0	-1.0	0.0	TRUE	C	1.0689651E-4	0.0	0.027372988	0.981467	17.292877	0.28057003	0.067590006	175.0	1.0
SPIKE	S24:A>G	0	44146	0.0	-1.0	0.0	TRUE	A	3.02344E-4	0.0	0.029861832	0.94846517	57.878963	0.23770504	0.050376378	175.0	1.0
SPIKE	S24:A>C	0	44146	0.0	-1.0	0.0	TRUE	A	1.9005207E-4	38.0	0.099512376	0.9672879	28.228626	0.24518992	0.1109441	175.0	0.0
SPIKE	S24:A>T	0	44146	0.0	-1.0	0.0	TRUE	A	1.0689651E-4	0.0	0.027372988	0.981467	17.292877	0.28057003	0.067590006	175.0	1.0
SPIKE	S25:A>G	0	44146	0.0	-1.0	0.0	TRUE	A	3.02344E-4	0.0	0.029861832	0.94846517	57.878963	0.23770504	0.050376378	175.0	1.0
SPIKE	S25:A>C	0	44146	0.0	-1.0	0.0	TRUE	A	1.4118181E-4	1.0	0.099512376	0.9755959	28.228626	0.24518992	0.1109441	175.0	1.0
SPIKE	S25:A>T	0	44146	0.0	-1.0	0.0	TRUE	A	7.417841E-5	12.0	0.027372988	0.9871027	17.292877	0.28057003	0.067590006	175.0	0.0
SPIKE	S26:T>G	5	44146	1.1326055E-4	16.300888	40.0	TRUE	T	2.823478E-4	46.0	0.04346099	0.95179	28.228626	0.28327957	0.065784924	175.0	0.0
SPIKE	S26:T>A	1	44146	2.265211E-5	4.2596874	40.0	TRUE	T	2.4827872E-4	41.0	0.030796511	0.9574816	17.292877	0.27582398	0.059138652	175.0	0.0
SPIKE	S26:T>C	55	44146	0.001245866	171.5871	40.0	TRUE	T	2.6418857E-4	47.0	0.027438276	0.95481944	57.878963	0.25514695	0.058764003	175.0	0.0
SPIKE	D26-27:T>	1	44146	2.265211E-5	-1.0	39.99563	TRUE		NaN	NaN	NaN	NaN	NaN	NaN	NaN	NaN	NaN
SPIKE	S27:G>A	27	44146	6.116069E-4	-1.0	40.0	TRUE	G	9.301877E-5	18.0	0.032324955	0.9838535	44.829067	0.23575445	0.054395806	175.0	0.0
SPIKE	S27:G>T	2	44146	4.530422E-5	7.269987	40.0	TRUE	G	2.6996512E-4	41.0	0.04799846	0.95385474	20.467	0.30533564	0.060692545	175.0	0.0
SPIKE	D27-28:G>	6	44146	1.3591265E-4	-1.0	39.99959	TRUE		NaN	NaN	NaN	NaN	NaN	NaN	NaN	NaN	NaN
SPIKE	S27:G>C	0	44146	0.0	-1.0	0.0	TRUE	G	1.9551293E-4	0.0	0.0291491	0.96636397	30.41614	0.29228747	0.07209707	175.0	1.0
SPIKE	S28:G>A	38	44147	8.607606E-4	-1.0	40.0	TRUE	G	9.3016664E-5	18.0	0.032324955	0.9838539	44.830082	0.23575445	0.054395806	175.0	0.0
SPIKE	S28:G>T	1	44147	2.2651595E-5	4.2596874	40.0	TRUE	G	1.3476527E-4	1.0	0.04799846	0.976692	20.467463	0.30533564	0.060692545	175.0	1.0
SPIKE	S28:G>C	1	44147	2.2651595E-5	4.2596874	40.0	TRUE	G	1.9551293E-4	0.0	0.0291491	0.96636397	30.41683	0.29228747	0.07209707	175.0	1.0
SPIKE	S29:G>A	26	44147	5.889415E-4	79.51719	40.0	TRUE	G	2.1703888E-4	42.0	0.032324955	0.96273047	44.830082	0.23575445	0.054395806	175.0	0.0
SPIKE	S29:G>C	1	44147	2.2651595E-5	4.2596874	40.0	TRUE	G	1.9551293E-4	0.0	0.0291491	0.96636397	30.41683	0.29228747	0.07209707	175.0	1.0
SPIKE	S29:G>T	0	44147	0.0	-1.0	0.0	TRUE	G	1.3476527E-4	1.0	0.04799846	0.976692	20.467463	0.30533564	0.060692545	175.0	1.0
SPIKE	S30:A>G	65	44147	0.0014723537	174.26482	40.0	TRUE	A	5.0669024E-4	97.0	0.029861832	0.9151468	57.880272	0.23770504	0.050376378	175.0	0.0
SPIKE	S30:A>T	2	44147	4.530319E-5	-1.0	40.0	TRUE	A	6.799533E-5	11.0	0.027372988	0.98817134	17.293268	0.28057003	0.067590006	175.0	0.0
SPIKE	S30:A>C	4	44147	9.060638E-5	13.290587	40.0	TRUE	A	1.4118181E-4	0.0	0.099512376	0.9755959	28.229267	0.24518992	0.1109441	175.0	1.0
SPIKE	D30-31:A>	1	44147	2.2651595E-5	-1.0	39.996853	TRUE		NaN	NaN	NaN	NaN	NaN	NaN	NaN	NaN	NaN
SPIKE	I30:>A	2	44147	4.530319E-5	-1.0	39.996853	TRUE		NaN	NaN	NaN	NaN	NaN	NaN	NaN	NaN	NaN
SPIKE	S31:T>G	3	44147	6.795479E-5	10.280287	40.0	TRUE	T	1.732672E-4	4.0	0.04346099	0.9701333	28.229267	0.28327957	0.065784924	175.0	1.0
SPIKE	S31:T>A	3	44147	6.795479E-5	10.280287	40.0	TRUE	T	2.2405133E-4	37.0	0.030796511	0.96154976	17.293268	0.27582398	0.059138652	175.0	0.0
SPIKE	S31:T>C	68	44147	0.0015403085	195.3428	40.0	TRUE	T	3.709798E-4	66.0	0.027438276	0.93714106	57.880272	0.25514695	0.058764003	175.0	0.0
SPIKE	S32:C>T	23	44147	5.209867E-4	59.459663	40.0	TRUE	C	3.0751276E-4	58.0	0.028656822	0.94760764	44.830082	0.24097037	0.06182664	175.0	0.0
SPIKE	S32:C>A	2	44147	4.530319E-5	-1.0	40.0	TRUE	C	8.9579444E-5	1.0	0.05819005	0.9844458	20.467463	0.20515507	0.09878472	175.0	1.0
SPIKE	S32:C>G	1	44147	2.2651595E-5	4.2596874	40.0	TRUE	C	1.9438754E-4	0.0	0.025817094	0.9665543	30.41683	0.28961107	0.087317765	175.0	1.0
SPIKE	S33:C>T	19	44147	4.303803E-4	58.445087	40.0	TRUE	C	1.1134083E-4	21.0	0.028656822	0.98070395	44.830082	0.24097037	0.06182664	175.0	0.0
SPIKE	S33:C>A	2	44147	4.530319E-5	-1.0	40.0	TRUE	C	4.3766755E-5	10.0	0.05819005	0.99237007	20.467463	0.20515507	0.09878472	175.0	0.0
SPIKE	S33:C>G	0	44147	0.0	-1.0	0.0	TRUE	C	1.9438754E-4	0.0	0.025817094	0.9665543	30.41683	0.28961107	0.087317765	175.0	1.0
SPIKE	S34:A>C	6	44147	1.3590958E-4	19.311188	40.0	TRUE	A	2.0005027E-4	40.0	0.099512376	0.9655969	28.229267	0.24518992	0.1109441	175.0	0.0
SPIKE	S34:A>T	3	44147	6.795479E-5	-1.0	40.0	TRUE	A	7.417673E-5	12.0	0.027372988	0.987103	17.293268	0.28057003	0.067590006	175.0	0.0
SPIKE	S34:A>G	54	44147	0.0012231861	168.5768	40.0	TRUE	A	1.4103748E-4	27.0	0.029861832	0.97562057	57.880272	0.23770504	0.050376378	175.0	0.0
SPIKE	S35:T>C	65	44147	0.0014723537	201.6901	40.0	TRUE	T	2.585617E-4	46.0	0.027438276	0.9557601	57.880272	0.25514695	0.058764003	175.0	0.0
SPIKE	S35:T>A	5	44147	1.1325798E-4	16.300888	40.0	TRUE	T	2.3616222E-4	39.0	0.030796511	0.95951396	17.293268	0.27582398	0.059138652	175.0	0.0
SPIKE	S35:T>G	2	44147	4.530319E-5	7.269987	40.0	TRUE	T	1.732672E-4	2.0	0.04346099	0.9701333	28.229267	0.28327957	0.065784924	175.0	1.0
SPIKE	D35-36:T>	1	44147	2.2651595E-5	-1.0	39.99889	TRUE		NaN	NaN	NaN	NaN	NaN	NaN	NaN	NaN	NaN
SPIKE	S36:T>C	34	44147	7.7015423E-4	-1.0	40.0	TRUE	T	6.745088E-5	12.0	0.027438276	0.9882655	57.880272	0.25514695	0.058764003	175.0	0.0
SPIKE	S36:T>G	2	44147	4.530319E-5	7.269987	40.0	TRUE	T	1.732672E-4	0.0	0.04346099	0.9701333	28.229267	0.28327957	0.065784924	175.0	1.0
SPIKE	S36:T>A	0	44147	0.0	-1.0	0.0	TRUE	T	6.660986E-5	11.0	0.030796511	0.98841095	17.293268	0.27582398	0.059138652	175.0	0.0
SPIKE	S37:A>C	4	44147	9.060638E-5	13.290587	40.0	TRUE	A	1.4118181E-4	1.0	0.099512376	0.9755959	28.229267	0.24518992	0.1109441	175.0	1.0
SPIKE	S37:A>T	1	44147	2.2651595E-5	4.2596874	40.0	TRUE	A	2.8434413E-4	46.0	0.027372988	0.95145756	17.293268	0.28057003	0.067590006	175.0	0.0
SPIKE	S37:A>G	62	44147	0.0014043989	192.6592	40.0	TRUE	A	1.2014304E-4	23.0	0.029861832	0.97919446	57.880272	0.23770504	0.050376378	175.0	0.0
SPIKE	S38:T>C	25	44147	5.662899E-4	-1.0	40.0	TRUE	T	9.5555406E-5	17.0	0.027438276	0.98341686	57.880272	0.25514695	0.058764003	175.0	0.0
SPIKE	S38:T>A	3	44147	6.795479E-5	10.280287	40.0	TRUE	T	2.0588501E-4	34.0	0.030796511	0.9646115	17.293268	0.27582398	0.059138652	175.0	0.0
SPIKE	S38:T>G	4	44147	9.060638E-5	13.290587	40.0	TRUE	T	1.732672E-4	0.0	0.04346099	0.9701333	28.229267	0.28327957	0.065784924	175.0	1.0
SPIKE	S39:C>T	20	44147	4.530319E-4	50.97615	40.0	TRUE	C	3.4462637E-4	65.0	0.028656822	0.941473	44.830082	0.24097037	0.06182664	175.0	0.0
SPIKE	S39:C>A	8	44147	1.8121276E-4	-1.0	40.0	TRUE	C	8.9579444E-5	1.0	0.05819005	0.9844458	20.467463	0.20515507	0.09878472	175.0	1.0
SPIKE	S39:C>G	0	44147	0.0	-1.0	0.0	TRUE	C	6.390789E-5	10.0	0.025817094	0.9888784	30.41683	0.28961107	0.087317765	175.0	0.0
SPIKE	S40:G>T	2	44147	4.530319E-5	7.269987	40.0	TRUE	G	1.3476527E-4	1.0	0.04799846	0.976692	20.467463	0.30533564	0.060692545	175.0	1.0
SPIKE	S40:G>A	43	44147	9.740186E-4	130.69229	40.0	TRUE	G	1.8086574E-4	35.0	0.032324955	0.9688442	44.830082	0.23575445	0.054395806	175.0	0.0
SPIKE	S40:G>C	0	44147	0.0	-1.0	0.0	TRUE	G	2.4425593E-4	38.0	0.0291491	0.9581559	30.41683	0.29228747	0.07209707	175.0	0.0
SPIKE	S41:G>C	1	44147	2.2651595E-5	-1.0	40.0	TRUE	G	6.4277876E-5	10.0	0.0291491	0.9888144	30.41683	0.29228747	0.07209707	175.0	0.0
SPIKE	S41:G>T	1	44147	2.2651595E-5	4.2596874	40.0	TRUE	G	1.3476527E-4	0.0	0.04799846	0.976692	20.467463	0.30533564	0.060692545	175.0	1.0
SPIKE	S41:G>A	20	44147	4.530319E-4	61.455387	40.0	TRUE	G	1.6536296E-4	32.0	0.032324955	0.9714762	44.830082	0.23575445	0.054395806	175.0	0.0
SPIKE	S42:C>T	26	44147	5.889415E-4	79.51719	40.0	TRUE	C	2.4388943E-4	46.0	0.028656822	0.9582173	44.830082	0.24097037	0.06182664	175.0	0.0
SPIKE	S42:C>A	7	44147	1.5856118E-4	-1.0	40.0	TRUE	C	8.9579444E-5	3.0	0.05819005	0.9844458	20.467463	0.20515507	0.09878472	175.0	1.0
SPIKE	S42:C>G	3	44147	6.795479E-5	10.280287	40.0	TRUE	C	2.939763E-4	46.0	0.025817094	0.9498551	30.41683	0.28961107	0.087317765	175.0	0.0
SPIKE	S43:G>C	2	44147	4.530319E-5	7.269987	40.0	TRUE	G	2.2497258E-4	35.0	0.0291491	0.9613947	30.41683	0.29228747	0.07209707	175.0	0.0
SPIKE	S43:G>A	33	44147	7.4750267E-4	100.58929	40.0	TRUE	G	1.8086574E-4	35.0	0.032324955	0.9688442	44.830082	0.23575445	0.054395806	175.0	0.0
SPIKE	S43:G>T	0	44147	0.0	-1.0	0.0	TRUE	G	1.3476527E-4	3.0	0.04799846	0.976692	20.467463	0.30533564	0.060692545	175.0	1.0
SPIKE	S44:G>A	28	44147	6.342447E-4	85.53779	40.0	TRUE	G	2.1703888E-4	42.0	0.032324955	0.96273047	44.830082	0.23575445	0.054395806	175.0	0.0
SPIKE	S44:G>C	0	44147	0.0	-1.0	0.0	TRUE	G	1.9551293E-4	9.0	0.0291491	0.96636397	30.41683	0.29228747	0.07209707	175.0	1.0
SPIKE	S44:G>T	0	44147	0.0	-1.0	0.0	TRUE	G	1.3476527E-4	0.0	0.04799846	0.976692	20.467463	0.30533564	0.060692545	175.0	1.0
SPIKE	S45:C>T	28	44147	6.342447E-4	85.53779	40.0	TRUE	C	1.3254861E-4	25.0	0.028656822	0.9770709	44.830082	0.24097037	0.06182664	175.0	0.0
SPIKE	S45:C>A	4	44147	9.060638E-5	-1.0	40.0	TRUE	C	8.9579444E-5	0.0	0.05819005	0.9844458	20.467463	0.20515507	0.09878472	175.0	1.0
SPIKE	S45:C>G	1	44147	2.2651595E-5	4.2596874	40.0	TRUE	C	2.939763E-4	46.0	0.025817094	0.9498551	30.41683	0.28961107	0.087317765	175.0	0.0
SPIKE	S46:G>A	28	44147	6.342447E-4	85.53779	40.0	TRUE	G	1.8086574E-4	35.0	0.032324955	0.9688442	44.830082	0.23575445	0.054395806	175.0	0.0
SPIKE	S46:G>C	0	44147	0.0	-1.0	0.0	TRUE	G	2.3140037E-4	36.0	0.0291491	0.9603139	30.41683	0.29228747	0.07209707	175.0	0.0
SPIKE	S46:G>T	0	44147	0.0	-1.0	0.0	TRUE	G	1.3476527E-4	0.0	0.04799846	0.976692	20.467463	0.30533564	0.060692545	175.0	1.0
SPIKE	S47:A>C	1	44147	2.2651595E-5	4.2596874	40.0	TRUE	A	1.4118181E-4	1.0	0.099512376	0.9755959	28.229267	0.24518992	0.1109441	175.0	1.0
SPIKE	S47:A>T	2	44147	4.530319E-5	7.269987	40.0	TRUE	A	1.0689651E-4	2.0	0.027372988	0.981467	17.293268	0.28057003	0.067590006	175.0	1.0
SPIKE	S47:A>G	20	44147	4.530319E-4	61.455387	40.0	TRUE	A	2.507333E-4	48.0	0.029861832	0.9570704	57.880272	0.23770504	0.050376378	175.0	0.0
SPIKE	S48:A>T	1	44147	2.2651595E-5	-1.0	40.0	TRUE	A	6.799533E-5	11.0	0.027372988	0.98817134	17.293268	0.28057003	0.067590006	175.0	0.0
SPIKE	S48:A>C	1	44147	2.2651595E-5	4.2596874	40.0	TRUE	A	1.4118181E-4	0.0	0.099512376	0.9755959	28.229267	0.24518992	0.1109441	175.0	1.0
SPIKE	S48:A>G	53	44147	0.0012005345	165.5665	40.0	TRUE	A	1.0447221E-4	20.0	0.029861832	0.98188347	57.880272	0.23770504	0.050376378	175.0	0.0
SPIKE	S49:T>C	69	44147	0.0015629601	213.7313	40.0	TRUE	T	1.6300628E-4	29.0	0.027438276	0.9718769	57.880272	0.25514695	0.058764003	175.0	0.0
SPIKE	S49:T>G	1	44147	2.2651595E-5	4.2596874	40.0	TRUE	T	1.732672E-4	1.0	0.04346099	0.9701333	28.229267	0.28327957	0.065784924	175.0	1.0
SPIKE	S49:T>A	3	44147	6.795479E-5	10.280287	40.0	TRUE	T	2.2405133E-4	37.0	0.030796511	0.96154976	17.293268	0.27582398	0.059138652	175.0	0.0
SPIKE	D49-50:T>	38	44147	8.607606E-4	-1.0	39.999435	TRUE		NaN	NaN	NaN	NaN	NaN	NaN	NaN	NaN	NaN
SPIKE	S50:T>C	82	44147	0.0018574309	252.8652	40.0	TRUE	T	1.3490175E-4	24.0	0.027438276	0.97666866	57.880272	0.25514695	0.058764003	175.0	0.0
SPIKE	S50:T>A	3	44147	6.795479E-5	10.280287	40.0	TRUE	T	1.04718376E-4	2.0	0.030796511	0.9818412	17.293268	0.27582398	0.059138652	175.0	1.0
SPIKE	S50:T>G	0	44147	0.0	-1.0	0.0	TRUE	T	1.732672E-4	2.0	0.04346099	0.9701333	28.229267	0.28327957	0.065784924	175.0	1.0
SPIKE	S51:T>C	82	44147	0.0018574309	252.8652	40.0	TRUE	T	1.6862719E-4	30.0	0.027438276	0.9709214	57.880272	0.25514695	0.058764003	175.0	0.0
SPIKE	S51:T>G	1	44147	2.2651595E-5	4.2596874	40.0	TRUE	T	1.732672E-4	1.0	0.04346099	0.9701333	28.229267	0.28327957	0.065784924	175.0	1.0
SPIKE	S51:T>A	3	44147	6.795479E-5	10.280287	40.0	TRUE	T	1.04718376E-4	6.0	0.030796511	0.9818412	17.293268	0.27582398	0.059138652	175.0	1.0
SPIKE	S52:A>G	46	44147	0.0010419734	139.72319	40.0	TRUE	A	1.2536666E-4	24.0	0.029861832	0.97829974	57.880272	0.23770504	0.050376378	175.0	0.0
SPIKE	S52:A>C	0	44147	0.0	-1.0	0.0	TRUE	A	1.2003016E-4	24.0	0.099512376	0.9792138	28.229267	0.24518992	0.1109441	175.0	0.0
SPIKE	S52:A>T	0	44147	0.0	-1.0	0.0	TRUE	A	9.89023E-5	16.0	0.027372988	0.982841	17.293268	0.28057003	0.067590006	175.0	0.0
SPIKE	S53:C>T	20	44147	4.530319E-4	61.455387	40.0	TRUE	C	1.5905833E-4	30.0	0.028656822	0.9725486	44.830082	0.24097037	0.06182664	175.0	0.0
SPIKE	S53:C>A	1	44147	2.2651595E-5	-1.0	40.0	TRUE	C	6.127346E-5	14.0	0.05819005	0.9893344	20.467463	0.20515507	0.09878472	175.0	0.0
SPIKE	D53-54:C>	7	44147	1.5856118E-4	-1.0	39.999706	TRUE		NaN	NaN	NaN	NaN	NaN	NaN	NaN	NaN	NaN
SPIKE	S53:C>G	0	44147	0.0	-1.0	0.0	TRUE	C	1.9438754E-4	1.0	0.025817094	0.9665543	30.41683	0.28961107	0.087317765	175.0	1.0
SPIKE	S54:C>T	29	44147	6.5689627E-4	88.54809	40.0	TRUE	C	1.0073694E-4	19.0	0.028656822	0.9825255	44.830082	0.24097037	0.06182664	175.0	0.0
SPIKE	S54:C>G	1	44147	2.2651595E-5	4.2596874	40.0	TRUE	C	1.9438754E-4	0.0	0.025817094	0.9665543	30.41683	0.28961107	0.087317765	175.0	1.0
SPIKE	S54:C>A	5	44147	1.1325798E-4	-1.0	40.0	TRUE	C	8.9579444E-5	5.0	0.05819005	0.9844458	20.467463	0.20515507	0.09878472	175.0	1.0
SPIKE	S55:A>T	17	44147	3.8507712E-4	-1.0	40.0	TRUE	A	6.181394E-5	10.0	0.027372988	0.9892409	17.293268	0.28057003	0.067590006	175.0	0.0
SPIKE	S55:A>C	3	44147	6.795479E-5	6.0206	40.0	TRUE	A	4.651169E-4	93.0	0.099512376	0.9218291	28.229267	0.24518992	0.1109441	175.0	0.0
SPIKE	S55:A>G	62	44147	0.0014043989	158.5904	40.0	TRUE	A	6.6339853E-4	127.0	0.029861832	0.8903909	57.880272	0.23770504	0.050376378	175.0	0.0
SPIKE	S56:C>T	26	44147	5.889415E-4	79.51719	40.0	TRUE	C	1.9617194E-4	37.0	0.028656822	0.9662525	44.830082	0.24097037	0.06182664	175.0	0.0
SPIKE	S56:C>G	1	44147	2.2651595E-5	4.2596874	40.0	TRUE	C	1.9438754E-4	0.0	0.025817094	0.9665543	30.41683	0.28961107	0.087317765	175.0	1.0
SPIKE	S56:C>A	5	44147	1.1325798E-4	-1.0	40.0	TRUE	C	6.127346E-5	14.0	0.05819005	0.9893344	20.467463	0.20515507	0.09878472	175.0	0.0
SPIKE	D56-57:C>	1	44147	2.2651595E-5	-1.0	39.999863	TRUE		NaN	NaN	NaN	NaN	NaN	NaN	NaN	NaN	NaN
SPIKE	S57:C>T	33	44147	7.4750267E-4	100.58929	40.0	TRUE	C	1.21944715E-4	23.0	0.028656822	0.97888577	44.830082	0.24097037	0.06182664	175.0	0.0
SPIKE	S57:C>A	4	44147	9.060638E-5	-1.0	40.0	TRUE	C	8.9579444E-5	4.0	0.05819005	0.9844458	20.467463	0.20515507	0.09878472	175.0	1.0
SPIKE	S57:C>G	0	44147	0.0	-1.0	0.0	TRUE	C	1.9438754E-4	0.0	0.025817094	0.9665543	30.41683	0.28961107	0.087317765	175.0	1.0
SPIKE	S58:A>T	2	44147	4.530319E-5	7.269987	40.0	TRUE	A	1.0689651E-4	4.0	0.027372988	0.981467	17.293268	0.28057003	0.067590006	175.0	1.0
SPIKE	S58:A>C	2	44147	4.530319E-5	7.269987	40.0	TRUE	A	1.05026396E-4	21.0	0.099512376	0.9817883	28.229267	0.24518992	0.1109441	175.0	0.0
SPIKE	S58:A>G	41	44147	9.2871545E-4	124.671684	40.0	TRUE	A	1.9327359E-4	37.0	0.029861832	0.9667427	57.880272	0.23770504	0.050376378	175.0	0.0
SPIKE	S59:T>C	64	44147	0.0014497021	198.6798	40.0	TRUE	T	2.4731987E-4	44.0	0.027438276	0.95764226	57.880272	0.25514695	0.058764003	175.0	0.0
SPIKE	S59:T>A	2	44147	4.530319E-5	7.269987	40.0	TRUE	T	1.15053386E-4	19.0	0.030796511	0.980067	17.293268	0.27582398	0.059138652	175.0	0.0
SPIKE	D59-60:T>	2	44147	4.530319E-5	-1.0	39.999004	TRUE		NaN	NaN	NaN	NaN	NaN	NaN	NaN	NaN	NaN
SPIKE	S59:T>G	0	44147	0.0	-1.0	0.0	TRUE	T	1.732672E-4	4.0	0.04346099	0.9701333	28.229267	0.28327957	0.065784924	175.0	1.0
SPIKE	S60:T>C	69	44147	0.0015629601	213.7313	40.0	TRUE	T	1.6300628E-4	29.0	0.027438276	0.9718769	57.880272	0.25514695	0.058764003	175.0	0.0
SPIKE	S60:T>G	1	44147	2.2651595E-5	4.2596874	40.0	TRUE	T	1.732672E-4	4.0	0.04346099	0.9701333	28.229267	0.28327957	0.065784924	175.0	1.0
SPIKE	S60:T>A	5	44147	1.1325798E-4	16.300888	40.0	TRUE	T	1.04718376E-4	0.0	0.030796511	0.9818412	17.293268	0.27582398	0.059138652	175.0	1.0
SPIKE	S61:G>A	9	44147	2.0386436E-4	28.342087	40.0	TRUE	G	1.0335185E-4	20.0	0.032324955	0.982076	44.830082	0.23575445	0.054395806	175.0	0.0
SPIKE	D61-62:G>	1	44147	2.2651595E-5	-1.0	39.995514	TRUE		NaN	NaN	NaN	NaN	NaN	NaN	NaN	NaN	NaN
SPIKE	S61:G>C	0	44147	0.0	-1.0	0.0	TRUE	G	1.9551293E-4	0.0	0.0291491	0.96636397	30.41683	0.29228747	0.07209707	175.0	1.0
SPIKE	S61:G>T	0	44147	0.0	-1.0	0.0	TRUE	G	1.2510296E-4	19.0	0.04799846	0.9783449	20.467463	0.30533564	0.060692545	175.0	0.0
SPIKE	S62:A>T	6	44147	1.3590958E-4	19.311188	40.0	TRUE	A	1.0689651E-4	3.0	0.027372988	0.981467	17.293268	0.28057003	0.067590006	175.0	1.0
SPIKE	S62:A>G	49	44147	0.0011099282	148.75409	40.0	TRUE	A	2.1939164E-4	42.0	0.029861832	0.96233416	57.880272	0.23770504	0.050376378	175.0	0.0
SPIKE	D62-63:A>	26	44147	5.889415E-4	-1.0	39.999435	TRUE		NaN	NaN	NaN	NaN	NaN	NaN	NaN	NaN	NaN
SPIKE	S62:A>C	0	44147	0.0	-1.0	0.0	TRUE	A	1.4118181E-4	2.0	0.099512376	0.9755959	28.229267	0.24518992	0.1109441	175.0	1.0
SPIKE	S63:A>T	2	44147	4.530319E-5	7.269987	40.0	TRUE	A	1.0689651E-4	0.0	0.027372988	0.981467	17.293268	0.28057003	0.067590006	175.0	1.0
SPIKE	S63:A>C	2	44147	4.530319E-5	7.269987	40.0	TRUE	A	1.4118181E-4	1.0	0.099512376	0.9755959	28.229267	0.24518992	0.1109441	175.0	1.0
SPIKE	S63:A>G	84	44147	0.001902734	258.8858	40.0	TRUE	A	1.5148471E-4	29.0	0.029861832	0.97383845	57.880272	0.23770504	0.050376378	175.0	0.0
SPIKE	S64:A>G	96	44147	0.0021745532	295.0094	40.0	TRUE	A	2.7685135E-4	53.0	0.029861832	0.9527059	57.880272	0.23770504	0.050376378	175.0	0.0
SPIKE	S64:A>C	4	44147	9.060638E-5	13.290587	40.0	TRUE	A	1.4118181E-4	1.0	0.099512376	0.9755959	28.229267	0.24518992	0.1109441	175.0	1.0
SPIKE	S64:A>T	6	44147	1.3590958E-4	19.311188	40.0	TRUE	A	1.0689651E-4	2.0	0.027372988	0.981467	17.293268	0.28057003	0.067590006	175.0	1.0
SPIKE	S65:A>G	78	44147	0.0017668245	224.85803	40.0	TRUE	A	3.2386385E-4	62.0	0.029861832	0.9449	57.880272	0.23770504	0.050376378	175.0	0.0
SPIKE	S65:A>C	11	44147	2.4916756E-4	26.1236	40.0	TRUE	A	3.3008296E-4	66.0	0.099512376	0.9438722	28.229267	0.24518992	0.1109441	175.0	0.0
SPIKE	S65:A>T	3	44147	6.795479E-5	10.280287	40.0	TRUE	A	1.0689651E-4	2.0	0.027372988	0.981467	17.293268	0.28057003	0.067590006	175.0	1.0
SPIKE	S66:C>A	2	44147	4.530319E-5	7.269987	40.0	TRUE	C	1.4443029E-4	33.0	0.05819005	0.97504145	20.467463	0.20515507	0.09878472	175.0	0.0
SPIKE	S66:C>T	19	44147	4.303803E-4	58.445087	40.0	TRUE	C	1.5375638E-4	29.0	0.028656822	0.97345144	44.830082	0.24097037	0.06182664	175.0	0.0
SPIKE	D66-67:C>	1	44147	2.2651595E-5	-1.0	39.99787	TRUE		NaN	NaN	NaN	NaN	NaN	NaN	NaN	NaN	NaN
SPIKE	S66:C>G	0	44147	0.0	-1.0	0.0	TRUE	C	1.9438754E-4	0.0	0.025817094	0.9665543	30.41683	0.28961107	0.087317765	175.0	1.0
SPIKE	S67:C>A	4	44147	9.060638E-5	-1.0	40.0	TRUE	C	8.315683E-5	19.0	0.05819005	0.9855529	20.467463	0.20515507	0.09878472	175.0	0.0
SPIKE	S67:C>T	24	44147	5.436383E-4	-1.0	40.0	TRUE	C	8.483111E-5	16.0	0.028656822	0.9852642	44.830082	0.24097037	0.06182664	175.0	0.0
SPIKE	S67:C>G	0	44147	0.0	-1.0	0.0	TRUE	C	1.9438754E-4	0.0	0.025817094	0.9665543	30.41683	0.28961107	0.087317765	175.0	1.0
SPIKE	S68:A>G	55	44147	0.0012458378	130.64134	40.0	TRUE	A	7.0518744E-4	135.0	0.029861832	0.88390315	57.880272	0.23770504	0.050376378	175.0	0.0
SPIKE	S68:A>C	5	44147	1.1325798E-4	-1.0	40.0	TRUE	A	5.0012568E-5	10.0	0.099512376	0.991286	28.229267	0.24518992	0.1109441	175.0	0.0
SPIKE	S68:A>T	19	44147	4.303803E-4	58.445087	40.0	TRUE	A	1.0689651E-4	5.0	0.027372988	0.981467	17.293268	0.28057003	0.067590006	175.0	1.0
SPIKE	S69:G>A	26	44147	5.889415E-4	79.51719	40.0	TRUE	G	1.13687034E-4	22.0	0.032324955	0.9803014	44.830082	0.23575445	0.054395806	175.0	0.0
SPIKE	S69:G>C	1	44147	2.2651595E-5	4.2596874	40.0	TRUE	G	1.2212797E-4	19.0	0.0291491	0.97885436	30.41683	0.29228747	0.07209707	175.0	0.0
SPIKE	S69:G>T	6	44147	1.3590958E-4	19.311188	40.0	TRUE	G	1.3476527E-4	0.0	0.04799846	0.976692	20.467463	0.30533564	0.060692545	175.0	1.0
SPIKE	S70:C>A	3	44147	6.795479E-5	-1.0	40.0	TRUE	C	8.9579444E-5	1.0	0.05819005	0.9844458	20.467463	0.20515507	0.09878472	175.0	1.0
SPIKE	S70:C>G	4	44147	9.060638E-5	13.290587	40.0	TRUE	C	1.9438754E-4	4.0	0.025817094	0.9665543	30.41683	0.28961107	0.087317765	175.0	1.0
SPIKE	S70:C>T	36	44147	8.1545743E-4	109.620186	40.0	TRUE	C	2.491914E-4	47.0	0.028656822	0.9573287	44.830082	0.24097037	0.06182664	175.0	0.0
SPIKE	S71:C>A	2	44147	4.530319E-5	-1.0	40.0	TRUE	C	8.9579444E-5	2.0	0.05819005	0.9844458	20.467463	0.20515507	0.09878472	175.0	1.0
SPIKE	S71:C>T	31	44147	7.0219947E-4	94.56869	40.0	TRUE	C	1.802661E-4	34.0	0.028656822	0.96894586	44.830082	0.24097037	0.06182664	175.0	0.0
SPIKE	S71:C>G	0	44147	0.0	-1.0	0.0	TRUE	C	1.2142499E-4	19.0	0.025817094	0.9789748	30.41683	0.28961107	0.087317765	175.0	0.0
SPIKE	S72:G>A	23	44147	5.209867E-4	70.48629	40.0	TRUE	G	1.6536296E-4	32.0	0.032324955	0.9714762	44.830082	0.23575445	0.054395806	175.0	0.0
SPIKE	S72:G>C	1	44147	2.2651595E-5	4.2596874	40.0	TRUE	G	1.9551293E-4	4.0	0.0291491	0.96636397	30.41683	0.29228747	0.07209707	175.0	1.0
SPIKE	S72:G>T	2	44147	4.530319E-5	7.269987	40.0	TRUE	G	1.1193422E-4	17.0	0.04799846	0.98060215	20.467463	0.30533564	0.060692545	175.0	0.0
SPIKE	S73:T>A	6	44147	1.3590958E-4	19.311188	40.0	TRUE	T	1.04718376E-4	7.0	0.030796511	0.9818412	17.293268	0.27582398	0.059138652	175.0	1.0
SPIKE	S73:T>G	4	44147	9.060638E-5	13.290587	40.0	TRUE	T	1.5344642E-4	25.0	0.04346099	0.97350425	28.229267	0.28327957	0.065784924	175.0	0.0
SPIKE	S73:T>C	66	44147	0.0014950053	177.14546	40.0	TRUE	T	5.733324E-4	102.0	0.027438276	0.904536	57.880272	0.25514695	0.058764003	175.0	0.0
SPIKE	S74:G>A	23	44147	5.209867E-4	70.48629	40.0	TRUE	G	1.1885462E-4	23.0	0.032324955	0.97941524	44.830082	0.23575445	0.054395806	175.0	0.0
SPIKE	S74:G>C	0	44147	0.0	-1.0	0.0	TRUE	G	1.9551293E-4	0.0	0.0291491	0.96636397	30.41683	0.29228747	0.07209707	175.0	1.0
SPIKE	S74:G>T	0	44147	0.0	-1.0	0.0	TRUE	G	1.3476527E-4	3.0	0.04799846	0.976692	20.467463	0.30533564	0.060692545	175.0	1.0
SPIKE	S75:G>A	23	44147	5.209867E-4	-1.0	40.0	TRUE	G	9.818425E-5	19.0	0.032324955	0.9829645	44.830082	0.23575445	0.054395806	175.0	0.0
SPIKE	S75:G>C	1	44147	2.2651595E-5	4.2596874	40.0	TRUE	G	1.9551293E-4	0.0	0.0291491	0.96636397	30.41683	0.29228747	0.07209707	175.0	1.0
SPIKE	S75:G>T	0	44147	0.0	-1.0	0.0	TRUE	G	1.1193422E-4	17.0	0.04799846	0.98060215	20.467463	0.30533564	0.060692545	175.0	0.0
SPIKE	I76:>T	1	44147	2.2651595E-5	-1.0	39.997417	TRUE		NaN	NaN	NaN	NaN	NaN	NaN	NaN	NaN	NaN
SPIKE	S76:T>A	2	44147	4.530319E-5	7.269987	40.0	TRUE	T	1.04718376E-4	1.0	0.030796511	0.9818412	17.293268	0.27582398	0.059138652	175.0	1.0
SPIKE	S76:T>G	19	44147	4.303803E-4	58.445087	39.63158	TRUE	T	1.5344642E-4	25.0	0.04346099	0.97350425	28.229267	0.28327957	0.065784924	175.0	0.0
SPIKE	S76:T>C	60	44147	0.0013590958	186.6386	40.0	TRUE	T	2.2483624E-4	40.0	0.027438276	0.9614177	57.880272	0.25514695	0.058764003	175.0	0.0
SPIKE	D76-77:T>	1	44147	2.2651595E-5	-1.0	39.997417	TRUE		NaN	NaN	NaN	NaN	NaN	NaN	NaN	NaN	NaN
SPIKE	S77:T>A	3	44147	6.795479E-5	10.280287	40.0	TRUE	T	1.04718376E-4	0.0	0.030796511	0.9818412	17.293268	0.27582398	0.059138652	175.0	1.0
SPIKE	S77:T>G	3	44147	6.795479E-5	10.280287	40.0	TRUE	T	1.732672E-4	3.0	0.04346099	0.9701333	28.229267	0.28327957	0.065784924	175.0	1.0
SPIKE	S77:T>C	36	44147	8.1545743E-4	109.620186	40.0	TRUE	T	1.1241812E-4	20.0	0.027438276	0.98051906	57.880272	0.25514695	0.058764003	175.0	0.0
SPIKE	S78:T>A	1	44147	2.2651595E-5	4.2596874	40.0	TRUE	T	1.04718376E-4	2.0	0.030796511	0.9818412	17.293268	0.27582398	0.059138652	175.0	1.0
SPIKE	S78:T>G	1	44147	2.2651595E-5	4.2596874	40.0	TRUE	T	1.1048142E-4	18.0	0.04346099	0.9808515	28.229267	0.28327957	0.065784924	175.0	0.0
SPIKE	S78:T>C	69	44147	0.0015629601	213.7313	40.0	TRUE	T	1.5738538E-4	28.0	0.027438276	0.9728334	57.880272	0.25514695	0.058764003	175.0	0.0
SPIKE	S79:G>A	26	44147	5.889415E-4	79.51719	40.0	TRUE	G	1.0335185E-4	20.0	0.032324955	0.982076	44.830082	0.23575445	0.054395806	175.0	0.0
SPIKE	S79:G>C	0	44147	0.0	-1.0	0.0	TRUE	G	1.1570018E-4	18.0	0.0291491	0.9799561	30.41683	0.29228747	0.07209707	175.0	0.0
SPIKE	S79:G>T	0	44147	0.0	-1.0	0.0	TRUE	G	1.3476527E-4	4.0	0.04799846	0.976692	20.467463	0.30533564	0.060692545	175.0	1.0
SPIKE	S80:C>A	4	44147	9.060638E-5	-1.0	40.0	TRUE	C	8.9579444E-5	0.0	0.05819005	0.9844458	20.467463	0.20515507	0.09878472	175.0	1.0
SPIKE	S80:C>T	30	44147	6.795479E-4	91.55839	40.0	TRUE	C	2.3328555E-4	44.0	0.028656822	0.9599971	44.830082	0.24097037	0.06182664	175.0	0.0
SPIKE	S80:C>G	0	44147	0.0	-1.0	0.0	TRUE	C	1.4698815E-4	23.0	0.025817094	0.9746051	30.41683	0.28961107	0.087317765	175.0	0.0
SPIKE	S81:G>A	27	44147	6.115931E-4	82.52749	40.0	TRUE	G	1.39525E-4	27.0	0.032324955	0.97587883	44.830082	0.23575445	0.054395806	175.0	0.0
SPIKE	S81:G>T	1	44147	2.2651595E-5	4.2596874	40.0	TRUE	G	1.3476527E-4	1.0	0.04799846	0.976692	20.467463	0.30533564	0.060692545	175.0	1.0
SPIKE	S81:G>C	0	44147	0.0	-1.0	0.0	TRUE	G	1.9551293E-4	4.0	0.0291491	0.96636397	30.41683	0.29228747	0.07209707	175.0	1.0
SPIKE	S82:G>A	23	44147	5.209867E-4	70.48629	40.0	TRUE	G	2.1187129E-4	41.0	0.032324955	0.96360147	44.830082	0.23575445	0.054395806	175.0	0.0
SPIKE	S82:G>T	1	44147	2.2651595E-5	4.2596874	40.0	TRUE	G	1.3476527E-4	0.0	0.04799846	0.976692	20.467463	0.30533564	0.060692545	175.0	1.0
SPIKE	S82:G>C	2	44147	4.530319E-5	7.269987	40.0	TRUE	G	1.02844606E-4	16.0	0.0291491	0.9821632	30.41683	0.29228747	0.07209707	175.0	0.0
SPIKE	S83:C>G	3	44147	6.795479E-5	10.280287	40.0	TRUE	C	1.4698815E-4	23.0	0.025817094	0.9746051	30.41683	0.28961107	0.087317765	175.0	0.0
SPIKE	S83:C>A	10	44147	2.2651596E-4	-1.0	40.0	TRUE	C	8.9579444E-5	1.0	0.05819005	0.9844458	20.467463	0.20515507	0.09878472	175.0	1.0
SPIKE	S83:C>T	39	44147	8.8341226E-4	118.651085	40.0	TRUE	C	1.5375638E-4	29.0	0.028656822	0.97345144	44.830082	0.24097037	0.06182664	175.0	0.0
SPIKE	S84:G>A	22	44147	4.983351E-4	67.47598	40.0	TRUE	G	2.067037E-4	40.0	0.032324955	0.9644733	44.830082	0.23575445	0.054395806	175.0	0.0
SPIKE	S84:G>C	0	44147	0.0	-1.0	0.0	TRUE	G	1.9551293E-4	4.0	0.0291491	0.96636397	30.41683	0.29228747	0.07209707	175.0	1.0
SPIKE	S84:G>T	0	44147	0.0	-1.0	0.0	TRUE	G	1.3476527E-4	1.0	0.04799846	0.976692	20.467463	0.30533564	0.060692545	175.0	1.0
SPIKE	S85:A>G	13	44147	2.9447075E-4	-1.0	39.615383	TRUE	A	6.7906934E-5	13.0	0.029861832	0.9881866	57.880272	0.23770504	0.050376378	175.0	0.0
SPIKE	S85:A>C	0	44147	0.0	-1.0	0.0	TRUE	A	1.4118181E-4	2.0	0.099512376	0.9755959	28.229267	0.24518992	0.1109441	175.0	1.0
SPIKE	S85:A>T	0	44147	0.0	-1.0	0.0	TRUE	A	1.6689763E-4	27.0	0.027372988	0.9712153	17.293268	0.28057003	0.067590006	175.0	0.0
SPIKE	S86:T>G	2	44147	4.530319E-5	7.269987	40.0	TRUE	T	1.732672E-4	9.0	0.04346099	0.9701333	28.229267	0.28327957	0.065784924	175.0	1.0
SPIKE	S86:T>A	2	44147	4.530319E-5	7.269987	40.0	TRUE	T	1.04718376E-4	4.0	0.030796511	0.9818412	17.293268	0.27582398	0.059138652	175.0	1.0
SPIKE	S86:T>C	77	44147	0.0017441729	237.81369	40.0	TRUE	T	2.2483624E-4	40.0	0.027438276	0.9614177	57.880272	0.25514695	0.058764003	175.0	0.0
SPIKE	D86-87:T>	14	44147	3.1712235E-4	-1.0	39.99871	TRUE		NaN	NaN	NaN	NaN	NaN	NaN	NaN	NaN	NaN
SPIKE	S87:T>G	8	44147	1.8121276E-4	25.331787	40.0	TRUE	T	1.732672E-4	1.0	0.04346099	0.9701333	28.229267	0.28327957	0.065784924	175.0	1.0
SPIKE	S87:T>A	3	44147	6.795479E-5	10.280287	40.0	TRUE	T	1.04718376E-4	3.0	0.030796511	0.9818412	17.293268	0.27582398	0.059138652	175.0	1.0
SPIKE	S87:T>C	51	44147	0.0011552314	154.77469	40.0	TRUE	T	1.4614356E-4	26.0	0.027438276	0.97474915	57.880272	0.25514695	0.058764003	175.0	0.0
SPIKE	S88:T>G	2	44147	4.530319E-5	7.269987	40.0	TRUE	T	1.732672E-4	0.0	0.04346099	0.9701333	28.229267	0.28327957	0.065784924	175.0	1.0
SPIKE	S88:T>A	2	44147	4.530319E-5	7.269987	40.0	TRUE	T	1.3321971E-4	22.0	0.030796511	0.9769562	17.293268	0.27582398	0.059138652	175.0	0.0
SPIKE	S88:T>C	52	44147	0.001177883	157.78499	40.0	TRUE	T	1.4614356E-4	26.0	0.027438276	0.97474915	57.880272	0.25514695	0.058764003	175.0	0.0
SPIKE	S89:A>G	37	44147	8.3810906E-4	-1.0	40.0	TRUE	A	9.92486E-5	19.0	0.029861832	0.98278147	57.880272	0.23770504	0.050376378	175.0	0.0
SPIKE	S89:A>C	1	44147	2.2651595E-5	4.2596874	40.0	TRUE	A	1.4118181E-4	1.0	0.099512376	0.9755959	28.229267	0.24518992	0.1109441	175.0	1.0
SPIKE	S89:A>T	0	44147	0.0	-1.0	0.0	TRUE	A	1.8544182E-4	30.0	0.027372988	0.9680686	17.293268	0.28057003	0.067590006	175.0	0.0
SPIKE	S90:T>G	2	44147	4.530319E-5	7.269987	40.0	TRUE	T	1.732672E-4	0.0	0.04346099	0.9701333	28.229267	0.28327957	0.065784924	175.0	1.0
SPIKE	S90:T>A	2	44147	4.530319E-5	7.269987	40.0	TRUE	T	1.04718376E-4	6.0	0.030796511	0.9818412	17.293268	0.27582398	0.059138652	175.0	1.0
SPIKE	S90:T>C	49	44147	0.0011099282	148.75409	40.0	TRUE	T	2.4169896E-4	43.0	0.027438276	0.9585847	57.880272	0.25514695	0.058764003	175.0	0.0
SPIKE	S91:C>G	1	44147	2.2651595E-5	4.2596874	40.0	TRUE	C	1.5337893E-4	24.0	0.025817094	0.9735157	30.41683	0.28961107	0.087317765	175.0	0.0
SPIKE	S91:C>A	7	44147	1.5856118E-4	-1.0	40.0	TRUE	C	8.9579444E-5	0.0	0.05819005	0.9844458	20.467463	0.20515507	0.09878472	175.0	1.0
SPIKE	S91:C>T	23	44147	5.209867E-4	70.48629	40.0	TRUE	C	1.5375638E-4	29.0	0.028656822	0.97345144	44.830082	0.24097037	0.06182664	175.0	0.0
SPIKE	S92:G>A	32	44147	7.2485104E-4	97.57899	40.0	TRUE	G	1.7569814E-4	34.0	0.032324955	0.9697207	44.830082	0.23575445	0.054395806	175.0	0.0
SPIKE	S92:G>T	2	44147	4.530319E-5	7.269987	40.0	TRUE	G	1.3168732E-4	20.0	0.04799846	0.9772182	20.467463	0.30533564	0.060692545	175.0	0.0
SPIKE	S92:G>C	0	44147	0.0	-1.0	0.0	TRUE	G	1.9551293E-4	5.0	0.0291491	0.96636397	30.41683	0.29228747	0.07209707	175.0	1.0
SPIKE	S93:T>G	1	44147	2.2651595E-5	4.2596874	40.0	TRUE	T	1.732672E-4	9.0	0.04346099	0.9701333	28.229267	0.28327957	0.065784924	175.0	1.0
SPIKE	S93:T>A	9	44147	2.0386436E-4	28.342087	40.0	TRUE	T	1.04718376E-4	2.0	0.030796511	0.9818412	17.293268	0.27582398	0.059138652	175.0	1.0
SPIKE	S93:T>C	61	44147	0.0013817473	174.73528	40.0	TRUE	T	4.2718888E-4	76.0	0.027438276	0.92796797	57.880272	0.25514695	0.058764003	175.0	0.0
SPIKE	S94:C>A	5	44147	1.1325798E-4	-1.0	40.0	TRUE	C	8.9579444E-5	0.0	0.05819005	0.9844458	20.467463	0.20515507	0.09878472	175.0	1.0
SPIKE	S94:C>T	32	44147	7.2485104E-4	97.57899	40.0	TRUE	C	1.21944715E-4	23.0	0.028656822	0.97888577	44.830082	0.24097037	0.06182664	175.0	0.0
SPIKE	S94:C>G	0	44147	0.0	-1.0	0.0	TRUE	C	1.4698815E-4	23.0	0.025817094	0.9746051	30.41683	0.28961107	0.087317765	175.0	0.0
SPIKE	S95:G>A	38	44147	8.607606E-4	115.640785	40.0	TRUE	G	2.1703888E-4	42.0	0.032324955	0.96273047	44.830082	0.23575445	0.054395806	175.0	0.0
SPIKE	S95:G>C	1	44147	2.2651595E-5	4.2596874	40.0	TRUE	G	1.9551293E-4	7.0	0.0291491	0.96636397	30.41683	0.29228747	0.07209707	175.0	1.0
SPIKE	D95-98:GTC>	3	44147	6.795479E-5	-1.0	39.995243	TRUE		NaN	NaN	NaN	NaN	NaN	NaN	NaN	NaN	NaN
SPIKE	S95:G>T	0	44147	0.0	-1.0	0.0	TRUE	G	1.5144041E-4	23.0	0.04799846	0.973846	20.467463	0.30533564	0.060692545	175.0	0.0
SPIKE	S96:T>C	57	44147	0.0012911409	146.38963	40.0	TRUE	T	5.0588156E-4	90.0	0.027438276	0.9152763	57.880272	0.25514695	0.058764003	175.0	0.0
SPIKE	S96:T>A	11	44147	2.4916756E-4	34.362686	40.0	TRUE	T	1.04718376E-4	6.0	0.030796511	0.9818412	17.293268	0.27582398	0.059138652	175.0	1.0
SPIKE	S96:T>G	3	44147	6.795479E-5	10.280287	40.0	TRUE	T	1.732672E-4	7.0	0.04346099	0.9701333	28.229267	0.28327957	0.065784924	175.0	1.0
SPIKE	S97:C>T	23	44147	5.209867E-4	70.48629	40.0	TRUE	C	1.1134083E-4	21.0	0.028656822	0.98070395	44.830082	0.24097037	0.06182664	175.0	0.0
SPIKE	S97:C>A	3	44147	6.795479E-5	-1.0	40.0	TRUE	C	9.628686E-5	22.0	0.05819005	0.983291	20.467463	0.20515507	0.09878472	175.0	0.0
SPIKE	S97:C>G	1	44147	2.2651595E-5	4.2596874	40.0	TRUE	C	1.9438754E-4	0.0	0.025817094	0.9665543	30.41683	0.28961107	0.087317765	175.0	1.0
SPIKE	S98:A>C	4	44147	9.060638E-5	13.290587	40.0	TRUE	A	1.4118181E-4	5.0	0.099512376	0.9755959	28.229267	0.24518992	0.1109441	175.0	1.0
SPIKE	S98:A>G	58	44147	0.0013137925	180.618	40.0	TRUE	A	2.2461526E-4	43.0	0.029861832	0.96145487	57.880272	0.23770504	0.050376378	175.0	0.0
SPIKE	I98:>GTC	2	44147	4.530319E-5	-1.0	39.992638	TRUE		NaN	NaN	NaN	NaN	NaN	NaN	NaN	NaN	NaN
SPIKE	D98-101:ATC>	5	44147	1.1325798E-4	-1.0	39.992638	TRUE		NaN	NaN	NaN	NaN	NaN	NaN	NaN	NaN	NaN
SPIKE	S98:A>T	0	44147	0.0	-1.0	0.0	TRUE	A	1.4217207E-4	23.0	0.027372988	0.97542685	17.293268	0.28057003	0.067590006	175.0	0.0
SPIKE	S99:T>C	53	44147	0.0012005345	165.5665	40.0	TRUE	T	2.4731987E-4	44.0	0.027438276	0.95764226	57.880272	0.25514695	0.058764003	175.0	0.0
SPIKE	S99:T>A	2	44147	4.530319E-5	7.269987	40.0	TRUE	T	1.04718376E-4	7.0	0.030796511	0.9818412	17.293268	0.27582398	0.059138652	175.0	1.0
SPIKE	S99:T>G	0	44147	0.0	-1.0	0.0	TRUE	T	1.732672E-4	1.0	0.04346099	0.9701333	28.229267	0.28327957	0.065784924	175.0	1.0
SPIKE	S100:C>T	32	44147	7.2485104E-4	97.57899	40.0	TRUE	C	2.0677583E-4	39.0	0.028656822	0.9644611	44.830082	0.24097037	0.06182664	175.0	0.0
SPIKE	S100:C>A	4	44147	9.060638E-5	-1.0	40.0	TRUE	C	8.9579444E-5	0.0	0.05819005	0.9844458	20.467463	0.20515507	0.09878472	175.0	1.0
SPIKE	S100:C>G	0	44147	0.0	-1.0	0.0	TRUE	C	1.9811446E-4	31.0	0.025817094	0.9659241	30.41683	0.28961107	0.087317765	175.0	0.0
SPIKE	S101:G>C	2	44147	4.530319E-5	7.269987	40.0	TRUE	G	1.9551293E-4	5.0	0.0291491	0.96636397	30.41683	0.29228747	0.07209707	175.0	1.0
SPIKE	S101:G>T	1	44147	2.2651595E-5	4.2596874	40.0	TRUE	G	1.3168732E-4	20.0	0.04799846	0.9772182	20.467463	0.30533564	0.060692545	175.0	0.0
SPIKE	S101:G>A	35	44147	7.9280586E-4	106.609886	40.0	TRUE	G	1.13687034E-4	22.0	0.032324955	0.9803014	44.830082	0.23575445	0.054395806	175.0	0.0
SPIKE	S102:T>C	73	44147	0.0016535665	225.77249	40.0	TRUE	T	2.4169896E-4	43.0	0.027438276	0.9585847	57.880272	0.25514695	0.058764003	175.0	0.0
SPIKE	S102:T>A	6	44147	1.3590958E-4	19.311188	40.0	TRUE	T	1.04718376E-4	2.0	0.030796511	0.9818412	17.293268	0.27582398	0.059138652	175.0	1.0
SPIKE	S102:T>G	4	44147	9.060638E-5	13.290587	40.0	TRUE	T	1.7799785E-4	29.0	0.04346099	0.96933055	28.229267	0.28327957	0.065784924	175.0	0.0
SPIKE	D102-104:TG>	1	44147	2.2651595E-5	-1.0	39.99513	TRUE		NaN	NaN	NaN	NaN	NaN	NaN	NaN	NaN	NaN
SPIKE	S103:G>A	22	44147	4.983351E-4	67.47598	40.0	TRUE	G	1.0851944E-4	21.0	0.032324955	0.9811883	44.830082	0.23575445	0.054395806	175.0	0.0
SPIKE	D103-104:G>	1	44147	2.2651595E-5	-1.0	39.998165	TRUE		NaN	NaN	NaN	NaN	NaN	NaN	NaN	NaN	NaN
SPIKE	S103:G>C	0	44147	0.0	-1.0	0.0	TRUE	G	1.9551293E-4	2.0	0.0291491	0.96636397	30.41683	0.29228747	0.07209707	175.0	1.0
SPIKE	S103:G>T	0	44147	0.0	-1.0	0.0	TRUE	G	1.3476527E-4	5.0	0.04799846	0.976692	20.467463	0.30533564	0.060692545	175.0	1.0
SPIKE	S104:G>C	1	44147	2.2651595E-5	4.2596874	40.0	TRUE	G	1.4783912E-4	23.0	0.0291491	0.97445995	30.41683	0.29228747	0.07209707	175.0	0.0
SPIKE	S104:G>A	19	44147	4.303803E-4	58.445087	40.0	TRUE	G	1.7053055E-4	33.0	0.032324955	0.97059804	44.830082	0.23575445	0.054395806	175.0	0.0
SPIKE	S104:G>T	0	44147	0.0	-1.0	0.0	TRUE	G	1.3476527E-4	1.0	0.04799846	0.976692	20.467463	0.30533564	0.060692545	175.0	1.0
SPIKE	S105:C>T	31	44147	7.0219947E-4	82.3502	40.0	TRUE	C	3.4462637E-4	65.0	0.028656822	0.941473	44.830082	0.24097037	0.06182664	175.0	0.0
SPIKE	S105:C>A	7	44147	1.5856118E-4	-1.0	40.0	TRUE	C	8.9579444E-5	2.0	0.05819005	0.9844458	20.467463	0.20515507	0.09878472	175.0	1.0
SPIKE	S105:C>G	4	44147	9.060638E-5	13.290587	40.0	TRUE	C	1.9811446E-4	31.0	0.025817094	0.9659241	30.41683	0.28961107	0.087317765	175.0	0.0
SPIKE	D105-106:C>	1	44147	2.2651595E-5	-1.0	39.99556	TRUE		NaN	NaN	NaN	NaN	NaN	NaN	NaN	NaN	NaN
SPIKE	D105-107:CG>	1	44147	2.2651595E-5	-1.0	39.99556	TRUE		NaN	NaN	NaN	NaN	NaN	NaN	NaN	NaN	NaN
SPIKE	D106-109:GGC>	1	44147	2.2651595E-5	-1.0	39.997055	TRUE		NaN	NaN	NaN	NaN	NaN	NaN	NaN	NaN	NaN
SPIKE	S106:G>C	1	44147	2.2651595E-5	4.2596874	40.0	TRUE	G	1.9551293E-4	6.0	0.0291491	0.96636397	30.41683	0.29228747	0.07209707	175.0	1.0
SPIKE	S106:G>A	35	44147	7.9280586E-4	106.609886	40.0	TRUE	G	2.635472E-4	51.0	0.032324955	0.9549266	44.830082	0.23575445	0.054395806	175.0	0.0
SPIKE	S106:G>T	0	44147	0.0	-1.0	0.0	TRUE	G	1.3476527E-4	2.0	0.04799846	0.976692	20.467463	0.30533564	0.060692545	175.0	1.0
SPIKE	S107:G>C	1	44147	2.2651595E-5	4.2596874	40.0	TRUE	G	1.4783912E-4	23.0	0.0291491	0.97445995	30.41683	0.29228747	0.07209707	175.0	0.0
SPIKE	S107:G>A	31	44147	7.0219947E-4	82.3502	40.0	TRUE	G	3.1522312E-4	61.0	0.032324955	0.9463299	44.830082	0.23575445	0.054395806	175.0	0.0
SPIKE	S107:G>T	0	44147	0.0	-1.0	0.0	TRUE	G	1.3476527E-4	1.0	0.04799846	0.976692	20.467463	0.30533564	0.060692545	175.0	1.0
SPIKE	S108:C>T	20	44147	4.530319E-4	61.455387	40.0	TRUE	C	1.4845443E-4	28.0	0.028656822	0.97435504	44.830082	0.24097037	0.06182664	175.0	0.0
SPIKE	S108:C>A	3	44147	6.795479E-5	-1.0	40.0	TRUE	C	1.00663536E-4	23.0	0.05819005	0.98253816	20.467463	0.20515507	0.09878472	175.0	0.0
SPIKE	S108:C>G	0	44147	0.0	-1.0	0.0	TRUE	C	1.9438754E-4	6.0	0.025817094	0.9665543	30.41683	0.28961107	0.087317765	175.0	1.0
SPIKE	S109:A>C	2	44147	4.530319E-5	7.269987	40.0	TRUE	A	1.4118181E-4	7.0	0.099512376	0.9755959	28.229267	0.24518992	0.1109441	175.0	1.0
SPIKE	S109:A>T	1	44147	2.2651595E-5	4.2596874	40.0	TRUE	A	1.0689651E-4	1.0	0.027372988	0.981467	17.293268	0.28057003	0.067590006	175.0	1.0
SPIKE	S109:A>G	71	44147	0.0016082634	204.18887	40.0	TRUE	A	3.7087634E-4	71.0	0.029861832	0.93715805	57.880272	0.23770504	0.050376378	175.0	0.0
SPIKE	S110:G>T	1	44147	2.2651595E-5	-1.0	40.0	TRUE	G	6.584366E-5	10.0	0.04799846	0.9885435	20.467463	0.30533564	0.060692545	175.0	0.0
SPIKE	S110:G>A	18	44147	4.0772872E-4	55.434788	40.0	TRUE	G	1.4469259E-4	28.0	0.032324955	0.9749967	44.830082	0.23575445	0.054395806	175.0	0.0
SPIKE	S110:G>C	0	44147	0.0	-1.0	0.0	TRUE	G	1.4141134E-4	22.0	0.0291491	0.97555673	30.41683	0.29228747	0.07209707	175.0	0.0
SPIKE	S111:C>T	33	44147	7.4750267E-4	100.58929	40.0	TRUE	C	2.1207776E-4	40.0	0.028656822	0.96356666	44.830082	0.24097037	0.06182664	175.0	0.0
SPIKE	S111:C>A	5	44147	1.1325798E-4	-1.0	40.0	TRUE	C	8.9579444E-5	7.0	0.05819005	0.9844458	20.467463	0.20515507	0.09878472	175.0	1.0
SPIKE	S111:C>G	0	44147	0.0	-1.0	0.0	TRUE	C	2.4284999E-4	38.0	0.025817094	0.95839167	30.41683	0.28961107	0.087317765	175.0	0.0
SPIKE	S112:G>T	1	44141	2.2654674E-5	4.2596874	40.0	TRUE	G	1.2511996E-4	19.0	0.04799846	0.978342	20.464682	0.30533564	0.060692545	175.0	0.0
SPIKE	S112:G>A	28	44141	6.343309E-4	85.53779	40.0	TRUE	G	1.7055373E-4	33.0	0.032324955	0.9705941	44.82399	0.23575445	0.054395806	175.0	0.0
SPIKE	S112:G>C	0	44141	0.0	-1.0	0.0	TRUE	G	1.9551293E-4	6.0	0.0291491	0.96636397	30.412695	0.29228747	0.07209707	175.0	1.0
SPIKE	S113:T>C	93	44141	0.0021068847	269.2575	40.0	TRUE	T	3.541652E-4	63.0	0.027438276	0.9399027	57.872406	0.25514695	0.058764003	175.0	0.0
SPIKE	S113:T>G	4	44141	9.06187E-5	13.290587	40.0	TRUE	T	2.57825E-4	42.0	0.04346099	0.9558834	28.22543	0.28327957	0.065784924	175.0	0.0
SPIKE	S113:T>A	3	44141	6.796402E-5	10.280287	40.0	TRUE	T	1.0901276E-4	18.0	0.030796511	0.9811036	17.290918	0.27582398	0.059138652	175.0	0.0
SPIKE	D113-115:TG>	1	44141	2.2654674E-5	-1.0	39.99529	TRUE		NaN	NaN	NaN	NaN	NaN	NaN	NaN	NaN	NaN
SPIKE	S114:G>A	24	44141	5.437122E-4	73.49659	40.0	TRUE	G	1.8089032E-4	35.0	0.032324955	0.96884	44.82399	0.23575445	0.054395806	175.0	0.0
SPIKE	S114:G>C	0	44141	0.0	-1.0	0.0	TRUE	G	7.714394E-5	12.0	0.0291491	0.9865905	30.412695	0.29228747	0.07209707	175.0	0.0
SPIKE	S114:G>T	0	44141	0.0	-1.0	0.0	TRUE	G	1.3476527E-4	7.0	0.04799846	0.976692	20.464682	0.30533564	0.060692545	175.0	1.0
SPIKE	S115:A>T	3	44141	6.796402E-5	-1.0	40.0	TRUE	A	7.418681E-5	12.0	0.027372988	0.9871012	17.290918	0.28057003	0.067590006	175.0	0.0
SPIKE	S115:A>C	6	44141	1.3592804E-4	19.311188	40.0	TRUE	A	1.7506779E-4	35.0	0.099512376	0.9698277	28.22543	0.24518992	0.1109441	175.0	0.0
SPIKE	S115:A>G	75	44141	0.0016991006	215.99525	40.0	TRUE	A	3.6047812E-4	69.0	0.029861832	0.9388649	57.872406	0.23770504	0.050376378	175.0	0.0
SPIKE	S116:C>T	7	44141	1.5858273E-4	-1.0	40.0	TRUE	C	6.893464E-5	13.0	0.028656822	0.9880089	44.82399	0.24097037	0.06182664	175.0	0.0
SPIKE	S116:C>A	1	44141	2.2654674E-5	-1.0	40.0	TRUE	C	9.192268E-5	21.0	0.05819005	0.9840422	20.464682	0.20515507	0.09878472	175.0	0.0
SPIKE	S116:C>G	0	44141	0.0	-1.0	0.0	TRUE	C	1.9438754E-4	0.0	0.025817094	0.9665543	30.412695	0.28961107	0.087317765	175.0	1.0
SPIKE	S117:C>T	28	44141	6.343309E-4	85.53779	40.0	TRUE	C	2.4922524E-4	47.0	0.028656822	0.957323	44.82399	0.24097037	0.06182664	175.0	0.0
SPIKE	S117:C>A	3	44141	6.796402E-5	-1.0	40.0	TRUE	C	4.8149974E-5	11.0	0.05819005	0.99160916	20.464682	0.20515507	0.09878472	175.0	0.0
SPIKE	S117:C>G	0	44141	0.0	-1.0	0.0	TRUE	C	1.9438754E-4	2.0	0.025817094	0.9665543	30.412695	0.28961107	0.087317765	175.0	1.0
SPIKE	S118:T>C	52	44141	0.0011780431	143.39166	40.0	TRUE	T	3.1481354E-4	56.0	0.027438276	0.9463977	57.872406	0.25514695	0.058764003	175.0	0.0
SPIKE	S118:T>G	2	44141	4.530935E-5	-1.0	40.0	TRUE	T	6.75256E-5	11.0	0.04346099	0.9882526	28.22543	0.28327957	0.065784924	175.0	0.0
SPIKE	S118:T>A	9	44141	2.0389208E-4	28.342087	40.0	TRUE	T	2.1196927E-4	35.0	0.030796511	0.96358496	17.290918	0.27582398	0.059138652	175.0	0.0
SPIKE	S119:A>T	8	44141	1.812374E-4	25.331787	40.0	TRUE	A	2.349249E-4	38.0	0.027372988	0.95972174	17.290918	0.28057003	0.067590006	175.0	0.0
SPIKE	S119:A>C	3	44141	6.796402E-5	10.280287	40.0	TRUE	A	1.4118181E-4	6.0	0.099512376	0.9755959	28.22543	0.24518992	0.1109441	175.0	1.0
SPIKE	S119:A>G	44	44141	9.968057E-4	133.70259	40.0	TRUE	A	1.9329986E-4	37.0	0.029861832	0.9667383	57.872406	0.23770504	0.050376378	175.0	0.0
SPIKE	S120:T>C	81	44141	0.0018350286	249.85489	40.0	TRUE	T	2.4173182E-4	43.0	0.027438276	0.95857924	57.872406	0.25514695	0.058764003	175.0	0.0
SPIKE	S120:T>G	3	44141	6.796402E-5	10.280287	40.0	TRUE	T	2.087155E-4	34.0	0.04346099	0.9641338	28.22543	0.28327957	0.065784924	175.0	0.0
SPIKE	S120:T>A	3	44141	6.796402E-5	-1.0	40.0	TRUE	T	9.6900236E-5	16.0	0.030796511	0.9831854	17.290918	0.27582398	0.059138652	175.0	0.0
SPIKE	S121:G>C	1	44141	2.2654674E-5	4.2596874	40.0	TRUE	G	1.9551293E-4	1.0	0.0291491	0.96636397	30.412695	0.29228747	0.07209707	175.0	1.0
SPIKE	S121:G>A	28	44141	6.343309E-4	85.53779	40.0	TRUE	G	1.3954396E-4	27.0	0.032324955	0.97587556	44.82399	0.23575445	0.054395806	175.0	0.0
SPIKE	S121:G>T	0	44141	0.0	-1.0	0.0	TRUE	G	2.8975148E-4	44.0	0.04799846	0.9505576	20.464682	0.30533564	0.060692545	175.0	0.0
SPIKE	S122:T>C	83	44141	0.001880338	226.36942	40.0	TRUE	T	5.1719364E-4	92.0	0.027438276	0.9134662	57.872406	0.25514695	0.058764003	175.0	0.0
SPIKE	S122:T>G	2	44141	4.530935E-5	7.269987	40.0	TRUE	T	2.701024E-4	44.0	0.04346099	0.9538318	28.22543	0.28327957	0.065784924	175.0	0.0
SPIKE	S122:T>A	3	44141	6.796402E-5	10.280287	40.0	TRUE	T	1.3929409E-4	23.0	0.030796511	0.97591823	17.290918	0.27582398	0.059138652	175.0	0.0
SPIKE	S123:G>A	30	44141	6.796402E-4	-1.0	40.0	TRUE	G	5.6851244E-5	11.0	0.032324955	0.9901004	44.82399	0.23575445	0.054395806	175.0	0.0
SPIKE	S123:G>C	0	44141	0.0	-1.0	0.0	TRUE	G	1.9551293E-4	9.0	0.0291491	0.96636397	30.412695	0.29228747	0.07209707	175.0	1.0
SPIKE	S123:G>T	0	44141	0.0	-1.0	0.0	TRUE	G	2.0414309E-4	31.0	0.04799846	0.96490556	20.464682	0.30533564	0.060692545	175.0	0.0
SPIKE	S124:T>C	90	44141	0.0020389208	260.3675	40.0	TRUE	T	3.6540857E-4	65.0	0.027438276	0.93805516	57.872406	0.25514695	0.058764003	175.0	0.0
SPIKE	S124:T>G	2	44141	4.530935E-5	7.269987	40.0	TRUE	T	2.57825E-4	42.0	0.04346099	0.9558834	28.22543	0.28327957	0.065784924	175.0	0.0
SPIKE	S124:T>A	1	44141	2.2654674E-5	4.2596874	40.0	TRUE	T	1.04718376E-4	2.0	0.030796511	0.9818412	17.290918	0.27582398	0.059138652	175.0	1.0
SPIKE	D124-126:TG>	7	44141	1.5858273E-4	-1.0	39.990147	TRUE		NaN	NaN	NaN	NaN	NaN	NaN	NaN	NaN	NaN
SPIKE	S125:G>A	31	44141	7.022949E-4	94.56869	40.0	TRUE	G	1.4471225E-4	28.0	0.032324955	0.97499335	44.82399	0.23575445	0.054395806	175.0	0.0
SPIKE	S125:G>C	0	44141	0.0	-1.0	0.0	TRUE	G	1.2857323E-4	20.0	0.0291491	0.97775096	30.412695	0.29228747	0.07209707	175.0	0.0
SPIKE	S125:G>T	0	44141	0.0	-1.0	0.0	TRUE	G	1.3476527E-4	9.0	0.04799846	0.976692	20.464682	0.30533564	0.060692545	175.0	1.0
SPIKE	S126:C>T	39	44141	8.8353234E-4	118.651085	40.0	TRUE	C	2.3331726E-4	44.0	0.028656822	0.9599918	44.82399	0.24097037	0.06182664	175.0	0.0
SPIKE	S126:C>G	6	44141	1.3592804E-4	19.311188	40.0	TRUE	C	2.8123293E-4	44.0	0.025817094	0.9519757	30.412695	0.28961107	0.087317765	175.0	0.0
SPIKE	S126:C>A	2	44141	4.530935E-5	-1.0	40.0	TRUE	C	9.192268E-5	21.0	0.05819005	0.9840422	20.464682	0.20515507	0.09878472	175.0	0.0
SPIKE	D126-127:C>	1	44141	2.2654674E-5	-1.0	39.995785	TRUE		NaN	NaN	NaN	NaN	NaN	NaN	NaN	NaN	NaN
SPIKE	S127:G>A	22	44140	4.9841416E-4	67.47598	40.0	TRUE	G	1.03368235E-4	20.0	0.032324955	0.9820732	44.82297	0.23575445	0.054395806	175.0	0.0
SPIKE	S127:G>C	0	44140	0.0	-1.0	0.0	TRUE	G	1.0928972E-4	17.0	0.0291491	0.98105603	30.412006	0.29228747	0.07209707	175.0	0.0
SPIKE	S127:G>T	0	44140	0.0	-1.0	0.0	TRUE	G	1.3476527E-4	4.0	0.04799846	0.976692	20.464218	0.30533564	0.060692545	175.0	1.0
SPIKE	S128:G>A	30	44140	6.7965564E-4	91.55839	40.0	TRUE	G	1.6538918E-4	32.0	0.032324955	0.9714717	44.82297	0.23575445	0.054395806	175.0	0.0
SPIKE	S128:G>T	1	44140	2.2655187E-5	4.2596874	40.0	TRUE	G	1.3476527E-4	0.0	0.04799846	0.976692	20.464218	0.30533564	0.060692545	175.0	1.0
SPIKE	S128:G>C	0	44140	0.0	-1.0	0.0	TRUE	G	1.6714899E-4	26.0	0.0291491	0.9711726	30.412006	0.29228747	0.07209707	175.0	0.0
SPIKE	S129:C>A	3	44140	6.7965564E-5	10.280287	40.0	TRUE	C	1.9698164E-4	45.0	0.05819005	0.9661156	20.464218	0.20515507	0.09878472	175.0	0.0
SPIKE	S129:C>T	31	44140	7.023108E-4	94.56869	40.0	TRUE	C	2.2801975E-4	43.0	0.028656822	0.9608822	44.82297	0.24097037	0.06182664	175.0	0.0
SPIKE	S129:C>G	0	44140	0.0	-1.0	0.0	TRUE	C	2.940229E-4	46.0	0.025817094	0.94984734	30.412006	0.28961107	0.087317765	175.0	0.0
SPIKE	S130:G>A	39	44140	8.8355236E-4	118.651085	40.0	TRUE	G	2.7392583E-4	53.0	0.032324955	0.95319384	44.82297	0.23575445	0.054395806	175.0	0.0
SPIKE	S130:G>T	2	44140	4.5310375E-5	7.269987	40.0	TRUE	G	1.3476527E-4	2.0	0.04799846	0.976692	20.464218	0.30533564	0.060692545	175.0	1.0
SPIKE	D130-133:GGC>	16	44140	3.62483E-4	-1.0	39.98385	TRUE		NaN	NaN	NaN	NaN	NaN	NaN	NaN	NaN	NaN
SPIKE	S130:G>C	0	44140	0.0	-1.0	0.0	TRUE	G	1.1571853E-4	18.0	0.0291491	0.97995293	30.412006	0.29228747	0.07209707	175.0	0.0
SPIKE	S131:G>A	24	44140	5.437245E-4	62.301826	40.0	TRUE	G	3.411152E-4	66.0	0.032324955	0.94205165	44.82297	0.23575445	0.054395806	175.0	0.0
SPIKE	S131:G>C	11	44140	2.4920708E-4	34.362686	40.0	TRUE	G	1.800066E-4	28.0	0.0291491	0.96898985	30.412006	0.29228747	0.07209707	175.0	0.0
SPIKE	S131:G>T	0	44140	0.0	-1.0	0.0	TRUE	G	1.3476527E-4	1.0	0.04799846	0.976692	20.464218	0.30533564	0.060692545	175.0	1.0
SPIKE	S132:C>A	2	44140	4.5310375E-5	3.9120662	40.0	TRUE	C	3.9834064E-4	91.0	0.05819005	0.93266463	20.464218	0.20515507	0.09878472	175.0	0.0
SPIKE	S132:C>T	28	44140	6.343453E-4	85.53779	40.0	TRUE	C	1.6968913E-4	32.0	0.028656822	0.970741	44.82297	0.24097037	0.06182664	175.0	0.0
SPIKE	S132:C>G	0	44140	0.0	-1.0	0.0	TRUE	C	1.4061965E-4	22.0	0.025817094	0.97569185	30.412006	0.28961107	0.087317765	175.0	0.0
SPIKE	S133:A>G	4	44139	9.062281E-5	13.290587	40.0	TRUE	A	2.5077874E-4	48.0	0.029861832	0.9570628	57.869785	0.23770504	0.050376378	175.0	0.0
SPIKE	S133:A>C	0	44139	0.0	-1.0	0.0	TRUE	A	2.2509735E-4	45.0	0.099512376	0.96137375	28.224152	0.24518992	0.1109441	175.0	0.0
SPIKE	S133:A>T	0	44139	0.0	-1.0	0.0	TRUE	A	1.0689651E-4	0.0	0.027372988	0.981467	17.290134	0.28057003	0.067590006	175.0	1.0
SPIKE	S134:G>A	97	44139	0.002197603	267.18198	40.0	TRUE	G	5.323585E-4	103.0	0.032324955	0.91104525	44.821957	0.23575445	0.054395806	175.0	0.0
SPIKE	S134:G>C	1	44139	2.2655702E-5	4.2596874	40.0	TRUE	G	2.443002E-4	38.0	0.0291491	0.9581485	30.411318	0.29228747	0.07209707	175.0	0.0
SPIKE	S134:G>T	0	44139	0.0	-1.0	0.0	TRUE	G	1.5805343E-4	24.0	0.04799846	0.97271967	20.463755	0.30533564	0.060692545	175.0	0.0
SPIKE	I135:>C	3	44138	6.796864E-5	-1.0	39.99683	TRUE		NaN	NaN	NaN	NaN	NaN	NaN	NaN	NaN	NaN
SPIKE	S135:C>A	8	44138	1.8124972E-4	25.331787	40.0	TRUE	C	1.2694947E-4	29.0	0.05819005	0.97802883	20.463291	0.20515507	0.09878472	175.0	0.0
SPIKE	S135:C>G	2	44138	4.531243E-5	7.269987	40.0	TRUE	C	2.2372323E-4	35.0	0.025817094	0.96160495	30.41063	0.28961107	0.087317765	175.0	0.0
SPIKE	S135:C>T	30	44138	6.7968643E-4	79.47218	40.0	TRUE	C	3.8181784E-4	72.0	0.028656822	0.9353653	44.820942	0.24097037	0.06182664	175.0	0.0
SPIKE	D135-136:C>	41	44138	9.289048E-4	-1.0	39.99683	TRUE		NaN	NaN	NaN	NaN	NaN	NaN	NaN	NaN	NaN
SPIKE	S136:C>A	2	44138	4.531243E-5	3.9120662	40.0	TRUE	C	4.1149138E-4	94.0	0.05819005	0.93052065	20.463291	0.20515507	0.09878472	175.0	0.0
SPIKE	S136:C>T	35	44138	7.929675E-4	93.899216	40.0	TRUE	C	4.9318135E-4	93.0	0.028656822	0.9173128	44.820942	0.24097037	0.06182664	175.0	0.0
SPIKE	S136:C>G	0	44138	0.0	-1.0	0.0	TRUE	C	8.30972E-5	13.0	0.025817094	0.9855632	30.41063	0.28961107	0.087317765	175.0	0.0
SPIKE	I137:>T	7	44129	1.5862584E-4	-1.0	39.403725	TRUE		NaN	NaN	NaN	NaN	NaN	NaN	NaN	NaN	NaN
SPIKE	S137:T>A	1	44129	2.2660835E-5	-1.0	39.0	TRUE	T	9.086867E-5	15.0	0.030796511	0.9842237	17.286219	0.27582398	0.059138652	175.0	0.0
SPIKE	S137:T>C	5	44129	1.1330417E-4	16.300888	36.0	TRUE	T	2.8115994E-4	50.0	0.027438276	0.95198786	57.856674	0.25514695	0.058764003	175.0	0.0
SPIKE	D137-138:T>	15	44129	3.3991254E-4	-1.0	39.403725	TRUE		NaN	NaN	NaN	NaN	NaN	NaN	NaN	NaN	NaN
SPIKE	D137-139:TG>	1	44129	2.2660835E-5	-1.0	39.403725	TRUE		NaN	NaN	NaN	NaN	NaN	NaN	NaN	NaN	NaN
SPIKE	S137:T>G	0	44129	0.0	-1.0	0.0	TRUE	T	3.868427E-4	63.0	0.04346099	0.93454313	28.217756	0.28327957	0.065784924	175.0	0.0
SPIKE	I138:>G	1	44128	2.2661348E-5	-1.0	39.330856	TRUE		NaN	NaN	NaN	NaN	NaN	NaN	NaN	NaN	NaN
SPIKE	S138:G>A	16	44128	3.6258157E-4	39.792072	38.5	TRUE	G	5.0147227E-4	97.0	0.032324955	0.91598284	44.810787	0.23575445	0.054395806	175.0	0.0
SPIKE	S138:G>C	2	44128	4.5322697E-5	-1.0	37.5	TRUE	G	6.4305554E-5	10.0	0.0291491	0.9888096	30.403738	0.29228747	0.07209707	175.0	0.0
SPIKE	D138-139:G>	13	44128	2.9459753E-4	-1.0	39.330856	TRUE		NaN	NaN	NaN	NaN	NaN	NaN	NaN	NaN	NaN
SPIKE	I138:>CT	1	44128	2.2661348E-5	-1.0	39.330856	TRUE		NaN	NaN	NaN	NaN	NaN	NaN	NaN	NaN	NaN
SPIKE	D138-140:GA>	3	44128	6.7984045E-5	-1.0	39.330856	TRUE		NaN	NaN	NaN	NaN	NaN	NaN	NaN	NaN	NaN
SPIKE	D138-142:GATT>	1	44128	2.2661348E-5	-1.0	39.330856	TRUE		NaN	NaN	NaN	NaN	NaN	NaN	NaN	NaN	NaN
SPIKE	D138-141:GAT>	1	44128	2.2661348E-5	-1.0	39.330856	TRUE		NaN	NaN	NaN	NaN	NaN	NaN	NaN	NaN	NaN
SPIKE	S138:G>T	0	44128	0.0	-1.0	0.0	TRUE	G	4.2158086E-4	64.0	0.04799846	0.92887914	20.458654	0.30533564	0.060692545	175.0	0.0
SPIKE	S139:A>G	3	44126	6.798713E-5	10.280287	39.333332	TRUE	A	2.4040043E-4	46.0	0.029861832	0.9588026	57.85274	0.23770504	0.050376378	175.0	0.0
SPIKE	S139:A>C	1	44126	2.2662376E-5	-1.0	37.0	TRUE	A	8.506183E-5	17.0	0.099512376	0.9852244	28.215837	0.24518992	0.1109441	175.0	0.0
SPIKE	D139-140:A>	27	44126	6.1188417E-4	-1.0	39.00793	TRUE		NaN	NaN	NaN	NaN	NaN	NaN	NaN	NaN	NaN
SPIKE	D139-141:AT>	3	44126	6.798713E-5	-1.0	39.00793	TRUE		NaN	NaN	NaN	NaN	NaN	NaN	NaN	NaN	NaN
SPIKE	I139:>A	4	44126	9.0649504E-5	-1.0	39.00793	TRUE		NaN	NaN	NaN	NaN	NaN	NaN	NaN	NaN	NaN
SPIKE	D139-143:ATTA>	1	44126	2.2662376E-5	-1.0	39.00793	TRUE		NaN	NaN	NaN	NaN	NaN	NaN	NaN	NaN	NaN
SPIKE	S139:A>T	0	44126	0.0	-1.0	0.0	TRUE	A	5.565902E-4	90.0	0.027372988	0.9071901	17.285042	0.28057003	0.067590006	175.0	0.0
SPIKE	I140:>T	22	44126	4.9857225E-4	-1.0	39.282803	TRUE		NaN	NaN	NaN	NaN	NaN	NaN	NaN	NaN	NaN
SPIKE	D140-144:TTAG>	1	44126	2.2662376E-5	-1.0	39.282803	TRUE		NaN	NaN	NaN	NaN	NaN	NaN	NaN	NaN	NaN
SPIKE	D140-143:TTA>	3	44126	6.798713E-5	-1.0	39.282803	TRUE		NaN	NaN	NaN	NaN	NaN	NaN	NaN	NaN	NaN
SPIKE	S140:T>G	5	44126	1.1331188E-4	16.300888	39.0	TRUE	T	2.6405344E-4	43.0	0.04346099	0.95484203	28.215837	0.28327957	0.065784924	175.0	0.0
SPIKE	S140:T>C	1	44126	2.2662376E-5	-1.0	35.0	TRUE	T	7.310656E-5	13.0	0.027438276	0.9872878	57.85274	0.25514695	0.058764003	175.0	0.0
SPIKE	D140-141:T>	46	44126	0.0010424693	-1.0	39.282803	TRUE		NaN	NaN	NaN	NaN	NaN	NaN	NaN	NaN	NaN
SPIKE	D140-142:TT>	4	44126	9.0649504E-5	-1.0	39.282803	TRUE		NaN	NaN	NaN	NaN	NaN	NaN	NaN	NaN	NaN
SPIKE	S140:T>A	0	44126	0.0	-1.0	0.0	TRUE	T	4.422576E-4	73.0	0.030796511	0.9255241	17.285042	0.27582398	0.059138652	175.0	0.0
SPIKE	S141:T>A	1	44118	2.2666485E-5	0.57991946	40.0	TRUE	T	8.422596E-4	139.0	0.030796511	0.86295265	17.281908	0.27582398	0.059138652	175.0	0.0
SPIKE	S141:T>G	6	44118	1.3599891E-4	19.311188	38.666668	TRUE	T	2.4567565E-4	40.0	0.04346099	0.95791787	28.210722	0.28327957	0.065784924	175.0	0.0
SPIKE	S141:T>C	3	44118	6.7999455E-5	10.280287	37.0	TRUE	T	2.8123005E-4	50.0	0.027438276	0.9519762	57.84225	0.25514695	0.058764003	175.0	0.0
SPIKE	I141:>GAT	1	44118	2.2666485E-5	-1.0	39.396935	TRUE		NaN	NaN	NaN	NaN	NaN	NaN	NaN	NaN	NaN
SPIKE	S142:A>G	3	44108	6.801487E-5	1.5176276	40.0	TRUE	A	9.829071E-4	188.0	0.029861832	0.8419718	57.82914	0.23770504	0.050376378	175.0	0.0
SPIKE	S142:A>T	2	44108	4.5343248E-5	2.2639637	38.0	TRUE	A	6.0012535E-4	97.0	0.027372988	0.9003048	17.277992	0.28057003	0.067590006	175.0	0.0
SPIKE	D142-143:A>	26	44108	5.8946223E-4	-1.0	39.07366	TRUE		NaN	NaN	NaN	NaN	NaN	NaN	NaN	NaN	NaN
SPIKE	I142:>A	7	44108	1.5870137E-4	-1.0	39.07366	TRUE		NaN	NaN	NaN	NaN	NaN	NaN	NaN	NaN	NaN
SPIKE	D142-144:AG>	1	44108	2.2671624E-5	-1.0	39.07366	TRUE		NaN	NaN	NaN	NaN	NaN	NaN	NaN	NaN	NaN
SPIKE	D142-145:AGC>	1	44108	2.2671624E-5	-1.0	39.07366	TRUE		NaN	NaN	NaN	NaN	NaN	NaN	NaN	NaN	NaN
SPIKE	S142:A>C	0	44108	0.0	-1.0	0.0	TRUE	A	3.303748E-4	66.0	0.099512376	0.943824	28.204329	0.24518992	0.1109441	175.0	0.0
SPIKE	I143:>G	3	44107	6.8016416E-5	-1.0	39.25123	TRUE		NaN	NaN	NaN	NaN	NaN	NaN	NaN	NaN	NaN
SPIKE	S143:G>A	14	44107	3.1740993E-4	27.870962	37.857143	TRUE	G	6.723963E-4	130.0	0.032324955	0.8889899	44.789463	0.23575445	0.054395806	175.0	0.0
SPIKE	S143:G>C	1	44107	2.2672139E-5	0.09432235	38.0	TRUE	G	0.0014411302	224.0	0.0291491	0.777091	30.389269	0.29228747	0.07209707	175.0	0.0
SPIKE	D143-144:G>	16	44107	3.6275422E-4	-1.0	39.25123	TRUE		NaN	NaN	NaN	NaN	NaN	NaN	NaN	NaN	NaN
SPIKE	D143-145:GC>	1	44107	2.2672139E-5	-1.0	39.25123	TRUE		NaN	NaN	NaN	NaN	NaN	NaN	NaN	NaN	NaN
SPIKE	S143:G>T	0	44107	0.0	-1.0	0.0	TRUE	G	1.581681E-4	24.0	0.04799846	0.9727001	20.44892	0.30533564	0.060692545	175.0	0.0
SPIKE	I144:>C	11	44106	2.4939916E-4	-1.0	39.32558	TRUE		NaN	NaN	NaN	NaN	NaN	NaN	NaN	NaN	NaN
SPIKE	S144:C>G	2	44106	4.5345303E-5	0.7986036	39.0	TRUE	C	9.3392254E-4	146.0	0.025817094	0.84922045	30.38858	0.28961107	0.087317765	175.0	0.0
SPIKE	S144:C>T	19	44106	4.307804E-4	48.1648	38.210526	TRUE	C	4.1393607E-4	78.0	0.028656822	0.9301227	44.78845	0.24097037	0.06182664	175.0	0.0
SPIKE	D144-145:C>	52	44106	0.0011789779	-1.0	39.32558	TRUE		NaN	NaN	NaN	NaN	NaN	NaN	NaN	NaN	NaN
SPIKE	S144:C>A	0	44106	0.0	-1.0	0.0	TRUE	C	8.761488E-5	20.0	0.05819005	0.98478436	20.448454	0.20515507	0.09878472	175.0	0.0
SPIKE	S145:C>G	2	44101	4.5350447E-5	3.9120662	38.5	TRUE	C	3.262702E-4	51.0	0.025817094	0.9445022	30.385136	0.28961107	0.087317765	175.0	0.0
SPIKE	S145:C>A	3	44101	6.802567E-5	-1.0	38.333332	TRUE	C	5.2574887E-5	12.0	0.05819005	0.99084157	20.446136	0.20515507	0.09878472	175.0	0.0
SPIKE	S145:C>T	11	44101	2.4942745E-4	26.1236	37.636364	TRUE	C	4.4052038E-4	83.0	0.028656822	0.92580557	44.78337	0.24097037	0.06182664	175.0	0.0
SPIKE	I145:>AC	1	44101	2.2675224E-5	-1.0	39.366978	TRUE		NaN	NaN	NaN	NaN	NaN	NaN	NaN	NaN	NaN
SPIKE	I146:>T	1	44086	2.2682938E-5	-1.0	39.211746	TRUE		NaN	NaN	NaN	NaN	NaN	NaN	NaN	NaN	NaN
SPIKE	S146:C>T	11	44086	2.4951232E-4	26.1236	39.272728	TRUE	C	4.619074E-4	87.0	0.028656822	0.92234695	44.76814	0.24097037	0.06182664	175.0	0.0
SPIKE	S146:C>A	0	44086	0.0	-1.0	0.0	TRUE	C	1.0956828E-4	25.0	0.05819005	0.98100823	20.439182	0.20515507	0.09878472	175.0	0.0
SPIKE	S146:C>G	0	44086	0.0	-1.0	0.0	TRUE	C	0.0016831032	263.0	0.025817094	0.74487185	30.374802	0.28961107	0.087317765	175.0	0.0
SPIKE	S147:G>A	19	44061	4.3122037E-4	48.1648	38.31579	TRUE	G	4.3492502E-4	84.0	0.032324955	0.9267125	44.742752	0.23575445	0.054395806	175.0	0.0
SPIKE	S147:G>C	0	44061	0.0	-1.0	0.0	TRUE	G	0.0012751861	198.0	0.0291491	0.7999888	30.357576	0.29228747	0.07209707	175.0	0.0
SPIKE	S147:G>T	0	44061	0.0	-1.0	0.0	TRUE	G	0.0015503461	235.0	0.04799846	0.7623797	20.427591	0.30533564	0.060692545	175.0	0.0
SPIKE	S148:T>A	1	44047	2.2703021E-5	4.2596874	38.0	TRUE	T	1.04718376E-4	4.0	0.030796511	0.9818412	17.254097	0.27582398	0.059138652	175.0	1.0
SPIKE	S148:T>G	0	44047	0.0	-1.0	0.0	TRUE	T	0.0023991987	390.0	0.04346099	0.65713894	28.165323	0.28327957	0.065784924	175.0	0.0
SPIKE	S148:T>C	0	44047	0.0	-1.0	0.0	TRUE	T	5.0703005E-4	90.0	0.027438276	0.91509235	57.749165	0.25514695	0.058764003	175.0	0.0
SPIKE	S149:G>A	17	44011	3.8626706E-4	42.57172	37.764706	TRUE	G	3.7321638E-4	72.0	0.032324955	0.9367743	44.69198	0.23575445	0.054395806	175.0	0.0
SPIKE	S149:G>C	1	44011	2.2721591E-5	0.05119444	36.0	TRUE	G	0.0015990173	248.0	0.0291491	0.75591373	30.323126	0.29228747	0.07209707	175.0	0.0
SPIKE	S149:G>T	0	44011	0.0	-1.0	0.0	TRUE	G	0.0012548954	190.0	0.04799846	0.8028345	20.404411	0.30533564	0.060692545	175.0	0.0
SPIKE	S150:C>A	0	43950	0.0	-1.0	0.0	TRUE	C	8.9579444E-5	4.0	0.05819005	0.9844458	20.37613	0.20515507	0.09878472	175.0	1.0
SPIKE	S150:C>G	0	43950	0.0	-1.0	0.0	TRUE	C	0.001579181	246.0	0.025817094	0.75854236	30.281097	0.28961107	0.087317765	175.0	0.0
SPIKE	S150:C>T	0	43950	0.0	-1.0	0.0	TRUE	C	0.0015284786	287.0	0.028656822	0.7653028	44.63003	0.24097037	0.06182664	175.0	0.0
SPIKE	S151:T>A	0	43897	0.0	-1.0	0.0	TRUE	T	1.04718376E-4	6.0	0.030796511	0.9818412	17.19534	0.27582398	0.059138652	175.0	1.0
SPIKE	S151:T>G	0	43897	0.0	-1.0	0.0	TRUE	T	0.002006164	325.0	0.04346099	0.70392835	28.069407	0.28327957	0.065784924	175.0	0.0
SPIKE	S151:T>C	0	43897	0.0	-1.0	0.0	TRUE	T	0.0013962708	247.0	0.027438276	0.7832155	57.5525	0.25514695	0.058764003	175.0	0.0
SPIKE	S152:G>A	0	43788	0.0	-1.0	0.0	TRUE	G	4.480565E-4	86.0	0.032324955	0.92458534	44.465527	0.23575445	0.054395806	175.0	0.0
SPIKE	S152:G>C	0	43788	0.0	-1.0	0.0	TRUE	G	9.72073E-5	15.0	0.0291491	0.9831326	30.169481	0.29228747	0.07209707	175.0	0.0
SPIKE	S152:G>T	0	43788	0.0	-1.0	0.0	TRUE	G	0.001121881	169.0	0.04799846	0.8217417	20.301023	0.30533564	0.060692545	175.0	0.0
SPIKE	S153:G>A	0	43577	0.0	-1.0	0.0	TRUE	G	2.669945E-4	51.0	0.032324955	0.9543507	44.251263	0.23575445	0.054395806	175.0	0.0
SPIKE	S153:G>C	0	43577	0.0	-1.0	0.0	TRUE	G	7.1630515E-5	11.0	0.0291491	0.9875429	30.024105	0.29228747	0.07209707	175.0	0.0
SPIKE	S153:G>T	0	43577	0.0	-1.0	0.0	TRUE	G	1.3340983E-4	20.0	0.04799846	0.9769237	20.2032	0.30533564	0.060692545	175.0	0.0
