#pipeline_block
reference	mutation	count	coverage	freq	score	cqs	has.reference	ancestral.allele	error.rate	minor.count.local	minor.fdr	minor.recall	minor.count.global	read.fraction.in.minors	q.filtered.read.fraction	mig.size	global.est
SPIKE	S0:T>A	0	526270	0.0	-1.0	0.0	TRUE	T	8.8806715E-5	193.0	0.013617348	0.9971622	105.660484	0.2455001	0.0062411027	32.0	0.0
SPIKE	S0:T>G	0	526270	0.0	-1.0	0.0	TRUE	T	3.8739283E-5	103.0	0.013105942	0.9987611	213.65169	0.20056374	0.0069643464	32.0	0.0
SPIKE	S0:T>C	0	526270	0.0	-1.0	0.0	TRUE	T	2.6398344E-4	774.0	0.012302732	0.9915881	679.465	0.18172742	0.00687337	32.0	0.0
SPIKE	S1:A>G	0	526656	0.0	-1.0	0.0	TRUE	A	1.9727339E-4	630.0	0.012506404	0.9937071	679.9634	0.16700163	0.006657174	32.0	0.0
SPIKE	S1:A>C	0	526656	0.0	-1.0	0.0	TRUE	A	2.3116682E-4	579.0	0.010686291	0.99262995	213.8084	0.21253964	0.015252378	32.0	0.0
SPIKE	S1:A>T	0	526656	0.0	-1.0	0.0	TRUE	A	1.7860155E-4	385.0	0.012012367	0.9943011	105.737976	0.24728628	0.0071366755	32.0	0.0
SPIKE	S2:G>A	0	527091	0.0	-1.0	0.0	TRUE	G	1.9342867E-4	561.0	0.015757585	0.9938294	292.30344	0.18464668	0.0070623276	32.0	0.0
SPIKE	S2:G>C	0	527091	0.0	-1.0	0.0	TRUE	G	3.1371714E-5	78.0	0.014938209	0.9989966	151.41608	0.21521164	0.0070736827	32.0	0.0
SPIKE	S2:G>T	0	527091	0.0	-1.0	0.0	TRUE	G	1.8630524E-5	41.0	0.014797342	0.999404	108.0876	0.24310912	0.0073646465	32.0	0.0
SPIKE	S3:C>A	0	527582	0.0	-1.0	0.0	TRUE	C	1.2548863E-5	29.0	0.011905785	0.9995985	108.188286	0.23104575	0.009244847	32.0	0.0
SPIKE	S3:C>G	0	527582	0.0	-1.0	0.0	TRUE	C	1.6200301E-4	409.0	0.014469533	0.9948293	151.55713	0.21204093	0.0073165228	32.0	0.0
SPIKE	S3:C>T	0	527582	0.0	-1.0	0.0	TRUE	C	1.6584941E-4	419.0	0.013869243	0.99470687	292.5757	0.21176559	0.00745353	32.0	0.0
SPIKE	S4:G>A	173	527988	3.2765896E-4	450.37088	39.37572	TRUE	G	1.053273E-4	306.0	0.015757585	0.9966352	292.80087	0.18464668	0.0070623276	32.0	0.0
SPIKE	S4:G>C	17	527988	3.2197702E-5	15.718656	40.0	TRUE	G	1.3410706E-4	334.0	0.014938209	0.99571776	151.67377	0.21521164	0.0070736827	32.0	0.0
SPIKE	S4:G>T	5	527988	9.469913E-6	10.658173	39.0	TRUE	G	3.991953E-5	88.0	0.014797342	0.9987234	108.271545	0.24310912	0.0073646465	32.0	0.0
SPIKE	S5:T>A	16	528307	3.028542E-5	49.41419	36.4375	TRUE	T	1.6501113E-5	36.0	0.013617348	0.9994721	106.06946	0.2455001	0.0062411027	32.0	0.0
SPIKE	S5:T>G	7	528307	1.3249872E-5	1.8890414	40.0	TRUE	T	1.5435966E-4	412.0	0.013105942	0.99507266	214.47865	0.20056374	0.0069643464	32.0	0.0
SPIKE	S5:T>C	100	528307	1.8928388E-4	141.44109	39.69	TRUE	T	3.3465258E-4	985.0	0.012302732	0.98934823	682.095	0.18172742	0.00687337	32.0	0.0
SPIKE	I6:>G	1	528518	1.8920831E-6	-1.0	39.87766	TRUE		NaN	NaN	NaN	NaN	NaN	NaN	NaN	NaN	NaN
SPIKE	S6:G>A	160	528518	3.027333E-4	401.49408	37.6875	TRUE	G	1.0969188E-4	319.0	0.015757585	0.996496	293.0948	0.18464668	0.0070623276	32.0	0.0
SPIKE	S6:G>C	22	528518	4.162583E-5	42.137844	39.81818	TRUE	G	6.089977E-5	4.0	0.014938209	0.99805313	151.826	0.21521164	0.0070736827	32.0	1.0
SPIKE	S6:G>T	0	528518	0.0	-1.0	0.0	TRUE	G	1.4501637E-4	320.0	0.014797342	0.9953702	108.380226	0.24310912	0.0073646465	32.0	0.0
SPIKE	S7:A>G	16	528737	3.0260791E-5	1.1300309	38.4375	TRUE	A	3.5244695E-4	1130.0	0.012506404	0.9887851	682.65015	0.16700163	0.006657174	32.0	0.0
SPIKE	S7:A>C	66	528737	1.2482576E-4	177.14546	39.803032	TRUE	A	4.89147E-5	123.0	0.010686291	0.998436	214.65323	0.21253964	0.015252378	32.0	0.0
SPIKE	S7:A>T	26	528737	4.9173785E-5	59.339897	39.576923	TRUE	A	4.944195E-5	107.0	0.012012367	0.9984191	106.155785	0.24728628	0.0071366755	32.0	0.0
SPIKE	D7-8:A>	517	528737	9.778019E-4	-1.0	39.672012	TRUE		NaN	NaN	NaN	NaN	NaN	NaN	NaN	NaN	NaN
SPIKE	I7:>A	7	528737	1.3239096E-5	-1.0	39.672012	TRUE		NaN	NaN	NaN	NaN	NaN	NaN	NaN	NaN	NaN
SPIKE	S8:A>G	22	528787	4.1604653E-5	6.234286	38.909092	TRUE	A	3.0656866E-4	983.0	0.012506404	0.9902378	682.7147	0.16700163	0.006657174	32.0	0.0
SPIKE	S8:A>C	50	528787	9.455603E-5	151.76439	39.66	TRUE	A	1.789393E-5	45.0	0.010686291	0.99942756	214.67352	0.21253964	0.015252378	32.0	0.0
SPIKE	S8:A>T	12	528787	2.2693448E-5	37.372986	40.0	TRUE	A	1.7095132E-5	37.0	0.012012367	0.9994531	106.165825	0.24728628	0.0071366755	32.0	0.0
SPIKE	I9:>G	2	528818	3.7820196E-6	-1.0	39.88139	TRUE		NaN	NaN	NaN	NaN	NaN	NaN	NaN	NaN	NaN
SPIKE	S9:G>A	149	528818	2.8176044E-4	340.37427	39.496643	TRUE	G	1.6839664E-4	490.0	0.015757585	0.9946258	293.26117	0.18464668	0.0070623276	32.0	0.0
SPIKE	S9:G>C	11	528818	2.0801108E-5	16.357807	40.0	TRUE	G	6.089977E-5	5.0	0.014938209	0.99805313	151.91219	0.21521164	0.0070736827	32.0	1.0
SPIKE	D9-10:G>	171	528818	3.2336268E-4	-1.0	39.88139	TRUE		NaN	NaN	NaN	NaN	NaN	NaN	NaN	NaN	NaN
SPIKE	D9-11:GA>	49	528818	9.265948E-5	-1.0	39.88139	TRUE		NaN	NaN	NaN	NaN	NaN	NaN	NaN	NaN	NaN
SPIKE	S9:G>T	0	528818	0.0	-1.0	0.0	TRUE	G	9.5113E-6	21.0	0.014797342	0.99969566	108.44175	0.24310912	0.0073646465	32.0	0.0
SPIKE	S10:A>G	41	528821	7.753096E-5	23.715553	39.658535	TRUE	A	3.595635E-4	1153.0	0.012506404	0.9885599	682.7586	0.16700163	0.006657174	32.0	0.0
SPIKE	S10:A>C	47	528821	8.887696E-5	128.81238	39.574467	TRUE	A	3.2604617E-5	82.0	0.010686291	0.9989572	214.68732	0.21253964	0.015252378	32.0	0.0
SPIKE	S10:A>T	5	528821	9.454995E-6	16.300888	40.0	TRUE	A	1.8942037E-5	41.0	0.012012367	0.99939406	106.17265	0.24728628	0.0071366755	32.0	0.0
SPIKE	D10-11:A>	191	528821	3.611808E-4	-1.0	39.740932	TRUE		NaN	NaN	NaN	NaN	NaN	NaN	NaN	NaN	NaN
SPIKE	I10:>A	3	528821	5.6729973E-6	-1.0	39.740932	TRUE		NaN	NaN	NaN	NaN	NaN	NaN	NaN	NaN	NaN
SPIKE	D10-12:AC>	16	528821	3.0255984E-5	-1.0	39.740932	TRUE		NaN	NaN	NaN	NaN	NaN	NaN	NaN	NaN	NaN
SPIKE	I11:>C	1	528828	1.890974E-6	-1.0	39.79369	TRUE		NaN	NaN	NaN	NaN	NaN	NaN	NaN	NaN	NaN
SPIKE	S11:C>A	2	528828	3.781948E-6	0.28028724	36.5	TRUE	C	1.2519296E-4	290.0	0.011905785	0.99600184	108.443794	0.23104575	0.009244847	32.0	0.0
SPIKE	S11:C>G	15	528828	2.836461E-5	37.025364	39.866665	TRUE	C	2.9637158E-5	75.0	0.014469533	0.99905205	151.91507	0.21204093	0.0073165228	32.0	0.0
SPIKE	S11:C>T	108	528828	2.0422519E-4	245.78899	39.5	TRUE	C	1.3070837E-4	331.0	0.013869243	0.99582607	293.2667	0.21176559	0.00745353	32.0	0.0
SPIKE	D11-13:CG>	15	528828	2.836461E-5	-1.0	39.79369	TRUE		NaN	NaN	NaN	NaN	NaN	NaN	NaN	NaN	NaN
SPIKE	D11-12:C>	195	528828	3.6873994E-4	-1.0	39.79369	TRUE		NaN	NaN	NaN	NaN	NaN	NaN	NaN	NaN	NaN
SPIKE	I12:>G	3	528831	5.67289E-6	-1.0	39.833088	TRUE		NaN	NaN	NaN	NaN	NaN	NaN	NaN	NaN	NaN
SPIKE	S12:G>A	205	528831	3.8764748E-4	530.6217	39.687805	TRUE	G	1.2474792E-4	363.0	0.015757585	0.996016	293.26837	0.18464668	0.0070623276	32.0	0.0
SPIKE	S12:G>C	10	528831	1.8909634E-5	8.928991	40.0	TRUE	G	1.0903885E-4	272.0	0.014938209	0.9965168	151.91592	0.21521164	0.0070736827	32.0	0.0
SPIKE	S12:G>T	4	528831	7.563853E-6	13.290587	38.0	TRUE	G	1.4945961E-5	33.0	0.014797342	0.99952185	108.44441	0.24310912	0.0073646465	32.0	0.0
SPIKE	D12-13:G>	196	528831	3.706288E-4	-1.0	39.833088	TRUE		NaN	NaN	NaN	NaN	NaN	NaN	NaN	NaN	NaN
SPIKE	D12-15:GAC>	1	528831	1.8909633E-6	-1.0	39.833088	TRUE		NaN	NaN	NaN	NaN	NaN	NaN	NaN	NaN	NaN
SPIKE	D12-14:GA>	20	528831	3.7819267E-5	-1.0	39.833088	TRUE		NaN	NaN	NaN	NaN	NaN	NaN	NaN	NaN	NaN
SPIKE	S13:A>G	29	528835	5.483752E-5	18.683146	39.172413	TRUE	A	2.5477505E-4	817.0	0.012506404	0.99188036	682.7767	0.16700163	0.006657174	32.0	0.0
SPIKE	S13:A>C	51	528835	9.6438394E-5	140.515	39.2549	TRUE	A	3.061572E-5	77.0	0.010686291	0.99902076	214.69301	0.21253964	0.015252378	32.0	0.0
SPIKE	S13:A>T	4	528835	7.563796E-6	2.4537697	40.0	TRUE	A	7.576614E-5	164.0	0.012012367	0.99757844	106.17546	0.24728628	0.0071366755	32.0	0.0
SPIKE	D13-14:A>	134	528835	2.5338717E-4	-1.0	39.74422	TRUE		NaN	NaN	NaN	NaN	NaN	NaN	NaN	NaN	NaN
SPIKE	I13:>A	5	528835	9.454745E-6	-1.0	39.74422	TRUE		NaN	NaN	NaN	NaN	NaN	NaN	NaN	NaN	NaN
SPIKE	I13:>C	1	528835	1.890949E-6	-1.0	39.74422	TRUE		NaN	NaN	NaN	NaN	NaN	NaN	NaN	NaN	NaN
SPIKE	I14:>C	3	528835	5.672847E-6	-1.0	39.8527	TRUE		NaN	NaN	NaN	NaN	NaN	NaN	NaN	NaN	NaN
SPIKE	D14-16:CA>	34	528835	6.429227E-5	-1.0	39.8527	TRUE		NaN	NaN	NaN	NaN	NaN	NaN	NaN	NaN	NaN
SPIKE	S14:C>A	1	528835	1.890949E-6	0.09432235	40.0	TRUE	C	1.2605469E-4	292.0	0.011905785	0.99597436	108.44523	0.23104575	0.009244847	32.0	0.0
SPIKE	S14:C>G	4	528835	7.563796E-6	3.6487768	40.0	TRUE	C	6.0031078E-5	5.0	0.014469533	0.99808085	151.91707	0.21204093	0.0073165228	32.0	1.0
SPIKE	S14:C>T	105	528835	1.9854965E-4	266.69	39.409523	TRUE	C	7.818706E-5	198.0	0.013869243	0.99750113	293.2706	0.21176559	0.00745353	32.0	0.0
SPIKE	D14-15:C>	152	528835	2.8742425E-4	-1.0	39.8527	TRUE		NaN	NaN	NaN	NaN	NaN	NaN	NaN	NaN	NaN
SPIKE	S15:A>G	44	528835	8.3201754E-5	28.015944	38.886364	TRUE	A	3.4489742E-4	1106.0	0.012506404	0.989024	682.7767	0.16700163	0.006657174	32.0	0.0
SPIKE	S15:A>C	53	528835	1.002203E-4	101.665	39.377357	TRUE	A	1.1967964E-4	301.0	0.010686291	0.99617755	214.69301	0.21253964	0.015252378	32.0	0.0
SPIKE	S15:A>T	5	528835	9.454745E-6	5.1061287	40.0	TRUE	A	6.283046E-5	136.0	0.012012367	0.99799144	106.17546	0.24728628	0.0071366755	32.0	0.0
SPIKE	D15-16:A>	176	528835	3.3280702E-4	-1.0	39.654312	TRUE		NaN	NaN	NaN	NaN	NaN	NaN	NaN	NaN	NaN
SPIKE	I15:>A	3	528835	5.672847E-6	-1.0	39.654312	TRUE		NaN	NaN	NaN	NaN	NaN	NaN	NaN	NaN	NaN
SPIKE	I16:>G	2	528835	3.781898E-6	-1.0	39.885674	TRUE		NaN	NaN	NaN	NaN	NaN	NaN	NaN	NaN	NaN
SPIKE	S16:G>A	149	528835	2.817514E-4	340.37427	39.55705	TRUE	G	1.6186178E-4	471.0	0.015757585	0.9948338	293.2706	0.18464668	0.0070623276	32.0	0.0
SPIKE	S16:G>T	2	528835	3.781898E-6	7.269987	38.5	TRUE	G	1.0416803E-5	23.0	0.014797342	0.9996667	108.44523	0.24310912	0.0073646465	32.0	0.0
SPIKE	S16:G>C	11	528835	2.0800439E-5	16.357807	39.81818	TRUE	G	6.089977E-5	9.0	0.014938209	0.99805313	151.91707	0.21521164	0.0070736827	32.0	1.0
SPIKE	D16-17:G>	127	528835	2.4015052E-4	-1.0	39.885674	TRUE		NaN	NaN	NaN	NaN	NaN	NaN	NaN	NaN	NaN
SPIKE	D16-18:GA>	9	528835	1.7018541E-5	-1.0	39.885674	TRUE		NaN	NaN	NaN	NaN	NaN	NaN	NaN	NaN	NaN
SPIKE	S17:A>G	32	528835	6.0510367E-5	12.504227	39.4375	TRUE	A	3.514461E-4	1127.0	0.012506404	0.98881674	682.7767	0.16700163	0.006657174	32.0	0.0
SPIKE	S17:A>T	17	528835	3.2146134E-5	29.928427	39.058823	TRUE	A	6.976029E-5	151.0	0.012012367	0.9977702	106.17546	0.24728628	0.0071366755	32.0	0.0
SPIKE	S17:A>C	59	528835	1.1156599E-4	183.6283	39.457626	TRUE	A	1.5109057E-5	38.0	0.010686291	0.9995166	214.69301	0.21253964	0.015252378	32.0	0.0
SPIKE	D17-18:A>	358	528835	6.7695975E-4	-1.0	39.74034	TRUE		NaN	NaN	NaN	NaN	NaN	NaN	NaN	NaN	NaN
SPIKE	I17:>A	2	528835	3.781898E-6	-1.0	39.74034	TRUE		NaN	NaN	NaN	NaN	NaN	NaN	NaN	NaN	NaN
SPIKE	D17-19:AA>	1	528835	1.890949E-6	-1.0	39.74034	TRUE		NaN	NaN	NaN	NaN	NaN	NaN	NaN	NaN	NaN
SPIKE	S18:A>G	29	528835	5.483752E-5	14.998654	39.37931	TRUE	A	2.878303E-4	923.0	0.012506404	0.99083173	682.7767	0.16700163	0.006657174	32.0	0.0
SPIKE	S18:A>T	2	528835	3.781898E-6	7.269987	40.0	TRUE	A	1.1549717E-5	25.0	0.012012367	0.99963045	106.17546	0.24728628	0.0071366755	32.0	0.0
SPIKE	S18:A>C	115	528835	2.1745914E-4	352.2051	39.53913	TRUE	A	2.3856406E-5	60.0	0.010686291	0.9992369	214.69301	0.21253964	0.015252378	32.0	0.0
SPIKE	S19:C>G	10	528835	1.890949E-5	-1.0	39.0	TRUE	C	4.3467257E-6	11.0	0.014469533	0.99986094	151.91707	0.21204093	0.0073165228	32.0	0.0
SPIKE	S19:C>A	3	528835	5.672847E-6	0.96486104	40.0	TRUE	C	1.0619676E-4	246.0	0.011905785	0.9966075	108.44523	0.23104575	0.009244847	32.0	0.0
SPIKE	S19:C>T	80	528835	1.5127592E-4	196.03134	39.2125	TRUE	C	7.897683E-5	200.0	0.013869243	0.9974759	293.2706	0.21176559	0.00745353	32.0	0.0
SPIKE	D19-20:C>	2	528835	3.781898E-6	-1.0	39.87506	TRUE		NaN	NaN	NaN	NaN	NaN	NaN	NaN	NaN	NaN
SPIKE	S20:C>G	95	528835	1.7964015E-4	249.20882	39.56842	TRUE	C	6.0031078E-5	4.0	0.014469533	0.99808085	151.91707	0.21204093	0.0073165228	32.0	1.0
SPIKE	S20:C>A	1	528835	1.890949E-6	4.2596874	40.0	TRUE	C	1.769946E-5	41.0	0.011905785	0.99943376	108.44523	0.23104575	0.009244847	32.0	0.0
SPIKE	S20:C>T	98	528835	1.85313E-4	227.28085	39.561226	TRUE	C	1.2162431E-4	308.0	0.013869243	0.99611557	293.2706	0.21176559	0.00745353	32.0	0.0
SPIKE	S21:A>G	92	528835	1.739673E-4	179.78723	39.5	TRUE	A	1.8928818E-4	607.0	0.012506404	0.9939611	682.7767	0.16700163	0.006657174	32.0	0.0
SPIKE	S21:A>T	4	528835	7.563796E-6	8.284564	40.0	TRUE	A	3.7421083E-5	81.0	0.012012367	0.99880326	106.17546	0.24728628	0.0071366755	32.0	0.0
SPIKE	S21:A>C	75	528835	1.4182118E-4	173.03525	39.44	TRUE	A	1.053658E-4	265.0	0.010686291	0.99663395	214.69301	0.21253964	0.015252378	32.0	0.0
SPIKE	S22:A>T	528722	528835	0.9997863	9999.0	39.946568	TRUE	T	4.905186E-5	0.0	0.012012367	0.99843156	106.17546	0.24728628	0.0071366755	32.0	1.0
SPIKE	S22:A>G	0	528835	0.0	-1.0	0.0	TRUE	T	2.1291855E-4	1.0	0.012506404	0.9932098	682.7767	0.16700163	0.006657174	32.0	1.0
SPIKE	S22:A>C	0	528835	0.0	-1.0	0.0	TRUE	T	1.3121024E-5	33.0	0.010686291	0.9995802	214.69301	0.21253964	0.015252378	32.0	0.0
SPIKE	S23:A>C	528722	528835	0.9997863	9999.0	39.946564	TRUE	C	8.53634E-5	0.0	0.010686291	0.9972721	214.69301	0.21253964	0.015252378	32.0	1.0
SPIKE	S23:A>G	0	528835	0.0	-1.0	0.0	TRUE	C	2.1291855E-4	0.0	0.012506404	0.9932098	682.7767	0.16700163	0.006657174	32.0	1.0
SPIKE	S23:A>T	0	528835	0.0	-1.0	0.0	TRUE	C	1.1041529E-4	239.0	0.012012367	0.99647295	106.17546	0.24728628	0.0071366755	32.0	0.0
SPIKE	D24-25:A>	1	528835	1.890949E-6	-1.0	39.943085	TRUE		NaN	NaN	NaN	NaN	NaN	NaN	NaN	NaN	NaN
SPIKE	S24:A>G	0	528835	0.0	-1.0	0.0	TRUE	A	9.978949E-6	32.0	0.012506404	0.9996807	682.7767	0.16700163	0.006657174	32.0	0.0
SPIKE	S24:A>C	0	528835	0.0	-1.0	0.0	TRUE	A	9.463041E-5	238.0	0.010686291	0.99697644	214.69301	0.21253964	0.015252378	32.0	0.0
SPIKE	S24:A>T	0	528835	0.0	-1.0	0.0	TRUE	A	4.905186E-5	1.0	0.012012367	0.99843156	106.17546	0.24728628	0.0071366755	32.0	1.0
SPIKE	S25:A>G	528721	528835	0.9997844	9999.0	39.946564	TRUE	G	2.1291855E-4	0.0	0.012506404	0.9932098	682.7767	0.16700163	0.006657174	32.0	1.0
SPIKE	S25:A>C	0	528835	0.0	-1.0	0.0	TRUE	G	8.53634E-5	1.0	0.010686291	0.9972721	214.69301	0.21253964	0.015252378	32.0	1.0
SPIKE	S25:A>T	0	528835	0.0	-1.0	0.0	TRUE	G	1.4783637E-5	32.0	0.012012367	0.99952704	106.17546	0.24728628	0.0071366755	32.0	0.0
SPIKE	S26:T>A	1	528843	1.8909203E-6	4.2596874	40.0	TRUE	T	1.694229E-5	37.0	0.013617348	0.999458	106.17707	0.2455001	0.0062411027	32.0	0.0
SPIKE	S26:T>C	15	528843	2.8363806E-5	4.9733524	38.733334	TRUE	T	2.1178839E-4	624.0	0.012302732	0.99324566	682.787	0.18172742	0.00687337	32.0	0.0
SPIKE	D26-27:T>	1	528843	1.8909203E-6	-1.0	39.74887	TRUE		NaN	NaN	NaN	NaN	NaN	NaN	NaN	NaN	NaN
SPIKE	S26:T>G	0	528843	0.0	-1.0	0.0	TRUE	T	1.1714953E-4	313.0	0.013105942	0.99625826	214.69626	0.20056374	0.0069643464	32.0	0.0
SPIKE	S27:G>A	35	528844	6.618209E-5	75.89782	39.0	TRUE	G	6.941725E-5	202.0	0.015757585	0.9977811	293.27557	0.18464668	0.0070623276	32.0	0.0
SPIKE	D27-28:G>	21	528844	3.970925E-5	-1.0	39.894245	TRUE		NaN	NaN	NaN	NaN	NaN	NaN	NaN	NaN	NaN
SPIKE	S27:G>C	0	528844	0.0	-1.0	0.0	TRUE	G	6.089977E-5	1.0	0.014938209	0.99805313	151.91966	0.21521164	0.0070736827	32.0	1.0
SPIKE	S27:G>T	0	528844	0.0	-1.0	0.0	TRUE	G	1.11412606E-4	246.0	0.014797342	0.9964411	108.447075	0.24310912	0.0073646465	32.0	0.0
SPIKE	S28:G>A	29	528844	5.4836586E-5	48.173023	39.37931	TRUE	G	9.278543E-5	270.0	0.015757585	0.99703526	293.27557	0.18464668	0.0070623276	32.0	0.0
SPIKE	S28:G>C	0	528844	0.0	-1.0	0.0	TRUE	G	6.089977E-5	9.0	0.014938209	0.99805313	151.91966	0.21521164	0.0070736827	32.0	1.0
SPIKE	S28:G>T	0	528844	0.0	-1.0	0.0	TRUE	G	8.605039E-6	19.0	0.014797342	0.9997247	108.447075	0.24310912	0.0073646465	32.0	0.0
SPIKE	S29:G>A	31	528844	5.861842E-5	65.28814	39.19355	TRUE	G	7.457199E-5	217.0	0.015757585	0.9976165	293.27557	0.18464668	0.0070623276	32.0	0.0
SPIKE	S29:G>T	2	528844	3.7818336E-6	-1.0	39.0	TRUE	G	4.9818645E-6	11.0	0.014797342	0.9998406	108.447075	0.24310912	0.0073646465	32.0	0.0
SPIKE	S29:G>C	1	528844	1.8909168E-6	-1.0	40.0	TRUE	G	4.409551E-6	11.0	0.014938209	0.9998589	151.91966	0.21521164	0.0070736827	32.0	0.0
SPIKE	S30:A>G	45	528845	8.5091095E-5	52.72721	39.711113	TRUE	A	2.1859721E-4	701.0	0.012506404	0.9930293	682.7896	0.16700163	0.006657174	32.0	0.0
SPIKE	S30:A>C	1	528845	1.8909133E-6	4.2596874	40.0	TRUE	A	8.7471835E-6	22.0	0.010686291	0.99972016	214.69707	0.21253964	0.015252378	32.0	0.0
SPIKE	S30:A>T	0	528845	0.0	-1.0	0.0	TRUE	A	2.2637018E-5	49.0	0.012012367	0.99927586	106.17747	0.24728628	0.0071366755	32.0	0.0
SPIKE	S31:T>A	8	528845	1.5127306E-5	25.331787	37.0	TRUE	T	2.3810693E-5	52.0	0.013617348	0.9992384	106.17747	0.2455001	0.0062411027	32.0	0.0
SPIKE	S31:T>C	22	528845	4.160009E-5	11.135609	38.545456	TRUE	T	2.3893984E-4	704.0	0.012302732	0.99238306	682.7896	0.18172742	0.00687337	32.0	0.0
SPIKE	S31:T>G	0	528845	0.0	-1.0	0.0	TRUE	T	1.0854069E-5	29.0	0.013105942	0.99965274	214.69707	0.20056374	0.0069643464	32.0	0.0
SPIKE	S32:C>T	66	528845	1.2480027E-4	143.37413	39.31818	TRUE	C	1.01878184E-4	258.0	0.013869243	0.9967452	293.27612	0.21176559	0.00745353	32.0	0.0
SPIKE	S32:C>A	7	528845	1.3236392E-5	-1.0	38.285713	TRUE	C	5.1802317E-6	12.0	0.011905785	0.99983424	108.44728	0.23104575	0.009244847	32.0	0.0
SPIKE	S32:C>G	0	528845	0.0	-1.0	0.0	TRUE	C	6.0031078E-5	5.0	0.014469533	0.99808085	151.91995	0.21204093	0.0073165228	32.0	1.0
SPIKE	S33:C>T	36	528845	6.807288E-5	65.13029	39.194443	TRUE	C	9.437552E-5	239.0	0.013869243	0.99698454	293.27612	0.21176559	0.00745353	32.0	0.0
SPIKE	S33:C>A	34	528845	6.429105E-5	-1.0	39.64706	TRUE	C	7.338662E-6	17.0	0.011905785	0.9997652	108.44728	0.23104575	0.009244847	32.0	0.0
SPIKE	S33:C>G	1	528845	1.8909133E-6	0.57991946	40.0	TRUE	C	6.0031078E-5	0.0	0.014469533	0.99808085	151.91995	0.21204093	0.0073165228	32.0	1.0
SPIKE	S34:A>C	5	528845	9.454566E-6	16.300888	39.6	TRUE	A	1.4711172E-5	37.0	0.010686291	0.99952936	214.69707	0.21253964	0.015252378	32.0	0.0
SPIKE	S34:A>T	2	528845	3.7818265E-6	7.269987	37.5	TRUE	A	1.1549499E-5	25.0	0.012012367	0.9996305	106.17747	0.24728628	0.0071366755	32.0	0.0
SPIKE	S34:A>G	93	528845	1.7585493E-4	175.60788	39.419353	TRUE	A	2.055001E-4	659.0	0.012506404	0.9934456	682.7896	0.16700163	0.006657174	32.0	0.0
SPIKE	S35:T>C	19	528845	3.592735E-5	6.5837827	39.31579	TRUE	T	2.4437028E-4	720.0	0.012302732	0.9922106	682.7896	0.18172742	0.00687337	32.0	0.0
SPIKE	S35:T>A	1	528845	1.8909133E-6	4.2596874	40.0	TRUE	T	2.4268591E-5	53.0	0.013617348	0.9992237	106.17747	0.2455001	0.0062411027	32.0	0.0
SPIKE	D35-36:T>	3	528845	5.6727395E-6	-1.0	39.821777	TRUE		NaN	NaN	NaN	NaN	NaN	NaN	NaN	NaN	NaN
SPIKE	S35:T>G	0	528845	0.0	-1.0	0.0	TRUE	T	1.3848295E-5	37.0	0.013105942	0.99955696	214.69707	0.20056374	0.0069643464	32.0	0.0
SPIKE	S36:T>C	11	528845	2.0800046E-5	5.409656	39.272728	TRUE	T	1.4662217E-4	432.0	0.012302732	0.99531907	682.7896	0.18172742	0.00687337	32.0	0.0
SPIKE	S36:T>A	1	528845	1.8909133E-6	-1.0	40.0	TRUE	T	7.3263673E-6	16.0	0.013617348	0.9997656	106.17747	0.2455001	0.0062411027	32.0	0.0
SPIKE	S36:T>G	0	528845	0.0	-1.0	0.0	TRUE	T	8.035644E-5	8.0	0.013105942	0.9974319	214.69707	0.20056374	0.0069643464	32.0	1.0
SPIKE	S37:A>C	2	528845	3.7818265E-6	-1.0	40.0	TRUE	A	6.7591873E-6	17.0	0.010686291	0.99978375	214.69707	0.21253964	0.015252378	32.0	0.0
SPIKE	S37:A>T	3	528845	5.6727395E-6	10.280287	40.0	TRUE	A	1.0625538E-5	23.0	0.012012367	0.99966	106.17747	0.24728628	0.0071366755	32.0	0.0
SPIKE	S37:A>G	81	528845	1.5316397E-4	158.55278	39.23457	TRUE	A	1.5498261E-4	497.0	0.012506404	0.9950528	682.7896	0.16700163	0.006657174	32.0	0.0
SPIKE	S38:T>C	13	528845	2.4581872E-5	16.993744	39.615383	TRUE	T	8.722662E-5	257.0	0.012302732	0.99721265	682.7896	0.18172742	0.00687337	32.0	0.0
SPIKE	S38:T>A	4	528845	7.563653E-6	13.290587	39.5	TRUE	T	1.785802E-5	39.0	0.013617348	0.9994287	106.17747	0.2455001	0.0062411027	32.0	0.0
SPIKE	S38:T>G	1	528845	1.8909133E-6	4.2596874	34.0	TRUE	T	1.047979E-5	28.0	0.013105942	0.9996647	214.69707	0.20056374	0.0069643464	32.0	0.0
SPIKE	S39:C>T	53	528845	1.002184E-4	116.439384	39.4717	TRUE	C	9.042676E-5	229.0	0.013869243	0.99711055	293.27612	0.21176559	0.00745353	32.0	0.0
SPIKE	S39:C>A	143	528845	2.704006E-4	-1.0	38.72028	TRUE	C	6.47529E-6	15.0	0.011905785	0.9997928	108.44728	0.23104575	0.009244847	32.0	0.0
SPIKE	S39:C>G	2	528845	3.7818265E-6	1.3408211	37.0	TRUE	C	6.0031078E-5	2.0	0.014469533	0.99808085	151.91995	0.21204093	0.0073165228	32.0	1.0
SPIKE	S40:G>T	2	528845	3.7818265E-6	7.269987	38.5	TRUE	G	1.3133982E-5	29.0	0.014797342	0.9995798	108.44728	0.24310912	0.0073646465	32.0	0.0
SPIKE	S40:G>A	107	528845	2.0232772E-4	226.3938	39.28972	TRUE	G	1.6426426E-4	478.0	0.015757585	0.99475735	293.27612	0.18464668	0.0070623276	32.0	0.0
SPIKE	S40:G>C	0	528845	0.0	-1.0	0.0	TRUE	G	6.089977E-5	5.0	0.014938209	0.99805313	151.91995	0.21521164	0.0070736827	32.0	1.0
SPIKE	S41:G>C	1	528845	1.8909133E-6	-1.0	40.0	TRUE	G	6.41388E-6	16.0	0.014938209	0.9997948	151.91995	0.21521164	0.0070736827	32.0	0.0
SPIKE	S41:G>A	46	528845	8.698201E-5	105.731064	38.04348	TRUE	G	6.460603E-5	188.0	0.015757585	0.99793476	293.27612	0.18464668	0.0070623276	32.0	0.0
SPIKE	S41:G>T	0	528845	0.0	-1.0	0.0	TRUE	G	5.887647E-6	13.0	0.014797342	0.9998116	108.44728	0.24310912	0.0073646465	32.0	0.0
SPIKE	S42:C>T	76	528845	1.437094E-4	147.22226	39.289474	TRUE	C	1.4807875E-4	375.0	0.013869243	0.9952727	293.27612	0.21176559	0.00745353	32.0	0.0
SPIKE	S42:C>A	10	528845	1.8909132E-5	31.352386	38.7	TRUE	C	1.1223836E-5	26.0	0.011905785	0.9996409	108.44728	0.23104575	0.009244847	32.0	0.0
SPIKE	S42:C>G	2	528845	3.7818265E-6	7.269987	40.0	TRUE	C	8.693287E-6	22.0	0.014469533	0.9997218	151.91995	0.21204093	0.0073165228	32.0	0.0
SPIKE	D42-43:C>	1	528845	1.8909133E-6	-1.0	39.848793	TRUE		NaN	NaN	NaN	NaN	NaN	NaN	NaN	NaN	NaN
SPIKE	S43:G>C	1	528845	1.8909133E-6	0.57991946	38.0	TRUE	G	6.089977E-5	6.0	0.014938209	0.99805313	151.91995	0.21521164	0.0070736827	32.0	1.0
SPIKE	S43:G>A	45	528845	8.5091095E-5	87.86624	39.244446	TRUE	G	9.6221745E-5	280.0	0.015757585	0.99692565	293.27612	0.18464668	0.0070623276	32.0	0.0
SPIKE	S43:G>T	0	528845	0.0	-1.0	0.0	TRUE	G	4.9115333E-5	7.0	0.014797342	0.99842954	108.44728	0.24310912	0.0073646465	32.0	1.0
SPIKE	S44:G>T	1	528845	1.8909133E-6	1.0720997	40.0	TRUE	G	4.9115333E-5	5.0	0.014797342	0.99842954	108.44728	0.24310912	0.0073646465	32.0	1.0
SPIKE	S44:G>A	33	528845	6.240013E-5	63.74624	39.39394	TRUE	G	8.900511E-5	259.0	0.015757585	0.9971559	293.27612	0.18464668	0.0070623276	32.0	0.0
SPIKE	S44:G>C	0	528845	0.0	-1.0	0.0	TRUE	G	8.01735E-6	20.0	0.014938209	0.99974346	151.91995	0.21521164	0.0070736827	32.0	0.0
SPIKE	S45:C>T	64	528845	1.2101845E-4	130.25128	38.671875	TRUE	C	1.2399128E-4	314.0	0.013869243	0.99604017	293.27612	0.21176559	0.00745353	32.0	0.0
SPIKE	S45:C>A	13	528845	2.4581872E-5	-1.0	39.615383	TRUE	C	5.1802317E-6	12.0	0.011905785	0.99983424	108.44728	0.23104575	0.009244847	32.0	0.0
SPIKE	S45:C>G	2	528845	3.7818265E-6	7.269987	38.0	TRUE	C	8.693287E-6	22.0	0.014469533	0.9997218	151.91995	0.21204093	0.0073165228	32.0	0.0
SPIKE	S46:G>C	1	528845	1.8909133E-6	0.57991946	40.0	TRUE	G	6.089977E-5	2.0	0.014938209	0.99805313	151.91995	0.21521164	0.0070736827	32.0	1.0
SPIKE	S46:G>T	1	528845	1.8909133E-6	1.0720997	34.0	TRUE	G	4.9115333E-5	6.0	0.014797342	0.99842954	108.44728	0.24310912	0.0073646465	32.0	1.0
SPIKE	S46:G>A	65	528845	1.2290936E-4	149.41844	39.03077	TRUE	G	8.0757534E-5	235.0	0.015757585	0.9974191	293.27612	0.18464668	0.0070623276	32.0	0.0
SPIKE	S47:A>C	7	528845	1.3236392E-5	6.3054132	39.57143	TRUE	A	8.53634E-5	6.0	0.010686291	0.9972721	214.69707	0.21253964	0.015252378	32.0	1.0
SPIKE	S47:A>T	6	528845	1.1345479E-5	19.311188	39.5	TRUE	A	1.2011478E-5	26.0	0.012012367	0.9996157	106.17747	0.24728628	0.0071366755	32.0	0.0
SPIKE	S47:A>G	54	528845	1.0210931E-4	119.147156	38.98148	TRUE	A	9.199169E-5	295.0	0.012506404	0.9970606	682.7896	0.16700163	0.006657174	32.0	0.0
SPIKE	S48:A>C	6	528845	1.1345479E-5	-1.0	38.333332	TRUE	A	7.554386E-6	19.0	0.010686291	0.9997583	214.69707	0.21253964	0.015252378	32.0	0.0
SPIKE	S48:A>G	89	528845	1.6829127E-4	158.57129	39.19101	TRUE	A	2.0082254E-4	644.0	0.012506404	0.9935943	682.7896	0.16700163	0.006657174	32.0	0.0
SPIKE	S48:A>T	0	528845	0.0	-1.0	0.0	TRUE	A	1.6631278E-5	36.0	0.012012367	0.99946797	106.17747	0.24728628	0.0071366755	32.0	0.0
SPIKE	S49:T>C	10	528845	1.8909132E-5	0.8775302	39.2	TRUE	T	2.4946133E-4	735.0	0.012302732	0.99204904	682.7896	0.18172742	0.00687337	32.0	0.0
SPIKE	S49:T>G	1	528845	1.8909133E-6	4.2596874	40.0	TRUE	T	1.0854069E-5	29.0	0.013105942	0.99965274	214.69707	0.20056374	0.0069643464	32.0	0.0
SPIKE	S49:T>A	1	528845	1.8909133E-6	4.2596874	38.0	TRUE	T	2.4268591E-5	53.0	0.013617348	0.9992237	106.17747	0.2455001	0.0062411027	32.0	0.0
SPIKE	D49-50:T>	67	528845	1.2669119E-4	-1.0	39.765965	TRUE		NaN	NaN	NaN	NaN	NaN	NaN	NaN	NaN	NaN
SPIKE	S50:T>C	13	528845	2.4581872E-5	3.3605914	38.307693	TRUE	T	2.1382401E-4	630.0	0.012302732	0.993181	682.7896	0.18172742	0.00687337	32.0	0.0
SPIKE	S50:T>G	1	528845	1.8909133E-6	4.2596874	40.0	TRUE	T	1.3848295E-5	37.0	0.013105942	0.99955696	214.69707	0.20056374	0.0069643464	32.0	0.0
SPIKE	S50:T>A	1	528845	1.8909133E-6	4.2596874	40.0	TRUE	T	2.1521204E-5	47.0	0.013617348	0.99931157	106.17747	0.2455001	0.0062411027	32.0	0.0
SPIKE	S51:T>C	18	528845	3.403644E-5	7.9409485	38.555557	TRUE	T	2.2163028E-4	653.0	0.012302732	0.9929329	682.7896	0.18172742	0.00687337	32.0	0.0
SPIKE	S51:T>A	1	528845	1.8909133E-6	0.004243229	40.0	TRUE	T	2.0605409E-4	450.0	0.013617348	0.99342793	106.17747	0.2455001	0.0062411027	32.0	0.0
SPIKE	S51:T>G	0	528845	0.0	-1.0	0.0	TRUE	T	6.737008E-6	18.0	0.013105942	0.9997844	214.69707	0.20056374	0.0069643464	32.0	0.0
SPIKE	S52:A>T	2	528845	3.7818265E-6	-1.0	39.0	TRUE	A	6.005739E-6	13.0	0.012012367	0.99980783	106.17747	0.24728628	0.0071366755	32.0	0.0
SPIKE	S52:A>C	2	528845	3.7818265E-6	0.054951083	38.5	TRUE	A	1.7057009E-4	429.0	0.010686291	0.9945566	214.69707	0.21253964	0.015252378	32.0	0.0
SPIKE	S52:A>G	72	528845	1.3614575E-4	136.80447	39.25	TRUE	A	1.462512E-4	469.0	0.012506404	0.99533087	682.7896	0.16700163	0.006657174	32.0	0.0
SPIKE	D52-53:A>	1	528845	1.8909133E-6	-1.0	39.661636	TRUE		NaN	NaN	NaN	NaN	NaN	NaN	NaN	NaN	NaN
SPIKE	S53:C>T	47	528846	8.887275E-5	93.02648	39.0	TRUE	C	1.0780113E-4	273.0	0.013869243	0.9965563	293.2767	0.21176559	0.00745353	32.0	0.0
SPIKE	S53:C>G	4	528846	7.5636385E-6	-1.0	39.75	TRUE	C	4.3466353E-6	11.0	0.014469533	0.99986094	151.92024	0.21204093	0.0073165228	32.0	0.0
SPIKE	S53:C>A	10	528846	1.8909097E-5	-1.0	38.4	TRUE	C	4.748537E-6	11.0	0.011905785	0.99984807	108.44749	0.23104575	0.009244847	32.0	0.0
SPIKE	D53-54:C>	10	528846	1.8909097E-5	-1.0	39.8403	TRUE		NaN	NaN	NaN	NaN	NaN	NaN	NaN	NaN	NaN
SPIKE	S54:C>T	65	528856	1.229068E-4	125.681915	40.0	TRUE	C	1.3978343E-4	354.0	0.013869243	0.9955369	293.28223	0.21176559	0.00745353	32.0	0.0
SPIKE	S54:C>G	1	528856	1.8908739E-6	0.57991946	40.0	TRUE	C	6.0031078E-5	2.0	0.014469533	0.99808085	151.92311	0.21204093	0.0073165228	32.0	1.0
SPIKE	S54:C>A	65	528856	1.229068E-4	96.287674	40.0	TRUE	C	2.2015527E-4	510.0	0.011905785	0.99297976	108.44954	0.23104575	0.009244847	32.0	0.0
SPIKE	S55:A>T	22	528856	4.1599225E-5	42.137844	40.0	TRUE	A	6.6985696E-5	145.0	0.012012367	0.99785876	106.17968	0.24728628	0.0071366755	32.0	0.0
SPIKE	S55:A>C	2	528856	3.7817479E-6	7.0053957E-6	40.0	TRUE	A	4.1190427E-4	1036.0	0.010686291	0.9869056	214.70154	0.21253964	0.015252378	32.0	0.0
SPIKE	S55:A>G	122	528856	2.3068661E-4	243.1546	40.0	TRUE	A	2.1048509E-4	675.0	0.012506404	0.9932871	682.8038	0.16700163	0.006657174	32.0	0.0
SPIKE	S56:C>T	54	528856	1.0210719E-4	119.147156	40.0	TRUE	C	8.647619E-5	219.0	0.013869243	0.9972366	293.28223	0.21176559	0.00745353	32.0	0.0
SPIKE	S56:C>G	6	528856	1.1345243E-5	6.718435	40.0	TRUE	C	6.0031078E-5	8.0	0.014469533	0.99808085	151.92311	0.21204093	0.0073165228	32.0	1.0
SPIKE	S56:C>A	12	528856	2.2690487E-5	9.946553	40.0	TRUE	C	1.126677E-4	261.0	0.011905785	0.99640113	108.44954	0.23104575	0.009244847	32.0	0.0
SPIKE	D56-57:C>	6	528856	1.1345243E-5	-1.0	39.999664	TRUE		NaN	NaN	NaN	NaN	NaN	NaN	NaN	NaN	NaN
SPIKE	S57:C>T	65	528856	1.229068E-4	132.88461	40.0	TRUE	C	1.1293238E-4	286.0	0.013869243	0.99639267	293.28223	0.21176559	0.00745353	32.0	0.0
SPIKE	S57:C>G	1	528856	1.8908739E-6	0.57991946	40.0	TRUE	C	6.0031078E-5	1.0	0.014469533	0.99808085	151.92311	0.21204093	0.0073165228	32.0	1.0
SPIKE	S57:C>A	38	528856	7.185321E-5	35.889763	40.0	TRUE	C	2.3051552E-4	534.0	0.011905785	0.9926506	108.44954	0.23104575	0.009244847	32.0	0.0
SPIKE	S58:A>T	1	528856	1.8908739E-6	6.295924E-4	40.0	TRUE	A	2.5962733E-4	562.0	0.012012367	0.99172634	106.17968	0.24728628	0.0071366755	32.0	0.0
SPIKE	S58:A>C	7	528856	1.3236117E-5	0.49421513	40.0	TRUE	A	2.1748227E-4	547.0	0.010686291	0.9930647	214.70154	0.21253964	0.015252378	32.0	0.0
SPIKE	S58:A>G	106	528856	2.0043264E-4	223.73424	40.0	TRUE	A	1.7368919E-4	557.0	0.012506404	0.99445736	682.8038	0.16700163	0.006657174	32.0	0.0
SPIKE	D58-60:AT>	1	528856	1.8908739E-6	-1.0	39.99952	TRUE		NaN	NaN	NaN	NaN	NaN	NaN	NaN	NaN	NaN
SPIKE	S59:T>C	70	528856	1.3236117E-4	84.7157	40.0	TRUE	T	2.979898E-4	878.0	0.012302732	0.9905096	682.8038	0.18172742	0.00687337	32.0	0.0
SPIKE	S59:T>G	3	528856	5.6726217E-6	10.280287	40.0	TRUE	T	9.356761E-6	25.0	0.013105942	0.9997006	214.70154	0.20056374	0.0069643464	32.0	0.0
SPIKE	S59:T>A	4	528856	7.5634957E-6	0.029139524	40.0	TRUE	T	2.454282E-4	536.0	0.013617348	0.99217707	106.17968	0.2455001	0.0062411027	32.0	0.0
SPIKE	D59-60:T>	2	528856	3.7817479E-6	-1.0	39.99889	TRUE		NaN	NaN	NaN	NaN	NaN	NaN	NaN	NaN	NaN
SPIKE	S60:T>C	80	528857	1.5126962E-4	101.75196	40.0	TRUE	T	3.2649847E-4	962.0	0.012302732	0.98960644	682.8051	0.18172742	0.00687337	32.0	0.0
SPIKE	S60:T>G	1	528857	1.8908703E-6	0.0022536993	40.0	TRUE	T	2.1108813E-4	564.0	0.013105942	0.99326795	214.70193	0.20056374	0.0069643464	32.0	0.0
SPIKE	S60:T>A	1	528857	1.8908703E-6	4.2596874	40.0	TRUE	T	1.2820852E-5	28.0	0.013617348	0.9995898	106.17988	0.2455001	0.0062411027	32.0	0.0
SPIKE	S61:G>C	1	528857	1.8908703E-6	0.57991946	40.0	TRUE	G	6.089977E-5	1.0	0.014938209	0.99805313	151.9234	0.21521164	0.0070736827	32.0	1.0
SPIKE	S61:G>A	37	528857	6.99622E-5	31.301353	40.0	TRUE	G	2.4604716E-4	716.0	0.015757585	0.9921574	293.28278	0.18464668	0.0070623276	32.0	0.0
SPIKE	D61-62:G>	1	528857	1.8908703E-6	-1.0	39.999393	TRUE		NaN	NaN	NaN	NaN	NaN	NaN	NaN	NaN	NaN
SPIKE	S61:G>T	0	528857	0.0	-1.0	0.0	TRUE	G	2.1013894E-4	464.0	0.014797342	0.9932981	108.449745	0.24310912	0.0073646465	32.0	0.0
SPIKE	S62:A>T	13	528858	2.4581268E-5	20.706247	40.0	TRUE	A	7.3453004E-5	159.0	0.012012367	0.9976523	106.180084	0.24728628	0.0071366755	32.0	0.0
SPIKE	S62:A>C	3	528858	5.6726003E-6	-1.0	40.0	TRUE	A	7.9517895E-6	20.0	0.010686291	0.99974555	214.70235	0.21253964	0.015252378	32.0	0.0
SPIKE	S62:A>G	111	528858	2.098862E-4	151.38208	40.0	TRUE	A	3.925922E-4	1259.0	0.012506404	0.9875156	682.8064	0.16700163	0.006657174	32.0	0.0
SPIKE	D62-63:A>	42	528858	7.94164E-5	-1.0	39.9997	TRUE		NaN	NaN	NaN	NaN	NaN	NaN	NaN	NaN	NaN
SPIKE	I62:>A	1	528858	1.8908668E-6	-1.0	39.9997	TRUE		NaN	NaN	NaN	NaN	NaN	NaN	NaN	NaN	NaN
SPIKE	S63:A>T	5	528858	9.454334E-6	10.658173	40.0	TRUE	A	4.1115203E-5	89.0	0.012012367	0.9986852	106.180084	0.24728628	0.0071366755	32.0	0.0
SPIKE	S63:A>C	2	528858	3.7817335E-6	7.269987	40.0	TRUE	A	9.542147E-6	24.0	0.010686291	0.9996947	214.70235	0.21253964	0.015252378	32.0	0.0
SPIKE	S63:A>G	142	528858	2.6850306E-4	259.7818	40.0	TRUE	A	3.0559202E-4	980.0	0.012506404	0.9902687	682.8064	0.16700163	0.006657174	32.0	0.0
SPIKE	D63-64:A>	1	528858	1.8908668E-6	-1.0	39.999863	TRUE		NaN	NaN	NaN	NaN	NaN	NaN	NaN	NaN	NaN
SPIKE	S64:A>G	145	528858	2.741757E-4	254.4493	40.0	TRUE	A	3.4082864E-4	1093.0	0.012506404	0.9891527	682.8064	0.16700163	0.006657174	32.0	0.0
SPIKE	S64:A>C	7	528858	1.3236067E-5	22.321487	40.0	TRUE	A	1.7891527E-5	45.0	0.010686291	0.9994276	214.70235	0.21253964	0.015252378	32.0	0.0
SPIKE	S64:A>T	7	528858	1.3236067E-5	22.321487	40.0	TRUE	A	2.4022365E-5	52.0	0.012012367	0.9992316	106.180084	0.24728628	0.0071366755	32.0	0.0
SPIKE	S65:A>G	143	528858	2.7039394E-4	290.6959	40.0	TRUE	A	2.4291447E-4	779.0	0.012506404	0.9922569	682.8064	0.16700163	0.006657174	32.0	0.0
SPIKE	S65:A>C	35	528858	6.6180335E-5	11.7802305	40.0	TRUE	A	4.115051E-4	1035.0	0.010686291	0.98691815	214.70235	0.21253964	0.015252378	32.0	0.0
SPIKE	S65:A>T	8	528858	1.5126934E-5	25.331787	40.0	TRUE	A	1.7092838E-5	37.0	0.012012367	0.9994532	106.180084	0.24728628	0.0071366755	32.0	0.0
SPIKE	S66:C>A	4	528858	7.563467E-6	0.4730946	40.0	TRUE	C	1.4633794E-4	339.0	0.011905785	0.9953281	108.44995	0.23104575	0.009244847	32.0	0.0
SPIKE	S66:C>T	54	528858	1.021068E-4	119.147156	40.0	TRUE	C	7.897339E-5	200.0	0.013869243	0.99747604	293.28336	0.21176559	0.00745353	32.0	0.0
SPIKE	D66-67:C>	4	528858	7.563467E-6	-1.0	39.99969	TRUE		NaN	NaN	NaN	NaN	NaN	NaN	NaN	NaN	NaN
SPIKE	S66:C>G	0	528858	0.0	-1.0	0.0	TRUE	C	6.322235E-6	16.0	0.014469533	0.9997977	151.92368	0.21204093	0.0073165228	32.0	0.0
SPIKE	S67:C>A	89	528858	1.6828714E-4	104.087074	40.0	TRUE	C	3.798743E-4	880.0	0.011905785	0.9879176	108.44995	0.23104575	0.009244847	32.0	0.0
SPIKE	S67:C>T	49	528858	9.265247E-5	105.66353	40.0	TRUE	C	9.042453E-5	229.0	0.013869243	0.9971106	293.28336	0.21176559	0.00745353	32.0	0.0
SPIKE	S67:C>G	0	528858	0.0	-1.0	0.0	TRUE	C	6.0031078E-5	3.0	0.014469533	0.99808085	151.92368	0.21204093	0.0073165228	32.0	1.0
SPIKE	S68:A>G	129	528858	2.4392181E-4	150.6384	40.0	TRUE	A	5.316677E-4	1705.0	0.012506404	0.9831305	682.8064	0.16700163	0.006657174	32.0	0.0
SPIKE	S68:A>C	11	528858	2.0799534E-5	6.7779837	40.0	TRUE	A	1.2762622E-4	321.0	0.010686291	0.9959243	214.70235	0.21253964	0.015252378	32.0	0.0
SPIKE	S68:A>T	24	528858	4.5380802E-5	47.17412	40.0	TRUE	A	7.1143164E-5	154.0	0.012012367	0.997726	106.180084	0.24728628	0.0071366755	32.0	0.0
SPIKE	I69:>CG	1	528857	1.8908703E-6	-1.0	39.999596	TRUE		NaN	NaN	NaN	NaN	NaN	NaN	NaN	NaN	NaN
SPIKE	S69:G>A	53	528857	1.0021613E-4	78.71385	40.0	TRUE	G	1.8075532E-4	526.0	0.015757585	0.99423254	293.28278	0.18464668	0.0070623276	32.0	0.0
SPIKE	S69:G>T	1	528857	1.8908703E-6	4.2596874	40.0	TRUE	G	8.604828E-6	19.0	0.014797342	0.9997247	108.449745	0.24310912	0.0073646465	32.0	0.0
SPIKE	S69:G>C	0	528857	0.0	-1.0	0.0	TRUE	G	3.4914768E-4	871.0	0.014938209	0.98888946	151.9234	0.21521164	0.0070736827	32.0	0.0
SPIKE	S70:C>A	7	528857	1.3236092E-5	11.410683	40.0	TRUE	C	4.681517E-5	9.0	0.011905785	0.998503	108.449745	0.23104575	0.009244847	32.0	1.0
SPIKE	S70:C>G	1	528857	1.8908703E-6	0.09432235	40.0	TRUE	C	1.0984905E-4	278.0	0.014469533	0.996491	151.9234	0.21204093	0.0073165228	32.0	0.0
SPIKE	S70:C>T	49	528857	9.265265E-5	98.21942	40.0	TRUE	C	1.0621941E-4	269.0	0.013869243	0.99660677	293.28278	0.21176559	0.00745353	32.0	0.0
SPIKE	D70-71:C>	1	528857	1.8908703E-6	-1.0	39.999702	TRUE		NaN	NaN	NaN	NaN	NaN	NaN	NaN	NaN	NaN
SPIKE	S71:C>A	33	528857	6.239872E-5	88.11774	40.0	TRUE	C	4.1440915E-5	96.0	0.011905785	0.99867475	108.449745	0.23104575	0.009244847	32.0	0.0
SPIKE	S71:C>G	2	528857	3.7817406E-6	2.8371948E-4	40.0	TRUE	C	3.1690265E-4	802.0	0.014469533	0.98991036	151.9234	0.21204093	0.0073165228	32.0	0.0
SPIKE	S71:C>T	74	528857	1.399244E-4	141.94191	40.0	TRUE	C	1.5715735E-4	398.0	0.013869243	0.9949836	293.28278	0.21176559	0.00745353	32.0	0.0
SPIKE	S72:G>A	80	528857	1.5126962E-4	178.18399	40.0	TRUE	G	1.1477619E-4	334.0	0.015757585	0.9963339	293.28278	0.18464668	0.0070623276	32.0	0.0
SPIKE	S72:G>C	2	528857	3.7817406E-6	0.47457275	40.0	TRUE	G	1.02218895E-4	255.0	0.014938209	0.9967343	151.9234	0.21521164	0.0070736827	32.0	0.0
SPIKE	S72:G>T	2	528857	3.7817406E-6	1.5428312E-4	40.0	TRUE	G	3.3830557E-4	747.0	0.014797342	0.9892326	108.449745	0.24310912	0.0073646465	32.0	0.0
SPIKE	D72-73:G>	1	528857	1.8908703E-6	-1.0	39.99945	TRUE		NaN	NaN	NaN	NaN	NaN	NaN	NaN	NaN	NaN
SPIKE	S73:T>A	10	528857	1.8908702E-5	23.451881	40.0	TRUE	T	3.2510015E-5	71.0	0.013617348	0.9989602	106.17988	0.2455001	0.0062411027	32.0	0.0
SPIKE	S73:T>G	3	528857	5.6726108E-6	6.484483E-5	40.0	TRUE	T	4.0870256E-4	1092.0	0.013105942	0.98700666	214.70193	0.20056374	0.0069643464	32.0	0.0
SPIKE	S73:T>C	76	528857	1.4370614E-4	106.60572	40.0	TRUE	T	2.7626794E-4	814.0	0.012302732	0.99119836	682.8051	0.18172742	0.00687337	32.0	0.0
SPIKE	S74:G>A	51	528857	9.6434385E-5	119.52661	40.0	TRUE	G	6.5291846E-5	190.0	0.015757585	0.9979128	293.28278	0.18464668	0.0070623276	32.0	0.0
SPIKE	S74:G>T	1	528857	1.8908703E-6	0.09432235	40.0	TRUE	G	1.15938725E-4	256.0	0.014797342	0.9962968	108.449745	0.24310912	0.0073646465	32.0	0.0
SPIKE	S74:G>C	0	528857	0.0	-1.0	0.0	TRUE	G	3.2068674E-5	80.0	0.014938209	0.9989743	151.9234	0.21521164	0.0070736827	32.0	0.0
SPIKE	S75:G>A	51	528857	9.6434385E-5	119.52661	40.0	TRUE	G	6.735369E-5	196.0	0.015757585	0.997847	293.28278	0.18464668	0.0070623276	32.0	0.0
SPIKE	S75:G>T	1	528857	1.8908703E-6	6.730357E-6	40.0	TRUE	G	3.6185564E-4	799.0	0.014797342	0.9884874	108.449745	0.24310912	0.0073646465	32.0	0.0
SPIKE	S75:G>C	0	528857	0.0	-1.0	0.0	TRUE	G	6.089977E-5	7.0	0.014938209	0.99805313	151.9234	0.21521164	0.0070736827	32.0	1.0
SPIKE	S76:T>A	7	528857	1.3236092E-5	22.321487	40.0	TRUE	T	2.1062828E-5	46.0	0.013617348	0.9993262	106.17988	0.2455001	0.0062411027	32.0	0.0
SPIKE	S76:T>G	13	528857	2.4581313E-5	6.3435297	40.0	TRUE	T	1.6093599E-4	430.0	0.013105942	0.9948633	214.70193	0.20056374	0.0069643464	32.0	0.0
SPIKE	S76:T>C	66	528857	1.2479744E-4	84.595795	40.0	TRUE	T	2.7287396E-4	804.0	0.012302732	0.99130607	682.8051	0.18172742	0.00687337	32.0	0.0
SPIKE	D76-77:T>	4	528857	7.563481E-6	-1.0	39.999493	TRUE		NaN	NaN	NaN	NaN	NaN	NaN	NaN	NaN	NaN
SPIKE	S77:T>A	2	528857	3.7817406E-6	7.269987	40.0	TRUE	T	1.2820852E-5	28.0	0.013617348	0.9995898	106.17988	0.2455001	0.0062411027	32.0	0.0
SPIKE	S77:T>G	1	528857	1.8908703E-6	2.0412	40.0	TRUE	T	3.4058547E-5	91.0	0.013105942	0.9989107	214.70193	0.20056374	0.0069643464	32.0	0.0
SPIKE	S77:T>C	35	528857	6.618046E-5	43.67059	40.0	TRUE	T	1.7478867E-4	515.0	0.012302732	0.9944224	682.8051	0.18172742	0.00687337	32.0	0.0
SPIKE	S78:T>A	3	528857	5.6726108E-6	-1.0	40.0	TRUE	T	5.9525382E-6	13.0	0.013617348	0.99980956	106.17988	0.2455001	0.0062411027	32.0	0.0
SPIKE	S78:T>G	3	528857	5.6726108E-6	3.726445E-4	40.0	TRUE	T	3.5817613E-4	957.0	0.013105942	0.9886038	214.70193	0.20056374	0.0069643464	32.0	0.0
SPIKE	S78:T>C	68	528857	1.2857918E-4	88.91577	40.0	TRUE	T	2.718558E-4	801.0	0.012302732	0.9913384	682.8051	0.18172742	0.00687337	32.0	0.0
SPIKE	S79:G>A	65	528856	1.229068E-4	149.41844	40.0	TRUE	G	8.144314E-5	237.0	0.015757585	0.9973972	293.28223	0.18464668	0.0070623276	32.0	0.0
SPIKE	S79:G>C	1	528856	1.8908739E-6	2.48506E-5	40.0	TRUE	G	3.3872598E-4	845.0	0.014938209	0.9892193	151.92311	0.21521164	0.0070736827	32.0	0.0
SPIKE	S79:G>T	3	528856	5.6726217E-6	0.6090995	40.0	TRUE	G	1.16391835E-4	257.0	0.014797342	0.9962824	108.44954	0.24310912	0.0073646465	32.0	0.0
SPIKE	S80:C>A	10	528852	1.8908882E-5	31.352386	40.0	TRUE	C	1.0360326E-5	24.0	0.011905785	0.99966854	108.448715	0.23104575	0.009244847	32.0	0.0
SPIKE	S80:C>T	86	528852	1.6261639E-4	146.37112	40.0	TRUE	C	2.1638956E-4	548.0	0.013869243	0.99309945	293.28003	0.21176559	0.00745353	32.0	0.0
SPIKE	S80:C>G	0	528852	0.0	-1.0	0.0	TRUE	C	4.0581307E-4	1027.0	0.014469533	0.9870979	151.92195	0.21204093	0.0073165228	32.0	0.0
SPIKE	S81:G>A	77	528852	1.4559839E-4	170.10693	40.0	TRUE	G	1.1443363E-4	333.0	0.015757585	0.9963448	293.28003	0.18464668	0.0070623276	32.0	0.0
SPIKE	D81-82:G>	1	528852	1.8908881E-6	-1.0	39.999786	TRUE		NaN	NaN	NaN	NaN	NaN	NaN	NaN	NaN	NaN
SPIKE	S81:G>C	0	528852	0.0	-1.0	0.0	TRUE	G	8.05733E-5	201.0	0.014938209	0.99742496	151.92195	0.21521164	0.0070736827	32.0	0.0
SPIKE	S81:G>T	0	528852	0.0	-1.0	0.0	TRUE	G	3.8042755E-5	84.0	0.014797342	0.99878335	108.448715	0.24310912	0.0073646465	32.0	0.0
SPIKE	S82:G>A	59	528852	1.115624E-4	124.59917	40.0	TRUE	G	1.02062426E-4	297.0	0.015757585	0.9967393	293.28003	0.18464668	0.0070623276	32.0	0.0
SPIKE	S82:G>T	2	528852	3.7817763E-6	2.2639637	40.0	TRUE	G	4.9115333E-5	7.0	0.014797342	0.99842954	108.448715	0.24310912	0.0073646465	32.0	1.0
SPIKE	S82:G>C	0	528852	0.0	-1.0	0.0	TRUE	G	3.3151303E-4	827.0	0.014938209	0.98944765	151.92195	0.21521164	0.0070736827	32.0	0.0
SPIKE	S83:C>G	3	528852	5.6726644E-6	6.484483E-5	40.0	TRUE	C	4.0660336E-4	1029.0	0.014469533	0.98707294	151.92195	0.21204093	0.0073165228	32.0	0.0
SPIKE	S83:C>A	5	528852	9.454441E-6	-1.0	40.0	TRUE	C	6.0435236E-6	14.0	0.011905785	0.99980664	108.448715	0.23104575	0.009244847	32.0	0.0
SPIKE	S83:C>T	62	528852	1.1723507E-4	111.46622	40.0	TRUE	C	1.5123576E-4	383.0	0.013869243	0.99517214	293.28003	0.21176559	0.00745353	32.0	0.0
SPIKE	D83-85:CG>	1	528852	1.8908881E-6	-1.0	39.999744	TRUE		NaN	NaN	NaN	NaN	NaN	NaN	NaN	NaN	NaN
SPIKE	S84:G>A	65	528852	1.2290773E-4	60.50213	40.0	TRUE	G	3.6323228E-4	1057.0	0.015757585	0.98844385	293.28003	0.18464668	0.0070623276	32.0	0.0
SPIKE	S84:G>T	3	528852	5.6726644E-6	10.280287	40.0	TRUE	G	8.6049085E-6	19.0	0.014797342	0.9997247	108.448715	0.24310912	0.0073646465	32.0	0.0
SPIKE	S84:G>C	2	528852	3.7817763E-6	0.7986036	40.0	TRUE	G	7.977158E-5	199.0	0.014938209	0.9974506	151.92195	0.21521164	0.0070736827	32.0	0.0
SPIKE	S85:A>G	31	528851	5.8617643E-5	39.242317	40.0	TRUE	A	1.5934651E-4	511.0	0.012506404	0.9949139	682.79736	0.16700163	0.006657174	32.0	0.0
SPIKE	S85:A>T	1	528851	1.8908918E-6	3.4946072E-6	40.0	TRUE	A	3.8205308E-4	827.0	0.012012367	0.98784876	106.17867	0.24728628	0.0071366755	32.0	0.0
SPIKE	S85:A>C	0	528851	0.0	-1.0	0.0	TRUE	A	5.963921E-6	15.0	0.010686291	0.99980915	214.69951	0.21253964	0.015252378	32.0	0.0
SPIKE	S86:T>G	1	528849	1.890899E-6	4.2596874	38.0	TRUE	T	1.0853986E-5	29.0	0.013105942	0.99965274	214.69868	0.20056374	0.0069643464	32.0	0.0
SPIKE	S86:T>A	1	528849	1.890899E-6	0.17304859	37.0	TRUE	T	1.03484155E-4	226.0	0.013617348	0.99669397	106.178276	0.2455001	0.0062411027	32.0	0.0
SPIKE	S86:T>C	27	528849	5.105427E-5	6.6631	38.148148	TRUE	T	3.736801E-4	1101.0	0.012302732	0.98811346	682.79474	0.18172742	0.00687337	32.0	0.0
SPIKE	D86-87:T>	22	528849	4.1599775E-5	-1.0	39.668274	TRUE		NaN	NaN	NaN	NaN	NaN	NaN	NaN	NaN	NaN
SPIKE	S87:T>A	1	528849	1.890899E-6	2.0412	40.0	TRUE	T	4.0294715E-5	88.0	0.013617348	0.9987114	106.178276	0.2455001	0.0062411027	32.0	0.0
SPIKE	S87:T>C	21	528849	3.9708877E-5	9.946626	38.38095	TRUE	T	2.3791984E-4	701.0	0.012302732	0.9924155	682.79474	0.18172742	0.00687337	32.0	0.0
SPIKE	S87:T>G	0	528849	0.0	-1.0	0.0	TRUE	T	4.379022E-5	117.0	0.013105942	0.9985997	214.69868	0.20056374	0.0069643464	32.0	0.0
SPIKE	S88:T>G	1	528849	1.890899E-6	-1.0	40.0	TRUE	T	4.491305E-6	12.0	0.013105942	0.9998563	214.69868	0.20056374	0.0069643464	32.0	0.0
SPIKE	S88:T>C	19	528849	3.5927078E-5	10.578664	38.63158	TRUE	T	2.0533738E-4	605.0	0.012302732	0.99345076	682.79474	0.18172742	0.00687337	32.0	0.0
SPIKE	S88:T>A	0	528849	0.0	-1.0	0.0	TRUE	T	4.6247344E-5	101.0	0.013617348	0.9985212	106.178276	0.2455001	0.0062411027	32.0	0.0
SPIKE	S89:A>G	71	528849	1.3425382E-4	134.24149	38.521126	TRUE	A	1.509276E-4	484.0	0.012506404	0.995182	682.79474	0.16700163	0.006657174	32.0	0.0
SPIKE	S89:A>T	2	528849	3.781798E-6	3.9120662	35.5	TRUE	A	4.11159E-5	89.0	0.012012367	0.9986852	106.178276	0.24728628	0.0071366755	32.0	0.0
SPIKE	S89:A>C	2	528849	3.781798E-6	-1.0	38.0	TRUE	A	5.168751E-6	13.0	0.010686291	0.9998346	214.69868	0.21253964	0.015252378	32.0	0.0
SPIKE	S90:T>G	1	528849	1.890899E-6	-1.0	40.0	TRUE	T	5.2398555E-6	14.0	0.013105942	0.99983233	214.69868	0.20056374	0.0069643464	32.0	0.0
SPIKE	S90:T>A	1	528849	1.890899E-6	4.2596874	38.0	TRUE	T	2.0147358E-5	44.0	0.013617348	0.9993555	106.178276	0.2455001	0.0062411027	32.0	0.0
SPIKE	S90:T>C	10	528849	1.890899E-5	2.033278	37.9	TRUE	T	2.0635557E-4	608.0	0.012302732	0.9934184	682.79474	0.18172742	0.00687337	32.0	0.0
SPIKE	S91:C>A	172	528849	3.252346E-4	488.03714	38.610466	TRUE	C	4.681517E-5	6.0	0.011905785	0.998503	108.448105	0.23104575	0.009244847	32.0	1.0
SPIKE	S91:C>T	41	528849	7.7526856E-5	66.079636	39.121952	TRUE	C	1.2675446E-4	321.0	0.013869243	0.99595207	293.27835	0.21176559	0.00745353	32.0	0.0
SPIKE	S91:C>G	0	528849	0.0	-1.0	0.0	TRUE	C	6.0031078E-5	9.0	0.014469533	0.99808085	151.9211	0.21204093	0.0073165228	32.0	1.0
SPIKE	S92:G>A	57	528849	1.0778124E-4	99.06719	38.649124	TRUE	G	1.4742435E-4	429.0	0.015757585	0.99529356	293.27835	0.18464668	0.0070623276	32.0	0.0
SPIKE	S92:G>T	3	528849	5.6726967E-6	3.748162	36.0	TRUE	G	4.9115333E-5	8.0	0.014797342	0.99842954	108.448105	0.24310912	0.0073646465	32.0	1.0
SPIKE	S92:G>C	1	528849	1.890899E-6	-1.0	40.0	TRUE	G	6.012967E-6	15.0	0.014938209	0.9998076	151.9211	0.21521164	0.0070736827	32.0	0.0
SPIKE	S93:T>G	1	528849	1.890899E-6	4.2596874	40.0	TRUE	T	1.3473914E-5	36.0	0.013105942	0.99956894	214.69868	0.20056374	0.0069643464	32.0	0.0
SPIKE	S93:T>A	1	528849	1.890899E-6	1.0720997	40.0	TRUE	T	4.487366E-5	98.0	0.013617348	0.9985651	106.178276	0.2455001	0.0062411027	32.0	0.0
SPIKE	S93:T>C	22	528849	4.1599775E-5	9.678584	38.227272	TRUE	T	2.4708366E-4	728.0	0.012302732	0.9921245	682.79474	0.18172742	0.00687337	32.0	0.0
SPIKE	S94:C>G	1	528849	1.890899E-6	0.57991946	37.0	TRUE	C	6.0031078E-5	7.0	0.014469533	0.99808085	151.9211	0.21204093	0.0073165228	32.0	1.0
SPIKE	S94:C>A	137	528849	2.5905317E-4	418.4317	38.649635	TRUE	C	9.49702E-6	22.0	0.011905785	0.99969614	108.448105	0.23104575	0.009244847	32.0	0.0
SPIKE	S94:C>T	48	528849	9.076315E-5	88.96251	38.020832	TRUE	C	1.2359547E-4	313.0	0.013869243	0.99605274	293.27835	0.21176559	0.00745353	32.0	0.0
SPIKE	S95:G>A	45	528849	8.5090454E-5	87.86624	38.577778	TRUE	G	9.75956E-5	284.0	0.015757585	0.9968818	293.27835	0.18464668	0.0070623276	32.0	0.0
SPIKE	S95:G>T	1	528849	1.890899E-6	1.0720997	40.0	TRUE	G	4.9115333E-5	2.0	0.014797342	0.99842954	108.448105	0.24310912	0.0073646465	32.0	1.0
SPIKE	D95-98:GTC>	3	528849	5.6726967E-6	-1.0	39.86016	TRUE		NaN	NaN	NaN	NaN	NaN	NaN	NaN	NaN	NaN
SPIKE	S95:G>C	0	528849	0.0	-1.0	0.0	TRUE	G	9.2198825E-6	23.0	0.014938209	0.999705	151.9211	0.21521164	0.0070736827	32.0	0.0
SPIKE	S96:T>C	27	528849	5.105427E-5	12.548642	38.77778	TRUE	T	2.8781174E-4	848.0	0.012302732	0.9908323	682.79474	0.18172742	0.00687337	32.0	0.0
SPIKE	S96:T>A	2	528849	3.781798E-6	2.2639637	34.5	TRUE	T	4.4415767E-5	97.0	0.013617348	0.9985797	106.178276	0.2455001	0.0062411027	32.0	0.0
SPIKE	S96:T>G	2	528849	3.781798E-6	7.269987	39.0	TRUE	T	9.73116E-6	26.0	0.013105942	0.9996886	214.69868	0.20056374	0.0069643464	32.0	0.0
SPIKE	S97:C>T	38	528849	7.1854156E-5	76.59492	38.05263	TRUE	C	8.687221E-5	220.0	0.013869243	0.997224	293.27835	0.21176559	0.00745353	32.0	0.0
SPIKE	S97:C>A	96	528849	1.815263E-4	-1.0	38.479168	TRUE	C	6.4752408E-6	15.0	0.011905785	0.9997928	108.448105	0.23104575	0.009244847	32.0	0.0
SPIKE	S97:C>G	3	528849	5.6726967E-6	2.3797824	40.0	TRUE	C	6.0031078E-5	1.0	0.014469533	0.99808085	151.9211	0.21204093	0.0073165228	32.0	1.0
SPIKE	S98:A>C	3	528849	5.6726967E-6	10.280287	40.0	TRUE	A	9.939906E-6	25.0	0.010686291	0.99968195	214.69868	0.21253964	0.015252378	32.0	0.0
SPIKE	S98:A>G	98	528849	1.8530809E-4	175.38797	38.510204	TRUE	A	2.419831E-4	776.0	0.012506404	0.99228644	682.79474	0.16700163	0.006657174	32.0	0.0
SPIKE	D98-101:ATC>	7	528849	1.3236292E-5	-1.0	39.812706	TRUE		NaN	NaN	NaN	NaN	NaN	NaN	NaN	NaN	NaN
SPIKE	S98:A>T	0	528849	0.0	-1.0	0.0	TRUE	A	5.0817407E-6	11.0	0.012012367	0.9998374	106.178276	0.24728628	0.0071366755	32.0	0.0
SPIKE	S99:T>C	26	528849	4.9163373E-5	18.442455	38.307693	TRUE	T	2.2230741E-4	655.0	0.012302732	0.9929114	682.79474	0.18172742	0.00687337	32.0	0.0
SPIKE	S99:T>A	2	528849	3.781798E-6	7.269987	37.0	TRUE	T	1.327894E-5	29.0	0.013617348	0.99957514	106.178276	0.2455001	0.0062411027	32.0	0.0
SPIKE	S99:T>G	0	528849	0.0	-1.0	0.0	TRUE	T	5.614131E-6	15.0	0.013105942	0.99982035	214.69868	0.20056374	0.0069643464	32.0	0.0
SPIKE	S100:C>T	51	528849	9.643585E-5	96.55884	38.215687	TRUE	C	1.19251854E-4	302.0	0.013869243	0.9961912	293.27835	0.21176559	0.00745353	32.0	0.0
SPIKE	S100:C>A	74	528849	1.3992652E-4	228.78279	38.567566	TRUE	C	9.0653375E-6	21.0	0.011905785	0.99970996	108.448105	0.23104575	0.009244847	32.0	0.0
SPIKE	S100:C>G	2	528849	3.781798E-6	1.3408211	39.0	TRUE	C	6.0031078E-5	8.0	0.014469533	0.99808085	151.9211	0.21204093	0.0073165228	32.0	1.0
SPIKE	S101:G>T	3	528849	5.6726967E-6	3.748162	37.0	TRUE	G	4.9115333E-5	8.0	0.014797342	0.99842954	108.448105	0.24310912	0.0073646465	32.0	1.0
SPIKE	S101:G>A	57	528849	1.0778124E-4	119.27376	38.19298	TRUE	G	1.0103206E-4	294.0	0.015757585	0.99677217	293.27835	0.18464668	0.0070623276	32.0	0.0
SPIKE	S101:G>C	0	528849	0.0	-1.0	0.0	TRUE	G	4.8103734E-6	12.0	0.014938209	0.9998461	151.9211	0.21521164	0.0070736827	32.0	0.0
SPIKE	S102:T>C	24	528849	4.5381574E-5	9.215334	37.916668	TRUE	T	2.9324213E-4	864.0	0.012302732	0.99066013	682.79474	0.18172742	0.00687337	32.0	0.0
SPIKE	S102:T>A	5	528849	9.454495E-6	16.300888	38.4	TRUE	T	2.4726303E-5	54.0	0.013617348	0.99920905	106.178276	0.2455001	0.0062411027	32.0	0.0
SPIKE	S102:T>G	3	528849	5.6726967E-6	10.280287	36.666668	TRUE	T	1.1228262E-5	30.0	0.013105942	0.99964076	214.69868	0.20056374	0.0069643464	32.0	0.0
SPIKE	S103:G>T	1	528849	1.890899E-6	1.0720997	40.0	TRUE	G	4.9115333E-5	7.0	0.014797342	0.99842954	108.448105	0.24310912	0.0073646465	32.0	1.0
SPIKE	S103:G>A	38	528849	7.1854156E-5	83.94943	38.473682	TRUE	G	7.250941E-5	211.0	0.015757585	0.9976824	293.27835	0.18464668	0.0070623276	32.0	0.0
SPIKE	S103:G>C	0	528849	0.0	-1.0	0.0	TRUE	G	6.089977E-5	3.0	0.014938209	0.99805313	151.9211	0.21521164	0.0070736827	32.0	1.0
SPIKE	S104:G>A	35	528849	6.618146E-5	68.852066	38.25714	TRUE	G	7.76641E-5	226.0	0.015757585	0.9975178	293.27835	0.18464668	0.0070623276	32.0	0.0
SPIKE	S104:G>C	0	528849	0.0	-1.0	0.0	TRUE	G	7.2155603E-6	18.0	0.014938209	0.99976915	151.9211	0.21521164	0.0070736827	32.0	0.0
SPIKE	S104:G>T	0	528849	0.0	-1.0	0.0	TRUE	G	4.9115333E-5	2.0	0.014797342	0.99842954	108.448105	0.24310912	0.0073646465	32.0	1.0
SPIKE	S105:C>T	55	528849	1.0399944E-4	83.31264	38.30909	TRUE	C	1.816419E-4	460.0	0.013869243	0.99420434	293.27835	0.21176559	0.00745353	32.0	0.0
SPIKE	S105:C>A	13	528849	2.4581686E-5	-1.0	38.076923	TRUE	C	6.4752408E-6	15.0	0.011905785	0.9997928	108.448105	0.23104575	0.009244847	32.0	0.0
SPIKE	S105:C>G	2	528849	3.781798E-6	-1.0	38.5	TRUE	C	7.507782E-6	19.0	0.014469533	0.9997598	151.9211	0.21204093	0.0073165228	32.0	0.0
SPIKE	D105-106:C>	2	528849	3.781798E-6	-1.0	39.85099	TRUE		NaN	NaN	NaN	NaN	NaN	NaN	NaN	NaN	NaN
SPIKE	D105-107:CG>	2	528849	3.781798E-6	-1.0	39.85099	TRUE		NaN	NaN	NaN	NaN	NaN	NaN	NaN	NaN	NaN
SPIKE	S106:G>T	6	528849	1.1345393E-5	-1.0	37.333332	TRUE	G	7.24628E-6	16.0	0.014797342	0.99976814	108.448105	0.24310912	0.0073646465	32.0	0.0
SPIKE	S106:G>A	71	528849	1.3425382E-4	134.24149	38.042255	TRUE	G	1.5498456E-4	451.0	0.015757585	0.99505275	293.27835	0.18464668	0.0070623276	32.0	0.0
SPIKE	S106:G>C	0	528849	0.0	-1.0	0.0	TRUE	G	6.089977E-5	7.0	0.014938209	0.99805313	151.9211	0.21521164	0.0070736827	32.0	1.0
SPIKE	S107:G>C	1	528849	1.890899E-6	-1.0	38.0	TRUE	G	4.409509E-6	11.0	0.014938209	0.9998589	151.9211	0.21521164	0.0070736827	32.0	0.0
SPIKE	S107:G>A	48	528849	9.076315E-5	95.61902	38.3125	TRUE	G	9.7251956E-5	283.0	0.015757585	0.99689275	293.27835	0.18464668	0.0070623276	32.0	0.0
SPIKE	S107:G>T	0	528849	0.0	-1.0	0.0	TRUE	G	4.9115333E-5	9.0	0.014797342	0.99842954	108.448105	0.24310912	0.0073646465	32.0	1.0
SPIKE	S108:C>T	63	528849	1.19126635E-4	127.622185	38.349205	TRUE	C	1.2122622E-4	307.0	0.013869243	0.99612826	293.27835	0.21176559	0.00745353	32.0	0.0
SPIKE	S108:C>A	3	528849	5.6726967E-6	3.748162	39.333332	TRUE	C	4.681517E-5	6.0	0.011905785	0.998503	108.448105	0.23104575	0.009244847	32.0	1.0
SPIKE	S108:C>G	0	528849	0.0	-1.0	0.0	TRUE	C	6.0031078E-5	3.0	0.014469533	0.99808085	151.9211	0.21204093	0.0073165228	32.0	1.0
SPIKE	S109:A>C	7	528849	1.3236292E-5	22.321487	39.714287	TRUE	A	1.1132695E-5	28.0	0.010686291	0.9996438	214.69868	0.21253964	0.015252378	32.0	0.0
SPIKE	S109:A>T	4	528849	7.563596E-6	13.290587	37.5	TRUE	A	1.0625458E-5	23.0	0.012012367	0.99966	106.178276	0.24728628	0.0071366755	32.0	0.0
SPIKE	S109:A>G	121	528849	2.2879877E-4	226.59868	38.157024	TRUE	A	2.5601563E-4	821.0	0.012506404	0.99184096	682.79474	0.16700163	0.006657174	32.0	0.0
SPIKE	S110:G>A	36	528849	6.807236E-5	71.42236	38.72222	TRUE	G	7.697681E-5	224.0	0.015757585	0.99753976	293.27835	0.18464668	0.0070623276	32.0	0.0
SPIKE	S110:G>C	0	528849	0.0	-1.0	0.0	TRUE	G	6.089977E-5	4.0	0.014938209	0.99805313	151.9211	0.21521164	0.0070736827	32.0	1.0
SPIKE	S110:G>T	0	528849	0.0	-1.0	0.0	TRUE	G	4.9115333E-5	8.0	0.014797342	0.99842954	108.448105	0.24310912	0.0073646465	32.0	1.0
SPIKE	S111:C>T	67	528849	1.2669023E-4	138.16016	38.0	TRUE	C	1.14513365E-4	290.0	0.013869243	0.9963423	293.27835	0.21176559	0.00745353	32.0	0.0
SPIKE	S111:C>A	15	528849	2.8363484E-5	30.383287	38.2	TRUE	C	4.681517E-5	3.0	0.011905785	0.998503	108.448105	0.23104575	0.009244847	32.0	1.0
SPIKE	S111:C>G	0	528849	0.0	-1.0	0.0	TRUE	C	6.717489E-6	17.0	0.014469533	0.99978507	151.9211	0.21204093	0.0073165228	32.0	0.0
SPIKE	S112:G>A	46	528842	8.69825E-5	105.731064	38.086956	TRUE	G	7.525957E-5	219.0	0.015757585	0.9975946	293.27448	0.18464668	0.0070623276	32.0	0.0
SPIKE	S112:G>C	0	528842	0.0	-1.0	0.0	TRUE	G	6.089977E-5	6.0	0.014938209	0.99805313	151.91908	0.21521164	0.0070736827	32.0	1.0
SPIKE	S112:G>T	0	528842	0.0	-1.0	0.0	TRUE	G	4.9115333E-5	4.0	0.014797342	0.99842954	108.44667	0.24310912	0.0073646465	32.0	1.0
SPIKE	D113-115:TG>	1	528842	1.890924E-6	-1.0	39.741447	TRUE		NaN	NaN	NaN	NaN	NaN	NaN	NaN	NaN	NaN
SPIKE	S113:T>C	28	528842	5.294587E-5	6.571089	38.214287	TRUE	T	3.8352777E-4	1130.0	0.012302732	0.9878021	682.7857	0.18172742	0.00687337	32.0	0.0
SPIKE	S113:T>G	1	528842	1.890924E-6	4.2596874	40.0	TRUE	T	2.4702504E-5	66.0	0.013105942	0.9992098	214.69585	0.20056374	0.0069643464	32.0	0.0
SPIKE	S113:T>A	0	528842	0.0	-1.0	0.0	TRUE	T	2.381083E-5	52.0	0.013617348	0.9992384	106.176865	0.2455001	0.0062411027	32.0	0.0
SPIKE	S114:G>A	38	528842	7.185511E-5	83.94943	38.36842	TRUE	G	5.979528E-5	174.0	0.015757585	0.99808836	293.27448	0.18464668	0.0070623276	32.0	0.0
SPIKE	S114:G>C	0	528842	0.0	-1.0	0.0	TRUE	G	6.089977E-5	3.0	0.014938209	0.99805313	151.91908	0.21521164	0.0070736827	32.0	1.0
SPIKE	S114:G>T	0	528842	0.0	-1.0	0.0	TRUE	G	4.9115333E-5	9.0	0.014797342	0.99842954	108.44667	0.24310912	0.0073646465	32.0	1.0
SPIKE	S115:A>T	17	528842	3.214571E-5	42.57172	38.235294	TRUE	A	3.3262742E-5	72.0	0.012012367	0.9989362	106.176865	0.24728628	0.0071366755	32.0	0.0
SPIKE	S115:A>C	5	528842	9.454619E-6	16.300888	39.4	TRUE	A	1.2325647E-5	31.0	0.010686291	0.99960566	214.69585	0.21253964	0.015252378	32.0	0.0
SPIKE	S115:A>G	124	528842	2.3447457E-4	241.15227	38.44355	TRUE	A	2.2951278E-4	736.0	0.012506404	0.9926825	682.7857	0.16700163	0.006657174	32.0	0.0
SPIKE	S116:C>T	29	528842	5.4836793E-5	67.5129	37.13793	TRUE	C	5.7257443E-5	145.0	0.013869243	0.9981694	293.27448	0.21176559	0.00745353	32.0	0.0
SPIKE	S116:C>G	1	528842	1.890924E-6	0.57991946	40.0	TRUE	C	6.0031078E-5	1.0	0.014469533	0.99808085	151.91908	0.21204093	0.0073165228	32.0	1.0
SPIKE	S116:C>A	3	528842	5.6727717E-6	3.748162	38.666668	TRUE	C	4.681517E-5	1.0	0.011905785	0.998503	108.44667	0.23104575	0.009244847	32.0	1.0
SPIKE	D116-117:C>	1	528842	1.890924E-6	-1.0	39.956978	TRUE		NaN	NaN	NaN	NaN	NaN	NaN	NaN	NaN	NaN
SPIKE	S117:C>T	53	528842	1.0021897E-4	108.69407	38.301888	TRUE	C	1.0424803E-4	264.0	0.013869243	0.99666965	293.27448	0.21176559	0.00745353	32.0	0.0
SPIKE	S117:C>G	1	528842	1.890924E-6	0.57991946	40.0	TRUE	C	6.0031078E-5	5.0	0.014469533	0.99808085	151.91908	0.21204093	0.0073165228	32.0	1.0
SPIKE	S117:C>A	14	528842	2.6472935E-5	43.393585	38.5	TRUE	C	1.2950653E-5	30.0	0.011905785	0.9995857	108.44667	0.23104575	0.009244847	32.0	0.0
SPIKE	S118:T>C	16	528842	3.0254783E-5	7.06087	38.8125	TRUE	T	1.9515793E-4	575.0	0.012302732	0.9937744	682.7857	0.18172742	0.00687337	32.0	0.0
SPIKE	S118:T>G	2	528842	3.781848E-6	7.269987	39.0	TRUE	T	1.1228411E-5	30.0	0.013105942	0.99964076	214.69585	0.20056374	0.0069643464	32.0	0.0
SPIKE	S118:T>A	1	528842	1.890924E-6	1.0720997	38.0	TRUE	T	4.7163758E-5	103.0	0.013617348	0.9984919	106.176865	0.2455001	0.0062411027	32.0	0.0
SPIKE	D118-119:T>	1	528842	1.890924E-6	-1.0	39.80844	TRUE		NaN	NaN	NaN	NaN	NaN	NaN	NaN	NaN	NaN
SPIKE	S119:A>T	9	528842	1.7018316E-5	20.808811	39.555557	TRUE	A	3.0490848E-5	66.0	0.012012367	0.99902475	106.176865	0.24728628	0.0071366755	32.0	0.0
SPIKE	S119:A>C	4	528842	7.563696E-6	-1.0	38.25	TRUE	A	7.156827E-6	18.0	0.010686291	0.999771	214.69585	0.21253964	0.015252378	32.0	0.0
SPIKE	S119:A>G	71	528842	1.342556E-4	134.24149	38.225353	TRUE	A	1.4781122E-4	474.0	0.012506404	0.9952812	682.7857	0.16700163	0.006657174	32.0	0.0
SPIKE	S120:T>C	17	528842	3.214571E-5	3.3157535	37.941177	TRUE	T	2.8204566E-4	831.0	0.012302732	0.99101514	682.7857	0.18172742	0.00687337	32.0	0.0
SPIKE	S120:T>A	0	528842	0.0	-1.0	0.0	TRUE	T	1.1447514E-5	25.0	0.013617348	0.9996337	106.176865	0.2455001	0.0062411027	32.0	0.0
SPIKE	S120:T>G	0	528842	0.0	-1.0	0.0	TRUE	T	1.2725532E-5	34.0	0.013105942	0.99959284	214.69585	0.20056374	0.0069643464	32.0	0.0
SPIKE	S121:G>T	3	528842	5.6727717E-6	-1.0	38.0	TRUE	G	6.340579E-6	14.0	0.014797342	0.9997971	108.44667	0.24310912	0.0073646465	32.0	0.0
SPIKE	S121:G>C	1	528842	1.890924E-6	0.57991946	40.0	TRUE	G	6.089977E-5	6.0	0.014938209	0.99805313	151.91908	0.21521164	0.0070736827	32.0	1.0
SPIKE	S121:G>A	44	528842	8.3200655E-5	92.33517	37.636364	TRUE	G	8.247625E-5	240.0	0.015757585	0.9973642	293.27448	0.18464668	0.0070623276	32.0	0.0
SPIKE	S122:T>C	20	528842	3.7818478E-5	4.65361	36.4	TRUE	T	3.051252E-4	899.0	0.012302732	0.9902835	682.7857	0.18172742	0.00687337	32.0	0.0
SPIKE	S122:T>A	3	528842	5.6727717E-6	6.0206	37.666668	TRUE	T	2.9305635E-5	64.0	0.013617348	0.99906266	106.176865	0.2455001	0.0062411027	32.0	0.0
SPIKE	S122:T>G	0	528842	0.0	-1.0	0.0	TRUE	T	2.058542E-5	55.0	0.013105942	0.9993415	214.69585	0.20056374	0.0069643464	32.0	0.0
SPIKE	S123:G>C	1	528842	1.890924E-6	0.57991946	34.0	TRUE	G	6.089977E-5	2.0	0.014938209	0.99805313	151.91908	0.21521164	0.0070736827	32.0	1.0
SPIKE	S123:G>A	37	528842	6.996418E-5	81.25747	37.783783	TRUE	G	6.220084E-5	181.0	0.015757585	0.9980115	293.27448	0.18464668	0.0070623276	32.0	0.0
SPIKE	S123:G>T	0	528842	0.0	-1.0	0.0	TRUE	G	7.246376E-6	16.0	0.014797342	0.99976814	108.44667	0.24310912	0.0073646465	32.0	0.0
SPIKE	D124-126:TG>	5	528842	9.454619E-6	-1.0	39.24335	TRUE		NaN	NaN	NaN	NaN	NaN	NaN	NaN	NaN	NaN
SPIKE	S124:T>C	33	528842	6.240049E-5	12.246377	37.78788	TRUE	T	3.7538205E-4	1106.0	0.012302732	0.98805964	682.7857	0.18172742	0.00687337	32.0	0.0
SPIKE	S124:T>G	1	528842	1.890924E-6	4.2596874	38.0	TRUE	T	1.6468335E-5	44.0	0.013105942	0.99947315	214.69585	0.20056374	0.0069643464	32.0	0.0
SPIKE	S124:T>A	2	528842	3.781848E-6	7.269987	36.0	TRUE	T	1.6026519E-5	35.0	0.013617348	0.9994873	106.176865	0.2455001	0.0062411027	32.0	0.0
SPIKE	S125:G>A	61	528842	1.1534636E-4	138.23218	38.114754	TRUE	G	7.663418E-5	223.0	0.015757585	0.9975507	293.27448	0.18464668	0.0070623276	32.0	0.0
SPIKE	S125:G>C	0	528842	0.0	-1.0	0.0	TRUE	G	4.008698E-6	10.0	0.014938209	0.99987173	151.91908	0.21521164	0.0070736827	32.0	0.0
SPIKE	S125:G>T	0	528842	0.0	-1.0	0.0	TRUE	G	4.9115333E-5	8.0	0.014797342	0.99842954	108.44667	0.24310912	0.0073646465	32.0	1.0
SPIKE	S126:C>T	59	528842	1.11564514E-4	117.161064	37.18644	TRUE	C	1.1885855E-4	301.0	0.013869243	0.9962038	293.27448	0.21176559	0.00745353	32.0	0.0
SPIKE	S126:C>G	1	528842	1.890924E-6	2.0412	38.0	TRUE	C	3.6749105E-5	93.0	0.014469533	0.9988247	151.91908	0.21204093	0.0073165228	32.0	0.0
SPIKE	S126:C>A	12	528842	2.2691087E-5	-1.0	38.5	TRUE	C	6.043638E-6	14.0	0.011905785	0.99980664	108.44667	0.23104575	0.009244847	32.0	0.0
SPIKE	D126-127:C>	1	528842	1.890924E-6	-1.0	39.37814	TRUE		NaN	NaN	NaN	NaN	NaN	NaN	NaN	NaN	NaN
SPIKE	D126-128:CG>	3	528842	5.6727717E-6	-1.0	39.37814	TRUE		NaN	NaN	NaN	NaN	NaN	NaN	NaN	NaN	NaN
SPIKE	S127:G>A	45	528842	8.5091575E-5	87.86624	38.044445	TRUE	G	9.347308E-5	272.0	0.015757585	0.99701333	293.27448	0.18464668	0.0070623276	32.0	0.0
SPIKE	S127:G>C	0	528842	0.0	-1.0	0.0	TRUE	G	2.3651317E-5	59.0	0.014938209	0.99924344	151.91908	0.21521164	0.0070736827	32.0	0.0
SPIKE	S127:G>T	0	528842	0.0	-1.0	0.0	TRUE	G	5.434782E-6	12.0	0.014797342	0.9998261	108.44667	0.24310912	0.0073646465	32.0	0.0
SPIKE	S128:G>A	48	528842	9.076435E-5	95.61902	37.958332	TRUE	G	9.725324E-5	283.0	0.015757585	0.99689275	293.27448	0.18464668	0.0070623276	32.0	0.0
SPIKE	S128:G>C	0	528842	0.0	-1.0	0.0	TRUE	G	1.4431312E-5	36.0	0.014938209	0.9995383	151.91908	0.21521164	0.0070736827	32.0	0.0
SPIKE	S128:G>T	0	528842	0.0	-1.0	0.0	TRUE	G	5.434782E-6	12.0	0.014797342	0.9998261	108.44667	0.24310912	0.0073646465	32.0	0.0
SPIKE	S129:C>A	13	528842	2.4582012E-5	-1.0	37.46154	TRUE	C	7.338703E-6	17.0	0.011905785	0.9997652	108.44667	0.23104575	0.009244847	32.0	0.0
SPIKE	S129:C>T	51	528842	9.643712E-5	90.26739	35.72549	TRUE	C	1.291254E-4	327.0	0.013869243	0.9958765	293.27448	0.21176559	0.00745353	32.0	0.0
SPIKE	S129:C>G	0	528842	0.0	-1.0	0.0	TRUE	C	3.319274E-5	84.0	0.014469533	0.9989384	151.91908	0.21204093	0.0073165228	32.0	0.0
SPIKE	D130-133:GGC>	21	528842	3.9709405E-5	-1.0	39.338955	TRUE		NaN	NaN	NaN	NaN	NaN	NaN	NaN	NaN	NaN
SPIKE	S130:G>A	68	528842	1.2858283E-4	108.54331	37.544117	TRUE	G	1.9347553E-4	563.0	0.015757585	0.9938279	293.27448	0.18464668	0.0070623276	32.0	0.0
SPIKE	S130:G>T	3	528842	5.6727717E-6	10.280287	40.0	TRUE	G	1.0416666E-5	23.0	0.014797342	0.99966675	108.44667	0.24310912	0.0073646465	32.0	0.0
SPIKE	D130-131:G>	1	528842	1.890924E-6	-1.0	39.338955	TRUE		NaN	NaN	NaN	NaN	NaN	NaN	NaN	NaN	NaN
SPIKE	S130:G>C	0	528842	0.0	-1.0	0.0	TRUE	G	2.4453057E-5	61.0	0.014938209	0.9992178	151.91908	0.21521164	0.0070736827	32.0	0.0
SPIKE	S131:G>A	39	528842	7.3746036E-5	72.610214	38.410255	TRUE	G	9.347308E-5	272.0	0.015757585	0.99701333	293.27448	0.18464668	0.0070623276	32.0	0.0
SPIKE	S131:G>C	1	528842	1.890924E-6	1.0720997	33.0	TRUE	G	5.411742E-5	135.0	0.014938209	0.99826974	151.91908	0.21521164	0.0070736827	32.0	0.0
SPIKE	S131:G>T	0	528842	0.0	-1.0	0.0	TRUE	G	4.9115333E-5	7.0	0.014797342	0.99842954	108.44667	0.24310912	0.0073646465	32.0	1.0
SPIKE	S132:C>A	6	528842	1.13455435E-5	19.311188	38.833332	TRUE	C	9.928834E-6	23.0	0.011905785	0.9996823	108.44667	0.23104575	0.009244847	32.0	0.0
SPIKE	S132:C>G	1	528842	1.890924E-6	4.2596874	37.0	TRUE	C	2.3313947E-5	59.0	0.014469533	0.9992542	151.91908	0.21204093	0.0073165228	32.0	0.0
SPIKE	S132:C>T	47	528842	8.887343E-5	100.31186	34.851063	TRUE	C	7.9370664E-5	201.0	0.013869243	0.99746335	293.27448	0.21176559	0.00745353	32.0	0.0
SPIKE	S133:A>G	0	528842	0.0	-1.0	0.0	TRUE	A	1.55919E-5	50.0	0.012506404	0.99950117	682.7857	0.16700163	0.006657174	32.0	0.0
SPIKE	S133:A>C	0	528842	0.0	-1.0	0.0	TRUE	A	1.0934041E-4	275.0	0.010686291	0.9965072	214.69585	0.21253964	0.015252378	32.0	0.0
SPIKE	S133:A>T	0	528842	0.0	-1.0	0.0	TRUE	A	4.905186E-5	0.0	0.012012367	0.99843156	106.176865	0.24728628	0.0071366755	32.0	1.0
SPIKE	S134:G>A	0	528842	0.0	-1.0	0.0	TRUE	G	2.3024619E-5	67.0	0.015757585	0.99926347	293.27448	0.18464668	0.0070623276	32.0	0.0
SPIKE	S134:G>C	0	528842	0.0	-1.0	0.0	TRUE	G	3.0466103E-5	76.0	0.014938209	0.9990256	151.91908	0.21521164	0.0070736827	32.0	0.0
SPIKE	S134:G>T	0	528842	0.0	-1.0	0.0	TRUE	G	1.0054347E-4	222.0	0.014797342	0.9967878	108.44667	0.24310912	0.0073646465	32.0	0.0
SPIKE	S135:C>A	0	528841	0.0	-1.0	0.0	TRUE	C	4.681517E-5	5.0	0.011905785	0.998503	108.446465	0.23104575	0.009244847	32.0	1.0
SPIKE	S135:C>G	0	528841	0.0	-1.0	0.0	TRUE	C	8.693353E-5	220.0	0.014469533	0.997222	151.9188	0.21204093	0.0073165228	32.0	0.0
SPIKE	S135:C>T	0	528841	0.0	-1.0	0.0	TRUE	C	2.7246697E-5	69.0	0.013869243	0.99912846	293.27393	0.21176559	0.00745353	32.0	0.0
SPIKE	S136:C>A	0	528841	0.0	-1.0	0.0	TRUE	C	1.00583595E-4	233.0	0.011905785	0.9967865	108.446465	0.23104575	0.009244847	32.0	0.0
SPIKE	S136:C>G	0	528841	0.0	-1.0	0.0	TRUE	C	2.1733382E-5	55.0	0.014469533	0.9993048	151.9188	0.21204093	0.0073165228	32.0	0.0
SPIKE	S136:C>T	0	528841	0.0	-1.0	0.0	TRUE	C	3.7513568E-5	95.0	0.013869243	0.9988003	293.27393	0.21176559	0.00745353	32.0	0.0
SPIKE	S137:T>A	0	528841	0.0	-1.0	0.0	TRUE	T	2.4268775E-5	53.0	0.013617348	0.9992237	106.17667	0.2455001	0.0062411027	32.0	0.0
SPIKE	S137:T>G	0	528841	0.0	-1.0	0.0	TRUE	T	2.3205426E-5	62.0	0.013105942	0.9992577	214.69545	0.20056374	0.0069643464	32.0	0.0
SPIKE	S137:T>C	0	528841	0.0	-1.0	0.0	TRUE	T	5.430492E-6	16.0	0.012302732	0.99982625	682.7844	0.18172742	0.00687337	32.0	0.0
SPIKE	S138:G>A	0	528841	0.0	-1.0	0.0	TRUE	G	4.1925505E-5	122.0	0.015757585	0.9986593	293.27393	0.18464668	0.0070623276	32.0	0.0
SPIKE	S138:G>C	0	528841	0.0	-1.0	0.0	TRUE	G	6.8147992E-6	17.0	0.014938209	0.99978197	151.9188	0.21521164	0.0070736827	32.0	0.0
SPIKE	S138:G>T	0	528841	0.0	-1.0	0.0	TRUE	G	1.2817052E-4	283.0	0.014797342	0.99590695	108.446465	0.24310912	0.0073646465	32.0	0.0
SPIKE	S139:A>G	0	528841	0.0	-1.0	0.0	TRUE	A	2.1291855E-4	8.0	0.012506404	0.9932098	682.7844	0.16700163	0.006657174	32.0	1.0
SPIKE	S139:A>C	0	528841	0.0	-1.0	0.0	TRUE	A	5.964034E-6	15.0	0.010686291	0.99980915	214.69545	0.21253964	0.015252378	32.0	0.0
SPIKE	S139:A>T	0	528841	0.0	-1.0	0.0	TRUE	A	8.500495E-5	184.0	0.012012367	0.9972835	106.17667	0.24728628	0.0071366755	32.0	0.0
SPIKE	S140:T>A	0	528841	0.0	-1.0	0.0	TRUE	T	2.884779E-5	63.0	0.013617348	0.9990773	106.17667	0.2455001	0.0062411027	32.0	0.0
SPIKE	S140:T>G	0	528841	0.0	-1.0	0.0	TRUE	T	8.533608E-5	228.0	0.013105942	0.99727297	214.69545	0.20056374	0.0069643464	32.0	0.0
SPIKE	S140:T>C	0	528841	0.0	-1.0	0.0	TRUE	T	2.3174097E-4	7.0	0.012302732	0.9926117	682.7844	0.18172742	0.00687337	32.0	1.0
SPIKE	S141:T>A	0	528841	0.0	-1.0	0.0	TRUE	T	1.0211202E-4	223.0	0.013617348	0.9967377	106.17667	0.2455001	0.0062411027	32.0	0.0
SPIKE	S141:T>G	0	528841	0.0	-1.0	0.0	TRUE	T	2.807108E-5	75.0	0.013105942	0.9991021	214.69545	0.20056374	0.0069643464	32.0	0.0
SPIKE	S141:T>C	0	528841	0.0	-1.0	0.0	TRUE	T	8.688787E-5	256.0	0.012302732	0.99722344	682.7844	0.18172742	0.00687337	32.0	0.0
SPIKE	S142:A>G	0	528841	0.0	-1.0	0.0	TRUE	A	1.3596163E-4	436.0	0.012506404	0.9956587	682.7844	0.16700163	0.006657174	32.0	0.0
SPIKE	S142:A>C	0	528841	0.0	-1.0	0.0	TRUE	A	1.1490705E-4	289.0	0.010686291	0.9963297	214.69545	0.21253964	0.015252378	32.0	0.0
SPIKE	S142:A>T	0	528841	0.0	-1.0	0.0	TRUE	A	6.9297516E-6	15.0	0.012012367	0.9997783	106.17667	0.24728628	0.0071366755	32.0	0.0
SPIKE	S143:G>A	0	528841	0.0	-1.0	0.0	TRUE	G	1.27151125E-5	37.0	0.015757585	0.9995932	293.27393	0.18464668	0.0070623276	32.0	0.0
SPIKE	S143:G>C	0	528841	0.0	-1.0	0.0	TRUE	G	3.9084876E-4	975.0	0.014938209	0.9875707	151.9188	0.21521164	0.0070736827	32.0	0.0
SPIKE	S143:G>T	0	528841	0.0	-1.0	0.0	TRUE	G	8.605088E-6	19.0	0.014797342	0.9997247	108.446465	0.24310912	0.0073646465	32.0	0.0
SPIKE	S144:C>A	0	528841	0.0	-1.0	0.0	TRUE	C	4.681517E-5	4.0	0.011905785	0.998503	108.446465	0.23104575	0.009244847	32.0	1.0
SPIKE	S144:C>G	0	528841	0.0	-1.0	0.0	TRUE	C	1.0550569E-4	267.0	0.014469533	0.99662954	151.9188	0.21204093	0.0073165228	32.0	0.0
SPIKE	S144:C>T	0	528841	0.0	-1.0	0.0	TRUE	C	1.18463895E-5	30.0	0.013869243	0.999621	293.27393	0.21176559	0.00745353	32.0	0.0
SPIKE	S145:C>A	0	528841	0.0	-1.0	0.0	TRUE	C	5.61196E-6	13.0	0.011905785	0.9998204	108.446465	0.23104575	0.009244847	32.0	0.0
SPIKE	S145:C>G	0	528841	0.0	-1.0	0.0	TRUE	C	3.2007345E-5	81.0	0.014469533	0.9989763	151.9188	0.21204093	0.0073165228	32.0	0.0
SPIKE	S145:C>T	0	528841	0.0	-1.0	0.0	TRUE	C	1.0345847E-4	262.0	0.013869243	0.9966948	293.27393	0.21176559	0.00745353	32.0	0.0
SPIKE	S146:C>A	0	528840	0.0	-1.0	0.0	TRUE	C	4.681517E-5	1.0	0.011905785	0.998503	108.44626	0.23104575	0.009244847	32.0	1.0
SPIKE	S146:C>G	0	528840	0.0	-1.0	0.0	TRUE	C	4.4928913E-4	1137.0	0.014469533	0.9857256	151.91852	0.21204093	0.0073165228	32.0	0.0
SPIKE	S146:C>T	0	528840	0.0	-1.0	0.0	TRUE	C	4.3831726E-5	111.0	0.013869243	0.9985984	293.27335	0.21176559	0.00745353	32.0	0.0
SPIKE	S147:G>A	0	528840	0.0	-1.0	0.0	TRUE	G	1.477705E-5	43.0	0.015757585	0.9995273	293.27335	0.18464668	0.0070623276	32.0	0.0
SPIKE	S147:G>C	0	528840	0.0	-1.0	0.0	TRUE	G	1.3188666E-4	329.0	0.014938209	0.9957885	151.91852	0.21521164	0.0070736827	32.0	0.0
SPIKE	S147:G>T	0	528840	0.0	-1.0	0.0	TRUE	G	3.7001946E-4	817.0	0.014797342	0.9882292	108.44626	0.24310912	0.0073646465	32.0	0.0
SPIKE	S148:T>A	0	528840	0.0	-1.0	0.0	TRUE	T	4.8618447E-5	0.0	0.013617348	0.9984454	106.17647	0.2455001	0.0062411027	32.0	1.0
SPIKE	S148:T>G	0	528840	0.0	-1.0	0.0	TRUE	T	5.501942E-4	1470.0	0.013105942	0.9825479	214.69504	0.20056374	0.0069643464	32.0	0.0
SPIKE	S148:T>C	0	528840	0.0	-1.0	0.0	TRUE	T	4.6159268E-5	136.0	0.012302732	0.998524	682.78314	0.18172742	0.00687337	32.0	0.0
SPIKE	S149:G>A	0	528840	0.0	-1.0	0.0	TRUE	G	5.498437E-6	16.0	0.015757585	0.99982405	293.27335	0.18464668	0.0070623276	32.0	0.0
SPIKE	S149:G>C	0	528840	0.0	-1.0	0.0	TRUE	G	3.3272317E-4	830.0	0.014938209	0.9894093	151.91852	0.21521164	0.0070736827	32.0	0.0
SPIKE	S149:G>T	0	528840	0.0	-1.0	0.0	TRUE	G	8.8768444E-5	196.0	0.014797342	0.9971634	108.44626	0.24310912	0.0073646465	32.0	0.0
SPIKE	S150:C>A	0	528825	0.0	-1.0	0.0	TRUE	C	4.681517E-5	1.0	0.011905785	0.998503	108.443184	0.23104575	0.009244847	32.0	1.0
SPIKE	S150:C>G	0	528825	0.0	-1.0	0.0	TRUE	C	2.3196147E-4	587.0	0.014469533	0.99260473	151.9142	0.21204093	0.0073165228	32.0	0.0
SPIKE	S150:C>T	0	528825	0.0	-1.0	0.0	TRUE	C	4.944043E-4	1252.0	0.013869243	0.98430353	293.26505	0.21176559	0.00745353	32.0	0.0
SPIKE	S151:T>A	0	528766	0.0	-1.0	0.0	TRUE	T	4.8618447E-5	1.0	0.013617348	0.9984454	106.161606	0.2455001	0.0062411027	32.0	1.0
SPIKE	S151:T>G	0	528766	0.0	-1.0	0.0	TRUE	T	6.9850753E-4	1866.0	0.013105942	0.97789574	214.665	0.20056374	0.0069643464	32.0	0.0
SPIKE	S151:T>C	0	528766	0.0	-1.0	0.0	TRUE	T	4.277119E-5	126.0	0.012302732	0.99863225	682.6876	0.18172742	0.00687337	32.0	0.0
SPIKE	S152:G>A	0	528665	0.0	-1.0	0.0	TRUE	G	1.6844539E-5	49.0	0.015757585	0.9994611	293.1763	0.18464668	0.0070623276	32.0	0.0
SPIKE	S152:G>C	0	528665	0.0	-1.0	0.0	TRUE	G	6.089977E-5	5.0	0.014938209	0.99805313	151.86824	0.21521164	0.0070736827	32.0	1.0
SPIKE	S152:G>T	0	528665	0.0	-1.0	0.0	TRUE	G	3.850926E-5	85.0	0.014797342	0.99876845	108.41037	0.24310912	0.0073646465	32.0	0.0
SPIKE	S153:G>A	0	528065	0.0	-1.0	0.0	TRUE	G	8.948074E-6	26.0	0.015757585	0.9997137	292.84357	0.18464668	0.0070623276	32.0	0.0
SPIKE	S153:G>C	0	528065	0.0	-1.0	0.0	TRUE	G	8.029192E-6	20.0	0.014938209	0.9997431	151.69588	0.21521164	0.0070736827	32.0	0.0
SPIKE	S153:G>T	0	528065	0.0	-1.0	0.0	TRUE	G	4.9115333E-5	5.0	0.014797342	0.99842954	108.28733	0.24310912	0.0073646465	32.0	1.0
