#pipeline_block
reference	mutation	count	coverage	freq	score	cqs	has.reference	ancestral.allele	error.rate	minor.count.local	minor.fdr	minor.recall	minor.count.global	read.fraction.in.minors	q.filtered.read.fraction	mig.size	global.est
SPIKE	S0:T>A	0	16475	0.0	-1.0	0.0	TRUE	T	2.8628263E-5	5.0	0.15850462	0.9853082	7.74859	0.07233459	0.14256777	517.0	1.0
SPIKE	S0:T>G	0	16475	0.0	-1.0	0.0	TRUE	T	5.742514E-4	1.0	0.12721196	0.7431272	117.22123	0.092472464	0.1278673	517.0	1.0
SPIKE	S0:T>C	0	16475	0.0	-1.0	0.0	TRUE	T	9.169048E-5	38.0	0.057526603	0.95370203	46.208244	0.042179067	0.11611089	517.0	0.0
SPIKE	S1:A>G	0	16481	0.0	-1.0	0.0	TRUE	A	1.3921199E-4	72.0	0.053390738	0.9305564	46.225075	0.03366332	0.10226503	517.0	0.0
SPIKE	S1:A>C	0	16481	0.0	-1.0	0.0	TRUE	A	8.1505896E-5	3.0	0.015912851	0.95873696	117.26392	0.011640579	0.101000056	517.0	1.0
SPIKE	S1:A>T	0	16481	0.0	-1.0	0.0	TRUE	A	2.3913406E-5	4.0	0.14205974	0.98771286	7.751412	0.059263475	0.17091852	517.0	1.0
SPIKE	S2:G>A	0	16494	0.0	-1.0	0.0	TRUE	G	1.17598494E-4	46.0	0.06327185	0.9410129	33.78589	0.045014907	0.10548037	517.0	0.0
SPIKE	S2:G>C	0	16494	0.0	-1.0	0.0	TRUE	G	9.775592E-5	3.0	0.115337566	0.9507161	20.484518	0.088974535	0.13275847	517.0	1.0
SPIKE	S2:G>T	0	16494	0.0	-1.0	0.0	TRUE	G	6.0407547E-5	0.0	0.16887197	0.96925193	12.694552	0.09443475	0.10328087	517.0	1.0
SPIKE	S3:C>A	0	16505	0.0	-1.0	0.0	TRUE	C	2.4297518E-5	0.0	0.09717146	0.98751676	12.703018	0.034967553	0.16906987	517.0	1.0
SPIKE	S3:C>G	0	16505	0.0	-1.0	0.0	TRUE	C	0.0033947888	772.0	0.04223246	0.17288895	20.498178	0.07577935	0.5924106	517.0	0.0
SPIKE	S3:C>T	0	16505	0.0	-1.0	0.0	TRUE	C	2.156616E-4	82.0	0.05662352	0.89449406	33.808422	0.04601394	0.107481614	517.0	0.0
SPIKE	S4:G>A	7	16506	4.240882E-4	-1.0	40.0	TRUE	G	8.941206E-5	35.0	0.06327185	0.9548261	33.810467	0.045014907	0.10548037	517.0	0.0
SPIKE	S4:G>C	1	16506	6.058403E-5	-1.0	40.0	TRUE	G	9.060561E-5	19.0	0.115337566	0.9542371	20.49942	0.088974535	0.13275847	517.0	0.0
SPIKE	S4:G>T	0	16506	0.0	-1.0	0.0	TRUE	G	6.0407547E-5	3.0	0.16887197	0.96925193	12.703788	0.09443475	0.10328087	517.0	1.0
SPIKE	S5:T>C	2	16508	1.2115338E-4	-1.0	40.0	TRUE	T	1.3966886E-4	58.0	0.057526603	0.9303366	46.300804	0.042179067	0.11611089	517.0	0.0
SPIKE	S5:T>A	0	16508	0.0	-1.0	0.0	TRUE	T	2.8628263E-5	2.0	0.15850462	0.9853082	7.764111	0.07233459	0.14256777	517.0	1.0
SPIKE	S5:T>G	0	16508	0.0	-1.0	0.0	TRUE	T	1.9067395E-4	39.0	0.12721196	0.9061246	117.45603	0.092472464	0.1278673	517.0	0.0
SPIKE	S6:G>A	3	16510	1.8170806E-4	-1.0	40.0	TRUE	G	3.320215E-5	13.0	0.06327185	0.98298097	33.81866	0.045014907	0.10548037	517.0	0.0
SPIKE	S6:G>C	0	16510	0.0	-1.0	0.0	TRUE	G	9.775592E-5	0.0	0.115337566	0.9507161	20.504389	0.088974535	0.13275847	517.0	1.0
SPIKE	S6:G>T	0	16510	0.0	-1.0	0.0	TRUE	G	1.18848235E-4	25.0	0.16887197	0.94040513	12.706866	0.09443475	0.10328087	517.0	0.0
SPIKE	S7:A>G	1	16512	6.0562015E-5	-1.0	40.0	TRUE	A	8.105454E-5	42.0	0.053390738	0.9589607	46.312023	0.03366332	0.10226503	517.0	0.0
SPIKE	D7-8:A>	15	16512	9.0843026E-4	-1.0	39.99994	TRUE		NaN	NaN	NaN	NaN	NaN	NaN	NaN	NaN	NaN
SPIKE	S7:A>C	0	16512	0.0	-1.0	0.0	TRUE	A	8.1505896E-5	1.0	0.015912851	0.95873696	117.48449	0.011640579	0.101000056	517.0	1.0
SPIKE	S7:A>T	0	16512	0.0	-1.0	0.0	TRUE	A	2.3913406E-5	3.0	0.14205974	0.98771286	7.765992	0.059263475	0.17091852	517.0	1.0
SPIKE	S8:A>C	1	16513	6.055835E-5	-1.0	40.0	TRUE	A	8.1505896E-5	1.0	0.015912851	0.95873696	117.49161	0.011640579	0.101000056	517.0	1.0
SPIKE	S8:A>G	0	16513	0.0	-1.0	0.0	TRUE	A	1.02276914E-4	53.0	0.053390738	0.9484965	46.314827	0.03366332	0.10226503	517.0	0.0
SPIKE	S8:A>T	0	16513	0.0	-1.0	0.0	TRUE	A	2.3913406E-5	1.0	0.14205974	0.98771286	7.7664623	0.059263475	0.17091852	517.0	1.0
SPIKE	S9:G>A	2	16513	1.211167E-4	-1.0	40.0	TRUE	G	1.1235609E-4	44.0	0.06327185	0.9435668	33.824806	0.045014907	0.10548037	517.0	0.0
SPIKE	D9-10:G>	3	16513	1.8167504E-4	-1.0	39.992733	TRUE		NaN	NaN	NaN	NaN	NaN	NaN	NaN	NaN	NaN
SPIKE	S9:G>C	0	16513	0.0	-1.0	0.0	TRUE	G	9.775592E-5	0.0	0.115337566	0.9507161	20.508114	0.088974535	0.13275847	517.0	1.0
SPIKE	S9:G>T	0	16513	0.0	-1.0	0.0	TRUE	G	6.0407547E-5	0.0	0.16887197	0.96925193	12.709175	0.09443475	0.10328087	517.0	1.0
SPIKE	S10:A>C	2	16513	1.211167E-4	-1.0	40.0	TRUE	A	8.1505896E-5	3.0	0.015912851	0.95873696	117.49161	0.011640579	0.101000056	517.0	1.0
SPIKE	D10-11:A>	1	16513	6.055835E-5	-1.0	39.997517	TRUE		NaN	NaN	NaN	NaN	NaN	NaN	NaN	NaN	NaN
SPIKE	S10:A>G	0	16513	0.0	-1.0	0.0	TRUE	A	2.0262407E-4	105.0	0.053390738	0.90054363	46.314827	0.03366332	0.10226503	517.0	0.0
SPIKE	S10:A>T	0	16513	0.0	-1.0	0.0	TRUE	A	2.3913406E-5	2.0	0.14205974	0.98771286	7.7664623	0.059263475	0.17091852	517.0	1.0
SPIKE	D11-12:C>	1	16513	6.055835E-5	-1.0	39.997578	TRUE		NaN	NaN	NaN	NaN	NaN	NaN	NaN	NaN	NaN
SPIKE	S11:C>A	0	16513	0.0	-1.0	0.0	TRUE	C	4.397161E-5	23.0	0.09717146	0.97752315	12.709175	0.034967553	0.16906987	517.0	0.0
SPIKE	S11:C>G	0	16513	0.0	-1.0	0.0	TRUE	C	9.013859E-5	2.0	0.04223246	0.95446754	20.508114	0.07577935	0.5924106	517.0	1.0
SPIKE	S11:C>T	0	16513	0.0	-1.0	0.0	TRUE	C	1.393235E-4	53.0	0.05662352	0.9305028	33.824806	0.04601394	0.107481614	517.0	0.0
SPIKE	S12:G>A	6	16513	3.633501E-4	-1.0	40.0	TRUE	G	6.1285136E-5	24.0	0.06327185	0.9688123	33.824806	0.045014907	0.10548037	517.0	0.0
SPIKE	S12:G>T	1	16513	6.055835E-5	-1.0	40.0	TRUE	G	6.0407547E-5	2.0	0.16887197	0.96925193	12.709175	0.09443475	0.10328087	517.0	1.0
SPIKE	D12-13:G>	2	16513	1.211167E-4	-1.0	39.995155	TRUE		NaN	NaN	NaN	NaN	NaN	NaN	NaN	NaN	NaN
SPIKE	S12:G>C	0	16513	0.0	-1.0	0.0	TRUE	G	1.0963398E-4	23.0	0.115337566	0.9448957	20.508114	0.088974535	0.13275847	517.0	0.0
SPIKE	S13:A>G	0	16513	0.0	-1.0	0.0	TRUE	A	3.5121504E-4	182.0	0.053390738	0.833953	46.314827	0.03366332	0.10226503	517.0	0.0
SPIKE	S13:A>C	0	16513	0.0	-1.0	0.0	TRUE	A	6.9371677E-6	10.0	0.015912851	0.9964199	117.49161	0.011640579	0.101000056	517.0	0.0
SPIKE	S13:A>T	0	16513	0.0	-1.0	0.0	TRUE	A	2.3913406E-5	2.0	0.14205974	0.98771286	7.7664623	0.059263475	0.17091852	517.0	1.0
SPIKE	S14:C>T	2	16513	1.211167E-4	-1.0	40.0	TRUE	C	6.308989E-5	24.0	0.05662352	0.96790874	33.824806	0.04601394	0.107481614	517.0	0.0
SPIKE	S14:C>A	0	16513	0.0	-1.0	0.0	TRUE	C	5.9266084E-5	31.0	0.09717146	0.9698241	12.709175	0.034967553	0.16906987	517.0	0.0
SPIKE	S14:C>G	0	16513	0.0	-1.0	0.0	TRUE	C	9.013859E-5	0.0	0.04223246	0.95446754	20.508114	0.07577935	0.5924106	517.0	1.0
SPIKE	S15:A>G	0	16513	0.0	-1.0	0.0	TRUE	A	9.069839E-5	47.0	0.053390738	0.9541913	46.314827	0.03366332	0.10226503	517.0	0.0
SPIKE	S15:A>C	0	16513	0.0	-1.0	0.0	TRUE	A	1.942407E-5	28.0	0.015912851	0.990008	117.49161	0.011640579	0.101000056	517.0	0.0
SPIKE	S15:A>T	0	16513	0.0	-1.0	0.0	TRUE	A	2.3913406E-5	0.0	0.14205974	0.98771286	7.7664623	0.059263475	0.17091852	517.0	1.0
SPIKE	S16:G>A	3	16513	1.8167504E-4	-1.0	40.0	TRUE	G	1.0980254E-4	43.0	0.06327185	0.9448133	33.824806	0.045014907	0.10548037	517.0	0.0
SPIKE	S16:G>T	3	16513	1.8167504E-4	-1.0	40.0	TRUE	G	6.0407547E-5	0.0	0.16887197	0.96925193	12.709175	0.09443475	0.10328087	517.0	1.0
SPIKE	S16:G>C	0	16513	0.0	-1.0	0.0	TRUE	G	9.775592E-5	0.0	0.115337566	0.9507161	20.508114	0.088974535	0.13275847	517.0	1.0
SPIKE	S17:A>C	1	16513	6.055835E-5	-1.0	40.0	TRUE	A	8.1505896E-5	3.0	0.015912851	0.95873696	117.49161	0.011640579	0.101000056	517.0	1.0
SPIKE	S17:A>G	0	16513	0.0	-1.0	0.0	TRUE	A	3.0104147E-4	156.0	0.053390738	0.8558686	46.314827	0.03366332	0.10226503	517.0	0.0
SPIKE	S17:A>T	0	16513	0.0	-1.0	0.0	TRUE	A	2.3913406E-5	3.0	0.14205974	0.98771286	7.7664623	0.059263475	0.17091852	517.0	1.0
SPIKE	S18:A>G	0	16513	0.0	-1.0	0.0	TRUE	A	1.1964469E-4	62.0	0.053390738	0.94001794	46.314827	0.03366332	0.10226503	517.0	0.0
SPIKE	S18:A>C	0	16513	0.0	-1.0	0.0	TRUE	A	8.1505896E-5	8.0	0.015912851	0.95873696	117.49161	0.011640579	0.101000056	517.0	1.0
SPIKE	S18:A>T	0	16513	0.0	-1.0	0.0	TRUE	A	2.3913406E-5	0.0	0.14205974	0.98771286	7.7664623	0.059263475	0.17091852	517.0	1.0
SPIKE	S19:C>G	1	16513	6.055835E-5	-1.0	40.0	TRUE	C	9.013859E-5	0.0	0.04223246	0.95446754	20.508114	0.07577935	0.5924106	517.0	1.0
SPIKE	S19:C>A	0	16513	0.0	-1.0	0.0	TRUE	C	4.970704E-5	26.0	0.09717146	0.97462887	12.709175	0.034967553	0.16906987	517.0	0.0
SPIKE	S19:C>T	0	16513	0.0	-1.0	0.0	TRUE	C	1.104073E-4	42.0	0.05662352	0.94451797	33.824806	0.04601394	0.107481614	517.0	0.0
SPIKE	S20:C>T	1	16513	6.055835E-5	-1.0	40.0	TRUE	C	6.308989E-5	24.0	0.05662352	0.96790874	33.824806	0.04601394	0.107481614	517.0	0.0
SPIKE	S20:C>A	0	16513	0.0	-1.0	0.0	TRUE	C	2.4297518E-5	4.0	0.09717146	0.98751676	12.709175	0.034967553	0.16906987	517.0	1.0
SPIKE	S20:C>G	0	16513	0.0	-1.0	0.0	TRUE	C	9.013859E-5	0.0	0.04223246	0.95446754	20.508114	0.07577935	0.5924106	517.0	1.0
SPIKE	S21:A>G	0	16513	0.0	-1.0	0.0	TRUE	A	8.297938E-5	43.0	0.053390738	0.95800686	46.314827	0.03366332	0.10226503	517.0	0.0
SPIKE	S21:A>C	0	16513	0.0	-1.0	0.0	TRUE	A	2.150522E-5	31.0	0.015912851	0.9889434	117.49161	0.011640579	0.101000056	517.0	0.0
SPIKE	S21:A>T	0	16513	0.0	-1.0	0.0	TRUE	A	2.3913406E-5	4.0	0.14205974	0.98771286	7.7664623	0.059263475	0.17091852	517.0	1.0
SPIKE	S22:A>T	16511	16513	0.9998789	-1.0	40.0	TRUE	T	2.3913406E-5	0.0	0.14205974	0.98771286	7.7664623	0.059263475	0.17091852	517.0	1.0
SPIKE	S22:A>G	0	16513	0.0	-1.0	0.0	TRUE	T	8.9376175E-5	0.0	0.053390738	0.9548438	46.314827	0.03366332	0.10226503	517.0	1.0
SPIKE	S22:A>C	0	16513	0.0	-1.0	0.0	TRUE	T	8.1505896E-5	0.0	0.015912851	0.95873696	117.49161	0.011640579	0.101000056	517.0	1.0
SPIKE	S23:A>T	2	16513	1.211167E-4	-1.0	40.0	TRUE	A	9.5450865E-5	31.0	0.14205974	0.95184976	7.7664623	0.059263475	0.17091852	517.0	0.0
SPIKE	S23:A>G	0	16513	0.0	-1.0	0.0	TRUE	A	8.9376175E-5	0.0	0.053390738	0.9548438	46.314827	0.03366332	0.10226503	517.0	1.0
SPIKE	S23:A>C	0	16513	0.0	-1.0	0.0	TRUE	A	4.925389E-5	71.0	0.015912851	0.9748572	117.49161	0.011640579	0.101000056	517.0	0.0
SPIKE	S24:A>G	1	16513	6.055835E-5	-1.0	40.0	TRUE	C	8.9376175E-5	0.0	0.053390738	0.9548438	46.314827	0.03366332	0.10226503	517.0	1.0
SPIKE	S24:A>C	16511	16513	0.9998789	-1.0	40.0	TRUE	C	8.1505896E-5	0.0	0.015912851	0.95873696	117.49161	0.011640579	0.101000056	517.0	1.0
SPIKE	S24:A>T	0	16513	0.0	-1.0	0.0	TRUE	C	2.3913406E-5	3.0	0.14205974	0.98771286	7.7664623	0.059263475	0.17091852	517.0	1.0
SPIKE	S25:A>T	16511	16513	0.9998789	-1.0	40.0	FALSE	T	2.3913406E-5	0.0	0.14205974	0.98771286	7.7664623	0.059263475	0.17091852	517.0	1.0
SPIKE	S25:A>C	2	16513	1.211167E-4	-1.0	40.0	FALSE	T	7.977743E-5	115.0	0.015912851	0.9595941	117.49161	0.011640579	0.101000056	517.0	0.0
SPIKE	S25:A>G	0	16513	0.0	-1.0	0.0	FALSE	T	8.9376175E-5	0.0	0.053390738	0.9548438	46.314827	0.03366332	0.10226503	517.0	1.0
SPIKE	S26:T>A	0	16513	0.0	-1.0	0.0	TRUE	T	2.8628263E-5	2.0	0.15850462	0.9853082	7.7664623	0.07233459	0.14256777	517.0	1.0
SPIKE	S26:T>G	0	16513	0.0	-1.0	0.0	TRUE	T	6.353874E-5	13.0	0.12721196	0.96768415	117.49161	0.092472464	0.1278673	517.0	0.0
SPIKE	S26:T>C	0	16513	0.0	-1.0	0.0	TRUE	T	4.3332388E-5	18.0	0.057526603	0.97784626	46.314827	0.042179067	0.11611089	517.0	0.0
SPIKE	S27:G>T	1	16513	6.055835E-5	-1.0	40.0	TRUE	G	1.2357971E-4	26.0	0.16887197	0.93810755	12.709175	0.09443475	0.10328087	517.0	0.0
SPIKE	S27:G>A	0	16513	0.0	-1.0	0.0	TRUE	G	2.8089022E-5	11.0	0.06327185	0.9855829	33.824806	0.045014907	0.10548037	517.0	0.0
SPIKE	S27:G>C	0	16513	0.0	-1.0	0.0	TRUE	G	9.775592E-5	0.0	0.115337566	0.9507161	20.508114	0.088974535	0.13275847	517.0	1.0
SPIKE	S28:G>A	0	16513	0.0	-1.0	0.0	TRUE	G	3.8303213E-5	15.0	0.06327185	0.98039204	33.824806	0.045014907	0.10548037	517.0	0.0
SPIKE	S28:G>C	0	16513	0.0	-1.0	0.0	TRUE	G	9.775592E-5	0.0	0.115337566	0.9507161	20.508114	0.088974535	0.13275847	517.0	1.0
SPIKE	S28:G>T	0	16513	0.0	-1.0	0.0	TRUE	G	6.0407547E-5	0.0	0.16887197	0.96925193	12.709175	0.09443475	0.10328087	517.0	1.0
SPIKE	S29:G>A	1	16513	6.055835E-5	-1.0	40.0	TRUE	G	6.894578E-5	27.0	0.06327185	0.9649828	33.824806	0.045014907	0.10548037	517.0	0.0
SPIKE	S29:G>C	0	16513	0.0	-1.0	0.0	TRUE	G	9.775592E-5	0.0	0.115337566	0.9507161	20.508114	0.088974535	0.13275847	517.0	1.0
SPIKE	S29:G>T	0	16513	0.0	-1.0	0.0	TRUE	G	6.0407547E-5	0.0	0.16887197	0.96925193	12.709175	0.09443475	0.10328087	517.0	1.0
SPIKE	S30:A>G	1	16513	6.055835E-5	-1.0	40.0	TRUE	A	1.8718604E-4	97.0	0.053390738	0.9077601	46.314827	0.03366332	0.10226503	517.0	0.0
SPIKE	S30:A>C	0	16513	0.0	-1.0	0.0	TRUE	A	8.1505896E-5	1.0	0.015912851	0.95873696	117.49161	0.011640579	0.101000056	517.0	1.0
SPIKE	S30:A>T	0	16513	0.0	-1.0	0.0	TRUE	A	2.3913406E-5	4.0	0.14205974	0.98771286	7.7664623	0.059263475	0.17091852	517.0	1.0
SPIKE	S31:T>A	1	16513	6.055835E-5	-1.0	40.0	TRUE	T	9.583962E-5	26.0	0.15850462	0.9516584	7.7664623	0.07233459	0.14256777	517.0	0.0
SPIKE	S31:T>G	0	16513	0.0	-1.0	0.0	TRUE	T	5.742514E-4	1.0	0.12721196	0.7431272	117.49161	0.092472464	0.1278673	517.0	1.0
SPIKE	S31:T>C	0	16513	0.0	-1.0	0.0	TRUE	T	1.1073832E-4	46.0	0.057526603	0.9443563	46.314827	0.042179067	0.11611089	517.0	0.0
SPIKE	S32:C>T	2	16513	1.211167E-4	-1.0	40.0	TRUE	C	1.1829354E-4	45.0	0.05662352	0.94067484	33.824806	0.04601394	0.107481614	517.0	0.0
SPIKE	S32:C>A	0	16513	0.0	-1.0	0.0	TRUE	C	2.4297518E-5	0.0	0.09717146	0.98751676	12.709175	0.034967553	0.16906987	517.0	1.0
SPIKE	S32:C>G	0	16513	0.0	-1.0	0.0	TRUE	C	9.013859E-5	0.0	0.04223246	0.95446754	20.508114	0.07577935	0.5924106	517.0	1.0
SPIKE	S33:C>A	2	16513	1.211167E-4	-1.0	40.0	TRUE	C	2.4297518E-5	4.0	0.09717146	0.98751676	12.709175	0.034967553	0.16906987	517.0	1.0
SPIKE	S33:C>G	0	16513	0.0	-1.0	0.0	TRUE	C	9.013859E-5	0.0	0.04223246	0.95446754	20.508114	0.07577935	0.5924106	517.0	1.0
SPIKE	S33:C>T	0	16513	0.0	-1.0	0.0	TRUE	C	3.417369E-5	13.0	0.05662352	0.9824874	33.824806	0.04601394	0.107481614	517.0	0.0
SPIKE	S34:A>G	1	16513	6.055835E-5	-1.0	40.0	TRUE	A	5.4033084E-5	28.0	0.053390738	0.97245145	46.314827	0.03366332	0.10226503	517.0	0.0
SPIKE	S34:A>C	0	16513	0.0	-1.0	0.0	TRUE	A	2.2892653E-5	33.0	0.015912851	0.9882343	117.49161	0.011640579	0.101000056	517.0	0.0
SPIKE	S34:A>T	0	16513	0.0	-1.0	0.0	TRUE	A	2.3913406E-5	3.0	0.14205974	0.98771286	7.7664623	0.059263475	0.17091852	517.0	1.0
SPIKE	S35:T>A	0	16513	0.0	-1.0	0.0	TRUE	T	1.032119E-4	28.0	0.15850462	0.94803816	7.7664623	0.07233459	0.14256777	517.0	0.0
SPIKE	S35:T>G	0	16513	0.0	-1.0	0.0	TRUE	T	5.742514E-4	4.0	0.12721196	0.7431272	117.49161	0.092472464	0.1278673	517.0	1.0
SPIKE	S35:T>C	0	16513	0.0	-1.0	0.0	TRUE	T	9.388684E-5	39.0	0.057526603	0.95261973	46.314827	0.042179067	0.11611089	517.0	0.0
SPIKE	S36:T>A	0	16513	0.0	-1.0	0.0	TRUE	T	2.8628263E-5	2.0	0.15850462	0.9853082	7.7664623	0.07233459	0.14256777	517.0	1.0
SPIKE	S36:T>G	0	16513	0.0	-1.0	0.0	TRUE	T	5.742514E-4	0.0	0.12721196	0.7431272	117.49161	0.092472464	0.1278673	517.0	1.0
SPIKE	S36:T>C	0	16513	0.0	-1.0	0.0	TRUE	T	1.1149622E-4	2.0	0.057526603	0.94398636	46.314827	0.042179067	0.11611089	517.0	1.0
SPIKE	S37:A>G	2	16513	1.211167E-4	-1.0	40.0	TRUE	A	3.28058E-5	17.0	0.053390738	0.98318243	46.314827	0.03366332	0.10226503	517.0	0.0
SPIKE	S37:A>C	0	16513	0.0	-1.0	0.0	TRUE	A	8.1505896E-5	0.0	0.015912851	0.95873696	117.49161	0.011640579	0.101000056	517.0	1.0
SPIKE	S37:A>T	0	16513	0.0	-1.0	0.0	TRUE	A	7.389745E-5	24.0	0.14205974	0.96251565	7.7664623	0.059263475	0.17091852	517.0	0.0
SPIKE	S38:T>A	0	16513	0.0	-1.0	0.0	TRUE	T	7.372279E-5	20.0	0.15850462	0.96260256	7.7664623	0.07233459	0.14256777	517.0	0.0
SPIKE	S38:T>G	0	16513	0.0	-1.0	0.0	TRUE	T	5.742514E-4	1.0	0.12721196	0.7431272	117.49161	0.092472464	0.1278673	517.0	1.0
SPIKE	S38:T>C	0	16513	0.0	-1.0	0.0	TRUE	T	1.1149622E-4	8.0	0.057526603	0.94398636	46.314827	0.042179067	0.11611089	517.0	1.0
SPIKE	S39:C>T	1	16513	6.055835E-5	-1.0	40.0	TRUE	C	1.2880852E-4	49.0	0.05662352	0.93557495	33.824806	0.04601394	0.107481614	517.0	0.0
SPIKE	S39:C>A	2	16513	1.211167E-4	-1.0	40.0	TRUE	C	2.4297518E-5	0.0	0.09717146	0.98751676	12.709175	0.034967553	0.16906987	517.0	1.0
SPIKE	S39:C>G	0	16513	0.0	-1.0	0.0	TRUE	C	9.013859E-5	3.0	0.04223246	0.95446754	20.508114	0.07577935	0.5924106	517.0	1.0
SPIKE	S40:G>A	0	16513	0.0	-1.0	0.0	TRUE	G	7.405288E-5	29.0	0.06327185	0.9624383	33.824806	0.045014907	0.10548037	517.0	0.0
SPIKE	S40:G>C	0	16513	0.0	-1.0	0.0	TRUE	G	1.1916737E-4	25.0	0.115337566	0.94025	20.508114	0.088974535	0.13275847	517.0	0.0
SPIKE	S40:G>T	0	16513	0.0	-1.0	0.0	TRUE	G	6.0407547E-5	1.0	0.16887197	0.96925193	12.709175	0.09443475	0.10328087	517.0	1.0
SPIKE	S41:G>A	0	16513	0.0	-1.0	0.0	TRUE	G	6.1285136E-5	24.0	0.06327185	0.9688123	33.824806	0.045014907	0.10548037	517.0	0.0
SPIKE	S41:G>C	0	16513	0.0	-1.0	0.0	TRUE	G	9.775592E-5	3.0	0.115337566	0.9507161	20.508114	0.088974535	0.13275847	517.0	1.0
SPIKE	S41:G>T	0	16513	0.0	-1.0	0.0	TRUE	G	6.0407547E-5	0.0	0.16887197	0.96925193	12.709175	0.09443475	0.10328087	517.0	1.0
SPIKE	S42:C>A	2	16513	1.211167E-4	-1.0	40.0	TRUE	C	2.4297518E-5	3.0	0.09717146	0.98751676	12.709175	0.034967553	0.16906987	517.0	1.0
SPIKE	S42:C>G	0	16513	0.0	-1.0	0.0	TRUE	C	1.2746267E-4	29.0	0.04223246	0.9362262	20.508114	0.07577935	0.5924106	517.0	0.0
SPIKE	S42:C>T	0	16513	0.0	-1.0	0.0	TRUE	C	1.1303605E-4	43.0	0.05662352	0.94323516	33.824806	0.04601394	0.107481614	517.0	0.0
SPIKE	S43:G>C	1	16513	6.055835E-5	-1.0	40.0	TRUE	G	1.14400675E-4	24.0	0.115337566	0.94257	20.508114	0.088974535	0.13275847	517.0	0.0
SPIKE	S43:G>T	1	16513	6.055835E-5	-1.0	40.0	TRUE	G	6.0407547E-5	0.0	0.16887197	0.96925193	12.709175	0.09443475	0.10328087	517.0	1.0
SPIKE	S43:G>A	3	16513	1.8167504E-4	-1.0	40.0	TRUE	G	5.1070947E-5	20.0	0.06327185	0.97394186	33.824806	0.045014907	0.10548037	517.0	0.0
SPIKE	S44:G>A	7	16513	4.2390844E-4	-1.0	40.0	TRUE	G	1.3278447E-4	52.0	0.06327185	0.93365383	33.824806	0.045014907	0.10548037	517.0	0.0
SPIKE	S44:G>C	0	16513	0.0	-1.0	0.0	TRUE	G	9.775592E-5	0.0	0.115337566	0.9507161	20.508114	0.088974535	0.13275847	517.0	1.0
SPIKE	S44:G>T	0	16513	0.0	-1.0	0.0	TRUE	G	6.0407547E-5	0.0	0.16887197	0.96925193	12.709175	0.09443475	0.10328087	517.0	1.0
SPIKE	S45:C>T	2	16513	1.211167E-4	-1.0	40.0	TRUE	C	6.571863E-5	25.0	0.05662352	0.96659416	33.824806	0.04601394	0.107481614	517.0	0.0
SPIKE	S45:C>A	1	16513	6.055835E-5	-1.0	40.0	TRUE	C	2.4297518E-5	0.0	0.09717146	0.98751676	12.709175	0.034967553	0.16906987	517.0	1.0
SPIKE	S45:C>G	1	16513	6.055835E-5	-1.0	40.0	TRUE	C	9.669582E-5	22.0	0.04223246	0.95123726	20.508114	0.07577935	0.5924106	517.0	0.0
SPIKE	S46:G>T	1	16513	6.055835E-5	-1.0	40.0	TRUE	G	6.0407547E-5	0.0	0.16887197	0.96925193	12.709175	0.09443475	0.10328087	517.0	1.0
SPIKE	S46:G>A	2	16513	1.211167E-4	-1.0	40.0	TRUE	G	4.5963854E-5	18.0	0.06327185	0.9765168	33.824806	0.045014907	0.10548037	517.0	0.0
SPIKE	S46:G>C	0	16513	0.0	-1.0	0.0	TRUE	G	1.0010059E-4	21.0	0.115337566	0.94956434	20.508114	0.088974535	0.13275847	517.0	0.0
SPIKE	S47:A>G	1	16513	6.055835E-5	-1.0	40.0	TRUE	A	5.789259E-5	30.0	0.053390738	0.970513	46.314827	0.03366332	0.10226503	517.0	0.0
SPIKE	S47:A>C	0	16513	0.0	-1.0	0.0	TRUE	A	8.1505896E-5	0.0	0.015912851	0.95873696	117.49161	0.011640579	0.101000056	517.0	1.0
SPIKE	S47:A>T	0	16513	0.0	-1.0	0.0	TRUE	A	2.3913406E-5	1.0	0.14205974	0.98771286	7.7664623	0.059263475	0.17091852	517.0	1.0
SPIKE	S48:A>G	0	16513	0.0	-1.0	0.0	TRUE	A	8.9376175E-5	7.0	0.053390738	0.9548438	46.314827	0.03366332	0.10226503	517.0	1.0
SPIKE	S48:A>C	0	16513	0.0	-1.0	0.0	TRUE	A	8.1505896E-5	1.0	0.015912851	0.95873696	117.49161	0.011640579	0.101000056	517.0	1.0
SPIKE	S48:A>T	0	16513	0.0	-1.0	0.0	TRUE	A	2.3913406E-5	4.0	0.14205974	0.98771286	7.7664623	0.059263475	0.17091852	517.0	1.0
SPIKE	S49:T>C	1	16513	6.055835E-5	-1.0	40.0	TRUE	T	1.1149622E-4	6.0	0.057526603	0.94398636	46.314827	0.042179067	0.11611089	517.0	1.0
SPIKE	S49:T>A	0	16513	0.0	-1.0	0.0	TRUE	T	8.846734E-5	24.0	0.15850462	0.9552926	7.7664623	0.07233459	0.14256777	517.0	0.0
SPIKE	S49:T>G	0	16513	0.0	-1.0	0.0	TRUE	T	5.742514E-4	3.0	0.12721196	0.7431272	117.49161	0.092472464	0.1278673	517.0	1.0
SPIKE	S50:T>A	0	16513	0.0	-1.0	0.0	TRUE	T	2.8628263E-5	1.0	0.15850462	0.9853082	7.7664623	0.07233459	0.14256777	517.0	1.0
SPIKE	S50:T>G	0	16513	0.0	-1.0	0.0	TRUE	T	5.742514E-4	0.0	0.12721196	0.7431272	117.49161	0.092472464	0.1278673	517.0	1.0
SPIKE	S50:T>C	0	16513	0.0	-1.0	0.0	TRUE	T	1.1149622E-4	3.0	0.057526603	0.94398636	46.314827	0.042179067	0.11611089	517.0	1.0
SPIKE	S51:T>A	0	16513	0.0	-1.0	0.0	TRUE	T	2.8628263E-5	0.0	0.15850462	0.9853082	7.7664623	0.07233459	0.14256777	517.0	1.0
SPIKE	S51:T>G	0	16513	0.0	-1.0	0.0	TRUE	T	5.742514E-4	0.0	0.12721196	0.7431272	117.49161	0.092472464	0.1278673	517.0	1.0
SPIKE	S51:T>C	0	16513	0.0	-1.0	0.0	TRUE	T	1.1149622E-4	3.0	0.057526603	0.94398636	46.314827	0.042179067	0.11611089	517.0	1.0
SPIKE	S52:A>G	2	16513	1.211167E-4	-1.0	40.0	TRUE	A	6.7541354E-5	35.0	0.053390738	0.96568376	46.314827	0.03366332	0.10226503	517.0	0.0
SPIKE	S52:A>C	0	16513	0.0	-1.0	0.0	TRUE	A	1.3874335E-5	20.0	0.015912851	0.9928526	117.49161	0.011640579	0.101000056	517.0	0.0
SPIKE	S52:A>T	0	16513	0.0	-1.0	0.0	TRUE	A	2.3913406E-5	5.0	0.14205974	0.98771286	7.7664623	0.059263475	0.17091852	517.0	1.0
SPIKE	S53:C>T	2	16513	1.211167E-4	-1.0	40.0	TRUE	C	6.308989E-5	24.0	0.05662352	0.96790874	33.824806	0.04601394	0.107481614	517.0	0.0
SPIKE	S53:C>A	1	16513	6.055835E-5	-1.0	40.0	TRUE	C	1.9118092E-5	10.0	0.09717146	0.99016464	12.709175	0.034967553	0.16906987	517.0	0.0
SPIKE	S53:C>G	0	16513	0.0	-1.0	0.0	TRUE	C	9.013859E-5	0.0	0.04223246	0.95446754	20.508114	0.07577935	0.5924106	517.0	1.0
SPIKE	S54:C>T	2	16513	1.211167E-4	-1.0	40.0	TRUE	C	7.097612E-5	27.0	0.05662352	0.9639704	33.824806	0.04601394	0.107481614	517.0	0.0
SPIKE	S54:C>A	3	16513	1.8167504E-4	-1.0	40.0	TRUE	C	2.4297518E-5	0.0	0.09717146	0.98751676	12.709175	0.034967553	0.16906987	517.0	1.0
SPIKE	S54:C>G	0	16513	0.0	-1.0	0.0	TRUE	C	9.013859E-5	0.0	0.04223246	0.95446754	20.508114	0.07577935	0.5924106	517.0	1.0
SPIKE	S55:A>G	4	16513	2.422334E-4	13.290587	40.0	TRUE	A	2.7981418E-4	145.0	0.053390738	0.86531305	46.314827	0.03366332	0.10226503	517.0	0.0
SPIKE	S55:A>C	0	16513	0.0	-1.0	0.0	TRUE	A	9.712035E-5	140.0	0.015912851	0.9510285	117.49161	0.011640579	0.101000056	517.0	0.0
SPIKE	S55:A>T	0	16513	0.0	-1.0	0.0	TRUE	A	2.3913406E-5	6.0	0.14205974	0.98771286	7.7664623	0.059263475	0.17091852	517.0	1.0
SPIKE	S56:C>T	1	16513	6.055835E-5	-1.0	40.0	TRUE	C	9.463483E-5	36.0	0.05662352	0.9522514	33.824806	0.04601394	0.107481614	517.0	0.0
SPIKE	S56:C>G	1	16513	6.055835E-5	-1.0	40.0	TRUE	C	9.013859E-5	1.0	0.04223246	0.95446754	20.508114	0.07577935	0.5924106	517.0	1.0
SPIKE	S56:C>A	2	16513	1.211167E-4	-1.0	40.0	TRUE	C	2.485352E-5	13.0	0.09717146	0.9872329	12.709175	0.034967553	0.16906987	517.0	0.0
SPIKE	S57:C>T	1	16513	6.055835E-5	-1.0	40.0	TRUE	C	6.834738E-5	26.0	0.05662352	0.9652814	33.824806	0.04601394	0.107481614	517.0	0.0
SPIKE	S57:C>A	2	16513	1.211167E-4	-1.0	40.0	TRUE	C	2.4297518E-5	0.0	0.09717146	0.98751676	12.709175	0.034967553	0.16906987	517.0	1.0
SPIKE	S57:C>G	0	16513	0.0	-1.0	0.0	TRUE	C	9.013859E-5	0.0	0.04223246	0.95446754	20.508114	0.07577935	0.5924106	517.0	1.0
SPIKE	S58:A>G	0	16513	0.0	-1.0	0.0	TRUE	A	9.262814E-5	48.0	0.053390738	0.9532398	46.314827	0.03366332	0.10226503	517.0	0.0
SPIKE	S58:A>C	0	16513	0.0	-1.0	0.0	TRUE	A	2.150522E-5	31.0	0.015912851	0.9889434	117.49161	0.011640579	0.101000056	517.0	0.0
SPIKE	S58:A>T	0	16513	0.0	-1.0	0.0	TRUE	A	2.3913406E-5	0.0	0.14205974	0.98771286	7.7664623	0.059263475	0.17091852	517.0	1.0
SPIKE	S59:T>C	1	16513	6.055835E-5	-1.0	40.0	TRUE	T	7.703535E-5	32.0	0.057526603	0.9609554	46.314827	0.042179067	0.11611089	517.0	0.0
SPIKE	S59:T>A	0	16513	0.0	-1.0	0.0	TRUE	T	9.583962E-5	26.0	0.15850462	0.9516584	7.7664623	0.07233459	0.14256777	517.0	0.0
SPIKE	S59:T>G	0	16513	0.0	-1.0	0.0	TRUE	T	5.742514E-4	3.0	0.12721196	0.7431272	117.49161	0.092472464	0.1278673	517.0	1.0
SPIKE	S60:T>C	5	16513	3.0279174E-4	-1.0	40.0	TRUE	T	2.8888257E-5	12.0	0.057526603	0.9851757	46.314827	0.042179067	0.11611089	517.0	0.0
SPIKE	S60:T>A	0	16513	0.0	-1.0	0.0	TRUE	T	2.8628263E-5	1.0	0.15850462	0.9853082	7.7664623	0.07233459	0.14256777	517.0	1.0
SPIKE	S60:T>G	0	16513	0.0	-1.0	0.0	TRUE	T	5.742514E-4	1.0	0.12721196	0.7431272	117.49161	0.092472464	0.1278673	517.0	1.0
SPIKE	S61:G>A	1	16513	6.055835E-5	-1.0	40.0	TRUE	G	4.5963854E-5	18.0	0.06327185	0.9765168	33.824806	0.045014907	0.10548037	517.0	0.0
SPIKE	S61:G>C	0	16513	0.0	-1.0	0.0	TRUE	G	9.775592E-5	0.0	0.115337566	0.9507161	20.508114	0.088974535	0.13275847	517.0	1.0
SPIKE	S61:G>T	0	16513	0.0	-1.0	0.0	TRUE	G	1.0456744E-4	22.0	0.16887197	0.947374	12.709175	0.09443475	0.10328087	517.0	0.0
SPIKE	S62:A>T	1	16513	6.055835E-5	-1.0	40.0	TRUE	A	2.3913406E-5	0.0	0.14205974	0.98771286	7.7664623	0.059263475	0.17091852	517.0	1.0
SPIKE	S62:A>G	1	16513	6.055835E-5	-1.0	40.0	TRUE	A	5.789259E-5	30.0	0.053390738	0.970513	46.314827	0.03366332	0.10226503	517.0	0.0
SPIKE	D62-63:A>	3	16513	1.8167504E-4	-1.0	39.999878	TRUE		NaN	NaN	NaN	NaN	NaN	NaN	NaN	NaN	NaN
SPIKE	S62:A>C	0	16513	0.0	-1.0	0.0	TRUE	A	8.1505896E-5	0.0	0.015912851	0.95873696	117.49161	0.011640579	0.101000056	517.0	1.0
SPIKE	S63:A>T	1	16513	6.055835E-5	-1.0	40.0	TRUE	A	2.3913406E-5	0.0	0.14205974	0.98771286	7.7664623	0.059263475	0.17091852	517.0	1.0
SPIKE	S63:A>G	1	16513	6.055835E-5	-1.0	40.0	TRUE	A	8.9376175E-5	5.0	0.053390738	0.9548438	46.314827	0.03366332	0.10226503	517.0	1.0
SPIKE	S63:A>C	0	16513	0.0	-1.0	0.0	TRUE	A	8.1505896E-5	0.0	0.015912851	0.95873696	117.49161	0.011640579	0.101000056	517.0	1.0
SPIKE	S64:A>C	1	16513	6.055835E-5	-1.0	40.0	TRUE	A	8.1505896E-5	2.0	0.015912851	0.95873696	117.49161	0.011640579	0.101000056	517.0	1.0
SPIKE	S64:A>T	2	16513	1.211167E-4	-1.0	40.0	TRUE	A	2.3913406E-5	1.0	0.14205974	0.98771286	7.7664623	0.059263475	0.17091852	517.0	1.0
SPIKE	S64:A>G	0	16513	0.0	-1.0	0.0	TRUE	A	5.596284E-5	29.0	0.053390738	0.97148174	46.314827	0.03366332	0.10226503	517.0	0.0
SPIKE	S65:A>G	0	16513	0.0	-1.0	0.0	TRUE	A	1.3701247E-4	71.0	0.053390738	0.9316152	46.314827	0.03366332	0.10226503	517.0	0.0
SPIKE	S65:A>C	0	16513	0.0	-1.0	0.0	TRUE	A	6.520937E-5	94.0	0.015912851	0.96684873	117.49161	0.011640579	0.101000056	517.0	0.0
SPIKE	S65:A>T	0	16513	0.0	-1.0	0.0	TRUE	A	2.3913406E-5	2.0	0.14205974	0.98771286	7.7664623	0.059263475	0.17091852	517.0	1.0
SPIKE	S66:C>A	1	16513	6.055835E-5	-1.0	40.0	TRUE	C	2.4297518E-5	6.0	0.09717146	0.98751676	12.709175	0.034967553	0.16906987	517.0	1.0
SPIKE	S66:C>T	2	16513	1.211167E-4	-1.0	40.0	TRUE	C	5.520365E-5	21.0	0.05662352	0.97186315	33.824806	0.04601394	0.107481614	517.0	0.0
SPIKE	S66:C>G	0	16513	0.0	-1.0	0.0	TRUE	C	9.013859E-5	0.0	0.04223246	0.95446754	20.508114	0.07577935	0.5924106	517.0	1.0
SPIKE	S67:C>A	4	16513	2.422334E-4	-1.0	40.0	TRUE	C	4.588342E-5	24.0	0.09717146	0.97655743	12.709175	0.034967553	0.16906987	517.0	0.0
SPIKE	S67:C>G	0	16513	0.0	-1.0	0.0	TRUE	C	9.013859E-5	0.0	0.04223246	0.95446754	20.508114	0.07577935	0.5924106	517.0	1.0
SPIKE	S67:C>T	0	16513	0.0	-1.0	0.0	TRUE	C	3.417369E-5	13.0	0.05662352	0.9824874	33.824806	0.04601394	0.107481614	517.0	0.0
SPIKE	S68:A>G	1	16513	6.055835E-5	4.2596874	40.0	TRUE	A	2.7981418E-4	145.0	0.053390738	0.86531305	46.314827	0.03366332	0.10226503	517.0	0.0
SPIKE	S68:A>C	0	16513	0.0	-1.0	0.0	TRUE	A	8.1505896E-5	9.0	0.015912851	0.95873696	117.49161	0.011640579	0.101000056	517.0	1.0
SPIKE	S68:A>T	0	16513	0.0	-1.0	0.0	TRUE	A	2.3913406E-5	7.0	0.14205974	0.98771286	7.7664623	0.059263475	0.17091852	517.0	1.0
SPIKE	S69:G>A	1	16513	6.055835E-5	-1.0	40.0	TRUE	G	4.3410306E-5	17.0	0.06327185	0.97780687	33.824806	0.045014907	0.10548037	517.0	0.0
SPIKE	S69:G>C	0	16513	0.0	-1.0	0.0	TRUE	G	1.1916737E-4	25.0	0.115337566	0.94025	20.508114	0.088974535	0.13275847	517.0	0.0
SPIKE	S69:G>T	0	16513	0.0	-1.0	0.0	TRUE	G	6.0407547E-5	3.0	0.16887197	0.96925193	12.709175	0.09443475	0.10328087	517.0	1.0
SPIKE	S70:C>A	2	16513	1.211167E-4	-1.0	40.0	TRUE	C	2.4297518E-5	1.0	0.09717146	0.98751676	12.709175	0.034967553	0.16906987	517.0	1.0
SPIKE	S70:C>T	7	16513	4.2390844E-4	-1.0	40.0	TRUE	C	1.4458099E-4	55.0	0.05662352	0.92797697	33.824806	0.04601394	0.107481614	517.0	0.0
SPIKE	S70:C>G	0	16513	0.0	-1.0	0.0	TRUE	C	9.013859E-5	0.0	0.04223246	0.95446754	20.508114	0.07577935	0.5924106	517.0	1.0
SPIKE	S71:C>A	4	16513	2.422334E-4	-1.0	40.0	TRUE	C	2.4297518E-5	0.0	0.09717146	0.98751676	12.709175	0.034967553	0.16906987	517.0	1.0
SPIKE	S71:C>G	0	16513	0.0	-1.0	0.0	TRUE	C	1.05486346E-4	24.0	0.04223246	0.94692403	20.508114	0.07577935	0.5924106	517.0	0.0
SPIKE	S71:C>T	0	16513	0.0	-1.0	0.0	TRUE	C	6.834738E-5	26.0	0.05662352	0.9652814	33.824806	0.04601394	0.107481614	517.0	0.0
SPIKE	S72:G>A	0	16513	0.0	-1.0	0.0	TRUE	G	9.448126E-5	37.0	0.06327185	0.952327	33.824806	0.045014907	0.10548037	517.0	0.0
SPIKE	S72:G>C	0	16513	0.0	-1.0	0.0	TRUE	G	9.775592E-5	0.0	0.115337566	0.9507161	20.508114	0.088974535	0.13275847	517.0	1.0
SPIKE	S72:G>T	0	16513	0.0	-1.0	0.0	TRUE	G	9.030825E-5	19.0	0.16887197	0.9543838	12.709175	0.09443475	0.10328087	517.0	0.0
SPIKE	S73:T>G	1	16513	6.055835E-5	-1.0	40.0	TRUE	T	1.2707748E-4	26.0	0.12721196	0.93641263	117.49161	0.092472464	0.1278673	517.0	0.0
SPIKE	S73:T>A	0	16513	0.0	-1.0	0.0	TRUE	T	2.8628263E-5	1.0	0.15850462	0.9853082	7.7664623	0.07233459	0.14256777	517.0	1.0
SPIKE	S73:T>C	0	16513	0.0	-1.0	0.0	TRUE	T	2.3110605E-4	96.0	0.057526603	0.8873801	46.314827	0.042179067	0.11611089	517.0	0.0
SPIKE	S74:G>A	0	16513	0.0	-1.0	0.0	TRUE	G	8.637325E-5	9.0	0.06327185	0.9563274	33.824806	0.045014907	0.10548037	517.0	1.0
SPIKE	S74:G>C	0	16513	0.0	-1.0	0.0	TRUE	G	9.775592E-5	0.0	0.115337566	0.9507161	20.508114	0.088974535	0.13275847	517.0	1.0
SPIKE	S74:G>T	0	16513	0.0	-1.0	0.0	TRUE	G	6.0407547E-5	0.0	0.16887197	0.96925193	12.709175	0.09443475	0.10328087	517.0	1.0
SPIKE	S75:G>A	0	16513	0.0	-1.0	0.0	TRUE	G	4.5963854E-5	18.0	0.06327185	0.9765168	33.824806	0.045014907	0.10548037	517.0	0.0
SPIKE	S75:G>C	0	16513	0.0	-1.0	0.0	TRUE	G	9.775592E-5	1.0	0.115337566	0.9507161	20.508114	0.088974535	0.13275847	517.0	1.0
SPIKE	S75:G>T	0	16513	0.0	-1.0	0.0	TRUE	G	9.030825E-5	19.0	0.16887197	0.9543838	12.709175	0.09443475	0.10328087	517.0	0.0
SPIKE	S76:T>A	0	16513	0.0	-1.0	0.0	TRUE	T	2.8628263E-5	1.0	0.15850462	0.9853082	7.7664623	0.07233459	0.14256777	517.0	1.0
SPIKE	S76:T>G	0	16513	0.0	-1.0	0.0	TRUE	T	8.797672E-5	18.0	0.12721196	0.95553493	117.49161	0.092472464	0.1278673	517.0	0.0
SPIKE	S76:T>C	0	16513	0.0	-1.0	0.0	TRUE	T	1.2758981E-4	53.0	0.057526603	0.9361646	46.314827	0.042179067	0.11611089	517.0	0.0
SPIKE	S77:T>A	0	16513	0.0	-1.0	0.0	TRUE	T	2.8628263E-5	0.0	0.15850462	0.9853082	7.7664623	0.07233459	0.14256777	517.0	1.0
SPIKE	S77:T>G	0	16513	0.0	-1.0	0.0	TRUE	T	5.742514E-4	0.0	0.12721196	0.7431272	117.49161	0.092472464	0.1278673	517.0	1.0
SPIKE	S77:T>C	0	16513	0.0	-1.0	0.0	TRUE	T	1.1149622E-4	5.0	0.057526603	0.94398636	46.314827	0.042179067	0.11611089	517.0	1.0
SPIKE	S78:T>G	1	16513	6.055835E-5	-1.0	40.0	TRUE	T	1.2707748E-4	26.0	0.12721196	0.93641263	117.49161	0.092472464	0.1278673	517.0	0.0
SPIKE	S78:T>A	0	16513	0.0	-1.0	0.0	TRUE	T	2.8628263E-5	1.0	0.15850462	0.9853082	7.7664623	0.07233459	0.14256777	517.0	1.0
SPIKE	S78:T>C	0	16513	0.0	-1.0	0.0	TRUE	T	1.1149622E-4	4.0	0.057526603	0.94398636	46.314827	0.042179067	0.11611089	517.0	1.0
SPIKE	S79:G>A	0	16513	0.0	-1.0	0.0	TRUE	G	4.8517402E-5	19.0	0.06327185	0.9752285	33.824806	0.045014907	0.10548037	517.0	0.0
SPIKE	S79:G>C	0	16513	0.0	-1.0	0.0	TRUE	G	1.3346746E-4	28.0	0.115337566	0.93332416	20.508114	0.088974535	0.13275847	517.0	0.0
SPIKE	S79:G>T	0	16513	0.0	-1.0	0.0	TRUE	G	6.0407547E-5	1.0	0.16887197	0.96925193	12.709175	0.09443475	0.10328087	517.0	1.0
SPIKE	S80:C>A	2	16513	1.211167E-4	-1.0	40.0	TRUE	C	2.4297518E-5	0.0	0.09717146	0.98751676	12.709175	0.034967553	0.16906987	517.0	1.0
SPIKE	S80:C>T	12	16513	7.267002E-4	-1.0	40.0	TRUE	C	1.3669475E-4	52.0	0.05662352	0.93176824	33.824806	0.04601394	0.107481614	517.0	0.0
SPIKE	S80:C>G	0	16513	0.0	-1.0	0.0	TRUE	C	1.0109108E-4	23.0	0.04223246	0.9490782	20.508114	0.07577935	0.5924106	517.0	0.0
SPIKE	S81:G>A	1	16513	6.055835E-5	-1.0	40.0	TRUE	G	8.1713515E-5	32.0	0.06327185	0.958634	33.824806	0.045014907	0.10548037	517.0	0.0
SPIKE	S81:G>T	2	16513	1.211167E-4	-1.0	40.0	TRUE	G	6.0407547E-5	0.0	0.16887197	0.96925193	12.709175	0.09443475	0.10328087	517.0	1.0
SPIKE	S81:G>C	0	16513	0.0	-1.0	0.0	TRUE	G	9.775592E-5	0.0	0.115337566	0.9507161	20.508114	0.088974535	0.13275847	517.0	1.0
SPIKE	S82:G>T	1	16513	6.055835E-5	-1.0	40.0	TRUE	G	6.0407547E-5	1.0	0.16887197	0.96925193	12.709175	0.09443475	0.10328087	517.0	1.0
SPIKE	S82:G>A	0	16513	0.0	-1.0	0.0	TRUE	G	1.3278447E-4	52.0	0.06327185	0.93365383	33.824806	0.045014907	0.10548037	517.0	0.0
SPIKE	S82:G>C	0	16513	0.0	-1.0	0.0	TRUE	G	1.1916737E-4	25.0	0.115337566	0.94025	20.508114	0.088974535	0.13275847	517.0	0.0
SPIKE	S83:C>A	7	16513	4.2390844E-4	-1.0	40.0	TRUE	C	2.4297518E-5	0.0	0.09717146	0.98751676	12.709175	0.034967553	0.16906987	517.0	1.0
SPIKE	S83:C>T	1	16513	6.055835E-5	-1.0	40.0	TRUE	C	9.2006085E-5	35.0	0.05662352	0.95354646	33.824806	0.04601394	0.107481614	517.0	0.0
SPIKE	S83:C>G	0	16513	0.0	-1.0	0.0	TRUE	C	1.09881614E-4	25.0	0.04223246	0.9447747	20.508114	0.07577935	0.5924106	517.0	0.0
SPIKE	S84:G>A	2	16513	1.211167E-4	-1.0	40.0	TRUE	G	1.0469544E-4	41.0	0.06327185	0.9473113	33.824806	0.045014907	0.10548037	517.0	0.0
SPIKE	S84:G>T	1	16513	6.055835E-5	-1.0	40.0	TRUE	G	6.0407547E-5	0.0	0.16887197	0.96925193	12.709175	0.09443475	0.10328087	517.0	1.0
SPIKE	S84:G>C	0	16513	0.0	-1.0	0.0	TRUE	G	9.775592E-5	0.0	0.115337566	0.9507161	20.508114	0.088974535	0.13275847	517.0	1.0
SPIKE	S85:A>G	0	16513	0.0	-1.0	0.0	TRUE	A	8.9376175E-5	3.0	0.053390738	0.9548438	46.314827	0.03366332	0.10226503	517.0	1.0
SPIKE	S85:A>C	0	16513	0.0	-1.0	0.0	TRUE	A	3.2119086E-4	463.0	0.015912851	0.84699905	117.49161	0.011640579	0.101000056	517.0	0.0
SPIKE	S85:A>T	0	16513	0.0	-1.0	0.0	TRUE	A	7.69765E-5	25.0	0.14205974	0.96098465	7.7664623	0.059263475	0.17091852	517.0	0.0
SPIKE	S86:T>A	0	16513	0.0	-1.0	0.0	TRUE	T	2.8628263E-5	0.0	0.15850462	0.9853082	7.7664623	0.07233459	0.14256777	517.0	1.0
SPIKE	S86:T>G	0	16513	0.0	-1.0	0.0	TRUE	T	5.742514E-4	0.0	0.12721196	0.7431272	117.49161	0.092472464	0.1278673	517.0	1.0
SPIKE	S86:T>C	0	16513	0.0	-1.0	0.0	TRUE	T	4.092503E-5	17.0	0.057526603	0.97906405	46.314827	0.042179067	0.11611089	517.0	0.0
SPIKE	S87:T>A	0	16513	0.0	-1.0	0.0	TRUE	T	2.8628263E-5	1.0	0.15850462	0.9853082	7.7664623	0.07233459	0.14256777	517.0	1.0
SPIKE	S87:T>G	0	16513	0.0	-1.0	0.0	TRUE	T	5.742514E-4	2.0	0.12721196	0.7431272	117.49161	0.092472464	0.1278673	517.0	1.0
SPIKE	S87:T>C	0	16513	0.0	-1.0	0.0	TRUE	T	1.1149622E-4	7.0	0.057526603	0.94398636	46.314827	0.042179067	0.11611089	517.0	1.0
SPIKE	S88:T>C	1	16513	6.055835E-5	-1.0	40.0	TRUE	T	1.1149622E-4	9.0	0.057526603	0.94398636	46.314827	0.042179067	0.11611089	517.0	1.0
SPIKE	S88:T>A	0	16513	0.0	-1.0	0.0	TRUE	T	1.032119E-4	28.0	0.15850462	0.94803816	7.7664623	0.07233459	0.14256777	517.0	0.0
SPIKE	S88:T>G	0	16513	0.0	-1.0	0.0	TRUE	T	5.742514E-4	0.0	0.12721196	0.7431272	117.49161	0.092472464	0.1278673	517.0	1.0
SPIKE	S89:A>G	0	16513	0.0	-1.0	0.0	TRUE	A	8.9376175E-5	8.0	0.053390738	0.9548438	46.314827	0.03366332	0.10226503	517.0	1.0
SPIKE	S89:A>C	0	16513	0.0	-1.0	0.0	TRUE	A	8.1505896E-5	0.0	0.015912851	0.95873696	117.49161	0.011640579	0.101000056	517.0	1.0
SPIKE	S89:A>T	0	16513	0.0	-1.0	0.0	TRUE	A	9.5450865E-5	31.0	0.14205974	0.95184976	7.7664623	0.059263475	0.17091852	517.0	0.0
SPIKE	S90:T>A	0	16513	0.0	-1.0	0.0	TRUE	T	2.8628263E-5	1.0	0.15850462	0.9853082	7.7664623	0.07233459	0.14256777	517.0	1.0
SPIKE	S90:T>G	0	16513	0.0	-1.0	0.0	TRUE	T	5.742514E-4	3.0	0.12721196	0.7431272	117.49161	0.092472464	0.1278673	517.0	1.0
SPIKE	S90:T>C	0	16513	0.0	-1.0	0.0	TRUE	T	9.388684E-5	39.0	0.057526603	0.95261973	46.314827	0.042179067	0.11611089	517.0	0.0
SPIKE	S91:C>A	2	16513	1.211167E-4	-1.0	40.0	TRUE	C	2.4297518E-5	1.0	0.09717146	0.98751676	12.709175	0.034967553	0.16906987	517.0	1.0
SPIKE	S91:C>T	4	16513	2.422334E-4	-1.0	40.0	TRUE	C	7.623361E-5	29.0	0.05662352	0.9613538	33.824806	0.04601394	0.107481614	517.0	0.0
SPIKE	S91:C>G	0	16513	0.0	-1.0	0.0	TRUE	C	1.2306741E-4	28.0	0.04223246	0.93835604	20.508114	0.07577935	0.5924106	517.0	0.0
SPIKE	S92:G>A	1	16513	6.055835E-5	-1.0	40.0	TRUE	G	1.3023092E-4	51.0	0.06327185	0.93488723	33.824806	0.045014907	0.10548037	517.0	0.0
SPIKE	S92:G>C	0	16513	0.0	-1.0	0.0	TRUE	G	9.775592E-5	0.0	0.115337566	0.9507161	20.508114	0.088974535	0.13275847	517.0	1.0
SPIKE	S92:G>T	0	16513	0.0	-1.0	0.0	TRUE	G	1.378389E-4	29.0	0.16887197	0.9312172	12.709175	0.09443475	0.10328087	517.0	0.0
SPIKE	S93:T>A	0	16513	0.0	-1.0	0.0	TRUE	T	2.8628263E-5	1.0	0.15850462	0.9853082	7.7664623	0.07233459	0.14256777	517.0	1.0
SPIKE	S93:T>G	0	16513	0.0	-1.0	0.0	TRUE	T	5.742514E-4	0.0	0.12721196	0.7431272	117.49161	0.092472464	0.1278673	517.0	1.0
SPIKE	S93:T>C	0	16513	0.0	-1.0	0.0	TRUE	T	1.8295896E-4	76.0	0.057526603	0.90974605	46.314827	0.042179067	0.11611089	517.0	0.0
SPIKE	S94:C>A	1	16513	6.055835E-5	-1.0	40.0	TRUE	C	2.4297518E-5	1.0	0.09717146	0.98751676	12.709175	0.034967553	0.16906987	517.0	1.0
SPIKE	S94:C>T	2	16513	1.211167E-4	-1.0	40.0	TRUE	C	6.834738E-5	26.0	0.05662352	0.9652814	33.824806	0.04601394	0.107481614	517.0	0.0
SPIKE	S94:C>G	0	16513	0.0	-1.0	0.0	TRUE	C	1.1867214E-4	27.0	0.04223246	0.9404907	20.508114	0.07577935	0.5924106	517.0	0.0
SPIKE	S95:G>A	3	16513	1.8167504E-4	-1.0	40.0	TRUE	G	1.2767737E-4	50.0	0.06327185	0.93612224	33.824806	0.045014907	0.10548037	517.0	0.0
SPIKE	S95:G>T	1	16513	6.055835E-5	-1.0	40.0	TRUE	G	1.1882664E-4	25.0	0.16887197	0.9404156	12.709175	0.09443475	0.10328087	517.0	0.0
SPIKE	S95:G>C	0	16513	0.0	-1.0	0.0	TRUE	G	9.775592E-5	0.0	0.115337566	0.9507161	20.508114	0.088974535	0.13275847	517.0	1.0
SPIKE	S96:T>C	1	16513	6.055835E-5	-1.0	40.0	TRUE	T	2.5758697E-4	107.0	0.057526603	0.8753141	46.314827	0.042179067	0.11611089	517.0	0.0
SPIKE	S96:T>A	0	16513	0.0	-1.0	0.0	TRUE	T	2.8628263E-5	1.0	0.15850462	0.9853082	7.7664623	0.07233459	0.14256777	517.0	1.0
SPIKE	S96:T>G	0	16513	0.0	-1.0	0.0	TRUE	T	5.742514E-4	4.0	0.12721196	0.7431272	117.49161	0.092472464	0.1278673	517.0	1.0
SPIKE	S97:C>A	1	16513	6.055835E-5	-1.0	40.0	TRUE	C	4.970704E-5	26.0	0.09717146	0.97462887	12.709175	0.034967553	0.16906987	517.0	0.0
SPIKE	S97:C>G	0	16513	0.0	-1.0	0.0	TRUE	C	9.013859E-5	0.0	0.04223246	0.95446754	20.508114	0.07577935	0.5924106	517.0	1.0
SPIKE	S97:C>T	0	16513	0.0	-1.0	0.0	TRUE	C	5.7832396E-5	22.0	0.05662352	0.9705432	33.824806	0.04601394	0.107481614	517.0	0.0
SPIKE	S98:A>G	0	16513	0.0	-1.0	0.0	TRUE	A	3.8595063E-5	20.0	0.053390738	0.9802441	46.314827	0.03366332	0.10226503	517.0	0.0
SPIKE	S98:A>C	0	16513	0.0	-1.0	0.0	TRUE	A	8.1505896E-5	2.0	0.015912851	0.95873696	117.49161	0.011640579	0.101000056	517.0	1.0
SPIKE	S98:A>T	0	16513	0.0	-1.0	0.0	TRUE	A	8.621369E-5	28.0	0.14205974	0.9564063	7.7664623	0.059263475	0.17091852	517.0	0.0
SPIKE	S99:T>A	0	16513	0.0	-1.0	0.0	TRUE	T	2.8628263E-5	0.0	0.15850462	0.9853082	7.7664623	0.07233459	0.14256777	517.0	1.0
SPIKE	S99:T>G	0	16513	0.0	-1.0	0.0	TRUE	T	5.742514E-4	1.0	0.12721196	0.7431272	117.49161	0.092472464	0.1278673	517.0	1.0
SPIKE	S99:T>C	0	16513	0.0	-1.0	0.0	TRUE	T	9.8701545E-5	41.0	0.057526603	0.9502514	46.314827	0.042179067	0.11611089	517.0	0.0
SPIKE	S100:C>T	1	16513	6.055835E-5	-1.0	40.0	TRUE	C	1.4195225E-4	54.0	0.05662352	0.929239	33.824806	0.04601394	0.107481614	517.0	0.0
SPIKE	S100:C>A	5	16513	3.0279174E-4	-1.0	40.0	TRUE	C	2.4297518E-5	1.0	0.09717146	0.98751676	12.709175	0.034967553	0.16906987	517.0	1.0
SPIKE	S100:C>G	0	16513	0.0	-1.0	0.0	TRUE	C	1.2306741E-4	28.0	0.04223246	0.93835604	20.508114	0.07577935	0.5924106	517.0	0.0
SPIKE	S101:G>A	3	16513	1.8167504E-4	-1.0	40.0	TRUE	G	7.6606426E-5	30.0	0.06327185	0.9611685	33.824806	0.045014907	0.10548037	517.0	0.0
SPIKE	S101:G>C	0	16513	0.0	-1.0	0.0	TRUE	G	9.775592E-5	1.0	0.115337566	0.9507161	20.508114	0.088974535	0.13275847	517.0	1.0
SPIKE	S101:G>T	0	16513	0.0	-1.0	0.0	TRUE	G	1.2833277E-4	27.0	0.16887197	0.9358051	12.709175	0.09443475	0.10328087	517.0	0.0
SPIKE	S102:T>A	0	16513	0.0	-1.0	0.0	TRUE	T	2.8628263E-5	0.0	0.15850462	0.9853082	7.7664623	0.07233459	0.14256777	517.0	1.0
SPIKE	S102:T>G	0	16513	0.0	-1.0	0.0	TRUE	T	1.5640305E-4	32.0	0.12721196	0.92232245	117.49161	0.092472464	0.1278673	517.0	0.0
SPIKE	S102:T>C	0	16513	0.0	-1.0	0.0	TRUE	T	8.4257415E-5	35.0	0.057526603	0.9573741	46.314827	0.042179067	0.11611089	517.0	0.0
SPIKE	S103:G>T	1	16513	6.055835E-5	-1.0	40.0	TRUE	G	6.0407547E-5	0.0	0.16887197	0.96925193	12.709175	0.09443475	0.10328087	517.0	1.0
SPIKE	S103:G>A	2	16513	1.211167E-4	-1.0	40.0	TRUE	G	2.5535473E-5	10.0	0.06327185	0.98688495	33.824806	0.045014907	0.10548037	517.0	0.0
SPIKE	S103:G>C	0	16513	0.0	-1.0	0.0	TRUE	G	9.775592E-5	1.0	0.115337566	0.9507161	20.508114	0.088974535	0.13275847	517.0	1.0
SPIKE	S104:G>T	2	16513	1.211167E-4	-1.0	40.0	TRUE	G	6.0407547E-5	0.0	0.16887197	0.96925193	12.709175	0.09443475	0.10328087	517.0	1.0
SPIKE	S104:G>A	1	16513	6.055835E-5	-1.0	40.0	TRUE	G	7.405288E-5	29.0	0.06327185	0.9624383	33.824806	0.045014907	0.10548037	517.0	0.0
SPIKE	S104:G>C	0	16513	0.0	-1.0	0.0	TRUE	G	1.0963398E-4	23.0	0.115337566	0.9448957	20.508114	0.088974535	0.13275847	517.0	0.0
SPIKE	S105:C>T	3	16513	1.8167504E-4	-1.0	40.0	TRUE	C	1.4458099E-4	55.0	0.05662352	0.92797697	33.824806	0.04601394	0.107481614	517.0	0.0
SPIKE	S105:C>A	2	16513	1.211167E-4	-1.0	40.0	TRUE	C	2.4297518E-5	0.0	0.09717146	0.98751676	12.709175	0.034967553	0.16906987	517.0	1.0
SPIKE	S105:C>G	0	16513	0.0	-1.0	0.0	TRUE	C	1.14276874E-4	26.0	0.04223246	0.9426303	20.508114	0.07577935	0.5924106	517.0	0.0
SPIKE	S106:G>A	1	16513	6.055835E-5	-1.0	40.0	TRUE	G	1.2512383E-4	49.0	0.06327185	0.9373589	33.824806	0.045014907	0.10548037	517.0	0.0
SPIKE	S106:G>C	0	16513	0.0	-1.0	0.0	TRUE	G	9.775592E-5	0.0	0.115337566	0.9507161	20.508114	0.088974535	0.13275847	517.0	1.0
SPIKE	S106:G>T	0	16513	0.0	-1.0	0.0	TRUE	G	6.0407547E-5	1.0	0.16887197	0.96925193	12.709175	0.09443475	0.10328087	517.0	1.0
SPIKE	S107:G>A	6	16513	3.633501E-4	-1.0	40.0	TRUE	G	9.7034805E-5	38.0	0.06327185	0.9510706	33.824806	0.045014907	0.10548037	517.0	0.0
SPIKE	S107:G>C	0	16513	0.0	-1.0	0.0	TRUE	G	1.2870076E-4	27.0	0.115337566	0.9356271	20.508114	0.088974535	0.13275847	517.0	0.0
SPIKE	S107:G>T	0	16513	0.0	-1.0	0.0	TRUE	G	6.0407547E-5	1.0	0.16887197	0.96925193	12.709175	0.09443475	0.10328087	517.0	1.0
SPIKE	S108:C>A	2	16513	1.211167E-4	-1.0	40.0	TRUE	C	4.397161E-5	23.0	0.09717146	0.97752315	12.709175	0.034967553	0.16906987	517.0	0.0
SPIKE	S108:C>G	0	16513	0.0	-1.0	0.0	TRUE	C	9.013859E-5	1.0	0.04223246	0.95446754	20.508114	0.07577935	0.5924106	517.0	1.0
SPIKE	S108:C>T	0	16513	0.0	-1.0	0.0	TRUE	C	6.308989E-5	24.0	0.05662352	0.96790874	33.824806	0.04601394	0.107481614	517.0	0.0
SPIKE	S109:A>G	0	16513	0.0	-1.0	0.0	TRUE	A	7.526037E-5	39.0	0.053390738	0.96183765	46.314827	0.03366332	0.10226503	517.0	0.0
SPIKE	S109:A>C	0	16513	0.0	-1.0	0.0	TRUE	A	8.1505896E-5	8.0	0.015912851	0.95873696	117.49161	0.011640579	0.101000056	517.0	1.0
SPIKE	S109:A>T	0	16513	0.0	-1.0	0.0	TRUE	A	2.3913406E-5	0.0	0.14205974	0.98771286	7.7664623	0.059263475	0.17091852	517.0	1.0
SPIKE	S110:G>T	1	16513	6.055835E-5	-1.0	40.0	TRUE	G	6.0407547E-5	2.0	0.16887197	0.96925193	12.709175	0.09443475	0.10328087	517.0	1.0
SPIKE	S110:G>A	2	16513	1.211167E-4	-1.0	40.0	TRUE	G	6.894578E-5	27.0	0.06327185	0.9649828	33.824806	0.045014907	0.10548037	517.0	0.0
SPIKE	S110:G>C	0	16513	0.0	-1.0	0.0	TRUE	G	1.0963398E-4	23.0	0.115337566	0.9448957	20.508114	0.088974535	0.13275847	517.0	0.0
SPIKE	S111:C>T	5	16513	3.0279174E-4	-1.0	40.0	TRUE	C	9.7263575E-5	37.0	0.05662352	0.95095813	33.824806	0.04601394	0.107481614	517.0	0.0
SPIKE	S111:C>A	1	16513	6.055835E-5	-1.0	40.0	TRUE	C	2.4297518E-5	7.0	0.09717146	0.98751676	12.709175	0.034967553	0.16906987	517.0	1.0
SPIKE	S111:C>G	0	16513	0.0	-1.0	0.0	TRUE	C	1.09881614E-4	25.0	0.04223246	0.9447747	20.508114	0.07577935	0.5924106	517.0	0.0
SPIKE	S112:G>A	5	16513	3.0279174E-4	-1.0	40.0	TRUE	G	6.894578E-5	27.0	0.06327185	0.9649828	33.824806	0.045014907	0.10548037	517.0	0.0
SPIKE	S112:G>C	0	16513	0.0	-1.0	0.0	TRUE	G	9.775592E-5	0.0	0.115337566	0.9507161	20.508114	0.088974535	0.13275847	517.0	1.0
SPIKE	S112:G>T	0	16513	0.0	-1.0	0.0	TRUE	G	8.5555184E-5	18.0	0.16887197	0.9567319	12.709175	0.09443475	0.10328087	517.0	0.0
SPIKE	S113:T>C	1	16513	6.055835E-5	-1.0	40.0	TRUE	T	9.629419E-5	40.0	0.057526603	0.9514348	46.314827	0.042179067	0.11611089	517.0	0.0
SPIKE	S113:T>G	1	16513	6.055835E-5	-1.0	40.0	TRUE	T	1.02639504E-4	21.0	0.12721196	0.9483187	117.49161	0.092472464	0.1278673	517.0	0.0
SPIKE	S113:T>A	0	16513	0.0	-1.0	0.0	TRUE	T	2.8628263E-5	0.0	0.15850462	0.9853082	7.7664623	0.07233459	0.14256777	517.0	1.0
SPIKE	S114:G>A	0	16513	0.0	-1.0	0.0	TRUE	G	8.1713515E-5	32.0	0.06327185	0.958634	33.824806	0.045014907	0.10548037	517.0	0.0
SPIKE	S114:G>C	0	16513	0.0	-1.0	0.0	TRUE	G	9.775592E-5	3.0	0.115337566	0.9507161	20.508114	0.088974535	0.13275847	517.0	1.0
SPIKE	S114:G>T	0	16513	0.0	-1.0	0.0	TRUE	G	6.0407547E-5	0.0	0.16887197	0.96925193	12.709175	0.09443475	0.10328087	517.0	1.0
SPIKE	S115:A>G	0	16513	0.0	-1.0	0.0	TRUE	A	1.04206665E-4	54.0	0.053390738	0.9475507	46.314827	0.03366332	0.10226503	517.0	0.0
SPIKE	S115:A>C	0	16513	0.0	-1.0	0.0	TRUE	A	7.284026E-5	105.0	0.015912851	0.96304184	117.49161	0.011640579	0.101000056	517.0	0.0
SPIKE	S115:A>T	0	16513	0.0	-1.0	0.0	TRUE	A	2.3913406E-5	2.0	0.14205974	0.98771286	7.7664623	0.059263475	0.17091852	517.0	1.0
SPIKE	S116:C>T	1	16513	6.055835E-5	-1.0	40.0	TRUE	C	4.2059924E-5	16.0	0.05662352	0.97848976	33.824806	0.04601394	0.107481614	517.0	0.0
SPIKE	S116:C>A	1	16513	6.055835E-5	-1.0	40.0	TRUE	C	2.4297518E-5	8.0	0.09717146	0.98751676	12.709175	0.034967553	0.16906987	517.0	1.0
SPIKE	S116:C>G	0	16513	0.0	-1.0	0.0	TRUE	C	9.013859E-5	0.0	0.04223246	0.95446754	20.508114	0.07577935	0.5924106	517.0	1.0
SPIKE	S117:C>T	1	16513	6.055835E-5	-1.0	40.0	TRUE	C	1.3143726E-4	50.0	0.05662352	0.9343043	33.824806	0.04601394	0.107481614	517.0	0.0
SPIKE	S117:C>A	5	16513	3.0279174E-4	-1.0	40.0	TRUE	C	1.9118092E-5	10.0	0.09717146	0.99016464	12.709175	0.034967553	0.16906987	517.0	0.0
SPIKE	S117:C>G	0	16513	0.0	-1.0	0.0	TRUE	C	9.013859E-5	0.0	0.04223246	0.95446754	20.508114	0.07577935	0.5924106	517.0	1.0
SPIKE	S118:T>C	1	16513	6.055835E-5	-1.0	40.0	TRUE	T	9.8701545E-5	41.0	0.057526603	0.9502514	46.314827	0.042179067	0.11611089	517.0	0.0
SPIKE	S118:T>A	1	16513	6.055835E-5	-1.0	40.0	TRUE	T	1.1427032E-4	31.0	0.15850462	0.94263345	7.7664623	0.07233459	0.14256777	517.0	0.0
SPIKE	S118:T>G	0	16513	0.0	-1.0	0.0	TRUE	T	5.742514E-4	4.0	0.12721196	0.7431272	117.49161	0.092472464	0.1278673	517.0	1.0
SPIKE	S119:A>G	0	16513	0.0	-1.0	0.0	TRUE	A	7.526037E-5	39.0	0.053390738	0.96183765	46.314827	0.03366332	0.10226503	517.0	0.0
SPIKE	S119:A>C	0	16513	0.0	-1.0	0.0	TRUE	A	2.3031396E-4	332.0	0.015912851	0.8877436	117.49161	0.011640579	0.101000056	517.0	0.0
SPIKE	S119:A>T	0	16513	0.0	-1.0	0.0	TRUE	A	9.852993E-5	32.0	0.14205974	0.95033574	7.7664623	0.059263475	0.17091852	517.0	0.0
SPIKE	S120:T>A	0	16513	0.0	-1.0	0.0	TRUE	T	2.8628263E-5	1.0	0.15850462	0.9853082	7.7664623	0.07233459	0.14256777	517.0	1.0
SPIKE	S120:T>G	0	16513	0.0	-1.0	0.0	TRUE	T	1.7106584E-4	35.0	0.12721196	0.91535705	117.49161	0.092472464	0.1278673	517.0	0.0
SPIKE	S120:T>C	0	16513	0.0	-1.0	0.0	TRUE	T	6.7405934E-5	28.0	0.057526603	0.96575135	46.314827	0.042179067	0.11611089	517.0	0.0
SPIKE	S121:G>A	0	16513	0.0	-1.0	0.0	TRUE	G	6.894578E-5	27.0	0.06327185	0.9649828	33.824806	0.045014907	0.10548037	517.0	0.0
SPIKE	S121:G>C	0	16513	0.0	-1.0	0.0	TRUE	G	9.775592E-5	0.0	0.115337566	0.9507161	20.508114	0.088974535	0.13275847	517.0	1.0
SPIKE	S121:G>T	0	16513	0.0	-1.0	0.0	TRUE	G	1.806165E-4	38.0	0.16887197	0.9108485	12.709175	0.09443475	0.10328087	517.0	0.0
SPIKE	S122:T>A	0	16513	0.0	-1.0	0.0	TRUE	T	2.8628263E-5	2.0	0.15850462	0.9853082	7.7664623	0.07233459	0.14256777	517.0	1.0
SPIKE	S122:T>G	0	16513	0.0	-1.0	0.0	TRUE	T	1.7106584E-4	35.0	0.12721196	0.91535705	117.49161	0.092472464	0.1278673	517.0	0.0
SPIKE	S122:T>C	0	16513	0.0	-1.0	0.0	TRUE	T	2.5758697E-4	107.0	0.057526603	0.8753141	46.314827	0.042179067	0.11611089	517.0	0.0
SPIKE	S123:G>A	0	16513	0.0	-1.0	0.0	TRUE	G	4.0856758E-5	16.0	0.06327185	0.97909856	33.824806	0.045014907	0.10548037	517.0	0.0
SPIKE	S123:G>C	0	16513	0.0	-1.0	0.0	TRUE	G	9.775592E-5	2.0	0.115337566	0.9507161	20.508114	0.088974535	0.13275847	517.0	1.0
SPIKE	S123:G>T	0	16513	0.0	-1.0	0.0	TRUE	G	1.520981E-4	32.0	0.16887197	0.9243775	12.709175	0.09443475	0.10328087	517.0	0.0
SPIKE	S124:T>C	1	16513	6.055835E-5	-1.0	40.0	TRUE	T	1.5166335E-4	63.0	0.057526603	0.92458534	46.314827	0.042179067	0.11611089	517.0	0.0
SPIKE	S124:T>A	0	16513	0.0	-1.0	0.0	TRUE	T	2.8628263E-5	0.0	0.15850462	0.9853082	7.7664623	0.07233459	0.14256777	517.0	1.0
SPIKE	S124:T>G	0	16513	0.0	-1.0	0.0	TRUE	T	1.8572863E-4	38.0	0.12721196	0.9084443	117.49161	0.092472464	0.1278673	517.0	0.0
SPIKE	S125:G>A	0	16513	0.0	-1.0	0.0	TRUE	G	7.6606426E-5	30.0	0.06327185	0.9611685	33.824806	0.045014907	0.10548037	517.0	0.0
SPIKE	S125:G>C	0	16513	0.0	-1.0	0.0	TRUE	G	1.3346746E-4	28.0	0.115337566	0.93332416	20.508114	0.088974535	0.13275847	517.0	0.0
SPIKE	S125:G>T	0	16513	0.0	-1.0	0.0	TRUE	G	6.0407547E-5	1.0	0.16887197	0.96925193	12.709175	0.09443475	0.10328087	517.0	1.0
SPIKE	S126:C>T	10	16513	6.055835E-4	-1.0	40.0	TRUE	C	1.1566479E-4	44.0	0.05662352	0.94195414	33.824806	0.04601394	0.107481614	517.0	0.0
SPIKE	S126:C>A	1	16513	6.055835E-5	-1.0	40.0	TRUE	C	5.7354275E-5	30.0	0.09717146	0.9707832	12.709175	0.034967553	0.16906987	517.0	0.0
SPIKE	S126:C>G	0	16513	0.0	-1.0	0.0	TRUE	C	1.4504373E-4	33.0	0.04223246	0.927755	20.508114	0.07577935	0.5924106	517.0	0.0
SPIKE	S127:G>A	2	16513	1.211167E-4	-1.0	40.0	TRUE	G	4.8517402E-5	19.0	0.06327185	0.9752285	33.824806	0.045014907	0.10548037	517.0	0.0
SPIKE	S127:G>C	0	16513	0.0	-1.0	0.0	TRUE	G	4.766695E-5	10.0	0.115337566	0.97565734	20.508114	0.088974535	0.13275847	517.0	0.0
SPIKE	S127:G>T	0	16513	0.0	-1.0	0.0	TRUE	G	6.0407547E-5	1.0	0.16887197	0.96925193	12.709175	0.09443475	0.10328087	517.0	1.0
SPIKE	S128:G>A	5	16513	3.0279174E-4	-1.0	40.0	TRUE	G	1.14909635E-4	45.0	0.06327185	0.94232196	33.824806	0.045014907	0.10548037	517.0	0.0
SPIKE	S128:G>C	0	16513	0.0	-1.0	0.0	TRUE	G	1.04867286E-4	22.0	0.115337566	0.9472271	20.508114	0.088974535	0.13275847	517.0	0.0
SPIKE	S128:G>T	0	16513	0.0	-1.0	0.0	TRUE	G	6.0407547E-5	1.0	0.16887197	0.96925193	12.709175	0.09443475	0.10328087	517.0	1.0
SPIKE	S129:C>A	4	16513	2.422334E-4	-1.0	40.0	TRUE	C	1.2617941E-4	66.0	0.09717146	0.9368475	12.709175	0.034967553	0.16906987	517.0	0.0
SPIKE	S129:C>T	4	16513	2.422334E-4	-1.0	40.0	TRUE	C	1.0777856E-4	41.0	0.05662352	0.9458025	33.824806	0.04601394	0.107481614	517.0	0.0
SPIKE	S129:C>G	0	16513	0.0	-1.0	0.0	TRUE	C	1.5383426E-4	35.0	0.04223246	0.92354816	20.508114	0.07577935	0.5924106	517.0	0.0
SPIKE	S130:G>A	3	16513	1.8167504E-4	-1.0	40.0	TRUE	G	6.3838685E-5	25.0	0.06327185	0.9675341	33.824806	0.045014907	0.10548037	517.0	0.0
SPIKE	S130:G>C	0	16513	0.0	-1.0	0.0	TRUE	G	5.7200337E-5	12.0	0.115337566	0.9708604	20.508114	0.088974535	0.13275847	517.0	0.0
SPIKE	S130:G>T	0	16513	0.0	-1.0	0.0	TRUE	G	6.0407547E-5	0.0	0.16887197	0.96925193	12.709175	0.09443475	0.10328087	517.0	1.0
SPIKE	S131:G>A	11	16513	6.661418E-4	-1.0	40.0	TRUE	G	1.506593E-4	59.0	0.06327185	0.9250654	33.824806	0.045014907	0.10548037	517.0	0.0
SPIKE	S131:G>C	0	16513	0.0	-1.0	0.0	TRUE	G	1.04867286E-4	22.0	0.115337566	0.9472271	20.508114	0.088974535	0.13275847	517.0	0.0
SPIKE	S131:G>T	0	16513	0.0	-1.0	0.0	TRUE	G	6.0407547E-5	1.0	0.16887197	0.96925193	12.709175	0.09443475	0.10328087	517.0	1.0
SPIKE	S132:C>A	2	16513	1.211167E-4	-1.0	40.0	TRUE	C	1.9500454E-4	102.0	0.09717146	0.90409815	12.709175	0.034967553	0.16906987	517.0	0.0
SPIKE	S132:C>G	0	16513	0.0	-1.0	0.0	TRUE	C	6.1533705E-5	14.0	0.04223246	0.9686878	20.508114	0.07577935	0.5924106	517.0	0.0
SPIKE	S132:C>T	0	16513	0.0	-1.0	0.0	TRUE	C	9.463483E-5	36.0	0.05662352	0.9522514	33.824806	0.04601394	0.107481614	517.0	0.0
SPIKE	S133:A>G	0	16513	0.0	-1.0	0.0	TRUE	A	5.789259E-5	30.0	0.053390738	0.970513	46.314827	0.03366332	0.10226503	517.0	0.0
SPIKE	S133:A>C	0	16513	0.0	-1.0	0.0	TRUE	A	0.0012473027	1798.0	0.015912851	0.5247384	117.49161	0.011640579	0.101000056	517.0	0.0
SPIKE	S133:A>T	0	16513	0.0	-1.0	0.0	TRUE	A	2.3913406E-5	1.0	0.14205974	0.98771286	7.7664623	0.059263475	0.17091852	517.0	1.0
SPIKE	S134:G>C	1	16513	6.055835E-5	-1.0	40.0	TRUE	G	1.7160102E-4	36.0	0.115337566	0.91510385	20.508114	0.088974535	0.13275847	517.0	0.0
SPIKE	S134:G>A	0	16513	0.0	-1.0	0.0	TRUE	G	6.3838685E-5	25.0	0.06327185	0.9675341	33.824806	0.045014907	0.10548037	517.0	0.0
SPIKE	S134:G>T	0	16513	0.0	-1.0	0.0	TRUE	G	6.0407547E-5	6.0	0.16887197	0.96925193	12.709175	0.09443475	0.10328087	517.0	1.0
SPIKE	S135:C>A	8	16513	4.844668E-4	-1.0	40.0	TRUE	C	6.500151E-5	34.0	0.09717146	0.9669526	12.709175	0.034967553	0.16906987	517.0	0.0
SPIKE	S135:C>T	7	16513	4.2390844E-4	-1.0	40.0	TRUE	C	1.2617977E-4	48.0	0.05662352	0.9368473	33.824806	0.04601394	0.107481614	517.0	0.0
SPIKE	S135:C>G	0	16513	0.0	-1.0	0.0	TRUE	C	9.013859E-5	5.0	0.04223246	0.95446754	20.508114	0.07577935	0.5924106	517.0	1.0
SPIKE	S136:C>A	2	16513	1.211167E-4	-1.0	40.0	TRUE	C	1.7588644E-4	92.0	0.09717146	0.9130786	12.709175	0.034967553	0.16906987	517.0	0.0
SPIKE	S136:C>G	0	16513	0.0	-1.0	0.0	TRUE	C	5.7138437E-5	13.0	0.04223246	0.9708915	20.508114	0.07577935	0.5924106	517.0	0.0
SPIKE	S136:C>T	0	16513	0.0	-1.0	0.0	TRUE	C	4.468867E-5	17.0	0.05662352	0.9771608	33.824806	0.04601394	0.107481614	517.0	0.0
SPIKE	S137:T>A	1	16512	6.0562015E-5	-1.0	38.0	TRUE	T	7.372725E-5	20.0	0.15850462	0.96260035	7.765992	0.07233459	0.14256777	517.0	0.0
SPIKE	S137:T>G	5	16512	3.0281008E-4	-1.0	39.0	TRUE	T	4.8878912E-5	10.0	0.12721196	0.9750462	117.48449	0.092472464	0.1278673	517.0	0.0
SPIKE	S137:T>C	7	16512	4.239341E-4	-1.0	35.285713	TRUE	T	1.0593003E-4	44.0	0.057526603	0.94670683	46.312023	0.042179067	0.11611089	517.0	0.0
SPIKE	S138:G>A	3	16512	1.8168605E-4	-1.0	38.0	TRUE	G	5.3627744E-5	21.0	0.06327185	0.9726553	33.822758	0.045014907	0.10548037	517.0	0.0
SPIKE	S138:G>C	1	16512	6.0562015E-5	-1.0	37.0	TRUE	G	9.775592E-5	2.0	0.115337566	0.9507161	20.506872	0.088974535	0.13275847	517.0	1.0
SPIKE	S138:G>T	0	16512	0.0	-1.0	0.0	TRUE	G	8.080701E-5	17.0	0.16887197	0.95908344	12.7084055	0.09443475	0.10328087	517.0	0.0
SPIKE	S139:A>G	1	16512	6.0562015E-5	-1.0	38.0	TRUE	A	2.1228569E-5	11.0	0.053390738	0.98908484	46.312023	0.03366332	0.10226503	517.0	0.0
SPIKE	S139:A>T	1	16512	6.0562015E-5	-1.0	39.0	TRUE	A	4.9267946E-5	16.0	0.14205974	0.9748501	7.765992	0.059263475	0.17091852	517.0	0.0
SPIKE	D139-140:A>	4	16512	2.4224806E-4	-1.0	38.35011	TRUE		NaN	NaN	NaN	NaN	NaN	NaN	NaN	NaN	NaN
SPIKE	D139-141:AT>	1	16512	6.0562015E-5	-1.0	38.35011	TRUE		NaN	NaN	NaN	NaN	NaN	NaN	NaN	NaN	NaN
SPIKE	I139:>A	1	16512	6.0562015E-5	-1.0	38.35011	TRUE		NaN	NaN	NaN	NaN	NaN	NaN	NaN	NaN	NaN
SPIKE	S139:A>C	0	16512	0.0	-1.0	0.0	TRUE	A	0.0026251832	3784.0	0.015912851	0.25737536	117.48449	0.011640579	0.101000056	517.0	0.0
SPIKE	D140-143:TTA>	1	16512	6.0562015E-5	-1.0	38.805416	TRUE		NaN	NaN	NaN	NaN	NaN	NaN	NaN	NaN	NaN
SPIKE	I140:>T	3	16512	1.8168605E-4	-1.0	38.805416	TRUE		NaN	NaN	NaN	NaN	NaN	NaN	NaN	NaN	NaN
SPIKE	S140:T>C	3	16512	1.8168605E-4	-1.0	37.333332	TRUE	T	1.1149622E-4	9.0	0.057526603	0.94398636	46.312023	0.042179067	0.11611089	517.0	1.0
SPIKE	D140-141:T>	12	16512	7.267442E-4	-1.0	38.805416	TRUE		NaN	NaN	NaN	NaN	NaN	NaN	NaN	NaN	NaN
SPIKE	D140-142:TT>	1	16512	6.0562015E-5	-1.0	38.805416	TRUE		NaN	NaN	NaN	NaN	NaN	NaN	NaN	NaN	NaN
SPIKE	S140:T>A	0	16512	0.0	-1.0	0.0	TRUE	T	4.7922713E-5	13.0	0.15850462	0.97552836	7.765992	0.07233459	0.14256777	517.0	0.0
SPIKE	S140:T>G	0	16512	0.0	-1.0	0.0	TRUE	T	5.742514E-4	8.0	0.12721196	0.7431272	117.48449	0.092472464	0.1278673	517.0	1.0
SPIKE	S141:T>C	1	16512	6.0562015E-5	-1.0	37.0	TRUE	T	3.3705008E-5	14.0	0.057526603	0.98272544	46.312023	0.042179067	0.11611089	517.0	0.0
SPIKE	S141:T>A	0	16512	0.0	-1.0	0.0	TRUE	T	2.8628263E-5	5.0	0.15850462	0.9853082	7.765992	0.07233459	0.14256777	517.0	1.0
SPIKE	S141:T>G	0	16512	0.0	-1.0	0.0	TRUE	T	1.9551565E-4	40.0	0.12721196	0.90385926	117.48449	0.092472464	0.1278673	517.0	0.0
SPIKE	S142:A>G	2	16512	1.2112403E-4	-1.0	39.0	TRUE	A	9.456363E-5	49.0	0.053390738	0.9522865	46.312023	0.03366332	0.10226503	517.0	0.0
SPIKE	S142:A>T	1	16512	6.0562015E-5	-1.0	38.0	TRUE	A	2.3913406E-5	5.0	0.14205974	0.98771286	7.765992	0.059263475	0.17091852	517.0	1.0
SPIKE	D142-143:A>	5	16512	3.0281008E-4	-1.0	38.668423	TRUE		NaN	NaN	NaN	NaN	NaN	NaN	NaN	NaN	NaN
SPIKE	I142:>A	1	16512	6.0562015E-5	-1.0	38.668423	TRUE		NaN	NaN	NaN	NaN	NaN	NaN	NaN	NaN	NaN
SPIKE	S142:A>C	0	16512	0.0	-1.0	0.0	TRUE	A	9.920751E-5	143.0	0.015912851	0.95000285	117.48449	0.011640579	0.101000056	517.0	0.0
SPIKE	I143:>G	3	16512	1.8168605E-4	-1.0	38.92206	TRUE		NaN	NaN	NaN	NaN	NaN	NaN	NaN	NaN	NaN
SPIKE	S143:G>A	3	16512	1.8168605E-4	-1.0	37.666668	TRUE	G	6.894996E-5	27.0	0.06327185	0.9649807	33.822758	0.045014907	0.10548037	517.0	0.0
SPIKE	D143-144:G>	4	16512	2.4224806E-4	-1.0	38.92206	TRUE		NaN	NaN	NaN	NaN	NaN	NaN	NaN	NaN	NaN
SPIKE	S143:G>C	0	16512	0.0	-1.0	0.0	TRUE	G	1.144076E-4	24.0	0.115337566	0.9425666	20.506872	0.088974535	0.13275847	517.0	0.0
SPIKE	S143:G>T	0	16512	0.0	-1.0	0.0	TRUE	G	6.0407547E-5	1.0	0.16887197	0.96925193	12.7084055	0.09443475	0.10328087	517.0	1.0
SPIKE	S144:C>A	1	16509	6.057302E-5	-1.0	36.0	TRUE	C	4.780681E-5	25.0	0.09717146	0.97558683	12.706097	0.034967553	0.16906987	517.0	0.0
SPIKE	S144:C>T	13	16509	7.8744924E-4	-1.0	37.153847	TRUE	C	1.3672787E-4	52.0	0.05662352	0.93175226	33.816612	0.04601394	0.107481614	517.0	0.0
SPIKE	D144-145:C>	13	16509	7.8744924E-4	-1.0	38.91314	TRUE		NaN	NaN	NaN	NaN	NaN	NaN	NaN	NaN	NaN
SPIKE	I144:>C	9	16509	5.451572E-4	-1.0	38.91314	TRUE		NaN	NaN	NaN	NaN	NaN	NaN	NaN	NaN	NaN
SPIKE	S144:C>G	0	16509	0.0	-1.0	0.0	TRUE	C	4.3963293E-5	10.0	0.04223246	0.9775273	20.503147	0.07577935	0.5924106	517.0	0.0
SPIKE	S145:C>A	1	16504	6.059137E-5	-1.0	37.0	TRUE	C	2.4867073E-5	13.0	0.09717146	0.987226	12.702249	0.034967553	0.16906987	517.0	0.0
SPIKE	S145:C>T	5	16504	3.0295685E-4	-1.0	37.2	TRUE	C	8.1535545E-5	31.0	0.05662352	0.95872223	33.806374	0.04601394	0.107481614	517.0	0.0
SPIKE	S145:C>G	0	16504	0.0	-1.0	0.0	TRUE	C	5.7169596E-5	13.0	0.04223246	0.97087586	20.496937	0.07577935	0.5924106	517.0	0.0
SPIKE	S146:C>T	5	16500	3.030303E-4	-1.0	38.0	TRUE	C	1.5521816E-4	59.0	0.05662352	0.9228876	33.79818	0.04601394	0.107481614	517.0	0.0
SPIKE	S146:C>A	0	16500	0.0	-1.0	0.0	TRUE	C	1.1288561E-4	59.0	0.09717146	0.94330853	12.69917	0.034967553	0.16906987	517.0	0.0
SPIKE	S146:C>G	0	16500	0.0	-1.0	0.0	TRUE	C	7.9177094E-5	18.0	0.04223246	0.959892	20.491968	0.07577935	0.5924106	517.0	0.0
SPIKE	S147:G>A	9	16490	5.457853E-4	-1.0	37.555557	TRUE	G	1.07398584E-4	42.0	0.06327185	0.9459883	33.777695	0.045014907	0.10548037	517.0	0.0
SPIKE	S147:G>C	2	16490	1.2128563E-4	-1.0	36.0	TRUE	G	7.637349E-5	16.0	0.115337566	0.9612843	20.47955	0.088974535	0.13275847	517.0	0.0
SPIKE	S147:G>T	0	16490	0.0	-1.0	0.0	TRUE	G	6.663573E-5	14.0	0.16887197	0.966136	12.691474	0.09443475	0.10328087	517.0	0.0
SPIKE	S148:T>G	3	16477	1.8207198E-4	-1.0	38.666668	TRUE	T	1.6654131E-4	34.0	0.12721196	0.9175008	117.23546	0.092472464	0.1278673	517.0	0.0
SPIKE	S148:T>A	0	16477	0.0	-1.0	0.0	TRUE	T	2.8628263E-5	0.0	0.15850462	0.9853082	7.749531	0.07233459	0.14256777	517.0	1.0
SPIKE	S148:T>C	0	16477	0.0	-1.0	0.0	TRUE	T	1.3993164E-4	58.0	0.057526603	0.93021023	46.213856	0.042179067	0.11611089	517.0	0.0
SPIKE	S149:G>A	12	16458	7.291287E-4	-1.0	36.916668	TRUE	G	1.89594E-4	74.0	0.06327185	0.9066307	33.712147	0.045014907	0.10548037	517.0	0.0
SPIKE	S149:G>C	2	16458	1.2152145E-4	-1.0	36.5	TRUE	G	9.565249E-5	20.0	0.115337566	0.9517505	20.439808	0.088974535	0.13275847	517.0	0.0
SPIKE	S149:G>T	0	16458	0.0	-1.0	0.0	TRUE	G	9.537899E-5	20.0	0.16887197	0.9518851	12.666845	0.09443475	0.10328087	517.0	0.0
SPIKE	S150:C>A	0	16433	0.0	-1.0	0.0	TRUE	C	3.4580095E-5	18.0	0.09717146	0.98228097	12.647604	0.034967553	0.16906987	517.0	0.0
SPIKE	S150:C>G	0	16433	0.0	-1.0	0.0	TRUE	C	1.3691651E-4	31.0	0.04223246	0.9316614	20.408758	0.07577935	0.5924106	517.0	0.0
SPIKE	S150:C>T	0	16433	0.0	-1.0	0.0	TRUE	C	1.5320948E-4	58.0	0.05662352	0.92384654	33.66094	0.04601394	0.107481614	517.0	0.0
SPIKE	S151:T>A	0	16414	0.0	-1.0	0.0	TRUE	T	2.8628263E-5	3.0	0.15850462	0.9853082	7.7199	0.07233459	0.14256777	517.0	1.0
SPIKE	S151:T>G	0	16414	0.0	-1.0	0.0	TRUE	T	2.114342E-4	43.0	0.12721196	0.8964511	116.78721	0.092472464	0.1278673	517.0	0.0
SPIKE	S151:T>C	0	16414	0.0	-1.0	0.0	TRUE	T	3.5601557E-4	147.0	0.057526603	0.8318859	46.037155	0.042179067	0.11611089	517.0	0.0
SPIKE	S152:G>A	0	16382	0.0	-1.0	0.0	TRUE	G	6.6923145E-5	26.0	0.06327185	0.96599245	33.55647	0.045014907	0.10548037	517.0	0.0
SPIKE	S152:G>C	0	16382	0.0	-1.0	0.0	TRUE	G	9.775592E-5	1.0	0.115337566	0.9507161	20.34542	0.088974535	0.13275847	517.0	1.0
SPIKE	S152:G>T	0	16382	0.0	-1.0	0.0	TRUE	G	5.2701813E-5	11.0	0.16887197	0.973121	12.608352	0.09443475	0.10328087	517.0	0.0
SPIKE	S153:G>A	0	16318	0.0	-1.0	0.0	TRUE	G	1.24035E-4	48.0	0.06327185	0.9378867	33.425373	0.045014907	0.10548037	517.0	0.0
SPIKE	S153:G>C	0	16318	0.0	-1.0	0.0	TRUE	G	9.775592E-5	1.0	0.115337566	0.9507161	20.265936	0.088974535	0.13275847	517.0	1.0
SPIKE	S153:G>T	0	16318	0.0	-1.0	0.0	TRUE	G	6.0407547E-5	2.0	0.16887197	0.96925193	12.559094	0.09443475	0.10328087	517.0	1.0
