#pipeline_block
reference	mutation	count	coverage	freq	score	cqs	has.reference	ancestral.allele	error.rate	minor.count.local	minor.fdr	minor.recall	minor.count.global	read.fraction.in.minors	q.filtered.read.fraction	mig.size	global.est
SPIKE	S0:T>A	0	56577	0.0	-1.0	0.0	TRUE	T	6.3480256E-4	165.0	0.0021493076	0.9290088	88.57592	0.21813686	0.067940384	116.0	0.0
SPIKE	S0:T>G	0	56577	0.0	-1.0	0.0	TRUE	T	1.741778E-4	46.0	0.0024317726	0.9799981	115.26596	0.21474954	0.06955641	116.0	0.0
SPIKE	S0:T>C	0	56577	0.0	-1.0	0.0	TRUE	T	5.3040474E-4	145.0	0.0031335524	0.9403276	165.03694	0.20760716	0.08040193	116.0	0.0
SPIKE	S1:A>G	0	56691	0.0	-1.0	0.0	TRUE	A	6.3741644E-4	177.0	0.0029985507	0.92872715	165.36949	0.20477094	0.069779254	116.0	0.0
SPIKE	S1:A>C	0	56691	0.0	-1.0	0.0	TRUE	A	4.457163E-4	5.0	0.005652775	0.94961077	115.498215	0.22001854	0.074300244	116.0	1.0
SPIKE	S1:A>T	0	56691	0.0	-1.0	0.0	TRUE	A	8.965146E-4	222.0	0.002182899	0.9012292	88.754395	0.22943918	0.0849124	116.0	0.0
SPIKE	S2:G>A	0	56896	0.0	-1.0	0.0	TRUE	G	9.6366915E-4	272.0	0.0028034153	0.89423597	148.1377	0.20214361	0.075120196	116.0	0.0
SPIKE	S2:G>C	0	56896	0.0	-1.0	0.0	TRUE	G	5.0484785E-4	131.0	0.0013925723	0.9431194	153.41771	0.21957159	0.09115695	116.0	0.0
SPIKE	S2:G>T	0	56896	0.0	-1.0	0.0	TRUE	G	3.5769754E-4	9.0	0.002703916	0.9593561	94.485146	0.21597828	0.07599964	116.0	1.0
SPIKE	S3:C>A	0	57049	0.0	-1.0	0.0	TRUE	C	3.2509287E-4	8.0	0.0033036193	0.9629914	94.73923	0.19640963	0.09278014	116.0	1.0
SPIKE	S3:C>G	0	57049	0.0	-1.0	0.0	TRUE	C	0.001966804	497.0	0.0012053259	0.7960054	153.83028	0.22603545	0.11064431	116.0	0.0
SPIKE	S3:C>T	0	57049	0.0	-1.0	0.0	TRUE	C	4.8346608E-4	138.0	0.0030117438	0.9454616	148.53606	0.20046794	0.0754898	116.0	0.0
SPIKE	S4:G>A	104	57202	0.0018181183	287.65775	40.0	TRUE	G	4.2992175E-4	122.0	0.0028034153	0.95135224	148.93442	0.20214361	0.075120196	116.0	0.0
SPIKE	S4:G>C	53	57202	9.2654105E-4	89.303535	40.0	TRUE	G	0.001330115	347.0	0.0013925723	0.85702056	154.24283	0.21957159	0.09115695	116.0	0.0
SPIKE	S4:G>T	6	57202	1.04891435E-4	9.311187	40.0	TRUE	G	3.916123E-4	104.0	0.002703916	0.95558935	94.99331	0.21597828	0.07599964	116.0	0.0
SPIKE	S5:T>A	12	57233	2.0966925E-4	-1.0	40.0	TRUE	T	4.18351E-5	11.0	0.0021493076	0.9951589	89.60294	0.21813686	0.067940384	116.0	0.0
SPIKE	S5:T>G	4	57233	6.988975E-5	0.30566683	40.0	TRUE	T	0.0015683478	419.0	0.0024317726	0.8336611	116.60245	0.21474954	0.06955641	116.0	0.0
SPIKE	S5:T>C	76	57233	0.0013279052	206.04845	40.0	TRUE	T	4.6646871E-4	129.0	0.0031335524	0.94732755	166.95052	0.20760716	0.08040193	116.0	0.0
SPIKE	I6:>G	1	57264	1.7462979E-5	-1.0	39.99038	TRUE		NaN	NaN	NaN	NaN	NaN	NaN	NaN	NaN	NaN
SPIKE	S6:G>A	39	57264	6.810562E-4	86.648964	40.0	TRUE	G	5.8434217E-4	166.0	0.0028034153	0.9344626	149.09584	0.20214361	0.075120196	116.0	0.0
SPIKE	S6:G>C	52	57264	9.080749E-4	157.78499	40.0	TRUE	G	1.6464847E-4	43.0	0.0013925723	0.981082	154.41002	0.21957159	0.09115695	116.0	0.0
SPIKE	S6:G>T	9	57264	1.5716681E-4	4.459113	40.0	TRUE	G	0.0011698034	311.0	0.002703916	0.87310696	95.09627	0.21597828	0.07599964	116.0	0.0
SPIKE	S7:A>G	38	57294	6.6324574E-4	59.072044	40.0	TRUE	A	0.001264979	355.0	0.0029985507	0.86352056	167.12846	0.20477094	0.069779254	116.0	0.0
SPIKE	S7:A>C	13	57294	2.2689985E-4	25.388708	40.0	TRUE	A	4.457163E-4	4.0	0.005652775	0.94961077	116.72672	0.22001854	0.074300244	116.0	1.0
SPIKE	S7:A>T	80	57294	0.0013963068	246.84459	40.0	TRUE	A	8.790874E-5	22.0	0.002182899	0.9898544	89.69844	0.22943918	0.0849124	116.0	0.0
SPIKE	D7-8:A>	65	57294	0.0011344992	-1.0	39.99745	TRUE		NaN	NaN	NaN	NaN	NaN	NaN	NaN	NaN	NaN
SPIKE	I7:>A	1	57294	1.7453835E-5	-1.0	39.99745	TRUE		NaN	NaN	NaN	NaN	NaN	NaN	NaN	NaN	NaN
SPIKE	S8:A>G	44	57302	7.678615E-4	100.248764	40.0	TRUE	A	6.2349415E-4	175.0	0.0029985507	0.93022823	167.1518	0.20477094	0.069779254	116.0	0.0
SPIKE	S8:A>C	14	57302	2.4431958E-4	27.870962	40.0	TRUE	A	4.457163E-4	4.0	0.005652775	0.94961077	116.74302	0.22001854	0.074300244	116.0	1.0
SPIKE	S8:A>T	49	57302	8.551185E-4	-1.0	40.0	TRUE	A	6.39247E-5	16.0	0.002182899	0.9926122	89.71097	0.22943918	0.0849124	116.0	0.0
SPIKE	S9:G>A	28	57305	4.8861356E-4	29.766178	40.0	TRUE	G	0.0015829267	450.0	0.0028034153	0.83225244	149.20259	0.20214361	0.075120196	116.0	0.0
SPIKE	S9:G>C	35	57305	6.1076693E-4	106.609886	40.0	TRUE	G	1.6070438E-4	42.0	0.0013925723	0.98153096	154.52057	0.21957159	0.09115695	116.0	0.0
SPIKE	S9:G>T	4	57305	6.9801936E-5	8.284564	40.0	TRUE	G	3.5769754E-4	4.0	0.002703916	0.9593561	95.16435	0.21597828	0.07599964	116.0	1.0
SPIKE	D9-10:G>	15	57305	2.6175726E-4	-1.0	39.9781	TRUE		NaN	NaN	NaN	NaN	NaN	NaN	NaN	NaN	NaN
SPIKE	D9-11:GA>	4	57305	6.9801936E-5	-1.0	39.9781	TRUE		NaN	NaN	NaN	NaN	NaN	NaN	NaN	NaN	NaN
SPIKE	S10:A>G	49	57305	8.5507374E-4	74.49031	40.0	TRUE	A	0.0015176834	426.0	0.0029985507	0.838575	167.16055	0.20477094	0.069779254	116.0	0.0
SPIKE	S10:A>C	14	57305	2.4430678E-4	27.870962	40.0	TRUE	A	4.161322E-4	109.0	0.005652775	0.9528752	116.74913	0.22001854	0.074300244	116.0	0.0
SPIKE	S10:A>T	64	57305	0.001116831	198.6798	40.0	TRUE	A	8.7891865E-5	22.0	0.002182899	0.98985636	89.71567	0.22943918	0.0849124	116.0	0.0
SPIKE	D10-11:A>	26	57305	4.537126E-4	-1.0	39.967316	TRUE		NaN	NaN	NaN	NaN	NaN	NaN	NaN	NaN	NaN
SPIKE	D10-12:AC>	2	57305	3.4900968E-5	-1.0	39.967316	TRUE		NaN	NaN	NaN	NaN	NaN	NaN	NaN	NaN	NaN
SPIKE	S11:C>A	1	57307	1.7449875E-5	0.09432235	40.0	TRUE	C	0.0010555444	309.0	0.0033036193	0.8847562	95.16768	0.19640963	0.09278014	116.0	0.0
SPIKE	S11:C>G	33	57307	5.758459E-4	70.57339	40.0	TRUE	C	5.475955E-4	139.0	0.0012053259	0.93845433	154.52596	0.22603545	0.11064431	116.0	0.0
SPIKE	S11:C>T	112	57307	0.001954386	311.10526	40.0	TRUE	C	4.5687627E-4	131.0	0.0030117438	0.94838226	149.2078	0.20046794	0.0754898	116.0	0.0
SPIKE	D11-12:C>	28	57307	4.885965E-4	-1.0	39.96969	TRUE		NaN	NaN	NaN	NaN	NaN	NaN	NaN	NaN	NaN
SPIKE	I12:>G	2	57308	3.489914E-5	-1.0	39.969063	TRUE		NaN	NaN	NaN	NaN	NaN	NaN	NaN	NaN	NaN
SPIKE	S12:G>A	83	57308	0.0014483144	204.44165	40.0	TRUE	G	7.35143E-4	209.0	0.0028034153	0.91825825	149.2104	0.20214361	0.075120196	116.0	0.0
SPIKE	S12:G>C	24	57308	4.1878968E-4	28.673166	40.0	TRUE	G	0.0012511329	327.0	0.0013925723	0.86490864	154.52866	0.21957159	0.09115695	116.0	0.0
SPIKE	S12:G>T	14	57308	2.44294E-4	34.27314	40.0	TRUE	G	3.5769754E-4	6.0	0.002703916	0.9593561	95.169334	0.21597828	0.07599964	116.0	1.0
SPIKE	D12-13:G>	29	57308	5.0603756E-4	-1.0	39.969063	TRUE		NaN	NaN	NaN	NaN	NaN	NaN	NaN	NaN	NaN
SPIKE	D12-14:GA>	2	57308	3.489914E-5	-1.0	39.969063	TRUE		NaN	NaN	NaN	NaN	NaN	NaN	NaN	NaN	NaN
SPIKE	S13:A>G	33	57308	5.758358E-4	36.0457	40.0	TRUE	A	0.0016850391	473.0	0.0029985507	0.8224525	167.1693	0.20477094	0.069779254	116.0	0.0
SPIKE	S13:A>C	14	57308	2.44294E-4	27.870962	40.0	TRUE	A	4.3138053E-4	113.0	0.005652775	0.95119125	116.75525	0.22001854	0.074300244	116.0	0.0
SPIKE	S13:A>T	54	57308	9.4227685E-4	168.5768	40.0	TRUE	A	8.389239E-5	21.0	0.002182899	0.9903157	89.72036	0.22943918	0.0849124	116.0	0.0
SPIKE	D13-14:A>	18	57308	3.1409226E-4	-1.0	39.976566	TRUE		NaN	NaN	NaN	NaN	NaN	NaN	NaN	NaN	NaN
SPIKE	I14:>C	2	57308	3.489914E-5	-1.0	39.97309	TRUE		NaN	NaN	NaN	NaN	NaN	NaN	NaN	NaN	NaN
SPIKE	S14:C>A	4	57308	6.979828E-5	0.4730946	40.0	TRUE	C	0.0014141997	414.0	0.0033036193	0.848702	95.169334	0.19640963	0.09278014	116.0	0.0
SPIKE	S14:C>G	40	57308	6.9798285E-4	121.661385	40.0	TRUE	C	1.9697337E-4	50.0	0.0012053259	0.97741014	154.52866	0.22603545	0.11064431	116.0	0.0
SPIKE	S14:C>T	49	57308	8.55029E-4	134.66039	40.0	TRUE	C	2.37153E-4	68.0	0.0030117438	0.9728652	149.2104	0.20046794	0.0754898	116.0	0.0
SPIKE	D14-15:C>	20	57308	3.4899142E-4	-1.0	39.97309	TRUE		NaN	NaN	NaN	NaN	NaN	NaN	NaN	NaN	NaN
SPIKE	D14-16:CA>	4	57308	6.979828E-5	-1.0	39.97309	TRUE		NaN	NaN	NaN	NaN	NaN	NaN	NaN	NaN	NaN
SPIKE	S15:A>G	47	57308	8.201298E-4	100.31186	40.0	TRUE	A	7.9086405E-4	222.0	0.0029985507	0.91234213	167.1693	0.20477094	0.069779254	116.0	0.0
SPIKE	S15:A>C	16	57308	2.7919313E-4	14.0601015	40.0	TRUE	A	0.0011987034	314.0	0.005652775	0.8701849	116.75525	0.22001854	0.074300244	116.0	0.0
SPIKE	S15:A>T	34	57308	5.932854E-4	-1.0	40.0	TRUE	A	7.590264E-5	19.0	0.002182899	0.99123394	89.72036	0.22943918	0.0849124	116.0	0.0
SPIKE	D15-16:A>	22	57308	3.8389055E-4	-1.0	39.972446	TRUE		NaN	NaN	NaN	NaN	NaN	NaN	NaN	NaN	NaN
SPIKE	S16:G>A	28	57308	4.88588E-4	29.766178	40.0	TRUE	G	0.0015547044	442.0	0.0028034153	0.8349815	149.2104	0.20214361	0.075120196	116.0	0.0
SPIKE	S16:G>T	11	57308	1.9194528E-4	26.1236	40.0	TRUE	G	3.5769754E-4	6.0	0.002703916	0.9593561	95.169334	0.21597828	0.07599964	116.0	1.0
SPIKE	S16:G>C	74	57308	0.0012912683	213.04248	40.0	TRUE	G	3.5582678E-4	93.0	0.0013925723	0.9595643	154.52866	0.21957159	0.09115695	116.0	0.0
SPIKE	D16-17:G>	17	57308	2.966427E-4	-1.0	39.97292	TRUE		NaN	NaN	NaN	NaN	NaN	NaN	NaN	NaN	NaN
SPIKE	D16-18:GA>	8	57308	1.3959657E-4	-1.0	39.97292	TRUE		NaN	NaN	NaN	NaN	NaN	NaN	NaN	NaN	NaN
SPIKE	S17:A>G	47	57308	8.201298E-4	60.870846	40.0	TRUE	A	0.0018168498	510.0	0.0029985507	0.8099728	167.1693	0.20477094	0.069779254	116.0	0.0
SPIKE	S17:A>T	75	57308	0.0013087178	231.79309	40.0	TRUE	A	1.0786164E-4	27.0	0.002182899	0.987566	89.72036	0.22943918	0.0849124	116.0	0.0
SPIKE	S17:A>C	11	57308	1.9194528E-4	20.53052	40.0	TRUE	A	4.457163E-4	8.0	0.005652775	0.94961077	116.75525	0.22001854	0.074300244	116.0	1.0
SPIKE	D17-18:A>	45	57308	7.8523066E-4	-1.0	39.990837	TRUE		NaN	NaN	NaN	NaN	NaN	NaN	NaN	NaN	NaN
SPIKE	S18:A>G	43	57308	7.5033156E-4	106.49548	40.0	TRUE	A	4.0611936E-4	114.0	0.0029985507	0.9539826	167.1693	0.20477094	0.069779254	116.0	0.0
SPIKE	S18:A>T	18	57308	3.1409226E-4	-1.0	40.0	TRUE	A	5.592826E-5	14.0	0.002182899	0.9935333	89.72036	0.22943918	0.0849124	116.0	0.0
SPIKE	S18:A>C	16	57308	2.7919313E-4	39.792072	40.0	TRUE	A	3.7411763E-4	98.0	0.005652775	0.95753056	116.75525	0.22001854	0.074300244	116.0	0.0
SPIKE	S19:C>G	15	57308	2.6174355E-4	46.403885	40.0	TRUE	C	7.878935E-5	20.0	0.0012053259	0.99090207	154.52866	0.22603545	0.11064431	116.0	0.0
SPIKE	S19:C>A	3	57308	5.234871E-5	0.6090995	40.0	TRUE	C	0.0010589418	310.0	0.0033036193	0.8844076	95.169334	0.19640963	0.09278014	116.0	0.0
SPIKE	S19:C>T	33	57308	5.758358E-4	100.58929	40.0	TRUE	C	2.3017792E-4	66.0	0.0030117438	0.97365266	149.2104	0.20046794	0.0754898	116.0	0.0
SPIKE	D19-20:C>	10	57308	1.7449571E-4	-1.0	39.99726	TRUE		NaN	NaN	NaN	NaN	NaN	NaN	NaN	NaN	NaN
SPIKE	S20:C>G	28	57308	4.88588E-4	-1.0	40.0	TRUE	C	5.909201E-5	15.0	0.0012053259	0.9931688	154.52866	0.22603545	0.11064431	116.0	0.0
SPIKE	S20:C>A	12	57308	2.0939484E-4	22.940357	40.0	TRUE	C	4.0649704E-4	119.0	0.0033036193	0.9539408	95.169334	0.19640963	0.09278014	116.0	0.0
SPIKE	S20:C>T	43	57308	7.5033156E-4	130.69229	40.0	TRUE	C	2.3017792E-4	66.0	0.0030117438	0.97365266	149.2104	0.20046794	0.0754898	116.0	0.0
SPIKE	S21:A>G	73	57308	0.0012738187	197.36047	40.0	TRUE	A	4.310565E-4	121.0	0.0029985507	0.951227	167.1693	0.20477094	0.069779254	116.0	0.0
SPIKE	S21:A>T	13	57308	2.2684442E-4	31.537222	40.0	TRUE	A	3.5842168E-4	9.0	0.002182899	0.95927554	89.72036	0.22943918	0.0849124	116.0	1.0
SPIKE	S21:A>C	38	57308	6.630837E-4	59.072044	40.0	TRUE	A	0.0012025209	315.0	0.005652775	0.8697996	116.75525	0.22001854	0.074300244	116.0	0.0
SPIKE	S22:A>C	5	57308	8.7247856E-5	7.3154635	40.0	TRUE	A	4.0847537E-4	107.0	0.005652775	0.95372194	116.75525	0.22001854	0.074300244	116.0	0.0
SPIKE	S22:A>G	0	57308	0.0	-1.0	0.0	TRUE	A	5.9553236E-4	1.0	0.0029985507	0.93325037	167.1693	0.20477094	0.069779254	116.0	1.0
SPIKE	S22:A>T	0	57308	0.0	-1.0	0.0	TRUE	A	3.5842168E-4	0.0	0.002182899	0.95927554	89.72036	0.22943918	0.0849124	116.0	1.0
SPIKE	S23:A>T	5	57308	8.7247856E-5	7.3154635	40.0	TRUE	C	4.114722E-4	103.0	0.002182899	0.9533904	89.72036	0.22943918	0.0849124	116.0	0.0
SPIKE	S23:A>C	57283	57308	0.99956375	9999.0	39.999268	TRUE	C	4.457163E-4	0.0	0.005652775	0.94961077	116.75525	0.22001854	0.074300244	116.0	1.0
SPIKE	S23:A>G	0	57308	0.0	-1.0	0.0	TRUE	C	5.9553236E-4	0.0	0.0029985507	0.93325037	167.1693	0.20477094	0.069779254	116.0	1.0
SPIKE	S24:A>G	5	57308	8.7247856E-5	10.658173	40.0	TRUE	T	3.598075E-4	101.0	0.0029985507	0.95912135	167.1693	0.20477094	0.069779254	116.0	0.0
SPIKE	S24:A>T	57281	57308	0.9995289	9999.0	39.99895	TRUE	T	3.5842168E-4	4.0	0.002182899	0.95927554	89.72036	0.22943918	0.0849124	116.0	1.0
SPIKE	D24-26:AA>	1	57308	1.744957E-5	-1.0	39.98887	TRUE		NaN	NaN	NaN	NaN	NaN	NaN	NaN	NaN	NaN
SPIKE	S24:A>C	0	57308	0.0	-1.0	0.0	TRUE	T	0.0011834333	310.0	0.005652775	0.87172765	116.75525	0.22001854	0.074300244	116.0	0.0
SPIKE	S25:A>G	57285	57308	0.9995987	9999.0	39.999092	TRUE	G	5.9553236E-4	0.0	0.0029985507	0.93325037	167.1693	0.20477094	0.069779254	116.0	1.0
SPIKE	D25-26:A>	5	57308	8.7247856E-5	-1.0	39.987278	TRUE		NaN	NaN	NaN	NaN	NaN	NaN	NaN	NaN	NaN
SPIKE	S25:A>C	0	57308	0.0	-1.0	0.0	TRUE	G	4.457163E-4	2.0	0.005652775	0.94961077	116.75525	0.22001854	0.074300244	116.0	1.0
SPIKE	S25:A>T	0	57308	0.0	-1.0	0.0	TRUE	G	0.0016139298	404.0	0.002182899	0.8292647	89.72036	0.22943918	0.0849124	116.0	0.0
SPIKE	S26:T>G	3	57310	5.2346884E-5	0.14445476	40.0	TRUE	T	0.001603621	429.0	0.0024317726	0.83025694	116.75932	0.21474954	0.06955641	116.0	0.0
SPIKE	S26:T>A	14	57310	2.4428547E-4	43.393585	40.0	TRUE	T	8.735587E-5	23.0	0.0021493076	0.9899179	89.723495	0.21813686	0.067940384	116.0	0.0
SPIKE	S26:T>C	56	57310	9.771419E-4	124.5788	40.0	TRUE	T	7.4029155E-4	205.0	0.0031335524	0.91771	167.17513	0.20760716	0.08040193	116.0	0.0
SPIKE	S27:G>A	30	57315	5.234232E-4	91.55839	40.0	TRUE	G	2.2508806E-4	64.0	0.0028034153	0.9742277	149.22862	0.20214361	0.075120196	116.0	0.0
SPIKE	S27:G>T	4	57315	6.9789756E-5	0.7240611	40.0	TRUE	G	0.0011875529	316.0	0.002703916	0.8713111	95.18096	0.21597828	0.07599964	116.0	0.0
SPIKE	S27:G>C	5	57315	8.72372E-5	-1.0	40.0	TRUE	G	4.9733153E-5	13.0	0.0013925723	0.99424756	154.54753	0.21957159	0.09115695	116.0	0.0
SPIKE	D27-28:G>	35	57315	6.106604E-4	-1.0	39.99663	TRUE		NaN	NaN	NaN	NaN	NaN	NaN	NaN	NaN	NaN
SPIKE	S28:G>A	25	57315	4.3618598E-4	65.15026	40.0	TRUE	G	2.602581E-4	74.0	0.0028034153	0.9702612	149.22862	0.20214361	0.075120196	116.0	0.0
SPIKE	S28:G>T	32	57315	5.5831805E-4	-1.0	40.0	TRUE	G	7.14035E-5	19.0	0.002703916	0.9917514	95.18096	0.21597828	0.07599964	116.0	0.0
SPIKE	S28:G>C	48	57315	8.374771E-4	145.74379	40.0	TRUE	G	2.0275824E-4	53.0	0.0013925723	0.9767545	154.54753	0.21957159	0.09115695	116.0	0.0
SPIKE	S29:G>A	27	57315	4.7108086E-4	62.054737	40.0	TRUE	G	5.099652E-4	145.0	0.0028034153	0.9425598	149.22862	0.20214361	0.075120196	116.0	0.0
SPIKE	S29:G>T	21	57315	3.6639624E-4	64.46568	40.0	TRUE	G	1.01468126E-4	27.0	0.002703916	0.9882987	95.18096	0.21597828	0.07599964	116.0	0.0
SPIKE	S29:G>C	24	57315	4.1873855E-4	-1.0	40.0	TRUE	G	7.268692E-5	19.0	0.0013925723	0.9916038	154.54753	0.21957159	0.09115695	116.0	0.0
SPIKE	S30:A>G	45	57315	7.851348E-4	75.61576	40.0	TRUE	A	0.0012431435	349.0	0.0029985507	0.86571056	167.18971	0.20477094	0.069779254	116.0	0.0
SPIKE	S30:A>T	23	57315	4.0129112E-4	51.26076	40.0	TRUE	A	4.1142193E-4	103.0	0.002182899	0.95339596	89.73132	0.22943918	0.0849124	116.0	0.0
SPIKE	S30:A>C	1	57315	1.7447439E-5	1.0720997	40.0	TRUE	A	4.457163E-4	2.0	0.005652775	0.94961077	116.76951	0.22001854	0.074300244	116.0	1.0
SPIKE	D30-31:A>	1	57315	1.7447439E-5	-1.0	39.98763	TRUE		NaN	NaN	NaN	NaN	NaN	NaN	NaN	NaN	NaN
SPIKE	S31:T>G	1	57316	1.7447135E-5	1.0720997	40.0	TRUE	T	4.3645152E-4	4.0	0.0024317726	0.95063186	116.771545	0.21474954	0.06955641	116.0	1.0
SPIKE	S31:T>A	14	57316	2.442599E-4	13.149927	40.0	TRUE	T	0.0010405653	274.0	0.0021493076	0.8862949	89.73289	0.21813686	0.067940384	116.0	0.0
SPIKE	S31:T>C	25	57316	4.3617838E-4	49.71867	40.0	TRUE	T	6.2466844E-4	173.0	0.0031335524	0.9301015	167.19263	0.20760716	0.08040193	116.0	0.0
SPIKE	S32:C>T	21	57316	3.6638984E-4	26.178127	40.0	TRUE	C	0.0010914489	313.0	0.0030117438	0.8810789	149.23123	0.20046794	0.0754898	116.0	0.0
SPIKE	S32:C>A	15	57316	2.6170703E-4	-1.0	40.0	TRUE	C	5.123197E-5	15.0	0.0033036193	0.9940747	95.182625	0.19640963	0.09278014	116.0	0.0
SPIKE	S32:C>G	13	57316	2.2681276E-4	40.383286	40.0	TRUE	C	9.453402E-5	24.0	0.0012053259	0.98909396	154.55023	0.22603545	0.11064431	116.0	0.0
SPIKE	D32-33:C>	12	57316	2.0936562E-4	-1.0	39.99602	TRUE		NaN	NaN	NaN	NaN	NaN	NaN	NaN	NaN	NaN
SPIKE	S33:C>T	33	57316	5.757555E-4	100.58929	40.0	TRUE	C	1.883011E-4	54.0	0.0030117438	0.9783939	149.23123	0.20046794	0.0754898	116.0	0.0
SPIKE	S33:C>A	4	57316	6.978854E-5	8.284564	40.0	TRUE	C	3.0397635E-4	89.0	0.0033036193	0.9653532	95.182625	0.19640963	0.09278014	116.0	0.0
SPIKE	S33:C>G	28	57316	4.885198E-4	85.53779	40.0	TRUE	C	9.05951E-5	23.0	0.0012053259	0.989546	154.55023	0.22603545	0.11064431	116.0	0.0
SPIKE	S34:A>C	3	57316	5.2341406E-5	0.96486104	40.0	TRUE	A	0.0010076864	264.0	0.005652775	0.88968164	116.771545	0.22001854	0.074300244	116.0	0.0
SPIKE	S34:A>T	20	57316	3.489427E-4	43.298504	40.0	TRUE	A	3.994318E-4	100.0	0.002182899	0.95472294	89.73289	0.22943918	0.0849124	116.0	0.0
SPIKE	S34:A>G	57	57316	9.944867E-4	157.92287	40.0	TRUE	A	3.0988993E-4	87.0	0.0029985507	0.9646912	167.19263	0.20477094	0.069779254	116.0	0.0
SPIKE	S35:T>C	34	57316	5.932026E-4	91.006836	40.0	TRUE	T	3.213612E-4	89.0	0.0031335524	0.96340835	167.19263	0.20760716	0.08040193	116.0	0.0
SPIKE	S35:T>A	15	57316	2.6170703E-4	17.695948	40.0	TRUE	T	9.836E-4	259.0	0.0021493076	0.89217085	89.73289	0.21813686	0.067940384	116.0	0.0
SPIKE	S35:T>G	3	57316	5.2341406E-5	3.748162	40.0	TRUE	T	4.3645152E-4	7.0	0.0024317726	0.95063186	116.771545	0.21474954	0.06955641	116.0	1.0
SPIKE	D35-36:T>	19	57316	3.3149557E-4	-1.0	39.99611	TRUE		NaN	NaN	NaN	NaN	NaN	NaN	NaN	NaN	NaN
SPIKE	S36:T>C	43	57317	7.5021375E-4	130.69229	40.0	TRUE	T	1.9859054E-4	55.0	0.0031335524	0.9772268	167.19556	0.20760716	0.08040193	116.0	0.0
SPIKE	S36:T>A	16	57317	2.791493E-4	39.792072	40.0	TRUE	T	3.6077364E-4	95.0	0.0021493076	0.9590139	89.73445	0.21813686	0.067940384	116.0	0.0
SPIKE	S36:T>G	6	57317	1.04680985E-4	9.311187	40.0	TRUE	T	4.3645152E-4	4.0	0.0024317726	0.95063186	116.77358	0.21474954	0.06955641	116.0	1.0
SPIKE	S37:A>C	2	57317	3.4893663E-5	2.2639637	40.0	TRUE	A	4.457163E-4	0.0	0.005652775	0.94961077	116.77358	0.22001854	0.074300244	116.0	1.0
SPIKE	S37:A>T	6	57317	1.04680985E-4	1.8236556	40.0	TRUE	A	0.001238217	310.0	0.002182899	0.86620545	89.73445	0.22943918	0.0849124	116.0	0.0
SPIKE	S37:A>G	54	57317	9.421289E-4	149.35994	40.0	TRUE	A	2.849513E-4	80.0	0.0029985507	0.96748596	167.19556	0.20477094	0.069779254	116.0	0.0
SPIKE	D37-38:A>	3	57317	5.2340492E-5	-1.0	39.987507	TRUE		NaN	NaN	NaN	NaN	NaN	NaN	NaN	NaN	NaN
SPIKE	S38:T>C	33	57317	5.757454E-4	78.52778	40.0	TRUE	T	4.5134214E-4	125.0	0.0031335524	0.94899124	167.19556	0.20760716	0.08040193	116.0	0.0
SPIKE	S38:T>A	16	57317	2.791493E-4	19.635284	40.0	TRUE	T	9.22821E-4	243.0	0.0021493076	0.8984832	89.73445	0.21813686	0.067940384	116.0	0.0
SPIKE	S38:T>G	1	57317	1.7446831E-5	1.0720997	40.0	TRUE	T	4.3645152E-4	3.0	0.0024317726	0.95063186	116.77358	0.21474954	0.06955641	116.0	1.0
SPIKE	S39:C>T	45	57317	7.851074E-4	81.44944	40.0	TRUE	C	0.0011018909	316.0	0.0030117438	0.88001233	149.23384	0.20046794	0.0754898	116.0	0.0
SPIKE	S39:C>A	8	57317	1.3957465E-4	18.199682	40.0	TRUE	C	3.2509287E-4	4.0	0.0033036193	0.9629914	95.18428	0.19640963	0.09278014	116.0	1.0
SPIKE	S39:C>G	6	57317	1.04680985E-4	13.113299	40.0	TRUE	C	3.0723022E-4	78.0	0.0012053259	0.9649889	154.55293	0.22603545	0.11064431	116.0	0.0
SPIKE	D39-40:C>	2	57317	3.4893663E-5	-1.0	39.987995	TRUE		NaN	NaN	NaN	NaN	NaN	NaN	NaN	NaN	NaN
SPIKE	S40:G>C	23	57317	4.012771E-4	34.381992	40.0	TRUE	G	9.6019893E-4	251.0	0.0013925723	0.894596	154.55293	0.21957159	0.09115695	116.0	0.0
SPIKE	S40:G>T	4	57317	6.9787326E-5	8.284564	40.0	TRUE	G	3.5769754E-4	7.0	0.002703916	0.9593561	95.18428	0.21597828	0.07599964	116.0	1.0
SPIKE	S40:G>A	63	57317	0.0010991504	168.50946	40.0	TRUE	G	4.255423E-4	121.0	0.0028034153	0.95183563	149.23384	0.20214361	0.075120196	116.0	0.0
SPIKE	D40-41:G>	9	57317	1.5702148E-4	-1.0	39.99592	TRUE		NaN	NaN	NaN	NaN	NaN	NaN	NaN	NaN	NaN
SPIKE	S41:G>C	17	57317	2.9659612E-4	35.485752	40.0	TRUE	G	4.0932783E-4	107.0	0.0013925723	0.9536276	154.55293	0.21957159	0.09115695	116.0	0.0
SPIKE	S41:G>T	4	57317	6.9787326E-5	8.284564	40.0	TRUE	G	3.5769754E-4	7.0	0.002703916	0.9593561	95.18428	0.21597828	0.07599964	116.0	1.0
SPIKE	S41:G>A	22	57317	3.8383028E-4	67.47598	40.0	TRUE	G	1.7584392E-4	50.0	0.0028034153	0.97980875	149.23384	0.20214361	0.075120196	116.0	0.0
SPIKE	S42:C>T	80	57318	0.0013957222	217.65251	40.0	TRUE	C	4.5678858E-4	131.0	0.0030117438	0.9483919	149.23643	0.20046794	0.0754898	116.0	0.0
SPIKE	S42:C>A	10	57318	1.7446527E-4	23.451881	40.0	TRUE	C	3.2509287E-4	5.0	0.0033036193	0.9629914	95.18594	0.19640963	0.09278014	116.0	1.0
SPIKE	S42:C>G	16	57318	2.791444E-4	14.0601015	40.0	TRUE	C	0.0012013279	305.0	0.0012053259	0.86992	154.55562	0.22603545	0.11064431	116.0	0.0
SPIKE	D42-43:C>	37	57318	6.455215E-4	-1.0	39.96235	TRUE		NaN	NaN	NaN	NaN	NaN	NaN	NaN	NaN	NaN
SPIKE	D42-44:CG>	2	57318	3.489305E-5	-1.0	39.96235	TRUE		NaN	NaN	NaN	NaN	NaN	NaN	NaN	NaN	NaN
SPIKE	S43:G>C	17	57320	2.965806E-4	21.62371	40.0	TRUE	G	8.6834165E-4	227.0	0.0013925723	0.9041793	154.56102	0.21957159	0.09115695	116.0	0.0
SPIKE	S43:G>T	3	57320	5.2337753E-5	6.0206	40.0	TRUE	G	3.5769754E-4	3.0	0.002703916	0.9593561	95.18926	0.21597828	0.07599964	116.0	1.0
SPIKE	S43:G>A	58	57320	0.0010118632	165.91978	40.0	TRUE	G	3.3760266E-4	96.0	0.0028034153	0.961595	149.24164	0.20214361	0.075120196	116.0	0.0
SPIKE	D43-44:G>	1	57320	1.7445918E-5	-1.0	39.995586	TRUE		NaN	NaN	NaN	NaN	NaN	NaN	NaN	NaN	NaN
SPIKE	S44:G>C	31	57320	5.4082344E-4	82.3502	40.0	TRUE	G	3.1749936E-4	83.0	0.0013925723	0.96384007	154.56102	0.21957159	0.09115695	116.0	0.0
SPIKE	S44:G>T	13	57320	2.2679692E-4	-1.0	40.0	TRUE	G	4.5093013E-5	12.0	0.002703916	0.99478287	95.18926	0.21597828	0.07599964	116.0	0.0
SPIKE	S44:G>A	23	57320	4.012561E-4	59.459663	40.0	TRUE	G	2.7430215E-4	78.0	0.0028034153	0.9686819	149.24164	0.20214361	0.075120196	116.0	0.0
SPIKE	S45:C>T	77	57320	0.0013433356	221.90305	39.467533	TRUE	C	3.451946E-4	99.0	0.0030117438	0.96074855	149.24164	0.20046794	0.0754898	116.0	0.0
SPIKE	S45:C>A	9	57320	1.5701326E-4	20.808811	40.0	TRUE	C	3.2509287E-4	2.0	0.0033036193	0.9629914	95.18926	0.19640963	0.09278014	116.0	1.0
SPIKE	S45:C>G	28	57320	4.884857E-4	41.079506	40.0	TRUE	C	0.0011422064	290.0	0.0012053259	0.87590647	154.56102	0.22603545	0.11064431	116.0	0.0
SPIKE	S46:G>C	47	57320	8.199581E-4	86.44843	40.0	TRUE	G	0.0010137028	265.0	0.0013925723	0.8890609	154.56102	0.21957159	0.09115695	116.0	0.0
SPIKE	S46:G>T	1	57320	1.7445918E-5	2.0412	40.0	TRUE	G	3.5769754E-4	4.0	0.002703916	0.9593561	95.18926	0.21597828	0.07599964	116.0	1.0
SPIKE	S46:G>A	45	57320	7.850663E-4	112.14543	40.0	TRUE	G	4.290367E-4	122.0	0.0028034153	0.9514499	149.24164	0.20214361	0.075120196	116.0	0.0
SPIKE	D46-47:G>	1	57320	1.7445918E-5	-1.0	39.988922	TRUE		NaN	NaN	NaN	NaN	NaN	NaN	NaN	NaN	NaN
SPIKE	S47:A>T	23	57321	4.012491E-4	70.48629	40.0	TRUE	A	1.1981909E-4	30.0	0.002182899	0.9861971	89.740715	0.22943918	0.0849124	116.0	0.0
SPIKE	S47:A>G	37	57321	6.454877E-4	67.61125	40.0	TRUE	A	8.7972573E-4	247.0	0.0029985507	0.90298605	167.20721	0.20477094	0.069779254	116.0	0.0
SPIKE	D47-48:A>	3	57321	5.233684E-5	-1.0	39.99576	TRUE		NaN	NaN	NaN	NaN	NaN	NaN	NaN	NaN	NaN
SPIKE	S47:A>C	0	57321	0.0	-1.0	0.0	TRUE	A	4.457163E-4	0.0	0.005652775	0.94961077	116.78173	0.22001854	0.074300244	116.0	1.0
SPIKE	S48:A>T	9	57321	1.5701052E-4	28.342087	40.0	TRUE	A	2.2765627E-4	57.0	0.002182899	0.9739375	89.740715	0.22943918	0.0849124	116.0	0.0
SPIKE	S48:A>G	42	57321	7.3271577E-4	114.22498	40.0	TRUE	A	2.599999E-4	73.0	0.0029985507	0.9702903	167.20721	0.20477094	0.069779254	116.0	0.0
SPIKE	S48:A>C	0	57321	0.0	-1.0	0.0	TRUE	A	4.457163E-4	2.0	0.005652775	0.94961077	116.78173	0.22001854	0.074300244	116.0	1.0
SPIKE	S49:T>C	35	57321	6.1059644E-4	106.609886	40.0	TRUE	T	1.6969281E-4	47.0	0.0031335524	0.9805081	167.20721	0.20760716	0.08040193	116.0	0.0
SPIKE	S49:T>G	6	57321	1.0467368E-4	9.311187	40.0	TRUE	T	4.3645152E-4	5.0	0.0024317726	0.95063186	116.78173	0.21474954	0.06955641	116.0	1.0
SPIKE	S49:T>A	20	57321	3.4891226E-4	32.121147	40.0	TRUE	T	8.354175E-4	220.0	0.0021493076	0.90763915	89.740715	0.21813686	0.067940384	116.0	0.0
SPIKE	D49-50:T>	27	57321	4.7103156E-4	-1.0	39.995186	TRUE		NaN	NaN	NaN	NaN	NaN	NaN	NaN	NaN	NaN
SPIKE	D49-51:TT>	1	57321	1.7445613E-5	-1.0	39.995186	TRUE		NaN	NaN	NaN	NaN	NaN	NaN	NaN	NaN	NaN
SPIKE	S50:T>C	31	57321	5.40814E-4	94.56869	40.0	TRUE	T	1.6608232E-4	46.0	0.0031335524	0.9809188	167.20721	0.20760716	0.08040193	116.0	0.0
SPIKE	S50:T>G	2	57321	3.4891225E-5	2.2639637	40.0	TRUE	T	4.3645152E-4	8.0	0.0024317726	0.95063186	116.78173	0.21474954	0.06955641	116.0	1.0
SPIKE	S50:T>A	22	57321	3.838035E-4	-1.0	40.0	TRUE	T	6.455499E-5	17.0	0.0021493076	0.9925396	89.740715	0.21813686	0.067940384	116.0	0.0
SPIKE	D50-51:T>	1	57321	1.7445613E-5	-1.0	39.99836	TRUE		NaN	NaN	NaN	NaN	NaN	NaN	NaN	NaN	NaN
SPIKE	S51:T>C	41	57321	7.152702E-4	111.31377	40.0	TRUE	T	2.5634444E-4	71.0	0.0031335524	0.9707018	167.20721	0.20760716	0.08040193	116.0	0.0
SPIKE	S51:T>G	3	57321	5.233684E-5	3.748162	40.0	TRUE	T	4.3645152E-4	1.0	0.0024317726	0.95063186	116.78173	0.21474954	0.06955641	116.0	1.0
SPIKE	S51:T>A	16	57321	2.791298E-4	39.792072	40.0	TRUE	T	2.6581465E-4	70.0	0.0021493076	0.969636	89.740715	0.21813686	0.067940384	116.0	0.0
SPIKE	S52:A>T	7	57321	1.221193E-4	8.459471	40.0	TRUE	A	6.310472E-4	158.0	0.002182899	0.92941356	89.740715	0.22943918	0.0849124	116.0	0.0
SPIKE	S52:A>C	5	57321	8.7228065E-5	16.300888	40.0	TRUE	A	1.3358313E-4	35.0	0.005652775	0.9846238	116.78173	0.22001854	0.074300244	116.0	0.0
SPIKE	S52:A>G	36	57321	6.280421E-4	96.79472	40.0	TRUE	A	3.0630128E-4	86.0	0.0029985507	0.96509284	167.20721	0.20477094	0.069779254	116.0	0.0
SPIKE	D52-53:A>	2	57321	3.4891225E-5	-1.0	39.98922	TRUE		NaN	NaN	NaN	NaN	NaN	NaN	NaN	NaN	NaN
SPIKE	S53:C>T	34	57321	5.9315085E-4	91.006836	40.0	TRUE	C	2.54533E-4	73.0	0.0030117438	0.9709058	149.24425	0.20046794	0.0754898	116.0	0.0
SPIKE	S53:C>G	60	57321	0.0010467368	171.7956	40.0	TRUE	C	2.9933162E-4	76.0	0.0012053259	0.9658734	154.5637	0.22603545	0.11064431	116.0	0.0
SPIKE	S53:C>A	12	57321	2.0934736E-4	18.50573	40.0	TRUE	C	5.464267E-4	160.0	0.0033036193	0.9385816	95.190926	0.19640963	0.09278014	116.0	0.0
SPIKE	D53-54:C>	45	57321	7.850526E-4	-1.0	39.99592	TRUE		NaN	NaN	NaN	NaN	NaN	NaN	NaN	NaN	NaN
SPIKE	S54:C>T	32	57321	5.582596E-4	97.57899	40.0	TRUE	C	1.9177143E-4	55.0	0.0030117438	0.9780001	149.24425	0.20046794	0.0754898	116.0	0.0
SPIKE	S54:C>G	15	57321	2.616842E-4	-1.0	40.0	TRUE	C	4.3324315E-5	11.0	0.0012053259	0.994987	154.5637	0.22603545	0.11064431	116.0	0.0
SPIKE	S54:C>A	19	57321	3.3146664E-4	58.445087	40.0	TRUE	C	1.1611567E-4	34.0	0.0033036193	0.9866209	95.190926	0.19640963	0.09278014	116.0	0.0
SPIKE	S55:A>T	16	57321	2.791298E-4	49.41419	40.0	TRUE	A	8.387336E-5	21.0	0.002182899	0.9903179	89.740715	0.22943918	0.0849124	116.0	0.0
SPIKE	S55:A>C	2	57321	3.4891225E-5	1.3408211	40.0	TRUE	A	6.450157E-4	169.0	0.005652775	0.9279088	116.78173	0.22001854	0.074300244	116.0	0.0
SPIKE	S55:A>G	86	57321	0.0015003227	212.87337	40.0	TRUE	A	7.194518E-4	202.0	0.0029985507	0.9199312	167.20721	0.20477094	0.069779254	116.0	0.0
SPIKE	D55-56:A>	2	57321	3.4891225E-5	-1.0	39.99135	TRUE		NaN	NaN	NaN	NaN	NaN	NaN	NaN	NaN	NaN
SPIKE	D55-57:AC>	1	57321	1.7445613E-5	-1.0	39.99135	TRUE		NaN	NaN	NaN	NaN	NaN	NaN	NaN	NaN	NaN
SPIKE	S56:C>T	31	57321	5.40814E-4	82.3502	40.0	TRUE	C	2.3709922E-4	68.0	0.0030117438	0.97287124	149.24425	0.20046794	0.0754898	116.0	0.0
SPIKE	S56:C>G	49	57321	8.5483503E-4	148.75409	40.0	TRUE	C	1.8511298E-4	47.0	0.0012053259	0.9787558	154.5637	0.22603545	0.11064431	116.0	0.0
SPIKE	S56:C>A	10	57321	1.7445613E-4	18.164799	40.0	TRUE	C	4.0298968E-4	118.0	0.0033036193	0.954329	95.190926	0.19640963	0.09278014	116.0	0.0
SPIKE	D56-57:C>	19	57321	3.3146664E-4	-1.0	39.99735	TRUE		NaN	NaN	NaN	NaN	NaN	NaN	NaN	NaN	NaN
SPIKE	S57:C>T	40	57321	6.978245E-4	108.40486	40.0	TRUE	C	2.4058597E-4	69.0	0.0030117438	0.97247785	149.24425	0.20046794	0.0754898	116.0	0.0
SPIKE	S57:C>G	12	57321	2.0934736E-4	-1.0	40.0	TRUE	C	6.6955756E-5	17.0	0.0012053259	0.9922632	154.5637	0.22603545	0.11064431	116.0	0.0
SPIKE	S57:C>A	8	57321	1.395649E-4	25.331787	40.0	TRUE	C	8.1964004E-5	24.0	0.0033036193	0.9905372	95.190926	0.19640963	0.09278014	116.0	0.0
SPIKE	S58:A>T	12	57321	2.0934736E-4	37.372986	40.0	TRUE	A	1.0783718E-4	27.0	0.002182899	0.9875688	89.740715	0.22943918	0.0849124	116.0	0.0
SPIKE	S58:A>C	2	57321	3.4891225E-5	2.2639637	40.0	TRUE	A	4.007494E-4	105.0	0.005652775	0.954577	116.78173	0.22001854	0.074300244	116.0	0.0
SPIKE	S58:A>G	68	57321	0.0011863017	182.91243	40.0	TRUE	A	4.3095875E-4	121.0	0.0029985507	0.9512378	167.20721	0.20477094	0.069779254	116.0	0.0
SPIKE	D58-59:A>	1	57321	1.7445613E-5	-1.0	39.993195	TRUE		NaN	NaN	NaN	NaN	NaN	NaN	NaN	NaN	NaN
SPIKE	S59:T>C	41	57321	7.152702E-4	111.31377	40.0	TRUE	T	2.960598E-4	82.0	0.0031335524	0.9662401	167.20721	0.20760716	0.08040193	116.0	0.0
SPIKE	S59:T>G	2	57321	3.4891225E-5	2.2639637	40.0	TRUE	T	4.3645152E-4	1.0	0.0024317726	0.95063186	116.78173	0.21474954	0.06955641	116.0	1.0
SPIKE	S59:T>A	19	57321	3.3146664E-4	40.675655	40.0	TRUE	T	4.4049285E-4	116.0	0.0021493076	0.9501863	89.740715	0.21813686	0.067940384	116.0	0.0
SPIKE	D59-60:T>	4	57321	6.978245E-5	-1.0	39.995518	TRUE		NaN	NaN	NaN	NaN	NaN	NaN	NaN	NaN	NaN
SPIKE	S60:T>C	80	57321	0.001395649	217.65251	40.0	TRUE	T	4.2242676E-4	117.0	0.0031335524	0.9521797	167.20721	0.20760716	0.08040193	116.0	0.0
SPIKE	S60:T>G	1	57321	1.7445613E-5	-1.0	40.0	TRUE	T	6.727189E-5	18.0	0.0024317726	0.99222684	116.78173	0.21474954	0.06955641	116.0	0.0
SPIKE	S60:T>A	11	57321	1.9190175E-4	-1.0	40.0	TRUE	T	5.316293E-5	14.0	0.0021493076	0.9938521	89.740715	0.21813686	0.067940384	116.0	0.0
SPIKE	S61:G>T	7	57321	1.221193E-4	15.631419	40.0	TRUE	G	3.644955E-4	97.0	0.002703916	0.9585999	95.190926	0.21597828	0.07599964	116.0	0.0
SPIKE	S61:G>C	13	57321	2.2679297E-4	40.383286	40.0	TRUE	G	8.415499E-5	22.0	0.0013925723	0.9902855	154.5637	0.21957159	0.09115695	116.0	0.0
SPIKE	S61:G>A	34	57321	5.9315085E-4	91.006836	40.0	TRUE	G	2.883639E-4	82.0	0.0028034153	0.96710306	149.24425	0.20214361	0.075120196	116.0	0.0
SPIKE	D61-62:G>	4	57321	6.978245E-5	-1.0	39.987717	TRUE		NaN	NaN	NaN	NaN	NaN	NaN	NaN	NaN	NaN
SPIKE	S62:A>T	25	57321	4.3614034E-4	76.50689	40.0	TRUE	A	1.5177084E-4	38.0	0.002182899	0.98254865	89.740715	0.22943918	0.0849124	116.0	0.0
SPIKE	S62:A>G	31	57321	5.40814E-4	73.00521	40.0	TRUE	A	5.0575327E-4	142.0	0.0029985507	0.9430204	167.20721	0.20477094	0.069779254	116.0	0.0
SPIKE	D62-63:A>	32	57321	5.582596E-4	-1.0	39.996914	TRUE		NaN	NaN	NaN	NaN	NaN	NaN	NaN	NaN	NaN
SPIKE	I62:>A	3	57321	5.233684E-5	-1.0	39.996914	TRUE		NaN	NaN	NaN	NaN	NaN	NaN	NaN	NaN	NaN
SPIKE	S62:A>C	0	57321	0.0	-1.0	0.0	TRUE	A	4.457163E-4	3.0	0.005652775	0.94961077	116.78173	0.22001854	0.074300244	116.0	1.0
SPIKE	S63:A>T	14	57321	2.442386E-4	-1.0	40.0	TRUE	A	7.189145E-5	18.0	0.002182899	0.9916953	89.740715	0.22943918	0.0849124	116.0	0.0
SPIKE	S63:A>C	4	57321	6.978245E-5	5.449171	40.0	TRUE	A	4.457163E-4	3.0	0.005652775	0.94961077	116.78173	0.22001854	0.074300244	116.0	1.0
SPIKE	S63:A>G	64	57321	0.0011165192	198.6798	40.0	TRUE	A	2.2082185E-4	62.0	0.0029985507	0.9747099	167.20721	0.20477094	0.069779254	116.0	0.0
SPIKE	S64:A>G	43	57321	7.5016136E-4	130.69229	40.0	TRUE	A	2.3150677E-4	65.0	0.0029985507	0.9735026	167.20721	0.20477094	0.069779254	116.0	0.0
SPIKE	S64:A>C	5	57321	8.7228065E-5	7.3154635	40.0	TRUE	A	4.457163E-4	6.0	0.005652775	0.94961077	116.78173	0.22001854	0.074300244	116.0	1.0
SPIKE	S64:A>T	11	57321	1.9190175E-4	-1.0	40.0	TRUE	A	3.9939696E-5	10.0	0.002182899	0.9953777	89.740715	0.22943918	0.0849124	116.0	0.0
SPIKE	S65:A>G	37	57321	6.454877E-4	89.651054	40.0	TRUE	A	3.8821905E-4	109.0	0.0029985507	0.9559655	167.20721	0.20477094	0.069779254	116.0	0.0
SPIKE	S65:A>C	2	57321	3.4891225E-5	3.9120662	40.0	TRUE	A	3.7784944E-4	99.0	0.005652775	0.9571161	116.78173	0.22001854	0.074300244	116.0	0.0
SPIKE	S65:A>T	4	57321	6.978245E-5	8.284564	40.0	TRUE	A	3.5842168E-4	9.0	0.002182899	0.95927554	89.740715	0.22943918	0.0849124	116.0	1.0
SPIKE	S66:C>A	3	57321	5.233684E-5	6.0206	40.0	TRUE	C	3.790835E-4	111.0	0.0033036193	0.95697916	95.190926	0.19640963	0.09278014	116.0	0.0
SPIKE	S66:C>G	18	57321	3.1402105E-4	-1.0	40.0	TRUE	C	5.1201463E-5	13.0	0.0012053259	0.9940782	154.5637	0.22603545	0.11064431	116.0	0.0
SPIKE	S66:C>T	24	57321	4.1869472E-4	73.49659	40.0	TRUE	C	1.638774E-4	47.0	0.0030117438	0.98116976	149.24425	0.20046794	0.0754898	116.0	0.0
SPIKE	D66-67:C>	18	57321	3.1402105E-4	-1.0	39.992744	TRUE		NaN	NaN	NaN	NaN	NaN	NaN	NaN	NaN	NaN
SPIKE	S67:C>A	17	57321	2.9657542E-4	42.57172	40.0	TRUE	C	3.07365E-4	90.0	0.0033036193	0.9649738	95.190926	0.19640963	0.09278014	116.0	0.0
SPIKE	S67:C>G	19	57321	3.3146664E-4	-1.0	40.0	TRUE	C	6.3017185E-5	16.0	0.0012053259	0.99271667	154.5637	0.22603545	0.11064431	116.0	0.0
SPIKE	S67:C>T	38	57321	6.629333E-4	115.640785	40.0	TRUE	C	1.6039064E-4	46.0	0.0030117438	0.98156667	149.24425	0.20046794	0.0754898	116.0	0.0
SPIKE	S68:A>G	60	57321	0.0010467368	127.26923	40.0	TRUE	A	9.36712E-4	263.0	0.0029985507	0.8970366	167.20721	0.20477094	0.069779254	116.0	0.0
SPIKE	S68:A>C	7	57321	1.221193E-4	22.321487	40.0	TRUE	A	1.1068317E-4	29.0	0.005652775	0.9872428	116.78173	0.22001854	0.074300244	116.0	0.0
SPIKE	S68:A>T	10	57321	1.7445613E-4	-1.0	40.0	TRUE	A	5.1921605E-5	13.0	0.002182899	0.9939952	89.740715	0.22943918	0.0849124	116.0	0.0
SPIKE	S69:G>A	27	57321	4.7103156E-4	70.864174	40.0	TRUE	G	2.6374747E-4	75.0	0.0028034153	0.9698686	149.24425	0.20214361	0.075120196	116.0	0.0
SPIKE	S69:G>C	32	57321	5.582596E-4	75.76293	40.0	TRUE	G	4.2460018E-4	111.0	0.0013925723	0.95193964	154.5637	0.21957159	0.09115695	116.0	0.0
SPIKE	S69:G>T	3	57321	5.233684E-5	6.0206	40.0	TRUE	G	3.5769754E-4	5.0	0.002703916	0.9593561	95.190926	0.21597828	0.07599964	116.0	1.0
SPIKE	S70:C>A	15	57321	2.616842E-4	37.025364	40.0	TRUE	C	3.2509287E-4	9.0	0.0033036193	0.9629914	95.190926	0.19640963	0.09278014	116.0	1.0
SPIKE	S70:C>G	9	57321	1.5701052E-4	28.342087	40.0	TRUE	C	1.654201E-4	42.0	0.0012053259	0.9809942	154.5637	0.22603545	0.11064431	116.0	0.0
SPIKE	S70:C>T	25	57321	4.3614034E-4	65.15026	40.0	TRUE	C	2.9986078E-4	86.0	0.0030117438	0.9658142	149.24425	0.20046794	0.0754898	116.0	0.0
SPIKE	D70-71:C>	3	57321	5.233684E-5	-1.0	39.99829	TRUE		NaN	NaN	NaN	NaN	NaN	NaN	NaN	NaN	NaN
SPIKE	S71:C>A	12	57321	2.0934736E-4	28.819815	40.0	TRUE	C	3.2509287E-4	3.0	0.0033036193	0.9629914	95.190926	0.19640963	0.09278014	116.0	1.0
SPIKE	S71:C>G	16	57321	2.791298E-4	39.792072	40.0	TRUE	C	3.7022596E-4	94.0	0.0012053259	0.95796293	154.5637	0.22603545	0.11064431	116.0	0.0
SPIKE	S71:C>T	71	57321	0.0012386385	191.57625	40.0	TRUE	C	4.114369E-4	118.0	0.0030117438	0.95339435	149.24425	0.20046794	0.0754898	116.0	0.0
SPIKE	S72:G>A	77	57321	0.0013433122	208.94737	40.0	TRUE	G	4.2199597E-4	120.0	0.0028034153	0.9522273	149.24425	0.20214361	0.075120196	116.0	0.0
SPIKE	S72:G>C	23	57321	4.012491E-4	70.48629	40.0	TRUE	G	1.9508657E-4	51.0	0.0013925723	0.9776241	154.5637	0.21957159	0.09115695	116.0	0.0
SPIKE	S72:G>T	6	57321	1.0467368E-4	13.113299	40.0	TRUE	G	3.1188788E-4	83.0	0.002703916	0.96446764	95.190926	0.21597828	0.07599964	116.0	0.0
SPIKE	D72-73:G>	3	57321	5.233684E-5	-1.0	39.993946	TRUE		NaN	NaN	NaN	NaN	NaN	NaN	NaN	NaN	NaN
SPIKE	S73:T>A	17	57321	2.9657542E-4	-1.0	40.0	TRUE	T	4.936558E-5	13.0	0.0021493076	0.99428993	89.740715	0.21813686	0.067940384	116.0	0.0
SPIKE	S73:T>G	4	57321	6.978245E-5	5.449171	40.0	TRUE	T	4.0736864E-4	109.0	0.0024317726	0.95384437	116.78173	0.21474954	0.06955641	116.0	0.0
SPIKE	S73:T>C	61	57321	0.0010641824	138.23218	40.0	TRUE	T	7.4375997E-4	206.0	0.0031335524	0.9173409	167.20721	0.20760716	0.08040193	116.0	0.0
SPIKE	S74:G>A	37	57321	6.454877E-4	112.630486	40.0	TRUE	G	2.1099798E-4	60.0	0.0028034153	0.9758213	149.24425	0.20214361	0.075120196	116.0	0.0
SPIKE	S74:G>C	2	57321	3.4891225E-5	1.3408211	40.0	TRUE	G	5.9124123E-4	3.0	0.0013925723	0.93371505	154.5637	0.21957159	0.09115695	116.0	1.0
SPIKE	S74:G>T	1	57321	1.7445613E-5	4.2596874	40.0	TRUE	G	7.891139E-5	21.0	0.002703916	0.99088806	95.190926	0.21597828	0.07599964	116.0	0.0
SPIKE	D74-75:G>	3	57321	5.233684E-5	-1.0	39.998344	TRUE		NaN	NaN	NaN	NaN	NaN	NaN	NaN	NaN	NaN
SPIKE	S75:G>A	24	57321	4.1869472E-4	73.49659	40.0	TRUE	G	1.8989819E-4	54.0	0.0028034153	0.97821265	149.24425	0.20214361	0.075120196	116.0	0.0
SPIKE	S75:G>C	10	57321	1.7445613E-4	-1.0	40.0	TRUE	G	6.502886E-5	17.0	0.0013925723	0.99248505	154.5637	0.21957159	0.09115695	116.0	0.0
SPIKE	S75:G>T	0	57321	0.0	-1.0	0.0	TRUE	G	3.1564556E-4	84.0	0.002703916	0.9640473	95.190926	0.21597828	0.07599964	116.0	0.0
SPIKE	S76:T>A	5	57321	8.7228065E-5	10.658173	40.0	TRUE	T	3.407771E-4	8.0	0.0021493076	0.961241	89.740715	0.21813686	0.067940384	116.0	1.0
SPIKE	S76:T>G	13	57321	2.2679297E-4	40.383286	40.0	TRUE	T	1.7191705E-4	46.0	0.0024317726	0.9802551	116.78173	0.21474954	0.06955641	116.0	0.0
SPIKE	S76:T>C	22	57321	3.838035E-4	56.62427	40.0	TRUE	T	3.2133318E-4	89.0	0.0031335524	0.9634115	167.20721	0.20760716	0.08040193	116.0	0.0
SPIKE	D76-77:T>	9	57321	1.5701052E-4	-1.0	39.993843	TRUE		NaN	NaN	NaN	NaN	NaN	NaN	NaN	NaN	NaN
SPIKE	S77:T>A	18	57321	3.1402105E-4	55.434788	40.0	TRUE	T	1.2531262E-4	33.0	0.0021493076	0.9855689	89.740715	0.21813686	0.067940384	116.0	0.0
SPIKE	S77:T>G	3	57321	5.233684E-5	3.748162	40.0	TRUE	T	4.3645152E-4	4.0	0.0024317726	0.95063186	116.78173	0.21474954	0.06955641	116.0	1.0
SPIKE	S77:T>C	42	57321	7.3271577E-4	127.681984	40.0	TRUE	T	1.9857669E-4	55.0	0.0031335524	0.9772284	167.20721	0.20760716	0.08040193	116.0	0.0
SPIKE	S78:T>A	15	57321	2.616842E-4	-1.0	40.0	TRUE	T	4.1770872E-5	11.0	0.0021493076	0.9951663	89.740715	0.21813686	0.067940384	116.0	0.0
SPIKE	S78:T>G	4	57321	6.978245E-5	8.284564	40.0	TRUE	T	3.6252072E-4	97.0	0.0024317726	0.9588195	116.78173	0.21474954	0.06955641	116.0	0.0
SPIKE	S78:T>C	71	57321	0.0012386385	204.18887	40.0	TRUE	T	3.6826948E-4	102.0	0.0031335524	0.95818037	167.20721	0.20760716	0.08040193	116.0	0.0
SPIKE	S79:G>A	49	57321	8.5483503E-4	148.75409	40.0	TRUE	G	1.8638154E-4	53.0	0.0028034153	0.97861177	149.24425	0.20214361	0.075120196	116.0	0.0
SPIKE	S79:G>C	26	57321	4.5358593E-4	59.339897	40.0	TRUE	G	4.3990108E-4	115.0	0.0013925723	0.9502516	154.5637	0.21957159	0.09115695	116.0	0.0
SPIKE	S79:G>T	2	57321	3.4891225E-5	-1.0	40.0	TRUE	G	7.1396025E-5	19.0	0.002703916	0.99175227	95.190926	0.21597828	0.07599964	116.0	0.0
SPIKE	D79-80:G>	1	57321	1.7445613E-5	-1.0	39.994137	TRUE		NaN	NaN	NaN	NaN	NaN	NaN	NaN	NaN	NaN
SPIKE	S80:C>G	34	57321	5.9315085E-4	73.23097	40.0	TRUE	C	6.3017185E-4	160.0	0.0012053259	0.9295079	154.5637	0.22603545	0.11064431	116.0	0.0
SPIKE	S80:C>A	13	57321	2.2679297E-4	31.537222	40.0	TRUE	C	3.2509287E-4	6.0	0.0033036193	0.9629914	95.190926	0.19640963	0.09278014	116.0	1.0
SPIKE	S80:C>T	47	57321	8.1994385E-4	117.81054	40.0	TRUE	C	5.2649976E-4	151.0	0.0030117438	0.94075364	149.24425	0.20046794	0.0754898	116.0	0.0
SPIKE	D80-81:C>	14	57321	2.442386E-4	-1.0	39.985973	TRUE		NaN	NaN	NaN	NaN	NaN	NaN	NaN	NaN	NaN
SPIKE	S81:G>A	65	57321	0.0011339649	186.50496	40.0	TRUE	G	3.305635E-4	94.0	0.0028034153	0.9623805	149.24425	0.20214361	0.075120196	116.0	0.0
SPIKE	S81:G>T	5	57321	8.7228065E-5	10.658173	40.0	TRUE	G	3.5769754E-4	4.0	0.002703916	0.9593561	95.190926	0.21597828	0.07599964	116.0	1.0
SPIKE	S81:G>C	24	57321	4.1869472E-4	73.49659	40.0	TRUE	G	1.721352E-4	45.0	0.0013925723	0.98023033	154.5637	0.21957159	0.09115695	116.0	0.0
SPIKE	D81-82:G>	1	57321	1.7445613E-5	-1.0	39.99859	TRUE		NaN	NaN	NaN	NaN	NaN	NaN	NaN	NaN	NaN
SPIKE	S82:G>A	31	57321	5.40814E-4	82.3502	40.0	TRUE	G	2.3561441E-4	67.0	0.0028034153	0.97303885	149.24425	0.20214361	0.075120196	116.0	0.0
SPIKE	S82:G>T	8	57321	1.395649E-4	18.199682	40.0	TRUE	G	3.5769754E-4	7.0	0.002703916	0.9593561	95.190926	0.21597828	0.07599964	116.0	1.0
SPIKE	S82:G>C	29	57321	5.0592277E-4	60.04673	40.0	TRUE	G	5.431822E-4	142.0	0.0013925723	0.9389349	154.5637	0.21957159	0.09115695	116.0	0.0
SPIKE	S83:C>G	37	57321	6.454877E-4	81.25747	40.0	TRUE	C	6.65619E-4	169.0	0.0012053259	0.92569375	154.5637	0.22603545	0.11064431	116.0	0.0
SPIKE	S83:C>A	9	57321	1.5701052E-4	20.808811	40.0	TRUE	C	3.2509287E-4	5.0	0.0033036193	0.9629914	95.190926	0.19640963	0.09278014	116.0	1.0
SPIKE	S83:C>T	60	57321	0.0010467368	154.8871	40.0	TRUE	C	4.1492365E-4	119.0	0.0030117438	0.9530088	149.24425	0.20046794	0.0754898	116.0	0.0
SPIKE	S84:G>A	75	57321	0.001308421	192.01152	40.0	TRUE	G	5.94311E-4	169.0	0.0028034153	0.93338263	149.24425	0.20214361	0.075120196	116.0	0.0
SPIKE	S84:G>T	4	57321	6.978245E-5	8.284564	40.0	TRUE	G	3.5769754E-4	4.0	0.002703916	0.9593561	95.190926	0.21597828	0.07599964	116.0	1.0
SPIKE	S84:G>C	8	57321	1.395649E-4	25.331787	40.0	TRUE	G	1.2623248E-4	33.0	0.0013925723	0.98546374	154.5637	0.21957159	0.09115695	116.0	0.0
SPIKE	S85:A>G	40	57321	6.978245E-4	121.661385	40.0	TRUE	A	1.9945198E-4	56.0	0.0029985507	0.97712916	167.20721	0.20477094	0.069779254	116.0	0.0
SPIKE	S85:A>T	21	57321	3.6635788E-4	45.93784	40.0	TRUE	A	4.6330047E-4	116.0	0.002182899	0.94767576	89.740715	0.22943918	0.0849124	116.0	0.0
SPIKE	S85:A>C	3	57321	5.233684E-5	-1.0	40.0	TRUE	A	7.251656E-5	19.0	0.005652775	0.99162334	116.78173	0.22001854	0.074300244	116.0	0.0
SPIKE	S86:T>G	5	57321	8.7228065E-5	7.3154635	40.0	TRUE	T	4.3645152E-4	8.0	0.0024317726	0.95063186	116.78173	0.21474954	0.06955641	116.0	1.0
SPIKE	S86:T>A	15	57321	2.616842E-4	46.403885	40.0	TRUE	T	9.873116E-5	26.0	0.0021493076	0.98861253	89.740715	0.21813686	0.067940384	116.0	0.0
SPIKE	S86:T>C	40	57321	6.978245E-4	108.40486	40.0	TRUE	T	2.960598E-4	82.0	0.0031335524	0.9662401	167.20721	0.20760716	0.08040193	116.0	0.0
SPIKE	D86-87:T>	24	57321	4.1869472E-4	-1.0	39.997017	TRUE		NaN	NaN	NaN	NaN	NaN	NaN	NaN	NaN	NaN
SPIKE	S87:T>G	2	57321	3.4891225E-5	2.2639637	40.0	TRUE	T	4.3645152E-4	4.0	0.0024317726	0.95063186	116.78173	0.21474954	0.06955641	116.0	1.0
SPIKE	S87:T>A	12	57321	2.0934736E-4	-1.0	40.0	TRUE	T	5.316293E-5	14.0	0.0021493076	0.9938521	89.740715	0.21813686	0.067940384	116.0	0.0
SPIKE	S87:T>C	48	57321	8.3738944E-4	145.74379	40.0	TRUE	T	1.8413474E-4	51.0	0.0031335524	0.9788669	167.20721	0.20760716	0.08040193	116.0	0.0
SPIKE	S88:T>G	5	57321	8.7228065E-5	7.3154635	40.0	TRUE	T	4.3645152E-4	2.0	0.0024317726	0.95063186	116.78173	0.21474954	0.06955641	116.0	1.0
SPIKE	S88:T>A	8	57321	1.395649E-4	13.595069	40.0	TRUE	T	5.164399E-4	136.0	0.0021493076	0.9418521	89.740715	0.21813686	0.067940384	116.0	0.0
SPIKE	S88:T>C	44	57321	7.67607E-4	133.70259	40.0	TRUE	T	1.8052426E-4	50.0	0.0031335524	0.9792769	167.20721	0.20760716	0.08040193	116.0	0.0
SPIKE	S89:A>G	50	57321	8.722807E-4	137.5869	40.0	TRUE	A	2.4575336E-4	69.0	0.0029985507	0.9718951	167.20721	0.20477094	0.069779254	116.0	0.0
SPIKE	S89:A>T	27	57321	4.7103156E-4	54.85469	40.0	TRUE	A	6.9495075E-4	174.0	0.002182899	0.9225495	89.740715	0.22943918	0.0849124	116.0	0.0
SPIKE	S89:A>C	2	57321	3.4891225E-5	2.2639637	40.0	TRUE	A	4.457163E-4	1.0	0.005652775	0.94961077	116.78173	0.22001854	0.074300244	116.0	1.0
SPIKE	D89-90:A>	1	57321	1.7445613E-5	-1.0	39.99217	TRUE		NaN	NaN	NaN	NaN	NaN	NaN	NaN	NaN	NaN
SPIKE	D89-92:ATC>	1	57321	1.7445613E-5	-1.0	39.99217	TRUE		NaN	NaN	NaN	NaN	NaN	NaN	NaN	NaN	NaN
SPIKE	S90:T>G	2	57321	3.4891225E-5	2.2639637	40.0	TRUE	T	4.3645152E-4	2.0	0.0024317726	0.95063186	116.78173	0.21474954	0.06955641	116.0	1.0
SPIKE	S90:T>A	17	57321	2.9657542E-4	52.424488	40.0	TRUE	T	1.7847556E-4	47.0	0.0021493076	0.97950965	89.740715	0.21813686	0.067940384	116.0	0.0
SPIKE	S90:T>C	35	57321	6.1059644E-4	75.89782	40.0	TRUE	T	6.2100345E-4	172.0	0.0031335524	0.93049705	167.20721	0.20760716	0.08040193	116.0	0.0
SPIKE	S91:C>G	13	57321	2.2679297E-4	20.706247	40.0	TRUE	C	5.4352323E-4	138.0	0.0012053259	0.9388977	154.5637	0.22603545	0.11064431	116.0	0.0
SPIKE	S91:C>A	22	57321	3.838035E-4	56.62427	40.0	TRUE	C	3.2509287E-4	7.0	0.0033036193	0.9629914	95.190926	0.19640963	0.09278014	116.0	1.0
SPIKE	S91:C>T	68	57321	0.0011863017	195.3428	40.0	TRUE	C	3.7656934E-4	108.0	0.0030117438	0.9572583	149.24425	0.20046794	0.0754898	116.0	0.0
SPIKE	D91-92:C>	1	57321	1.7445613E-5	-1.0	39.993458	TRUE		NaN	NaN	NaN	NaN	NaN	NaN	NaN	NaN	NaN
SPIKE	S92:G>A	78	57321	0.0013607579	211.84773	40.0	TRUE	G	4.3957913E-4	125.0	0.0028034153	0.95028704	149.24425	0.20214361	0.075120196	116.0	0.0
SPIKE	S92:G>T	6	57321	1.0467368E-4	9.311187	40.0	TRUE	G	4.922568E-4	131.0	0.002703916	0.94449794	95.190926	0.21597828	0.07599964	116.0	0.0
SPIKE	S92:G>C	43	57321	7.5016136E-4	117.13841	40.0	TRUE	G	2.9454246E-4	77.0	0.0013925723	0.96641016	154.5637	0.21957159	0.09115695	116.0	0.0
SPIKE	S93:T>A	29	57321	5.0592277E-4	88.54809	40.0	TRUE	T	8.73391E-5	23.0	0.0021493076	0.98991984	89.740715	0.21813686	0.067940384	116.0	0.0
SPIKE	S93:T>C	34	57321	5.9315085E-4	66.29316	40.0	TRUE	T	7.798648E-4	216.0	0.0031335524	0.9135069	167.20721	0.20760716	0.08040193	116.0	0.0
SPIKE	S93:T>G	0	57321	0.0	-1.0	0.0	TRUE	T	1.3080645E-4	35.0	0.0024317726	0.984941	116.78173	0.21474954	0.06955641	116.0	0.0
SPIKE	S94:C>G	29	57321	5.0592277E-4	60.04673	40.0	TRUE	C	6.498647E-4	165.0	0.0012053259	0.927387	154.5637	0.22603545	0.11064431	116.0	0.0
SPIKE	S94:C>A	10	57321	1.7445613E-4	23.451881	40.0	TRUE	C	3.2509287E-4	8.0	0.0033036193	0.9629914	95.190926	0.19640963	0.09278014	116.0	1.0
SPIKE	S94:C>T	63	57321	0.0010990737	168.50946	40.0	TRUE	C	4.4979117E-4	129.0	0.0030117438	0.949162	149.24425	0.20046794	0.0754898	116.0	0.0
SPIKE	D94-95:C>	2	57321	3.4891225E-5	-1.0	39.994347	TRUE		NaN	NaN	NaN	NaN	NaN	NaN	NaN	NaN	NaN
SPIKE	S95:G>A	81	57321	0.0014130947	220.55687	40.0	TRUE	G	4.360625E-4	124.0	0.0028034153	0.9506748	149.24425	0.20214361	0.075120196	116.0	0.0
SPIKE	S95:G>T	1	57321	1.7445613E-5	1.0720997	40.0	TRUE	G	5.1480293E-4	137.0	0.002703916	0.94203097	95.190926	0.21597828	0.07599964	116.0	0.0
SPIKE	S95:G>C	50	57321	8.722807E-4	137.5869	40.0	TRUE	G	3.442704E-4	90.0	0.0013925723	0.96085155	154.5637	0.21957159	0.09115695	116.0	0.0
SPIKE	D95-98:GTC>	4	57321	6.978245E-5	-1.0	39.99126	TRUE		NaN	NaN	NaN	NaN	NaN	NaN	NaN	NaN	NaN
SPIKE	S96:T>C	43	57321	7.5016136E-4	89.69094	40.0	TRUE	T	8.231906E-4	228.0	0.0031335524	0.9089273	167.20721	0.20760716	0.08040193	116.0	0.0
SPIKE	S96:T>A	16	57321	2.791298E-4	49.41419	40.0	TRUE	T	8.3541745E-5	22.0	0.0021493076	0.99035597	89.740715	0.21813686	0.067940384	116.0	0.0
SPIKE	S96:T>G	2	57321	3.4891225E-5	7.269987	40.0	TRUE	T	1.4201843E-4	38.0	0.0024317726	0.9836608	116.78173	0.21474954	0.06955641	116.0	0.0
SPIKE	S97:C>T	41	57321	7.152702E-4	111.31377	40.0	TRUE	C	2.615065E-4	75.0	0.0030117438	0.9701207	149.24425	0.20046794	0.0754898	116.0	0.0
SPIKE	S97:C>A	7	57321	1.221193E-4	11.410683	40.0	TRUE	C	4.6446268E-4	136.0	0.0033036193	0.94754803	95.190926	0.19640963	0.09278014	116.0	0.0
SPIKE	S97:C>G	24	57321	4.1869472E-4	73.49659	40.0	TRUE	C	1.02402926E-4	26.0	0.0012053259	0.98819155	154.5637	0.22603545	0.11064431	116.0	0.0
SPIKE	D97-98:C>	1	57321	1.7445613E-5	-1.0	39.99201	TRUE		NaN	NaN	NaN	NaN	NaN	NaN	NaN	NaN	NaN
SPIKE	S98:A>C	4	57321	6.978245E-5	13.290587	40.0	TRUE	A	1.4503312E-4	38.0	0.005652775	0.9833169	116.78173	0.22001854	0.074300244	116.0	0.0
SPIKE	S98:A>T	4	57321	6.978245E-5	3.6487768	40.0	TRUE	A	5.831196E-4	146.0	0.002182899	0.9345951	89.740715	0.22943918	0.0849124	116.0	0.0
SPIKE	S98:A>G	91	57321	0.0015875509	249.66609	40.0	TRUE	A	4.9863E-4	140.0	0.0029985507	0.9437999	167.20721	0.20477094	0.069779254	116.0	0.0
SPIKE	D98-99:A>	1	57321	1.7445613E-5	-1.0	39.98983	TRUE		NaN	NaN	NaN	NaN	NaN	NaN	NaN	NaN	NaN
SPIKE	I98:>GTC	5	57321	8.7228065E-5	-1.0	39.98983	TRUE		NaN	NaN	NaN	NaN	NaN	NaN	NaN	NaN	NaN
SPIKE	D98-101:ATC>	3	57321	5.233684E-5	-1.0	39.98983	TRUE		NaN	NaN	NaN	NaN	NaN	NaN	NaN	NaN	NaN
SPIKE	S99:T>C	39	57321	6.8037893E-4	79.196175	40.0	TRUE	T	7.2209706E-4	200.0	0.0031335524	0.91964895	167.20721	0.20760716	0.08040193	116.0	0.0
SPIKE	S99:T>A	14	57321	2.442386E-4	43.393585	40.0	TRUE	T	1.8607026E-4	49.0	0.0021493076	0.9786471	89.740715	0.21813686	0.067940384	116.0	0.0
SPIKE	S99:T>G	2	57321	3.4891225E-5	2.2639637	40.0	TRUE	T	4.3645152E-4	7.0	0.0024317726	0.95063186	116.78173	0.21474954	0.06955641	116.0	1.0
SPIKE	S100:C>T	84	57321	0.0014654315	229.27753	40.0	TRUE	C	5.23013E-4	150.0	0.0030117438	0.9411342	149.24425	0.20046794	0.0754898	116.0	0.0
SPIKE	S100:C>A	14	57321	2.442386E-4	34.27314	40.0	TRUE	C	3.2509287E-4	8.0	0.0033036193	0.9629914	95.190926	0.19640963	0.09278014	116.0	1.0
SPIKE	S100:C>G	8	57321	1.395649E-4	10.308654	40.0	TRUE	C	6.616804E-4	168.0	0.0012053259	0.92611676	154.5637	0.22603545	0.11064431	116.0	0.0
SPIKE	S101:G>C	36	57321	6.280421E-4	96.79472	40.0	TRUE	G	2.3333884E-4	61.0	0.0013925723	0.97329575	154.5637	0.21957159	0.09115695	116.0	0.0
SPIKE	S101:G>A	78	57321	0.0013607579	211.84773	40.0	TRUE	G	4.0792942E-4	116.0	0.0028034153	0.9537823	149.24425	0.20214361	0.075120196	116.0	0.0
SPIKE	S101:G>T	0	57321	0.0	-1.0	0.0	TRUE	G	5.1480293E-4	137.0	0.002703916	0.94203097	95.190926	0.21597828	0.07599964	116.0	0.0
SPIKE	S102:T>C	74	57321	0.0012909754	213.04248	39.945946	TRUE	T	3.8632192E-4	107.0	0.0031335524	0.9561759	167.20721	0.20760716	0.08040193	116.0	0.0
SPIKE	S102:T>A	23	57321	4.012491E-4	-1.0	40.0	TRUE	T	6.0757637E-5	16.0	0.0021493076	0.9929769	89.740715	0.21813686	0.067940384	116.0	0.0
SPIKE	S102:T>G	3	57321	5.233684E-5	2.3797824	40.0	TRUE	T	6.540322E-4	175.0	0.0024317726	0.9269388	116.78173	0.21474954	0.06955641	116.0	0.0
SPIKE	D102-105:TGG>	1	57321	1.7445613E-5	-1.0	39.990997	TRUE		NaN	NaN	NaN	NaN	NaN	NaN	NaN	NaN	NaN
SPIKE	S103:G>C	24	57321	4.1869472E-4	73.49659	40.0	TRUE	G	1.2623248E-4	33.0	0.0013925723	0.98546374	154.5637	0.21957159	0.09115695	116.0	0.0
SPIKE	S103:G>T	3	57321	5.233684E-5	10.280287	40.0	TRUE	G	1.2024593E-4	32.0	0.002703916	0.9861483	95.190926	0.21597828	0.07599964	116.0	0.0
SPIKE	S103:G>A	35	57321	6.1059644E-4	106.609886	40.0	TRUE	G	2.2154787E-4	63.0	0.0028034153	0.97462785	149.24425	0.20214361	0.075120196	116.0	0.0
SPIKE	D103-104:G>	16	57321	2.791298E-4	-1.0	39.993214	TRUE		NaN	NaN	NaN	NaN	NaN	NaN	NaN	NaN	NaN
SPIKE	S104:G>C	30	57321	5.233684E-4	62.661636	40.0	TRUE	G	6.8089034E-4	178.0	0.0013925723	0.9240554	154.5637	0.21957159	0.09115695	116.0	0.0
SPIKE	S104:G>T	6	57321	1.0467368E-4	-1.0	40.0	TRUE	G	3.7576854E-5	10.0	0.002703916	0.9956506	95.190926	0.21597828	0.07599964	116.0	0.0
SPIKE	S104:G>A	28	57321	4.884772E-4	73.72888	40.0	TRUE	G	2.989138E-4	85.0	0.0028034153	0.96592027	149.24425	0.20214361	0.075120196	116.0	0.0
SPIKE	S105:C>T	68	57321	0.0011863017	182.91243	40.0	TRUE	C	4.986057E-4	143.0	0.0030117438	0.9438026	149.24425	0.20046794	0.0754898	116.0	0.0
SPIKE	S105:C>A	15	57321	2.616842E-4	-1.0	40.0	TRUE	C	4.7812333E-5	14.0	0.0033036193	0.9944691	95.190926	0.19640963	0.09278014	116.0	0.0
SPIKE	S105:C>G	28	57321	4.884772E-4	45.819233	40.0	TRUE	C	9.925206E-4	252.0	0.0012053259	0.89124817	154.5637	0.22603545	0.11064431	116.0	0.0
SPIKE	D105-106:C>	26	57321	4.5358593E-4	-1.0	39.968616	TRUE		NaN	NaN	NaN	NaN	NaN	NaN	NaN	NaN	NaN
SPIKE	D105-107:CG>	5	57321	8.7228065E-5	-1.0	39.968616	TRUE		NaN	NaN	NaN	NaN	NaN	NaN	NaN	NaN	NaN
SPIKE	S106:G>C	33	57321	5.7570526E-4	88.11774	40.0	TRUE	G	2.6394066E-4	69.0	0.0013925723	0.96984684	154.5637	0.21957159	0.09115695	116.0	0.0
SPIKE	S106:G>T	5	57321	8.7228065E-5	10.658173	40.0	TRUE	G	3.5769754E-4	6.0	0.002703916	0.9593561	95.190926	0.21597828	0.07599964	116.0	1.0
SPIKE	S106:G>A	71	57321	0.0012386385	191.57625	40.0	TRUE	G	4.4309575E-4	126.0	0.0028034153	0.9498995	149.24425	0.20214361	0.075120196	116.0	0.0
SPIKE	D106-107:G>	6	57321	1.0467368E-4	-1.0	39.99086	TRUE		NaN	NaN	NaN	NaN	NaN	NaN	NaN	NaN	NaN
SPIKE	S107:G>C	42	57321	7.3271577E-4	80.19312	40.0	TRUE	G	8.989283E-4	235.0	0.0013925723	0.9009769	154.5637	0.21957159	0.09115695	116.0	0.0
SPIKE	S107:G>T	9	57321	1.5701052E-4	20.808811	40.0	TRUE	G	3.5769754E-4	9.0	0.002703916	0.9593561	95.190926	0.21597828	0.07599964	116.0	1.0
SPIKE	S107:G>A	20	57321	3.4891226E-4	50.97615	40.0	TRUE	G	3.2704687E-4	93.0	0.0028034153	0.96277314	149.24425	0.20214361	0.075120196	116.0	0.0
SPIKE	S108:C>T	31	57321	5.40814E-4	82.3502	40.0	TRUE	C	2.6848E-4	77.0	0.0030117438	0.9693363	149.24425	0.20046794	0.0754898	116.0	0.0
SPIKE	S108:C>A	9	57321	1.5701052E-4	12.2497015	40.0	TRUE	C	6.35221E-4	186.0	0.0033036193	0.92896366	95.190926	0.19640963	0.09278014	116.0	0.0
SPIKE	S108:C>G	34	57321	5.9315085E-4	91.006836	40.0	TRUE	C	3.3477877E-4	85.0	0.0012053259	0.96191007	154.5637	0.22603545	0.11064431	116.0	0.0
SPIKE	S109:A>C	5	57321	8.7228065E-5	16.300888	40.0	TRUE	A	1.8701638E-4	49.0	0.005652775	0.9785397	116.78173	0.22001854	0.074300244	116.0	0.0
SPIKE	S109:A>T	12	57321	2.0934736E-4	-1.0	40.0	TRUE	A	6.390351E-5	16.0	0.002182899	0.9926146	89.740715	0.22943918	0.0849124	116.0	0.0
SPIKE	S109:A>G	56	57321	9.769544E-4	109.381546	39.857143	TRUE	A	0.0010649312	299.0	0.0029985507	0.88379335	167.20721	0.20477094	0.069779254	116.0	0.0
SPIKE	S110:G>C	25	57321	4.3614034E-4	43.893612	40.0	TRUE	G	8.2624896E-4	216.0	0.0013925723	0.9086049	154.5637	0.21957159	0.09115695	116.0	0.0
SPIKE	S110:G>T	6	57321	1.0467368E-4	19.311188	40.0	TRUE	G	1.08972876E-4	29.0	0.002703916	0.9874387	95.190926	0.21597828	0.07599964	116.0	0.0
SPIKE	S110:G>A	31	57321	5.40814E-4	73.00521	40.0	TRUE	G	4.044128E-4	115.0	0.0028034153	0.9541715	149.24425	0.20214361	0.075120196	116.0	0.0
SPIKE	S111:C>T	65	57321	0.0011339649	186.50496	40.0	TRUE	C	3.6262235E-4	104.0	0.0030117438	0.95880824	149.24425	0.20046794	0.0754898	116.0	0.0
SPIKE	S111:C>A	9	57321	1.5701052E-4	-1.0	40.0	TRUE	C	3.4151668E-5	10.0	0.0033036193	0.99604625	95.190926	0.19640963	0.09278014	116.0	0.0
SPIKE	S111:C>G	17	57321	2.9657542E-4	18.435606	40.0	TRUE	C	0.0010319063	262.0	0.0012053259	0.8871855	154.5637	0.22603545	0.11064431	116.0	0.0
SPIKE	D111-112:C>	1	57321	1.7445613E-5	-1.0	39.98784	TRUE		NaN	NaN	NaN	NaN	NaN	NaN	NaN	NaN	NaN
SPIKE	S112:G>C	37	57319	6.455102E-4	89.651054	40.0	TRUE	G	3.9783746E-4	104.0	0.0013925723	0.95489955	154.55832	0.21957159	0.09115695	116.0	0.0
SPIKE	S112:G>A	71	57319	0.0012386817	191.57625	40.0	TRUE	G	3.9387663E-4	112.0	0.0028034153	0.95533836	149.23904	0.20214361	0.075120196	116.0	0.0
SPIKE	D112-113:G>	1	57319	1.7446222E-5	-1.0	39.991642	TRUE		NaN	NaN	NaN	NaN	NaN	NaN	NaN	NaN	NaN
SPIKE	S112:G>T	0	57319	0.0	-1.0	0.0	TRUE	G	6.8768044E-4	183.0	0.002703916	0.9233278	95.18761	0.21597828	0.07599964	116.0	0.0
SPIKE	S113:T>C	60	57319	0.0010467733	144.67522	40.0	TRUE	T	5.9936143E-4	166.0	0.0031335524	0.93283594	167.20139	0.20760716	0.08040193	116.0	0.0
SPIKE	S113:T>G	1	57319	1.7446222E-5	0.17304859	40.0	TRUE	T	9.007273E-4	241.0	0.0024317726	0.9007889	116.77766	0.21474954	0.06955641	116.0	0.0
SPIKE	S113:T>A	15	57319	2.6169332E-4	-1.0	40.0	TRUE	T	6.8354726E-5	18.0	0.0021493076	0.9921022	89.73758	0.21813686	0.067940384	116.0	0.0
SPIKE	D113-115:TG>	2	57319	3.4892444E-5	-1.0	39.98409	TRUE		NaN	NaN	NaN	NaN	NaN	NaN	NaN	NaN	NaN
SPIKE	S114:G>T	3	57319	5.2338666E-5	10.280287	40.0	TRUE	G	1.9164865E-4	51.0	0.002703916	0.97801405	95.18761	0.21597828	0.07599964	116.0	0.0
SPIKE	S114:G>C	30	57319	5.2338664E-4	79.47218	40.0	TRUE	G	2.409977E-4	63.0	0.0013925723	0.9724314	154.55832	0.21957159	0.09115695	116.0	0.0
SPIKE	S114:G>A	37	57319	6.455102E-4	74.00349	40.0	TRUE	G	8.405046E-4	239.0	0.0028034153	0.90710366	149.23904	0.20214361	0.075120196	116.0	0.0
SPIKE	D114-115:G>	1	57319	1.7446222E-5	-1.0	39.989254	TRUE		NaN	NaN	NaN	NaN	NaN	NaN	NaN	NaN	NaN
SPIKE	S115:A>T	24	57319	4.1870933E-4	73.49659	39.958332	TRUE	A	2.1168777E-4	53.0	0.002182899	0.97574323	89.73758	0.22943918	0.0849124	116.0	0.0
SPIKE	S115:A>C	7	57319	1.2212356E-4	6.3054132	40.0	TRUE	A	7.251909E-4	190.0	0.005652775	0.919319	116.77766	0.22001854	0.074300244	116.0	0.0
SPIKE	S115:A>G	36	57319	6.28064E-4	78.57346	40.0	TRUE	A	5.4495037E-4	153.0	0.0029985507	0.93874234	167.20139	0.20477094	0.069779254	116.0	0.0
SPIKE	S116:C>T	24	57319	4.1870933E-4	73.49659	40.0	TRUE	C	2.1269936E-4	61.0	0.0030117438	0.9756288	149.23904	0.20046794	0.0754898	116.0	0.0
SPIKE	S116:C>G	72	57319	0.001256128	207.13927	40.0	TRUE	C	2.8358723E-4	72.0	0.0012053259	0.9676391	154.55832	0.22603545	0.11064431	116.0	0.0
SPIKE	S116:C>A	4	57319	6.978489E-5	8.284564	40.0	TRUE	C	2.4931587E-4	73.0	0.0033036193	0.97149354	95.18761	0.19640963	0.09278014	116.0	0.0
SPIKE	D116-117:C>	4	57319	6.978489E-5	-1.0	39.98878	TRUE		NaN	NaN	NaN	NaN	NaN	NaN	NaN	NaN	NaN
SPIKE	S117:C>T	16	57319	2.7913955E-4	19.635284	40.0	TRUE	C	9.1007433E-4	261.0	0.0030117438	0.8998127	149.23904	0.20046794	0.0754898	116.0	0.0
SPIKE	S117:C>G	12	57319	2.0935466E-4	-1.0	40.0	TRUE	C	4.7264537E-5	12.0	0.0012053259	0.9945323	154.55832	0.22603545	0.11064431	116.0	0.0
SPIKE	S117:C>A	22	57319	3.838169E-4	67.47598	40.0	TRUE	C	1.1611972E-4	34.0	0.0033036193	0.9866204	95.18761	0.19640963	0.09278014	116.0	0.0
SPIKE	S118:T>C	35	57319	6.1061775E-4	84.07732	40.0	TRUE	T	4.3688394E-4	121.0	0.0031335524	0.9505842	167.20139	0.20760716	0.08040193	116.0	0.0
SPIKE	S118:T>G	1	57319	1.7446222E-5	4.2596874	40.0	TRUE	T	1.08386266E-4	29.0	0.0024317726	0.9875059	116.77766	0.21474954	0.06955641	116.0	0.0
SPIKE	S118:T>A	14	57319	2.4424712E-4	19.02269	40.0	TRUE	T	8.0886425E-4	213.0	0.0021493076	0.91043913	89.73758	0.21813686	0.067940384	116.0	0.0
SPIKE	D118-119:T>	3	57319	5.2338666E-5	-1.0	39.986286	TRUE		NaN	NaN	NaN	NaN	NaN	NaN	NaN	NaN	NaN
SPIKE	S119:A>T	16	57319	2.7913955E-4	16.617006	40.0	TRUE	A	0.0011183505	280.0	0.002182899	0.87833375	89.73758	0.22943918	0.0849124	116.0	0.0
SPIKE	S119:A>C	2	57319	3.4892444E-5	7.269987	40.0	TRUE	A	1.0305344E-4	27.0	0.005652775	0.988117	116.77766	0.22001854	0.074300244	116.0	0.0
SPIKE	S119:A>G	46	57319	8.025262E-4	125.891014	40.0	TRUE	A	3.2055902E-4	90.0	0.0029985507	0.963498	167.20139	0.20477094	0.069779254	116.0	0.0
SPIKE	D119-121:AT>	1	57319	1.7446222E-5	-1.0	39.987335	TRUE		NaN	NaN	NaN	NaN	NaN	NaN	NaN	NaN	NaN
SPIKE	S120:T>C	69	57319	0.0012037894	198.29062	40.0	TRUE	T	3.538399E-4	98.0	0.0031335524	0.9597855	167.20139	0.20760716	0.08040193	116.0	0.0
SPIKE	S120:T>G	6	57319	1.0467733E-4	3.5300503	40.0	TRUE	T	8.5587776E-4	229.0	0.0024317726	0.9054875	116.77766	0.21474954	0.06955641	116.0	0.0
SPIKE	S120:T>A	9	57319	1.57016E-4	20.808811	40.0	TRUE	T	2.6202644E-4	69.0	0.0021493076	0.9700622	89.73758	0.21813686	0.067940384	116.0	0.0
SPIKE	S121:G>T	2	57319	3.4892444E-5	0.28028724	40.0	TRUE	G	0.0010784933	287.0	0.002703916	0.882404	95.18761	0.21597828	0.07599964	116.0	0.0
SPIKE	S121:G>C	32	57319	5.582791E-4	97.57899	40.0	TRUE	G	1.453637E-4	38.0	0.0013925723	0.98327917	154.55832	0.21957159	0.09115695	116.0	0.0
SPIKE	S121:G>A	61	57319	0.0010642195	174.73528	40.0	TRUE	G	2.9892422E-4	85.0	0.0028034153	0.9659191	149.23904	0.20214361	0.075120196	116.0	0.0
SPIKE	S122:T>C	56	57319	9.769885E-4	143.42717	40.0	TRUE	T	4.946537E-4	137.0	0.0031335524	0.9442353	167.20139	0.20760716	0.08040193	116.0	0.0
SPIKE	S122:T>A	24	57319	4.1870933E-4	73.49659	40.0	TRUE	T	1.17722026E-4	31.0	0.0021493076	0.9864371	89.73758	0.21813686	0.067940384	116.0	0.0
SPIKE	S122:T>G	0	57319	0.0	-1.0	0.0	TRUE	T	0.001012851	271.0	0.0024317726	0.8891488	116.77766	0.21474954	0.06955641	116.0	0.0
SPIKE	S123:G>T	1	57319	1.7446222E-5	0.17304859	40.0	TRUE	G	9.4321196E-4	251.0	0.002703916	0.8963605	95.18761	0.21597828	0.07599964	116.0	0.0
SPIKE	S123:G>C	10	57319	1.7446221E-4	31.352386	40.0	TRUE	G	1.4918904E-4	39.0	0.0013925723	0.982843	154.55832	0.21957159	0.09115695	116.0	0.0
SPIKE	S123:G>A	35	57319	6.1061775E-4	106.609886	39.942856	TRUE	G	1.9693832E-4	56.0	0.0028034153	0.97741413	149.23904	0.20214361	0.075120196	116.0	0.0
SPIKE	S124:T>C	83	57319	0.0014480364	214.80594	40.0	TRUE	T	5.7769776E-4	160.0	0.0031335524	0.9351831	167.20139	0.20760716	0.08040193	116.0	0.0
SPIKE	S124:T>A	17	57319	2.965858E-4	52.424488	40.0	TRUE	T	8.354466E-5	22.0	0.0021493076	0.9903556	89.73758	0.21813686	0.067940384	116.0	0.0
SPIKE	D124-126:TG>	1	57319	1.7446222E-5	-1.0	39.985416	TRUE		NaN	NaN	NaN	NaN	NaN	NaN	NaN	NaN	NaN
SPIKE	S124:T>G	0	57319	0.0	-1.0	0.0	TRUE	T	0.0010390132	278.0	0.0024317726	0.88645446	116.77766	0.21474954	0.06955641	116.0	0.0
SPIKE	S125:G>T	2	57319	3.4892444E-5	7.269987	40.0	TRUE	G	2.1043773E-4	56.0	0.002703916	0.97588474	95.18761	0.21597828	0.07599964	116.0	0.0
SPIKE	S125:G>C	34	57319	5.931716E-4	60.208477	40.0	TRUE	G	8.5305533E-4	223.0	0.0013925723	0.905784	154.55832	0.21957159	0.09115695	116.0	0.0
SPIKE	S125:G>A	27	57319	4.71048E-4	82.52749	40.0	TRUE	G	1.9342155E-4	55.0	0.0028034153	0.97781295	149.23904	0.20214361	0.075120196	116.0	0.0
SPIKE	D125-126:G>	1	57319	1.7446222E-5	-1.0	39.992535	TRUE		NaN	NaN	NaN	NaN	NaN	NaN	NaN	NaN	NaN
SPIKE	I126:>TG	1	57319	1.7446222E-5	-1.0	39.973255	TRUE		NaN	NaN	NaN	NaN	NaN	NaN	NaN	NaN	NaN
SPIKE	S126:C>T	62	57319	0.0010816657	158.5904	40.0	TRUE	C	4.5329373E-4	130.0	0.0030117438	0.9487764	149.23904	0.20046794	0.0754898	116.0	0.0
SPIKE	S126:C>G	18	57319	3.14032E-4	17.43255	40.0	TRUE	C	0.0012446328	316.0	0.0012053259	0.865561	154.55832	0.22603545	0.11064431	116.0	0.0
SPIKE	S126:C>A	16	57319	2.7913955E-4	49.41419	40.0	TRUE	C	1.229503E-4	36.0	0.0033036193	0.985839	95.18761	0.19640963	0.09278014	116.0	0.0
SPIKE	D126-127:C>	24	57319	4.1870933E-4	-1.0	39.973255	TRUE		NaN	NaN	NaN	NaN	NaN	NaN	NaN	NaN	NaN
SPIKE	D126-128:CG>	1	57319	1.7446222E-5	-1.0	39.973255	TRUE		NaN	NaN	NaN	NaN	NaN	NaN	NaN	NaN	NaN
SPIKE	S127:G>T	2	57319	3.4892444E-5	-1.0	40.0	TRUE	G	3.7578167E-5	10.0	0.002703916	0.9956504	95.18761	0.21597828	0.07599964	116.0	0.0
SPIKE	S127:G>C	14	57319	2.4424712E-4	34.27314	40.0	TRUE	G	3.5958385E-4	94.0	0.0013925723	0.95914626	154.55832	0.21957159	0.09115695	116.0	0.0
SPIKE	S127:G>A	60	57319	0.0010467733	154.8871	40.0	TRUE	G	4.0091015E-4	114.0	0.0028034153	0.95455927	149.23904	0.20214361	0.075120196	116.0	0.0
SPIKE	D127-128:G>	4	57319	6.978489E-5	-1.0	39.99175	TRUE		NaN	NaN	NaN	NaN	NaN	NaN	NaN	NaN	NaN
SPIKE	S128:G>A	17	57319	2.965858E-4	52.424488	40.0	TRUE	G	2.2507236E-4	64.0	0.0028034153	0.97422945	149.23904	0.20214361	0.075120196	116.0	0.0
SPIKE	S128:G>C	16	57319	2.7913955E-4	19.635284	40.0	TRUE	G	9.2191185E-4	241.0	0.0013925723	0.898578	154.55832	0.21957159	0.09115695	116.0	0.0
SPIKE	S128:G>T	8	57319	1.3956978E-4	-1.0	40.0	TRUE	G	4.133598E-5	11.0	0.002703916	0.9952165	95.18761	0.21597828	0.07599964	116.0	0.0
SPIKE	S129:C>A	9	57317	1.5702148E-4	28.342087	40.0	TRUE	C	1.5710863E-4	46.0	0.0033036193	0.98194045	95.18428	0.19640963	0.09278014	116.0	0.0
SPIKE	S129:C>G	18	57317	3.1404296E-4	17.43255	40.0	TRUE	C	0.0012919424	328.0	0.0012053259	0.8608239	154.55293	0.22603545	0.11064431	116.0	0.0
SPIKE	S129:C>T	65	57317	0.001134044	174.26482	40.0	TRUE	C	4.2541357E-4	122.0	0.0030117438	0.9518499	149.23384	0.20046794	0.0754898	116.0	0.0
SPIKE	D129-130:C>	22	57317	3.8383028E-4	-1.0	39.974335	TRUE		NaN	NaN	NaN	NaN	NaN	NaN	NaN	NaN	NaN
SPIKE	S130:G>A	68	57317	0.0011863845	182.91243	40.0	TRUE	G	5.029136E-4	143.0	0.0028034153	0.94333106	149.23384	0.20214361	0.075120196	116.0	0.0
SPIKE	S130:G>C	8	57317	1.3957465E-4	13.595069	40.0	TRUE	G	3.9402585E-4	103.0	0.0013925723	0.95532185	154.55293	0.21957159	0.09115695	116.0	0.0
SPIKE	D130-131:G>	4	57317	6.9787326E-5	-1.0	39.98259	TRUE		NaN	NaN	NaN	NaN	NaN	NaN	NaN	NaN	NaN
SPIKE	D130-133:GGC>	14	57317	2.4425564E-4	-1.0	39.98259	TRUE		NaN	NaN	NaN	NaN	NaN	NaN	NaN	NaN	NaN
SPIKE	S130:G>T	0	57317	0.0	-1.0	0.0	TRUE	G	3.5769754E-4	4.0	0.002703916	0.9593561	95.18428	0.21597828	0.07599964	116.0	1.0
SPIKE	S131:G>A	20	57317	3.4893662E-4	43.298504	40.0	TRUE	G	4.0795788E-4	116.0	0.0028034153	0.95377916	149.23384	0.20214361	0.075120196	116.0	0.0
SPIKE	S131:G>C	42	57317	7.327669E-4	74.02984	40.0	TRUE	G	0.0011246952	294.0	0.0013925723	0.8776875	154.55293	0.21957159	0.09115695	116.0	0.0
SPIKE	S131:G>T	11	57317	1.9191514E-4	26.1236	40.0	TRUE	G	3.5769754E-4	9.0	0.002703916	0.9593561	95.18428	0.21597828	0.07599964	116.0	1.0
SPIKE	S132:C>A	8	57316	1.3957708E-4	4.5662546	40.0	TRUE	C	0.0010622095	311.0	0.0033036193	0.8840724	95.182625	0.19640963	0.09278014	116.0	0.0
SPIKE	S132:C>G	40	57316	6.978854E-4	98.05198	40.0	TRUE	C	5.0418143E-4	128.0	0.0012053259	0.94319236	154.55023	0.22603545	0.11064431	116.0	0.0
SPIKE	S132:C>T	33	57316	5.757555E-4	88.11774	39.727272	TRUE	C	3.4173162E-4	98.0	0.0030117438	0.96113455	149.23123	0.20046794	0.0754898	116.0	0.0
SPIKE	S133:A>G	2	57312	3.4896704E-5	0.47457275	40.0	TRUE	A	0.0010009788	281.0	0.0029985507	0.8903741	167.18097	0.20477094	0.069779254	116.0	0.0
SPIKE	S133:A>C	1	57312	1.7448352E-5	0.57991946	40.0	TRUE	A	6.718378E-4	176.0	0.005652775	0.92502624	116.7634	0.22001854	0.074300244	116.0	0.0
SPIKE	I133:>GGCTGATT	1	57312	1.7448352E-5	-1.0	39.98878	TRUE		NaN	NaN	NaN	NaN	NaN	NaN	NaN	NaN	NaN
SPIKE	S133:A>T	0	57312	0.0	-1.0	0.0	TRUE	A	3.5842168E-4	5.0	0.002182899	0.95927554	89.72662	0.22943918	0.0849124	116.0	1.0
SPIKE	S134:G>A	90	57312	0.0015703518	205.33838	40.0	TRUE	G	0.0010797759	307.0	0.0028034153	0.8822728	149.22081	0.20214361	0.075120196	116.0	0.0
SPIKE	S134:G>C	8	57312	1.3958682E-4	4.5662546	40.0	TRUE	G	0.0010597542	277.0	0.0013925723	0.88432425	154.53944	0.21957159	0.09115695	116.0	0.0
SPIKE	S134:G>T	1	57312	1.7448352E-5	4.2596874	40.0	TRUE	G	1.7288068E-4	46.0	0.002703916	0.9801456	95.17598	0.21597828	0.07599964	116.0	0.0
SPIKE	I135:>C	10	57311	1.7448657E-4	-1.0	39.99056	TRUE		NaN	NaN	NaN	NaN	NaN	NaN	NaN	NaN	NaN
SPIKE	S135:C>A	20	57311	3.4897315E-4	50.97615	40.0	TRUE	C	2.903398E-4	85.0	0.0033036193	0.9668814	95.17432	0.19640963	0.09278014	116.0	0.0
SPIKE	S135:C>G	2	57311	3.4897315E-5	2.2639637	40.0	TRUE	C	4.8058986E-4	122.0	0.0012053259	0.94577706	154.53674	0.22603545	0.11064431	116.0	0.0
SPIKE	S135:C>T	26	57311	4.536651E-4	59.339897	40.0	TRUE	C	4.6730647E-4	134.0	0.0030117438	0.94723547	149.21822	0.20046794	0.0754898	116.0	0.0
SPIKE	D135-136:C>	40	57311	6.979463E-4	-1.0	39.99056	TRUE		NaN	NaN	NaN	NaN	NaN	NaN	NaN	NaN	NaN
SPIKE	S136:C>A	7	57311	1.221406E-4	11.410683	40.0	TRUE	C	4.5429642E-4	133.0	0.0033036193	0.9486661	95.17432	0.19640963	0.09278014	116.0	0.0
SPIKE	S136:C>G	3	57311	5.234597E-5	10.280287	40.0	TRUE	C	1.8908453E-4	48.0	0.0012053259	0.978305	154.53674	0.22603545	0.11064431	116.0	0.0
SPIKE	S136:C>T	32	57311	5.5835705E-4	45.507847	40.0	TRUE	C	0.0012624249	362.0	0.0030117438	0.86377645	149.21822	0.20046794	0.0754898	116.0	0.0
SPIKE	I137:>T	9	57279	1.5712564E-4	-1.0	39.45633	TRUE		NaN	NaN	NaN	NaN	NaN	NaN	NaN	NaN	NaN
SPIKE	S137:T>A	21	57279	3.666265E-4	53.79622	39.095238	TRUE	T	3.7621352E-4	99.0	0.0021493076	0.9572978	89.67496	0.21813686	0.067940384	116.0	0.0
SPIKE	S137:T>G	4	57279	6.983362E-5	0.7240611	39.5	TRUE	T	0.001219262	326.0	0.0024317726	0.86811215	116.69617	0.21474954	0.06955641	116.0	0.0
SPIKE	S137:T>C	7	57279	1.2220883E-4	11.410683	35.857143	TRUE	T	4.986123E-4	138.0	0.0031335524	0.9438019	167.0847	0.20760716	0.08040193	116.0	0.0
SPIKE	D137-138:T>	32	57279	5.58669E-4	-1.0	39.45633	TRUE		NaN	NaN	NaN	NaN	NaN	NaN	NaN	NaN	NaN
SPIKE	D137-139:TG>	7	57279	1.2220883E-4	-1.0	39.45633	TRUE		NaN	NaN	NaN	NaN	NaN	NaN	NaN	NaN	NaN
SPIKE	I138:>G	5	57278	8.729355E-5	-1.0	39.43797	TRUE		NaN	NaN	NaN	NaN	NaN	NaN	NaN	NaN	NaN
SPIKE	S138:G>A	21	57278	3.666329E-4	17.433826	38.61905	TRUE	G	0.001481614	421.0	0.0028034153	0.84209096	149.1323	0.20214361	0.075120196	116.0	0.0
SPIKE	S138:G>C	2	57278	3.491742E-5	7.269987	36.5	TRUE	G	8.039007E-5	21.0	0.0013925723	0.9907181	154.44777	0.21957159	0.09115695	116.0	0.0
SPIKE	D138-139:G>	15	57278	2.6188066E-4	-1.0	39.43797	TRUE		NaN	NaN	NaN	NaN	NaN	NaN	NaN	NaN	NaN
SPIKE	I138:>CT	1	57278	1.745871E-5	-1.0	39.43797	TRUE		NaN	NaN	NaN	NaN	NaN	NaN	NaN	NaN	NaN
SPIKE	D138-140:GA>	2	57278	3.491742E-5	-1.0	39.43797	TRUE		NaN	NaN	NaN	NaN	NaN	NaN	NaN	NaN	NaN
SPIKE	D138-142:GATT>	2	57278	3.491742E-5	-1.0	39.43797	TRUE		NaN	NaN	NaN	NaN	NaN	NaN	NaN	NaN	NaN
SPIKE	D138-141:GAT>	2	57278	3.491742E-5	-1.0	39.43797	TRUE		NaN	NaN	NaN	NaN	NaN	NaN	NaN	NaN	NaN
SPIKE	S138:G>T	0	57278	0.0	-1.0	0.0	TRUE	G	7.332988E-4	195.0	0.002703916	0.9184547	95.119514	0.21597828	0.07599964	116.0	0.0
SPIKE	D139-141:AT>	6	57271	1.04765066E-4	-1.0	39.12977	TRUE		NaN	NaN	NaN	NaN	NaN	NaN	NaN	NaN	NaN
SPIKE	D139-140:A>	18	57271	3.142952E-4	-1.0	39.12977	TRUE		NaN	NaN	NaN	NaN	NaN	NaN	NaN	NaN	NaN
SPIKE	I139:>A	6	57271	1.04765066E-4	-1.0	39.12977	TRUE		NaN	NaN	NaN	NaN	NaN	NaN	NaN	NaN	NaN
SPIKE	D139-143:ATTA>	1	57271	1.7460845E-5	-1.0	39.12977	TRUE		NaN	NaN	NaN	NaN	NaN	NaN	NaN	NaN	NaN
SPIKE	S139:A>G	0	57271	0.0	-1.0	0.0	TRUE	A	5.2401854E-4	147.0	0.0029985507	0.9410245	167.06137	0.20477094	0.069779254	116.0	0.0
SPIKE	S139:A>C	0	57271	0.0	-1.0	0.0	TRUE	A	4.2019924E-4	110.0	0.005652775	0.9524258	116.67986	0.22001854	0.074300244	116.0	0.0
SPIKE	S139:A>T	0	57271	0.0	-1.0	0.0	TRUE	A	0.001742891	436.0	0.002182899	0.81695163	89.66244	0.22943918	0.0849124	116.0	0.0
SPIKE	I140:>T	12	57268	2.095411E-4	-1.0	39.4649	TRUE		NaN	NaN	NaN	NaN	NaN	NaN	NaN	NaN	NaN
SPIKE	D140-144:TTAG>	3	57268	5.2385276E-5	-1.0	39.4649	TRUE		NaN	NaN	NaN	NaN	NaN	NaN	NaN	NaN	NaN
SPIKE	D140-143:TTA>	5	57268	8.730879E-5	-1.0	39.4649	TRUE		NaN	NaN	NaN	NaN	NaN	NaN	NaN	NaN	NaN
SPIKE	S140:T>A	2	57268	3.4923516E-5	0.7986036	39.0	TRUE	T	8.4759324E-4	223.0	0.0021493076	0.90635806	89.65774	0.21813686	0.067940384	116.0	0.0
SPIKE	S140:T>G	3	57268	5.2385276E-5	6.0206	39.333332	TRUE	T	3.1422602E-4	84.0	0.0024317726	0.9642061	116.67375	0.21474954	0.06955641	116.0	0.0
SPIKE	S140:T>C	4	57268	6.984703E-5	13.290587	36.5	TRUE	T	1.228701E-4	34.0	0.0031335524	0.9858482	167.05261	0.20760716	0.08040193	116.0	0.0
SPIKE	D140-141:T>	65	57268	0.0011350143	-1.0	39.4649	TRUE		NaN	NaN	NaN	NaN	NaN	NaN	NaN	NaN	NaN
SPIKE	D140-142:TT>	2	57268	3.4923516E-5	-1.0	39.4649	TRUE		NaN	NaN	NaN	NaN	NaN	NaN	NaN	NaN	NaN
SPIKE	S141:T>A	32	57254	5.589129E-4	23.166306	39.34375	TRUE	T	0.0023228973	611.0	0.0021493076	0.76379484	89.63582	0.21813686	0.067940384	116.0	0.0
SPIKE	S141:T>G	3	57254	5.2398085E-5	6.0206	40.0	TRUE	T	3.7417005E-4	100.0	0.0024317726	0.9575247	116.64523	0.21474954	0.06955641	116.0	0.0
SPIKE	S141:T>C	5	57254	8.733014E-5	10.658173	36.4	TRUE	T	3.2893865E-4	91.0	0.0031335524	0.9625619	167.01178	0.20760716	0.08040193	116.0	0.0
SPIKE	S142:A>G	1	57246	1.746847E-5	0.0011929893	40.0	TRUE	A	0.0021504844	603.0	0.0029985507	0.77922446	166.98845	0.20477094	0.069779254	116.0	0.0
SPIKE	D142-143:A>	29	57246	5.0658564E-4	-1.0	39.179924	TRUE		NaN	NaN	NaN	NaN	NaN	NaN	NaN	NaN	NaN
SPIKE	I142:>A	4	57246	6.987388E-5	-1.0	39.179924	TRUE		NaN	NaN	NaN	NaN	NaN	NaN	NaN	NaN	NaN
SPIKE	D142-144:AG>	1	57246	1.746847E-5	-1.0	39.179924	TRUE		NaN	NaN	NaN	NaN	NaN	NaN	NaN	NaN	NaN
SPIKE	D142-145:AGC>	2	57246	3.493694E-5	-1.0	39.179924	TRUE		NaN	NaN	NaN	NaN	NaN	NaN	NaN	NaN	NaN
SPIKE	S142:A>C	0	57246	0.0	-1.0	0.0	TRUE	A	5.923575E-4	155.0	0.005652775	0.93359417	116.62893	0.22001854	0.074300244	116.0	0.0
SPIKE	S142:A>T	0	57246	0.0	-1.0	0.0	TRUE	A	9.1581733E-4	229.0	0.002182899	0.8992135	89.6233	0.22943918	0.0849124	116.0	0.0
SPIKE	I143:>G	2	57241	3.493999E-5	-1.0	39.336647	TRUE		NaN	NaN	NaN	NaN	NaN	NaN	NaN	NaN	NaN
SPIKE	S143:G>A	8	57241	1.3975996E-4	5.998918	37.125	TRUE	G	0.0010071626	286.0	0.0028034153	0.88973564	149.03595	0.20214361	0.075120196	116.0	0.0
SPIKE	S143:G>C	3	57241	5.2409985E-5	0.0011691677	37.333332	TRUE	G	0.0029303883	765.0	0.0013925723	0.7118237	154.34799	0.21957159	0.09115695	116.0	0.0
SPIKE	S143:G>T	1	57241	1.7469994E-5	4.2596874	40.0	TRUE	G	1.9943567E-4	53.0	0.002703916	0.977131	95.058075	0.21597828	0.07599964	116.0	0.0
SPIKE	D143-144:G>	21	57241	3.668699E-4	-1.0	39.336647	TRUE		NaN	NaN	NaN	NaN	NaN	NaN	NaN	NaN	NaN
SPIKE	D143-145:GC>	1	57241	1.7469994E-5	-1.0	39.336647	TRUE		NaN	NaN	NaN	NaN	NaN	NaN	NaN	NaN	NaN
SPIKE	I144:>C	20	57236	3.4943043E-4	-1.0	39.44332	TRUE		NaN	NaN	NaN	NaN	NaN	NaN	NaN	NaN	NaN
SPIKE	S144:C>G	7	57236	1.2230065E-4	1.8890414	39.714287	TRUE	C	0.0014239367	361.0	0.0012053259	0.8477439	154.33452	0.22603545	0.11064431	116.0	0.0
SPIKE	S144:C>A	1	57236	1.747152E-5	4.2596874	40.0	TRUE	C	1.8811312E-4	55.0	0.0033036193	0.97841525	95.04977	0.19640963	0.09278014	116.0	0.0
SPIKE	S144:C>T	13	57236	2.2712979E-4	25.388708	38.0	TRUE	C	4.8537846E-4	139.0	0.0030117438	0.9452518	149.02293	0.20046794	0.0754898	116.0	0.0
SPIKE	D144-145:C>	46	57236	8.0369E-4	-1.0	39.44332	TRUE		NaN	NaN	NaN	NaN	NaN	NaN	NaN	NaN	NaN
SPIKE	S145:C>G	3	57224	5.2425556E-5	2.3797824	37.0	TRUE	C	6.8647356E-4	174.0	0.0012053259	0.9234571	154.30215	0.22603545	0.11064431	116.0	0.0
SPIKE	S145:C>A	9	57224	1.5727666E-4	28.342087	37.77778	TRUE	C	1.3683824E-4	40.0	0.0033036193	0.9842521	95.02984	0.19640963	0.09278014	116.0	0.0
SPIKE	S145:C>T	8	57224	1.3980149E-4	10.308654	37.625	TRUE	C	6.147088E-4	176.0	0.0030117438	0.9311767	148.9917	0.20046794	0.0754898	116.0	0.0
SPIKE	I146:>A	2	57204	3.496259E-5	-1.0	39.24923	TRUE		NaN	NaN	NaN	NaN	NaN	NaN	NaN	NaN	NaN
SPIKE	I146:>TC	1	57204	1.7481296E-5	-1.0	39.24923	TRUE		NaN	NaN	NaN	NaN	NaN	NaN	NaN	NaN	NaN
SPIKE	S146:C>G	4	57204	6.992518E-5	7.4926927E-4	35.5	TRUE	C	0.0034138346	865.0	0.0012053259	0.67300344	154.24823	0.22603545	0.11064431	116.0	0.0
SPIKE	S146:C>A	6	57204	1.0488777E-4	19.311188	38.166668	TRUE	C	1.3004176E-4	38.0	0.0033036193	0.9850284	94.99663	0.19640963	0.09278014	116.0	0.0
SPIKE	S146:C>T	8	57204	1.3985037E-4	7.8612313	38.875	TRUE	C	8.315446E-4	238.0	0.0030117438	0.90804696	148.93962	0.20046794	0.0754898	116.0	0.0
SPIKE	I146:>TG	1	57204	1.7481296E-5	-1.0	39.24923	TRUE		NaN	NaN	NaN	NaN	NaN	NaN	NaN	NaN	NaN
SPIKE	S147:G>A	29	57184	5.071349E-4	48.173023	39.0	TRUE	G	9.376654E-4	266.0	0.0028034153	0.89693743	148.88754	0.20214361	0.075120196	116.0	0.0
SPIKE	S147:G>C	2	57184	3.497482E-5	0.031391714	37.0	TRUE	G	0.0017024697	444.0	0.0013925723	0.82079124	154.19429	0.21957159	0.09115695	116.0	0.0
SPIKE	S147:G>T	0	57184	0.0	-1.0	0.0	TRUE	G	0.003077384	817.0	0.002703916	0.6997889	94.96342	0.21597828	0.07599964	116.0	0.0
SPIKE	S148:T>G	6	57158	1.0497218E-4	2.8372655E-4	39.5	TRUE	T	0.0044151265	1178.0	0.0024317726	0.5992031	116.449646	0.21474954	0.06955641	116.0	0.0
SPIKE	S148:T>A	4	57158	6.9981455E-5	8.284564	40.0	TRUE	T	3.2369542E-4	85.0	0.0021493076	0.9631475	89.48553	0.21813686	0.067940384	116.0	0.0
SPIKE	S148:T>C	4	57158	6.9981455E-5	2.4537697	37.25	TRUE	T	7.965719E-4	220.0	0.0031335524	0.9117382	166.73175	0.20760716	0.08040193	116.0	0.0
SPIKE	S149:G>A	27	57135	4.7256498E-4	34.783207	38.666668	TRUE	G	0.0012454126	353.0	0.0028034153	0.86548275	148.75996	0.20214361	0.075120196	116.0	0.0
SPIKE	S149:G>C	2	57135	3.5004814E-5	1.5428312E-4	36.0	TRUE	G	0.003185274	830.0	0.0013925723	0.69108546	154.06216	0.21957159	0.09115695	116.0	0.0
SPIKE	S149:G>T	0	57135	0.0	-1.0	0.0	TRUE	G	0.0018359503	487.0	0.002703916	0.8081802	94.88204	0.21597828	0.07599964	116.0	0.0
SPIKE	S150:C>A	0	57050	0.0	-1.0	0.0	TRUE	C	1.16667245E-4	34.0	0.0033036193	0.9865578	94.74088	0.19640963	0.09278014	116.0	0.0
SPIKE	S150:C>G	0	57050	0.0	-1.0	0.0	TRUE	C	0.0026909525	680.0	0.0012053259	0.73187137	153.83298	0.22603545	0.11064431	116.0	0.0
SPIKE	S150:C>T	0	57050	0.0	-1.0	0.0	TRUE	C	0.0032966204	941.0	0.0030117438	0.68221664	148.53865	0.20046794	0.0754898	116.0	0.0
SPIKE	S151:T>A	0	56995	0.0	-1.0	0.0	TRUE	T	8.401959E-5	22.0	0.0021493076	0.9903011	89.23033	0.21813686	0.067940384	116.0	0.0
SPIKE	S151:T>G	0	56995	0.0	-1.0	0.0	TRUE	T	0.00397295	1057.0	0.0024317726	0.63073957	116.11756	0.21474954	0.06955641	116.0	0.0
SPIKE	S151:T>C	0	56995	0.0	-1.0	0.0	TRUE	T	0.0018300927	504.0	0.0031335524	0.8087295	166.25627	0.20760716	0.08040193	116.0	0.0
SPIKE	S152:G>A	0	56858	0.0	-1.0	0.0	TRUE	G	0.0011025787	311.0	0.0028034153	0.8799421	148.03876	0.20214361	0.075120196	116.0	0.0
SPIKE	S152:G>C	0	56858	0.0	-1.0	0.0	TRUE	G	1.118349E-4	29.0	0.0013925723	0.9871109	153.31525	0.21957159	0.09115695	116.0	0.0
SPIKE	S152:G>T	0	56858	0.0	-1.0	0.0	TRUE	G	0.001530467	404.0	0.002703916	0.83733237	94.422035	0.21597828	0.07599964	116.0	0.0
SPIKE	S153:G>A	0	56548	0.0	-1.0	0.0	TRUE	G	9.5890556E-4	269.0	0.0028034153	0.8947302	147.23163	0.20214361	0.075120196	116.0	0.0
SPIKE	S153:G>C	0	56548	0.0	-1.0	0.0	TRUE	G	1.1244799E-4	29.0	0.0013925723	0.98704076	152.47935	0.21957159	0.09115695	116.0	0.0
SPIKE	S153:G>T	0	56548	0.0	-1.0	0.0	TRUE	G	1.1046252E-4	29.0	0.002703916	0.9872681	93.907234	0.21597828	0.07599964	116.0	0.0
