#pipeline_block
reference	mutation	count	coverage	freq	score	cqs	has.reference	ancestral.allele	error.rate	minor.count.local	minor.fdr	minor.recall	minor.count.global	read.fraction.in.minors	q.filtered.read.fraction	mig.size	global.est
SPIKE	S0:T>A	0	121892	0.0	-1.0	0.0	TRUE	T	7.519856E-5	221.0	0.0062144524	0.9907187	270.54416	0.041734934	0.0064379247	124.0	0.0
SPIKE	S0:T>G	0	121892	0.0	-1.0	0.0	TRUE	T	2.9974344E-5	108.0	0.0020693652	0.9962901	714.53467	0.033900086	0.0099945525	124.0	0.0
SPIKE	S0:T>C	0	121892	0.0	-1.0	0.0	TRUE	T	3.8872068E-4	1042.0	0.00534664	0.9529419	1249.592	0.045716543	0.015477939	124.0	0.0
SPIKE	S1:A>G	0	122031	0.0	-1.0	0.0	TRUE	A	2.8092216E-4	827.0	0.004824332	0.96576536	1251.0171	0.041653447	0.010509244	124.0	0.0
SPIKE	S1:A>C	0	122031	0.0	-1.0	0.0	TRUE	A	1.1409833E-5	28.0	0.0058210096	0.9985862	715.3495	0.05001806	0.023092438	124.0	0.0
SPIKE	S1:A>T	0	122031	0.0	-1.0	0.0	TRUE	A	1.9491036E-4	501.0	0.0067191324	0.9761208	270.85266	0.047796413	0.012138765	124.0	0.0
SPIKE	S2:G>A	0	122201	0.0	-1.0	0.0	TRUE	G	2.6658218E-4	740.0	0.006872163	0.9674842	603.45715	0.044327065	0.012892632	124.0	0.0
SPIKE	S2:G>C	0	122201	0.0	-1.0	0.0	TRUE	G	1.765823E-5	61.0	0.003015509	0.99781275	588.2053	0.035481643	0.0113545535	124.0	0.0
SPIKE	S2:G>T	0	122201	0.0	-1.0	0.0	TRUE	G	5.604086E-6	18.0	0.0039950972	0.9993053	307.47006	0.038198434	0.010384222	124.0	0.0
SPIKE	S3:C>A	0	122320	0.0	-1.0	0.0	TRUE	C	4.598779E-6	11.0	0.007822573	0.99942994	307.76947	0.05154161	0.015602056	124.0	0.0
SPIKE	S3:C>G	0	122320	0.0	-1.0	0.0	TRUE	C	1.4448575E-4	495.0	0.003512847	0.9822433	588.77814	0.035829898	0.007651488	124.0	0.0
SPIKE	S3:C>T	0	122320	0.0	-1.0	0.0	TRUE	C	1.5695713E-4	451.0	0.0049031503	0.98072547	604.0448	0.04277959	0.0104658	124.0	0.0
SPIKE	S4:G>A	45	122483	3.6739794E-4	122.97151	39.555557	TRUE	G	1.6065929E-4	447.0	0.006872163	0.9802754	604.84973	0.044327065	0.012892632	124.0	0.0
SPIKE	S4:G>C	1	122483	8.164398E-6	2.0412	40.0	TRUE	G	1.2476709E-4	432.0	0.003015509	0.9846479	589.56274	0.035481643	0.0113545535	124.0	0.0
SPIKE	S4:G>T	2	122483	1.6328797E-5	-1.0	40.0	TRUE	G	1.925852E-5	62.0	0.0039950972	0.9976148	308.1796	0.038198434	0.010384222	124.0	0.0
SPIKE	S5:T>A	8	122535	6.5287466E-5	-1.0	39.625	TRUE	T	2.0647245E-5	61.0	0.0062144524	0.997443	271.9713	0.041734934	0.0064379247	124.0	0.0
SPIKE	S5:T>C	20	122535	1.6321868E-4	24.17939	39.5	TRUE	T	5.213883E-4	1405.0	0.00534664	0.9373935	1256.1838	0.045716543	0.015477939	124.0	0.0
SPIKE	S5:T>G	0	122535	0.0	-1.0	0.0	TRUE	T	1.5074178E-4	546.0	0.0020693652	0.9814816	718.30396	0.033900086	0.0099945525	124.0	0.0
SPIKE	S6:G>A	44	122596	3.589024E-4	120.05395	39.795456	TRUE	G	1.2388449E-4	345.0	0.006872163	0.9847557	605.4078	0.044327065	0.012892632	124.0	0.0
SPIKE	S6:G>C	5	122596	4.0784365E-5	10.658173	40.0	TRUE	G	1.7027321E-4	5.0	0.003015509	0.97910744	590.1066	0.035481643	0.0113545535	124.0	1.0
SPIKE	S6:G>T	0	122596	0.0	-1.0	0.0	TRUE	G	1.2568566E-4	405.0	0.0039950972	0.9845358	308.46393	0.038198434	0.010384222	124.0	0.0
SPIKE	S7:A>G	6	122638	4.8924478E-5	1.2947744	39.666668	TRUE	A	6.378191E-4	1887.0	0.004824332	0.92395717	1257.2399	0.041653447	0.010509244	124.0	0.0
SPIKE	S7:A>C	18	122638	1.4677343E-4	-1.0	39.88889	TRUE	A	9.325974E-6	23.0	0.0058210096	0.99884427	718.9078	0.05001806	0.023092438	124.0	0.0
SPIKE	S7:A>T	16	122638	1.3046527E-4	49.41419	40.0	TRUE	A	3.7163238E-5	96.0	0.0067191324	0.99540234	272.19995	0.047796413	0.012138765	124.0	0.0
SPIKE	D7-8:A>	123	122638	0.0010029518	-1.0	39.67873	TRUE		NaN	NaN	NaN	NaN	NaN	NaN	NaN	NaN	NaN
SPIKE	I7:>A	5	122638	4.07704E-5	-1.0	39.67873	TRUE		NaN	NaN	NaN	NaN	NaN	NaN	NaN	NaN	NaN
SPIKE	S8:A>G	3	122644	2.4461042E-5	0.23584192	39.333332	TRUE	A	6.624612E-4	1960.0	0.004824332	0.9211382	1257.3013	0.041653447	0.010509244	124.0	0.0
SPIKE	S8:A>C	17	122644	1.3861257E-4	-1.0	39.47059	TRUE	A	1.3785549E-5	34.0	0.0058210096	0.998292	718.94293	0.05001806	0.023092438	124.0	0.0
SPIKE	S8:A>T	19	122644	1.5491994E-4	-1.0	39.894737	TRUE	A	2.4387182E-5	63.0	0.0067191324	0.99698055	272.21326	0.047796413	0.012138765	124.0	0.0
SPIKE	I9:>G	2	122650	1.6306563E-5	-1.0	39.83511	TRUE		NaN	NaN	NaN	NaN	NaN	NaN	NaN	NaN	NaN
SPIKE	S9:G>A	42	122650	3.4243782E-4	103.676605	39.54762	TRUE	G	2.4837774E-4	692.0	0.006872163	0.9696706	605.67444	0.044327065	0.012892632	124.0	0.0
SPIKE	S9:G>C	2	122650	1.6306563E-5	3.9120662	40.0	TRUE	G	1.7027321E-4	1.0	0.003015509	0.97910744	590.3666	0.035481643	0.0113545535	124.0	1.0
SPIKE	D9-10:G>	35	122650	2.8536486E-4	-1.0	39.83511	TRUE		NaN	NaN	NaN	NaN	NaN	NaN	NaN	NaN	NaN
SPIKE	D9-11:GA>	15	122650	1.2229923E-4	-1.0	39.83511	TRUE		NaN	NaN	NaN	NaN	NaN	NaN	NaN	NaN	NaN
SPIKE	S9:G>T	0	122650	0.0	-1.0	0.0	TRUE	G	4.0325785E-6	13.0	0.0039950972	0.9995001	308.5998	0.038198434	0.010384222	124.0	0.0
SPIKE	S10:A>G	3	122650	2.4459845E-5	0.08755532	40.0	TRUE	A	8.266841E-4	2446.0	0.004824332	0.9025702	1257.3628	0.041653447	0.010509244	124.0	0.0
SPIKE	S10:A>C	12	122650	9.783938E-5	-1.0	39.75	TRUE	A	2.5137124E-5	62.0	0.0058210096	0.99688786	718.9781	0.05001806	0.023092438	124.0	0.0
SPIKE	S10:A>T	13	122650	1.05992665E-4	-1.0	39.76923	TRUE	A	1.819272E-5	47.0	0.0067191324	0.99774665	272.22656	0.047796413	0.012138765	124.0	0.0
SPIKE	D10-11:A>	50	122650	4.0766408E-4	-1.0	39.617905	TRUE		NaN	NaN	NaN	NaN	NaN	NaN	NaN	NaN	NaN
SPIKE	I10:>A	1	122650	8.153282E-6	-1.0	39.617905	TRUE		NaN	NaN	NaN	NaN	NaN	NaN	NaN	NaN	NaN
SPIKE	D10-12:AC>	6	122650	4.891969E-5	-1.0	39.617905	TRUE		NaN	NaN	NaN	NaN	NaN	NaN	NaN	NaN	NaN
SPIKE	I11:>C	1	122651	8.153215E-6	-1.0	39.757694	TRUE		NaN	NaN	NaN	NaN	NaN	NaN	NaN	NaN	NaN
SPIKE	S11:C>G	5	122651	4.0766077E-5	-1.0	39.4	TRUE	C	2.1541597E-5	74.0	0.003512847	0.9973324	590.3714	0.035829898	0.007651488	124.0	0.0
SPIKE	S11:C>T	41	122651	3.3428182E-4	111.31377	39.560974	TRUE	C	1.6035144E-4	462.0	0.0049031503	0.9803128	605.6794	0.04277959	0.0104658	124.0	0.0
SPIKE	D11-13:CG>	1	122651	8.153215E-6	-1.0	39.757694	TRUE		NaN	NaN	NaN	NaN	NaN	NaN	NaN	NaN	NaN
SPIKE	D11-12:C>	43	122651	3.5058826E-4	-1.0	39.757694	TRUE		NaN	NaN	NaN	NaN	NaN	NaN	NaN	NaN	NaN
SPIKE	S11:C>A	0	122651	0.0	-1.0	0.0	TRUE	C	1.7219728E-4	413.0	0.007822573	0.9788739	308.60233	0.05154161	0.015602056	124.0	0.0
SPIKE	I12:>G	1	122651	8.153215E-6	-1.0	39.663532	TRUE		NaN	NaN	NaN	NaN	NaN	NaN	NaN	NaN	NaN
SPIKE	S12:G>A	42	122651	3.4243503E-4	103.676605	39.190475	TRUE	G	2.0889404E-4	582.0	0.006872163	0.9744297	605.6794	0.044327065	0.012892632	124.0	0.0
SPIKE	S12:G>C	7	122651	5.7072506E-5	15.631419	39.42857	TRUE	G	1.1507842E-4	399.0	0.003015509	0.9858316	590.3714	0.035481643	0.0113545535	124.0	0.0
SPIKE	S12:G>T	1	122651	8.153215E-6	-1.0	35.0	TRUE	G	6.514112E-6	21.0	0.0039950972	0.9991926	308.60233	0.038198434	0.010384222	124.0	0.0
SPIKE	D12-13:G>	39	122651	3.1797538E-4	-1.0	39.663532	TRUE		NaN	NaN	NaN	NaN	NaN	NaN	NaN	NaN	NaN
SPIKE	D12-14:GA>	3	122651	2.4459645E-5	-1.0	39.663532	TRUE		NaN	NaN	NaN	NaN	NaN	NaN	NaN	NaN	NaN
SPIKE	S13:A>G	12	122652	9.783779E-5	8.07949	39.5	TRUE	A	5.951623E-4	1761.0	0.004824332	0.9288573	1257.3833	0.041653447	0.010509244	124.0	0.0
SPIKE	S13:A>C	14	122652	1.1414408E-4	-1.0	39.642857	TRUE	A	2.6758436E-5	66.0	0.0058210096	0.9966875	718.9898	0.05001806	0.023092438	124.0	0.0
SPIKE	S13:A>T	5	122652	4.0765743E-5	16.300888	40.0	TRUE	A	6.928604E-5	179.0	0.0067191324	0.9914453	272.23102	0.047796413	0.012138765	124.0	0.0
SPIKE	D13-14:A>	25	122652	2.0382872E-4	-1.0	39.64895	TRUE		NaN	NaN	NaN	NaN	NaN	NaN	NaN	NaN	NaN
SPIKE	I13:>A	1	122652	8.153149E-6	-1.0	39.64895	TRUE		NaN	NaN	NaN	NaN	NaN	NaN	NaN	NaN	NaN
SPIKE	D14-16:CA>	3	122652	2.4459447E-5	-1.0	39.83083	TRUE		NaN	NaN	NaN	NaN	NaN	NaN	NaN	NaN	NaN
SPIKE	S14:C>G	1	122652	8.153149E-6	-1.0	40.0	TRUE	C	4.075404E-6	14.0	0.003512847	0.9994948	590.3762	0.035829898	0.007651488	124.0	0.0
SPIKE	S14:C>T	30	122652	2.4459447E-4	91.55839	39.533333	TRUE	C	6.490362E-5	187.0	0.0049031503	0.99198425	605.6843	0.04277959	0.0104658	124.0	0.0
SPIKE	D14-15:C>	38	122652	3.0981965E-4	-1.0	39.83083	TRUE		NaN	NaN	NaN	NaN	NaN	NaN	NaN	NaN	NaN
SPIKE	S14:C>A	0	122652	0.0	-1.0	0.0	TRUE	C	1.8803956E-4	451.0	0.007822573	0.97695285	308.60483	0.05154161	0.015602056	124.0	0.0
SPIKE	S15:A>G	3	122652	2.4459447E-5	0.96486104	38.666668	TRUE	A	4.5929902E-4	1359.0	0.004824332	0.9446384	1257.3833	0.041653447	0.010509244	124.0	0.0
SPIKE	S15:A>C	6	122652	4.8918893E-5	13.113299	39.166668	TRUE	A	1.8082217E-4	446.0	0.0058210096	0.97782755	718.9898	0.05001806	0.023092438	124.0	0.0
SPIKE	S15:A>T	3	122652	2.4459447E-5	10.280287	40.0	TRUE	A	5.5738492E-5	144.0	0.0067191324	0.99311227	272.23102	0.047796413	0.012138765	124.0	0.0
SPIKE	D15-16:A>	37	122652	3.016665E-4	-1.0	39.577625	TRUE		NaN	NaN	NaN	NaN	NaN	NaN	NaN	NaN	NaN
SPIKE	I15:>A	1	122652	8.153149E-6	-1.0	39.577625	TRUE		NaN	NaN	NaN	NaN	NaN	NaN	NaN	NaN	NaN
SPIKE	I16:>G	1	122652	8.153149E-6	-1.0	39.839855	TRUE		NaN	NaN	NaN	NaN	NaN	NaN	NaN	NaN	NaN
SPIKE	S16:G>A	39	122652	3.179728E-4	86.648964	39.820515	TRUE	G	2.6560194E-4	740.0	0.006872163	0.9676018	605.6843	0.044327065	0.012892632	124.0	0.0
SPIKE	S16:G>T	2	122652	1.6306298E-5	-1.0	40.0	TRUE	G	6.2038657E-6	20.0	0.0039950972	0.99923104	308.60483	0.038198434	0.010384222	124.0	0.0
SPIKE	S16:G>C	3	122652	2.4459447E-5	6.0206	40.0	TRUE	G	1.7027321E-4	4.0	0.003015509	0.97910744	590.3762	0.035481643	0.0113545535	124.0	1.0
SPIKE	D16-17:G>	21	122652	1.7121612E-4	-1.0	39.839855	TRUE		NaN	NaN	NaN	NaN	NaN	NaN	NaN	NaN	NaN
SPIKE	S17:A>G	6	122652	4.8918893E-5	0.9101343	39.666668	TRUE	A	7.124373E-4	2108.0	0.004824332	0.91544753	1257.3833	0.041653447	0.010509244	124.0	0.0
SPIKE	S17:A>T	49	122652	3.995043E-4	148.75409	39.367348	TRUE	A	6.541531E-5	169.0	0.0067191324	0.9919213	272.23102	0.047796413	0.012138765	124.0	0.0
SPIKE	S17:A>C	11	122652	8.968464E-5	-1.0	39.727272	TRUE	A	1.2568356E-5	31.0	0.0058210096	0.9984427	718.9898	0.05001806	0.023092438	124.0	0.0
SPIKE	D17-18:A>	87	122652	7.0932397E-4	-1.0	39.63481	TRUE		NaN	NaN	NaN	NaN	NaN	NaN	NaN	NaN	NaN
SPIKE	I17:>A	1	122652	8.153149E-6	-1.0	39.63481	TRUE		NaN	NaN	NaN	NaN	NaN	NaN	NaN	NaN	NaN
SPIKE	S18:A>G	4	122652	3.2612596E-5	0.19524196	40.0	TRUE	A	7.648224E-4	2263.0	0.004824332	0.90952027	1257.3833	0.041653447	0.010509244	124.0	0.0
SPIKE	S18:A>C	27	122652	2.2013501E-4	-1.0	39.77778	TRUE	A	2.3109558E-5	57.0	0.0058210096	0.9971385	718.9898	0.05001806	0.023092438	124.0	0.0
SPIKE	S18:A>T	0	122652	0.0	-1.0	0.0	TRUE	A	1.31604775E-5	34.0	0.0067191324	0.99836946	272.23102	0.047796413	0.012138765	124.0	0.0
SPIKE	S19:C>G	5	122652	4.0765743E-5	-1.0	39.8	TRUE	C	5.5309056E-6	19.0	0.003512847	0.9993144	590.3762	0.035829898	0.007651488	124.0	0.0
SPIKE	S19:C>A	2	122652	1.6306298E-5	3.9120662	39.5	TRUE	C	1.7803302E-4	427.0	0.007822573	0.9781658	308.60483	0.05154161	0.015602056	124.0	0.0
SPIKE	S19:C>T	20	122652	1.6306297E-4	61.455387	39.85	TRUE	C	7.32335E-5	211.0	0.0049031503	0.9909602	605.6843	0.04277959	0.0104658	124.0	0.0
SPIKE	D19-20:C>	5	122652	4.0765743E-5	-1.0	39.7071	TRUE		NaN	NaN	NaN	NaN	NaN	NaN	NaN	NaN	NaN
SPIKE	S20:C>G	24	122652	1.9567557E-4	62.301826	39.625	TRUE	C	1.7185869E-4	7.0	0.003512847	0.978915	590.3762	0.035829898	0.007651488	124.0	1.0
SPIKE	S20:C>T	26	122652	2.1198187E-4	68.00451	39.46154	TRUE	C	1.09676716E-4	316.0	0.0049031503	0.98649216	605.6843	0.04277959	0.0104658	124.0	0.0
SPIKE	S20:C>A	0	122652	0.0	-1.0	0.0	TRUE	C	2.543329E-5	61.0	0.007822573	0.99685127	308.60483	0.05154161	0.015602056	124.0	0.0
SPIKE	S21:A>G	10	122652	8.1531485E-5	14.269594	39.2	TRUE	A	2.7747202E-4	821.0	0.004824332	0.96617866	1257.3833	0.041653447	0.010509244	124.0	0.0
SPIKE	S21:A>C	9	122652	7.337834E-5	20.808811	39.88889	TRUE	A	1.7109183E-4	422.0	0.0058210096	0.9790081	718.9898	0.05001806	0.023092438	124.0	0.0
SPIKE	S21:A>T	0	122652	0.0	-1.0	0.0	TRUE	A	4.1029725E-5	106.0	0.0067191324	0.99492526	272.23102	0.047796413	0.012138765	124.0	0.0
SPIKE	S22:A>T	122628	122652	0.9998043	9999.0	39.91421	TRUE	T	1.0537324E-4	0.0	0.0067191324	0.9870187	272.23102	0.047796413	0.012138765	124.0	1.0
SPIKE	S22:A>G	0	122652	0.0	-1.0	0.0	TRUE	T	1.3856703E-5	41.0	0.004824332	0.99828327	1257.3833	0.041653447	0.010509244	124.0	0.0
SPIKE	S22:A>C	0	122652	0.0	-1.0	0.0	TRUE	T	2.9150068E-4	0.0	0.0058210096	0.9644994	718.9898	0.05001806	0.023092438	124.0	1.0
SPIKE	S23:A>G	122628	122652	0.9998043	9999.0	39.914196	TRUE	G	4.2495577E-4	0.0	0.004824332	0.9486698	1257.3833	0.041653447	0.010509244	124.0	1.0
SPIKE	S23:A>C	0	122652	0.0	-1.0	0.0	TRUE	G	2.9150068E-4	0.0	0.0058210096	0.9644994	718.9898	0.05001806	0.023092438	124.0	1.0
SPIKE	S23:A>T	0	122652	0.0	-1.0	0.0	TRUE	G	1.5057134E-4	389.0	0.0067191324	0.98150235	272.23102	0.047796413	0.012138765	124.0	0.0
SPIKE	S24:A>G	0	122652	0.0	-1.0	0.0	TRUE	A	1.3079375E-4	387.0	0.004824332	0.9839124	1257.3833	0.041653447	0.010509244	124.0	0.0
SPIKE	S24:A>C	0	122652	0.0	-1.0	0.0	TRUE	A	1.6622665E-5	41.0	0.0058210096	0.9979409	718.9898	0.05001806	0.023092438	124.0	0.0
SPIKE	S24:A>T	0	122652	0.0	-1.0	0.0	TRUE	A	1.0537324E-4	0.0	0.0067191324	0.9870187	272.23102	0.047796413	0.012138765	124.0	1.0
SPIKE	S25:A>C	122628	122652	0.9998043	9999.0	39.91422	TRUE	C	2.9150068E-4	0.0	0.0058210096	0.9644994	718.9898	0.05001806	0.023092438	124.0	1.0
SPIKE	S25:A>G	0	122652	0.0	-1.0	0.0	TRUE	C	4.2495577E-4	1.0	0.004824332	0.9486698	1257.3833	0.041653447	0.010509244	124.0	1.0
SPIKE	S25:A>T	0	122652	0.0	-1.0	0.0	TRUE	C	1.5869988E-5	41.0	0.0067191324	0.99803406	272.23102	0.047796413	0.012138765	124.0	0.0
SPIKE	S26:T>A	2	122652	1.6306298E-5	7.269987	38.0	TRUE	T	4.0578783E-5	120.0	0.0062144524	0.9949809	272.23102	0.041734934	0.0064379247	124.0	0.0
SPIKE	S26:T>C	4	122652	3.2612596E-5	0.4730946	40.0	TRUE	T	6.669629E-4	1799.0	0.00534664	0.92062414	1257.3833	0.045716543	0.015477939	124.0	0.0
SPIKE	S26:T>G	0	122652	0.0	-1.0	0.0	TRUE	T	2.4823843E-5	90.0	0.0020693652	0.9969266	718.9898	0.033900086	0.0099945525	124.0	0.0
SPIKE	S27:G>A	16	122652	1.3045038E-4	49.41419	39.5	TRUE	G	9.870342E-5	275.0	0.006872163	0.98783535	605.6843	0.044327065	0.012892632	124.0	0.0
SPIKE	S27:G>T	1	122652	8.153149E-6	2.0412	40.0	TRUE	G	1.250079E-4	403.0	0.0039950972	0.98461854	308.60483	0.038198434	0.010384222	124.0	0.0
SPIKE	D27-28:G>	3	122652	2.4459447E-5	-1.0	39.842873	TRUE		NaN	NaN	NaN	NaN	NaN	NaN	NaN	NaN	NaN
SPIKE	S27:G>C	0	122652	0.0	-1.0	0.0	TRUE	G	1.7027321E-4	2.0	0.003015509	0.97910744	590.3762	0.035481643	0.0113545535	124.0	1.0
SPIKE	S28:G>A	13	122652	1.05990934E-4	40.383286	38.307693	TRUE	G	7.788597E-5	217.0	0.006872163	0.99038863	605.6843	0.044327065	0.012892632	124.0	0.0
SPIKE	S28:G>T	2	122652	1.6306298E-5	-1.0	40.0	TRUE	G	1.5199471E-5	49.0	0.0039950972	0.998117	308.60483	0.038198434	0.010384222	124.0	0.0
SPIKE	S28:G>C	0	122652	0.0	-1.0	0.0	TRUE	G	4.903051E-6	17.0	0.003015509	0.9993922	590.3762	0.035481643	0.0113545535	124.0	0.0
SPIKE	S29:G>A	7	122652	5.707204E-5	22.321487	39.857143	TRUE	G	1.033694E-4	288.0	0.006872163	0.987264	605.6843	0.044327065	0.012892632	124.0	0.0
SPIKE	S29:G>T	9	122652	7.337834E-5	-1.0	39.444443	TRUE	G	2.5746042E-5	83.0	0.0039950972	0.9968126	308.60483	0.038198434	0.010384222	124.0	0.0
SPIKE	S29:G>C	1	122652	8.153149E-6	-1.0	32.0	TRUE	G	6.345125E-6	22.0	0.003015509	0.9992135	590.3762	0.035481643	0.0113545535	124.0	0.0
SPIKE	S30:A>G	11	122652	8.968464E-5	6.7779837	39.454544	TRUE	A	5.515644E-4	1632.0	0.004824332	0.9338925	1257.3833	0.041653447	0.010509244	124.0	0.0
SPIKE	S30:A>T	2	122652	1.6306298E-5	7.269987	40.0	TRUE	A	3.754607E-5	97.0	0.0067191324	0.9953551	272.23102	0.047796413	0.012138765	124.0	0.0
SPIKE	S30:A>C	0	122652	0.0	-1.0	0.0	TRUE	A	1.0541203E-5	26.0	0.0058210096	0.99869376	718.9898	0.05001806	0.023092438	124.0	0.0
SPIKE	S31:T>C	1	122652	8.153149E-6	0.17304859	40.0	TRUE	T	4.4451834E-4	1199.0	0.00534664	0.9463713	1257.3833	0.045716543	0.015477939	124.0	0.0
SPIKE	S31:T>A	0	122652	0.0	-1.0	0.0	TRUE	T	3.821169E-5	113.0	0.0062144524	0.99527293	272.23102	0.041734934	0.0064379247	124.0	0.0
SPIKE	S31:T>G	0	122652	0.0	-1.0	0.0	TRUE	T	5.5164096E-6	20.0	0.0020693652	0.9993162	718.9898	0.033900086	0.0099945525	124.0	0.0
SPIKE	S32:C>T	6	122652	4.8918893E-5	13.113299	39.666668	TRUE	C	1.16965355E-4	337.0	0.0049031503	0.98560095	605.6843	0.04277959	0.0104658	124.0	0.0
SPIKE	S32:C>A	6	122652	4.8918893E-5	-1.0	39.833332	TRUE	C	1.20912355E-5	29.0	0.007822573	0.99850184	308.60483	0.05154161	0.015602056	124.0	0.0
SPIKE	S32:C>G	0	122652	0.0	-1.0	0.0	TRUE	C	1.7185869E-4	7.0	0.003512847	0.978915	590.3762	0.035829898	0.007651488	124.0	1.0
SPIKE	S33:C>T	9	122652	7.337834E-5	28.342087	39.555557	TRUE	C	1.0169391E-4	293.0	0.0049031503	0.98746914	605.6843	0.04277959	0.0104658	124.0	0.0
SPIKE	S33:C>A	1	122652	8.153149E-6	-1.0	39.0	TRUE	C	6.6710268E-6	16.0	0.007822573	0.99917316	308.60483	0.05154161	0.015602056	124.0	0.0
SPIKE	S33:C>G	0	122652	0.0	-1.0	0.0	TRUE	C	1.7185869E-4	3.0	0.003512847	0.978915	590.3762	0.035829898	0.007651488	124.0	1.0
SPIKE	S34:A>C	1	122652	8.153149E-6	-1.0	39.0	TRUE	A	1.7433527E-5	43.0	0.0058210096	0.9978406	718.9898	0.05001806	0.023092438	124.0	0.0
SPIKE	S34:A>T	2	122652	1.6306298E-5	-1.0	40.0	TRUE	A	2.167608E-5	56.0	0.0067191324	0.99731576	272.23102	0.047796413	0.012138765	124.0	0.0
SPIKE	S34:A>G	17	122652	1.3860353E-4	29.928427	39.82353	TRUE	A	3.0924106E-4	915.0	0.004824332	0.96238	1257.3833	0.041653447	0.010509244	124.0	0.0
SPIKE	S35:T>C	3	122652	2.4459447E-5	0.96486104	37.666668	TRUE	T	4.115224E-4	1110.0	0.00534664	0.95025134	1257.3833	0.045716543	0.015477939	124.0	0.0
SPIKE	D35-36:T>	4	122652	3.2612596E-5	-1.0	39.75835	TRUE		NaN	NaN	NaN	NaN	NaN	NaN	NaN	NaN	NaN
SPIKE	S35:T>A	0	122652	0.0	-1.0	0.0	TRUE	T	2.941962E-5	87.0	0.0062144524	0.99635863	272.23102	0.041734934	0.0064379247	124.0	0.0
SPIKE	S35:T>G	0	122652	0.0	-1.0	0.0	TRUE	T	1.0205357E-5	37.0	0.0020693652	0.9987353	718.9898	0.033900086	0.0099945525	124.0	0.0
SPIKE	S36:T>C	3	122652	2.4459447E-5	3.748162	40.0	TRUE	T	2.3949862E-4	646.0	0.00534664	0.9707388	1257.3833	0.045716543	0.015477939	124.0	0.0
SPIKE	S36:T>A	3	122652	2.4459447E-5	-1.0	39.0	TRUE	T	1.6569671E-5	49.0	0.0062144524	0.99794745	272.23102	0.041734934	0.0064379247	124.0	0.0
SPIKE	S36:T>G	1	122652	8.153149E-6	1.0720997	40.0	TRUE	T	1.9831212E-4	7.0	0.0020693652	0.9757092	718.9898	0.033900086	0.0099945525	124.0	1.0
SPIKE	S37:A>G	8	122652	6.522519E-5	13.595069	39.875	TRUE	A	2.1021633E-4	622.0	0.004824332	0.97427	1257.3833	0.041653447	0.010509244	124.0	0.0
SPIKE	S37:A>C	0	122652	0.0	-1.0	0.0	TRUE	A	1.812276E-4	447.0	0.0058210096	0.9777784	718.9898	0.05001806	0.023092438	124.0	0.0
SPIKE	S37:A>T	0	122652	0.0	-1.0	0.0	TRUE	A	1.6644133E-5	43.0	0.0067191324	0.9979383	272.23102	0.047796413	0.012138765	124.0	0.0
SPIKE	S38:T>C	5	122652	4.0765743E-5	5.1061287	40.0	TRUE	T	2.691579E-4	726.0	0.00534664	0.96717525	1257.3833	0.045716543	0.015477939	124.0	0.0
SPIKE	S38:T>A	2	122652	1.6306298E-5	-1.0	40.0	TRUE	T	2.3332801E-5	69.0	0.0062144524	0.9971109	272.23102	0.041734934	0.0064379247	124.0	0.0
SPIKE	S38:T>G	0	122652	0.0	-1.0	0.0	TRUE	T	6.343871E-6	23.0	0.0020693652	0.9992137	718.9898	0.033900086	0.0099945525	124.0	0.0
SPIKE	S39:C>T	14	122652	1.1414408E-4	34.27314	39.714287	TRUE	C	1.3293096E-4	383.0	0.0049031503	0.9836517	605.6843	0.04277959	0.0104658	124.0	0.0
SPIKE	S39:C>A	126	122652	0.0010272968	-1.0	39.698414	TRUE	C	1.4592871E-5	35.0	0.007822573	0.99819213	308.60483	0.05154161	0.015602056	124.0	0.0
SPIKE	S39:C>G	2	122652	1.6306298E-5	-1.0	39.0	TRUE	C	6.986407E-6	24.0	0.003512847	0.99913406	590.3762	0.035829898	0.007651488	124.0	0.0
SPIKE	S40:G>T	2	122652	1.6306298E-5	-1.0	39.5	TRUE	G	5.583479E-6	18.0	0.0039950972	0.9993079	308.60483	0.038198434	0.010384222	124.0	0.0
SPIKE	S40:G>A	16	122652	1.3045038E-4	32.922462	39.625	TRUE	G	1.866392E-4	520.0	0.006872163	0.9771225	605.6843	0.044327065	0.012892632	124.0	0.0
SPIKE	S40:G>C	0	122652	0.0	-1.0	0.0	TRUE	G	1.7027321E-4	5.0	0.003015509	0.97910744	590.3762	0.035481643	0.0113545535	124.0	1.0
SPIKE	S41:G>C	1	122652	8.153149E-6	-1.0	40.0	TRUE	G	6.921954E-6	24.0	0.003015509	0.99914205	590.3762	0.035481643	0.0113545535	124.0	0.0
SPIKE	S41:G>T	1	122652	8.153149E-6	4.2596874	40.0	TRUE	G	9.572715E-5	7.0	0.0039950972	0.9882	308.60483	0.038198434	0.010384222	124.0	1.0
SPIKE	S41:G>A	15	122652	1.2229724E-4	46.403885	38.6	TRUE	G	7.537352E-5	210.0	0.006872163	0.9906972	605.6843	0.044327065	0.012892632	124.0	0.0
SPIKE	S42:C>T	4	122652	3.2612596E-5	8.284564	39.5	TRUE	C	1.3084848E-4	377.0	0.0049031503	0.98390573	605.6843	0.04277959	0.0104658	124.0	0.0
SPIKE	S42:C>A	4	122652	3.2612596E-5	-1.0	39.5	TRUE	C	8.755723E-6	21.0	0.007822573	0.9989149	308.60483	0.05154161	0.015602056	124.0	0.0
SPIKE	D42-43:C>	2	122652	1.6306298E-5	-1.0	39.78148	TRUE		NaN	NaN	NaN	NaN	NaN	NaN	NaN	NaN	NaN
SPIKE	S42:C>G	0	122652	0.0	-1.0	0.0	TRUE	C	9.89741E-6	34.0	0.003512847	0.99877346	590.3762	0.035829898	0.007651488	124.0	0.0
SPIKE	S43:G>C	1	122652	8.153149E-6	-1.0	40.0	TRUE	G	6.345125E-6	22.0	0.003015509	0.9992135	590.3762	0.035481643	0.0113545535	124.0	0.0
SPIKE	S43:G>T	2	122652	1.6306298E-5	-1.0	40.0	TRUE	G	7.1344452E-6	23.0	0.0039950972	0.9991157	308.60483	0.038198434	0.010384222	124.0	0.0
SPIKE	S43:G>A	24	122652	1.9567557E-4	62.301826	39.583332	TRUE	G	1.7335909E-4	483.0	0.006872163	0.9787329	605.6843	0.044327065	0.012892632	124.0	0.0
SPIKE	S44:G>T	1	122652	8.153149E-6	-1.0	36.0	TRUE	G	5.2732858E-6	17.0	0.0039950972	0.9993463	308.60483	0.038198434	0.010384222	124.0	0.0
SPIKE	S44:G>A	12	122652	9.783779E-5	37.372986	39.166668	TRUE	G	7.788597E-5	217.0	0.006872163	0.99038863	605.6843	0.044327065	0.012892632	124.0	0.0
SPIKE	S44:G>C	0	122652	0.0	-1.0	0.0	TRUE	G	1.269025E-5	44.0	0.003015509	0.9984276	590.3762	0.035481643	0.0113545535	124.0	0.0
SPIKE	S45:C>T	13	122652	1.05990934E-4	-1.0	38.307693	TRUE	C	2.7419179E-5	79.0	0.0049031503	0.9966058	605.6843	0.04277959	0.0104658	124.0	0.0
SPIKE	S45:C>A	3	122652	2.4459447E-5	-1.0	39.666668	TRUE	C	4.5863308E-6	11.0	0.007822573	0.99943143	308.60483	0.05154161	0.015602056	124.0	0.0
SPIKE	S45:C>G	1	122652	8.153149E-6	-1.0	39.0	TRUE	C	1.018851E-5	35.0	0.003512847	0.9987374	590.3762	0.035829898	0.007651488	124.0	0.0
SPIKE	S46:G>T	1	122652	8.153149E-6	-1.0	40.0	TRUE	G	3.1019329E-6	10.0	0.0039950972	0.99961543	308.60483	0.038198434	0.010384222	124.0	0.0
SPIKE	S46:G>A	13	122652	1.05990934E-4	31.537222	39.53846	TRUE	G	1.3100635E-4	365.0	0.006872163	0.9838864	605.6843	0.044327065	0.012892632	124.0	0.0
SPIKE	S46:G>C	0	122652	0.0	-1.0	0.0	TRUE	G	5.768295E-6	20.0	0.003015509	0.999285	590.3762	0.035481643	0.0113545535	124.0	0.0
SPIKE	S47:A>T	2	122652	1.6306298E-5	-1.0	38.5	TRUE	A	1.5482914E-5	40.0	0.0067191324	0.998082	272.23102	0.047796413	0.012138765	124.0	0.0
SPIKE	S47:A>G	13	122652	1.05990934E-4	20.706247	39.46154	TRUE	A	2.5449018E-4	753.0	0.004824332	0.96893597	1257.3833	0.041653447	0.010509244	124.0	0.0
SPIKE	S47:A>C	0	122652	0.0	-1.0	0.0	TRUE	A	4.8651705E-6	12.0	0.0058210096	0.9993969	718.9898	0.05001806	0.023092438	124.0	0.0
SPIKE	S48:A>T	2	122652	1.6306298E-5	-1.0	39.5	TRUE	A	1.6257061E-5	42.0	0.0067191324	0.99798614	272.23102	0.047796413	0.012138765	124.0	0.0
SPIKE	S48:A>G	30	122652	2.4459447E-4	56.184185	39.5	TRUE	A	3.9339517E-4	1164.0	0.004824332	0.95238966	1257.3833	0.041653447	0.010509244	124.0	0.0
SPIKE	S48:A>C	0	122652	0.0	-1.0	0.0	TRUE	A	1.3784649E-5	34.0	0.0058210096	0.99829215	718.9898	0.05001806	0.023092438	124.0	0.0
SPIKE	S49:T>C	4	122652	3.2612596E-5	1.0965977	38.75	TRUE	T	5.131054E-4	1384.0	0.00534664	0.93835676	1257.3833	0.045716543	0.015477939	124.0	0.0
SPIKE	D49-50:T>	23	122652	1.8752243E-4	-1.0	39.64744	TRUE		NaN	NaN	NaN	NaN	NaN	NaN	NaN	NaN	NaN
SPIKE	S49:T>A	0	122652	0.0	-1.0	0.0	TRUE	T	2.4685427E-5	73.0	0.0062144524	0.9969437	272.23102	0.041734934	0.0064379247	124.0	0.0
SPIKE	S49:T>G	0	122652	0.0	-1.0	0.0	TRUE	T	8.550434E-6	31.0	0.0020693652	0.9989403	718.9898	0.033900086	0.0099945525	124.0	0.0
SPIKE	S50:T>C	6	122652	4.8918893E-5	4.872041	39.833332	TRUE	T	3.6592127E-4	987.0	0.00534664	0.9556398	1257.3833	0.045716543	0.015477939	124.0	0.0
SPIKE	S50:T>A	14	122652	1.1414408E-4	-1.0	39.5	TRUE	T	3.0772244E-5	91.0	0.0062144524	0.9961915	272.23102	0.041734934	0.0064379247	124.0	0.0
SPIKE	S50:T>G	0	122652	0.0	-1.0	0.0	TRUE	T	8.274615E-6	30.0	0.0020693652	0.9989745	718.9898	0.033900086	0.0099945525	124.0	0.0
SPIKE	S51:T>C	4	122652	3.2612596E-5	3.6487768	38.75	TRUE	T	2.8843642E-4	778.0	0.00534664	0.9648659	1257.3833	0.045716543	0.015477939	124.0	0.0
SPIKE	S51:T>G	1	122652	8.153149E-6	-1.0	40.0	TRUE	T	4.688948E-6	17.0	0.0020693652	0.99941874	718.9898	0.033900086	0.0099945525	124.0	0.0
SPIKE	S51:T>A	10	122652	8.1531485E-5	18.164799	37.2	TRUE	T	2.1405309E-4	633.0	0.0062144524	0.97380656	272.23102	0.041734934	0.0064379247	124.0	0.0
SPIKE	S52:A>G	12	122652	9.783779E-5	18.50573	39.416668	TRUE	A	2.8017577E-4	829.0	0.004824332	0.96585476	1257.3833	0.041653447	0.010509244	124.0	0.0
SPIKE	S52:A>C	0	122652	0.0	-1.0	0.0	TRUE	A	5.0232885E-4	1239.0	0.0058210096	0.9396115	718.9898	0.05001806	0.023092438	124.0	0.0
SPIKE	S52:A>T	0	122652	0.0	-1.0	0.0	TRUE	A	1.1225114E-5	29.0	0.0067191324	0.99860907	272.23102	0.047796413	0.012138765	124.0	0.0
SPIKE	S53:C>T	18	122653	1.4675548E-4	55.434788	39.61111	TRUE	C	8.433931E-5	243.0	0.0049031503	0.9895964	605.6893	0.04277959	0.0104658	124.0	0.0
SPIKE	S53:C>G	2	122653	1.6306165E-5	-1.0	39.0	TRUE	C	8.732937E-6	30.0	0.003512847	0.9989177	590.38104	0.035829898	0.007651488	124.0	0.0
SPIKE	S53:C>A	196	122653	0.0015980041	-1.0	39.295918	TRUE	C	9.172587E-6	22.0	0.007822573	0.9988632	308.60733	0.05154161	0.015602056	124.0	0.0
SPIKE	D53-54:C>	12	122653	9.7836986E-5	-1.0	39.72649	TRUE		NaN	NaN	NaN	NaN	NaN	NaN	NaN	NaN	NaN
SPIKE	D53-55:CC>	2	122653	1.6306165E-5	-1.0	39.72649	TRUE		NaN	NaN	NaN	NaN	NaN	NaN	NaN	NaN	NaN
SPIKE	S54:C>T	13	122653	1.0599007E-4	31.537222	40.0	TRUE	C	1.256413E-4	362.0	0.0049031503	0.98454124	605.6893	0.04277959	0.0104658	124.0	0.0
SPIKE	S54:C>A	136	122653	0.0011088192	344.11508	40.0	TRUE	C	4.4612127E-4	1070.0	0.007822573	0.9461832	308.60733	0.05154161	0.015602056	124.0	0.0
SPIKE	S54:C>G	0	122653	0.0	-1.0	0.0	TRUE	C	1.7185869E-4	9.0	0.003512847	0.978915	590.38104	0.035829898	0.007651488	124.0	1.0
SPIKE	S55:A>T	6	122653	4.8918493E-5	19.311188	40.0	TRUE	A	8.399413E-5	217.0	0.0067191324	0.9896388	272.23322	0.047796413	0.012138765	124.0	0.0
SPIKE	S55:A>G	22	122653	1.7936781E-4	36.755787	40.0	TRUE	A	3.5520186E-4	1051.0	0.004824332	0.95691085	1257.3936	0.041653447	0.010509244	124.0	0.0
SPIKE	D55-56:A>	1	122653	8.1530825E-6	-1.0	39.999447	TRUE		NaN	NaN	NaN	NaN	NaN	NaN	NaN	NaN	NaN
SPIKE	S55:A>C	0	122653	0.0	-1.0	0.0	TRUE	A	7.707178E-4	1901.0	0.0058210096	0.9088556	718.99567	0.05001806	0.023092438	124.0	0.0
SPIKE	S56:C>T	15	122653	1.2229623E-4	46.403885	40.0	TRUE	C	8.399224E-5	242.0	0.0049031503	0.989639	605.6893	0.04277959	0.0104658	124.0	0.0
SPIKE	S56:C>G	1	122653	8.1530825E-6	-1.0	40.0	TRUE	C	7.859644E-6	27.0	0.003512847	0.9990259	590.38104	0.035829898	0.007651488	124.0	0.0
SPIKE	S56:C>A	107	122653	8.723798E-4	296.4451	40.0	TRUE	C	2.4140581E-4	579.0	0.007822573	0.9705093	308.60733	0.05154161	0.015602056	124.0	0.0
SPIKE	D56-57:C>	1	122653	8.1530825E-6	-1.0	39.999977	TRUE		NaN	NaN	NaN	NaN	NaN	NaN	NaN	NaN	NaN
SPIKE	S57:C>T	13	122653	1.0599007E-4	40.383286	40.0	TRUE	C	1.0065186E-4	290.0	0.0049031503	0.98759675	605.6893	0.04277959	0.0104658	124.0	0.0
SPIKE	S57:C>A	16	122653	1.3044932E-4	19.635284	40.0	TRUE	C	4.602971E-4	1104.0	0.007822573	0.9445215	308.60733	0.05154161	0.015602056	124.0	0.0
SPIKE	S57:C>G	0	122653	0.0	-1.0	0.0	TRUE	C	1.7185869E-4	9.0	0.003512847	0.978915	590.38104	0.035829898	0.007651488	124.0	1.0
SPIKE	S58:A>T	1	122653	8.1530825E-6	0.09432235	40.0	TRUE	A	4.7222505E-4	1220.0	0.0067191324	0.9431255	272.23322	0.047796413	0.012138765	124.0	0.0
SPIKE	S58:A>C	1	122653	8.1530825E-6	1.0720997	40.0	TRUE	A	2.513651E-4	620.0	0.0058210096	0.9693115	718.99567	0.05001806	0.023092438	124.0	0.0
SPIKE	S58:A>G	16	122653	1.3044932E-4	27.568455	40.0	TRUE	A	2.7780773E-4	822.0	0.004824332	0.9661384	1257.3936	0.041653447	0.010509244	124.0	0.0
SPIKE	S59:T>C	19	122653	1.5490856E-4	22.22055	40.0	TRUE	T	5.297844E-4	1429.0	0.00534664	0.93641806	1257.3936	0.045716543	0.015477939	124.0	0.0
SPIKE	S59:T>A	1	122653	8.1530825E-6	1.0720997	40.0	TRUE	T	2.055975E-4	608.0	0.0062144524	0.9748281	272.23322	0.041734934	0.0064379247	124.0	0.0
SPIKE	D59-60:T>	1	122653	8.1530825E-6	-1.0	39.999683	TRUE		NaN	NaN	NaN	NaN	NaN	NaN	NaN	NaN	NaN
SPIKE	S59:T>G	0	122653	0.0	-1.0	0.0	TRUE	T	6.6196376E-6	24.0	0.0020693652	0.9991795	718.99567	0.033900086	0.0099945525	124.0	0.0
SPIKE	S60:T>C	17	122653	1.386024E-4	18.435606	40.0	TRUE	T	4.7602746E-4	1284.0	0.00534664	0.94268095	1257.3936	0.045716543	0.015477939	124.0	0.0
SPIKE	S60:T>G	1	122653	8.1530825E-6	0.57991946	40.0	TRUE	T	3.2132823E-4	1165.0	0.0020693652	0.96093863	718.99567	0.033900086	0.0099945525	124.0	0.0
SPIKE	S60:T>A	2	122653	1.6306165E-5	-1.0	40.0	TRUE	T	9.4683055E-6	28.0	0.0062144524	0.9988266	272.23322	0.041734934	0.0064379247	124.0	0.0
SPIKE	S61:G>A	14	122653	1.1414315E-4	15.810462	40.0	TRUE	G	4.396753E-4	1225.0	0.006872163	0.9469398	605.6893	0.044327065	0.012892632	124.0	0.0
SPIKE	D61-62:G>	2	122653	1.6306165E-5	-1.0	39.99912	TRUE		NaN	NaN	NaN	NaN	NaN	NaN	NaN	NaN	NaN
SPIKE	S61:G>C	0	122653	0.0	-1.0	0.0	TRUE	G	1.7027321E-4	3.0	0.003015509	0.97910744	590.38104	0.035481643	0.0113545535	124.0	1.0
SPIKE	S61:G>T	0	122653	0.0	-1.0	0.0	TRUE	G	1.7370682E-4	560.0	0.0039950972	0.9786907	308.60733	0.038198434	0.010384222	124.0	0.0
SPIKE	S62:A>T	2	122653	1.6306165E-5	7.269987	40.0	TRUE	A	7.354325E-5	190.0	0.0067191324	0.9909221	272.23322	0.047796413	0.012138765	124.0	0.0
SPIKE	S62:A>G	33	122653	2.6905173E-4	36.0457	40.0	TRUE	A	8.067239E-4	2387.0	0.004824332	0.90480685	1257.3936	0.041653447	0.010509244	124.0	0.0
SPIKE	D62-63:A>	4	122653	3.261233E-5	-1.0	39.999985	TRUE		NaN	NaN	NaN	NaN	NaN	NaN	NaN	NaN	NaN
SPIKE	S62:A>C	0	122653	0.0	-1.0	0.0	TRUE	A	1.0541116E-5	26.0	0.0058210096	0.99869376	718.99567	0.05001806	0.023092438	124.0	0.0
SPIKE	S63:A>C	1	122653	8.1530825E-6	-1.0	40.0	TRUE	A	8.513979E-6	21.0	0.0058210096	0.9989448	718.99567	0.05001806	0.023092438	124.0	0.0
SPIKE	S63:A>G	33	122653	2.6905173E-4	39.56938	40.0	TRUE	A	7.3811685E-4	2184.0	0.004824332	0.91253716	1257.3936	0.041653447	0.010509244	124.0	0.0
SPIKE	S63:A>T	0	122653	0.0	-1.0	0.0	TRUE	A	3.4836274E-5	90.0	0.0067191324	0.99568963	272.23322	0.047796413	0.012138765	124.0	0.0
SPIKE	S64:A>G	37	122653	3.0166405E-4	56.767017	40.0	TRUE	A	5.924537E-4	1753.0	0.004824332	0.92916936	1257.3936	0.041653447	0.010509244	124.0	0.0
SPIKE	S64:A>C	1	122653	8.1530825E-6	-1.0	40.0	TRUE	A	1.3379109E-5	33.0	0.0058210096	0.9983424	718.99567	0.05001806	0.023092438	124.0	0.0
SPIKE	S64:A>T	6	122653	4.8918493E-5	-1.0	40.0	TRUE	A	2.5159532E-5	65.0	0.0067191324	0.99688506	272.23322	0.047796413	0.012138765	124.0	0.0
SPIKE	S65:A>G	32	122653	2.6089864E-4	55.34487	40.0	TRUE	A	4.451007E-4	1317.0	0.004824332	0.94630295	1257.3936	0.041653447	0.010509244	124.0	0.0
SPIKE	S65:A>C	4	122653	3.261233E-5	0.4730946	40.0	TRUE	A	6.766586E-4	1669.0	0.0058210096	0.919518	718.99567	0.05001806	0.023092438	124.0	0.0
SPIKE	S65:A>T	7	122653	5.7071575E-5	-1.0	40.0	TRUE	A	2.4772462E-5	64.0	0.0067191324	0.9969329	272.23322	0.047796413	0.012138765	124.0	0.0
SPIKE	S66:C>A	60	122653	4.891849E-4	171.7956	40.0	TRUE	C	1.5801865E-4	379.0	0.007822573	0.9805964	308.60733	0.05154161	0.015602056	124.0	0.0
SPIKE	S66:C>G	1	122653	8.1530825E-6	-1.0	40.0	TRUE	C	3.7842728E-6	13.0	0.003512847	0.99953085	590.38104	0.035829898	0.007651488	124.0	0.0
SPIKE	S66:C>T	13	122653	1.0599007E-4	40.383286	40.0	TRUE	C	7.809196E-5	225.0	0.0049031503	0.99036336	605.6893	0.04277959	0.0104658	124.0	0.0
SPIKE	D66-67:C>	18	122653	1.4675548E-4	-1.0	39.999985	TRUE		NaN	NaN	NaN	NaN	NaN	NaN	NaN	NaN	NaN
SPIKE	S67:C>A	78	122653	6.359404E-4	152.10747	40.0	TRUE	C	6.5208756E-4	1564.0	0.007822573	0.9223239	308.60733	0.05154161	0.015602056	124.0	0.0
SPIKE	S67:C>T	9	122653	7.337774E-5	28.342087	40.0	TRUE	C	1.08634595E-4	313.0	0.0049031503	0.98661965	605.6893	0.04277959	0.0104658	124.0	0.0
SPIKE	S67:C>G	0	122653	0.0	-1.0	0.0	TRUE	C	1.7185869E-4	2.0	0.003512847	0.978915	590.38104	0.035829898	0.007651488	124.0	1.0
SPIKE	S68:A>G	16	122653	1.3044932E-4	8.425975	40.0	TRUE	A	8.293676E-4	2454.0	0.004824332	0.9022699	1257.3936	0.041653447	0.010509244	124.0	0.0
SPIKE	S68:A>C	1	122653	8.1530825E-6	2.0412	40.0	TRUE	A	1.2973681E-4	320.0	0.0058210096	0.98404133	718.99567	0.05001806	0.023092438	124.0	0.0
SPIKE	S68:A>T	3	122653	2.4459247E-5	10.280287	40.0	TRUE	A	7.9349295E-5	205.0	0.0067191324	0.9902089	272.23322	0.047796413	0.012138765	124.0	0.0
SPIKE	S69:G>A	12	122653	9.7836986E-5	22.940357	40.0	TRUE	G	1.816128E-4	506.0	0.006872163	0.9777317	605.6893	0.044327065	0.012892632	124.0	0.0
SPIKE	S69:G>C	1	122653	8.1530825E-6	0.09432235	40.0	TRUE	G	4.787646E-4	1660.0	0.003015509	0.94236106	590.38104	0.035481643	0.0113545535	124.0	0.0
SPIKE	S69:G>T	3	122653	2.4459247E-5	10.280287	40.0	TRUE	G	9.572715E-5	8.0	0.0039950972	0.9882	308.60733	0.038198434	0.010384222	124.0	1.0
SPIKE	S70:C>A	69	122653	5.6256267E-4	-1.0	40.0	TRUE	C	1.2091137E-5	29.0	0.007822573	0.99850184	308.60733	0.05154161	0.015602056	124.0	0.0
SPIKE	S70:C>G	5	122653	4.076541E-5	16.300888	40.0	TRUE	C	9.4024625E-5	323.0	0.003512847	0.9884086	590.38104	0.035829898	0.007651488	124.0	0.0
SPIKE	S70:C>T	11	122653	8.9683905E-5	34.362686	40.0	TRUE	C	7.3579984E-5	212.0	0.0049031503	0.99091756	605.6893	0.04277959	0.0104658	124.0	0.0
SPIKE	S71:C>A	4	122653	3.261233E-5	-1.0	40.0	TRUE	C	3.0853247E-5	74.0	0.007822573	0.9961815	308.60733	0.05154161	0.015602056	124.0	0.0
SPIKE	S71:C>T	24	122653	1.9567397E-4	53.942116	40.0	TRUE	C	1.8950316E-4	546.0	0.0049031503	0.9767755	605.6893	0.04277959	0.0104658	124.0	0.0
SPIKE	S71:C>G	0	122653	0.0	-1.0	0.0	TRUE	C	4.1394122E-4	1422.0	0.003512847	0.9499664	590.38104	0.035829898	0.007651488	124.0	0.0
SPIKE	S72:G>A	22	122653	1.7936781E-4	56.62427	40.0	TRUE	G	1.406961E-4	392.0	0.006872163	0.982705	605.6893	0.044327065	0.012892632	124.0	0.0
SPIKE	S72:G>C	1	122653	8.1530825E-6	4.2596874	40.0	TRUE	G	8.421642E-5	292.0	0.003015509	0.9896115	590.38104	0.035481643	0.0113545535	124.0	0.0
SPIKE	S72:G>T	5	122653	4.076541E-5	3.5805361	40.0	TRUE	G	3.6943718E-4	1191.0	0.0039950972	0.95522326	308.60733	0.038198434	0.010384222	124.0	0.0
SPIKE	D72-76:GTGG>	1	122653	8.1530825E-6	-1.0	39.999454	TRUE		NaN	NaN	NaN	NaN	NaN	NaN	NaN	NaN	NaN
SPIKE	S73:T>A	3	122653	2.4459247E-5	10.280287	40.0	TRUE	T	3.685876E-5	109.0	0.0062144524	0.99543995	272.23322	0.041734934	0.0064379247	124.0	0.0
SPIKE	S73:T>G	1	122653	8.1530825E-6	0.09432235	40.0	TRUE	T	5.243305E-4	1901.0	0.0020693652	0.93705153	718.99567	0.033900086	0.0099945525	124.0	0.0
SPIKE	S73:T>C	9	122653	7.337774E-5	5.7604303	40.0	TRUE	T	4.7306155E-4	1276.0	0.00534664	0.9430277	1257.3936	0.045716543	0.015477939	124.0	0.0
SPIKE	S74:G>A	10	122653	8.153082E-5	31.352386	40.0	TRUE	G	9.977937E-5	278.0	0.006872163	0.98770356	605.6893	0.044327065	0.012892632	124.0	0.0
SPIKE	S74:G>C	0	122653	0.0	-1.0	0.0	TRUE	G	1.2401733E-5	43.0	0.003015509	0.9984634	590.38104	0.035481643	0.0113545535	124.0	0.0
SPIKE	S74:G>T	0	122653	0.0	-1.0	0.0	TRUE	G	8.406169E-5	271.0	0.0039950972	0.98963046	308.60733	0.038198434	0.010384222	124.0	0.0
SPIKE	S75:G>A	11	122653	8.9683905E-5	34.362686	40.0	TRUE	G	8.219236E-5	229.0	0.006872163	0.9898599	605.6893	0.044327065	0.012892632	124.0	0.0
SPIKE	S75:G>C	1	122653	8.1530825E-6	-1.0	40.0	TRUE	G	5.7682482E-6	20.0	0.003015509	0.999285	590.38104	0.035481643	0.0113545535	124.0	0.0
SPIKE	S75:G>T	0	122653	0.0	-1.0	0.0	TRUE	G	4.665269E-4	1504.0	0.0039950972	0.9437921	308.60733	0.038198434	0.010384222	124.0	0.0
SPIKE	I76:>T	1	122653	8.1530825E-6	-1.0	40.0	TRUE		NaN	NaN	NaN	NaN	NaN	NaN	NaN	NaN	NaN
SPIKE	D76-78:TT>	3	122653	2.4459247E-5	-1.0	40.0	TRUE		NaN	NaN	NaN	NaN	NaN	NaN	NaN	NaN	NaN
SPIKE	S76:T>A	2	122653	1.6306165E-5	-1.0	40.0	TRUE	T	1.4202459E-5	42.0	0.0062144524	0.9982405	272.23322	0.041734934	0.0064379247	124.0	0.0
SPIKE	S76:T>G	3	122653	2.4459247E-5	6.0206	40.0	TRUE	T	1.150162E-4	417.0	0.0020693652	0.9858392	718.99567	0.033900086	0.0099945525	124.0	0.0
SPIKE	S76:T>C	25	122653	2.0382706E-4	34.51929	40.0	TRUE	T	4.7713966E-4	1287.0	0.00534664	0.94255096	1257.3936	0.045716543	0.015477939	124.0	0.0
SPIKE	D76-77:T>	2	122653	1.6306165E-5	-1.0	40.0	TRUE		NaN	NaN	NaN	NaN	NaN	NaN	NaN	NaN	NaN
SPIKE	S77:T>A	46	122653	3.750418E-4	-1.0	40.0	TRUE	T	2.3332612E-5	69.0	0.0062144524	0.99711096	272.23322	0.041734934	0.0064379247	124.0	0.0
SPIKE	S77:T>G	1	122653	8.1530825E-6	-1.0	40.0	TRUE	T	1.6549093E-5	60.0	0.0020693652	0.99795	718.99567	0.033900086	0.0099945525	124.0	0.0
SPIKE	S77:T>C	14	122653	1.1414315E-4	13.149927	40.0	TRUE	T	5.053157E-4	1363.0	0.00534664	0.9392636	1257.3936	0.045716543	0.015477939	124.0	0.0
SPIKE	S78:T>A	12	122653	9.7836986E-5	-1.0	40.0	TRUE	T	1.8598457E-5	55.0	0.0062144524	0.99769646	272.23322	0.041734934	0.0064379247	124.0	0.0
SPIKE	S78:T>C	23	122653	1.875209E-4	34.381992	40.0	TRUE	T	4.326511E-4	1167.0	0.00534664	0.94776493	1257.3936	0.045716543	0.015477939	124.0	0.0
SPIKE	S78:T>G	0	122653	0.0	-1.0	0.0	TRUE	T	4.1869207E-4	1518.0	0.0020693652	0.94940686	718.99567	0.033900086	0.0099945525	124.0	0.0
SPIKE	S79:G>A	18	122653	1.4675548E-4	55.434788	40.0	TRUE	G	1.0408639E-4	290.0	0.006872163	0.98717624	605.6893	0.044327065	0.012892632	124.0	0.0
SPIKE	S79:G>T	1	122653	8.1530825E-6	4.2596874	40.0	TRUE	G	7.878845E-5	254.0	0.0039950972	0.9902778	308.60733	0.038198434	0.010384222	124.0	0.0
SPIKE	S79:G>C	0	122653	0.0	-1.0	0.0	TRUE	G	4.952041E-4	1717.0	0.003015509	0.94044197	590.38104	0.035481643	0.0113545535	124.0	0.0
SPIKE	S80:C>A	2	122653	1.6306165E-5	-1.0	40.0	TRUE	C	1.2925008E-5	31.0	0.007822573	0.9983986	308.60733	0.05154161	0.015602056	124.0	0.0
SPIKE	S80:C>T	17	122653	1.386024E-4	35.485752	40.0	TRUE	C	2.0685693E-4	596.0	0.0049031503	0.9746759	605.6893	0.04277959	0.0104658	124.0	0.0
SPIKE	D80-81:C>	3	122653	2.4459247E-5	-1.0	39.998802	TRUE		NaN	NaN	NaN	NaN	NaN	NaN	NaN	NaN	NaN
SPIKE	S80:C>G	0	122653	0.0	-1.0	0.0	TRUE	C	5.059282E-4	1738.0	0.003512847	0.93919224	590.38104	0.035829898	0.007651488	124.0	0.0
SPIKE	S81:G>A	25	122653	2.0382706E-4	65.15026	40.0	TRUE	G	1.794593E-4	500.0	0.006872163	0.97799283	605.6893	0.044327065	0.012892632	124.0	0.0
SPIKE	S81:G>T	3	122653	2.4459247E-5	-1.0	40.0	TRUE	G	2.2954117E-5	74.0	0.0039950972	0.99715775	308.60733	0.038198434	0.010384222	124.0	0.0
SPIKE	S81:G>C	1	122653	8.1530825E-6	4.2596874	40.0	TRUE	G	5.6817244E-5	197.0	0.003015509	0.9929794	590.38104	0.035481643	0.0113545535	124.0	0.0
SPIKE	S82:G>A	12	122653	9.7836986E-5	37.372986	40.0	TRUE	G	9.367776E-5	261.0	0.006872163	0.9884512	605.6893	0.044327065	0.012892632	124.0	0.0
SPIKE	S82:G>T	3	122653	2.4459247E-5	-1.0	40.0	TRUE	G	3.4120983E-6	11.0	0.0039950972	0.999577	308.60733	0.038198434	0.010384222	124.0	0.0
SPIKE	S82:G>C	0	122653	0.0	-1.0	0.0	TRUE	G	4.3117654E-4	1495.0	0.003015509	0.94793826	590.38104	0.035481643	0.0113545535	124.0	0.0
SPIKE	S83:C>A	9	122653	7.337774E-5	-1.0	40.0	TRUE	C	6.670972E-6	16.0	0.007822573	0.99917316	308.60733	0.05154161	0.015602056	124.0	0.0
SPIKE	S83:C>T	12	122653	9.7836986E-5	28.819815	40.0	TRUE	C	1.4854826E-4	428.0	0.0049031503	0.98174864	605.6893	0.04277959	0.0104658	124.0	0.0
SPIKE	S83:C>G	0	122653	0.0	-1.0	0.0	TRUE	C	5.2077416E-4	1789.0	0.003512847	0.9374649	590.38104	0.035829898	0.007651488	124.0	0.0
SPIKE	S84:G>A	18	122653	1.4675548E-4	10.95583	40.0	TRUE	G	7.6952146E-4	2144.0	0.006872163	0.9089905	605.6893	0.044327065	0.012892632	124.0	0.0
SPIKE	S84:G>T	4	122653	3.261233E-5	-1.0	40.0	TRUE	G	1.0546486E-5	34.0	0.0039950972	0.9986931	308.60733	0.038198434	0.010384222	124.0	0.0
SPIKE	S84:G>C	1	122653	8.1530825E-6	4.2596874	40.0	TRUE	G	5.2202646E-5	181.0	0.003015509	0.9935478	590.38104	0.035481643	0.0113545535	124.0	0.0
SPIKE	S85:A>G	23	122653	1.875209E-4	39.112087	40.0	TRUE	A	3.6128523E-4	1069.0	0.004824332	0.9561893	1257.3936	0.041653447	0.010509244	124.0	0.0
SPIKE	S85:A>T	1	122653	8.1530825E-6	0.05119444	40.0	TRUE	A	5.666701E-4	1464.0	0.0067191324	0.9321448	272.23322	0.047796413	0.012138765	124.0	0.0
SPIKE	S85:A>C	0	122653	0.0	-1.0	0.0	TRUE	A	5.675986E-6	14.0	0.0058210096	0.9992964	718.99567	0.05001806	0.023092438	124.0	0.0
SPIKE	S86:T>C	6	122652	4.8918893E-5	1.2947744	37.833332	TRUE	T	6.806803E-4	1836.0	0.00534664	0.9190596	1257.3833	0.045716543	0.015477939	124.0	0.0
SPIKE	D86-87:T>	5	122652	4.0765743E-5	-1.0	39.60754	TRUE		NaN	NaN	NaN	NaN	NaN	NaN	NaN	NaN	NaN
SPIKE	S86:T>A	0	122652	0.0	-1.0	0.0	TRUE	T	6.526421E-5	193.0	0.0062144524	0.9919399	272.23102	0.041734934	0.0064379247	124.0	0.0
SPIKE	S86:T>G	0	122652	0.0	-1.0	0.0	TRUE	T	5.240589E-6	19.0	0.0020693652	0.99935037	718.9898	0.033900086	0.0099945525	124.0	0.0
SPIKE	S87:T>A	1	122652	8.153149E-6	-1.0	40.0	TRUE	T	2.637621E-5	78.0	0.0062144524	0.9967347	272.23102	0.041734934	0.0064379247	124.0	0.0
SPIKE	S87:T>C	4	122652	3.2612596E-5	2.4537697	38.75	TRUE	T	3.281057E-4	885.0	0.00534664	0.9601314	1257.3833	0.045716543	0.015477939	124.0	0.0
SPIKE	S87:T>G	0	122652	0.0	-1.0	0.0	TRUE	T	2.0962356E-5	76.0	0.0020693652	0.99740404	718.9898	0.033900086	0.0099945525	124.0	0.0
SPIKE	S88:T>A	2	122652	1.6306298E-5	-1.0	40.0	TRUE	T	2.3670958E-5	70.0	0.0062144524	0.9970691	272.23102	0.041734934	0.0064379247	124.0	0.0
SPIKE	S88:T>C	3	122652	2.4459447E-5	3.748162	36.333332	TRUE	T	2.24669E-4	606.0	0.00534664	0.97252554	1257.3833	0.045716543	0.015477939	124.0	0.0
SPIKE	S88:T>G	0	122652	0.0	-1.0	0.0	TRUE	T	2.7582048E-6	10.0	0.0020693652	0.99965805	718.9898	0.033900086	0.0099945525	124.0	0.0
SPIKE	S89:A>G	10	122652	8.1531485E-5	23.451881	39.7	TRUE	A	1.60197E-4	474.0	0.004824332	0.98033154	1257.3833	0.041653447	0.010509244	124.0	0.0
SPIKE	S89:A>C	0	122652	0.0	-1.0	0.0	TRUE	A	2.9150068E-4	8.0	0.0058210096	0.9644994	718.9898	0.05001806	0.023092438	124.0	1.0
SPIKE	S89:A>T	0	122652	0.0	-1.0	0.0	TRUE	A	3.4062414E-5	88.0	0.0067191324	0.9957852	272.23102	0.047796413	0.012138765	124.0	0.0
SPIKE	S90:T>A	2	122652	1.6306298E-5	-1.0	39.5	TRUE	T	3.3139342E-5	98.0	0.0062144524	0.99589914	272.23102	0.041734934	0.0064379247	124.0	0.0
SPIKE	S90:T>C	4	122652	3.2612596E-5	1.6458194	39.5	TRUE	T	4.422939E-4	1193.0	0.00534664	0.9466324	1257.3833	0.045716543	0.015477939	124.0	0.0
SPIKE	S90:T>G	0	122652	0.0	-1.0	0.0	TRUE	T	3.3098456E-6	12.0	0.0020693652	0.9995897	718.9898	0.033900086	0.0099945525	124.0	0.0
SPIKE	S91:C>G	2	122652	1.6306298E-5	-1.0	40.0	TRUE	C	4.366504E-6	15.0	0.003512847	0.9994587	590.3762	0.035829898	0.007651488	124.0	0.0
SPIKE	S91:C>A	38	122652	3.0981965E-4	-1.0	39.605263	TRUE	C	6.2540876E-6	15.0	0.007822573	0.9992248	308.60483	0.05154161	0.015602056	124.0	0.0
SPIKE	S91:C>T	6	122652	4.8918893E-5	13.113299	39.333332	TRUE	C	1.482024E-4	427.0	0.0049031503	0.9817907	605.6843	0.04277959	0.0104658	124.0	0.0
SPIKE	S92:G>A	16	122652	1.3045038E-4	39.792072	39.5625	TRUE	G	1.7802508E-4	496.0	0.006872163	0.97816676	605.6843	0.044327065	0.012892632	124.0	0.0
SPIKE	S92:G>T	2	122652	1.6306298E-5	-1.0	39.5	TRUE	G	4.0325126E-6	13.0	0.0039950972	0.9995001	308.60483	0.038198434	0.010384222	124.0	0.0
SPIKE	S92:G>C	0	122652	0.0	-1.0	0.0	TRUE	G	1.4420738E-5	50.0	0.003015509	0.9982134	590.3762	0.035481643	0.0113545535	124.0	0.0
SPIKE	S93:T>A	2	122652	1.6306298E-5	7.269987	38.5	TRUE	T	4.294588E-5	127.0	0.0062144524	0.99468887	272.23102	0.041734934	0.0064379247	124.0	0.0
SPIKE	S93:T>C	7	122652	5.707204E-5	4.6997046	39.57143	TRUE	T	4.2375686E-4	1143.0	0.00534664	0.9488108	1257.3833	0.045716543	0.015477939	124.0	0.0
SPIKE	S93:T>G	0	122652	0.0	-1.0	0.0	TRUE	T	6.895512E-6	25.0	0.0020693652	0.9991453	718.9898	0.033900086	0.0099945525	124.0	0.0
SPIKE	S94:C>G	1	122652	8.153149E-6	-1.0	40.0	TRUE	C	4.6576047E-6	16.0	0.003512847	0.9994226	590.3762	0.035829898	0.007651488	124.0	0.0
SPIKE	S94:C>A	21	122652	1.7121612E-4	-1.0	39.714287	TRUE	C	5.8371484E-6	14.0	0.007822573	0.99927646	308.60483	0.05154161	0.015602056	124.0	0.0
SPIKE	S94:C>T	7	122652	5.707204E-5	15.631419	39.0	TRUE	C	1.7666281E-4	509.0	0.0049031503	0.978332	605.6843	0.04277959	0.0104658	124.0	0.0
SPIKE	S95:G>A	18	122652	1.4675668E-4	45.363	39.22222	TRUE	G	1.385437E-4	386.0	0.006872163	0.9829673	605.6843	0.044327065	0.012892632	124.0	0.0
SPIKE	S95:G>T	1	122652	8.153149E-6	-1.0	38.0	TRUE	G	3.1019329E-6	10.0	0.0039950972	0.99961543	308.60483	0.038198434	0.010384222	124.0	0.0
SPIKE	S95:G>C	1	122652	8.153149E-6	-1.0	36.0	TRUE	G	1.3843908E-5	48.0	0.003015509	0.9982848	590.3762	0.035481643	0.0113545535	124.0	0.0
SPIKE	S96:T>C	8	122652	6.522519E-5	4.5662546	39.25	TRUE	T	5.4054026E-4	1458.0	0.00534664	0.93516994	1257.3833	0.045716543	0.015477939	124.0	0.0
SPIKE	S96:T>A	9	122652	7.337834E-5	28.342087	39.11111	TRUE	T	6.154449E-5	182.0	0.0062144524	0.99239755	272.23102	0.041734934	0.0064379247	124.0	0.0
SPIKE	S96:T>G	0	122652	0.0	-1.0	0.0	TRUE	T	5.7922302E-6	21.0	0.0020693652	0.999282	718.9898	0.033900086	0.0099945525	124.0	0.0
SPIKE	S97:C>T	17	122652	1.3860353E-4	42.57172	39.764706	TRUE	C	1.0898256E-4	314.0	0.0049031503	0.9865771	605.6843	0.04277959	0.0104658	124.0	0.0
SPIKE	S97:C>A	4	122652	3.2612596E-5	-1.0	38.75	TRUE	C	4.5863308E-6	11.0	0.007822573	0.99943143	308.60483	0.05154161	0.015602056	124.0	0.0
SPIKE	S97:C>G	0	122652	0.0	-1.0	0.0	TRUE	C	1.7185869E-4	3.0	0.003512847	0.978915	590.3762	0.035829898	0.007651488	124.0	1.0
SPIKE	S98:A>C	1	122652	8.153149E-6	-1.0	40.0	TRUE	A	5.676032E-6	14.0	0.0058210096	0.9992964	718.9898	0.05001806	0.023092438	124.0	0.0
SPIKE	S98:A>G	21	122652	1.7121612E-4	39.648872	39.285713	TRUE	A	2.9403248E-4	870.0	0.004824332	0.9641966	1257.3833	0.041653447	0.010509244	124.0	0.0
SPIKE	D98-101:ATC>	1	122652	8.153149E-6	-1.0	39.7662	TRUE		NaN	NaN	NaN	NaN	NaN	NaN	NaN	NaN	NaN
SPIKE	S98:A>T	0	122652	0.0	-1.0	0.0	TRUE	A	1.1612186E-5	30.0	0.0067191324	0.99856114	272.23102	0.047796413	0.012138765	124.0	0.0
SPIKE	S99:T>C	2	122652	1.6306298E-5	0.28028724	40.0	TRUE	T	5.420232E-4	1462.0	0.00534664	0.93499804	1257.3833	0.045716543	0.015477939	124.0	0.0
SPIKE	S99:T>A	3	122652	2.4459447E-5	-1.0	39.666668	TRUE	T	1.2849949E-5	38.0	0.0062144524	0.9984079	272.23102	0.041734934	0.0064379247	124.0	0.0
SPIKE	S99:T>G	0	122652	0.0	-1.0	0.0	TRUE	T	4.688948E-6	17.0	0.0020693652	0.99941874	718.9898	0.033900086	0.0099945525	124.0	0.0
SPIKE	S100:C>T	4	122652	3.2612596E-5	5.449171	40.0	TRUE	C	1.8360437E-4	529.0	0.0049031503	0.97749025	605.6843	0.04277959	0.0104658	124.0	0.0
SPIKE	S100:C>A	30	122652	2.4459447E-4	-1.0	39.533333	TRUE	C	1.0840418E-5	26.0	0.007822573	0.9986567	308.60483	0.05154161	0.015602056	124.0	0.0
SPIKE	S100:C>G	2	122652	1.6306298E-5	-1.0	39.5	TRUE	C	7.277507E-6	25.0	0.003512847	0.999098	590.3762	0.035829898	0.007651488	124.0	0.0
SPIKE	S101:G>T	1	122652	8.153149E-6	4.2596874	39.0	TRUE	G	9.572715E-5	9.0	0.0039950972	0.9882	308.60483	0.038198434	0.010384222	124.0	1.0
SPIKE	S101:G>A	16	122652	1.3045038E-4	39.792072	39.625	TRUE	G	1.5361841E-4	428.0	0.006872163	0.9811316	605.6843	0.044327065	0.012892632	124.0	0.0
SPIKE	S101:G>C	0	122652	0.0	-1.0	0.0	TRUE	G	9.229272E-6	32.0	0.003015509	0.99885625	590.3762	0.035481643	0.0113545535	124.0	0.0
SPIKE	D102-104:TG>	2	122652	1.6306298E-5	-1.0	39.671192	TRUE		NaN	NaN	NaN	NaN	NaN	NaN	NaN	NaN	NaN
SPIKE	S102:T>C	10	122652	8.1531485E-5	11.277932	39.4	TRUE	T	3.8779498E-4	1046.0	0.00534664	0.95305127	1257.3833	0.045716543	0.015477939	124.0	0.0
SPIKE	S102:T>A	16	122652	1.3045038E-4	49.41419	39.3125	TRUE	T	4.4298507E-5	131.0	0.0062144524	0.99452204	272.23102	0.041734934	0.0064379247	124.0	0.0
SPIKE	S102:T>G	0	122652	0.0	-1.0	0.0	TRUE	T	1.2136101E-5	44.0	0.0020693652	0.99849623	718.9898	0.033900086	0.0099945525	124.0	0.0
SPIKE	S103:G>T	2	122652	1.6306298E-5	7.269987	39.5	TRUE	G	9.572715E-5	2.0	0.0039950972	0.9882	308.60483	0.038198434	0.010384222	124.0	1.0
SPIKE	S103:G>A	16	122652	1.3045038E-4	39.792072	39.5	TRUE	G	1.0875322E-4	303.0	0.006872163	0.9866051	605.6843	0.044327065	0.012892632	124.0	0.0
SPIKE	S103:G>C	0	122652	0.0	-1.0	0.0	TRUE	G	1.7027321E-4	1.0	0.003015509	0.97910744	590.3762	0.035481643	0.0113545535	124.0	1.0
SPIKE	S104:G>A	9	122652	7.337834E-5	28.342087	37.666668	TRUE	G	7.8603814E-5	219.0	0.006872163	0.9903005	605.6843	0.044327065	0.012892632	124.0	0.0
SPIKE	S104:G>C	0	122652	0.0	-1.0	0.0	TRUE	G	1.0671346E-5	37.0	0.003015509	0.9986776	590.3762	0.035481643	0.0113545535	124.0	0.0
SPIKE	S104:G>T	0	122652	0.0	-1.0	0.0	TRUE	G	4.342706E-6	14.0	0.0039950972	0.99946165	308.60483	0.038198434	0.010384222	124.0	0.0
SPIKE	S105:C>T	12	122652	9.783779E-5	28.819815	34.25	TRUE	C	1.1522997E-4	332.0	0.0049031503	0.9858131	605.6843	0.04277959	0.0104658	124.0	0.0
SPIKE	S105:C>A	62	122652	5.0549523E-4	-1.0	39.35484	TRUE	C	1.5843689E-5	38.0	0.007822573	0.99803734	308.60483	0.05154161	0.015602056	124.0	0.0
SPIKE	D105-106:C>	2	122652	1.6306298E-5	-1.0	39.80814	TRUE		NaN	NaN	NaN	NaN	NaN	NaN	NaN	NaN	NaN
SPIKE	D105-107:CG>	30	122652	2.4459447E-4	-1.0	39.80814	TRUE		NaN	NaN	NaN	NaN	NaN	NaN	NaN	NaN	NaN
SPIKE	S105:C>G	0	122652	0.0	-1.0	0.0	TRUE	C	1.4263914E-5	49.0	0.003512847	0.99823284	590.3762	0.035829898	0.007651488	124.0	0.0
SPIKE	S106:G>C	1	122652	8.153149E-6	-1.0	40.0	TRUE	G	3.460977E-6	12.0	0.003015509	0.9995709	590.3762	0.035481643	0.0113545535	124.0	0.0
SPIKE	S106:G>T	2	122652	1.6306298E-5	-1.0	39.5	TRUE	G	9.926185E-6	32.0	0.0039950972	0.99876994	308.60483	0.038198434	0.010384222	124.0	0.0
SPIKE	S106:G>A	24	122652	1.9567557E-4	53.942116	39.125	TRUE	G	1.8556243E-4	517.0	0.006872163	0.97725296	605.6843	0.044327065	0.012892632	124.0	0.0
SPIKE	S107:G>A	13	122652	1.05990934E-4	40.383286	39.692307	TRUE	G	9.260175E-5	258.0	0.006872163	0.988583	605.6843	0.044327065	0.012892632	124.0	0.0
SPIKE	S107:G>C	0	122652	0.0	-1.0	0.0	TRUE	G	8.075614E-6	28.0	0.003015509	0.9989991	590.3762	0.035481643	0.0113545535	124.0	0.0
SPIKE	S107:G>T	0	122652	0.0	-1.0	0.0	TRUE	G	4.342706E-6	14.0	0.0039950972	0.99946165	308.60483	0.038198434	0.010384222	124.0	0.0
SPIKE	S108:C>T	9	122652	7.337834E-5	28.342087	38.77778	TRUE	C	7.184519E-5	207.0	0.0049031503	0.99113077	605.6843	0.04277959	0.0104658	124.0	0.0
SPIKE	S108:C>A	7	122652	5.707204E-5	-1.0	39.857143	TRUE	C	6.2540876E-6	15.0	0.007822573	0.9992248	308.60483	0.05154161	0.015602056	124.0	0.0
SPIKE	S108:C>G	1	122652	8.153149E-6	-1.0	40.0	TRUE	C	3.4932034E-6	12.0	0.003512847	0.9995669	590.3762	0.035829898	0.007651488	124.0	0.0
SPIKE	D108-109:C>	3	122652	2.4459447E-5	-1.0	39.893887	TRUE		NaN	NaN	NaN	NaN	NaN	NaN	NaN	NaN	NaN
SPIKE	S109:A>C	1	122652	8.153149E-6	-1.0	40.0	TRUE	A	1.0946634E-5	27.0	0.0058210096	0.9986435	718.9898	0.05001806	0.023092438	124.0	0.0
SPIKE	S109:A>T	2	122652	1.6306298E-5	-1.0	40.0	TRUE	A	2.0127789E-5	52.0	0.0067191324	0.9975073	272.23102	0.047796413	0.012138765	124.0	0.0
SPIKE	S109:A>G	16	122652	1.3045038E-4	19.635284	39.4375	TRUE	A	4.1603905E-4	1231.0	0.004824332	0.94971925	1257.3833	0.041653447	0.010509244	124.0	0.0
SPIKE	S110:G>A	9	122652	7.337834E-5	28.342087	39.555557	TRUE	G	8.50644E-5	237.0	0.006872163	0.98950744	605.6843	0.044327065	0.012892632	124.0	0.0
SPIKE	S110:G>C	0	122652	0.0	-1.0	0.0	TRUE	G	5.191466E-6	18.0	0.003015509	0.99935645	590.3762	0.035481643	0.0113545535	124.0	0.0
SPIKE	S110:G>T	0	122652	0.0	-1.0	0.0	TRUE	G	9.572715E-5	5.0	0.0039950972	0.9882	308.60483	0.038198434	0.010384222	124.0	1.0
SPIKE	S111:C>T	5	122652	4.0765743E-5	10.658173	39.0	TRUE	C	1.1418873E-4	329.0	0.0049031503	0.9859404	605.6843	0.04277959	0.0104658	124.0	0.0
SPIKE	S111:C>A	10	122652	8.1531485E-5	-1.0	39.2	TRUE	C	5.420209E-6	13.0	0.007822573	0.99932814	308.60483	0.05154161	0.015602056	124.0	0.0
SPIKE	S111:C>G	2	122652	1.6306298E-5	-1.0	39.0	TRUE	C	1.1352911E-5	39.0	0.003512847	0.9985932	590.3762	0.035829898	0.007651488	124.0	0.0
SPIKE	D111-113:CG>	1	122652	8.153149E-6	-1.0	39.7971	TRUE		NaN	NaN	NaN	NaN	NaN	NaN	NaN	NaN	NaN
SPIKE	S112:G>C	1	122652	8.153149E-6	-1.0	40.0	TRUE	G	2.8841475E-6	10.0	0.003015509	0.99964243	590.3762	0.035481643	0.0113545535	124.0	0.0
SPIKE	S112:G>A	10	122652	8.1531485E-5	23.451881	39.8	TRUE	G	1.1987979E-4	334.0	0.006872163	0.98524487	605.6843	0.044327065	0.012892632	124.0	0.0
SPIKE	D112-113:G>	1	122652	8.153149E-6	-1.0	39.781013	TRUE		NaN	NaN	NaN	NaN	NaN	NaN	NaN	NaN	NaN
SPIKE	S112:G>T	0	122652	0.0	-1.0	0.0	TRUE	G	4.342706E-6	14.0	0.0039950972	0.99946165	308.60483	0.038198434	0.010384222	124.0	0.0
SPIKE	D113-115:TG>	4	122652	3.2612596E-5	-1.0	39.60962	TRUE		NaN	NaN	NaN	NaN	NaN	NaN	NaN	NaN	NaN
SPIKE	S113:T>C	7	122652	5.707204E-5	4.6997046	38.857143	TRUE	T	4.3450834E-4	1172.0	0.00534664	0.9475467	1257.3833	0.045716543	0.015477939	124.0	0.0
SPIKE	S113:T>A	3	122652	2.4459447E-5	-1.0	39.0	TRUE	T	3.0434088E-5	90.0	0.0062144524	0.9962333	272.23102	0.041734934	0.0064379247	124.0	0.0
SPIKE	S113:T>G	0	122652	0.0	-1.0	0.0	TRUE	T	3.36501E-5	122.0	0.0020693652	0.9958361	718.9898	0.033900086	0.0099945525	124.0	0.0
SPIKE	S114:G>T	2	122652	1.6306298E-5	-1.0	37.5	TRUE	G	6.2038657E-6	20.0	0.0039950972	0.99923104	308.60483	0.038198434	0.010384222	124.0	0.0
SPIKE	S114:G>A	11	122652	8.968464E-5	26.1236	39.81818	TRUE	G	1.2526361E-4	349.0	0.006872163	0.9845873	605.6843	0.044327065	0.012892632	124.0	0.0
SPIKE	D114-115:G>	1	122652	8.153149E-6	-1.0	39.819244	TRUE		NaN	NaN	NaN	NaN	NaN	NaN	NaN	NaN	NaN
SPIKE	S114:G>C	0	122652	0.0	-1.0	0.0	TRUE	G	1.7027321E-4	4.0	0.003015509	0.97910744	590.3762	0.035481643	0.0113545535	124.0	1.0
SPIKE	S115:A>T	2	122652	1.6306298E-5	7.269987	33.0	TRUE	A	4.7997037E-5	124.0	0.0067191324	0.99406606	272.23102	0.047796413	0.012138765	124.0	0.0
SPIKE	S115:A>C	1	122652	8.153149E-6	-1.0	40.0	TRUE	A	3.202904E-5	79.0	0.0058210096	0.9960363	718.9898	0.05001806	0.023092438	124.0	0.0
SPIKE	S115:A>G	29	122652	2.3644131E-4	43.315125	39.62069	TRUE	A	4.849846E-4	1435.0	0.004824332	0.9416345	1257.3833	0.041653447	0.010509244	124.0	0.0
SPIKE	S116:C>T	6	122652	4.8918893E-5	19.311188	39.333332	TRUE	C	6.69861E-5	193.0	0.0049031503	0.9917281	605.6843	0.04277959	0.0104658	124.0	0.0
SPIKE	S116:C>G	1	122652	8.153149E-6	2.0412	39.0	TRUE	C	1.7185869E-4	3.0	0.003512847	0.978915	590.3762	0.035829898	0.007651488	124.0	1.0
SPIKE	S116:C>A	29	122652	2.3644131E-4	76.59832	39.37931	TRUE	C	1.2866945E-4	3.0	0.007822573	0.98417157	308.60483	0.05154161	0.015602056	124.0	1.0
SPIKE	D116-117:C>	22	122652	1.7936928E-4	-1.0	39.8884	TRUE		NaN	NaN	NaN	NaN	NaN	NaN	NaN	NaN	NaN
SPIKE	S117:C>T	6	122652	4.8918893E-5	19.311188	39.833332	TRUE	C	9.5793584E-5	276.0	0.0049031503	0.98819184	605.6843	0.04277959	0.0104658	124.0	0.0
SPIKE	S117:C>G	2	122652	1.6306298E-5	3.9120662	39.0	TRUE	C	1.7185869E-4	8.0	0.003512847	0.978915	590.3762	0.035829898	0.007651488	124.0	1.0
SPIKE	S117:C>A	51	122652	4.158106E-4	-1.0	39.47059	TRUE	C	5.8371484E-6	14.0	0.007822573	0.99927646	308.60483	0.05154161	0.015602056	124.0	0.0
SPIKE	S118:T>C	5	122652	4.0765743E-5	5.1061287	39.2	TRUE	T	2.6026013E-4	702.0	0.00534664	0.96824294	1257.3833	0.045716543	0.015477939	124.0	0.0
SPIKE	S118:T>A	16	122652	1.3045038E-4	49.41419	39.6875	TRUE	T	3.9226157E-5	116.0	0.0062144524	0.99514776	272.23102	0.041734934	0.0064379247	124.0	0.0
SPIKE	D118-119:T>	21	122652	1.7121612E-4	-1.0	39.799667	TRUE		NaN	NaN	NaN	NaN	NaN	NaN	NaN	NaN	NaN
SPIKE	S118:T>G	0	122652	0.0	-1.0	0.0	TRUE	T	5.240589E-6	19.0	0.0020693652	0.99935037	718.9898	0.033900086	0.0099945525	124.0	0.0
SPIKE	S119:A>T	2	122652	1.6306298E-5	7.269987	38.0	TRUE	A	3.909436E-5	101.0	0.0067191324	0.99516404	272.23102	0.047796413	0.012138765	124.0	0.0
SPIKE	S119:A>C	1	122652	8.153149E-6	-1.0	40.0	TRUE	A	5.676032E-6	14.0	0.0058210096	0.9992964	718.9898	0.05001806	0.023092438	124.0	0.0
SPIKE	S119:A>G	20	122652	1.6306297E-4	43.298504	39.7	TRUE	A	2.0514679E-4	607.0	0.004824332	0.9748826	1257.3833	0.041653447	0.010509244	124.0	0.0
SPIKE	S120:T>C	2	122652	1.6306298E-5	0.7986036	39.0	TRUE	T	3.5665274E-4	962.0	0.00534664	0.9567387	1257.3833	0.045716543	0.015477939	124.0	0.0
SPIKE	S120:T>A	2	122652	1.6306298E-5	-1.0	39.5	TRUE	T	1.3526262E-5	40.0	0.0062144524	0.99832416	272.23102	0.041734934	0.0064379247	124.0	0.0
SPIKE	S120:T>G	0	122652	0.0	-1.0	0.0	TRUE	T	1.5170126E-5	55.0	0.0020693652	0.99812067	718.9898	0.033900086	0.0099945525	124.0	0.0
SPIKE	S121:G>T	2	122652	1.6306298E-5	-1.0	39.0	TRUE	G	9.615992E-6	31.0	0.0039950972	0.9988083	308.60483	0.038198434	0.010384222	124.0	0.0
SPIKE	S121:G>A	12	122652	9.783779E-5	37.372986	38.666668	TRUE	G	1.0480508E-4	292.0	0.006872163	0.98708826	605.6843	0.044327065	0.012892632	124.0	0.0
SPIKE	S121:G>C	0	122652	0.0	-1.0	0.0	TRUE	G	1.7027321E-4	9.0	0.003015509	0.97910744	590.3762	0.035481643	0.0113545535	124.0	1.0
SPIKE	S122:T>C	4	122652	3.2612596E-5	1.6458194	38.0	TRUE	T	4.6268466E-4	1248.0	0.00534664	0.9442419	1257.3833	0.045716543	0.015477939	124.0	0.0
SPIKE	S122:T>A	4	122652	3.2612596E-5	13.290587	39.75	TRUE	T	4.598929E-5	136.0	0.0062144524	0.99431354	272.23102	0.041734934	0.0064379247	124.0	0.0
SPIKE	S122:T>G	0	122652	0.0	-1.0	0.0	TRUE	T	1.8204151E-5	66.0	0.0020693652	0.9977452	718.9898	0.033900086	0.0099945525	124.0	0.0
SPIKE	S123:G>T	1	122652	8.153149E-6	-1.0	39.0	TRUE	G	8.375218E-6	27.0	0.0039950972	0.998962	308.60483	0.038198434	0.010384222	124.0	0.0
SPIKE	S123:G>A	9	122652	7.337834E-5	28.342087	39.555557	TRUE	G	1.0229264E-4	285.0	0.006872163	0.9873958	605.6843	0.044327065	0.012892632	124.0	0.0
SPIKE	S123:G>C	0	122652	0.0	-1.0	0.0	TRUE	G	1.7027321E-4	1.0	0.003015509	0.97910744	590.3762	0.035481643	0.0113545535	124.0	1.0
SPIKE	D124-126:TG>	1	122652	8.153149E-6	-1.0	39.537357	TRUE		NaN	NaN	NaN	NaN	NaN	NaN	NaN	NaN	NaN
SPIKE	S124:T>C	9	122652	7.337834E-5	4.459113	39.666668	TRUE	T	5.472136E-4	1476.0	0.00534664	0.93439645	1257.3833	0.045716543	0.015477939	124.0	0.0
SPIKE	S124:T>G	2	122652	1.6306298E-5	-1.0	40.0	TRUE	T	2.5927126E-5	94.0	0.0020693652	0.9967902	718.9898	0.033900086	0.0099945525	124.0	0.0
SPIKE	S124:T>A	2	122652	1.6306298E-5	-1.0	39.5	TRUE	T	3.144856E-5	93.0	0.0062144524	0.996108	272.23102	0.041734934	0.0064379247	124.0	0.0
SPIKE	I125:>G	1	122652	8.153149E-6	-1.0	39.84407	TRUE		NaN	NaN	NaN	NaN	NaN	NaN	NaN	NaN	NaN
SPIKE	S125:G>A	10	122652	8.1531485E-5	31.352386	39.2	TRUE	G	9.511421E-5	265.0	0.006872163	0.9882751	605.6843	0.044327065	0.012892632	124.0	0.0
SPIKE	S125:G>C	0	122652	0.0	-1.0	0.0	TRUE	G	9.229272E-6	32.0	0.003015509	0.99885625	590.3762	0.035481643	0.0113545535	124.0	0.0
SPIKE	S125:G>T	0	122652	0.0	-1.0	0.0	TRUE	G	9.572715E-5	6.0	0.0039950972	0.9882	308.60483	0.038198434	0.010384222	124.0	1.0
SPIKE	S126:C>T	7	122652	5.707204E-5	15.631419	35.285713	TRUE	C	1.2182445E-4	351.0	0.0049031503	0.9850073	605.6843	0.04277959	0.0104658	124.0	0.0
SPIKE	S126:C>G	2	122652	1.6306298E-5	7.269987	39.0	TRUE	C	5.1815852E-5	178.0	0.003512847	0.9935954	590.3762	0.035829898	0.007651488	124.0	0.0
SPIKE	S126:C>A	16	122652	1.3045038E-4	-1.0	39.125	TRUE	C	9.589601E-6	23.0	0.007822573	0.9988116	308.60483	0.05154161	0.015602056	124.0	0.0
SPIKE	D126-127:C>	4	122652	3.2612596E-5	-1.0	39.825848	TRUE		NaN	NaN	NaN	NaN	NaN	NaN	NaN	NaN	NaN
SPIKE	D126-128:CG>	33	122652	2.690539E-4	-1.0	39.825848	TRUE		NaN	NaN	NaN	NaN	NaN	NaN	NaN	NaN	NaN
SPIKE	S127:G>T	1	122652	8.153149E-6	4.2596874	37.0	TRUE	G	9.572715E-5	7.0	0.0039950972	0.9882	308.60483	0.038198434	0.010384222	124.0	1.0
SPIKE	S127:G>A	18	122652	1.4675668E-4	45.363	39.27778	TRUE	G	1.7802508E-4	496.0	0.006872163	0.97816676	605.6843	0.044327065	0.012892632	124.0	0.0
SPIKE	S127:G>C	0	122652	0.0	-1.0	0.0	TRUE	G	2.4515255E-5	85.0	0.003015509	0.99696475	590.3762	0.035481643	0.0113545535	124.0	0.0
SPIKE	S128:G>A	8	122652	6.522519E-5	25.331787	39.5	TRUE	G	9.403744E-5	262.0	0.006872163	0.9884071	605.6843	0.044327065	0.012892632	124.0	0.0
SPIKE	S128:G>C	0	122652	0.0	-1.0	0.0	TRUE	G	1.5285981E-5	53.0	0.003015509	0.99810636	590.3762	0.035481643	0.0113545535	124.0	0.0
SPIKE	S128:G>T	0	122652	0.0	-1.0	0.0	TRUE	G	3.412126E-6	11.0	0.0039950972	0.999577	308.60483	0.038198434	0.010384222	124.0	0.0
SPIKE	S129:C>A	15	122652	1.2229724E-4	-1.0	39.266666	TRUE	C	8.338783E-6	20.0	0.007822573	0.9989665	308.60483	0.05154161	0.015602056	124.0	0.0
SPIKE	S129:C>G	1	122652	8.153149E-6	4.2596874	39.0	TRUE	C	4.5411645E-5	156.0	0.003512847	0.99438477	590.3762	0.035829898	0.007651488	124.0	0.0
SPIKE	S129:C>T	6	122652	4.8918893E-5	13.113299	32.833332	TRUE	C	1.19741984E-4	345.0	0.0049031503	0.9852617	605.6843	0.04277959	0.0104658	124.0	0.0
SPIKE	D129-130:C>	3	122652	2.4459447E-5	-1.0	39.82659	TRUE		NaN	NaN	NaN	NaN	NaN	NaN	NaN	NaN	NaN
SPIKE	D130-133:GGC>	1	122652	8.153149E-6	-1.0	39.818146	TRUE		NaN	NaN	NaN	NaN	NaN	NaN	NaN	NaN	NaN
SPIKE	S130:G>A	6	122652	4.8918893E-5	6.718435	39.333332	TRUE	G	2.799588E-4	780.0	0.006872163	0.96588075	605.6843	0.044327065	0.012892632	124.0	0.0
SPIKE	S130:G>C	0	122652	0.0	-1.0	0.0	TRUE	G	2.365001E-5	82.0	0.003015509	0.9970717	590.3762	0.035481643	0.0113545535	124.0	0.0
SPIKE	S130:G>T	0	122652	0.0	-1.0	0.0	TRUE	G	4.6528994E-6	15.0	0.0039950972	0.9994232	308.60483	0.038198434	0.010384222	124.0	0.0
SPIKE	S131:G>A	9	122652	7.337834E-5	28.342087	39.555557	TRUE	G	1.0516401E-4	293.0	0.006872163	0.98704433	605.6843	0.044327065	0.012892632	124.0	0.0
SPIKE	S131:G>C	0	122652	0.0	-1.0	0.0	TRUE	G	3.691709E-5	128.0	0.003015509	0.99543273	590.3762	0.035481643	0.0113545535	124.0	0.0
SPIKE	S131:G>T	0	122652	0.0	-1.0	0.0	TRUE	G	9.572715E-5	5.0	0.0039950972	0.9882	308.60483	0.038198434	0.010384222	124.0	1.0
SPIKE	S132:C>A	6	122652	4.8918893E-5	-1.0	39.5	TRUE	C	2.3765533E-5	57.0	0.007822573	0.99705744	308.60483	0.05154161	0.015602056	124.0	0.0
SPIKE	S132:C>G	1	122652	8.153149E-6	-1.0	39.0	TRUE	C	2.4161323E-5	83.0	0.003512847	0.9970085	590.3762	0.035829898	0.007651488	124.0	0.0
SPIKE	S132:C>T	10	122652	8.1531485E-5	31.352386	38.9	TRUE	C	7.913383E-5	228.0	0.0049031503	0.9902354	605.6843	0.04277959	0.0104658	124.0	0.0
SPIKE	D132-133:C>	2	122652	1.6306298E-5	-1.0	39.88641	TRUE		NaN	NaN	NaN	NaN	NaN	NaN	NaN	NaN	NaN
SPIKE	S133:A>G	0	122652	0.0	-1.0	0.0	TRUE	A	5.3061034E-5	157.0	0.004824332	0.99344206	1257.3833	0.041653447	0.010509244	124.0	0.0
SPIKE	S133:A>C	0	122652	0.0	-1.0	0.0	TRUE	A	1.1352064E-4	280.0	0.0058210096	0.98602206	718.9898	0.05001806	0.023092438	124.0	0.0
SPIKE	S133:A>T	0	122652	0.0	-1.0	0.0	TRUE	A	1.0537324E-4	1.0	0.0067191324	0.9870187	272.23102	0.047796413	0.012138765	124.0	1.0
SPIKE	S134:G>A	0	122652	0.0	-1.0	0.0	TRUE	G	4.651623E-4	1296.0	0.006872163	0.94395185	605.6843	0.044327065	0.012892632	124.0	0.0
SPIKE	S134:G>C	0	122652	0.0	-1.0	0.0	TRUE	G	5.1337825E-5	178.0	0.003015509	0.9936543	590.3762	0.035481643	0.0113545535	124.0	0.0
SPIKE	S134:G>T	0	122652	0.0	-1.0	0.0	TRUE	G	5.9867303E-5	193.0	0.0039950972	0.99260396	308.60483	0.038198434	0.010384222	124.0	0.0
SPIKE	S135:C>A	0	122652	0.0	-1.0	0.0	TRUE	C	4.8364942E-5	116.0	0.007822573	0.9940207	308.60483	0.05154161	0.015602056	124.0	0.0
SPIKE	S135:C>G	0	122652	0.0	-1.0	0.0	TRUE	C	6.113106E-5	210.0	0.003512847	0.9924484	590.3762	0.035829898	0.007651488	124.0	0.0
SPIKE	S135:C>T	0	122652	0.0	-1.0	0.0	TRUE	C	1.4403746E-4	415.0	0.0049031503	0.9822979	605.6843	0.04277959	0.0104658	124.0	0.0
SPIKE	S136:C>A	0	122652	0.0	-1.0	0.0	TRUE	C	1.0840419E-4	260.0	0.007822573	0.98664784	308.60483	0.05154161	0.015602056	124.0	0.0
SPIKE	S136:C>G	0	122652	0.0	-1.0	0.0	TRUE	C	2.6199026E-5	90.0	0.003512847	0.9967566	590.3762	0.035829898	0.007651488	124.0	0.0
SPIKE	S136:C>T	0	122652	0.0	-1.0	0.0	TRUE	C	5.098579E-4	1469.0	0.0049031503	0.9387347	605.6843	0.04277959	0.0104658	124.0	0.0
SPIKE	S137:T>A	0	122652	0.0	-1.0	0.0	TRUE	T	5.951555E-5	176.0	0.0062144524	0.99264723	272.23102	0.041734934	0.0064379247	124.0	0.0
SPIKE	S137:T>G	0	122652	0.0	-1.0	0.0	TRUE	T	3.1222877E-4	1132.0	0.0020693652	0.96202356	718.9898	0.033900086	0.0099945525	124.0	0.0
SPIKE	S137:T>C	0	122652	0.0	-1.0	0.0	TRUE	T	5.8947804E-5	159.0	0.00534664	0.99271715	1257.3833	0.045716543	0.015477939	124.0	0.0
SPIKE	S138:G>A	0	122652	0.0	-1.0	0.0	TRUE	G	8.036253E-4	2239.0	0.006872163	0.9051546	605.6843	0.044327065	0.012892632	124.0	0.0
SPIKE	S138:G>C	0	122652	0.0	-1.0	0.0	TRUE	G	2.8841475E-6	10.0	0.003015509	0.99964243	590.3762	0.035481643	0.0113545535	124.0	0.0
SPIKE	S138:G>T	0	122652	0.0	-1.0	0.0	TRUE	G	1.755694E-4	566.0	0.0039950972	0.97846466	308.60483	0.038198434	0.010384222	124.0	0.0
SPIKE	S139:A>G	0	122652	0.0	-1.0	0.0	TRUE	A	1.2910391E-4	382.0	0.004824332	0.9841186	1257.3833	0.041653447	0.010509244	124.0	0.0
SPIKE	S139:A>C	0	122652	0.0	-1.0	0.0	TRUE	A	5.676032E-6	14.0	0.0058210096	0.9992964	718.9898	0.05001806	0.023092438	124.0	0.0
SPIKE	S139:A>T	0	122652	0.0	-1.0	0.0	TRUE	A	0.0010048412	2596.0	0.0067191324	0.8828497	272.23102	0.047796413	0.012138765	124.0	0.0
SPIKE	S140:T>A	0	122652	0.0	-1.0	0.0	TRUE	T	1.7076905E-4	505.0	0.0062144524	0.97904724	272.23102	0.041734934	0.0064379247	124.0	0.0
SPIKE	S140:T>G	0	122652	0.0	-1.0	0.0	TRUE	T	9.488224E-5	344.0	0.0020693652	0.98830354	718.9898	0.033900086	0.0099945525	124.0	0.0
SPIKE	S140:T>C	0	122652	0.0	-1.0	0.0	TRUE	T	4.485965E-5	121.0	0.00534664	0.99445283	1257.3833	0.045716543	0.015477939	124.0	0.0
SPIKE	S141:T>A	0	122652	0.0	-1.0	0.0	TRUE	T	0.001585616	4689.0	0.0062144524	0.8215057	272.23102	0.041734934	0.0064379247	124.0	0.0
SPIKE	S141:T>G	0	122652	0.0	-1.0	0.0	TRUE	T	9.43306E-5	342.0	0.0020693652	0.98837113	718.9898	0.033900086	0.0099945525	124.0	0.0
SPIKE	S141:T>C	0	122652	0.0	-1.0	0.0	TRUE	T	1.9500972E-4	526.0	0.00534664	0.9761088	1257.3833	0.045716543	0.015477939	124.0	0.0
SPIKE	S142:A>G	0	122652	0.0	-1.0	0.0	TRUE	A	0.0019412902	5744.0	0.004824332	0.7860617	1257.3833	0.041653447	0.010509244	124.0	0.0
SPIKE	S142:A>C	0	122652	0.0	-1.0	0.0	TRUE	A	3.2515556E-4	802.0	0.0058210096	0.9604827	718.9898	0.05001806	0.023092438	124.0	0.0
SPIKE	S142:A>T	0	122652	0.0	-1.0	0.0	TRUE	A	1.7069913E-4	441.0	0.0067191324	0.97905576	272.23102	0.047796413	0.012138765	124.0	0.0
SPIKE	S143:G>A	0	122652	0.0	-1.0	0.0	TRUE	G	3.050833E-4	850.0	0.006872163	0.9628763	605.6843	0.044327065	0.012892632	124.0	0.0
SPIKE	S143:G>C	0	122652	0.0	-1.0	0.0	TRUE	G	0.002466523	8552.0	0.003015509	0.73649794	590.3762	0.035481643	0.0113545535	124.0	0.0
SPIKE	S143:G>T	0	122652	0.0	-1.0	0.0	TRUE	G	1.6440245E-5	53.0	0.0039950972	0.9979635	308.60483	0.038198434	0.010384222	124.0	0.0
SPIKE	S144:C>A	0	122652	0.0	-1.0	0.0	TRUE	C	7.504905E-6	18.0	0.007822573	0.9990698	308.60483	0.05154161	0.015602056	124.0	0.0
SPIKE	S144:C>G	0	122652	0.0	-1.0	0.0	TRUE	C	3.2777892E-4	1126.0	0.003512847	0.9601703	590.3762	0.035829898	0.007651488	124.0	0.0
SPIKE	S144:C>T	0	122652	0.0	-1.0	0.0	TRUE	C	9.787606E-5	282.0	0.0049031503	0.98793674	605.6843	0.04277959	0.0104658	124.0	0.0
SPIKE	S145:C>A	0	122652	0.0	-1.0	0.0	TRUE	C	2.001308E-5	48.0	0.007822573	0.99752146	308.60483	0.05154161	0.015602056	124.0	0.0
SPIKE	S145:C>G	0	122652	0.0	-1.0	0.0	TRUE	C	1.8339317E-4	630.0	0.003512847	0.9775159	590.3762	0.035829898	0.007651488	124.0	0.0
SPIKE	S145:C>T	0	122652	0.0	-1.0	0.0	TRUE	C	2.8772783E-4	829.0	0.0049031503	0.96495074	605.6843	0.04277959	0.0104658	124.0	0.0
SPIKE	S146:C>A	0	122652	0.0	-1.0	0.0	TRUE	C	6.6710268E-6	16.0	0.007822573	0.99917316	308.60483	0.05154161	0.015602056	124.0	0.0
SPIKE	S146:C>G	0	122652	0.0	-1.0	0.0	TRUE	C	0.0029191535	10028.0	0.003512847	0.69629973	590.3762	0.035829898	0.007651488	124.0	0.0
SPIKE	S146:C>T	0	122652	0.0	-1.0	0.0	TRUE	C	3.9254545E-4	1131.0	0.0049031503	0.95249003	605.6843	0.04277959	0.0104658	124.0	0.0
SPIKE	S147:G>A	0	122652	0.0	-1.0	0.0	TRUE	G	2.1894214E-4	610.0	0.006872163	0.9732164	605.6843	0.044327065	0.012892632	124.0	0.0
SPIKE	S147:G>C	0	122652	0.0	-1.0	0.0	TRUE	G	5.1626243E-4	1790.0	0.003015509	0.9379895	590.3762	0.035481643	0.0113545535	124.0	0.0
SPIKE	S147:G>T	0	122652	0.0	-1.0	0.0	TRUE	G	0.0029421833	9485.0	0.0039950972	0.6943142	308.60483	0.038198434	0.010384222	124.0	0.0
SPIKE	S148:T>A	0	122652	0.0	-1.0	0.0	TRUE	T	1.8260453E-5	54.0	0.0062144524	0.99773824	272.23102	0.041734934	0.0064379247	124.0	0.0
SPIKE	S148:T>G	0	122652	0.0	-1.0	0.0	TRUE	T	0.0043381043	15728.0	0.0020693652	0.58395875	718.9898	0.033900086	0.0099945525	124.0	0.0
SPIKE	S148:T>C	0	122652	0.0	-1.0	0.0	TRUE	T	3.6925793E-4	996.0	0.00534664	0.9552445	1257.3833	0.045716543	0.015477939	124.0	0.0
SPIKE	S149:G>A	0	122652	0.0	-1.0	0.0	TRUE	G	1.9417655E-4	541.0	0.006872163	0.97620964	605.6843	0.044327065	0.012892632	124.0	0.0
SPIKE	S149:G>C	0	122652	0.0	-1.0	0.0	TRUE	G	0.002921353	10129.0	0.003015509	0.6961099	590.3762	0.035481643	0.0113545535	124.0	0.0
SPIKE	S149:G>T	0	122652	0.0	-1.0	0.0	TRUE	G	8.344199E-4	2690.0	0.0039950972	0.9017048	308.60483	0.038198434	0.010384222	124.0	0.0
SPIKE	S150:C>A	0	122647	0.0	-1.0	0.0	TRUE	C	1.2866945E-4	9.0	0.007822573	0.98417157	308.59225	0.05154161	0.015602056	124.0	1.0
SPIKE	S150:C>G	0	122647	0.0	-1.0	0.0	TRUE	C	0.0013204847	4536.0	0.003512847	0.8489626	590.3521	0.035829898	0.007651488	124.0	0.0
SPIKE	S150:C>T	0	122647	0.0	-1.0	0.0	TRUE	C	0.004329977	12475.0	0.0049031503	0.5845475	605.6596	0.04277959	0.0104658	124.0	0.0
SPIKE	S151:T>A	0	122616	0.0	-1.0	0.0	TRUE	T	6.7651163E-6	20.0	0.0062144524	0.9991615	272.1511	0.041734934	0.0064379247	124.0	0.0
SPIKE	S151:T>G	0	122616	0.0	-1.0	0.0	TRUE	T	0.0045460286	16477.0	0.0020693652	0.5690952	718.7788	0.033900086	0.0099945525	124.0	0.0
SPIKE	S151:T>C	0	122616	0.0	-1.0	0.0	TRUE	T	8.180946E-4	2206.0	0.00534664	0.903532	1257.0143	0.045716543	0.015477939	124.0	0.0
SPIKE	S152:G>A	0	122585	0.0	-1.0	0.0	TRUE	G	2.0936562E-4	583.0	0.006872163	0.97437274	605.35345	0.044327065	0.012892632	124.0	0.0
SPIKE	S152:G>C	0	122585	0.0	-1.0	0.0	TRUE	G	9.234316E-6	32.0	0.003015509	0.9988556	590.0537	0.035481643	0.0113545535	124.0	0.0
SPIKE	S152:G>T	0	122585	0.0	-1.0	0.0	TRUE	G	5.4716965E-4	1763.0	0.0039950972	0.9344015	308.43625	0.038198434	0.010384222	124.0	0.0
SPIKE	S153:G>A	0	122310	0.0	-1.0	0.0	TRUE	G	1.1229664E-4	312.0	0.006872163	0.9861717	603.9954	0.044327065	0.012892632	124.0	0.0
SPIKE	S153:G>C	0	122310	0.0	-1.0	0.0	TRUE	G	4.9167606E-6	17.0	0.003015509	0.9993905	588.73004	0.035481643	0.0113545535	124.0	0.0
SPIKE	S153:G>T	0	122310	0.0	-1.0	0.0	TRUE	G	9.3318195E-6	30.0	0.0039950972	0.99884355	307.74432	0.038198434	0.010384222	124.0	0.0
