#pipeline_block
reference	mutation	count	coverage	freq	score	cqs	has.reference	ancestral.allele	error.rate	minor.count.local	minor.fdr	minor.recall	minor.count.global	read.fraction.in.minors	q.filtered.read.fraction	mig.size	global.est
SPIKE	S0:T>A	0	177310	0.0	-1.0	0.0	TRUE	T	1.9917641E-4	116.0	0.0032465162	0.98792374	72.15839	0.30543962	0.09227208	61.0	0.0
SPIKE	S0:T>G	0	177310	0.0	-1.0	0.0	TRUE	T	6.601826E-5	40.0	0.002761473	0.995981	133.9069	0.29345283	0.07449011	61.0	0.0
SPIKE	S0:T>C	0	177310	0.0	-1.0	0.0	TRUE	T	2.4085939E-4	163.0	0.0021710393	0.985415	220.115	0.26257482	0.100131325	61.0	0.0
SPIKE	S1:A>G	0	177667	0.0	-1.0	0.0	TRUE	A	3.8517572E-4	263.0	0.002471446	0.97677815	220.5582	0.26084626	0.08806203	61.0	0.0
SPIKE	S1:A>C	0	177667	0.0	-1.0	0.0	TRUE	A	1.4137445E-5	11.0	0.007352246	0.999138	134.17653	0.23003283	0.09293301	61.0	0.0
SPIKE	S1:A>T	0	177667	0.0	-1.0	0.0	TRUE	A	2.3001965E-4	131.0	0.002638508	0.98606676	72.30367	0.31278637	0.09229754	61.0	0.0
SPIKE	S2:G>A	0	178009	0.0	-1.0	0.0	TRUE	G	3.0971342E-4	213.0	0.0024329447	0.9812848	176.2033	0.2594659	0.094646275	61.0	0.0
SPIKE	S2:G>C	0	178009	0.0	-1.0	0.0	TRUE	G	1.791404E-4	107.0	0.0022156707	0.9891319	123.59706	0.29868612	0.105362	61.0	0.0
SPIKE	S2:G>T	0	178009	0.0	-1.0	0.0	TRUE	G	1.392584E-4	6.0	0.003002978	0.9915412	79.986046	0.31085312	0.08168679	61.0	1.0
SPIKE	S3:C>A	0	178249	0.0	-1.0	0.0	TRUE	C	1.2335437E-4	3.0	0.005107816	0.99250364	80.09389	0.27593467	0.112845644	61.0	1.0
SPIKE	S3:C>G	0	178249	0.0	-1.0	0.0	TRUE	C	9.837328E-4	581.0	0.0016744549	0.94175726	123.7637	0.30231237	0.13726814	61.0	0.0
SPIKE	S3:C>T	0	178249	0.0	-1.0	0.0	TRUE	C	2.625995E-4	179.0	0.0022165822	0.98410904	176.44086	0.26207867	0.10106995	61.0	0.0
SPIKE	S4:G>A	131	178516	7.3382776E-4	353.467	40.0	TRUE	G	2.0443927E-4	141.0	0.0024329447	0.98760664	176.70515	0.2594659	0.094646275	61.0	0.0
SPIKE	S4:G>C	9	178516	5.041565E-5	5.7604303	40.0	TRUE	G	3.2554363E-4	195.0	0.0022156707	0.98033774	123.94909	0.29868612	0.105362	61.0	0.0
SPIKE	S4:G>T	6	178516	3.361043E-5	6.718435	40.0	TRUE	G	1.857615E-4	107.0	0.003002978	0.9887325	80.21386	0.31085312	0.08168679	61.0	0.0
SPIKE	S5:T>A	12	178636	6.717571E-5	28.819815	40.0	TRUE	T	1.238987E-4	4.0	0.0032465162	0.9924707	72.69802	0.30543962	0.09227208	61.0	1.0
SPIKE	S5:T>G	16	178636	8.956761E-5	10.020019	40.0	TRUE	T	5.193111E-4	317.0	0.002761473	0.9688185	134.90833	0.29345283	0.07449011	61.0	0.0
SPIKE	S5:T>C	336	178636	0.0018809199	912.2665	40.0	TRUE	T	3.3000667E-4	225.0	0.0021710393	0.9800708	221.76112	0.26257482	0.100131325	61.0	0.0
SPIKE	S6:G>A	117	178698	6.5473595E-4	290.11145	40.0	TRUE	G	2.824472E-4	195.0	0.0024329447	0.9829183	176.88531	0.2594659	0.094646275	61.0	0.0
SPIKE	S6:G>C	2	178698	1.1192067E-5	1.3408211	40.0	TRUE	G	2.0692736E-4	2.0	0.0022156707	0.98745674	124.075455	0.29868612	0.105362	61.0	1.0
SPIKE	S6:G>T	7	178698	3.9172235E-5	3.4907904	40.0	TRUE	G	3.451298E-4	199.0	0.003002978	0.97916716	80.29564	0.31085312	0.08168679	61.0	0.0
SPIKE	S7:A>G	213	178749	0.001191615	519.4465	40.0	TRUE	A	4.8037485E-4	330.0	0.002471446	0.9711223	221.9014	0.26084626	0.08806203	61.0	0.0
SPIKE	S7:A>C	32	178749	1.7902198E-4	75.76293	40.0	TRUE	A	1.7244666E-4	6.0	0.007352246	0.98953587	134.99367	0.23003283	0.09293301	61.0	1.0
SPIKE	S7:A>T	27	178749	1.510498E-4	-1.0	40.0	TRUE	A	2.4433451E-5	14.0	0.002638508	0.99851066	72.744	0.31278637	0.09229754	61.0	0.0
SPIKE	D7-8:A>	172	178749	9.622431E-4	-1.0	39.997902	TRUE		NaN	NaN	NaN	NaN	NaN	NaN	NaN	NaN	NaN
SPIKE	I7:>A	2	178749	1.1188874E-5	-1.0	39.997902	TRUE		NaN	NaN	NaN	NaN	NaN	NaN	NaN	NaN	NaN
SPIKE	S8:A>G	243	178770	0.0013592885	616.1766	40.0	TRUE	A	4.3956412E-4	302.0	0.002471446	0.97354287	221.92747	0.26084626	0.08806203	61.0	0.0
SPIKE	S8:A>C	28	178770	1.5662583E-4	64.779274	40.0	TRUE	A	1.7244666E-4	9.0	0.007352246	0.98953587	135.00952	0.23003283	0.09293301	61.0	1.0
SPIKE	S8:A>T	10	178770	5.59378E-5	18.164799	40.0	TRUE	A	1.2695622E-4	7.0	0.002638508	0.9922856	72.75255	0.31278637	0.09229754	61.0	1.0
SPIKE	S9:G>A	86	178783	4.810301E-4	171.29875	40.0	TRUE	G	5.1540206E-4	356.0	0.0024329447	0.9690496	176.96945	0.2594659	0.094646275	61.0	0.0
SPIKE	S9:G>C	3	178783	1.6780119E-5	2.3797824	40.0	TRUE	G	2.0692736E-4	4.0	0.0022156707	0.98745674	124.13447	0.29868612	0.105362	61.0	1.0
SPIKE	S9:G>T	5	178783	2.7966866E-5	7.3154635	40.0	TRUE	G	1.392584E-4	8.0	0.003002978	0.9915412	80.33384	0.31085312	0.08168679	61.0	1.0
SPIKE	D9-10:G>	45	178783	2.5170177E-4	-1.0	39.980854	TRUE		NaN	NaN	NaN	NaN	NaN	NaN	NaN	NaN	NaN
SPIKE	D9-11:GA>	20	178783	1.1186746E-4	-1.0	39.980854	TRUE		NaN	NaN	NaN	NaN	NaN	NaN	NaN	NaN	NaN
SPIKE	S10:A>G	261	178785	0.001459854	623.3613	40.0	TRUE	A	6.330939E-4	435.0	0.002471446	0.9621175	221.94609	0.26084626	0.08806203	61.0	0.0
SPIKE	S10:A>C	25	178785	1.3983276E-4	56.63544	40.0	TRUE	A	1.481535E-4	116.0	0.007352246	0.99100333	135.02086	0.23003283	0.09293301	61.0	0.0
SPIKE	S10:A>T	10	178785	5.5933106E-5	18.164799	40.0	TRUE	A	1.2695622E-4	7.0	0.002638508	0.9922856	72.75865	0.31278637	0.09229754	61.0	1.0
SPIKE	D10-11:A>	74	178785	4.1390496E-4	-1.0	39.972095	TRUE		NaN	NaN	NaN	NaN	NaN	NaN	NaN	NaN	NaN
SPIKE	D10-12:AC>	6	178785	3.3559863E-5	-1.0	39.972095	TRUE		NaN	NaN	NaN	NaN	NaN	NaN	NaN	NaN	NaN
SPIKE	I11:>C	1	178787	5.593248E-6	-1.0	39.976524	TRUE		NaN	NaN	NaN	NaN	NaN	NaN	NaN	NaN	NaN
SPIKE	S11:C>A	2	178787	1.1186496E-5	0.47457275	40.0	TRUE	C	2.994201E-4	195.0	0.005107816	0.98190117	80.33563	0.27593467	0.112845644	61.0	0.0
SPIKE	S11:C>G	5	178787	2.796624E-5	5.1061287	40.0	TRUE	C	1.8737651E-4	111.0	0.0016744549	0.9886351	124.13725	0.30231237	0.13726814	61.0	0.0
SPIKE	S11:C>T	122	178787	6.823762E-4	327.28723	40.0	TRUE	C	2.2231851E-4	152.0	0.0022165822	0.9865301	176.9734	0.26207867	0.10106995	61.0	0.0
SPIKE	D11-12:C>	71	178787	3.971206E-4	-1.0	39.976524	TRUE		NaN	NaN	NaN	NaN	NaN	NaN	NaN	NaN	NaN
SPIKE	D11-13:CG>	7	178787	3.9152736E-5	-1.0	39.976524	TRUE		NaN	NaN	NaN	NaN	NaN	NaN	NaN	NaN	NaN
SPIKE	S12:G>A	164	178789	9.1728236E-4	436.69693	39.98171	TRUE	G	2.6637866E-4	184.0	0.0024329447	0.9838822	176.97539	0.2594659	0.094646275	61.0	0.0
SPIKE	S12:G>C	1	178789	5.593185E-6	0.17304859	40.0	TRUE	G	3.1671202E-4	190.0	0.0022156707	0.980866	124.13864	0.29868612	0.105362	61.0	0.0
SPIKE	S12:G>T	6	178789	3.355911E-5	9.311187	40.0	TRUE	G	1.392584E-4	4.0	0.003002978	0.9915412	80.33653	0.31085312	0.08168679	61.0	1.0
SPIKE	D12-13:G>	67	178789	3.7474342E-4	-1.0	39.97748	TRUE		NaN	NaN	NaN	NaN	NaN	NaN	NaN	NaN	NaN
SPIKE	D12-14:GA>	7	178789	3.9152295E-5	-1.0	39.97748	TRUE		NaN	NaN	NaN	NaN	NaN	NaN	NaN	NaN	NaN
SPIKE	S13:A>G	175	178793	9.787856E-4	344.51602	40.0	TRUE	A	8.7319384E-4	600.0	0.002471446	0.9481289	221.95602	0.26084626	0.08806203	61.0	0.0
SPIKE	S13:A>C	22	178793	1.2304733E-4	48.59232	40.0	TRUE	A	1.6602666E-4	130.0	0.007352246	0.9899235	135.02689	0.23003283	0.09293301	61.0	0.0
SPIKE	S13:A>T	42	178793	2.3490853E-4	127.681984	40.0	TRUE	A	5.408933E-5	31.0	0.002638508	0.996706	72.76191	0.31278637	0.09229754	61.0	0.0
SPIKE	D13-14:A>	41	178793	2.2931547E-4	-1.0	39.984875	TRUE		NaN	NaN	NaN	NaN	NaN	NaN	NaN	NaN	NaN
SPIKE	I13:>A	2	178793	1.118612E-5	-1.0	39.984875	TRUE		NaN	NaN	NaN	NaN	NaN	NaN	NaN	NaN	NaN
SPIKE	I13:>C	1	178793	5.59306E-6	-1.0	39.984875	TRUE		NaN	NaN	NaN	NaN	NaN	NaN	NaN	NaN	NaN
SPIKE	I14:>C	1	178793	5.59306E-6	-1.0	39.982124	TRUE		NaN	NaN	NaN	NaN	NaN	NaN	NaN	NaN	NaN
SPIKE	S14:C>G	4	178793	2.237224E-5	3.6487768	40.0	TRUE	C	2.095532E-4	2.0	0.0016744549	0.9872986	124.14142	0.30231237	0.13726814	61.0	1.0
SPIKE	S14:C>T	89	178793	4.9778237E-4	243.83536	40.0	TRUE	C	1.3455669E-4	92.0	0.0022165822	0.99182564	176.97934	0.26207867	0.10106995	61.0	0.0
SPIKE	D14-15:C>	46	178793	2.5728077E-4	-1.0	39.982124	TRUE		NaN	NaN	NaN	NaN	NaN	NaN	NaN	NaN	NaN
SPIKE	D14-16:CA>	9	178793	5.033754E-5	-1.0	39.982124	TRUE		NaN	NaN	NaN	NaN	NaN	NaN	NaN	NaN	NaN
SPIKE	S14:C>A	0	178793	0.0	-1.0	0.0	TRUE	C	4.6984348E-4	306.0	0.005107816	0.9717464	80.338326	0.27593467	0.112845644	61.0	0.0
SPIKE	S15:A>G	319	178793	0.0017841862	848.7591	40.0	TRUE	A	4.1767774E-4	287.0	0.002471446	0.9748435	221.95602	0.26084626	0.08806203	61.0	0.0
SPIKE	S15:A>C	31	178793	1.7338486E-4	58.691017	40.0	TRUE	A	2.59257E-4	203.0	0.007352246	0.98430973	135.02689	0.23003283	0.09293301	61.0	0.0
SPIKE	S15:A>T	35	178793	1.9575711E-4	106.609886	40.0	TRUE	A	4.187561E-5	24.0	0.002638508	0.99744886	72.76191	0.31278637	0.09229754	61.0	0.0
SPIKE	D15-16:A>	59	178793	3.2999055E-4	-1.0	39.98042	TRUE		NaN	NaN	NaN	NaN	NaN	NaN	NaN	NaN	NaN
SPIKE	I15:>A	2	178793	1.118612E-5	-1.0	39.98042	TRUE		NaN	NaN	NaN	NaN	NaN	NaN	NaN	NaN	NaN
SPIKE	I16:>G	1	178793	5.59306E-6	-1.0	39.9856	TRUE		NaN	NaN	NaN	NaN	NaN	NaN	NaN	NaN	NaN
SPIKE	S16:G>A	98	178793	5.481199E-4	195.25333	40.0	TRUE	G	5.2840234E-4	365.0	0.0024329447	0.9682814	176.97934	0.2594659	0.094646275	61.0	0.0
SPIKE	S16:G>T	7	178793	3.9151422E-5	11.410683	40.0	TRUE	G	1.392584E-4	1.0	0.003002978	0.9915412	80.338326	0.31085312	0.08168679	61.0	1.0
SPIKE	S16:G>C	6	178793	3.355836E-5	6.718435	40.0	TRUE	G	2.0692736E-4	3.0	0.0022156707	0.98745674	124.14142	0.29868612	0.105362	61.0	1.0
SPIKE	D16-17:G>	40	178793	2.2372241E-4	-1.0	39.9856	TRUE		NaN	NaN	NaN	NaN	NaN	NaN	NaN	NaN	NaN
SPIKE	D16-18:GA>	1	178793	5.59306E-6	-1.0	39.9856	TRUE		NaN	NaN	NaN	NaN	NaN	NaN	NaN	NaN	NaN
SPIKE	S17:A>G	264	178793	0.0014765678	611.567	40.0	TRUE	A	7.5240206E-4	517.0	0.002471446	0.95514077	221.95602	0.26084626	0.08806203	61.0	0.0
SPIKE	S17:A>T	62	178793	3.4676972E-4	192.6592	40.0	TRUE	A	5.2344512E-5	30.0	0.002638508	0.9968121	72.76191	0.31278637	0.09229754	61.0	0.0
SPIKE	S17:A>C	25	178793	1.398265E-4	76.50689	40.0	TRUE	A	2.6819693E-5	21.0	0.007352246	0.99836534	135.02689	0.23003283	0.09293301	61.0	0.0
SPIKE	D17-18:A>	116	178793	6.48795E-4	-1.0	39.997623	TRUE		NaN	NaN	NaN	NaN	NaN	NaN	NaN	NaN	NaN
SPIKE	S18:A>G	289	178793	0.0016163944	761.4137	40.0	TRUE	A	3.7983933E-4	261.0	0.002471446	0.97709614	221.95602	0.26084626	0.08806203	61.0	0.0
SPIKE	S18:A>T	4	178793	2.237224E-5	5.449171	40.0	TRUE	A	1.2695622E-4	4.0	0.002638508	0.9922856	72.76191	0.31278637	0.09229754	61.0	1.0
SPIKE	S18:A>C	47	178793	2.6287383E-4	117.81054	40.0	TRUE	A	1.3792985E-4	108.0	0.007352246	0.99162155	135.02689	0.23003283	0.09293301	61.0	0.0
SPIKE	D18-19:A>	1	178793	5.59306E-6	-1.0	39.969204	TRUE		NaN	NaN	NaN	NaN	NaN	NaN	NaN	NaN	NaN
SPIKE	S19:C>G	5	178793	2.7965301E-5	5.1061287	40.0	TRUE	C	2.095532E-4	3.0	0.0016744549	0.9872986	124.14142	0.30231237	0.13726814	61.0	1.0
SPIKE	S19:C>A	6	178793	3.355836E-5	3.5300503	40.0	TRUE	C	2.8252025E-4	184.0	0.005107816	0.9829139	80.338326	0.27593467	0.112845644	61.0	0.0
SPIKE	S19:C>T	88	178793	4.921893E-4	240.92157	40.0	TRUE	C	1.6673328E-4	114.0	0.0022165822	0.9898808	176.97934	0.26207867	0.10106995	61.0	0.0
SPIKE	D19-20:C>	3	178793	1.677918E-5	-1.0	39.998093	TRUE		NaN	NaN	NaN	NaN	NaN	NaN	NaN	NaN	NaN
SPIKE	S20:C>G	34	178793	1.9016405E-4	73.23097	40.0	TRUE	C	2.095532E-4	0.0	0.0016744549	0.9872986	124.14142	0.30231237	0.13726814	61.0	1.0
SPIKE	S20:C>A	7	178793	3.9151422E-5	11.410683	40.0	TRUE	C	1.658271E-4	108.0	0.005107816	0.9899355	80.338326	0.27593467	0.112845644	61.0	0.0
SPIKE	S20:C>T	129	178793	7.2150474E-4	376.22015	40.0	TRUE	C	1.09692955E-4	75.0	0.0022165822	0.9933311	176.97934	0.26207867	0.10106995	61.0	0.0
SPIKE	I20:>GT	1	178793	5.59306E-6	-1.0	39.996307	TRUE		NaN	NaN	NaN	NaN	NaN	NaN	NaN	NaN	NaN
SPIKE	S21:A>G	231	178793	0.0012919969	618.7828	40.0	TRUE	A	2.8815397E-4	198.0	0.002471446	0.9825762	221.95602	0.26084626	0.08806203	61.0	0.0
SPIKE	S21:A>T	10	178793	5.5930603E-5	14.269594	40.0	TRUE	A	2.0239878E-4	116.0	0.002638508	0.98772955	72.76191	0.31278637	0.09229754	61.0	0.0
SPIKE	S21:A>C	31	178793	1.7338486E-4	58.691017	40.0	TRUE	A	2.7330543E-4	214.0	0.007352246	0.98346657	135.02689	0.23003283	0.09293301	61.0	0.0
SPIKE	S22:A>G	1	178793	5.59306E-6	0.17304859	40.0	TRUE	T	3.2301774E-4	4.0	0.002471446	0.9804888	221.95602	0.26084626	0.08806203	61.0	1.0
SPIKE	S22:A>T	178753	178793	0.9997763	9999.0	39.999714	TRUE	T	1.2695622E-4	5.0	0.002638508	0.9922856	72.76191	0.31278637	0.09229754	61.0	1.0
SPIKE	S22:A>C	0	178793	0.0	-1.0	0.0	TRUE	T	1.3409846E-4	105.0	0.007352246	0.99185336	135.02689	0.23003283	0.09293301	61.0	0.0
SPIKE	S23:A>C	178760	178793	0.9998154	9999.0	39.999546	TRUE	C	1.7244666E-4	1.0	0.007352246	0.98953587	135.02689	0.23003283	0.09293301	61.0	1.0
SPIKE	D23-26:AAA>	1	178793	5.59306E-6	-1.0	39.995033	TRUE		NaN	NaN	NaN	NaN	NaN	NaN	NaN	NaN	NaN
SPIKE	S23:A>G	0	178793	0.0	-1.0	0.0	TRUE	C	3.2301774E-4	0.0	0.002471446	0.9804888	221.95602	0.26084626	0.08806203	61.0	1.0
SPIKE	S23:A>T	0	178793	0.0	-1.0	0.0	TRUE	C	3.3151524E-4	190.0	0.002638508	0.97998065	72.76191	0.31278637	0.09229754	61.0	0.0
SPIKE	S24:A>G	0	178793	0.0	-1.0	0.0	TRUE	A	1.513536E-4	104.0	0.002471446	0.9908099	221.95602	0.26084626	0.08806203	61.0	0.0
SPIKE	S24:A>C	0	178793	0.0	-1.0	0.0	TRUE	A	2.541485E-4	199.0	0.007352246	0.9846165	135.02689	0.23003283	0.09293301	61.0	0.0
SPIKE	S24:A>T	0	178793	0.0	-1.0	0.0	TRUE	A	1.2695622E-4	0.0	0.002638508	0.9922856	72.76191	0.31278637	0.09229754	61.0	1.0
SPIKE	S25:A>G	178765	178793	0.9998434	9999.0	39.999664	TRUE	G	3.2301774E-4	2.0	0.002471446	0.9804888	221.95602	0.26084626	0.08806203	61.0	1.0
SPIKE	S25:A>C	0	178793	0.0	-1.0	0.0	TRUE	G	1.7244666E-4	0.0	0.007352246	0.98953587	135.02689	0.23003283	0.09293301	61.0	1.0
SPIKE	S25:A>T	0	178793	0.0	-1.0	0.0	TRUE	G	1.7448171E-4	100.0	0.002638508	0.9894131	72.76191	0.31278637	0.09229754	61.0	0.0
SPIKE	S26:T>G	15	178798	8.389356E-5	8.721025	39.466667	TRUE	T	5.041101E-4	308.0	0.002761473	0.96971726	135.03067	0.29345283	0.07449011	61.0	0.0
SPIKE	S26:T>A	18	178798	1.0067227E-4	-1.0	40.0	TRUE	T	1.7027485E-5	10.0	0.0032465162	0.99896187	72.76395	0.30543962	0.09227208	61.0	0.0
SPIKE	S26:T>C	235	178798	0.0013143324	605.0507	40.0	TRUE	T	3.839263E-4	262.0	0.0021710393	0.9768526	221.96223	0.26257482	0.100131325	61.0	0.0
SPIKE	I27:>G	1	178801	5.59281E-6	-1.0	39.998165	TRUE		NaN	NaN	NaN	NaN	NaN	NaN	NaN	NaN	NaN
SPIKE	S27:G>A	76	178801	4.2505356E-4	218.94879	40.0	TRUE	G	9.554245E-5	66.0	0.0024329447	0.99418885	176.98726	0.2594659	0.094646275	61.0	0.0
SPIKE	S27:G>T	2	178801	1.118562E-5	0.28028724	40.0	TRUE	G	3.3626438E-4	194.0	0.003002978	0.9796968	80.34193	0.31085312	0.08168679	61.0	0.0
SPIKE	D27-28:G>	89	178801	4.977601E-4	-1.0	39.998165	TRUE		NaN	NaN	NaN	NaN	NaN	NaN	NaN	NaN	NaN
SPIKE	S27:G>C	0	178801	0.0	-1.0	0.0	TRUE	G	2.0692736E-4	0.0	0.0022156707	0.98745674	124.14697	0.29868612	0.105362	61.0	1.0
SPIKE	S28:G>A	90	178801	5.033529E-4	246.7502	40.0	TRUE	G	1.3607561E-4	94.0	0.0024329447	0.99173373	176.98726	0.2594659	0.094646275	61.0	0.0
SPIKE	S28:G>T	12	178801	6.711372E-5	22.940357	40.0	TRUE	G	1.392584E-4	0.0	0.003002978	0.9915412	80.34193	0.31085312	0.08168679	61.0	1.0
SPIKE	S28:G>C	3	178801	1.677843E-5	2.3797824	40.0	TRUE	G	2.0692736E-4	0.0	0.0022156707	0.98745674	124.14697	0.29868612	0.105362	61.0	1.0
SPIKE	S29:G>A	101	178801	5.648738E-4	255.3076	40.0	TRUE	G	2.591227E-4	179.0	0.0024329447	0.9843178	176.98726	0.2594659	0.094646275	61.0	0.0
SPIKE	S29:G>T	4	178801	2.237124E-5	5.449171	40.0	TRUE	G	1.392584E-4	3.0	0.003002978	0.9915412	80.34193	0.31085312	0.08168679	61.0	1.0
SPIKE	S29:G>C	6	178801	3.355686E-5	6.718435	40.0	TRUE	G	2.0692736E-4	1.0	0.0022156707	0.98745674	124.14697	0.29868612	0.105362	61.0	1.0
SPIKE	D29-30:G>	1	178801	5.59281E-6	-1.0	39.976685	TRUE		NaN	NaN	NaN	NaN	NaN	NaN	NaN	NaN	NaN
SPIKE	S30:A>G	245	178801	0.0013702384	610.4219	40.0	TRUE	A	4.7732462E-4	328.0	0.002471446	0.971303	221.96596	0.26084626	0.08806203	61.0	0.0
SPIKE	S30:A>T	12	178801	6.711372E-5	22.940357	40.0	TRUE	A	1.5877125E-4	91.0	0.002638508	0.9903617	72.76517	0.31278637	0.09229754	61.0	0.0
SPIKE	S30:A>C	4	178801	2.237124E-5	5.449171	40.0	TRUE	A	1.7244666E-4	6.0	0.007352246	0.98953587	135.03293	0.23003283	0.09293301	61.0	1.0
SPIKE	I30:>A	10	178801	5.59281E-5	-1.0	39.994892	TRUE		NaN	NaN	NaN	NaN	NaN	NaN	NaN	NaN	NaN
SPIKE	S31:T>G	7	178801	3.914967E-5	8.459471	40.0	TRUE	T	2.2100755E-4	6.0	0.002761473	0.986609	135.03293	0.29345283	0.07449011	61.0	1.0
SPIKE	S31:T>A	15	178801	8.389215E-5	21.102957	40.0	TRUE	T	2.5370528E-4	149.0	0.0032465162	0.9846431	72.76517	0.30543962	0.09227208	61.0	0.0
SPIKE	S31:T>C	232	178801	0.0012975319	608.72656	40.0	TRUE	T	3.3263283E-4	227.0	0.0021710393	0.9799139	221.96596	0.26257482	0.100131325	61.0	0.0
SPIKE	S32:C>T	98	178801	5.480954E-4	227.28085	40.0	TRUE	C	3.3783918E-4	231.0	0.0022165822	0.9796027	176.98726	0.26207867	0.10106995	61.0	0.0
SPIKE	S32:C>A	8	178801	4.474248E-5	18.199682	40.0	TRUE	C	1.2335437E-4	1.0	0.005107816	0.99250364	80.34193	0.27593467	0.112845644	61.0	1.0
SPIKE	S32:C>G	4	178801	2.237124E-5	3.6487768	40.0	TRUE	C	2.095532E-4	2.0	0.0016744549	0.9872986	124.14697	0.30231237	0.13726814	61.0	1.0
SPIKE	D32-33:C>	3	178801	1.677843E-5	-1.0	39.998333	TRUE		NaN	NaN	NaN	NaN	NaN	NaN	NaN	NaN	NaN
SPIKE	S33:C>T	78	178801	4.3623918E-4	224.85803	40.0	TRUE	C	9.213796E-5	63.0	0.0022165822	0.9943954	176.98726	0.26207867	0.10106995	61.0	0.0
SPIKE	S33:C>A	14	178801	7.829934E-5	27.870962	40.0	TRUE	C	1.3357696E-4	87.0	0.005107816	0.9918849	80.34193	0.27593467	0.112845644	61.0	0.0
SPIKE	S33:C>G	0	178801	0.0	-1.0	0.0	TRUE	C	2.095532E-4	0.0	0.0016744549	0.9872986	124.14697	0.30231237	0.13726814	61.0	1.0
SPIKE	S34:A>C	13	178801	7.270653E-5	20.706247	40.0	TRUE	A	2.030543E-4	159.0	0.007352246	0.9876901	135.03293	0.23003283	0.09293301	61.0	0.0
SPIKE	S34:A>T	4	178801	2.237124E-5	5.449171	40.0	TRUE	A	1.6051599E-4	92.0	0.002638508	0.9902563	72.76517	0.31278637	0.09229754	61.0	0.0
SPIKE	S34:A>G	213	178801	0.0011912686	609.6169	40.0	TRUE	A	1.4407054E-4	99.0	0.002471446	0.9912502	221.96596	0.26084626	0.08806203	61.0	0.0
SPIKE	S35:T>C	226	178801	0.001263975	617.8365	40.0	TRUE	T	2.4031624E-4	164.0	0.0021710393	0.98544765	221.96596	0.26257482	0.100131325	61.0	0.0
SPIKE	S35:T>A	18	178801	1.0067058E-4	27.605137	40.0	TRUE	T	2.6051616E-4	153.0	0.0032465162	0.9842341	72.76517	0.30543962	0.09227208	61.0	0.0
SPIKE	S35:T>G	7	178801	3.914967E-5	-1.0	40.0	TRUE	T	1.8003631E-5	11.0	0.002761473	0.9989024	135.03293	0.29345283	0.07449011	61.0	0.0
SPIKE	D35-36:T>	22	178801	1.2304181E-4	-1.0	39.99807	TRUE		NaN	NaN	NaN	NaN	NaN	NaN	NaN	NaN	NaN
SPIKE	S36:T>C	149	178802	8.3332404E-4	435.8047	40.0	TRUE	T	7.473207E-5	51.0	0.0021710393	0.99545175	221.9672	0.26257482	0.100131325	61.0	0.0
SPIKE	S36:T>A	7	178802	3.914945E-5	11.410683	40.0	TRUE	T	1.3791955E-4	81.0	0.0032465162	0.9916222	72.76557	0.30543962	0.09227208	61.0	0.0
SPIKE	S36:T>G	0	178802	0.0	-1.0	0.0	TRUE	T	2.2100755E-4	3.0	0.002761473	0.986609	135.03369	0.29345283	0.07449011	61.0	1.0
SPIKE	S37:A>C	13	178802	7.270612E-5	25.388708	40.0	TRUE	A	1.7244666E-4	2.0	0.007352246	0.98953587	135.03369	0.23003283	0.09293301	61.0	1.0
SPIKE	S37:A>T	5	178802	2.7963893E-5	1.7445091	40.0	TRUE	A	3.6115895E-4	207.0	0.002638508	0.9782102	72.76557	0.31278637	0.09229754	61.0	0.0
SPIKE	S37:A>G	185	178802	0.001034664	526.54346	40.0	TRUE	A	1.2806199E-4	88.0	0.002471446	0.9922187	221.9672	0.26084626	0.08806203	61.0	0.0
SPIKE	D37-38:A>	1	178802	5.5927785E-6	-1.0	39.994873	TRUE		NaN	NaN	NaN	NaN	NaN	NaN	NaN	NaN	NaN
SPIKE	S38:T>C	111	178802	6.2079844E-4	295.3843	40.0	TRUE	T	2.0514686E-4	140.0	0.0021710393	0.987564	221.9672	0.26257482	0.100131325	61.0	0.0
SPIKE	S38:T>A	21	178802	1.1744835E-4	34.4248	40.0	TRUE	T	2.3156861E-4	136.0	0.0032465162	0.9859736	72.76557	0.30543962	0.09227208	61.0	0.0
SPIKE	S38:T>G	8	178802	4.4742228E-5	10.308654	40.0	TRUE	T	2.2100755E-4	7.0	0.002761473	0.986609	135.03369	0.29345283	0.07449011	61.0	1.0
SPIKE	S39:C>T	113	178804	6.3197693E-4	278.80652	40.0	TRUE	C	3.1735876E-4	217.0	0.0022165822	0.9808273	176.99023	0.26207867	0.10106995	61.0	0.0
SPIKE	S39:C>A	52	178804	2.9082125E-4	143.39166	40.0	TRUE	C	1.2335437E-4	3.0	0.005107816	0.99250364	80.34327	0.27593467	0.112845644	61.0	1.0
SPIKE	S39:C>G	3	178804	1.6778147E-5	3.748162	40.0	TRUE	C	1.350333E-4	80.0	0.0016744549	0.9917968	124.149055	0.30231237	0.13726814	61.0	0.0
SPIKE	S40:G>C	2	178804	1.1185432E-5	0.7986036	40.0	TRUE	G	2.266801E-4	136.0	0.0022156707	0.9862677	124.149055	0.29868612	0.105362	61.0	0.0
SPIKE	S40:G>T	5	178804	2.796358E-5	7.3154635	40.0	TRUE	G	1.392584E-4	2.0	0.003002978	0.9915412	80.34327	0.31085312	0.08168679	61.0	1.0
SPIKE	S40:G>A	169	178804	9.45169E-4	464.58398	40.0	TRUE	G	2.1134793E-4	146.0	0.0024329447	0.98719054	176.99023	0.2594659	0.094646275	61.0	0.0
SPIKE	D40-41:G>	1	178804	5.592716E-6	-1.0	39.997612	TRUE		NaN	NaN	NaN	NaN	NaN	NaN	NaN	NaN	NaN
SPIKE	S41:G>C	3	178804	1.6778147E-5	3.748162	40.0	TRUE	G	1.35008E-4	81.0	0.0022156707	0.99179834	124.149055	0.29868612	0.105362	61.0	0.0
SPIKE	S41:G>T	4	178804	2.2370865E-5	5.449171	40.0	TRUE	G	1.392584E-4	4.0	0.003002978	0.9915412	80.34327	0.31085312	0.08168679	61.0	1.0
SPIKE	S41:G>A	105	178804	5.872352E-4	304.85934	40.0	TRUE	G	1.0712155E-4	74.0	0.0024329447	0.9934869	176.99023	0.2594659	0.094646275	61.0	0.0
SPIKE	S42:C>T	145	178804	8.1094383E-4	381.60623	40.0	TRUE	C	2.3838469E-4	163.0	0.0022165822	0.98556376	176.99023	0.26207867	0.10106995	61.0	0.0
SPIKE	S42:C>A	10	178804	5.592716E-5	23.451881	40.0	TRUE	C	1.2335437E-4	2.0	0.005107816	0.99250364	80.34327	0.27593467	0.112845644	61.0	1.0
SPIKE	S42:C>G	4	178804	2.2370865E-5	1.0965977	40.0	TRUE	C	3.443349E-4	204.0	0.0016744549	0.9792146	124.149055	0.30231237	0.13726814	61.0	0.0
SPIKE	D42-43:C>	1	178804	5.592716E-6	-1.0	39.99429	TRUE		NaN	NaN	NaN	NaN	NaN	NaN	NaN	NaN	NaN
SPIKE	S43:G>C	2	178805	1.118537E-5	1.3408211	40.0	TRUE	G	2.1001128E-4	126.0	0.0022156707	0.987271	124.14975	0.29868612	0.105362	61.0	0.0
SPIKE	S43:G>T	1	178805	5.592685E-6	1.0720997	40.0	TRUE	G	1.392584E-4	6.0	0.003002978	0.9915412	80.34372	0.31085312	0.08168679	61.0	1.0
SPIKE	S43:G>A	108	178805	6.0400995E-4	299.3757	40.0	TRUE	G	1.4620562E-4	101.0	0.0024329447	0.9911211	176.99123	0.2594659	0.094646275	61.0	0.0
SPIKE	D43-44:G>	2	178805	1.118537E-5	-1.0	39.998287	TRUE		NaN	NaN	NaN	NaN	NaN	NaN	NaN	NaN	NaN
SPIKE	S44:G>C	1	178805	5.592685E-6	2.0412	40.0	TRUE	G	1.16672934E-4	70.0	0.0022156707	0.99290824	124.14975	0.29868612	0.105362	61.0	0.0
SPIKE	S44:G>T	3	178805	1.6778054E-5	3.748162	40.0	TRUE	G	1.392584E-4	1.0	0.003002978	0.9915412	80.34372	0.31085312	0.08168679	61.0	1.0
SPIKE	S44:G>A	94	178805	5.257124E-4	246.33354	40.0	TRUE	G	1.8673789E-4	129.0	0.0024329447	0.9886736	176.99123	0.2594659	0.094646275	61.0	0.0
SPIKE	S45:C>T	135	178805	7.5501244E-4	378.7394	39.933334	TRUE	C	1.5063488E-4	103.0	0.0022165822	0.99085337	176.99123	0.26207867	0.10106995	61.0	0.0
SPIKE	S45:C>A	10	178805	5.592685E-5	23.451881	40.0	TRUE	C	1.2335437E-4	0.0	0.005107816	0.99250364	80.34372	0.27593467	0.112845644	61.0	1.0
SPIKE	S45:C>G	4	178805	2.237074E-5	1.0965977	40.0	TRUE	C	3.4264507E-4	203.0	0.0016744549	0.9793156	124.14975	0.30231237	0.13726814	61.0	0.0
SPIKE	D45-47:CG>	2	178805	1.118537E-5	-1.0	39.99346	TRUE		NaN	NaN	NaN	NaN	NaN	NaN	NaN	NaN	NaN
SPIKE	S46:G>C	1	178805	5.592685E-6	0.57991946	40.0	TRUE	G	2.2334533E-4	134.0	0.0022156707	0.9864683	124.14975	0.29868612	0.105362	61.0	0.0
SPIKE	S46:G>A	108	178805	6.0400995E-4	286.70398	40.0	TRUE	G	2.1568949E-4	149.0	0.0024329447	0.9869291	176.99123	0.2594659	0.094646275	61.0	0.0
SPIKE	S46:G>T	0	178805	0.0	-1.0	0.0	TRUE	G	1.392584E-4	0.0	0.003002978	0.9915412	80.34372	0.31085312	0.08168679	61.0	1.0
SPIKE	S47:A>C	8	178805	4.474148E-5	13.595069	40.0	TRUE	A	1.7244666E-4	4.0	0.007352246	0.98953587	135.03595	0.23003283	0.09293301	61.0	1.0
SPIKE	S47:A>T	4	178805	2.237074E-5	5.449171	40.0	TRUE	A	1.2695622E-4	4.0	0.002638508	0.9922856	72.76679	0.31278637	0.09229754	61.0	1.0
SPIKE	S47:A>G	116	178805	6.4875145E-4	298.11075	40.0	TRUE	A	2.51754E-4	173.0	0.002471446	0.98476034	221.97092	0.26084626	0.08806203	61.0	0.0
SPIKE	S48:A>T	7	178805	3.9148792E-5	11.410683	40.0	TRUE	A	1.291078E-4	74.0	0.002638508	0.9921554	72.76679	0.31278637	0.09229754	61.0	0.0
SPIKE	S48:A>C	7	178805	3.9148792E-5	11.410683	40.0	TRUE	A	1.7244666E-4	3.0	0.007352246	0.98953587	135.03595	0.23003283	0.09293301	61.0	1.0
SPIKE	S48:A>G	190	178805	0.0010626101	541.3652	40.0	TRUE	A	1.4406732E-4	99.0	0.002471446	0.9912504	221.97092	0.26084626	0.08806203	61.0	0.0
SPIKE	S49:T>C	236	178805	0.0013198736	677.96906	40.0	TRUE	T	1.2894729E-4	88.0	0.0021710393	0.9921651	221.97092	0.26257482	0.100131325	61.0	0.0
SPIKE	S49:T>G	11	178805	6.151953E-5	16.357807	40.0	TRUE	T	2.2100755E-4	2.0	0.002761473	0.986609	135.03595	0.29345283	0.07449011	61.0	1.0
SPIKE	S49:T>A	14	178805	7.8297584E-5	19.02269	40.0	TRUE	T	2.4178081E-4	142.0	0.0032465162	0.9853596	72.76679	0.30543962	0.09227208	61.0	0.0
SPIKE	D49-50:T>	171	178805	9.563491E-4	-1.0	39.99784	TRUE		NaN	NaN	NaN	NaN	NaN	NaN	NaN	NaN	NaN
SPIKE	S50:T>C	220	178805	0.0012303906	630.41003	40.0	TRUE	T	1.2601668E-4	86.0	0.0021710393	0.9923425	221.97092	0.26257482	0.100131325	61.0	0.0
SPIKE	S50:T>G	15	178805	8.389027E-5	25.242239	40.0	TRUE	T	2.2100755E-4	2.0	0.002761473	0.986609	135.03595	0.29345283	0.07449011	61.0	1.0
SPIKE	S50:T>A	16	178805	8.948296E-5	39.792072	40.0	TRUE	T	1.238987E-4	9.0	0.0032465162	0.9924707	72.76679	0.30543962	0.09227208	61.0	1.0
SPIKE	S51:T>C	195	178805	0.0010905735	573.1168	40.0	TRUE	T	9.524516E-5	65.0	0.0021710393	0.9942069	221.97092	0.26257482	0.100131325	61.0	0.0
SPIKE	S51:T>G	5	178805	2.7963424E-5	5.1061287	40.0	TRUE	T	2.2100755E-4	1.0	0.002761473	0.986609	135.03595	0.29345283	0.07449011	61.0	1.0
SPIKE	S51:T>A	6	178805	3.355611E-5	19.311188	40.0	TRUE	T	5.2783136E-5	31.0	0.0032465162	0.9967854	72.76679	0.30543962	0.09227208	61.0	0.0
SPIKE	S52:A>T	2	178805	1.118537E-5	3.9120662	40.0	TRUE	A	9.7703196E-5	56.0	0.002638508	0.99405783	72.76679	0.31278637	0.09229754	61.0	0.0
SPIKE	S52:A>C	8	178805	4.474148E-5	25.331787	39.0	TRUE	A	3.8311275E-5	30.0	0.007352246	0.99766576	135.03595	0.23003283	0.09293301	61.0	0.0
SPIKE	S52:A>G	164	178805	9.172003E-4	480.54526	40.0	TRUE	A	1.2369416E-4	85.0	0.002471446	0.9924831	221.97092	0.26084626	0.08806203	61.0	0.0
SPIKE	D52-53:A>	2	178805	1.118537E-5	-1.0	39.994804	TRUE		NaN	NaN	NaN	NaN	NaN	NaN	NaN	NaN	NaN
SPIKE	S53:C>T	81	178805	4.5300747E-4	209.0956	40.0	TRUE	C	1.8573427E-4	127.0	0.0022165822	0.9887341	176.99123	0.26207867	0.10106995	61.0	0.0
SPIKE	S53:C>G	4	178805	2.237074E-5	3.6487768	40.0	TRUE	C	2.095532E-4	1.0	0.0016744549	0.9872986	124.14975	0.30231237	0.13726814	61.0	1.0
SPIKE	S53:C>A	4	178805	2.237074E-5	8.284564	40.0	TRUE	C	8.597865E-5	56.0	0.005107816	0.99476904	80.34372	0.27593467	0.112845644	61.0	0.0
SPIKE	D53-54:C>	19	178805	1.0626101E-4	-1.0	39.998344	TRUE		NaN	NaN	NaN	NaN	NaN	NaN	NaN	NaN	NaN
SPIKE	S54:C>T	112	178805	6.263807E-4	311.10526	40.0	TRUE	C	1.3454766E-4	92.0	0.0022165822	0.9918262	176.99123	0.26207867	0.10106995	61.0	0.0
SPIKE	S54:C>G	4	178805	2.237074E-5	3.6487768	40.0	TRUE	C	2.095532E-4	0.0	0.0016744549	0.9872986	124.14975	0.30231237	0.13726814	61.0	1.0
SPIKE	S54:C>A	23	178805	1.2863176E-4	70.48629	40.0	TRUE	C	3.838333E-5	25.0	0.005107816	0.99766135	80.34372	0.27593467	0.112845644	61.0	0.0
SPIKE	S55:A>T	50	178805	2.7963423E-4	151.76439	40.0	TRUE	A	5.2340998E-5	30.0	0.002638508	0.9968123	72.76679	0.31278637	0.09229754	61.0	0.0
SPIKE	S55:A>C	13	178805	7.2704905E-5	16.993744	40.0	TRUE	A	2.2603651E-4	177.0	0.007352246	0.98630637	135.03595	0.23003283	0.09293301	61.0	0.0
SPIKE	S55:A>G	255	178805	0.0014261346	616.945	40.0	TRUE	A	5.7481404E-4	395.0	0.002471446	0.9655439	221.97092	0.26084626	0.08806203	61.0	0.0
SPIKE	D55-56:A>	3	178805	1.6778054E-5	-1.0	39.99375	TRUE		NaN	NaN	NaN	NaN	NaN	NaN	NaN	NaN	NaN
SPIKE	S56:C>T	81	178805	4.5300747E-4	209.0956	40.0	TRUE	C	1.8280932E-4	125.0	0.0022165822	0.98891056	176.99123	0.26207867	0.10106995	61.0	0.0
SPIKE	S56:C>G	3	178805	1.6778054E-5	2.3797824	40.0	TRUE	C	2.095532E-4	2.0	0.0016744549	0.9872986	124.14975	0.30231237	0.13726814	61.0	1.0
SPIKE	S56:C>A	3	178805	1.6778054E-5	6.0206	40.0	TRUE	C	9.365532E-5	61.0	0.005107816	0.9943033	80.34372	0.27593467	0.112845644	61.0	0.0
SPIKE	D56-57:C>	5	178805	2.7963424E-5	-1.0	39.99855	TRUE		NaN	NaN	NaN	NaN	NaN	NaN	NaN	NaN	NaN
SPIKE	S57:C>T	121	178805	6.767149E-4	352.4136	40.0	TRUE	C	1.1407302E-4	78.0	0.0022165822	0.9930657	176.99123	0.26207867	0.10106995	61.0	0.0
SPIKE	S57:C>G	1	178805	5.592685E-6	0.57991946	40.0	TRUE	C	2.095532E-4	0.0	0.0016744549	0.9872986	124.14975	0.30231237	0.13726814	61.0	1.0
SPIKE	S57:C>A	15	178805	8.389027E-5	46.403885	40.0	TRUE	C	3.3777327E-5	22.0	0.005107816	0.99794173	80.34372	0.27593467	0.112845644	61.0	0.0
SPIKE	S58:A>T	7	178805	3.9148792E-5	22.321487	40.0	TRUE	A	4.36175E-5	25.0	0.002638508	0.9973429	72.76679	0.31278637	0.09229754	61.0	0.0
SPIKE	S58:A>C	14	178805	7.8297584E-5	34.27314	40.0	TRUE	A	1.0471748E-4	82.0	0.007352246	0.9936326	135.03595	0.23003283	0.09293301	61.0	0.0
SPIKE	S58:A>G	185	178805	0.0010346466	511.58337	40.0	TRUE	A	2.2264948E-4	153.0	0.002471446	0.9865102	221.97092	0.26084626	0.08806203	61.0	0.0
SPIKE	S59:T>C	257	178805	0.00143732	708.9457	40.0	TRUE	T	2.2419245E-4	153.0	0.0021710393	0.98641735	221.97092	0.26257482	0.100131325	61.0	0.0
SPIKE	S59:T>G	7	178805	3.9148792E-5	8.459471	40.0	TRUE	T	2.2100755E-4	2.0	0.002761473	0.986609	135.03595	0.29345283	0.07449011	61.0	1.0
SPIKE	S59:T>A	9	178805	5.033416E-5	15.850103	40.0	TRUE	T	1.3280917E-4	78.0	0.0032465162	0.9919314	72.76679	0.30543962	0.09227208	61.0	0.0
SPIKE	D59-60:T>	13	178805	7.2704905E-5	-1.0	39.997734	TRUE		NaN	NaN	NaN	NaN	NaN	NaN	NaN	NaN	NaN
SPIKE	S60:T>C	272	178805	0.0015212103	768.50214	40.0	TRUE	T	1.89025E-4	129.0	0.0021710393	0.9885357	221.97092	0.26257482	0.100131325	61.0	0.0
SPIKE	S60:T>G	2	178805	1.118537E-5	7.269987	40.0	TRUE	T	3.4369798E-5	21.0	0.002761473	0.9979056	135.03595	0.29345283	0.07449011	61.0	0.0
SPIKE	S60:T>A	6	178805	3.355611E-5	13.113299	40.0	TRUE	T	1.238987E-4	3.0	0.0032465162	0.9924707	72.76679	0.30543962	0.09227208	61.0	1.0
SPIKE	S61:G>T	1	178805	5.592685E-6	2.0412	40.0	TRUE	G	1.2306307E-4	71.0	0.003002978	0.9925213	80.34372	0.31085312	0.08168679	61.0	0.0
SPIKE	S61:G>C	2	178805	1.118537E-5	1.3408211	40.0	TRUE	G	2.0692736E-4	2.0	0.0022156707	0.98745674	124.14975	0.29868612	0.105362	61.0	1.0
SPIKE	S61:G>A	41	178805	2.2930007E-4	111.31377	40.0	TRUE	G	9.119757E-5	63.0	0.0024329447	0.9944524	176.99123	0.2594659	0.094646275	61.0	0.0
SPIKE	D61-62:G>	3	178805	1.6778054E-5	-1.0	39.996365	TRUE		NaN	NaN	NaN	NaN	NaN	NaN	NaN	NaN	NaN
SPIKE	S62:A>T	23	178805	1.2863176E-4	70.48629	40.0	TRUE	A	2.6170499E-5	15.0	0.002638508	0.99840486	72.76679	0.31278637	0.09229754	61.0	0.0
SPIKE	S62:A>C	6	178805	3.355611E-5	9.311187	40.0	TRUE	A	1.7244666E-4	2.0	0.007352246	0.98953587	135.03595	0.23003283	0.09293301	61.0	1.0
SPIKE	S62:A>G	211	178805	0.0011800565	588.155	40.0	TRUE	A	2.1682859E-4	149.0	0.002471446	0.9868605	221.97092	0.26084626	0.08806203	61.0	0.0
SPIKE	D62-63:A>	84	178805	4.6978553E-4	-1.0	39.9988	TRUE		NaN	NaN	NaN	NaN	NaN	NaN	NaN	NaN	NaN
SPIKE	I62:>A	1	178805	5.592685E-6	-1.0	39.9988	TRUE		NaN	NaN	NaN	NaN	NaN	NaN	NaN	NaN	NaN
SPIKE	S63:A>T	9	178805	5.033416E-5	15.850103	40.0	TRUE	A	1.2695622E-4	1.0	0.002638508	0.9922856	72.76679	0.31278637	0.09229754	61.0	1.0
SPIKE	S63:A>C	5	178805	2.7963424E-5	7.3154635	40.0	TRUE	A	1.7244666E-4	3.0	0.007352246	0.98953587	135.03595	0.23003283	0.09293301	61.0	1.0
SPIKE	S63:A>G	294	178805	0.0016442493	850.6686	40.0	TRUE	A	1.7317182E-4	119.0	0.002471446	0.9894921	221.97092	0.26084626	0.08806203	61.0	0.0
SPIKE	D63-64:A>	1	178805	5.592685E-6	-1.0	39.999775	TRUE		NaN	NaN	NaN	NaN	NaN	NaN	NaN	NaN	NaN
SPIKE	S64:A>G	318	178805	0.0017784737	904.9539	40.0	TRUE	A	2.1682859E-4	149.0	0.002471446	0.9868605	221.97092	0.26084626	0.08806203	61.0	0.0
SPIKE	S64:A>C	11	178805	6.151953E-5	-1.0	40.0	TRUE	A	1.4047468E-5	11.0	0.007352246	0.9991435	135.03595	0.23003283	0.09293301	61.0	0.0
SPIKE	S64:A>T	21	178805	1.1744638E-4	-1.0	40.0	TRUE	A	1.91917E-5	11.0	0.002638508	0.99883	72.76679	0.31278637	0.09229754	61.0	0.0
SPIKE	S65:A>G	236	178805	0.0013198736	607.9341	40.0	TRUE	A	3.8417953E-4	264.0	0.002471446	0.9768375	221.97092	0.26084626	0.08806203	61.0	0.0
SPIKE	S65:A>C	72	178805	4.026733E-4	183.49844	40.0	TRUE	A	1.7623186E-4	138.0	0.007352246	0.9893074	135.03595	0.23003283	0.09293301	61.0	0.0
SPIKE	S65:A>T	16	178805	8.948296E-5	32.922462	40.0	TRUE	A	1.2695622E-4	3.0	0.002638508	0.9922856	72.76679	0.31278637	0.09229754	61.0	1.0
SPIKE	S66:C>A	3	178805	1.6778054E-5	6.0206	40.0	TRUE	C	9.365532E-5	61.0	0.005107816	0.9943033	80.34372	0.27593467	0.112845644	61.0	0.0
SPIKE	S66:C>G	2	178805	1.118537E-5	1.3408211	40.0	TRUE	C	2.095532E-4	0.0	0.0016744549	0.9872986	124.14975	0.30231237	0.13726814	61.0	1.0
SPIKE	S66:C>T	70	178805	3.9148793E-4	188.68658	40.0	TRUE	C	1.4478498E-4	99.0	0.0022165822	0.991207	176.99123	0.26207867	0.10106995	61.0	0.0
SPIKE	D66-67:C>	3	178805	1.6778054E-5	-1.0	39.997925	TRUE		NaN	NaN	NaN	NaN	NaN	NaN	NaN	NaN	NaN
SPIKE	S67:C>A	31	178805	1.7337322E-4	82.3502	40.0	TRUE	C	9.826132E-5	64.0	0.005107816	0.994024	80.34372	0.27593467	0.112845644	61.0	0.0
SPIKE	S67:C>T	79	178805	4.418221E-4	227.81369	40.0	TRUE	C	1.1261054E-4	77.0	0.0022165822	0.9931543	176.99123	0.26207867	0.10106995	61.0	0.0
SPIKE	S67:C>G	0	178805	0.0	-1.0	0.0	TRUE	C	2.095532E-4	0.0	0.0016744549	0.9872986	124.14975	0.30231237	0.13726814	61.0	1.0
SPIKE	S68:A>G	238	178805	0.001331059	568.988	40.0	TRUE	A	5.850006E-4	402.0	0.002471446	0.9649442	221.97092	0.26084626	0.08806203	61.0	0.0
SPIKE	S68:A>C	18	178805	1.0066832E-4	55.434788	40.0	TRUE	A	5.4912827E-5	43.0	0.007352246	0.99665594	135.03595	0.23003283	0.09293301	61.0	0.0
SPIKE	S68:A>T	56	178805	3.1319034E-4	174.5974	40.0	TRUE	A	3.66387E-5	21.0	0.002638508	0.9977675	72.76679	0.31278637	0.09229754	61.0	0.0
SPIKE	S69:G>A	103	178805	5.760465E-4	284.73016	40.0	TRUE	G	1.5344353E-4	106.0	0.0024329447	0.9906836	176.99123	0.2594659	0.094646275	61.0	0.0
SPIKE	S69:G>C	2	178805	1.118537E-5	3.9120662	40.0	TRUE	G	1.0000537E-4	60.0	0.0022156707	0.99391824	124.14975	0.29868612	0.105362	61.0	0.0
SPIKE	S69:G>T	5	178805	2.7963424E-5	7.3154635	40.0	TRUE	G	1.392584E-4	7.0	0.003002978	0.9915412	80.34372	0.31085312	0.08168679	61.0	1.0
SPIKE	D69-70:G>	1	178805	5.592685E-6	-1.0	39.997364	TRUE		NaN	NaN	NaN	NaN	NaN	NaN	NaN	NaN	NaN
SPIKE	S70:C>A	4	178805	2.237074E-5	8.284564	40.0	TRUE	C	1.2335437E-4	1.0	0.005107816	0.99250364	80.34372	0.27593467	0.112845644	61.0	1.0
SPIKE	S70:C>G	9	178805	5.033416E-5	28.342087	40.0	TRUE	C	4.8949296E-5	29.0	0.0016744549	0.9970186	124.14975	0.30231237	0.13726814	61.0	0.0
SPIKE	S70:C>T	86	178805	4.809709E-4	212.87337	40.0	TRUE	C	2.5593306E-4	175.0	0.0022165822	0.9845093	176.99123	0.26207867	0.10106995	61.0	0.0
SPIKE	S71:C>A	21	178805	1.1744638E-4	53.79622	40.0	TRUE	C	1.2335437E-4	4.0	0.005107816	0.99250364	80.34372	0.27593467	0.112845644	61.0	1.0
SPIKE	S71:C>G	2	178805	1.118537E-5	3.9120662	40.0	TRUE	C	1.0465022E-4	62.0	0.0016744549	0.99363667	124.14975	0.30231237	0.13726814	61.0	0.0
SPIKE	S71:C>T	137	178805	7.661978E-4	370.9539	40.0	TRUE	C	1.9889654E-4	136.0	0.0022165822	0.9879406	176.99123	0.26207867	0.10106995	61.0	0.0
SPIKE	S72:G>A	130	178805	7.27049E-4	350.55502	40.0	TRUE	G	2.0845159E-4	144.0	0.0024329447	0.98736495	176.99123	0.2594659	0.094646275	61.0	0.0
SPIKE	S72:G>C	1	178805	5.592685E-6	4.2596874	40.0	TRUE	G	3.833539E-5	23.0	0.0022156707	0.9976643	124.14975	0.29868612	0.105362	61.0	0.0
SPIKE	S72:G>T	2	178805	1.118537E-5	3.9120662	40.0	TRUE	G	9.013071E-5	52.0	0.003002978	0.9945171	80.34372	0.31085312	0.08168679	61.0	0.0
SPIKE	S73:T>A	24	178805	1.3422444E-4	73.49659	40.0	TRUE	T	2.5540226E-5	15.0	0.0032465162	0.99844325	72.76679	0.30543962	0.09227208	61.0	0.0
SPIKE	S73:T>G	16	178805	8.948296E-5	32.922462	40.0	TRUE	T	1.5711908E-4	96.0	0.002761473	0.9904615	135.03595	0.29345283	0.07449011	61.0	0.0
SPIKE	S73:T>C	203	178805	0.001135315	491.17914	40.0	TRUE	T	4.923442E-4	336.0	0.0021710393	0.9704135	221.97092	0.26257482	0.100131325	61.0	0.0
SPIKE	S74:G>A	64	178805	3.5793183E-4	183.56096	40.0	TRUE	G	7.527418E-5	52.0	0.0024329447	0.9954188	176.99123	0.2594659	0.094646275	61.0	0.0
SPIKE	S74:G>T	4	178805	2.237074E-5	13.290587	40.0	TRUE	G	3.813222E-5	22.0	0.003002978	0.9976766	80.34372	0.31085312	0.08168679	61.0	0.0
SPIKE	S74:G>C	0	178805	0.0	-1.0	0.0	TRUE	G	2.0692736E-4	0.0	0.0022156707	0.98745674	124.14975	0.29868612	0.105362	61.0	1.0
SPIKE	S75:G>A	79	178805	4.418221E-4	214.74945	40.0	TRUE	G	1.4186288E-4	98.0	0.0024329447	0.9913837	176.99123	0.2594659	0.094646275	61.0	0.0
SPIKE	S75:G>C	1	178805	5.592685E-6	0.57991946	40.0	TRUE	G	2.0692736E-4	0.0	0.0022156707	0.98745674	124.14975	0.29868612	0.105362	61.0	1.0
SPIKE	S75:G>T	0	178805	0.0	-1.0	0.0	TRUE	G	8.839742E-5	51.0	0.003002978	0.9946223	80.34372	0.31085312	0.08168679	61.0	0.0
SPIKE	S76:T>A	17	178805	9.5075644E-5	42.57172	40.0	TRUE	T	1.238987E-4	8.0	0.0032465162	0.9924707	72.76679	0.30543962	0.09227208	61.0	1.0
SPIKE	S76:T>G	52	178805	2.9081962E-4	143.39166	40.0	TRUE	T	8.6742824E-5	53.0	0.002761473	0.99472266	135.03595	0.29345283	0.07449011	61.0	0.0
SPIKE	S76:T>C	265	178805	0.0014820615	732.5006	40.0	TRUE	T	2.5789457E-4	176.0	0.0021710393	0.9843915	221.97092	0.26257482	0.100131325	61.0	0.0
SPIKE	D76-77:T>	17	178805	9.5075644E-5	-1.0	39.99711	TRUE		NaN	NaN	NaN	NaN	NaN	NaN	NaN	NaN	NaN
SPIKE	S77:T>A	9	178805	5.033416E-5	20.808811	40.0	TRUE	T	1.238987E-4	4.0	0.0032465162	0.9924707	72.76679	0.30543962	0.09227208	61.0	1.0
SPIKE	S77:T>G	7	178805	3.9148792E-5	8.459471	40.0	TRUE	T	2.2100755E-4	2.0	0.002761473	0.986609	135.03595	0.29345283	0.07449011	61.0	1.0
SPIKE	S77:T>C	155	178805	8.6686615E-4	453.69614	40.0	TRUE	T	1.0550233E-4	72.0	0.0021710393	0.99358505	221.97092	0.26257482	0.100131325	61.0	0.0
SPIKE	S78:T>A	5	178805	2.7963424E-5	10.658173	40.0	TRUE	T	1.238987E-4	3.0	0.0032465162	0.9924707	72.76679	0.30543962	0.09227208	61.0	1.0
SPIKE	S78:T>G	3	178805	1.6778054E-5	3.748162	40.0	TRUE	T	1.260226E-4	77.0	0.002761473	0.9923421	135.03595	0.29345283	0.07449011	61.0	0.0
SPIKE	S78:T>C	263	178805	0.001470876	758.3119	40.0	TRUE	T	1.304126E-4	89.0	0.0021710393	0.9920764	221.97092	0.26257482	0.100131325	61.0	0.0
SPIKE	S79:G>A	86	178805	4.809709E-4	248.5215	40.0	TRUE	G	8.540725E-5	59.0	0.0024329447	0.9948037	176.99123	0.2594659	0.094646275	61.0	0.0
SPIKE	S79:G>C	1	178805	5.592685E-6	1.0720997	40.0	TRUE	G	1.333405E-4	80.0	0.0022156707	0.9918992	124.14975	0.29868612	0.105362	61.0	0.0
SPIKE	S79:G>T	5	178805	2.7963424E-5	16.300888	40.0	TRUE	G	3.4665656E-5	20.0	0.003002978	0.9978876	80.34372	0.31085312	0.08168679	61.0	0.0
SPIKE	S80:C>A	13	178805	7.2704905E-5	31.537222	40.0	TRUE	C	1.2335437E-4	7.0	0.005107816	0.99250364	80.34372	0.27593467	0.112845644	61.0	1.0
SPIKE	S80:C>T	148	178805	8.2771736E-4	390.28732	40.0	TRUE	C	2.471582E-4	169.0	0.0022165822	0.98503643	176.99123	0.26207867	0.10106995	61.0	0.0
SPIKE	S80:C>G	0	178805	0.0	-1.0	0.0	TRUE	C	1.519116E-4	90.0	0.0016744549	0.9907762	124.14975	0.30231237	0.13726814	61.0	0.0
SPIKE	S81:G>A	141	178805	7.885686E-4	396.42755	39.985817	TRUE	G	1.5633869E-4	108.0	0.0024329447	0.9905087	176.99123	0.2594659	0.094646275	61.0	0.0
SPIKE	S81:G>T	2	178805	1.118537E-5	2.2639637	40.0	TRUE	G	1.392584E-4	0.0	0.003002978	0.9915412	80.34372	0.31085312	0.08168679	61.0	1.0
SPIKE	S81:G>C	4	178805	2.237074E-5	13.290587	40.0	TRUE	G	3.833539E-5	23.0	0.0022156707	0.9976643	124.14975	0.29868612	0.105362	61.0	0.0
SPIKE	D81-82:G>	1	178805	5.592685E-6	-1.0	39.998875	TRUE		NaN	NaN	NaN	NaN	NaN	NaN	NaN	NaN	NaN
SPIKE	S82:G>A	97	178805	5.424904E-4	254.9635	40.0	TRUE	G	1.8239515E-4	126.0	0.0024329447	0.9889356	176.99123	0.2594659	0.094646275	61.0	0.0
SPIKE	S82:G>T	1	178805	5.592685E-6	1.0720997	40.0	TRUE	G	1.392584E-4	1.0	0.003002978	0.9915412	80.34372	0.31085312	0.08168679	61.0	1.0
SPIKE	S82:G>C	3	178805	1.6778054E-5	6.0206	40.0	TRUE	G	1.08339154E-4	65.0	0.0022156707	0.9934131	124.14975	0.29868612	0.105362	61.0	0.0
SPIKE	S83:C>A	7	178805	3.9148792E-5	15.631419	40.0	TRUE	C	1.2335437E-4	2.0	0.005107816	0.99250364	80.34372	0.27593467	0.112845644	61.0	1.0
SPIKE	S83:C>T	143	178805	7.9975394E-4	402.3271	40.0	TRUE	C	1.6233468E-4	111.0	0.0022165822	0.99014646	176.99123	0.26207867	0.10106995	61.0	0.0
SPIKE	D83-84:C>	1	178805	5.592685E-6	-1.0	39.996246	TRUE		NaN	NaN	NaN	NaN	NaN	NaN	NaN	NaN	NaN
SPIKE	D83-85:CG>	1	178805	5.592685E-6	-1.0	39.996246	TRUE		NaN	NaN	NaN	NaN	NaN	NaN	NaN	NaN	NaN
SPIKE	S83:C>G	0	178805	0.0	-1.0	0.0	TRUE	C	1.519116E-4	90.0	0.0016744549	0.9907762	124.14975	0.30231237	0.13726814	61.0	0.0
SPIKE	S84:G>A	98	178805	5.480831E-4	257.84283	40.0	TRUE	G	2.2147982E-4	153.0	0.0024329447	0.9865806	176.99123	0.2594659	0.094646275	61.0	0.0
SPIKE	S84:G>T	1	178805	5.592685E-6	1.0720997	40.0	TRUE	G	1.392584E-4	0.0	0.003002978	0.9915412	80.34372	0.31085312	0.08168679	61.0	1.0
SPIKE	S84:G>C	4	178805	2.237074E-5	13.290587	40.0	TRUE	G	3.5001878E-5	21.0	0.0022156707	0.99786717	124.14975	0.29868612	0.105362	61.0	0.0
SPIKE	S85:A>G	69	178805	3.8589526E-4	198.29062	39.95652	TRUE	A	8.1492624E-5	56.0	0.002471446	0.9950413	221.97092	0.26084626	0.08806203	61.0	0.0
SPIKE	S85:A>T	1	178805	5.592685E-6	2.0412	40.0	TRUE	A	1.238737E-4	71.0	0.002638508	0.9924722	72.76679	0.31278637	0.09229754	61.0	0.0
SPIKE	S85:A>C	2	178805	1.118537E-5	2.2639637	40.0	TRUE	A	1.6984665E-4	133.0	0.007352246	0.98969287	135.03595	0.23003283	0.09293301	61.0	0.0
SPIKE	S86:T>G	13	178805	7.2704905E-5	40.383286	40.0	TRUE	T	2.9459827E-5	18.0	0.002761473	0.9982046	135.03595	0.29345283	0.07449011	61.0	0.0
SPIKE	S86:T>A	8	178805	4.474148E-5	25.331787	40.0	TRUE	T	4.0864365E-5	24.0	0.0032465162	0.9975104	72.76679	0.30543962	0.09227208	61.0	0.0
SPIKE	S86:T>C	303	178805	0.0016945835	860.4249	40.0	TRUE	T	1.9195562E-4	131.0	0.0021710393	0.988359	221.97092	0.26257482	0.100131325	61.0	0.0
SPIKE	D86-87:T>	46	178805	2.572635E-4	-1.0	39.997818	TRUE		NaN	NaN	NaN	NaN	NaN	NaN	NaN	NaN	NaN
SPIKE	S87:T>G	10	178805	5.592685E-5	14.269594	40.0	TRUE	T	2.2100755E-4	6.0	0.002761473	0.986609	135.03595	0.29345283	0.07449011	61.0	1.0
SPIKE	S87:T>A	24	178805	1.3422444E-4	-1.0	40.0	TRUE	T	1.7026818E-5	10.0	0.0032465162	0.9989619	72.76679	0.30543962	0.09227208	61.0	0.0
SPIKE	S87:T>C	210	178805	0.0011744638	600.7083	40.0	TRUE	T	1.5532286E-4	106.0	0.0021710393	0.99057007	221.97092	0.26257482	0.100131325	61.0	0.0
SPIKE	S88:T>G	5	178805	2.7963424E-5	5.1061287	40.0	TRUE	T	2.2100755E-4	4.0	0.002761473	0.986609	135.03595	0.29345283	0.07449011	61.0	1.0
SPIKE	S88:T>A	5	178805	2.7963424E-5	7.3154635	40.0	TRUE	T	1.7026818E-4	100.0	0.0032465162	0.9896674	72.76679	0.30543962	0.09227208	61.0	0.0
SPIKE	S88:T>C	200	178805	0.0011185369	588.05896	40.0	TRUE	T	1.2308605E-4	84.0	0.0021710393	0.99251986	221.97092	0.26257482	0.100131325	61.0	0.0
SPIKE	S89:A>G	166	178805	9.2838565E-4	486.51352	40.0	TRUE	A	1.0186578E-4	70.0	0.002471446	0.99380547	221.97092	0.26084626	0.08806203	61.0	0.0
SPIKE	S89:A>T	5	178805	2.7963424E-5	3.5805361	40.0	TRUE	A	2.390239E-4	137.0	0.002638508	0.9855253	72.76679	0.31278637	0.09229754	61.0	0.0
SPIKE	S89:A>C	1	178805	5.592685E-6	1.0720997	40.0	TRUE	A	1.7244666E-4	5.0	0.007352246	0.98953587	135.03595	0.23003283	0.09293301	61.0	1.0
SPIKE	S90:T>G	11	178805	6.151953E-5	16.357807	40.0	TRUE	T	2.2100755E-4	6.0	0.002761473	0.986609	135.03595	0.29345283	0.07449011	61.0	1.0
SPIKE	S90:T>A	14	178805	7.8297584E-5	43.393585	40.0	TRUE	T	6.1296545E-5	36.0	0.0032465162	0.9962679	72.76679	0.30543962	0.09227208	61.0	0.0
SPIKE	S90:T>C	191	178805	0.0010682028	515.36426	40.0	TRUE	T	2.5496396E-4	174.0	0.0021710393	0.9845675	221.97092	0.26257482	0.100131325	61.0	0.0
SPIKE	D90-91:T>	2	178805	1.118537E-5	-1.0	39.995956	TRUE		NaN	NaN	NaN	NaN	NaN	NaN	NaN	NaN	NaN
SPIKE	S91:C>G	1	178805	5.592685E-6	1.0720997	40.0	TRUE	C	1.738544E-4	103.0	0.0016744549	0.98945093	124.14975	0.30231237	0.13726814	61.0	0.0
SPIKE	S91:C>A	64	178805	3.5793183E-4	183.56096	40.0	TRUE	C	1.2335437E-4	3.0	0.005107816	0.99250364	80.34372	0.27593467	0.112845644	61.0	1.0
SPIKE	S91:C>T	76	178805	4.2504404E-4	206.04845	40.0	TRUE	C	1.7257199E-4	118.0	0.0022165822	0.9895283	176.99123	0.26207867	0.10106995	61.0	0.0
SPIKE	S92:G>A	127	178805	7.1027095E-4	329.68185	40.0	TRUE	G	2.2871772E-4	158.0	0.0024329447	0.9861451	176.99123	0.2594659	0.094646275	61.0	0.0
SPIKE	S92:G>T	3	178805	1.6778054E-5	2.3797824	40.0	TRUE	G	1.7852813E-4	103.0	0.003002978	0.9891689	80.34372	0.31085312	0.08168679	61.0	0.0
SPIKE	S92:G>C	7	178805	3.9148792E-5	22.321487	40.0	TRUE	G	5.666971E-5	34.0	0.0022156707	0.9965491	124.14975	0.29868612	0.105362	61.0	0.0
SPIKE	S93:T>G	8	178805	4.474148E-5	25.331787	40.0	TRUE	T	5.8919653E-5	36.0	0.002761473	0.99641234	135.03595	0.29345283	0.07449011	61.0	0.0
SPIKE	S93:T>A	37	178805	2.0692934E-4	112.630486	40.0	TRUE	T	2.5540226E-5	15.0	0.0032465162	0.99844325	72.76679	0.30543962	0.09227208	61.0	0.0
SPIKE	S93:T>C	240	178805	0.0013422443	619.4727	40.0	TRUE	T	3.897725E-4	266.0	0.0021710393	0.9765043	221.97092	0.26257482	0.100131325	61.0	0.0
SPIKE	S94:C>G	1	178805	5.592685E-6	1.0720997	40.0	TRUE	C	1.5866324E-4	94.0	0.0016744549	0.99036825	124.14975	0.30231237	0.13726814	61.0	0.0
SPIKE	S94:C>A	52	178805	2.9081962E-4	143.39166	40.0	TRUE	C	1.2335437E-4	6.0	0.005107816	0.99250364	80.34372	0.27593467	0.112845644	61.0	1.0
SPIKE	S94:C>T	123	178805	6.8790023E-4	330.19287	40.0	TRUE	C	2.1205882E-4	145.0	0.0022165822	0.9871477	176.99123	0.26207867	0.10106995	61.0	0.0
SPIKE	S95:G>A	101	178805	5.6486117E-4	266.4886	40.0	TRUE	G	1.9687094E-4	136.0	0.0024329447	0.9880627	176.99123	0.2594659	0.094646275	61.0	0.0
SPIKE	S95:G>T	1	178805	5.592685E-6	1.0720997	40.0	TRUE	G	1.6292858E-4	94.0	0.003002978	0.9901106	80.34372	0.31085312	0.08168679	61.0	0.0
SPIKE	S95:G>C	5	178805	2.7963424E-5	16.300888	40.0	TRUE	G	5.166944E-5	31.0	0.0022156707	0.9968531	124.14975	0.29868612	0.105362	61.0	0.0
SPIKE	D95-98:GTC>	7	178805	3.9148792E-5	-1.0	39.99453	TRUE		NaN	NaN	NaN	NaN	NaN	NaN	NaN	NaN	NaN
SPIKE	S96:T>C	232	178805	0.0012975029	584.64294	40.0	TRUE	T	4.7182984E-4	322.0	0.0021710393	0.9716286	221.97092	0.26257482	0.100131325	61.0	0.0
SPIKE	S96:T>A	23	178805	1.2863176E-4	70.48629	40.0	TRUE	T	3.4053635E-5	20.0	0.0032465162	0.99792486	72.76679	0.30543962	0.09227208	61.0	0.0
SPIKE	S96:T>G	14	178805	7.8297584E-5	43.393585	40.0	TRUE	T	7.0376256E-5	43.0	0.002761473	0.9957163	135.03595	0.29345283	0.07449011	61.0	0.0
SPIKE	S97:C>T	82	178805	4.5860015E-4	223.46252	40.0	TRUE	C	1.3454766E-4	92.0	0.0022165822	0.9918262	176.99123	0.26207867	0.10106995	61.0	0.0
SPIKE	S97:C>A	33	178805	1.845586E-4	78.52778	39.81818	TRUE	C	1.5353331E-4	100.0	0.005107816	0.9906782	80.34372	0.27593467	0.112845644	61.0	0.0
SPIKE	S97:C>G	3	178805	1.6778054E-5	2.3797824	40.0	TRUE	C	2.095532E-4	1.0	0.0016744549	0.9872986	124.14975	0.30231237	0.13726814	61.0	1.0
SPIKE	S98:A>C	9	178805	5.033416E-5	28.342087	40.0	TRUE	A	3.9588318E-5	31.0	0.007352246	0.99758804	135.03595	0.23003283	0.09293301	61.0	0.0
SPIKE	S98:A>T	3	178805	1.6778054E-5	2.3797824	40.0	TRUE	A	1.7447E-4	100.0	0.002638508	0.98941374	72.76679	0.31278637	0.09229754	61.0	0.0
SPIKE	S98:A>G	268	178805	0.0014988395	741.33777	40.0	TRUE	A	2.633958E-4	181.0	0.002471446	0.98406124	221.97092	0.26084626	0.08806203	61.0	0.0
SPIKE	D98-101:ATC>	17	178805	9.5075644E-5	-1.0	39.99216	TRUE		NaN	NaN	NaN	NaN	NaN	NaN	NaN	NaN	NaN
SPIKE	S99:T>C	221	178805	0.0012359833	589.62823	39.99095	TRUE	T	3.179723E-4	217.0	0.0021710393	0.9807906	221.97092	0.26257482	0.100131325	61.0	0.0
SPIKE	S99:T>A	12	178805	6.711222E-5	37.372986	40.0	TRUE	T	6.470191E-5	38.0	0.0032465162	0.99606097	72.76679	0.30543962	0.09227208	61.0	0.0
SPIKE	S99:T>G	7	178805	3.9148792E-5	8.459471	40.0	TRUE	T	2.2100755E-4	5.0	0.002761473	0.986609	135.03595	0.29345283	0.07449011	61.0	1.0
SPIKE	S100:C>T	113	178805	6.319734E-4	289.52533	40.0	TRUE	C	2.705578E-4	185.0	0.0022165822	0.98363143	176.99123	0.26207867	0.10106995	61.0	0.0
SPIKE	S100:C>A	30	178805	1.6778054E-4	79.47218	40.0	TRUE	C	1.2335437E-4	6.0	0.005107816	0.99250364	80.34372	0.27593467	0.112845644	61.0	1.0
SPIKE	S100:C>G	1	178805	5.592685E-6	0.3166301	40.0	TRUE	C	2.3968276E-4	142.0	0.0016744549	0.98548573	124.14975	0.30231237	0.13726814	61.0	0.0
SPIKE	S101:G>C	3	178805	1.6778054E-5	10.280287	40.0	TRUE	G	5.166944E-5	31.0	0.0022156707	0.9968531	124.14975	0.29868612	0.105362	61.0	0.0
SPIKE	S101:G>T	3	178805	1.6778054E-5	3.748162	40.0	TRUE	G	1.6812843E-4	97.0	0.003002978	0.9897966	80.34372	0.31085312	0.08168679	61.0	0.0
SPIKE	S101:G>A	116	178805	6.4875145E-4	322.8456	40.0	TRUE	G	1.5344353E-4	106.0	0.0024329447	0.9906836	176.99123	0.2594659	0.094646275	61.0	0.0
SPIKE	S102:T>C	282	178805	0.0015771372	768.02655	40.0	TRUE	T	3.1211105E-4	213.0	0.0021710393	0.9811413	221.97092	0.26257482	0.100131325	61.0	0.0
SPIKE	S102:T>A	18	178805	1.0066832E-4	-1.0	40.0	TRUE	T	2.0432182E-5	12.0	0.0032465162	0.99875444	72.76679	0.30543962	0.09227208	61.0	0.0
SPIKE	S102:T>G	23	178805	1.2863176E-4	39.112087	40.0	TRUE	T	2.29132E-4	140.0	0.002761473	0.98612016	135.03595	0.29345283	0.07449011	61.0	0.0
SPIKE	D102-104:TG>	1	178805	5.592685E-6	-1.0	39.99442	TRUE		NaN	NaN	NaN	NaN	NaN	NaN	NaN	NaN	NaN
SPIKE	S103:G>T	5	178805	2.7963424E-5	16.300888	40.0	TRUE	G	5.546505E-5	32.0	0.003002978	0.9966223	80.34372	0.31085312	0.08168679	61.0	0.0
SPIKE	S103:G>A	82	178805	4.5860015E-4	236.68472	40.0	TRUE	G	9.554031E-5	66.0	0.0024329447	0.99418896	176.99123	0.2594659	0.094646275	61.0	0.0
SPIKE	D103-104:G>	3	178805	1.6778054E-5	-1.0	39.99725	TRUE		NaN	NaN	NaN	NaN	NaN	NaN	NaN	NaN	NaN
SPIKE	S103:G>C	0	178805	0.0	-1.0	0.0	TRUE	G	2.0692736E-4	9.0	0.0022156707	0.98745674	124.14975	0.29868612	0.105362	61.0	1.0
SPIKE	S104:G>C	4	178805	2.237074E-5	5.449171	40.0	TRUE	G	1.5667507E-4	94.0	0.0022156707	0.99048835	124.14975	0.29868612	0.105362	61.0	0.0
SPIKE	S104:G>T	2	178805	1.118537E-5	2.2639637	40.0	TRUE	G	1.392584E-4	3.0	0.003002978	0.9915412	80.34372	0.31085312	0.08168679	61.0	1.0
SPIKE	S104:G>A	78	178805	4.362294E-4	211.84773	40.0	TRUE	G	1.635766E-4	113.0	0.0024329447	0.9900714	176.99123	0.2594659	0.094646275	61.0	0.0
SPIKE	S105:C>T	144	178805	8.053466E-4	366.98224	40.0	TRUE	C	2.9103243E-4	199.0	0.0022165822	0.9824037	176.99123	0.26207867	0.10106995	61.0	0.0
SPIKE	S105:C>A	10	178805	5.592685E-5	-1.0	40.0	TRUE	C	1.5353331E-5	10.0	0.005107816	0.9990639	80.34372	0.27593467	0.112845644	61.0	0.0
SPIKE	S105:C>G	10	178805	5.592685E-5	11.277932	40.0	TRUE	C	2.3799486E-4	141.0	0.0016744549	0.9855872	124.14975	0.30231237	0.13726814	61.0	0.0
SPIKE	D106-109:GGC>	2	178805	1.118537E-5	-1.0	39.997482	TRUE		NaN	NaN	NaN	NaN	NaN	NaN	NaN	NaN	NaN
SPIKE	S106:G>C	3	178805	1.6778054E-5	10.280287	40.0	TRUE	G	5.666971E-5	34.0	0.0022156707	0.9965491	124.14975	0.29868612	0.105362	61.0	0.0
SPIKE	S106:G>T	11	178805	6.151953E-5	20.53052	40.0	TRUE	G	1.392584E-4	6.0	0.003002978	0.9915412	80.34372	0.31085312	0.08168679	61.0	1.0
SPIKE	S106:G>A	158	178805	8.836442E-4	419.27274	40.0	TRUE	G	2.5477418E-4	176.0	0.0024329447	0.9845789	176.99123	0.2594659	0.094646275	61.0	0.0
SPIKE	D106-107:G>	4	178805	2.237074E-5	-1.0	39.997482	TRUE		NaN	NaN	NaN	NaN	NaN	NaN	NaN	NaN	NaN
SPIKE	S107:G>C	3	178805	1.6778054E-5	2.3797824	40.0	TRUE	G	1.8167643E-4	109.0	0.0022156707	0.9889789	124.14975	0.29868612	0.105362	61.0	0.0
SPIKE	S107:G>T	3	178805	1.6778054E-5	3.748162	40.0	TRUE	G	1.392584E-4	2.0	0.003002978	0.9915412	80.34372	0.31085312	0.08168679	61.0	1.0
SPIKE	S107:G>A	105	178805	5.872319E-4	278.0334	40.0	TRUE	G	2.2003223E-4	152.0	0.0024329447	0.9866677	176.99123	0.2594659	0.094646275	61.0	0.0
SPIKE	S108:C>T	111	178805	6.20788E-4	308.17184	40.0	TRUE	C	1.3747261E-4	94.0	0.0022165822	0.9916492	176.99123	0.26207867	0.10106995	61.0	0.0
SPIKE	S108:C>A	3	178805	1.6778054E-5	3.748162	40.0	TRUE	C	1.4739198E-4	96.0	0.005107816	0.9910494	80.34372	0.27593467	0.112845644	61.0	0.0
SPIKE	S108:C>G	4	178805	2.237074E-5	13.290587	40.0	TRUE	C	5.5700923E-5	33.0	0.0016744549	0.996608	124.14975	0.30231237	0.13726814	61.0	0.0
SPIKE	S109:A>C	13	178804	7.270531E-5	31.537222	40.0	TRUE	A	8.045413E-5	63.0	0.007352246	0.9951043	135.0352	0.23003283	0.09293301	61.0	0.0
SPIKE	S109:A>T	14	178804	7.829803E-5	27.870962	40.0	TRUE	A	1.2695622E-4	3.0	0.002638508	0.9922856	72.76639	0.31278637	0.09229754	61.0	1.0
SPIKE	S109:A>G	264	178804	0.001476477	688.8676	40.0	TRUE	A	4.0455494E-4	278.0	0.002471446	0.97562414	221.96968	0.26084626	0.08806203	61.0	0.0
SPIKE	D109-111:AG>	1	178804	5.592716E-6	-1.0	39.99413	TRUE		NaN	NaN	NaN	NaN	NaN	NaN	NaN	NaN	NaN
SPIKE	D109-112:AGC>	2	178804	1.1185432E-5	-1.0	39.99413	TRUE		NaN	NaN	NaN	NaN	NaN	NaN	NaN	NaN	NaN
SPIKE	S110:G>C	1	178804	5.592716E-6	1.0720997	40.0	TRUE	G	1.6500978E-4	99.0	0.0022156707	0.98998487	124.149055	0.29868612	0.105362	61.0	0.0
SPIKE	S110:G>A	108	178804	6.0401333E-4	299.3757	40.0	TRUE	G	1.5923474E-4	110.0	0.0024329447	0.9903337	176.99023	0.2594659	0.094646275	61.0	0.0
SPIKE	S110:G>T	0	178804	0.0	-1.0	0.0	TRUE	G	7.2798284E-5	42.0	0.003002978	0.99556917	80.34327	0.31085312	0.08168679	61.0	0.0
SPIKE	S111:C>T	94	178804	5.257153E-4	246.33354	40.0	TRUE	C	1.8281034E-4	125.0	0.0022165822	0.9889105	176.99023	0.26207867	0.10106995	61.0	0.0
SPIKE	S111:C>A	7	178804	3.9149014E-5	-1.0	40.0	TRUE	C	2.4565466E-5	16.0	0.005107816	0.9985026	80.34327	0.27593467	0.112845644	61.0	0.0
SPIKE	S111:C>G	2	178804	1.1185432E-5	0.47457275	40.0	TRUE	C	2.7850617E-4	165.0	0.0016744549	0.9831546	124.149055	0.30231237	0.13726814	61.0	0.0
SPIKE	S112:G>C	1	178767	5.5938735E-6	2.0412	40.0	TRUE	G	7.835419E-5	47.0	0.0022156707	0.9952318	124.12336	0.29868612	0.105362	61.0	0.0
SPIKE	S112:G>A	79	178767	4.4191603E-4	203.39282	40.0	TRUE	G	1.9980856E-4	138.0	0.0024329447	0.98788565	176.95361	0.2594659	0.094646275	61.0	0.0
SPIKE	S112:G>T	0	178767	0.0	-1.0	0.0	TRUE	G	1.49094E-4	86.0	0.003002978	0.9909465	80.326645	0.31085312	0.08168679	61.0	0.0
SPIKE	S113:T>C	340	178766	0.0019019276	910.0604	40.0	TRUE	T	4.0451382E-4	276.0	0.0021710393	0.9756266	221.92252	0.26257482	0.100131325	61.0	0.0
SPIKE	S113:T>G	14	178766	7.831467E-5	22.953419	40.0	TRUE	T	2.1444885E-4	131.0	0.002761473	0.9870038	135.0065	0.29345283	0.07449011	61.0	0.0
SPIKE	S113:T>A	21	178766	1.17472E-4	-1.0	40.0	TRUE	T	2.3842746E-5	14.0	0.0032465162	0.99854666	72.75092	0.30543962	0.09227208	61.0	0.0
SPIKE	D113-115:TG>	2	178766	1.118781E-5	-1.0	39.9926	TRUE		NaN	NaN	NaN	NaN	NaN	NaN	NaN	NaN	NaN
SPIKE	S114:G>C	1	178766	5.593905E-6	2.0412	40.0	TRUE	G	8.669023E-5	52.0	0.0022156707	0.9947259	124.122665	0.29868612	0.105362	61.0	0.0
SPIKE	S114:G>A	82	178766	4.587002E-4	211.94984	40.0	TRUE	G	2.1284075E-4	147.0	0.0024329447	0.98710066	176.95262	0.2594659	0.094646275	61.0	0.0
SPIKE	S114:G>T	0	178766	0.0	-1.0	0.0	TRUE	G	6.414545E-5	37.0	0.003002978	0.99609476	80.326195	0.31085312	0.08168679	61.0	0.0
SPIKE	S115:A>T	30	178766	1.6781714E-4	79.47218	40.0	TRUE	A	9.4234354E-5	54.0	0.002638508	0.9942682	72.75092	0.31278637	0.09229754	61.0	0.0
SPIKE	S115:A>C	8	178766	4.475124E-5	10.308654	40.0	TRUE	A	2.0437138E-4	160.0	0.007352246	0.98761076	135.0065	0.23003283	0.09293301	61.0	0.0
SPIKE	S115:A>G	216	178766	0.0012082835	550.3735	40.0	TRUE	A	3.900855E-4	268.0	0.002471446	0.97648567	221.92252	0.26084626	0.08806203	61.0	0.0
SPIKE	S116:C>T	44	178766	2.4613182E-4	109.31848	40.0	TRUE	C	1.2872583E-4	88.0	0.0022165822	0.9921785	176.95262	0.26207867	0.10106995	61.0	0.0
SPIKE	S116:C>G	1	178766	5.593905E-6	0.57991946	40.0	TRUE	C	2.095532E-4	4.0	0.0016744549	0.9872986	124.122665	0.30231237	0.13726814	61.0	1.0
SPIKE	D116-117:C>	2	178766	1.118781E-5	-1.0	39.997585	TRUE		NaN	NaN	NaN	NaN	NaN	NaN	NaN	NaN	NaN
SPIKE	S116:C>A	0	178766	0.0	-1.0	0.0	TRUE	C	1.1824644E-4	77.0	0.005107816	0.99281293	80.326195	0.27593467	0.112845644	61.0	0.0
SPIKE	S117:C>T	109	178766	6.097356E-4	257.71228	40.0	TRUE	C	3.5253327E-4	241.0	0.0022165822	0.978725	176.95262	0.26207867	0.10106995	61.0	0.0
SPIKE	S117:C>G	1	178766	5.593905E-6	-1.0	40.0	TRUE	C	1.688275E-5	10.0	0.0016744549	0.9989707	124.122665	0.30231237	0.13726814	61.0	0.0
SPIKE	S117:C>A	11	178766	6.1532955E-5	34.362686	40.0	TRUE	C	3.224903E-5	21.0	0.005107816	0.9980347	80.326195	0.27593467	0.112845644	61.0	0.0
SPIKE	S118:T>C	200	178766	0.0011187809	528.5496	40.0	TRUE	T	2.7846967E-4	190.0	0.0021710393	0.9831568	221.92252	0.26257482	0.100131325	61.0	0.0
SPIKE	S118:T>G	11	178766	6.1532955E-5	26.1236	40.0	TRUE	T	8.676175E-5	53.0	0.002761473	0.99472153	135.0065	0.29345283	0.07449011	61.0	0.0
SPIKE	S118:T>A	26	178766	1.4544153E-4	46.315765	40.0	TRUE	T	2.5375493E-4	149.0	0.0032465162	0.9846401	72.75092	0.30543962	0.09227208	61.0	0.0
SPIKE	S119:A>T	27	178765	1.5103628E-4	38.867344	40.0	TRUE	A	3.3680245E-4	193.0	0.002638508	0.9796647	72.75052	0.31278637	0.09229754	61.0	0.0
SPIKE	S119:A>C	6	178765	3.3563618E-5	9.311187	40.0	TRUE	A	1.5072474E-4	118.0	0.007352246	0.99084795	135.00575	0.23003283	0.09293301	61.0	0.0
SPIKE	S119:A>G	163	178765	9.118116E-4	446.98755	40.0	TRUE	A	2.0086604E-4	138.0	0.002471446	0.98782194	221.92126	0.26084626	0.08806203	61.0	0.0
SPIKE	D119-121:AT>	3	178765	1.6781809E-5	-1.0	39.995693	TRUE		NaN	NaN	NaN	NaN	NaN	NaN	NaN	NaN	NaN
SPIKE	S120:T>C	310	178765	0.0017341202	865.263	40.0	TRUE	T	2.7260865E-4	186.0	0.0021710393	0.98350835	221.92126	0.26257482	0.100131325	61.0	0.0
SPIKE	S120:T>G	3	178765	1.6781809E-5	0.96486104	40.0	TRUE	T	2.7665694E-4	169.0	0.002761473	0.9832655	135.00575	0.29345283	0.07449011	61.0	0.0
SPIKE	S120:T>A	6	178765	3.3563618E-5	13.113299	40.0	TRUE	T	7.663783E-5	45.0	0.0032465162	0.995336	72.75052	0.30543962	0.09227208	61.0	0.0
SPIKE	S121:G>T	3	178764	1.6781902E-5	0.3809712	40.0	TRUE	G	3.883444E-4	224.0	0.003002978	0.9765894	80.3253	0.31085312	0.08168679	61.0	0.0
SPIKE	S121:G>C	2	178764	1.1187935E-5	-1.0	40.0	TRUE	G	2.3339939E-5	14.0	0.0022156707	0.9985773	124.12128	0.29868612	0.105362	61.0	0.0
SPIKE	S121:G>A	101	178764	5.6499074E-4	292.9852	40.0	TRUE	G	1.1438509E-4	79.0	0.0024329447	0.9930468	176.95064	0.2594659	0.094646275	61.0	0.0
SPIKE	S122:T>C	286	178764	0.0015998747	752.6957	40.0	TRUE	T	4.118466E-4	281.0	0.0021710393	0.9751903	221.92003	0.26257482	0.100131325	61.0	0.0
SPIKE	S122:T>G	13	178764	7.2721574E-5	11.5121565	40.0	TRUE	T	3.3231758E-4	203.0	0.002761473	0.9799327	135.00499	0.29345283	0.07449011	61.0	0.0
SPIKE	S122:T>A	21	178764	1.1747332E-4	64.46568	40.0	TRUE	T	5.109217E-5	30.0	0.0032465162	0.9968882	72.75011	0.30543962	0.09227208	61.0	0.0
SPIKE	S123:G>A	85	178764	4.7548724E-4	232.18681	40.0	TRUE	G	1.2596839E-4	87.0	0.0024329447	0.9923454	176.95064	0.2594659	0.094646275	61.0	0.0
SPIKE	S123:G>C	0	178764	0.0	-1.0	0.0	TRUE	G	7.3354095E-5	44.0	0.0022156707	0.9955354	124.12128	0.29868612	0.105362	61.0	0.0
SPIKE	S123:G>T	0	178764	0.0	-1.0	0.0	TRUE	G	2.808562E-4	162.0	0.003002978	0.9830137	80.3253	0.31085312	0.08168679	61.0	0.0
SPIKE	S124:T>C	337	178764	0.0018851671	901.2958	40.0	TRUE	T	3.7813673E-4	258.0	0.0021710393	0.97719765	221.92003	0.26257482	0.100131325	61.0	0.0
SPIKE	S124:T>G	18	178764	1.0069142E-4	20.304775	40.0	TRUE	T	3.4050274E-4	208.0	0.002761473	0.97944355	135.00499	0.29345283	0.07449011	61.0	0.0
SPIKE	S124:T>A	14	178764	7.831554E-5	34.27314	40.0	TRUE	T	1.238987E-4	7.0	0.0032465162	0.9924707	72.75011	0.30543962	0.09227208	61.0	1.0
SPIKE	D124-126:TG>	8	178764	4.475174E-5	-1.0	39.993736	TRUE		NaN	NaN	NaN	NaN	NaN	NaN	NaN	NaN	NaN
SPIKE	I125:>G	1	178764	5.5939677E-6	-1.0	39.99538	TRUE		NaN	NaN	NaN	NaN	NaN	NaN	NaN	NaN	NaN
SPIKE	S125:G>T	2	178764	1.1187935E-5	7.269987	40.0	TRUE	G	7.4548254E-5	43.0	0.003002978	0.9954629	80.3253	0.31085312	0.08168679	61.0	0.0
SPIKE	S125:G>C	2	178764	1.1187935E-5	2.2639637	40.0	TRUE	G	1.733824E-4	104.0	0.0022156707	0.9894794	124.12128	0.29868612	0.105362	61.0	0.0
SPIKE	S125:G>A	104	178764	5.817726E-4	287.65775	40.0	TRUE	G	1.3465586E-4	93.0	0.0024329447	0.9918196	176.95064	0.2594659	0.094646275	61.0	0.0
SPIKE	S126:C>T	124	178764	6.9365196E-4	309.95227	40.0	TRUE	C	2.779339E-4	190.0	0.0022165822	0.9831889	176.95064	0.26207867	0.10106995	61.0	0.0
SPIKE	S126:C>G	10	178764	5.5939676E-5	8.928991	40.0	TRUE	C	2.9038655E-4	172.0	0.0016744549	0.9824424	124.12128	0.30231237	0.13726814	61.0	0.0
SPIKE	S126:C>A	13	178764	7.2721574E-5	40.383286	40.0	TRUE	C	6.910584E-5	45.0	0.005107816	0.9957934	80.3253	0.27593467	0.112845644	61.0	0.0
SPIKE	D126-127:C>	3	178764	1.6781902E-5	-1.0	39.994534	TRUE		NaN	NaN	NaN	NaN	NaN	NaN	NaN	NaN	NaN
SPIKE	S127:G>T	6	178764	3.3563803E-5	19.311188	40.0	TRUE	G	4.854305E-5	28.0	0.003002978	0.99704325	80.3253	0.31085312	0.08168679	61.0	0.0
SPIKE	S127:G>C	2	178764	1.1187935E-5	3.9120662	40.0	TRUE	G	9.836117E-5	59.0	0.0022156707	0.99401796	124.12128	0.29868612	0.105362	61.0	0.0
SPIKE	S127:G>A	122	178764	6.8246404E-4	340.47482	40.0	TRUE	G	1.3610377E-4	94.0	0.0024329447	0.99173206	176.95064	0.2594659	0.094646275	61.0	0.0
SPIKE	D127-128:G>	2	178764	1.1187935E-5	-1.0	39.997612	TRUE		NaN	NaN	NaN	NaN	NaN	NaN	NaN	NaN	NaN
SPIKE	S128:G>A	104	178764	5.817726E-4	287.65775	40.0	TRUE	G	1.7230159E-4	119.0	0.0024329447	0.98954463	176.95064	0.2594659	0.094646275	61.0	0.0
SPIKE	S128:G>C	5	178764	2.7969838E-5	7.3154635	40.0	TRUE	G	1.600453E-4	96.0	0.0022156707	0.99028474	124.12128	0.29868612	0.105362	61.0	0.0
SPIKE	S128:G>T	3	178764	1.6781902E-5	3.748162	40.0	TRUE	G	1.392584E-4	6.0	0.003002978	0.9915412	80.3253	0.31085312	0.08168679	61.0	1.0
SPIKE	S129:C>A	10	178763	5.593999E-5	18.164799	40.0	TRUE	C	1.4128383E-4	92.0	0.005107816	0.9914187	80.32485	0.27593467	0.112845644	61.0	0.0
SPIKE	S129:C>G	3	178763	1.6781996E-5	0.96486104	40.0	TRUE	C	2.9207647E-4	173.0	0.0016744549	0.9823411	124.12058	0.30231237	0.13726814	61.0	0.0
SPIKE	S129:C>T	114	178763	6.3771586E-4	292.38586	40.0	TRUE	C	2.2673681E-4	155.0	0.0022165822	0.9862643	176.94965	0.26207867	0.10106995	61.0	0.0
SPIKE	S130:G>A	110	178763	6.1533984E-4	270.3447	40.0	TRUE	G	2.73657E-4	189.0	0.0024329447	0.98344547	176.94965	0.2594659	0.094646275	61.0	0.0
SPIKE	S130:G>C	3	178763	1.6781996E-5	6.0206	40.0	TRUE	G	1.08364606E-4	65.0	0.0022156707	0.99341154	124.12058	0.29868612	0.105362	61.0	0.0
SPIKE	S130:G>T	5	178763	2.7969994E-5	7.3154635	40.0	TRUE	G	1.392584E-4	6.0	0.003002978	0.9915412	80.32485	0.31085312	0.08168679	61.0	1.0
SPIKE	D130-131:G>	2	178763	1.1187997E-5	-1.0	39.980232	TRUE		NaN	NaN	NaN	NaN	NaN	NaN	NaN	NaN	NaN
SPIKE	D130-133:GGC>	73	178763	4.083619E-4	-1.0	39.980232	TRUE		NaN	NaN	NaN	NaN	NaN	NaN	NaN	NaN	NaN
SPIKE	S131:G>A	91	178763	5.090539E-4	226.96999	40.0	TRUE	G	2.7220906E-4	188.0	0.0024329447	0.98353237	176.94965	0.2594659	0.094646275	61.0	0.0
SPIKE	S131:G>C	50	178763	2.7969995E-4	116.75802	40.0	TRUE	G	2.0339203E-4	122.0	0.0022156707	0.9876697	124.12058	0.29868612	0.105362	61.0	0.0
SPIKE	S131:G>T	3	178763	1.6781996E-5	3.748162	40.0	TRUE	G	1.392584E-4	3.0	0.003002978	0.9915412	80.32485	0.31085312	0.08168679	61.0	1.0
SPIKE	S132:C>A	4	178763	2.2375994E-5	1.6458194	40.0	TRUE	C	2.8717474E-4	187.0	0.005107816	0.9826349	80.32485	0.27593467	0.112845644	61.0	0.0
SPIKE	S132:C>T	98	178763	5.4821186E-4	270.10455	40.0	TRUE	C	1.5505872E-4	106.0	0.0022165822	0.990586	176.94965	0.26207867	0.10106995	61.0	0.0
SPIKE	S132:C>G	0	178763	0.0	-1.0	0.0	TRUE	C	1.11428024E-4	66.0	0.0016744549	0.99322593	124.12058	0.30231237	0.13726814	61.0	0.0
SPIKE	S133:A>G	29	178762	1.6222688E-4	48.173023	40.0	TRUE	A	2.7655935E-4	190.0	0.002471446	0.98327136	221.91754	0.26084626	0.08806203	61.0	0.0
SPIKE	S133:A>C	2	178762	1.118806E-5	0.0100180255	40.0	TRUE	A	6.642218E-4	520.0	0.007352246	0.96029234	135.00348	0.23003283	0.09293301	61.0	0.0
SPIKE	S133:A>T	1	178762	5.59403E-6	4.2596874	40.0	TRUE	A	2.9667035E-5	17.0	0.002638508	0.99819195	72.7493	0.31278637	0.09229754	61.0	0.0
SPIKE	I133:>GGC	1	178762	5.59403E-6	-1.0	39.993958	TRUE		NaN	NaN	NaN	NaN	NaN	NaN	NaN	NaN	NaN
SPIKE	D133-136:AGC>	6	178762	3.356418E-5	-1.0	39.993958	TRUE		NaN	NaN	NaN	NaN	NaN	NaN	NaN	NaN	NaN
SPIKE	S134:G>A	306	178762	0.0017117732	773.52905	40.0	TRUE	G	5.617963E-4	388.0	0.0024329447	0.966311	176.94865	0.2594659	0.094646275	61.0	0.0
SPIKE	S134:G>C	21	178762	1.1747463E-4	29.991716	40.0	TRUE	G	2.9341964E-4	176.0	0.0022156707	0.98226064	124.11989	0.29868612	0.105362	61.0	0.0
SPIKE	D134-135:G>	2	178762	1.118806E-5	-1.0	39.991997	TRUE		NaN	NaN	NaN	NaN	NaN	NaN	NaN	NaN	NaN
SPIKE	S134:G>T	0	178762	0.0	-1.0	0.0	TRUE	G	1.6990257E-4	98.0	0.003002978	0.98968947	80.3244	0.31085312	0.08168679	61.0	0.0
SPIKE	I135:>C	13	178760	7.27232E-5	-1.0	39.994144	TRUE		NaN	NaN	NaN	NaN	NaN	NaN	NaN	NaN	NaN
SPIKE	S135:C>A	26	178760	1.454464E-4	68.00451	40.0	TRUE	C	1.0442893E-4	68.0	0.005107816	0.9936501	80.3235	0.27593467	0.112845644	61.0	0.0
SPIKE	S135:C>G	7	178760	3.9158647E-5	6.3054132	40.0	TRUE	C	2.4311976E-4	144.0	0.0016744549	0.98527914	124.1185	0.30231237	0.13726814	61.0	0.0
SPIKE	S135:C>T	92	178760	5.1465654E-4	202.31221	40.0	TRUE	C	3.8619048E-4	264.0	0.0022165822	0.9767177	176.94669	0.26207867	0.10106995	61.0	0.0
SPIKE	D135-136:C>	161	178760	9.0064894E-4	-1.0	39.994144	TRUE		NaN	NaN	NaN	NaN	NaN	NaN	NaN	NaN	NaN
SPIKE	I136:>G	1	178757	5.5941864E-6	-1.0	39.95745	TRUE		NaN	NaN	NaN	NaN	NaN	NaN	NaN	NaN	NaN
SPIKE	S136:C>A	3	178757	1.678256E-5	0.6090995	40.0	TRUE	C	3.5782869E-4	233.0	0.005107816	0.97840893	80.32215	0.27593467	0.112845644	61.0	0.0
SPIKE	S136:C>G	3	178757	1.678256E-5	6.0206	40.0	TRUE	C	8.948308E-5	53.0	0.0016744549	0.9945564	124.11642	0.30231237	0.13726814	61.0	0.0
SPIKE	S136:C>T	115	178757	6.4333144E-4	239.81937	40.0	TRUE	C	5.675925E-4	388.0	0.0022165822	0.9659694	176.94371	0.26207867	0.10106995	61.0	0.0
SPIKE	D137-142:TGATT>	1	178698	5.5960336E-6	-1.0	39.442043	TRUE		NaN	NaN	NaN	NaN	NaN	NaN	NaN	NaN	NaN
SPIKE	I137:>T	36	178698	2.0145721E-4	-1.0	39.442043	TRUE		NaN	NaN	NaN	NaN	NaN	NaN	NaN	NaN	NaN
SPIKE	S137:T>A	16	178698	8.953654E-5	39.792072	38.9375	TRUE	T	9.370357E-5	55.0	0.0032465162	0.99430037	72.72325	0.30543962	0.09227208	61.0	0.0
SPIKE	S137:T>G	5	178698	2.7980168E-5	0.8233644	39.4	TRUE	T	4.470749E-4	273.0	0.002761473	0.97309697	134.95515	0.29345283	0.07449011	61.0	0.0
SPIKE	S137:T>C	13	178698	7.274844E-5	13.984274	35.76923	TRUE	T	2.9030512E-4	198.0	0.0021710393	0.98244727	221.83809	0.26257482	0.100131325	61.0	0.0
SPIKE	D137-138:T>	51	178698	2.8539772E-4	-1.0	39.442043	TRUE		NaN	NaN	NaN	NaN	NaN	NaN	NaN	NaN	NaN
SPIKE	D137-139:TG>	10	178698	5.5960336E-5	-1.0	39.442043	TRUE		NaN	NaN	NaN	NaN	NaN	NaN	NaN	NaN	NaN
SPIKE	I138:>G	13	178690	7.2751696E-5	-1.0	39.375103	TRUE		NaN	NaN	NaN	NaN	NaN	NaN	NaN	NaN	NaN
SPIKE	S138:G>A	75	178690	4.197213E-4	114.32592	37.733334	TRUE	G	6.7500665E-4	466.0	0.0024329447	0.95966077	176.8774	0.2594659	0.094646275	61.0	0.0
SPIKE	S138:G>C	3	178690	1.6788852E-5	10.280287	38.333332	TRUE	G	6.170967E-5	37.0	0.0022156707	0.99624276	124.0699	0.29868612	0.105362	61.0	0.0
SPIKE	S138:G>T	2	178690	1.1192568E-5	0.054951083	40.0	TRUE	G	4.8216272E-4	278.0	0.003002978	0.9710164	80.292046	0.31085312	0.08168679	61.0	0.0
SPIKE	D138-139:G>	41	178690	2.2944764E-4	-1.0	39.375103	TRUE		NaN	NaN	NaN	NaN	NaN	NaN	NaN	NaN	NaN
SPIKE	D138-140:GA>	10	178690	5.5962842E-5	-1.0	39.375103	TRUE		NaN	NaN	NaN	NaN	NaN	NaN	NaN	NaN	NaN
SPIKE	D138-141:GAT>	14	178690	7.834798E-5	-1.0	39.375103	TRUE		NaN	NaN	NaN	NaN	NaN	NaN	NaN	NaN	NaN
SPIKE	S139:A>G	12	178681	6.715879E-5	12.223638	38.416668	TRUE	A	2.9415954E-4	202.0	0.002471446	0.9822163	221.81699	0.26084626	0.08806203	61.0	0.0
SPIKE	S139:A>T	18	178681	1.0073819E-4	5.6724505	38.944443	TRUE	A	7.6645485E-4	439.0	0.002638508	0.9543224	72.71633	0.31278637	0.09229754	61.0	0.0
SPIKE	D139-140:A>	67	178681	3.749699E-4	-1.0	38.90803	TRUE		NaN	NaN	NaN	NaN	NaN	NaN	NaN	NaN	NaN
SPIKE	D139-141:AT>	16	178681	8.954506E-5	-1.0	38.90803	TRUE		NaN	NaN	NaN	NaN	NaN	NaN	NaN	NaN	NaN
SPIKE	I139:>A	15	178681	8.394849E-5	-1.0	38.90803	TRUE		NaN	NaN	NaN	NaN	NaN	NaN	NaN	NaN	NaN
SPIKE	D139-143:ATTA>	5	178681	2.798283E-5	-1.0	38.90803	TRUE		NaN	NaN	NaN	NaN	NaN	NaN	NaN	NaN	NaN
SPIKE	S139:A>C	0	178681	0.0	-1.0	0.0	TRUE	A	0.0010300105	806.0	0.007352246	0.93910253	134.9423	0.23003283	0.09293301	61.0	0.0
SPIKE	I140:>T	45	178676	2.5185253E-4	-1.0	39.333515	TRUE		NaN	NaN	NaN	NaN	NaN	NaN	NaN	NaN	NaN
SPIKE	D140-144:TTAG>	2	178676	1.1193445E-5	-1.0	39.333515	TRUE		NaN	NaN	NaN	NaN	NaN	NaN	NaN	NaN	NaN
SPIKE	D140-143:TTA>	5	178676	2.7983613E-5	-1.0	39.333515	TRUE		NaN	NaN	NaN	NaN	NaN	NaN	NaN	NaN	NaN
SPIKE	S140:T>A	1	178676	5.5967225E-6	0.027655387	36.0	TRUE	T	4.276817E-4	251.0	0.0032465162	0.97424877	72.714294	0.30543962	0.09227208	61.0	0.0
SPIKE	S140:T>G	11	178676	6.156395E-5	13.113978	39.454544	TRUE	T	2.3093526E-4	141.0	0.002761473	0.9860117	134.93854	0.29345283	0.07449011	61.0	0.0
SPIKE	S140:T>C	11	178676	6.156395E-5	34.362686	37.545456	TRUE	T	7.0385664E-5	48.0	0.0021710393	0.9957157	221.81078	0.26257482	0.100131325	61.0	0.0
SPIKE	D140-141:T>	213	178676	0.0011921019	-1.0	39.333515	TRUE		NaN	NaN	NaN	NaN	NaN	NaN	NaN	NaN	NaN
SPIKE	D140-142:TT>	6	178676	3.3580334E-5	-1.0	39.333515	TRUE		NaN	NaN	NaN	NaN	NaN	NaN	NaN	NaN	NaN
SPIKE	I141:>GCCTGAT	1	178649	5.5975684E-6	-1.0	39.48135	TRUE		NaN	NaN	NaN	NaN	NaN	NaN	NaN	NaN	NaN
SPIKE	S141:T>A	4	178649	2.2390273E-5	0.0063378834	39.0	TRUE	T	9.168427E-4	538.0	0.0032465162	0.9456078	72.70331	0.30543962	0.09227208	61.0	0.0
SPIKE	S141:T>G	24	178649	1.3434164E-4	41.4919	38.583332	TRUE	T	2.3097017E-4	141.0	0.002761473	0.9860096	134.91814	0.29345283	0.07449011	61.0	0.0
SPIKE	S141:T>C	4	178649	2.2390273E-5	2.4537697	38.5	TRUE	T	2.4785366E-4	169.0	0.0021710393	0.98499465	221.77727	0.26257482	0.100131325	61.0	0.0
SPIKE	I141:>GAT	1	178649	5.5975684E-6	-1.0	39.48135	TRUE		NaN	NaN	NaN	NaN	NaN	NaN	NaN	NaN	NaN
SPIKE	S142:A>G	11	178619	6.1583596E-5	0.20103477	39.090908	TRUE	A	0.0010488534	720.0	0.002471446	0.9380237	221.74002	0.26084626	0.08806203	61.0	0.0
SPIKE	S142:A>T	8	178619	4.478807E-5	1.0550784	38.75	TRUE	A	5.920692E-4	339.0	0.002638508	0.9645282	72.6911	0.31278637	0.09229754	61.0	0.0
SPIKE	D142-143:A>	90	178619	5.0386577E-4	-1.0	39.094143	TRUE		NaN	NaN	NaN	NaN	NaN	NaN	NaN	NaN	NaN
SPIKE	I142:>A	15	178619	8.3977626E-5	-1.0	39.094143	TRUE		NaN	NaN	NaN	NaN	NaN	NaN	NaN	NaN	NaN
SPIKE	D142-144:AG>	9	178619	5.0386578E-5	-1.0	39.094143	TRUE		NaN	NaN	NaN	NaN	NaN	NaN	NaN	NaN	NaN
SPIKE	D142-145:AGC>	6	178619	3.359105E-5	-1.0	39.094143	TRUE		NaN	NaN	NaN	NaN	NaN	NaN	NaN	NaN	NaN
SPIKE	S142:A>C	0	178619	0.0	-1.0	0.0	TRUE	A	3.4771726E-4	272.0	0.007352246	0.9790126	134.8955	0.23003283	0.09293301	61.0	0.0
SPIKE	I143:>G	14	178599	7.83879E-5	-1.0	39.322315	TRUE		NaN	NaN	NaN	NaN	NaN	NaN	NaN	NaN	NaN
SPIKE	S143:G>A	48	178599	2.687585E-4	55.057518	37.5	TRUE	G	7.1882806E-4	496.0	0.0024329447	0.95709896	176.78731	0.2594659	0.094646275	61.0	0.0
SPIKE	S143:G>C	4	178599	2.2396542E-5	8.214758E-6	38.75	TRUE	G	0.0014817866	888.0	0.0022156707	0.91357577	124.006714	0.29868612	0.105362	61.0	0.0
SPIKE	S143:G>T	2	178599	1.1198271E-5	2.2639637	39.0	TRUE	G	1.2841087E-4	74.0	0.003002978	0.9921975	80.25116	0.31085312	0.08168679	61.0	0.0
SPIKE	D143-144:G>	57	178599	3.191507E-4	-1.0	39.322315	TRUE		NaN	NaN	NaN	NaN	NaN	NaN	NaN	NaN	NaN
SPIKE	D143-145:GC>	7	178599	3.919395E-5	-1.0	39.322315	TRUE		NaN	NaN	NaN	NaN	NaN	NaN	NaN	NaN	NaN
SPIKE	I144:>C	88	178577	4.927846E-4	-1.0	39.353287	TRUE		NaN	NaN	NaN	NaN	NaN	NaN	NaN	NaN	NaN
SPIKE	S144:C>G	1	178577	5.5998253E-6	1.7395719E-4	40.0	TRUE	C	8.636216E-4	511.0	0.0016744549	0.94868267	123.99144	0.30231237	0.13726814	61.0	0.0
SPIKE	S144:C>A	2	178577	1.11996505E-5	3.9120662	37.5	TRUE	C	9.684948E-5	63.0	0.005107816	0.9941096	80.24127	0.27593467	0.112845644	61.0	0.0
SPIKE	S144:C>T	41	178577	2.2959284E-4	71.57945	38.512196	TRUE	C	3.5583504E-4	243.0	0.0022165822	0.97852796	176.76553	0.26207867	0.10106995	61.0	0.0
SPIKE	D144-145:C>	184	178577	0.0010303678	-1.0	39.353287	TRUE		NaN	NaN	NaN	NaN	NaN	NaN	NaN	NaN	NaN
SPIKE	S145:C>G	3	178552	1.6801829E-5	0.6090995	38.666668	TRUE	C	3.3975E-4	201.0	0.0016744549	0.97948855	123.97408	0.30231237	0.13726814	61.0	0.0
SPIKE	S145:C>A	10	178552	5.6006094E-5	23.451881	37.5	TRUE	C	8.91755E-5	58.0	0.005107816	0.9945751	80.23004	0.27593467	0.112845644	61.0	0.0
SPIKE	S145:C>T	53	178552	2.968323E-4	95.23095	38.81132	TRUE	C	4.1007312E-4	280.0	0.0022165822	0.9752958	176.74078	0.26207867	0.10106995	61.0	0.0
SPIKE	I146:>T	1	178484	5.602743E-6	-1.0	39.23884	TRUE		NaN	NaN	NaN	NaN	NaN	NaN	NaN	NaN	NaN
SPIKE	S146:C>G	2	178484	1.1205486E-5	2.3351722E-8	37.5	TRUE	C	0.0016977062	1004.0	0.0016744549	0.9016219	123.926865	0.30231237	0.13726814	61.0	0.0
SPIKE	S146:C>A	4	178484	2.2410972E-5	8.284564	38.5	TRUE	C	7.690472E-5	50.0	0.005107816	0.9953198	80.199486	0.27593467	0.112845644	61.0	0.0
SPIKE	S146:C>T	43	178484	2.4091796E-4	60.890263	39.162792	TRUE	C	5.0839136E-4	347.0	0.0022165822	0.96946406	176.67348	0.26207867	0.10106995	61.0	0.0
SPIKE	I147:>T	1	178346	5.6070785E-6	-1.0	39.117424	TRUE		NaN	NaN	NaN	NaN	NaN	NaN	NaN	NaN	NaN
SPIKE	S147:G>A	89	178346	4.9903E-4	186.42041	38.348316	TRUE	G	4.60064E-4	317.0	0.0024329447	0.9723262	176.53688	0.2594659	0.094646275	61.0	0.0
SPIKE	S147:G>T	3	178346	1.6821235E-5	5.288423E-7	39.333332	TRUE	G	0.0015969864	919.0	0.003002978	0.9071784	80.137474	0.31085312	0.08168679	61.0	0.0
SPIKE	S147:G>C	2	178346	1.1214157E-5	7.0053957E-6	35.5	TRUE	G	0.0012215344	731.0	0.0022156707	0.9281948	123.83105	0.29868612	0.105362	61.0	0.0
SPIKE	S148:T>G	6	178245	3.3661534E-5	2.4016196E-9	38.5	TRUE	T	0.0024200117	1474.0	0.002761473	0.8627583	134.61304	0.29345283	0.07449011	61.0	0.0
SPIKE	S148:T>A	3	178245	1.6830767E-5	10.280287	38.0	TRUE	T	3.0744563E-5	18.0	0.0032465162	0.9981263	72.538895	0.30543962	0.09227208	61.0	0.0
SPIKE	S148:T>C	9	178245	5.04923E-5	3.4329598	36.555557	TRUE	T	4.718423E-4	321.0	0.0021710393	0.9716279	221.27573	0.26257482	0.100131325	61.0	0.0
SPIKE	S149:G>A	53	178129	2.975372E-4	95.23095	38.320755	TRUE	G	4.2139148E-4	290.0	0.0024329447	0.97462267	176.32208	0.2594659	0.094646275	61.0	0.0
SPIKE	S149:G>T	1	178129	5.613909E-6	4.853619E-7	38.0	TRUE	G	0.0012840171	738.0	0.003002978	0.92466384	80.03997	0.31085312	0.08168679	61.0	0.0
SPIKE	S149:G>C	3	178129	1.6841726E-5	5.288423E-7	36.666668	TRUE	G	0.0016145237	965.0	0.0022156707	0.90620846	123.68038	0.29868612	0.105362	61.0	0.0
SPIKE	S150:C>A	0	177908	0.0	-1.0	0.0	TRUE	C	5.555067E-5	36.0	0.005107816	0.99661714	79.94067	0.27593467	0.112845644	61.0	0.0
SPIKE	S150:C>G	0	177908	0.0	-1.0	0.0	TRUE	C	0.0015878464	936.0	0.0016744549	0.9076843	123.52693	0.30231237	0.13726814	61.0	0.0
SPIKE	S150:C>T	0	177908	0.0	-1.0	0.0	TRUE	C	0.001724132	1173.0	0.0022165822	0.9001696	176.10332	0.26207867	0.10106995	61.0	0.0
SPIKE	S151:T>A	0	177695	0.0	-1.0	0.0	TRUE	T	3.255304E-5	19.0	0.0032465162	0.99801624	72.31506	0.30543962	0.09227208	61.0	0.0
SPIKE	S151:T>G	0	177695	0.0	-1.0	0.0	TRUE	T	0.0021442387	1302.0	0.002761473	0.8773945	134.19766	0.29345283	0.07449011	61.0	0.0
SPIKE	S151:T>C	0	177695	0.0	-1.0	0.0	TRUE	T	0.0013668275	927.0	0.0021710393	0.9200047	220.59296	0.26257482	0.100131325	61.0	0.0
SPIKE	S152:G>A	0	177253	0.0	-1.0	0.0	TRUE	G	5.3007266E-4	363.0	0.0024329447	0.96818274	175.45497	0.2594659	0.094646275	61.0	0.0
SPIKE	S152:G>C	0	177253	0.0	-1.0	0.0	TRUE	G	8.07048E-5	48.0	0.0022156707	0.9950891	123.07214	0.29868612	0.105362	61.0	0.0
SPIKE	S152:G>T	0	177253	0.0	-1.0	0.0	TRUE	G	0.0011679707	668.0	0.003002978	0.9312326	79.64635	0.31085312	0.08168679	61.0	0.0
SPIKE	S153:G>A	0	176585	0.0	-1.0	0.0	TRUE	G	2.330589E-4	159.0	0.0024329447	0.985884	174.79375	0.2594659	0.094646275	61.0	0.0
SPIKE	S153:G>C	0	176585	0.0	-1.0	0.0	TRUE	G	6.582071E-5	39.0	0.0022156707	0.99599296	122.60833	0.29868612	0.105362	61.0	0.0
SPIKE	S153:G>T	0	176585	0.0	-1.0	0.0	TRUE	G	1.1056962E-4	63.0	0.003002978	0.99327797	79.34619	0.31085312	0.08168679	61.0	0.0
