#pipeline_block
reference	mutation	count	coverage	freq	score	cqs	has.reference	ancestral.allele	error.rate	minor.count.local	minor.fdr	minor.recall	minor.count.global	read.fraction.in.minors	q.filtered.read.fraction	mig.size	global.est
SPIKE	S0:T>A	0	32301	0.0	-1.0	0.0	TRUE	T	5.728772E-4	70.0	0.009112349	0.88868475	46.061302	0.2667811	0.12667388	206.0	0.0
SPIKE	S0:T>G	0	32301	0.0	-1.0	0.0	TRUE	T	1.7148741E-4	22.0	0.0102549195	0.9652903	136.20123	0.25439125	0.120312944	206.0	0.0
SPIKE	S0:T>C	0	32301	0.0	-1.0	0.0	TRUE	T	4.1216E-4	67.0	0.010309784	0.9185996	101.2013	0.20077412	0.13199373	206.0	0.0
SPIKE	S1:A>G	0	32358	0.0	-1.0	0.0	TRUE	A	7.671861E-4	121.0	0.009987354	0.8538153	101.37989	0.20723175	0.12653677	206.0	0.0
SPIKE	S1:A>C	0	32358	0.0	-1.0	0.0	TRUE	A	3.6919664E-4	5.0	0.009535578	0.9267657	136.44159	0.088400304	0.11609782	206.0	1.0
SPIKE	S1:A>T	0	32358	0.0	-1.0	0.0	TRUE	A	7.3293236E-4	89.0	0.008139206	0.8598614	46.142586	0.26866114	0.1362283	206.0	0.0
SPIKE	S2:G>A	0	32506	0.0	-1.0	0.0	TRUE	G	7.973666E-4	127.0	0.009972996	0.8485235	87.16768	0.20614405	0.1252068	206.0	0.0
SPIKE	S2:G>C	0	32506	0.0	-1.0	0.0	TRUE	G	5.535624E-4	69.0	0.0058362465	0.89222777	88.778366	0.26231498	0.1433389	206.0	0.0
SPIKE	S2:G>T	0	32506	0.0	-1.0	0.0	TRUE	G	3.9282645E-4	7.0	0.011667246	0.9222654	49.317173	0.2619768	0.12495268	206.0	1.0
SPIKE	S3:C>A	0	32604	0.0	-1.0	0.0	TRUE	C	3.601993E-4	7.0	0.014527113	0.928485	49.46586	0.24091484	0.16014358	206.0	1.0
SPIKE	S3:C>G	0	32604	0.0	-1.0	0.0	TRUE	C	0.0087449225	1063.0	0.0041631064	0.1650587	89.04601	0.2693428	0.24181804	206.0	0.0
SPIKE	S3:C>T	0	32604	0.0	-1.0	0.0	TRUE	C	6.047186E-4	99.0	0.009532749	0.88287467	87.43047	0.20107074	0.1355401	206.0	0.0
SPIKE	S4:G>A	53	32691	0.0016212413	146.37572	40.0	TRUE	G	5.556223E-4	89.0	0.009972996	0.8918492	87.66377	0.20614405	0.1252068	206.0	0.0
SPIKE	S4:G>C	42	32691	0.0012847573	94.78963	40.0	TRUE	G	0.0011247912	141.0	0.0058362465	0.7931785	89.28362	0.26231498	0.1433389	206.0	0.0
SPIKE	S4:G>T	4	32691	1.2235783E-4	8.284564	40.0	TRUE	G	4.910543E-4	62.0	0.011667246	0.90379095	49.59785	0.2619768	0.12495268	206.0	0.0
SPIKE	S5:T>A	7	32710	2.1400183E-4	22.321487	40.0	TRUE	T	3.7696387E-4	7.0	0.009112349	0.925284	46.64454	0.2667811	0.12667388	206.0	1.0
SPIKE	S5:T>G	3	32710	9.171507E-5	0.96486104	40.0	TRUE	T	0.0015548782	202.0	0.0102549195	0.72592765	137.92584	0.25439125	0.120312944	206.0	0.0
SPIKE	S5:T>C	45	32710	0.0013757261	122.97151	40.0	TRUE	T	6.3177117E-4	104.0	0.010309784	0.87796825	102.48273	0.20077412	0.13199373	206.0	0.0
SPIKE	S6:G>A	31	32736	9.469697E-4	82.3502	40.0	TRUE	G	6.1720214E-4	99.0	0.009972996	0.8806072	87.78445	0.20614405	0.1252068	206.0	0.0
SPIKE	S6:G>C	23	32736	7.0259045E-4	70.48629	40.0	TRUE	G	2.7085343E-4	34.0	0.0058362465	0.94573224	89.406525	0.26231498	0.1433389	206.0	0.0
SPIKE	S6:G>T	3	32736	9.164223E-5	2.3797824	40.0	TRUE	G	0.0010203053	129.0	0.011667246	0.810436	49.666122	0.2619768	0.12495268	206.0	0.0
SPIKE	S7:A>G	22	32756	6.716327E-4	42.137844	40.0	TRUE	A	9.770815E-4	156.0	0.009987354	0.8176845	102.626854	0.20723175	0.12653677	206.0	0.0
SPIKE	S7:A>C	6	32756	1.8317255E-4	19.311188	40.0	TRUE	A	3.6919664E-4	4.0	0.009535578	0.9267657	138.11981	0.088400304	0.11609782	206.0	1.0
SPIKE	S7:A>T	38	32756	0.0011600928	115.640785	40.0	TRUE	A	1.8710807E-4	23.0	0.008139206	0.96218914	46.710133	0.26866114	0.1362283	206.0	0.0
SPIKE	D7-8:A>	43	32756	0.0013127367	-1.0	39.988277	TRUE		NaN	NaN	NaN	NaN	NaN	NaN	NaN	NaN	NaN
SPIKE	S8:A>G	31	32762	9.462182E-4	73.00521	40.0	TRUE	A	9.0175617E-4	144.0	0.009987354	0.8304714	102.645645	0.20723175	0.12653677	206.0	0.0
SPIKE	S8:A>C	5	32762	1.5261583E-4	16.300888	40.0	TRUE	A	3.6919664E-4	3.0	0.009535578	0.9267657	138.14511	0.088400304	0.11609782	206.0	1.0
SPIKE	S8:A>T	28	32762	8.5464865E-4	-1.0	40.0	TRUE	A	8.133644E-5	10.0	0.008139206	0.9833843	46.71869	0.26866114	0.1362283	206.0	0.0
SPIKE	S9:G>A	19	32768	5.79834E-4	29.847076	40.0	TRUE	G	0.0013889058	223.0	0.009972996	0.75117654	87.870255	0.20614405	0.1252068	206.0	0.0
SPIKE	S9:G>C	21	32768	6.4086914E-4	64.46568	40.0	TRUE	G	1.5121145E-4	19.0	0.0058362465	0.9693306	89.49392	0.26231498	0.1433389	206.0	0.0
SPIKE	S9:G>T	2	32768	6.1035156E-5	7.269987	40.0	TRUE	G	3.9282645E-4	1.0	0.011667246	0.9222654	49.714672	0.2619768	0.12495268	206.0	1.0
SPIKE	D9-10:G>	12	32768	3.6621094E-4	-1.0	39.964752	TRUE		NaN	NaN	NaN	NaN	NaN	NaN	NaN	NaN	NaN
SPIKE	D9-11:GA>	1	32768	3.0517578E-5	-1.0	39.964752	TRUE		NaN	NaN	NaN	NaN	NaN	NaN	NaN	NaN	NaN
SPIKE	S10:A>G	34	32768	0.0010375977	66.29316	40.0	TRUE	A	0.0014337802	229.0	0.009987354	0.74426454	102.664444	0.20723175	0.12653677	206.0	0.0
SPIKE	S10:A>C	7	32768	2.1362305E-4	22.321487	40.0	TRUE	A	1.7902658E-4	67.0	0.009535578	0.96379226	138.17041	0.088400304	0.11609782	206.0	0.0
SPIKE	S10:A>T	36	32768	0.0010986328	109.620186	40.0	TRUE	A	1.3824663E-4	17.0	0.008139206	0.9719229	46.727245	0.26866114	0.1362283	206.0	0.0
SPIKE	D10-11:A>	8	32768	2.4414062E-4	-1.0	39.965607	TRUE		NaN	NaN	NaN	NaN	NaN	NaN	NaN	NaN	NaN
SPIKE	I10:>A	1	32768	3.0517578E-5	-1.0	39.965607	TRUE		NaN	NaN	NaN	NaN	NaN	NaN	NaN	NaN	NaN
SPIKE	D10-12:AC>	3	32768	9.1552734E-5	-1.0	39.965607	TRUE		NaN	NaN	NaN	NaN	NaN	NaN	NaN	NaN	NaN
SPIKE	S11:C>A	4	32768	1.2207031E-4	5.449171	40.0	TRUE	C	9.491385E-4	131.0	0.014527113	0.8224048	49.714672	0.24091484	0.16014358	206.0	0.0
SPIKE	S11:C>G	21	32768	6.4086914E-4	45.93784	40.0	TRUE	C	7.12136E-4	87.0	0.0041631064	0.863553	89.49392	0.2693428	0.24181804	206.0	0.0
SPIKE	S11:C>T	53	32768	0.0016174316	146.37572	40.0	TRUE	C	5.044489E-4	83.0	0.009532749	0.9013006	87.870255	0.20107074	0.1355401	206.0	0.0
SPIKE	D11-12:C>	13	32768	3.9672852E-4	-1.0	39.95581	TRUE		NaN	NaN	NaN	NaN	NaN	NaN	NaN	NaN	NaN
SPIKE	S12:G>A	57	32769	0.0017394489	146.38963	40.0	TRUE	G	7.535985E-4	121.0	0.009972996	0.85620856	87.87293	0.20614405	0.1252068	206.0	0.0
SPIKE	S12:G>C	20	32769	6.1033294E-4	37.181473	40.0	TRUE	G	0.0011061974	139.0	0.0058362465	0.79622245	89.49665	0.26231498	0.1433389	206.0	0.0
SPIKE	S12:G>T	7	32769	2.1361653E-4	22.321487	40.0	TRUE	G	3.9282645E-4	3.0	0.011667246	0.9222654	49.71619	0.2619768	0.12495268	206.0	1.0
SPIKE	D12-13:G>	14	32769	4.2723306E-4	-1.0	39.96231	TRUE		NaN	NaN	NaN	NaN	NaN	NaN	NaN	NaN	NaN
SPIKE	D12-14:GA>	1	32769	3.0516647E-5	-1.0	39.96231	TRUE		NaN	NaN	NaN	NaN	NaN	NaN	NaN	NaN	NaN
SPIKE	S13:A>G	14	32770	4.2722002E-4	13.149927	40.0	TRUE	A	0.0019032427	304.0	0.009987354	0.67565817	102.670715	0.20723175	0.12653677	206.0	0.0
SPIKE	S13:A>C	11	32770	3.3567287E-4	34.362686	40.0	TRUE	A	2.0306253E-4	76.0	0.009535578	0.95903194	138.17883	0.088400304	0.11609782	206.0	0.0
SPIKE	S13:A>T	46	32770	0.0014037229	139.72319	40.0	TRUE	A	1.7076483E-4	21.0	0.008139206	0.96543396	46.7301	0.26866114	0.1362283	206.0	0.0
SPIKE	D13-14:A>	16	32770	4.8825145E-4	-1.0	39.958286	TRUE		NaN	NaN	NaN	NaN	NaN	NaN	NaN	NaN	NaN
SPIKE	I14:>C	2	32770	6.103143E-5	-1.0	39.96726	TRUE		NaN	NaN	NaN	NaN	NaN	NaN	NaN	NaN	NaN
SPIKE	S14:C>A	3	32770	9.154715E-5	1.5176276	40.0	TRUE	C	0.001448978	200.0	0.014527113	0.7419381	49.71771	0.24091484	0.16014358	206.0	0.0
SPIKE	S14:C>G	31	32770	9.459872E-4	-1.0	40.0	TRUE	C	1.3095954E-4	16.0	0.0041631064	0.973383	89.49938	0.2693428	0.24181804	206.0	0.0
SPIKE	S14:C>T	38	32770	0.0011595972	115.640785	40.0	TRUE	C	2.4309306E-4	40.0	0.009532749	0.951156	87.87562	0.20107074	0.1355401	206.0	0.0
SPIKE	D14-15:C>	8	32770	2.4412572E-4	-1.0	39.96726	TRUE		NaN	NaN	NaN	NaN	NaN	NaN	NaN	NaN	NaN
SPIKE	D14-16:CA>	2	32770	6.103143E-5	-1.0	39.96726	TRUE		NaN	NaN	NaN	NaN	NaN	NaN	NaN	NaN	NaN
SPIKE	S15:A>G	24	32770	7.323772E-4	53.942116	40.0	TRUE	A	8.702327E-4	139.0	0.009987354	0.8358819	102.670715	0.20723175	0.12653677	206.0	0.0
SPIKE	S15:A>C	8	32770	2.4412572E-4	25.331787	40.0	TRUE	A	3.473438E-4	130.0	0.009535578	0.9309471	138.17883	0.088400304	0.11609782	206.0	0.0
SPIKE	S15:A>T	37	32770	0.0011290815	-1.0	40.0	TRUE	A	8.131658E-5	10.0	0.008139206	0.9833883	46.7301	0.26866114	0.1362283	206.0	0.0
SPIKE	D15-16:A>	11	32770	3.3567287E-4	-1.0	39.96268	TRUE		NaN	NaN	NaN	NaN	NaN	NaN	NaN	NaN	NaN
SPIKE	I15:>A	1	32770	3.0515715E-5	-1.0	39.96268	TRUE		NaN	NaN	NaN	NaN	NaN	NaN	NaN	NaN	NaN
SPIKE	I16:>G	1	32770	3.0515715E-5	-1.0	39.95856	TRUE		NaN	NaN	NaN	NaN	NaN	NaN	NaN	NaN	NaN
SPIKE	S16:G>A	25	32770	7.628929E-4	43.893612	40.0	TRUE	G	0.0014324163	230.0	0.009972996	0.7444737	87.87562	0.20614405	0.1252068	206.0	0.0
SPIKE	S16:G>T	8	32770	2.4412572E-4	25.331787	40.0	TRUE	G	3.9282645E-4	6.0	0.011667246	0.9222654	49.71771	0.2619768	0.12495268	206.0	1.0
SPIKE	S16:G>C	67	32770	0.002044553	192.3959	40.0	TRUE	G	4.854387E-4	61.0	0.0058362465	0.9048371	89.49938	0.26231498	0.1433389	206.0	0.0
SPIKE	D16-17:G>	10	32770	3.0515715E-4	-1.0	39.95856	TRUE		NaN	NaN	NaN	NaN	NaN	NaN	NaN	NaN	NaN
SPIKE	D16-18:GA>	6	32770	1.830943E-4	-1.0	39.95856	TRUE		NaN	NaN	NaN	NaN	NaN	NaN	NaN	NaN	NaN
SPIKE	S17:A>G	28	32770	8.5444003E-4	41.079506	40.0	TRUE	A	0.0019846314	317.0	0.009987354	0.6644245	102.670715	0.20723175	0.12653677	206.0	0.0
SPIKE	S17:A>T	47	32770	0.0014342386	-1.0	40.0	TRUE	A	1.0571156E-4	13.0	0.008139206	0.9784588	46.7301	0.26866114	0.1362283	206.0	0.0
SPIKE	S17:A>C	8	32770	2.4412572E-4	25.331787	40.0	TRUE	A	3.6919664E-4	6.0	0.009535578	0.9267657	138.17883	0.088400304	0.11609782	206.0	1.0
SPIKE	D17-18:A>	30	32770	9.1547146E-4	-1.0	39.984497	TRUE		NaN	NaN	NaN	NaN	NaN	NaN	NaN	NaN	NaN
SPIKE	S18:A>G	28	32770	8.5444003E-4	64.779274	40.0	TRUE	A	7.9510466E-4	127.0	0.009987354	0.848919	102.670715	0.20723175	0.12653677	206.0	0.0
SPIKE	S18:A>T	14	32770	4.2722002E-4	43.393585	40.0	TRUE	A	3.799932E-4	4.0	0.008139206	0.92470676	46.7301	0.26866114	0.1362283	206.0	1.0
SPIKE	S18:A>C	11	32770	3.3567287E-4	34.362686	40.0	TRUE	A	1.7901565E-4	67.0	0.009535578	0.96379447	138.17883	0.088400304	0.11609782	206.0	0.0
SPIKE	S19:C>G	15	32770	4.5773573E-4	30.383287	40.0	TRUE	C	7.325499E-4	6.0	0.0041631064	0.85992914	89.49938	0.2693428	0.24181804	206.0	1.0
SPIKE	S19:C>A	6	32770	1.830943E-4	6.718435	40.0	TRUE	C	9.635703E-4	133.0	0.014527113	0.81996346	49.71771	0.24091484	0.16014358	206.0	0.0
SPIKE	S19:C>T	23	32770	7.0186146E-4	59.459663	40.0	TRUE	C	4.132582E-4	68.0	0.009532749	0.91839176	87.87562	0.20107074	0.1355401	206.0	0.0
SPIKE	D19-20:C>	5	32770	1.5257858E-4	-1.0	39.990875	TRUE		NaN	NaN	NaN	NaN	NaN	NaN	NaN	NaN	NaN
SPIKE	S20:C>G	13	32770	3.967043E-4	25.388708	40.0	TRUE	C	7.325499E-4	6.0	0.0041631064	0.85992914	89.49938	0.2693428	0.24181804	206.0	1.0
SPIKE	S20:C>A	10	32770	3.0515715E-4	23.451881	40.0	TRUE	C	5.5061164E-4	76.0	0.014527113	0.8927703	49.71771	0.24091484	0.16014358	206.0	0.0
SPIKE	S20:C>T	34	32770	0.0010375343	103.59959	40.0	TRUE	C	2.6740236E-4	44.0	0.009532749	0.9464048	87.87562	0.20107074	0.1355401	206.0	0.0
SPIKE	S21:A>G	25	32770	7.628929E-4	65.15026	40.0	TRUE	A	5.6346E-4	90.0	0.009987354	0.8904104	102.670715	0.20723175	0.12653677	206.0	0.0
SPIKE	S21:A>T	6	32770	1.830943E-4	19.311188	40.0	TRUE	A	3.799932E-4	5.0	0.008139206	0.92470676	46.7301	0.26866114	0.1362283	206.0	1.0
SPIKE	S21:A>C	14	32770	4.2722002E-4	43.393585	40.0	TRUE	A	3.6070318E-4	135.0	0.009535578	0.92838866	138.17883	0.088400304	0.11609782	206.0	0.0
SPIKE	S22:A>C	4	32770	1.2206286E-4	13.290587	40.0	TRUE	A	1.7901565E-4	67.0	0.009535578	0.96379447	138.17883	0.088400304	0.11609782	206.0	0.0
SPIKE	S22:A>G	0	32770	0.0	-1.0	0.0	TRUE	A	6.4278714E-4	0.0	0.009987354	0.8759781	102.670715	0.20723175	0.12653677	206.0	1.0
SPIKE	S22:A>T	0	32770	0.0	-1.0	0.0	TRUE	A	3.799932E-4	1.0	0.008139206	0.92470676	46.7301	0.26866114	0.1362283	206.0	1.0
SPIKE	S23:A>T	4	32770	1.2206286E-4	8.284564	40.0	TRUE	C	5.2042614E-4	64.0	0.008139206	0.898339	46.7301	0.26866114	0.1362283	206.0	0.0
SPIKE	S23:A>C	32742	32770	0.99914557	9999.0	39.999725	TRUE	C	3.6919664E-4	1.0	0.009535578	0.9267657	138.17883	0.088400304	0.11609782	206.0	1.0
SPIKE	S23:A>G	0	32770	0.0	-1.0	0.0	TRUE	C	6.4278714E-4	1.0	0.009987354	0.8759781	102.670715	0.20723175	0.12653677	206.0	1.0
SPIKE	S24:A>G	4	32770	1.2206286E-4	13.290587	40.0	TRUE	T	3.8816134E-4	62.0	0.009987354	0.92315215	102.670715	0.20723175	0.12653677	206.0	0.0
SPIKE	S24:A>T	32739	32770	0.999054	9999.0	39.99948	TRUE	T	3.799932E-4	7.0	0.008139206	0.92470676	46.7301	0.26866114	0.1362283	206.0	1.0
SPIKE	D24-26:AA>	1	32770	3.0515715E-5	-1.0	39.97635	TRUE		NaN	NaN	NaN	NaN	NaN	NaN	NaN	NaN	NaN
SPIKE	S24:A>C	0	32770	0.0	-1.0	0.0	TRUE	T	3.3398444E-4	125.0	0.009535578	0.9335126	138.17883	0.088400304	0.11609782	206.0	0.0
SPIKE	S25:A>G	32742	32770	0.99914557	9999.0	39.99948	TRUE	G	6.4278714E-4	0.0	0.009987354	0.8759781	102.670715	0.20723175	0.12653677	206.0	1.0
SPIKE	D25-26:A>	4	32770	1.2206286E-4	-1.0	39.974884	TRUE		NaN	NaN	NaN	NaN	NaN	NaN	NaN	NaN	NaN
SPIKE	S25:A>C	0	32770	0.0	-1.0	0.0	TRUE	G	3.6919664E-4	3.0	0.009535578	0.9267657	138.17883	0.088400304	0.11609782	206.0	1.0
SPIKE	S25:A>T	0	32770	0.0	-1.0	0.0	TRUE	G	0.0015287518	188.0	0.008139206	0.72984517	46.7301	0.26866114	0.1362283	206.0	0.0
SPIKE	S26:T>G	3	32775	9.1533184E-5	0.96486104	40.0	TRUE	T	0.001628616	212.0	0.0102549195	0.7149842	138.19992	0.25439125	0.120312944	206.0	0.0
SPIKE	S26:T>A	11	32775	3.3562168E-4	34.362686	40.0	TRUE	T	3.7696387E-4	4.0	0.009112349	0.925284	46.73723	0.2667811	0.12667388	206.0	1.0
SPIKE	S26:T>C	47	32775	0.0014340199	108.480316	40.0	TRUE	T	9.639654E-4	159.0	0.010309784	0.81989676	102.68638	0.20077412	0.13199373	206.0	0.0
SPIKE	I27:>G	1	32779	3.0507337E-5	-1.0	39.99088	TRUE		NaN	NaN	NaN	NaN	NaN	NaN	NaN	NaN	NaN
SPIKE	S27:G>A	26	32779	7.931908E-4	79.51719	40.0	TRUE	G	2.1791655E-4	35.0	0.009972996	0.9561019	87.89975	0.20614405	0.1252068	206.0	0.0
SPIKE	S27:G>T	4	32779	1.2202935E-4	3.6487768	40.0	TRUE	G	0.0010189669	129.0	0.011667246	0.81065947	49.73136	0.2619768	0.12495268	206.0	0.0
SPIKE	S27:G>C	8	32779	2.440587E-4	13.595069	40.0	TRUE	G	7.1223715E-4	8.0	0.0058362465	0.863535	89.523964	0.26231498	0.1433389	206.0	1.0
SPIKE	D27-28:G>	26	32779	7.931908E-4	-1.0	39.99088	TRUE		NaN	NaN	NaN	NaN	NaN	NaN	NaN	NaN	NaN
SPIKE	S28:G>A	21	32780	6.406345E-4	64.46568	40.0	TRUE	G	2.8639587E-4	46.0	0.009972996	0.9427091	87.902435	0.20614405	0.1252068	206.0	0.0
SPIKE	S28:G>T	22	32780	6.7114097E-4	67.47598	40.0	TRUE	G	1.4217709E-4	18.0	0.011667246	0.9711363	49.73288	0.2619768	0.12495268	206.0	0.0
SPIKE	S28:G>C	39	32780	0.0011897498	118.651085	40.0	TRUE	G	1.6706726E-4	21.0	0.0058362465	0.96616966	89.526695	0.26231498	0.1433389	206.0	0.0
SPIKE	S29:G>A	20	32780	6.101281E-4	50.97615	40.0	TRUE	G	5.7901774E-4	93.0	0.009972996	0.8875613	87.902435	0.20614405	0.1252068	206.0	0.0
SPIKE	S29:G>T	10	32780	3.0506405E-4	-1.0	40.0	TRUE	G	9.478472E-5	12.0	0.011667246	0.9806637	49.73288	0.2619768	0.12495268	206.0	0.0
SPIKE	S29:G>C	14	32780	4.270897E-4	27.870962	40.0	TRUE	G	7.1223715E-4	8.0	0.0058362465	0.863535	89.526695	0.26231498	0.1433389	206.0	1.0
SPIKE	S30:A>G	15	32780	4.575961E-4	25.242239	40.0	TRUE	A	0.0011703875	187.0	0.009987354	0.7857632	102.70204	0.20723175	0.12653677	206.0	0.0
SPIKE	S30:A>T	10	32780	3.0506405E-4	23.451881	40.0	TRUE	A	5.6904246E-4	70.0	0.008139206	0.8893871	46.744358	0.26866114	0.1362283	206.0	0.0
SPIKE	D30-31:A>	2	32780	6.101281E-5	-1.0	39.974556	TRUE		NaN	NaN	NaN	NaN	NaN	NaN	NaN	NaN	NaN
SPIKE	I30:>A	2	32780	6.101281E-5	-1.0	39.974556	TRUE		NaN	NaN	NaN	NaN	NaN	NaN	NaN	NaN	NaN
SPIKE	S30:A>C	0	32780	0.0	-1.0	0.0	TRUE	A	3.6919664E-4	4.0	0.009535578	0.9267657	138.22101	0.088400304	0.11609782	206.0	1.0
SPIKE	S31:T>G	1	32780	3.0506406E-5	0.57991946	40.0	TRUE	T	0.0010616727	3.0	0.0102549195	0.80355906	138.22101	0.25439125	0.120312944	206.0	1.0
SPIKE	S31:T>A	17	32780	5.186089E-4	35.485752	40.0	TRUE	T	8.790165E-4	109.0	0.009112349	0.8343708	46.744358	0.2667811	0.12667388	206.0	0.0
SPIKE	S31:T>C	22	32780	6.7114097E-4	56.62427	40.0	TRUE	T	6.425456E-4	106.0	0.010309784	0.87602174	102.70204	0.20077412	0.13199373	206.0	0.0
SPIKE	D31-32:T>	1	32780	3.0506406E-5	-1.0	39.976936	TRUE		NaN	NaN	NaN	NaN	NaN	NaN	NaN	NaN	NaN
SPIKE	S32:C>T	16	32780	4.881025E-4	32.922462	40.0	TRUE	C	8.809435E-4	145.0	0.009532749	0.8340396	87.902435	0.20107074	0.1355401	206.0	0.0
SPIKE	S32:C>A	8	32780	2.4405125E-4	-1.0	40.0	TRUE	C	8.691216E-5	12.0	0.014527113	0.9822554	49.73288	0.24091484	0.16014358	206.0	0.0
SPIKE	S32:C>G	3	32780	9.151922E-5	3.748162	40.0	TRUE	C	7.325499E-4	8.0	0.0041631064	0.85992914	89.526695	0.2693428	0.24181804	206.0	1.0
SPIKE	D32-33:C>	9	32780	2.7455765E-4	-1.0	39.988743	TRUE		NaN	NaN	NaN	NaN	NaN	NaN	NaN	NaN	NaN
SPIKE	S33:C>T	21	32780	6.406345E-4	64.46568	40.0	TRUE	C	2.3086795E-4	38.0	0.009532749	0.9535544	87.902435	0.20107074	0.1355401	206.0	0.0
SPIKE	S33:C>A	1	32780	3.0506406E-5	2.0412	40.0	TRUE	C	4.4180345E-4	61.0	0.014527113	0.9130072	49.73288	0.24091484	0.16014358	206.0	0.0
SPIKE	S33:C>G	24	32780	7.3215377E-4	73.49659	40.0	TRUE	C	1.6364949E-4	20.0	0.0041631064	0.9668501	89.526695	0.2693428	0.24181804	206.0	0.0
SPIKE	S34:A>C	2	32780	6.101281E-5	7.269987	40.0	TRUE	A	3.0450086E-4	114.0	0.009535578	0.9391997	138.22101	0.088400304	0.11609782	206.0	0.0
SPIKE	S34:A>T	17	32780	5.186089E-4	42.57172	40.0	TRUE	A	6.178175E-4	76.0	0.008139206	0.88049555	46.744358	0.26866114	0.1362283	206.0	0.0
SPIKE	S34:A>G	43	32780	0.0013117755	130.69229	40.0	TRUE	A	3.191966E-4	51.0	0.009987354	0.9363607	102.70204	0.20723175	0.12653677	206.0	0.0
SPIKE	S35:T>C	24	32780	7.3215377E-4	62.301826	40.0	TRUE	T	5.4555753E-4	90.0	0.010309784	0.89370024	102.70204	0.20077412	0.13199373	206.0	0.0
SPIKE	S35:T>A	15	32780	4.575961E-4	30.383287	40.0	TRUE	T	9.032096E-4	112.0	0.009112349	0.8302228	46.744358	0.2667811	0.12667388	206.0	0.0
SPIKE	S35:T>G	1	32780	3.0506406E-5	-1.0	40.0	TRUE	T	7.680979E-5	10.0	0.0102549195	0.9843017	138.22101	0.25439125	0.120312944	206.0	0.0
SPIKE	D35-36:T>	8	32780	2.4405125E-4	-1.0	39.992283	TRUE		NaN	NaN	NaN	NaN	NaN	NaN	NaN	NaN	NaN
SPIKE	S36:T>C	34	32780	0.0010372178	103.59959	40.0	TRUE	T	1.6972901E-4	28.0	0.010309784	0.96564	102.70204	0.20077412	0.13199373	206.0	0.0
SPIKE	S36:T>A	8	32780	2.4405125E-4	18.199682	40.0	TRUE	T	5.403129E-4	67.0	0.009112349	0.8946663	46.744358	0.2667811	0.12667388	206.0	0.0
SPIKE	S36:T>G	3	32780	9.151922E-5	2.3797824	40.0	TRUE	T	0.0010616727	0.0	0.0102549195	0.80355906	138.22101	0.25439125	0.120312944	206.0	1.0
SPIKE	S37:A>T	3	32780	9.151922E-5	1.5176276	40.0	TRUE	A	0.0012437642	153.0	0.008139206	0.7739752	46.744358	0.26866114	0.1362283	206.0	0.0
SPIKE	S37:A>G	44	32780	0.0013422819	133.70259	40.0	TRUE	A	2.6912655E-4	43.0	0.009987354	0.9460687	102.70204	0.20723175	0.12653677	206.0	0.0
SPIKE	D37-38:A>	1	32780	3.0506406E-5	-1.0	39.97718	TRUE		NaN	NaN	NaN	NaN	NaN	NaN	NaN	NaN	NaN
SPIKE	S37:A>C	0	32780	0.0	-1.0	0.0	TRUE	A	3.6919664E-4	2.0	0.009535578	0.9267657	138.22101	0.088400304	0.11609782	206.0	1.0
SPIKE	S38:T>C	16	32780	4.881025E-4	39.792072	40.0	TRUE	T	4.2432256E-4	70.0	0.010309784	0.91630095	102.70204	0.20077412	0.13199373	206.0	0.0
SPIKE	S38:T>A	9	32780	2.7455765E-4	15.850103	40.0	TRUE	T	7.903084E-4	98.0	0.009112349	0.84975815	46.744358	0.2667811	0.12667388	206.0	0.0
SPIKE	S38:T>G	2	32780	6.101281E-5	1.3408211	40.0	TRUE	T	0.0010616727	2.0	0.0102549195	0.80355906	138.22101	0.25439125	0.120312944	206.0	1.0
SPIKE	S39:C>T	25	32780	7.626602E-4	56.63544	40.0	TRUE	C	8.3233975E-4	137.0	0.009532749	0.8424323	87.902435	0.20107074	0.1355401	206.0	0.0
SPIKE	S39:C>A	7	32780	2.1354484E-4	22.321487	40.0	TRUE	C	3.601993E-4	2.0	0.014527113	0.928485	49.73288	0.24091484	0.16014358	206.0	1.0
SPIKE	S39:C>G	4	32780	1.2202562E-4	8.284564	40.0	TRUE	C	5.318608E-4	65.0	0.0041631064	0.8962254	89.526695	0.2693428	0.24181804	206.0	0.0
SPIKE	D39-40:C>	1	32780	3.0506406E-5	-1.0	39.97767	TRUE		NaN	NaN	NaN	NaN	NaN	NaN	NaN	NaN	NaN
SPIKE	S40:G>C	11	32781	3.3556024E-4	20.53052	40.0	TRUE	G	7.955341E-4	100.0	0.0058362465	0.8488439	89.52943	0.26231498	0.1433389	206.0	0.0
SPIKE	S40:G>T	2	32781	6.1010953E-5	7.269987	40.0	TRUE	G	3.9282645E-4	3.0	0.011667246	0.9222654	49.734394	0.2619768	0.12495268	206.0	1.0
SPIKE	S40:G>A	44	32781	0.001342241	120.05395	40.0	TRUE	G	5.042904E-4	81.0	0.009972996	0.90133	87.90511	0.20614405	0.1252068	206.0	0.0
SPIKE	D40-41:G>	1	32781	3.0505476E-5	-1.0	39.990147	TRUE		NaN	NaN	NaN	NaN	NaN	NaN	NaN	NaN	NaN
SPIKE	S41:G>C	14	32781	4.2707665E-4	34.27314	40.0	TRUE	G	5.966506E-4	75.0	0.0058362465	0.8843432	89.52943	0.26231498	0.1433389	206.0	0.0
SPIKE	S41:G>T	4	32781	1.22021906E-4	13.290587	40.0	TRUE	G	3.9282645E-4	1.0	0.011667246	0.9222654	49.734394	0.2619768	0.12495268	206.0	1.0
SPIKE	S41:G>A	18	32781	5.4909853E-4	55.434788	40.0	TRUE	G	2.2412905E-4	36.0	0.009972996	0.95487905	87.90511	0.20614405	0.1252068	206.0	0.0
SPIKE	S42:C>T	48	32781	0.0014642628	131.73553	40.0	TRUE	C	6.3790515E-4	105.0	0.009532749	0.87685955	87.90511	0.20107074	0.1355401	206.0	0.0
SPIKE	S42:C>A	6	32781	1.8303285E-4	19.311188	40.0	TRUE	C	3.601993E-4	5.0	0.014527113	0.928485	49.734394	0.24091484	0.16014358	206.0	1.0
SPIKE	S42:C>G	10	32781	3.0505477E-4	11.277932	40.0	TRUE	C	0.0012355159	151.0	0.0041631064	0.77529144	89.52943	0.2693428	0.24181804	206.0	0.0
SPIKE	D42-43:C>	15	32781	4.5758212E-4	-1.0	39.95909	TRUE		NaN	NaN	NaN	NaN	NaN	NaN	NaN	NaN	NaN
SPIKE	S43:G>C	22	32782	6.711E-4	48.59232	40.0	TRUE	G	7.000487E-4	88.0	0.0058362465	0.8657059	89.53216	0.26231498	0.1433389	206.0	0.0
SPIKE	S43:G>T	3	32782	9.151363E-5	10.280287	40.0	TRUE	G	3.9282645E-4	3.0	0.011667246	0.9222654	49.735912	0.2619768	0.12495268	206.0	1.0
SPIKE	S43:G>A	36	32782	0.0010981637	96.79472	40.0	TRUE	G	4.1089073E-4	66.0	0.009972996	0.9188398	87.9078	0.20614405	0.1252068	206.0	0.0
SPIKE	S44:G>C	21	32782	6.4059545E-4	53.79622	40.0	TRUE	G	5.011712E-4	63.0	0.0058362465	0.90190935	89.53216	0.26231498	0.1433389	206.0	0.0
SPIKE	S44:G>T	5	32782	1.5252273E-4	16.300888	40.0	TRUE	G	3.9282645E-4	4.0	0.011667246	0.9222654	49.735912	0.2619768	0.12495268	206.0	1.0
SPIKE	S44:G>A	13	32782	3.9655907E-4	40.383286	40.0	TRUE	G	2.92604E-4	47.0	0.009972996	0.94150424	87.9078	0.20614405	0.1252068	206.0	0.0
SPIKE	S45:C>T	39	32782	0.0011896773	105.49838	40.0	TRUE	C	4.1918203E-4	69.0	0.009532749	0.91727173	87.9078	0.20107074	0.1355401	206.0	0.0
SPIKE	S45:C>A	6	32782	1.8302727E-4	19.311188	40.0	TRUE	C	3.601993E-4	2.0	0.014527113	0.928485	49.735912	0.24091484	0.16014358	206.0	1.0
SPIKE	S45:C>G	18	32782	5.4908183E-4	32.319016	40.0	TRUE	C	0.0011209305	137.0	0.0041631064	0.79380953	89.53216	0.2693428	0.24181804	206.0	0.0
SPIKE	S46:G>C	37	32782	0.0011286682	89.651054	40.0	TRUE	G	8.0346497E-4	101.0	0.0058362465	0.8474582	89.53216	0.26231498	0.1433389	206.0	0.0
SPIKE	S46:G>T	9	32782	2.7454091E-4	28.342087	40.0	TRUE	G	3.9282645E-4	7.0	0.011667246	0.9222654	49.735912	0.2619768	0.12495268	206.0	1.0
SPIKE	S46:G>A	36	32782	0.0010981637	96.79472	40.0	TRUE	G	5.478543E-4	88.0	0.009972996	0.8932775	87.9078	0.20614405	0.1252068	206.0	0.0
SPIKE	S47:A>C	1	32782	3.0504545E-5	4.2596874	40.0	TRUE	A	3.6919664E-4	1.0	0.009535578	0.9267657	138.22943	0.088400304	0.11609782	206.0	1.0
SPIKE	S47:A>T	24	32782	7.3210907E-4	73.49659	40.0	TRUE	A	3.799932E-4	8.0	0.008139206	0.92470676	46.74721	0.26866114	0.1362283	206.0	1.0
SPIKE	S47:A>G	20	32782	6.100909E-4	50.97615	40.0	TRUE	A	5.50737E-4	88.0	0.009987354	0.8927472	102.70831	0.20723175	0.12653677	206.0	0.0
SPIKE	D47-48:A>	2	32782	6.100909E-5	-1.0	39.99649	TRUE		NaN	NaN	NaN	NaN	NaN	NaN	NaN	NaN	NaN
SPIKE	S48:A>T	9	32782	2.7454091E-4	20.808811	40.0	TRUE	A	4.3894883E-4	54.0	0.008139206	0.91354424	46.74721	0.26866114	0.1362283	206.0	0.0
SPIKE	S48:A>C	3	32782	9.151363E-5	10.280287	40.0	TRUE	A	3.6919664E-4	5.0	0.009535578	0.9267657	138.22943	0.088400304	0.11609782	206.0	1.0
SPIKE	S48:A>G	33	32782	0.00100665	100.58929	40.0	TRUE	A	1.752345E-4	28.0	0.009987354	0.9645455	102.70831	0.20723175	0.12653677	206.0	0.0
SPIKE	S49:T>C	20	32782	6.100909E-4	61.455387	40.0	TRUE	T	1.575959E-4	26.0	0.010309784	0.96805656	102.70831	0.20077412	0.13199373	206.0	0.0
SPIKE	S49:T>G	2	32782	6.100909E-5	1.3408211	40.0	TRUE	T	0.0010616727	2.0	0.0102549195	0.80355906	138.22943	0.25439125	0.120312944	206.0	1.0
SPIKE	S49:T>A	9	32782	2.7454091E-4	20.808811	40.0	TRUE	T	6.69302E-4	83.0	0.009112349	0.8712065	46.74721	0.2667811	0.12667388	206.0	0.0
SPIKE	D49-50:T>	15	32782	4.5756818E-4	-1.0	39.996674	TRUE		NaN	NaN	NaN	NaN	NaN	NaN	NaN	NaN	NaN
SPIKE	S50:T>C	22	32782	6.711E-4	67.47598	40.0	TRUE	T	1.5153452E-4	25.0	0.010309784	0.96926606	102.70831	0.20077412	0.13199373	206.0	0.0
SPIKE	S50:T>G	3	32782	9.151363E-5	2.3797824	40.0	TRUE	T	0.0010616727	3.0	0.0102549195	0.80355906	138.22943	0.25439125	0.120312944	206.0	1.0
SPIKE	S50:T>A	8	32782	2.4403636E-4	-1.0	40.0	TRUE	T	1.2902207E-4	16.0	0.009112349	0.9737716	46.74721	0.2667811	0.12667388	206.0	0.0
SPIKE	S51:T>C	42	32782	0.0012811909	127.681984	40.0	TRUE	T	2.7276215E-4	45.0	0.010309784	0.9453604	102.70831	0.20077412	0.13199373	206.0	0.0
SPIKE	S51:T>G	2	32782	6.100909E-5	1.3408211	40.0	TRUE	T	0.0010616727	1.0	0.0102549195	0.80355906	138.22943	0.25439125	0.120312944	206.0	1.0
SPIKE	S51:T>A	18	32782	5.4908183E-4	55.434788	40.0	TRUE	T	2.741719E-4	34.0	0.009112349	0.94508594	46.74721	0.2667811	0.12667388	206.0	0.0
SPIKE	S52:A>T	9	32782	2.7454091E-4	20.808811	40.0	TRUE	A	5.6087907E-4	69.0	0.008139206	0.890884	46.74721	0.26866114	0.1362283	206.0	0.0
SPIKE	S52:A>G	28	32782	8.541273E-4	85.53779	40.0	TRUE	A	2.00268E-4	32.0	0.009987354	0.9595842	102.70831	0.20723175	0.12653677	206.0	0.0
SPIKE	D52-53:A>	1	32782	3.0504545E-5	-1.0	39.984383	TRUE		NaN	NaN	NaN	NaN	NaN	NaN	NaN	NaN	NaN
SPIKE	S52:A>C	0	32782	0.0	-1.0	0.0	TRUE	A	9.8823206E-5	37.0	0.009535578	0.97984827	138.22943	0.088400304	0.11609782	206.0	0.0
SPIKE	S53:C>T	20	32782	6.100909E-4	61.455387	40.0	TRUE	C	3.280555E-4	54.0	0.009532749	0.93465346	87.9078	0.20107074	0.1355401	206.0	0.0
SPIKE	S53:C>G	46	32782	0.001403209	139.72319	40.0	TRUE	C	1.963674E-4	24.0	0.0041631064	0.9603556	89.53216	0.2693428	0.24181804	206.0	0.0
SPIKE	S53:C>A	3	32782	9.151363E-5	6.0206	40.0	TRUE	C	4.779877E-4	66.0	0.014527113	0.906227	49.735912	0.24091484	0.16014358	206.0	0.0
SPIKE	D53-54:C>	21	32782	6.4059545E-4	-1.0	39.993504	TRUE		NaN	NaN	NaN	NaN	NaN	NaN	NaN	NaN	NaN
SPIKE	S54:C>T	28	32782	8.541273E-4	85.53779	40.0	TRUE	C	2.1262857E-4	35.0	0.009532749	0.95714396	87.9078	0.20107074	0.1355401	206.0	0.0
SPIKE	S54:C>G	19	32782	5.7958637E-4	40.675655	40.0	TRUE	C	7.325499E-4	4.0	0.0041631064	0.85992914	89.53216	0.2693428	0.24181804	206.0	1.0
SPIKE	S54:C>A	8	32782	2.4403636E-4	25.331787	40.0	TRUE	C	1.8105595E-4	25.0	0.014527113	0.96338946	49.735912	0.24091484	0.16014358	206.0	0.0
SPIKE	S55:A>T	10	32782	3.0504545E-4	-1.0	40.0	TRUE	A	1.1380154E-4	14.0	0.008139206	0.9768295	46.74721	0.26866114	0.1362283	206.0	0.0
SPIKE	S55:A>C	2	32782	6.100909E-5	3.9120662	40.0	TRUE	A	5.502049E-4	206.0	0.009535578	0.8928451	138.22943	0.088400304	0.11609782	206.0	0.0
SPIKE	S55:A>G	39	32782	0.0011896773	86.648964	40.0	TRUE	A	0.0010639237	170.0	0.009987354	0.80318654	102.70831	0.20723175	0.12653677	206.0	0.0
SPIKE	D55-56:A>	1	32782	3.0504545E-5	-1.0	39.985603	TRUE		NaN	NaN	NaN	NaN	NaN	NaN	NaN	NaN	NaN
SPIKE	S56:C>T	17	32782	5.185773E-4	52.424488	40.0	TRUE	C	2.794547E-4	46.0	0.009532749	0.944058	87.9078	0.20107074	0.1355401	206.0	0.0
SPIKE	S56:C>G	21	32782	6.4059545E-4	64.46568	40.0	TRUE	C	1.4727555E-4	18.0	0.0041631064	0.97011685	89.53216	0.2693428	0.24181804	206.0	0.0
SPIKE	S56:C>A	3	32782	9.151363E-5	10.280287	40.0	TRUE	C	3.1865845E-4	44.0	0.014527113	0.93646455	49.735912	0.24091484	0.16014358	206.0	0.0
SPIKE	D56-57:C>	19	32782	5.7958637E-4	-1.0	39.995575	TRUE		NaN	NaN	NaN	NaN	NaN	NaN	NaN	NaN	NaN
SPIKE	S57:C>T	24	32782	7.3210907E-4	73.49659	40.0	TRUE	C	2.4907917E-4	41.0	0.009532749	0.94998384	87.9078	0.20107074	0.1355401	206.0	0.0
SPIKE	S57:C>G	12	32782	3.6605453E-4	22.940357	40.0	TRUE	C	7.325499E-4	9.0	0.0041631064	0.85992914	89.53216	0.2693428	0.24181804	206.0	1.0
SPIKE	S57:C>A	5	32782	1.5252273E-4	16.300888	40.0	TRUE	C	1.8105595E-4	25.0	0.014527113	0.96338946	49.735912	0.24091484	0.16014358	206.0	0.0
SPIKE	S58:A>T	8	32782	2.4403636E-4	25.331787	40.0	TRUE	A	2.1947442E-4	27.0	0.008139206	0.9557951	46.74721	0.26866114	0.1362283	206.0	0.0
SPIKE	S58:A>C	1	32782	3.0504545E-5	-1.0	40.0	TRUE	A	9.6152304E-5	36.0	0.009535578	0.9803875	138.22943	0.088400304	0.11609782	206.0	0.0
SPIKE	S58:A>G	51	32782	0.0015557318	140.515	40.0	TRUE	A	5.50737E-4	88.0	0.009987354	0.8927472	102.70831	0.20723175	0.12653677	206.0	0.0
SPIKE	D58-59:A>	1	32782	3.0504545E-5	-1.0	39.991215	TRUE		NaN	NaN	NaN	NaN	NaN	NaN	NaN	NaN	NaN
SPIKE	I59:>T	1	32782	3.0504545E-5	-1.0	39.998444	TRUE		NaN	NaN	NaN	NaN	NaN	NaN	NaN	NaN	NaN
SPIKE	S59:T>C	30	32782	9.1513636E-4	91.55839	40.0	TRUE	T	3.6974423E-4	61.0	0.010309784	0.92666113	102.70831	0.20077412	0.13199373	206.0	0.0
SPIKE	S59:T>G	1	32782	3.0504545E-5	0.57991946	40.0	TRUE	T	0.0010616727	2.0	0.0102549195	0.80355906	138.22943	0.25439125	0.120312944	206.0	1.0
SPIKE	S59:T>A	9	32782	2.7454091E-4	28.342087	40.0	TRUE	T	2.9029965E-4	36.0	0.009112349	0.9419513	46.74721	0.2667811	0.12667388	206.0	0.0
SPIKE	D59-60:T>	4	32782	1.2201818E-4	-1.0	39.998444	TRUE		NaN	NaN	NaN	NaN	NaN	NaN	NaN	NaN	NaN
SPIKE	S60:T>C	46	32782	0.001403209	139.72319	40.0	TRUE	T	3.6974423E-4	61.0	0.010309784	0.92666113	102.70831	0.20077412	0.13199373	206.0	0.0
SPIKE	S60:T>G	1	32782	3.0504545E-5	4.2596874	40.0	TRUE	T	1.9201277E-4	25.0	0.0102549195	0.96121746	138.22943	0.25439125	0.120312944	206.0	0.0
SPIKE	S60:T>A	15	32782	4.5756818E-4	46.403885	40.0	TRUE	T	3.7696387E-4	7.0	0.009112349	0.925284	46.74721	0.2667811	0.12667388	206.0	1.0
SPIKE	S61:G>C	14	32782	4.2706364E-4	27.870962	40.0	TRUE	G	7.1223715E-4	8.0	0.0058362465	0.863535	89.53216	0.26231498	0.1433389	206.0	1.0
SPIKE	S61:G>A	27	32782	8.2362274E-4	82.52749	40.0	TRUE	G	3.237321E-4	52.0	0.009972996	0.93548626	87.9078	0.20614405	0.1252068	206.0	0.0
SPIKE	S61:G>T	0	32782	0.0	-1.0	0.0	TRUE	G	2.8433683E-4	36.0	0.011667246	0.94310904	49.735912	0.2619768	0.12495268	206.0	0.0
SPIKE	S62:A>T	19	32782	5.7958637E-4	-1.0	40.0	TRUE	A	1.1380154E-4	14.0	0.008139206	0.9768295	46.74721	0.26866114	0.1362283	206.0	0.0
SPIKE	S62:A>C	3	32782	9.151363E-5	10.280287	40.0	TRUE	A	3.6919664E-4	2.0	0.009535578	0.9267657	138.22943	0.088400304	0.11609782	206.0	1.0
SPIKE	S62:A>G	23	32782	7.016045E-4	70.48629	40.0	TRUE	A	3.755025E-4	60.0	0.009987354	0.9255626	102.70831	0.20723175	0.12653677	206.0	0.0
SPIKE	D62-63:A>	20	32782	6.100909E-4	-1.0	39.99872	TRUE		NaN	NaN	NaN	NaN	NaN	NaN	NaN	NaN	NaN
SPIKE	S63:A>T	17	32782	5.185773E-4	-1.0	40.0	TRUE	A	1.2193023E-4	15.0	0.008139206	0.97519517	46.74721	0.26866114	0.1362283	206.0	0.0
SPIKE	S63:A>C	3	32782	9.151363E-5	10.280287	40.0	TRUE	A	3.6919664E-4	0.0	0.009535578	0.9267657	138.22943	0.088400304	0.11609782	206.0	1.0
SPIKE	S63:A>G	32	32782	9.7614544E-4	97.57899	40.0	TRUE	A	1.9400963E-4	31.0	0.009987354	0.9608221	102.70831	0.20723175	0.12653677	206.0	0.0
SPIKE	S64:A>G	23	32782	7.016045E-4	70.48629	40.0	TRUE	A	2.1278475E-4	34.0	0.009987354	0.95711315	102.70831	0.20723175	0.12653677	206.0	0.0
SPIKE	S64:A>T	9	32782	2.7454091E-4	-1.0	40.0	TRUE	A	8.128682E-5	10.0	0.008139206	0.9833943	46.74721	0.26866114	0.1362283	206.0	0.0
SPIKE	S64:A>C	0	32782	0.0	-1.0	0.0	TRUE	A	3.6919664E-4	2.0	0.009535578	0.9267657	138.22943	0.088400304	0.11609782	206.0	1.0
SPIKE	S65:A>G	19	32782	5.7958637E-4	48.1648	40.0	TRUE	A	6.571294E-4	105.0	0.009987354	0.8733939	102.70831	0.20723175	0.12653677	206.0	0.0
SPIKE	S65:A>C	5	32782	1.5252273E-4	16.300888	40.0	TRUE	A	2.5640614E-4	96.0	0.009535578	0.94855106	138.22943	0.088400304	0.11609782	206.0	0.0
SPIKE	S65:A>T	5	32782	1.5252273E-4	16.300888	40.0	TRUE	A	3.799932E-4	7.0	0.008139206	0.92470676	46.74721	0.26866114	0.1362283	206.0	1.0
SPIKE	S66:C>A	2	32782	6.100909E-5	3.9120662	40.0	TRUE	C	6.6628587E-4	92.0	0.014527113	0.871748	49.735912	0.24091484	0.16014358	206.0	0.0
SPIKE	S66:C>G	10	32782	3.0504545E-4	18.164799	40.0	TRUE	C	7.325499E-4	7.0	0.0041631064	0.85992914	89.53216	0.2693428	0.24181804	206.0	1.0
SPIKE	S66:C>T	17	32782	5.185773E-4	52.424488	40.0	TRUE	C	2.1262857E-4	35.0	0.009532749	0.95714396	87.9078	0.20107074	0.1355401	206.0	0.0
SPIKE	D66-67:C>	11	32782	3.3555E-4	-1.0	39.995518	TRUE		NaN	NaN	NaN	NaN	NaN	NaN	NaN	NaN	NaN
SPIKE	S67:C>A	9	32782	2.7454091E-4	28.342087	40.0	TRUE	C	2.1726714E-4	30.0	0.014527113	0.9562298	49.735912	0.24091484	0.16014358	206.0	0.0
SPIKE	S67:C>G	11	32782	3.3555E-4	20.53052	40.0	TRUE	C	7.325499E-4	9.0	0.0041631064	0.85992914	89.53216	0.2693428	0.24181804	206.0	1.0
SPIKE	S67:C>T	23	32782	7.016045E-4	70.48629	40.0	TRUE	C	2.4907917E-4	41.0	0.009532749	0.94998384	87.9078	0.20107074	0.1355401	206.0	0.0
SPIKE	S68:A>G	38	32782	0.0011591727	83.94943	40.0	TRUE	A	0.0011703161	187.0	0.009987354	0.7857747	102.70831	0.20723175	0.12653677	206.0	0.0
SPIKE	S68:A>C	2	32782	6.100909E-5	-1.0	40.0	TRUE	A	7.478513E-5	28.0	0.009535578	0.9847123	138.22943	0.088400304	0.11609782	206.0	0.0
SPIKE	S68:A>T	4	32782	1.2201818E-4	13.290587	40.0	TRUE	A	3.799932E-4	8.0	0.008139206	0.92470676	46.74721	0.26866114	0.1362283	206.0	1.0
SPIKE	S69:G>A	18	32782	5.4908183E-4	55.434788	40.0	TRUE	G	3.1750646E-4	51.0	0.009972996	0.93668675	87.9078	0.20614405	0.1252068	206.0	0.0
SPIKE	S69:G>C	24	32782	7.3210907E-4	73.49659	40.0	TRUE	G	3.1024884E-4	39.0	0.0058362465	0.93808824	89.53216	0.26231498	0.1433389	206.0	0.0
SPIKE	S69:G>T	2	32782	6.100909E-5	7.269987	40.0	TRUE	G	3.9282645E-4	4.0	0.011667246	0.9222654	49.735912	0.2619768	0.12495268	206.0	1.0
SPIKE	S70:C>A	6	32782	1.8302727E-4	-1.0	40.0	TRUE	C	7.966461E-5	11.0	0.014527113	0.98372304	49.735912	0.24091484	0.16014358	206.0	0.0
SPIKE	S70:C>G	10	32782	3.0504545E-4	31.352386	40.0	TRUE	C	2.7818716E-4	34.0	0.0041631064	0.9443045	89.53216	0.2693428	0.24181804	206.0	0.0
SPIKE	S70:C>T	14	32782	4.2706364E-4	34.27314	40.0	TRUE	C	4.7993305E-4	79.0	0.009532749	0.9058639	87.9078	0.20107074	0.1355401	206.0	0.0
SPIKE	S71:C>A	3	32782	9.151363E-5	10.280287	40.0	TRUE	C	3.601993E-4	2.0	0.014527113	0.928485	49.735912	0.24091484	0.16014358	206.0	1.0
SPIKE	S71:C>G	10	32782	3.0504545E-4	31.352386	40.0	TRUE	C	2.618232E-4	32.0	0.0041631064	0.94749314	89.53216	0.2693428	0.24181804	206.0	0.0
SPIKE	S71:C>T	54	32782	0.0016472455	168.5768	40.0	TRUE	C	3.9488162E-4	65.0	0.009532749	0.921875	87.9078	0.20107074	0.1355401	206.0	0.0
SPIKE	S72:G>A	42	32782	0.0012811909	114.22498	40.0	TRUE	G	5.0427497E-4	81.0	0.009972996	0.90133286	87.9078	0.20614405	0.1252068	206.0	0.0
SPIKE	S72:G>C	17	32782	5.185773E-4	52.424488	40.0	TRUE	G	2.6251827E-4	33.0	0.0058362465	0.9473575	89.53216	0.26231498	0.1433389	206.0	0.0
SPIKE	S72:G>T	2	32782	6.100909E-5	7.269987	40.0	TRUE	G	2.2115087E-4	28.0	0.011667246	0.9554651	49.735912	0.2619768	0.12495268	206.0	0.0
SPIKE	D72-73:G>	3	32782	9.151363E-5	-1.0	39.989384	TRUE		NaN	NaN	NaN	NaN	NaN	NaN	NaN	NaN	NaN
SPIKE	S73:T>A	8	32782	2.4403636E-4	25.331787	40.0	TRUE	T	3.7696387E-4	2.0	0.009112349	0.925284	46.74721	0.2667811	0.12667388	206.0	1.0
SPIKE	S73:T>G	1	32782	3.0504545E-5	2.0412	40.0	TRUE	T	4.2242807E-4	55.0	0.0102549195	0.9166586	138.22943	0.25439125	0.120312944	206.0	0.0
SPIKE	S73:T>C	60	32782	0.0018302727	144.67522	40.0	TRUE	T	9.940665E-4	164.0	0.010309784	0.81482846	102.70831	0.20077412	0.13199373	206.0	0.0
SPIKE	S74:G>A	18	32782	5.4908183E-4	55.434788	40.0	TRUE	G	2.4902468E-4	40.0	0.009972996	0.9499945	87.9078	0.20614405	0.1252068	206.0	0.0
SPIKE	S74:G>C	3	32782	9.151363E-5	3.748162	40.0	TRUE	G	7.1223715E-4	3.0	0.0058362465	0.863535	89.53216	0.26231498	0.1433389	206.0	1.0
SPIKE	S74:G>T	2	32782	6.100909E-5	7.269987	40.0	TRUE	G	1.8165963E-4	23.0	0.011667246	0.96326965	49.735912	0.2619768	0.12495268	206.0	0.0
SPIKE	D74-75:G>	3	32782	9.151363E-5	-1.0	39.99497	TRUE		NaN	NaN	NaN	NaN	NaN	NaN	NaN	NaN	NaN
SPIKE	S75:G>A	10	32782	3.0504545E-4	31.352386	40.0	TRUE	G	1.9921975E-4	32.0	0.009972996	0.9597914	87.9078	0.20614405	0.1252068	206.0	0.0
SPIKE	S75:G>C	6	32782	1.8302727E-4	9.311187	40.0	TRUE	G	7.1223715E-4	8.0	0.0058362465	0.863535	89.53216	0.26231498	0.1433389	206.0	1.0
SPIKE	S75:G>T	0	32782	0.0	-1.0	0.0	TRUE	G	2.2904911E-4	29.0	0.011667246	0.9539117	49.735912	0.2619768	0.12495268	206.0	0.0
SPIKE	S76:T>A	4	32782	1.2201818E-4	13.290587	40.0	TRUE	T	3.7696387E-4	5.0	0.009112349	0.925284	46.74721	0.2667811	0.12667388	206.0	1.0
SPIKE	S76:T>G	7	32782	2.1353182E-4	22.321487	40.0	TRUE	T	2.8417888E-4	37.0	0.0102549195	0.94313973	138.22943	0.25439125	0.120312944	206.0	0.0
SPIKE	S76:T>C	22	32782	6.711E-4	56.62427	40.0	TRUE	T	4.8491047E-4	80.0	0.010309784	0.90493554	102.70831	0.20077412	0.13199373	206.0	0.0
SPIKE	D76-77:T>	8	32782	2.4403636E-4	-1.0	39.994205	TRUE		NaN	NaN	NaN	NaN	NaN	NaN	NaN	NaN	NaN
SPIKE	S77:T>A	11	32782	3.3555E-4	34.362686	40.0	TRUE	T	1.3708595E-4	17.0	0.009112349	0.97215533	46.74721	0.2667811	0.12667388	206.0	0.0
SPIKE	S77:T>C	22	32782	6.711E-4	67.47598	40.0	TRUE	T	2.0002556E-4	33.0	0.010309784	0.95963216	102.70831	0.20077412	0.13199373	206.0	0.0
SPIKE	S77:T>G	0	32782	0.0	-1.0	0.0	TRUE	T	0.0010616727	3.0	0.0102549195	0.80355906	138.22943	0.25439125	0.120312944	206.0	1.0
SPIKE	S78:T>A	17	32782	5.185773E-4	52.424488	40.0	TRUE	T	3.7696387E-4	8.0	0.009112349	0.925284	46.74721	0.2667811	0.12667388	206.0	1.0
SPIKE	S78:T>G	3	32782	9.151363E-5	10.280287	40.0	TRUE	T	3.2258144E-4	42.0	0.0102549195	0.93570805	138.22943	0.25439125	0.120312944	206.0	0.0
SPIKE	S78:T>C	46	32782	0.001403209	139.72319	40.0	TRUE	T	2.848849E-4	47.0	0.010309784	0.9430026	102.70831	0.20077412	0.13199373	206.0	0.0
SPIKE	S79:G>A	30	32782	9.1513636E-4	91.55839	40.0	TRUE	G	2.4279907E-4	39.0	0.009972996	0.9512136	87.9078	0.20614405	0.1252068	206.0	0.0
SPIKE	S79:G>C	16	32782	4.8807272E-4	49.41419	40.0	TRUE	G	3.9775495E-4	50.0	0.0058362465	0.9213295	89.53216	0.26231498	0.1433389	206.0	0.0
SPIKE	S79:G>T	0	32782	0.0	-1.0	0.0	TRUE	G	1.737614E-4	22.0	0.011667246	0.9648382	49.735912	0.2619768	0.12495268	206.0	0.0
SPIKE	S80:C>G	16	32782	4.8807272E-4	39.792072	40.0	TRUE	C	5.4001034E-4	66.0	0.0041631064	0.8947221	89.53216	0.2693428	0.24181804	206.0	0.0
SPIKE	S80:C>A	2	32782	6.100909E-5	7.269987	40.0	TRUE	C	3.601993E-4	2.0	0.014527113	0.928485	49.735912	0.24091484	0.16014358	206.0	1.0
SPIKE	S80:C>T	36	32782	0.0010981637	96.79472	40.0	TRUE	C	5.163837E-4	85.0	0.009532749	0.89908737	87.9078	0.20107074	0.1355401	206.0	0.0
SPIKE	D80-81:C>	11	32782	3.3555E-4	-1.0	39.980568	TRUE		NaN	NaN	NaN	NaN	NaN	NaN	NaN	NaN	NaN
SPIKE	D80-82:CG>	1	32782	3.0504545E-5	-1.0	39.980568	TRUE		NaN	NaN	NaN	NaN	NaN	NaN	NaN	NaN	NaN
SPIKE	S81:G>A	34	32782	0.0010371546	103.59959	40.0	TRUE	G	3.9221387E-4	63.0	0.009972996	0.92238176	87.9078	0.20614405	0.1252068	206.0	0.0
SPIKE	S81:G>T	2	32782	6.100909E-5	7.269987	40.0	TRUE	G	3.9282645E-4	6.0	0.011667246	0.9222654	49.735912	0.2619768	0.12495268	206.0	1.0
SPIKE	S81:G>C	19	32782	5.7958637E-4	58.445087	39.526318	TRUE	G	2.9433865E-4	37.0	0.0058362465	0.9411679	89.53216	0.26231498	0.1433389	206.0	0.0
SPIKE	D81-82:G>	1	32782	3.0504545E-5	-1.0	39.991276	TRUE		NaN	NaN	NaN	NaN	NaN	NaN	NaN	NaN	NaN
SPIKE	S82:G>A	14	32782	4.2706364E-4	43.393585	40.0	TRUE	G	3.4240895E-4	55.0	0.009972996	0.93189394	87.9078	0.20614405	0.1252068	206.0	0.0
SPIKE	S82:G>T	5	32782	1.5252273E-4	16.300888	40.0	TRUE	G	3.9282645E-4	6.0	0.011667246	0.9222654	49.735912	0.2619768	0.12495268	206.0	1.0
SPIKE	S82:G>C	15	32782	4.5756818E-4	37.025364	40.0	TRUE	G	4.932161E-4	62.0	0.0058362465	0.90338856	89.53216	0.26231498	0.1433389	206.0	0.0
SPIKE	S83:C>G	22	32782	6.711E-4	56.62427	40.0	TRUE	C	6.7092193E-4	82.0	0.0041631064	0.87091583	89.53216	0.2693428	0.24181804	206.0	0.0
SPIKE	S83:C>A	3	32782	9.151363E-5	10.280287	40.0	TRUE	C	3.601993E-4	1.0	0.014527113	0.928485	49.735912	0.24091484	0.16014358	206.0	1.0
SPIKE	S83:C>T	55	32782	0.00167775	151.94922	40.0	TRUE	C	4.5563263E-4	75.0	0.009532749	0.9104099	87.9078	0.20107074	0.1355401	206.0	0.0
SPIKE	S84:G>A	32	32782	9.7614544E-4	85.232124	40.0	TRUE	G	5.354031E-4	86.0	0.009972996	0.89557165	87.9078	0.20614405	0.1252068	206.0	0.0
SPIKE	S84:G>T	7	32782	2.1353182E-4	22.321487	40.0	TRUE	G	3.9282645E-4	3.0	0.011667246	0.9222654	49.735912	0.2619768	0.12495268	206.0	1.0
SPIKE	S84:G>C	7	32782	2.1353182E-4	22.321487	40.0	TRUE	G	2.0683257E-4	26.0	0.0058362465	0.9582874	89.53216	0.26231498	0.1433389	206.0	0.0
SPIKE	S85:A>G	21	32782	6.4059545E-4	64.46568	40.0	TRUE	A	3.00402E-4	48.0	0.009987354	0.939993	102.70831	0.20723175	0.12653677	206.0	0.0
SPIKE	S85:A>T	14	32782	4.2706364E-4	34.27314	40.0	TRUE	A	4.7959224E-4	59.0	0.008139206	0.9059275	46.74721	0.26866114	0.1362283	206.0	0.0
SPIKE	S85:A>C	1	32782	3.0504545E-5	1.0720997	40.0	TRUE	A	8.920797E-4	334.0	0.009535578	0.83212847	138.22943	0.088400304	0.11609782	206.0	0.0
SPIKE	S86:T>G	1	32782	3.0504545E-5	0.57991946	40.0	TRUE	T	0.0010616727	3.0	0.0102549195	0.80355906	138.22943	0.25439125	0.120312944	206.0	1.0
SPIKE	S86:T>A	13	32782	3.9655907E-4	40.383286	40.0	TRUE	T	2.3385251E-4	29.0	0.009112349	0.9529683	46.74721	0.2667811	0.12667388	206.0	0.0
SPIKE	S86:T>C	27	32782	8.2362274E-4	82.52749	40.0	TRUE	T	2.54578E-4	42.0	0.010309784	0.9489083	102.70831	0.20077412	0.13199373	206.0	0.0
SPIKE	D86-87:T>	14	32782	4.2706364E-4	-1.0	39.99378	TRUE		NaN	NaN	NaN	NaN	NaN	NaN	NaN	NaN	NaN
SPIKE	S87:T>A	8	32782	2.4403636E-4	25.331787	40.0	TRUE	T	3.7696387E-4	9.0	0.009112349	0.925284	46.74721	0.2667811	0.12667388	206.0	1.0
SPIKE	S87:T>C	20	32782	6.100909E-4	61.455387	40.0	TRUE	T	1.7578005E-4	29.0	0.010309784	0.96443707	102.70831	0.20077412	0.13199373	206.0	0.0
SPIKE	S87:T>G	0	32782	0.0	-1.0	0.0	TRUE	T	0.0010616727	3.0	0.0102549195	0.80355906	138.22943	0.25439125	0.120312944	206.0	1.0
SPIKE	S88:T>G	4	32782	1.2201818E-4	3.6487768	40.0	TRUE	T	0.0010616727	1.0	0.0102549195	0.80355906	138.22943	0.25439125	0.120312944	206.0	1.0
SPIKE	S88:T>A	13	32782	3.9655907E-4	31.537222	40.0	TRUE	T	5.3221604E-4	66.0	0.009112349	0.8961598	46.74721	0.2667811	0.12667388	206.0	0.0
SPIKE	S88:T>C	33	32782	0.00100665	100.58929	40.0	TRUE	T	1.9396418E-4	32.0	0.010309784	0.9608311	102.70831	0.20077412	0.13199373	206.0	0.0
SPIKE	S89:A>G	28	32782	8.541273E-4	85.53779	40.0	TRUE	A	1.8775125E-4	30.0	0.009987354	0.96206164	102.70831	0.20723175	0.12653677	206.0	0.0
SPIKE	S89:A>T	14	32782	4.2706364E-4	27.870962	40.0	TRUE	A	9.347984E-4	115.0	0.008139206	0.82483786	46.74721	0.26866114	0.1362283	206.0	0.0
SPIKE	S89:A>C	3	32782	9.151363E-5	10.280287	40.0	TRUE	A	3.6919664E-4	7.0	0.009535578	0.9267657	138.22943	0.088400304	0.11609782	206.0	1.0
SPIKE	D89-90:A>	3	32782	9.151363E-5	-1.0	39.989475	TRUE		NaN	NaN	NaN	NaN	NaN	NaN	NaN	NaN	NaN
SPIKE	S90:T>G	1	32782	3.0504545E-5	0.57991946	40.0	TRUE	T	0.0010616727	5.0	0.0102549195	0.80355906	138.22943	0.25439125	0.120312944	206.0	1.0
SPIKE	S90:T>A	17	32782	5.185773E-4	52.424488	40.0	TRUE	T	3.2255516E-4	40.0	0.009112349	0.9357131	46.74721	0.2667811	0.12667388	206.0	0.0
SPIKE	S90:T>C	24	32782	7.3210907E-4	62.301826	40.0	TRUE	T	5.09156E-4	84.0	0.010309784	0.90042704	102.70831	0.20077412	0.13199373	206.0	0.0
SPIKE	S91:C>G	6	32782	1.8302727E-4	13.113299	40.0	TRUE	C	5.154644E-4	63.0	0.0041631064	0.89925766	89.53216	0.2693428	0.24181804	206.0	0.0
SPIKE	S91:C>A	2	32782	6.100909E-5	7.269987	40.0	TRUE	C	3.601993E-4	3.0	0.014527113	0.928485	49.735912	0.24091484	0.16014358	206.0	1.0
SPIKE	S91:C>T	45	32782	0.0013727045	122.97151	40.0	TRUE	C	5.0423347E-4	83.0	0.009532749	0.9013406	87.9078	0.20107074	0.1355401	206.0	0.0
SPIKE	S92:G>A	49	32782	0.0014947227	148.75409	40.0	TRUE	G	3.8598827E-4	62.0	0.009972996	0.92356545	87.9078	0.20614405	0.1252068	206.0	0.0
SPIKE	S92:G>C	28	32782	8.541273E-4	73.72888	40.0	TRUE	G	5.0912634E-4	64.0	0.0058362465	0.9004325	89.53216	0.26231498	0.1433389	206.0	0.0
SPIKE	S92:G>T	0	32782	0.0	-1.0	0.0	TRUE	G	4.6599648E-4	59.0	0.011667246	0.9084683	49.735912	0.2619768	0.12495268	206.0	0.0
SPIKE	S93:T>G	1	32782	3.0504545E-5	4.2596874	40.0	TRUE	T	2.7649838E-4	36.0	0.0102549195	0.9446331	138.22943	0.25439125	0.120312944	206.0	0.0
SPIKE	S93:T>A	14	32782	4.2706364E-4	-1.0	40.0	TRUE	T	1.1289431E-4	14.0	0.009112349	0.9770121	46.74721	0.2667811	0.12667388	206.0	0.0
SPIKE	S93:T>C	23	32782	7.016045E-4	51.26076	40.0	TRUE	T	7.2736567E-4	120.0	0.010309784	0.860848	102.70831	0.20077412	0.13199373	206.0	0.0
SPIKE	S94:C>G	20	32782	6.100909E-4	50.97615	40.0	TRUE	C	5.481923E-4	67.0	0.0041631064	0.8932153	89.53216	0.2693428	0.24181804	206.0	0.0
SPIKE	S94:C>A	8	32782	2.4403636E-4	25.331787	40.0	TRUE	C	3.601993E-4	5.0	0.014527113	0.928485	49.735912	0.24091484	0.16014358	206.0	1.0
SPIKE	S94:C>T	55	32782	0.00167775	151.94922	39.98182	TRUE	C	5.0423347E-4	83.0	0.009532749	0.9013406	87.9078	0.20107074	0.1355401	206.0	0.0
SPIKE	D94-95:C>	2	32782	6.100909E-5	-1.0	39.98978	TRUE		NaN	NaN	NaN	NaN	NaN	NaN	NaN	NaN	NaN
SPIKE	S95:G>A	55	32782	0.00167775	151.94922	40.0	TRUE	G	5.6030555E-4	90.0	0.009972996	0.89098924	87.9078	0.20614405	0.1252068	206.0	0.0
SPIKE	S95:G>T	1	32782	3.0504545E-5	2.0412	40.0	TRUE	G	4.738947E-4	60.0	0.011667246	0.9069914	49.735912	0.2619768	0.12495268	206.0	0.0
SPIKE	S95:G>C	37	32782	0.0011286682	99.69318	40.0	TRUE	G	4.613957E-4	58.0	0.0058362465	0.9093297	89.53216	0.26231498	0.1433389	206.0	0.0
SPIKE	D95-96:G>	3	32782	9.151363E-5	-1.0	39.983955	TRUE		NaN	NaN	NaN	NaN	NaN	NaN	NaN	NaN	NaN
SPIKE	D95-98:GTC>	4	32782	1.2201818E-4	-1.0	39.983955	TRUE		NaN	NaN	NaN	NaN	NaN	NaN	NaN	NaN	NaN
SPIKE	S96:T>C	29	32782	8.846318E-4	60.04673	40.0	TRUE	T	9.6982095E-4	160.0	0.010309784	0.81890833	102.70831	0.20077412	0.13199373	206.0	0.0
SPIKE	S96:T>A	10	32782	3.0504545E-4	31.352386	40.0	TRUE	T	3.7696387E-4	8.0	0.009112349	0.925284	46.74721	0.2667811	0.12667388	206.0	1.0
SPIKE	S96:T>G	2	32782	6.100909E-5	7.269987	40.0	TRUE	T	2.6113735E-4	34.0	0.0102549195	0.947627	138.22943	0.25439125	0.120312944	206.0	0.0
SPIKE	S97:C>T	23	32782	7.016045E-4	70.48629	40.0	TRUE	C	3.402057E-4	56.0	0.009532749	0.932317	87.9078	0.20107074	0.1355401	206.0	0.0
SPIKE	S97:C>A	4	32782	1.2201818E-4	8.284564	40.0	TRUE	C	4.4901873E-4	62.0	0.014527113	0.91165113	49.735912	0.24091484	0.16014358	206.0	0.0
SPIKE	S97:C>G	23	32782	7.016045E-4	-1.0	40.0	TRUE	C	9.81837E-5	12.0	0.0041631064	0.9799773	89.53216	0.2693428	0.24181804	206.0	0.0
SPIKE	S98:A>C	1	32782	3.0504545E-5	-1.0	40.0	TRUE	A	9.6152304E-5	36.0	0.009535578	0.9803875	138.22943	0.088400304	0.11609782	206.0	0.0
SPIKE	S98:A>T	7	32782	2.1353182E-4	15.631419	40.0	TRUE	A	5.690077E-4	70.0	0.008139206	0.88939345	46.74721	0.26866114	0.1362283	206.0	0.0
SPIKE	S98:A>G	48	32782	0.0014642181	131.73553	40.0	TRUE	A	4.5686137E-4	73.0	0.009987354	0.9101795	102.70831	0.20723175	0.12653677	206.0	0.0
SPIKE	I98:>GTC	1	32782	3.0504545E-5	-1.0	39.989414	TRUE		NaN	NaN	NaN	NaN	NaN	NaN	NaN	NaN	NaN
SPIKE	D98-101:ATC>	1	32782	3.0504545E-5	-1.0	39.989414	TRUE		NaN	NaN	NaN	NaN	NaN	NaN	NaN	NaN	NaN
SPIKE	S99:T>C	22	32782	6.711E-4	56.62427	40.0	TRUE	T	5.334015E-4	88.0	0.010309784	0.895941	102.70831	0.20077412	0.13199373	206.0	0.0
SPIKE	S99:T>A	10	32782	3.0504545E-4	31.352386	40.0	TRUE	T	3.2255516E-4	40.0	0.009112349	0.9357131	46.74721	0.2667811	0.12667388	206.0	0.0
SPIKE	S99:T>G	1	32782	3.0504545E-5	0.57991946	40.0	TRUE	T	0.0010616727	0.0	0.0102549195	0.80355906	138.22943	0.25439125	0.120312944	206.0	1.0
SPIKE	S100:C>T	48	32782	0.0014642181	120.6484	40.0	TRUE	C	7.654628E-4	126.0	0.009532749	0.85411847	87.9078	0.20107074	0.1355401	206.0	0.0
SPIKE	S100:C>A	4	32782	1.2201818E-4	13.290587	40.0	TRUE	C	3.601993E-4	9.0	0.014527113	0.928485	49.735912	0.24091484	0.16014358	206.0	1.0
SPIKE	S100:C>G	7	32782	2.1353182E-4	15.631419	40.0	TRUE	C	6.300121E-4	77.0	0.0041631064	0.8782864	89.53216	0.2693428	0.24181804	206.0	0.0
SPIKE	D100-101:C>	2	32782	6.100909E-5	-1.0	39.988743	TRUE		NaN	NaN	NaN	NaN	NaN	NaN	NaN	NaN	NaN
SPIKE	S101:G>C	19	32782	5.7958637E-4	58.445087	40.0	TRUE	G	3.5797944E-4	45.0	0.0058362465	0.92890966	89.53216	0.26231498	0.1433389	206.0	0.0
SPIKE	S101:G>T	2	32782	6.100909E-5	3.9120662	40.0	TRUE	G	4.9758947E-4	63.0	0.011667246	0.9025751	49.735912	0.2619768	0.12495268	206.0	0.0
SPIKE	S101:G>A	42	32782	0.0012811909	114.22498	40.0	TRUE	G	4.793725E-4	77.0	0.009972996	0.9059685	87.9078	0.20614405	0.1252068	206.0	0.0
SPIKE	S102:T>C	43	32782	0.0013116954	117.13841	40.0	TRUE	T	5.697698E-4	94.0	0.010309784	0.8892538	102.70831	0.20077412	0.13199373	206.0	0.0
SPIKE	S102:T>A	18	32782	5.4908183E-4	-1.0	40.0	TRUE	T	1.2095819E-4	15.0	0.009112349	0.9753905	46.74721	0.2667811	0.12667388	206.0	0.0
SPIKE	S102:T>G	1	32782	3.0504545E-5	1.0720997	40.0	TRUE	T	7.680511E-4	100.0	0.0102549195	0.8536632	138.22943	0.25439125	0.120312944	206.0	0.0
SPIKE	D102-104:TG>	1	32782	3.0504545E-5	-1.0	39.98685	TRUE		NaN	NaN	NaN	NaN	NaN	NaN	NaN	NaN	NaN
SPIKE	S103:G>C	25	32782	7.626136E-4	-1.0	40.0	TRUE	G	1.1137138E-4	14.0	0.0058362465	0.97731864	89.53216	0.26231498	0.1433389	206.0	0.0
SPIKE	S103:G>T	2	32782	6.100909E-5	7.269987	40.0	TRUE	G	2.7643857E-4	35.0	0.011667246	0.94464475	49.735912	0.2619768	0.12495268	206.0	0.0
SPIKE	S103:G>A	30	32782	9.1513636E-4	91.55839	40.0	TRUE	G	1.9921975E-4	32.0	0.009972996	0.9597914	87.9078	0.20614405	0.1252068	206.0	0.0
SPIKE	D103-104:G>	11	32782	3.3555E-4	-1.0	39.991276	TRUE		NaN	NaN	NaN	NaN	NaN	NaN	NaN	NaN	NaN
SPIKE	S104:G>C	13	32782	3.9655907E-4	31.537222	40.0	TRUE	G	6.204977E-4	78.0	0.0058362465	0.88000953	89.53216	0.26231498	0.1433389	206.0	0.0
SPIKE	S104:G>T	9	32782	2.7454091E-4	28.342087	40.0	TRUE	G	3.9282645E-4	7.0	0.011667246	0.9222654	49.735912	0.2619768	0.12495268	206.0	1.0
SPIKE	S104:G>A	18	32782	5.4908183E-4	55.434788	40.0	TRUE	G	3.3618332E-4	54.0	0.009972996	0.93308985	87.9078	0.20614405	0.1252068	206.0	0.0
SPIKE	S105:C>T	49	32782	0.0014947227	134.66039	40.0	TRUE	C	4.9208326E-4	81.0	0.009532749	0.9035994	87.9078	0.20107074	0.1355401	206.0	0.0
SPIKE	S105:C>A	4	32782	1.2201818E-4	13.290587	40.0	TRUE	C	3.601993E-4	9.0	0.014527113	0.928485	49.735912	0.24091484	0.16014358	206.0	1.0
SPIKE	S105:C>G	17	32782	5.185773E-4	29.928427	40.0	TRUE	C	0.0010554747	129.0	0.0041631064	0.8045857	89.53216	0.2693428	0.24181804	206.0	0.0
SPIKE	D105-106:C>	17	32782	5.185773E-4	-1.0	39.968853	TRUE		NaN	NaN	NaN	NaN	NaN	NaN	NaN	NaN	NaN
SPIKE	D105-107:CG>	1	32782	3.0504545E-5	-1.0	39.968853	TRUE		NaN	NaN	NaN	NaN	NaN	NaN	NaN	NaN	NaN
SPIKE	S106:G>C	12	32782	3.6605453E-4	28.819815	40.0	TRUE	G	4.3753043E-4	55.0	0.0058362465	0.9138112	89.53216	0.26231498	0.1433389	206.0	0.0
SPIKE	S106:G>T	5	32782	1.5252273E-4	16.300888	40.0	TRUE	G	3.9282645E-4	7.0	0.011667246	0.9222654	49.735912	0.2619768	0.12495268	206.0	1.0
SPIKE	S106:G>A	34	32782	0.0010371546	91.006836	40.0	TRUE	G	4.6692128E-4	75.0	0.009972996	0.9082953	87.9078	0.20614405	0.1252068	206.0	0.0
SPIKE	D106-107:G>	3	32782	9.151363E-5	-1.0	39.987156	TRUE		NaN	NaN	NaN	NaN	NaN	NaN	NaN	NaN	NaN
SPIKE	S107:G>C	33	32781	0.0010066807	78.52778	40.0	TRUE	G	8.5917686E-4	108.0	0.0058362465	0.8377878	89.52943	0.26231498	0.1433389	206.0	0.0
SPIKE	S107:G>T	5	32781	1.5252738E-4	16.300888	40.0	TRUE	G	3.9282645E-4	4.0	0.011667246	0.9222654	49.734394	0.2619768	0.12495268	206.0	1.0
SPIKE	S107:G>A	14	32781	4.2707665E-4	43.393585	40.0	TRUE	G	3.9845164E-4	64.0	0.009972996	0.9211973	87.90511	0.20614405	0.1252068	206.0	0.0
SPIKE	S108:C>T	31	32781	9.456698E-4	94.56869	40.0	TRUE	C	3.2199023E-4	53.0	0.009532749	0.935822	87.90511	0.20107074	0.1355401	206.0	0.0
SPIKE	S108:C>A	5	32781	1.5252738E-4	10.658173	40.0	TRUE	C	6.300939E-4	87.0	0.014527113	0.87827164	49.734394	0.24091484	0.16014358	206.0	0.0
SPIKE	S108:C>G	19	32781	5.7960406E-4	48.1648	40.0	TRUE	C	4.6638682E-4	57.0	0.0041631064	0.9083953	89.52943	0.2693428	0.24181804	206.0	0.0
SPIKE	S109:A>C	5	32780	1.5253203E-4	16.300888	40.0	TRUE	A	1.8430316E-4	69.0	0.009535578	0.96274525	138.22101	0.088400304	0.11609782	206.0	0.0
SPIKE	S109:A>T	7	32780	2.1354484E-4	22.321487	40.0	TRUE	A	3.799932E-4	5.0	0.008139206	0.92470676	46.744358	0.26866114	0.1362283	206.0	1.0
SPIKE	S109:A>G	44	32780	0.0013422819	109.31848	40.0	TRUE	A	9.325548E-4	149.0	0.009987354	0.82521915	102.70204	0.20723175	0.12653677	206.0	0.0
SPIKE	S110:G>C	16	32780	4.881025E-4	32.922462	40.0	TRUE	G	8.1942516E-4	103.0	0.0058362465	0.8446765	89.526695	0.26231498	0.1433389	206.0	0.0
SPIKE	S110:G>T	1	32780	3.0506406E-5	4.2596874	40.0	TRUE	G	1.5007581E-4	19.0	0.011667246	0.9695574	49.73288	0.2619768	0.12495268	206.0	0.0
SPIKE	S110:G>A	16	32780	4.881025E-4	39.792072	40.0	TRUE	G	5.665657E-4	91.0	0.009972996	0.88984096	87.902435	0.20614405	0.1252068	206.0	0.0
SPIKE	S111:C>T	53	32780	0.0016168396	146.37572	40.0	TRUE	C	4.2528307E-4	70.0	0.009532749	0.91611964	87.902435	0.20107074	0.1355401	206.0	0.0
SPIKE	S111:C>A	6	32780	1.8303844E-4	19.311188	40.0	TRUE	C	3.601993E-4	7.0	0.014527113	0.928485	49.73288	0.24091484	0.16014358	206.0	1.0
SPIKE	S111:C>G	6	32780	1.8303844E-4	6.718435	40.0	TRUE	C	0.0011782763	144.0	0.0041631064	0.7844873	89.526695	0.2693428	0.24181804	206.0	0.0
SPIKE	S112:G>T	1	32774	3.0511992E-5	2.0412	40.0	TRUE	G	6.6361454E-4	84.0	0.011667246	0.87222785	49.723774	0.2619768	0.12495268	206.0	0.0
SPIKE	S112:G>C	31	32774	9.4587175E-4	82.3502	40.0	TRUE	G	5.490358E-4	69.0	0.0058362465	0.89306015	89.51031	0.26231498	0.1433389	206.0	0.0
SPIKE	S112:G>A	42	32774	0.0012815036	114.22498	40.0	TRUE	G	4.2967245E-4	69.0	0.009972996	0.91529167	87.886345	0.20614405	0.1252068	206.0	0.0
SPIKE	D112-113:G>	1	32774	3.0511992E-5	-1.0	39.984898	TRUE		NaN	NaN	NaN	NaN	NaN	NaN	NaN	NaN	NaN
SPIKE	S113:T>C	41	32772	0.001251068	111.31377	40.0	TRUE	T	5.3356425E-4	88.0	0.010309784	0.895911	102.67698	0.20077412	0.13199373	206.0	0.0
SPIKE	S113:T>G	1	32772	3.0513853E-5	0.57991946	40.0	TRUE	T	0.0010295025	134.0	0.0102549195	0.808902	138.18727	0.25439125	0.120312944	206.0	0.0
SPIKE	S113:T>A	13	32772	3.966801E-4	-1.0	40.0	TRUE	T	8.06634E-5	10.0	0.009112349	0.9835206	46.73295	0.2667811	0.12667388	206.0	0.0
SPIKE	D113-115:TG>	1	32772	3.0513853E-5	-1.0	39.98392	TRUE		NaN	NaN	NaN	NaN	NaN	NaN	NaN	NaN	NaN
SPIKE	S114:G>T	3	32772	9.154156E-5	10.280287	40.0	TRUE	G	3.4762884E-4	44.0	0.011667246	0.93089247	49.72074	0.2619768	0.12495268	206.0	0.0
SPIKE	S114:G>C	31	32772	9.4592944E-4	94.56869	40.0	TRUE	G	2.705559E-4	34.0	0.0058362465	0.9457902	89.504845	0.26231498	0.1433389	206.0	0.0
SPIKE	S114:G>A	26	32772	7.933602E-4	59.339897	40.0	TRUE	G	7.5352954E-4	121.0	0.009972996	0.8562207	87.88098	0.20614405	0.1252068	206.0	0.0
SPIKE	S115:A>T	15	32772	4.577078E-4	46.403885	40.0	TRUE	A	2.2767254E-4	28.0	0.008139206	0.95418227	46.73295	0.26866114	0.1362283	206.0	0.0
SPIKE	S115:A>C	1	32772	3.0513853E-5	2.0412	40.0	TRUE	A	4.942668E-4	185.0	0.009535578	0.90319306	138.18727	0.088400304	0.11609782	206.0	0.0
SPIKE	S115:A>G	15	32772	4.577078E-4	30.383287	40.0	TRUE	A	7.199327E-4	115.0	0.009987354	0.8621671	102.67698	0.20723175	0.12653677	206.0	0.0
SPIKE	D115-116:A>	1	32772	3.0513853E-5	-1.0	39.986176	TRUE		NaN	NaN	NaN	NaN	NaN	NaN	NaN	NaN	NaN
SPIKE	S116:C>T	26	32772	7.933602E-4	79.51719	40.0	TRUE	C	1.640778E-4	27.0	0.009532749	0.9667648	87.88098	0.20107074	0.1355401	206.0	0.0
SPIKE	S116:C>G	38	32772	0.0011595264	115.640785	40.0	TRUE	C	1.8824285E-4	23.0	0.0041631064	0.9619642	89.504845	0.2693428	0.24181804	206.0	0.0
SPIKE	S116:C>A	3	32772	9.154156E-5	6.0206	40.0	TRUE	C	4.419113E-4	61.0	0.014527113	0.91298693	49.72074	0.24091484	0.16014358	206.0	0.0
SPIKE	D116-117:C>	6	32772	1.8308312E-4	-1.0	39.990967	TRUE		NaN	NaN	NaN	NaN	NaN	NaN	NaN	NaN	NaN
SPIKE	S117:C>T	13	32772	3.966801E-4	25.388708	40.0	TRUE	C	8.5685076E-4	141.0	0.009532749	0.83818936	87.88098	0.20107074	0.1355401	206.0	0.0
SPIKE	S117:C>G	4	32772	1.2205541E-4	5.449171	40.0	TRUE	C	7.325499E-4	7.0	0.0041631064	0.85992914	89.504845	0.2693428	0.24181804	206.0	1.0
SPIKE	S117:C>A	15	32772	4.577078E-4	-1.0	40.0	TRUE	C	1.3040006E-4	18.0	0.014527113	0.9734952	49.72074	0.24091484	0.16014358	206.0	0.0
SPIKE	S118:T>C	23	32772	7.018186E-4	51.26076	40.0	TRUE	T	6.8514503E-4	113.0	0.010309784	0.86836785	102.67698	0.20077412	0.13199373	206.0	0.0
SPIKE	S118:T>G	2	32772	6.1027706E-5	-1.0	40.0	TRUE	T	1.3060852E-4	17.0	0.0102549195	0.97345334	138.18727	0.25439125	0.120312944	206.0	0.0
SPIKE	S118:T>A	16	32772	4.8822165E-4	32.922462	40.0	TRUE	T	8.06634E-4	100.0	0.009112349	0.8469051	46.73295	0.2667811	0.12667388	206.0	0.0
SPIKE	D118-119:T>	3	32772	9.154156E-5	-1.0	39.98575	TRUE		NaN	NaN	NaN	NaN	NaN	NaN	NaN	NaN	NaN
SPIKE	S119:A>T	11	32772	3.3565238E-4	13.113978	40.0	TRUE	A	0.0012278055	151.0	0.008139206	0.7765238	46.73295	0.26866114	0.1362283	206.0	0.0
SPIKE	S119:A>C	1	32772	3.0513853E-5	1.0720997	40.0	TRUE	A	7.0266036E-4	263.0	0.009535578	0.8652403	138.18727	0.088400304	0.11609782	206.0	0.0
SPIKE	S119:A>G	26	32772	7.933602E-4	79.51719	40.0	TRUE	A	3.9439794E-4	63.0	0.009987354	0.9219669	102.67698	0.20723175	0.12653677	206.0	0.0
SPIKE	S120:T>C	41	32772	0.001251068	124.671684	40.0	TRUE	T	3.031615E-4	50.0	0.010309784	0.93945885	102.67698	0.20077412	0.13199373	206.0	0.0
SPIKE	S120:T>G	3	32772	9.154156E-5	3.748162	40.0	TRUE	T	8.6047966E-4	112.0	0.0102549195	0.837563	138.18727	0.25439125	0.120312944	206.0	0.0
SPIKE	S120:T>A	14	32772	4.2719394E-4	43.393585	40.0	TRUE	T	3.468526E-4	43.0	0.009112349	0.9310413	46.73295	0.2667811	0.12667388	206.0	0.0
SPIKE	D120-121:T>	2	32772	6.1027706E-5	-1.0	39.987488	TRUE		NaN	NaN	NaN	NaN	NaN	NaN	NaN	NaN	NaN
SPIKE	S121:G>T	1	32772	3.0513853E-5	0.3166301	40.0	TRUE	G	0.0013589127	172.0	0.011667246	0.7558321	49.72074	0.2619768	0.12495268	206.0	0.0
SPIKE	S121:G>C	32	32772	9.764433E-4	97.57899	40.0	TRUE	G	1.7506558E-4	22.0	0.0058362465	0.96457905	89.504845	0.26231498	0.1433389	206.0	0.0
SPIKE	S121:G>A	31	32772	9.4592944E-4	94.56869	40.0	TRUE	G	2.8646577E-4	46.0	0.009972996	0.9426955	87.88098	0.20614405	0.1252068	206.0	0.0
SPIKE	S122:T>C	37	32771	0.001129047	89.651054	40.0	TRUE	T	6.9122936E-4	114.0	0.010309784	0.8672801	102.67384	0.20077412	0.13199373	206.0	0.0
SPIKE	S122:T>G	1	32771	3.0514784E-5	0.3166301	40.0	TRUE	T	0.0012600265	164.0	0.0102549195	0.7713867	138.18306	0.25439125	0.120312944	206.0	0.0
SPIKE	S122:T>A	10	32771	3.0514784E-4	31.352386	40.0	TRUE	T	1.3713197E-4	17.0	0.009112349	0.9721461	46.731525	0.2667811	0.12667388	206.0	0.0
SPIKE	S123:G>C	15	32771	4.5772176E-4	46.403885	40.0	TRUE	G	2.06902E-4	26.0	0.0058362465	0.9582737	89.50211	0.26231498	0.1433389	206.0	0.0
SPIKE	S123:G>A	29	32771	8.8492874E-4	88.54809	40.0	TRUE	G	2.4910827E-4	40.0	0.009972996	0.9499781	87.878296	0.20614405	0.1252068	206.0	0.0
SPIKE	S123:G>T	0	32771	0.0	-1.0	0.0	TRUE	G	0.0011930354	151.0	0.011667246	0.7821058	49.719223	0.2619768	0.12495268	206.0	0.0
SPIKE	S124:T>C	40	32771	0.0012205914	108.40486	40.0	TRUE	T	6.184684E-4	102.0	0.010309784	0.88037753	102.67384	0.20077412	0.13199373	206.0	0.0
SPIKE	S124:T>G	4	32771	1.2205914E-4	2.4537697	40.0	TRUE	T	0.0012753927	166.0	0.0102549195	0.7689488	138.18306	0.25439125	0.120312944	206.0	0.0
SPIKE	S124:T>A	15	32771	4.5772176E-4	-1.0	40.0	TRUE	T	1.2099879E-4	15.0	0.009112349	0.9753823	46.731525	0.2667811	0.12667388	206.0	0.0
SPIKE	D124-126:TG>	2	32771	6.102957E-5	-1.0	39.98584	TRUE		NaN	NaN	NaN	NaN	NaN	NaN	NaN	NaN	NaN
SPIKE	S125:G>T	3	32771	9.154435E-5	10.280287	40.0	TRUE	G	3.5554034E-4	45.0	0.011667246	0.92937654	49.719223	0.2619768	0.12495268	206.0	0.0
SPIKE	S125:G>C	9	32771	2.7463306E-4	15.850103	40.0	TRUE	G	8.59439E-4	108.0	0.0058362465	0.83774257	89.50211	0.26231498	0.1433389	206.0	0.0
SPIKE	S125:G>A	24	32771	7.323548E-4	73.49659	40.0	TRUE	G	3.3006846E-4	53.0	0.009972996	0.934266	87.878296	0.20614405	0.1252068	206.0	0.0
SPIKE	I126:>TG	1	32770	3.0515715E-5	-1.0	39.95621	TRUE		NaN	NaN	NaN	NaN	NaN	NaN	NaN	NaN	NaN
SPIKE	S126:C>T	35	32770	0.00106805	93.899216	40.0	TRUE	C	5.7126867E-4	94.0	0.009532749	0.88897926	87.87562	0.20107074	0.1355401	206.0	0.0
SPIKE	S126:C>G	11	32770	3.3567287E-4	13.113978	40.0	TRUE	C	0.001407815	172.0	0.0041631064	0.74825615	89.49938	0.2693428	0.24181804	206.0	0.0
SPIKE	S126:C>A	9	32770	2.7464144E-4	28.342087	40.0	TRUE	C	1.3765291E-4	19.0	0.014527113	0.9720418	49.71771	0.24091484	0.16014358	206.0	0.0
SPIKE	D126-127:C>	22	32770	6.7134574E-4	-1.0	39.95621	TRUE		NaN	NaN	NaN	NaN	NaN	NaN	NaN	NaN	NaN
SPIKE	D126-128:CG>	4	32770	1.2206286E-4	-1.0	39.95621	TRUE		NaN	NaN	NaN	NaN	NaN	NaN	NaN	NaN	NaN
SPIKE	S127:G>C	13	32770	3.967043E-4	31.537222	40.0	TRUE	G	6.127669E-4	77.0	0.0058362465	0.8814121	89.49938	0.26231498	0.1433389	206.0	0.0
SPIKE	S127:G>A	42	32770	0.00128166	127.681984	40.0	TRUE	G	3.1139483E-4	50.0	0.009972996	0.9378668	87.87562	0.20614405	0.1252068	206.0	0.0
SPIKE	D127-128:G>	2	32770	6.103143E-5	-1.0	39.985077	TRUE		NaN	NaN	NaN	NaN	NaN	NaN	NaN	NaN	NaN
SPIKE	S127:G>T	0	32770	0.0	-1.0	0.0	TRUE	G	3.9282645E-4	7.0	0.011667246	0.9222654	49.71771	0.2619768	0.12495268	206.0	1.0
SPIKE	S128:G>A	15	32770	4.5773573E-4	37.025364	40.0	TRUE	G	4.110412E-4	66.0	0.009972996	0.9188113	87.87562	0.20614405	0.1252068	206.0	0.0
SPIKE	S128:G>C	16	32770	4.8825145E-4	32.922462	40.0	TRUE	G	8.833393E-4	111.0	0.0058362465	0.8336281	89.49938	0.26231498	0.1433389	206.0	0.0
SPIKE	S128:G>T	4	32770	1.2206286E-4	13.290587	40.0	TRUE	G	3.9282645E-4	7.0	0.011667246	0.9222654	49.71771	0.2619768	0.12495268	206.0	1.0
SPIKE	S129:C>A	4	32770	1.2206286E-4	13.290587	40.0	TRUE	C	2.3908136E-4	33.0	0.014527113	0.9519424	49.71771	0.24091484	0.16014358	206.0	0.0
SPIKE	S129:C>G	14	32770	4.2722002E-4	15.810462	40.0	TRUE	C	0.0015142197	185.0	0.0041631064	0.7320333	89.49938	0.2693428	0.24181804	206.0	0.0
SPIKE	S129:C>T	49	32770	0.0014952701	134.66039	40.0	TRUE	C	4.314902E-4	71.0	0.009532749	0.914949	87.87562	0.20107074	0.1355401	206.0	0.0
SPIKE	D129-130:C>	15	32770	4.5773573E-4	-1.0	39.967167	TRUE		NaN	NaN	NaN	NaN	NaN	NaN	NaN	NaN	NaN
SPIKE	S130:G>A	47	32770	0.0014342386	128.81238	40.0	TRUE	G	4.8577596E-4	78.0	0.009972996	0.90477425	87.87562	0.20614405	0.1252068	206.0	0.0
SPIKE	S130:G>C	11	32770	3.3567287E-4	26.1236	40.0	TRUE	G	5.7297683E-4	72.0	0.0058362465	0.8886665	89.49938	0.26231498	0.1433389	206.0	0.0
SPIKE	S130:G>T	1	32770	3.0515715E-5	4.2596874	40.0	TRUE	G	3.9282645E-4	2.0	0.011667246	0.9222654	49.71771	0.2619768	0.12495268	206.0	1.0
SPIKE	D130-131:G>	3	32770	9.154715E-5	-1.0	39.975525	TRUE		NaN	NaN	NaN	NaN	NaN	NaN	NaN	NaN	NaN
SPIKE	D130-133:GGC>	12	32770	3.661886E-4	-1.0	39.975525	TRUE		NaN	NaN	NaN	NaN	NaN	NaN	NaN	NaN	NaN
SPIKE	S131:G>A	17	32770	5.1876716E-4	42.57172	40.0	TRUE	G	5.3559913E-4	86.0	0.009972996	0.89553547	87.87562	0.20614405	0.1252068	206.0	0.0
SPIKE	S131:G>C	27	32770	8.239243E-4	54.85469	40.0	TRUE	G	0.0010663735	134.0	0.0058362465	0.8027813	89.49938	0.26231498	0.1433389	206.0	0.0
SPIKE	S131:G>T	4	32770	1.2206286E-4	13.290587	40.0	TRUE	G	3.9282645E-4	7.0	0.011667246	0.9222654	49.71771	0.2619768	0.12495268	206.0	1.0
SPIKE	I132:>C	1	32770	3.0515715E-5	-1.0	39.968693	TRUE		NaN	NaN	NaN	NaN	NaN	NaN	NaN	NaN	NaN
SPIKE	S132:C>A	1	32770	3.0515715E-5	0.57991946	40.0	TRUE	C	0.0010939784	151.0	0.014527113	0.79822916	49.71771	0.24091484	0.16014358	206.0	0.0
SPIKE	S132:C>G	30	32770	9.1547146E-4	70.25505	40.0	TRUE	C	7.857572E-4	96.0	0.0041631064	0.8505552	89.49938	0.2693428	0.24181804	206.0	0.0
SPIKE	S132:C>T	21	32770	6.4083E-4	64.46568	40.0	TRUE	C	3.889489E-4	64.0	0.009532749	0.92300236	87.87562	0.20107074	0.1355401	206.0	0.0
SPIKE	S133:A>G	6	32770	1.830943E-4	9.311187	40.0	TRUE	A	8.5145066E-4	136.0	0.009987354	0.8391223	102.670715	0.20723175	0.12653677	206.0	0.0
SPIKE	S133:A>C	1	32770	3.0515715E-5	0.0011929893	40.0	TRUE	A	0.0037807038	1415.0	0.009535578	0.45894498	138.17883	0.088400304	0.11609782	206.0	0.0
SPIKE	S133:A>T	0	32770	0.0	-1.0	0.0	TRUE	A	3.799932E-4	4.0	0.008139206	0.92470676	46.7301	0.26866114	0.1362283	206.0	1.0
SPIKE	S134:G>A	54	32770	0.0016478486	127.85742	40.0	TRUE	G	0.0010276029	165.0	0.009972996	0.8092186	87.87562	0.20614405	0.1252068	206.0	0.0
SPIKE	S134:G>C	3	32770	9.154715E-5	2.3797824	40.0	TRUE	G	0.0011220797	141.0	0.0058362465	0.79362166	89.49938	0.26231498	0.1433389	206.0	0.0
SPIKE	S134:G>T	1	32770	3.0515715E-5	4.2596874	40.0	TRUE	G	2.2913299E-4	29.0	0.011667246	0.9538953	49.71771	0.2619768	0.12495268	206.0	0.0
SPIKE	I135:>C	2	32770	6.103143E-5	-1.0	39.989105	TRUE		NaN	NaN	NaN	NaN	NaN	NaN	NaN	NaN	NaN
SPIKE	S135:C>A	17	32770	5.1876716E-4	52.424488	40.0	TRUE	C	3.8397915E-4	53.0	0.014527113	0.9239478	49.71771	0.24091484	0.16014358	206.0	0.0
SPIKE	S135:C>G	3	32770	9.154715E-5	3.748162	40.0	TRUE	C	7.530173E-4	92.0	0.0041631064	0.8563111	89.49938	0.2693428	0.24181804	206.0	0.0
SPIKE	S135:C>T	18	32770	5.492829E-4	45.363	40.0	TRUE	C	5.7126867E-4	94.0	0.009532749	0.88897926	87.87562	0.20107074	0.1355401	206.0	0.0
SPIKE	D135-136:C>	21	32770	6.4083E-4	-1.0	39.989105	TRUE		NaN	NaN	NaN	NaN	NaN	NaN	NaN	NaN	NaN
SPIKE	S136:C>A	8	32770	2.4412572E-4	18.199682	40.0	TRUE	C	5.795912E-4	80.0	0.014527113	0.8874565	49.71771	0.24091484	0.16014358	206.0	0.0
SPIKE	S136:C>G	2	32770	6.103143E-5	7.269987	40.0	TRUE	C	2.7010404E-4	33.0	0.0041631064	0.9458782	89.49938	0.2693428	0.24181804	206.0	0.0
SPIKE	S136:C>T	20	32770	6.103143E-4	37.181473	40.0	TRUE	C	0.0010939188	180.0	0.009532749	0.798239	87.87562	0.20107074	0.1355401	206.0	0.0
SPIKE	I137:>T	3	32750	9.1603055E-5	-1.0	38.73539	TRUE		NaN	NaN	NaN	NaN	NaN	NaN	NaN	NaN	NaN
SPIKE	S137:T>A	22	32750	6.717557E-4	56.62427	37.81818	TRUE	T	4.68162E-4	58.0	0.009112349	0.9080631	46.70158	0.2667811	0.12667388	206.0	0.0
SPIKE	S137:T>G	4	32750	1.2213741E-4	3.6487768	39.5	TRUE	T	0.0011762663	153.0	0.0102549195	0.78481215	138.0945	0.25439125	0.120312944	206.0	0.0
SPIKE	S137:T>C	2	32750	6.1068706E-5	2.2639637	37.0	TRUE	T	6.9167255E-4	114.0	0.010309784	0.867201	102.608055	0.20077412	0.13199373	206.0	0.0
SPIKE	D137-138:T>	20	32750	6.10687E-4	-1.0	38.73539	TRUE		NaN	NaN	NaN	NaN	NaN	NaN	NaN	NaN	NaN
SPIKE	I138:>G	3	32746	9.1614245E-5	-1.0	38.743176	TRUE		NaN	NaN	NaN	NaN	NaN	NaN	NaN	NaN	NaN
SPIKE	S138:G>A	15	32746	4.580712E-4	21.102957	37.2	TRUE	G	0.0013150494	211.0	0.009972996	0.76269263	87.81126	0.20614405	0.1252068	206.0	0.0
SPIKE	D138-139:G>	4	32746	1.2215233E-4	-1.0	38.743176	TRUE		NaN	NaN	NaN	NaN	NaN	NaN	NaN	NaN	NaN
SPIKE	D138-142:GATT>	3	32746	9.1614245E-5	-1.0	38.743176	TRUE		NaN	NaN	NaN	NaN	NaN	NaN	NaN	NaN	NaN
SPIKE	S138:G>C	0	32746	0.0	-1.0	0.0	TRUE	G	7.963844E-5	10.0	0.0058362465	0.9837283	89.43384	0.26231498	0.1433389	206.0	0.0
SPIKE	S138:G>T	0	32746	0.0	-1.0	0.0	TRUE	G	9.251106E-4	117.0	0.011667246	0.8264856	49.681293	0.2619768	0.12495268	206.0	0.0
SPIKE	S139:A>T	2	32743	6.108176E-5	0.47457275	38.5	TRUE	A	0.0017578866	216.0	0.008139206	0.6961956	46.691597	0.26866114	0.1362283	206.0	0.0
SPIKE	D139-140:A>	17	32743	5.1919493E-4	-1.0	38.124577	TRUE		NaN	NaN	NaN	NaN	NaN	NaN	NaN	NaN	NaN
SPIKE	D139-141:AT>	3	32743	9.1622634E-5	-1.0	38.124577	TRUE		NaN	NaN	NaN	NaN	NaN	NaN	NaN	NaN	NaN
SPIKE	I139:>A	2	32743	6.108176E-5	-1.0	38.124577	TRUE		NaN	NaN	NaN	NaN	NaN	NaN	NaN	NaN	NaN
SPIKE	S139:A>G	0	32743	0.0	-1.0	0.0	TRUE	A	4.8246887E-4	77.0	0.009987354	0.9053908	102.58612	0.20723175	0.12653677	206.0	0.0
SPIKE	S139:A>C	0	32743	0.0	-1.0	0.0	TRUE	A	0.0070595676	2640.0	0.009535578	0.23357059	138.06499	0.088400304	0.11609782	206.0	0.0
SPIKE	I140:>T	8	32743	2.4432704E-4	-1.0	38.68219	TRUE		NaN	NaN	NaN	NaN	NaN	NaN	NaN	NaN	NaN
SPIKE	I140:>TT	1	32743	3.054088E-5	-1.0	38.68219	TRUE		NaN	NaN	NaN	NaN	NaN	NaN	NaN	NaN	NaN
SPIKE	D140-143:TTA>	3	32743	9.1622634E-5	-1.0	38.68219	TRUE		NaN	NaN	NaN	NaN	NaN	NaN	NaN	NaN	NaN
SPIKE	S140:T>A	4	32743	1.2216352E-4	3.6487768	38.75	TRUE	T	9.5267117E-4	118.0	0.009112349	0.82180655	46.691597	0.2667811	0.12667388	206.0	0.0
SPIKE	S140:T>G	2	32743	6.108176E-5	7.269987	38.0	TRUE	T	3.306553E-4	43.0	0.0102549195	0.934153	138.06499	0.25439125	0.120312944	206.0	0.0
SPIKE	S140:T>C	1	32743	3.054088E-5	-1.0	37.0	TRUE	T	1.3350921E-4	22.0	0.010309784	0.97287184	102.58612	0.20077412	0.13199373	206.0	0.0
SPIKE	D140-141:T>	51	32743	0.0015575849	-1.0	38.68219	TRUE		NaN	NaN	NaN	NaN	NaN	NaN	NaN	NaN	NaN
SPIKE	S141:T>A	17	32738	5.192742E-4	13.389667	37.82353	TRUE	T	0.0024466394	303.0	0.009112349	0.60410476	46.684467	0.2667811	0.12667388	206.0	0.0
SPIKE	S141:T>G	3	32738	9.163663E-5	6.0206	38.666668	TRUE	T	4.6914082E-4	61.0	0.0102549195	0.90788007	138.0439	0.25439125	0.120312944	206.0	0.0
SPIKE	S141:T>C	1	32738	3.0545543E-5	4.2596874	40.0	TRUE	T	3.7024118E-4	61.0	0.010309784	0.9265663	102.57046	0.20077412	0.13199373	206.0	0.0
SPIKE	S142:A>T	1	32733	3.055021E-5	0.57991946	39.0	TRUE	A	9.850429E-4	121.0	0.008139206	0.8163445	46.677338	0.26866114	0.1362283	206.0	0.0
SPIKE	D142-143:A>	14	32733	4.2770294E-4	-1.0	38.339474	TRUE		NaN	NaN	NaN	NaN	NaN	NaN	NaN	NaN	NaN
SPIKE	D142-144:AG>	1	32733	3.055021E-5	-1.0	38.339474	TRUE		NaN	NaN	NaN	NaN	NaN	NaN	NaN	NaN	NaN
SPIKE	D142-145:AGC>	2	32733	6.110042E-5	-1.0	38.339474	TRUE		NaN	NaN	NaN	NaN	NaN	NaN	NaN	NaN	NaN
SPIKE	S142:A>G	0	32733	0.0	-1.0	0.0	TRUE	A	0.002124765	339.0	0.009987354	0.64551836	102.55479	0.20723175	0.12653677	206.0	0.0
SPIKE	S142:A>C	0	32733	0.0	-1.0	0.0	TRUE	A	5.965017E-4	223.0	0.009535578	0.8843703	138.02283	0.088400304	0.11609782	206.0	0.0
SPIKE	I143:>G	3	32733	9.1650625E-5	-1.0	38.596004	TRUE		NaN	NaN	NaN	NaN	NaN	NaN	NaN	NaN	NaN
SPIKE	S143:G>A	17	32733	5.1935355E-4	29.928427	36.235294	TRUE	G	0.0010848789	174.0	0.009972996	0.79972684	87.7764	0.20614405	0.1252068	206.0	0.0
SPIKE	D143-144:G>	17	32733	5.1935355E-4	-1.0	38.596004	TRUE		NaN	NaN	NaN	NaN	NaN	NaN	NaN	NaN	NaN
SPIKE	S143:G>C	0	32733	0.0	-1.0	0.0	TRUE	G	0.0030194956	379.0	0.0058362465	0.53686094	89.39833	0.26231498	0.1433389	206.0	0.0
SPIKE	S143:G>T	0	32733	0.0	-1.0	0.0	TRUE	G	1.8193158E-4	23.0	0.011667246	0.9632157	49.66157	0.2619768	0.12495268	206.0	0.0
SPIKE	I144:>C	15	32729	4.5830914E-4	-1.0	38.770508	TRUE		NaN	NaN	NaN	NaN	NaN	NaN	NaN	NaN	NaN
SPIKE	S144:C>G	5	32729	1.5276972E-4	2.5063212	37.6	TRUE	C	0.0016636306	203.0	0.0041631064	0.70984554	89.387405	0.2693428	0.24181804	206.0	0.0
SPIKE	S144:C>A	2	32729	6.110789E-5	7.269987	36.0	TRUE	C	2.0311103E-4	28.0	0.014527113	0.9590224	49.655502	0.24091484	0.16014358	206.0	0.0
SPIKE	S144:C>T	7	32729	2.138776E-4	15.631419	37.714287	TRUE	C	5.0505E-4	83.0	0.009532749	0.90118897	87.76567	0.20107074	0.1355401	206.0	0.0
SPIKE	D144-145:C>	30	32729	9.166183E-4	-1.0	38.770508	TRUE		NaN	NaN	NaN	NaN	NaN	NaN	NaN	NaN	NaN
SPIKE	S145:C>G	2	32724	6.111722E-5	2.2639637	39.5	TRUE	C	7.540759E-4	92.0	0.0041631064	0.85612434	89.37375	0.2693428	0.24181804	206.0	0.0
SPIKE	S145:C>A	2	32724	6.111722E-5	7.269987	38.0	TRUE	C	2.5392757E-4	35.0	0.014527113	0.94903547	49.64792	0.24091484	0.16014358	206.0	0.0
SPIKE	S145:C>T	5	32724	1.5279306E-4	10.658173	38.0	TRUE	C	6.451022E-4	106.0	0.009532749	0.87556046	87.752266	0.20107074	0.1355401	206.0	0.0
SPIKE	S146:C>G	2	32715	6.113404E-5	0.0100180255	39.0	TRUE	C	0.0035336532	431.0	0.0041631064	0.4829063	89.349174	0.2693428	0.24181804	206.0	0.0
SPIKE	S146:C>A	1	32715	3.056702E-5	4.2596874	38.0	TRUE	C	3.0479694E-4	42.0	0.014527113	0.9391424	49.634262	0.24091484	0.16014358	206.0	0.0
SPIKE	S146:C>T	6	32715	1.8340211E-4	9.311187	38.5	TRUE	C	9.192191E-4	151.0	0.009532749	0.82748926	87.72813	0.20107074	0.1355401	206.0	0.0
SPIKE	S147:G>A	18	32690	5.506271E-4	32.319016	37.22222	TRUE	G	0.0010051453	161.0	0.009972996	0.81297094	87.66109	0.20614405	0.1252068	206.0	0.0
SPIKE	S147:G>C	0	32690	0.0	-1.0	0.0	TRUE	G	0.0018029121	226.0	0.0058362465	0.6897681	89.28089	0.26231498	0.1433389	206.0	0.0
SPIKE	S147:G>T	0	32690	0.0	-1.0	0.0	TRUE	G	0.0031048255	392.0	0.011667246	0.52750653	49.596333	0.2619768	0.12495268	206.0	0.0
SPIKE	S148:T>G	4	32679	1.2240277E-4	0.0106251985	37.75	TRUE	T	0.0045380793	589.0	0.0102549195	0.392647	137.79512	0.25439125	0.120312944	206.0	0.0
SPIKE	S148:T>A	5	32679	1.5300346E-4	10.658173	37.0	TRUE	T	4.8535774E-4	60.0	0.009112349	0.90485215	46.60033	0.2667811	0.12667388	206.0	0.0
SPIKE	S148:T>C	0	32679	0.0	-1.0	0.0	TRUE	T	8.5126795E-4	140.0	0.010309784	0.8391539	102.385605	0.20077412	0.13199373	206.0	0.0
SPIKE	S149:G>A	17	32666	5.204188E-4	29.928427	37.411766	TRUE	G	9.6214964E-4	154.0	0.009972996	0.8202035	87.59673	0.20614405	0.1252068	206.0	0.0
SPIKE	S149:G>C	0	32666	0.0	-1.0	0.0	TRUE	G	0.0031853558	399.0	0.0058362465	0.51882774	89.21535	0.26231498	0.1433389	206.0	0.0
SPIKE	S149:G>T	0	32666	0.0	-1.0	0.0	TRUE	G	0.002195583	277.0	0.011667246	0.6361696	49.55992	0.2619768	0.12495268	206.0	0.0
SPIKE	S150:C>A	0	32613	0.0	-1.0	0.0	TRUE	C	2.1111323E-4	29.0	0.014527113	0.95744276	49.47951	0.24091484	0.16014358	206.0	0.0
SPIKE	S150:C>G	0	32613	0.0	-1.0	0.0	TRUE	C	0.0030018964	365.0	0.0041631064	0.53881085	89.070595	0.2693428	0.24181804	206.0	0.0
SPIKE	S150:C>T	0	32613	0.0	-1.0	0.0	TRUE	C	0.0027784952	455.0	0.009532749	0.5641867	87.454605	0.20107074	0.1355401	206.0	0.0
SPIKE	S151:T>A	0	32569	0.0	-1.0	0.0	TRUE	T	1.7044896E-4	21.0	0.009112349	0.9654968	46.44347	0.2667811	0.12667388	206.0	0.0
SPIKE	S151:T>G	0	32569	0.0	-1.0	0.0	TRUE	T	0.003973601	514.0	0.0102549195	0.44106555	137.3313	0.25439125	0.120312944	206.0	0.0
SPIKE	S151:T>C	0	32569	0.0	-1.0	0.0	TRUE	T	0.0020438423	335.0	0.010309784	0.6563694	102.04097	0.20077412	0.13199373	206.0	0.0
SPIKE	S152:G>A	0	32476	0.0	-1.0	0.0	TRUE	G	9.7406295E-4	155.0	0.009972996	0.8181931	87.087234	0.20614405	0.1252068	206.0	0.0
SPIKE	S152:G>C	0	32476	0.0	-1.0	0.0	TRUE	G	9.636065E-5	12.0	0.0058362465	0.9803454	88.69643	0.26231498	0.1433389	206.0	0.0
SPIKE	S152:G>T	0	32476	0.0	-1.0	0.0	TRUE	G	0.0017380409	218.0	0.011667246	0.6990476	49.27166	0.2619768	0.12495268	206.0	0.0
SPIKE	S153:G>A	0	32262	0.0	-1.0	0.0	TRUE	G	7.464635E-4	118.0	0.009972996	0.85746795	86.513374	0.20614405	0.1252068	206.0	0.0
SPIKE	S153:G>C	0	32262	0.0	-1.0	0.0	TRUE	G	9.699983E-5	12.0	0.0058362465	0.9802163	88.11197	0.26231498	0.1433389	206.0	0.0
SPIKE	S153:G>T	0	32262	0.0	-1.0	0.0	TRUE	G	8.025549E-5	10.0	0.011667246	0.9836033	48.946983	0.2619768	0.12495268	206.0	0.0
