#pipeline_block
reference	mutation	count	coverage	freq	score	cqs	has.reference	ancestral.allele	error.rate	minor.count.local	minor.fdr	minor.recall	minor.count.global	read.fraction.in.minors	q.filtered.read.fraction	mig.size	global.est
SPIKE	S0:T>A	0	31732	0.0	-1.0	0.0	TRUE	T	2.5962794E-5	2.0	0.071341604	0.995105	5.760162	0.15401329	0.059113387	189.0	1.0
SPIKE	S0:T>G	0	31732	0.0	-1.0	0.0	TRUE	T	1.20821824E-4	2.0	0.040438615	0.9774234	17.282589	0.23118585	0.06611373	189.0	1.0
SPIKE	S0:T>C	0	31732	0.0	-1.0	0.0	TRUE	T	1.0196471E-4	35.0	0.020437036	0.98091316	41.30171	0.094372824	0.07980102	189.0	0.0
SPIKE	S1:A>G	0	31752	0.0	-1.0	0.0	TRUE	A	1.1614962E-4	52.0	0.021842685	0.9782869	41.32774	0.07250648	0.07005005	189.0	0.0
SPIKE	S1:A>C	0	31752	0.0	-1.0	0.0	TRUE	A	2.6237933E-5	3.0	0.06493231	0.9950533	17.293482	0.05151992	0.096496105	189.0	1.0
SPIKE	S1:A>T	0	31752	0.0	-1.0	0.0	TRUE	A	3.0347135E-5	5.0	0.071847595	0.9942808	5.763792	0.1801197	0.07195802	189.0	1.0
SPIKE	S2:G>A	0	31780	0.0	-1.0	0.0	TRUE	G	9.012858E-5	36.0	0.021830773	0.98310995	33.979046	0.08133921	0.07621698	189.0	0.0
SPIKE	S2:G>C	0	31780	0.0	-1.0	0.0	TRUE	G	8.609998E-5	1.0	0.038940944	0.98385876	12.551076	0.22684328	0.07430143	189.0	1.0
SPIKE	S2:G>T	0	31780	0.0	-1.0	0.0	TRUE	G	9.394913E-5	0.0	0.05456772	0.98240036	12.349248	0.2557265	0.060964193	189.0	1.0
SPIKE	S3:C>A	0	31815	0.0	-1.0	0.0	TRUE	C	1.6228696E-5	0.0	0.042887203	0.99693745	12.362848	0.043634888	0.11813108	189.0	1.0
SPIKE	S3:C>G	0	31815	0.0	-1.0	0.0	TRUE	C	5.329953E-4	79.0	0.02621942	0.9041716	12.5648985	0.22042818	0.1480722	189.0	0.0
SPIKE	S3:C>T	0	31815	0.0	-1.0	0.0	TRUE	C	1.6585532E-4	57.0	0.020469112	0.9691396	34.016468	0.094507955	0.074984655	189.0	0.0
SPIKE	S4:G>A	23	31854	7.220443E-4	-1.0	40.0	TRUE	G	1.07403495E-4	43.0	0.021830773	0.97990537	34.058167	0.08133921	0.07621698	189.0	0.0
SPIKE	S4:G>C	0	31854	0.0	-1.0	0.0	TRUE	G	8.212838E-5	12.0	0.038940944	0.98459756	12.5803	0.22684328	0.07430143	189.0	0.0
SPIKE	S4:G>T	0	31854	0.0	-1.0	0.0	TRUE	G	9.394913E-5	1.0	0.05456772	0.98240036	12.378003	0.2557265	0.060964193	189.0	1.0
SPIKE	S5:T>A	3	31870	9.413241E-5	-1.0	40.0	TRUE	T	2.5962794E-5	0.0	0.071341604	0.995105	5.785212	0.15401329	0.059113387	189.0	1.0
SPIKE	S5:T>C	2	31870	6.2754945E-5	7.269987	40.0	TRUE	T	1.5953644E-4	55.0	0.020437036	0.97029763	41.481327	0.094372824	0.07980102	189.0	0.0
SPIKE	S5:T>G	0	31870	0.0	-1.0	0.0	TRUE	T	1.18331634E-4	17.0	0.040438615	0.9778836	17.35775	0.23118585	0.06611373	189.0	0.0
SPIKE	S6:G>A	14	31884	4.390917E-4	-1.0	40.0	TRUE	G	2.4954055E-5	10.0	0.021830773	0.9952948	34.09024	0.08133921	0.07621698	189.0	0.0
SPIKE	S6:G>C	0	31884	0.0	-1.0	0.0	TRUE	G	8.609998E-5	0.0	0.038940944	0.98385876	12.592149	0.22684328	0.07430143	189.0	1.0
SPIKE	S6:G>T	0	31884	0.0	-1.0	0.0	TRUE	G	1.1374298E-4	15.0	0.05456772	0.978732	12.389661	0.2557265	0.060964193	189.0	0.0
SPIKE	S7:A>G	2	31891	6.271362E-5	-1.0	40.0	TRUE	A	5.5597775E-5	25.0	0.021842685	0.989547	41.50866	0.07250648	0.07005005	189.0	0.0
SPIKE	S7:A>C	1	31891	3.135681E-5	-1.0	40.0	TRUE	A	2.6237933E-5	0.0	0.06493231	0.9950533	17.369188	0.05151992	0.096496105	189.0	1.0
SPIKE	D7-8:A>	31	31891	9.7206107E-4	-1.0	39.999813	TRUE		NaN	NaN	NaN	NaN	NaN	NaN	NaN	NaN	NaN
SPIKE	S7:A>T	0	31891	0.0	-1.0	0.0	TRUE	A	3.0347135E-5	0.0	0.071847595	0.9942808	5.7890244	0.1801197	0.07195802	189.0	1.0
SPIKE	S8:A>G	4	31891	1.2542724E-4	-1.0	40.0	TRUE	A	8.450862E-5	38.0	0.021842685	0.98415476	41.50866	0.07250648	0.07005005	189.0	0.0
SPIKE	S8:A>C	2	31891	6.271362E-5	-1.0	40.0	TRUE	A	2.6237933E-5	1.0	0.06493231	0.9950533	17.369188	0.05151992	0.096496105	189.0	1.0
SPIKE	S8:A>T	1	31891	3.135681E-5	-1.0	40.0	TRUE	A	3.0347135E-5	2.0	0.071847595	0.9942808	5.7890244	0.1801197	0.07195802	189.0	1.0
SPIKE	S9:G>A	18	31895	5.643518E-4	-1.0	40.0	TRUE	G	8.231998E-5	33.0	0.021830773	0.9845619	34.102005	0.08133921	0.07621698	189.0	0.0
SPIKE	D9-10:G>	12	31895	3.7623453E-4	-1.0	39.97934	TRUE		NaN	NaN	NaN	NaN	NaN	NaN	NaN	NaN	NaN
SPIKE	D9-11:GA>	4	31895	1.254115E-4	-1.0	39.97934	TRUE		NaN	NaN	NaN	NaN	NaN	NaN	NaN	NaN	NaN
SPIKE	S9:G>C	0	31895	0.0	-1.0	0.0	TRUE	G	8.609998E-5	0.0	0.038940944	0.98385876	12.596493	0.22684328	0.07430143	189.0	1.0
SPIKE	S9:G>T	0	31895	0.0	-1.0	0.0	TRUE	G	9.394913E-5	0.0	0.05456772	0.98240036	12.393935	0.2557265	0.060964193	189.0	1.0
SPIKE	S10:A>G	7	31895	2.1947014E-4	22.321487	40.0	TRUE	A	1.7121967E-4	77.0	0.021842685	0.9681575	41.513866	0.07250648	0.07005005	189.0	0.0
SPIKE	S10:A>C	4	31895	1.254115E-4	-1.0	40.0	TRUE	A	2.6237933E-5	6.0	0.06493231	0.9950533	17.371367	0.05151992	0.096496105	189.0	1.0
SPIKE	D10-11:A>	6	31895	1.8811726E-4	-1.0	39.986332	TRUE		NaN	NaN	NaN	NaN	NaN	NaN	NaN	NaN	NaN
SPIKE	S10:A>T	0	31895	0.0	-1.0	0.0	TRUE	A	3.0347135E-5	1.0	0.071847595	0.9942808	5.7897506	0.1801197	0.07195802	189.0	1.0
SPIKE	S11:C>G	2	31895	6.270575E-5	-1.0	40.0	TRUE	C	8.477255E-5	1.0	0.02621942	0.98410565	12.596493	0.22042818	0.1480722	189.0	1.0
SPIKE	S11:C>T	15	31895	4.7029316E-4	46.403885	40.0	TRUE	C	1.5092711E-4	52.0	0.020469112	0.97187775	34.102005	0.094507955	0.074984655	189.0	0.0
SPIKE	D11-12:C>	13	31895	4.075874E-4	-1.0	39.982975	TRUE		NaN	NaN	NaN	NaN	NaN	NaN	NaN	NaN	NaN
SPIKE	S11:C>A	0	31895	0.0	-1.0	0.0	TRUE	C	1.7022281E-5	13.0	0.042887203	0.99678797	12.393935	0.043634888	0.11813108	189.0	0.0
SPIKE	S12:G>A	17	31895	5.329989E-4	-1.0	40.0	TRUE	G	7.23418E-5	29.0	0.021830773	0.98642045	34.102005	0.08133921	0.07621698	189.0	0.0
SPIKE	D12-13:G>	19	31895	5.9570465E-4	-1.0	39.972317	TRUE		NaN	NaN	NaN	NaN	NaN	NaN	NaN	NaN	NaN
SPIKE	D12-14:GA>	2	31895	6.270575E-5	-1.0	39.972317	TRUE		NaN	NaN	NaN	NaN	NaN	NaN	NaN	NaN	NaN
SPIKE	S12:G>C	0	31895	0.0	-1.0	0.0	TRUE	G	8.885805E-5	13.0	0.038940944	0.98334605	12.596493	0.22684328	0.07430143	189.0	0.0
SPIKE	S12:G>T	0	31895	0.0	-1.0	0.0	TRUE	G	9.394913E-5	1.0	0.05456772	0.98240036	12.393935	0.2557265	0.060964193	189.0	1.0
SPIKE	S13:A>G	11	31895	3.4488164E-4	34.362686	40.0	TRUE	A	3.3132118E-4	149.0	0.021842685	0.9393006	41.513866	0.07250648	0.07005005	189.0	0.0
SPIKE	S13:A>C	1	31895	3.1352876E-5	-1.0	40.0	TRUE	A	2.6237933E-5	6.0	0.06493231	0.9950533	17.371367	0.05151992	0.096496105	189.0	1.0
SPIKE	D13-14:A>	16	31895	5.01646E-4	-1.0	39.976234	TRUE		NaN	NaN	NaN	NaN	NaN	NaN	NaN	NaN	NaN
SPIKE	S13:A>T	0	31895	0.0	-1.0	0.0	TRUE	A	3.0347135E-5	6.0	0.071847595	0.9942808	5.7897506	0.1801197	0.07195802	189.0	1.0
SPIKE	D14-16:CA>	1	31895	3.1352876E-5	-1.0	39.981815	TRUE		NaN	NaN	NaN	NaN	NaN	NaN	NaN	NaN	NaN
SPIKE	S14:C>G	1	31895	3.1352876E-5	-1.0	40.0	TRUE	C	8.477255E-5	0.0	0.02621942	0.98410565	12.596493	0.22042818	0.1480722	189.0	1.0
SPIKE	S14:C>T	7	31895	2.1947014E-4	-1.0	40.0	TRUE	C	6.095133E-5	21.0	0.020469112	0.9885463	34.102005	0.094507955	0.074984655	189.0	0.0
SPIKE	D14-15:C>	12	31895	3.7623453E-4	-1.0	39.981815	TRUE		NaN	NaN	NaN	NaN	NaN	NaN	NaN	NaN	NaN
SPIKE	S14:C>A	0	31895	0.0	-1.0	0.0	TRUE	C	2.3569311E-5	18.0	0.042887203	0.9955553	12.393935	0.043634888	0.11813108	189.0	0.0
SPIKE	S15:A>G	2	31895	6.270575E-5	-1.0	40.0	TRUE	A	7.560349E-5	34.0	0.021842685	0.98581254	41.513866	0.07250648	0.07005005	189.0	0.0
SPIKE	S15:A>C	2	31895	6.270575E-5	-1.0	40.0	TRUE	A	2.7187429E-5	18.0	0.06493231	0.9948748	17.371367	0.05151992	0.096496105	189.0	0.0
SPIKE	D15-16:A>	10	31895	3.1352876E-4	-1.0	39.986015	TRUE		NaN	NaN	NaN	NaN	NaN	NaN	NaN	NaN	NaN
SPIKE	S15:A>T	0	31895	0.0	-1.0	0.0	TRUE	A	3.0347135E-5	2.0	0.071847595	0.9942808	5.7897506	0.1801197	0.07195802	189.0	1.0
SPIKE	S16:G>A	14	31895	4.3894027E-4	-1.0	40.0	TRUE	G	9.978179E-5	40.0	0.021830773	0.98131794	34.102005	0.08133921	0.07621698	189.0	0.0
SPIKE	D16-17:G>	6	31895	1.8811726E-4	-1.0	39.990406	TRUE		NaN	NaN	NaN	NaN	NaN	NaN	NaN	NaN	NaN
SPIKE	S16:G>C	0	31895	0.0	-1.0	0.0	TRUE	G	8.609998E-5	0.0	0.038940944	0.98385876	12.596493	0.22684328	0.07430143	189.0	1.0
SPIKE	S16:G>T	0	31895	0.0	-1.0	0.0	TRUE	G	9.394913E-5	1.0	0.05456772	0.98240036	12.393935	0.2557265	0.060964193	189.0	1.0
SPIKE	S17:A>G	6	31895	1.8811726E-4	19.311188	40.0	TRUE	A	2.757304E-4	124.0	0.021842685	0.94922155	41.513866	0.07250648	0.07005005	189.0	0.0
SPIKE	S17:A>T	1	31895	3.1352876E-5	-1.0	40.0	TRUE	A	3.0347135E-5	4.0	0.071847595	0.9942808	5.7897506	0.1801197	0.07195802	189.0	1.0
SPIKE	S17:A>C	1	31895	3.1352876E-5	-1.0	40.0	TRUE	A	2.6237933E-5	1.0	0.06493231	0.9950533	17.371367	0.05151992	0.096496105	189.0	1.0
SPIKE	S18:A>G	3	31895	9.405863E-5	-1.0	40.0	TRUE	A	1.3119429E-4	59.0	0.021842685	0.97550917	41.513866	0.07250648	0.07005005	189.0	0.0
SPIKE	S18:A>C	7	31895	2.1947014E-4	-1.0	40.0	TRUE	A	2.6237933E-5	2.0	0.06493231	0.9950533	17.371367	0.05151992	0.096496105	189.0	1.0
SPIKE	S18:A>T	0	31895	0.0	-1.0	0.0	TRUE	A	3.0347135E-5	0.0	0.071847595	0.9942808	5.7897506	0.1801197	0.07195802	189.0	1.0
SPIKE	S19:C>T	6	31895	1.8811726E-4	-1.0	40.0	TRUE	C	1.3351244E-4	46.0	0.020469112	0.97508186	34.102005	0.094507955	0.074984655	189.0	0.0
SPIKE	S19:C>A	0	31895	0.0	-1.0	0.0	TRUE	C	1.7022281E-5	13.0	0.042887203	0.99678797	12.393935	0.043634888	0.11813108	189.0	0.0
SPIKE	S19:C>G	0	31895	0.0	-1.0	0.0	TRUE	C	8.477255E-5	0.0	0.02621942	0.98410565	12.596493	0.22042818	0.1480722	189.0	1.0
SPIKE	S20:C>G	1	31895	3.1352876E-5	-1.0	40.0	TRUE	C	8.477255E-5	0.0	0.02621942	0.98410565	12.596493	0.22042818	0.1480722	189.0	1.0
SPIKE	S20:C>T	5	31895	1.5676438E-4	-1.0	40.0	TRUE	C	7.5463555E-5	26.0	0.020469112	0.9858386	34.102005	0.094507955	0.074984655	189.0	0.0
SPIKE	S20:C>A	0	31895	0.0	-1.0	0.0	TRUE	C	1.6228696E-5	1.0	0.042887203	0.99693745	12.393935	0.043634888	0.11813108	189.0	1.0
SPIKE	S21:A>G	2	31895	6.270575E-5	7.269987	40.0	TRUE	A	2.0235052E-4	91.0	0.021842685	0.9624778	41.513866	0.07250648	0.07005005	189.0	0.0
SPIKE	S21:A>C	0	31895	0.0	-1.0	0.0	TRUE	A	4.682279E-5	31.0	0.06493231	0.99118954	17.371367	0.05151992	0.096496105	189.0	0.0
SPIKE	S21:A>T	0	31895	0.0	-1.0	0.0	TRUE	A	3.0347135E-5	0.0	0.071847595	0.9942808	5.7897506	0.1801197	0.07195802	189.0	1.0
SPIKE	S22:A>C	31895	31895	1.0	-1.0	39.999466	FALSE	C	2.6237933E-5	0.0	0.06493231	0.9950533	17.371367	0.05151992	0.096496105	189.0	1.0
SPIKE	S22:A>G	0	31895	0.0	-1.0	0.0	FALSE	C	9.231156E-5	0.0	0.021842685	0.9827044	41.513866	0.07250648	0.07005005	189.0	1.0
SPIKE	S22:A>T	0	31895	0.0	-1.0	0.0	FALSE	C	3.0347135E-5	1.0	0.071847595	0.9942808	5.7897506	0.1801197	0.07195802	189.0	1.0
SPIKE	S23:A>T	31891	31895	0.9998746	-1.0	39.99994	TRUE	T	3.0347135E-5	0.0	0.071847595	0.9942808	5.7897506	0.1801197	0.07195802	189.0	1.0
SPIKE	S23:A>G	0	31895	0.0	-1.0	0.0	TRUE	T	9.231156E-5	0.0	0.021842685	0.9827044	41.513866	0.07250648	0.07005005	189.0	1.0
SPIKE	S23:A>C	0	31895	0.0	-1.0	0.0	TRUE	T	3.1718668E-5	21.0	0.06493231	0.9940231	17.371367	0.05151992	0.096496105	189.0	0.0
SPIKE	S24:A>C	31891	31895	0.9998746	-1.0	39.99997	TRUE	C	2.6237933E-5	0.0	0.06493231	0.9950533	17.371367	0.05151992	0.096496105	189.0	1.0
SPIKE	S24:A>G	0	31895	0.0	-1.0	0.0	TRUE	C	9.231156E-5	0.0	0.021842685	0.9827044	41.513866	0.07250648	0.07005005	189.0	1.0
SPIKE	S24:A>T	0	31895	0.0	-1.0	0.0	TRUE	C	7.8622914E-5	15.0	0.071847595	0.9852501	5.7897506	0.1801197	0.07195802	189.0	0.0
SPIKE	S25:A>G	0	31895	0.0	-1.0	0.0	TRUE	A	9.231156E-5	0.0	0.021842685	0.9827044	41.513866	0.07250648	0.07005005	189.0	1.0
SPIKE	S25:A>C	0	31895	0.0	-1.0	0.0	TRUE	A	3.7760317E-5	25.0	0.06493231	0.9928887	17.371367	0.05151992	0.096496105	189.0	0.0
SPIKE	S25:A>T	0	31895	0.0	-1.0	0.0	TRUE	A	3.0347135E-5	2.0	0.071847595	0.9942808	5.7897506	0.1801197	0.07195802	189.0	1.0
SPIKE	S26:T>C	5	31895	1.5676438E-4	16.300888	40.0	TRUE	T	1.4202108E-4	49.0	0.020437036	0.97351503	41.513866	0.094372824	0.07980102	189.0	0.0
SPIKE	S26:T>A	0	31895	0.0	-1.0	0.0	TRUE	T	7.17483E-5	16.0	0.071341604	0.9865311	5.7897506	0.15401329	0.059113387	189.0	0.0
SPIKE	S26:T>G	0	31895	0.0	-1.0	0.0	TRUE	T	1.20821824E-4	3.0	0.040438615	0.9774234	17.371367	0.23118585	0.06611373	189.0	1.0
SPIKE	S27:G>A	6	31895	1.8811726E-4	-1.0	40.0	TRUE	G	6.485817E-5	26.0	0.021830773	0.98781663	34.102005	0.08133921	0.07621698	189.0	0.0
SPIKE	D27-28:G>	2	31895	6.270575E-5	-1.0	39.999844	TRUE		NaN	NaN	NaN	NaN	NaN	NaN	NaN	NaN	NaN
SPIKE	S27:G>C	0	31895	0.0	-1.0	0.0	TRUE	G	8.609998E-5	0.0	0.038940944	0.98385876	12.596493	0.22684328	0.07430143	189.0	1.0
SPIKE	S27:G>T	0	31895	0.0	-1.0	0.0	TRUE	G	9.8543256E-5	13.0	0.05456772	0.9815477	12.393935	0.2557265	0.060964193	189.0	0.0
SPIKE	S28:G>A	3	31895	9.405863E-5	-1.0	40.0	TRUE	G	7.23418E-5	29.0	0.021830773	0.98642045	34.102005	0.08133921	0.07621698	189.0	0.0
SPIKE	S28:G>C	0	31895	0.0	-1.0	0.0	TRUE	G	8.609998E-5	0.0	0.038940944	0.98385876	12.596493	0.22684328	0.07430143	189.0	1.0
SPIKE	S28:G>T	0	31895	0.0	-1.0	0.0	TRUE	G	9.394913E-5	0.0	0.05456772	0.98240036	12.393935	0.2557265	0.060964193	189.0	1.0
SPIKE	S29:G>A	5	31895	1.5676438E-4	-1.0	40.0	TRUE	G	7.733089E-5	31.0	0.021830773	0.98549074	34.102005	0.08133921	0.07621698	189.0	0.0
SPIKE	S29:G>T	1	31895	3.1352876E-5	-1.0	40.0	TRUE	G	9.394913E-5	0.0	0.05456772	0.98240036	12.393935	0.2557265	0.060964193	189.0	1.0
SPIKE	S29:G>C	0	31895	0.0	-1.0	0.0	TRUE	G	8.609998E-5	1.0	0.038940944	0.98385876	12.596493	0.22684328	0.07430143	189.0	1.0
SPIKE	S30:A>G	2	31895	6.270575E-5	-1.0	40.0	TRUE	A	1.13405236E-4	51.0	0.021842685	0.97879446	41.513866	0.07250648	0.07005005	189.0	0.0
SPIKE	S30:A>C	0	31895	0.0	-1.0	0.0	TRUE	A	2.6237933E-5	2.0	0.06493231	0.9950533	17.371367	0.05151992	0.096496105	189.0	1.0
SPIKE	S30:A>T	0	31895	0.0	-1.0	0.0	TRUE	A	3.0347135E-5	0.0	0.071847595	0.9942808	5.7897506	0.1801197	0.07195802	189.0	1.0
SPIKE	S31:T>C	2	31895	6.270575E-5	-1.0	40.0	TRUE	T	1.2752913E-4	44.0	0.020437036	0.97618514	41.513866	0.094372824	0.07980102	189.0	0.0
SPIKE	S31:T>A	0	31895	0.0	-1.0	0.0	TRUE	T	2.5962794E-5	9.0	0.071341604	0.995105	5.7897506	0.15401329	0.059113387	189.0	1.0
SPIKE	S31:T>G	0	31895	0.0	-1.0	0.0	TRUE	T	1.20821824E-4	1.0	0.040438615	0.9774234	17.371367	0.23118585	0.06611373	189.0	1.0
SPIKE	S32:C>T	8	31895	2.50823E-4	-1.0	40.0	TRUE	C	8.126844E-5	28.0	0.020469112	0.9847576	34.102005	0.094507955	0.074984655	189.0	0.0
SPIKE	S32:C>A	0	31895	0.0	-1.0	0.0	TRUE	C	1.6228696E-5	0.0	0.042887203	0.99693745	12.393935	0.043634888	0.11813108	189.0	1.0
SPIKE	S32:C>G	0	31895	0.0	-1.0	0.0	TRUE	C	8.477255E-5	0.0	0.02621942	0.98410565	12.596493	0.22042818	0.1480722	189.0	1.0
SPIKE	S33:C>T	6	31895	1.8811726E-4	-1.0	40.0	TRUE	C	6.095133E-5	21.0	0.020469112	0.9885463	34.102005	0.094507955	0.074984655	189.0	0.0
SPIKE	S33:C>A	0	31895	0.0	-1.0	0.0	TRUE	C	1.6228696E-5	0.0	0.042887203	0.99693745	12.393935	0.043634888	0.11813108	189.0	1.0
SPIKE	S33:C>G	0	31895	0.0	-1.0	0.0	TRUE	C	8.477255E-5	0.0	0.02621942	0.98410565	12.596493	0.22042818	0.1480722	189.0	1.0
SPIKE	S34:A>G	0	31895	0.0	-1.0	0.0	TRUE	A	2.8907216E-5	13.0	0.021842685	0.9945514	41.513866	0.07250648	0.07005005	189.0	0.0
SPIKE	S34:A>C	0	31895	0.0	-1.0	0.0	TRUE	A	1.8124952E-5	12.0	0.06493231	0.99658024	17.371367	0.05151992	0.096496105	189.0	0.0
SPIKE	S34:A>T	0	31895	0.0	-1.0	0.0	TRUE	A	3.0347135E-5	0.0	0.071847595	0.9942808	5.7897506	0.1801197	0.07195802	189.0	1.0
SPIKE	S35:T>C	4	31895	1.254115E-4	-1.0	40.0	TRUE	T	9.854523E-5	34.0	0.020437036	0.9815473	41.513866	0.094372824	0.07980102	189.0	0.0
SPIKE	D35-36:T>	1	31895	3.1352876E-5	-1.0	39.999874	TRUE		NaN	NaN	NaN	NaN	NaN	NaN	NaN	NaN	NaN
SPIKE	S35:T>A	0	31895	0.0	-1.0	0.0	TRUE	T	5.829549E-5	13.0	0.071341604	0.98904264	5.7897506	0.15401329	0.059113387	189.0	0.0
SPIKE	S35:T>G	0	31895	0.0	-1.0	0.0	TRUE	T	1.20821824E-4	0.0	0.040438615	0.9774234	17.371367	0.23118585	0.06611373	189.0	1.0
SPIKE	S36:T>A	0	31895	0.0	-1.0	0.0	TRUE	T	2.5962794E-5	0.0	0.071341604	0.995105	5.7897506	0.15401329	0.059113387	189.0	1.0
SPIKE	S36:T>G	0	31895	0.0	-1.0	0.0	TRUE	T	1.20821824E-4	0.0	0.040438615	0.9774234	17.371367	0.23118585	0.06611373	189.0	1.0
SPIKE	S36:T>C	0	31895	0.0	-1.0	0.0	TRUE	T	1.2032333E-4	7.0	0.020437036	0.9775155	41.513866	0.094372824	0.07980102	189.0	1.0
SPIKE	S37:A>G	0	31895	0.0	-1.0	0.0	TRUE	A	3.5578112E-5	16.0	0.021842685	0.9932983	41.513866	0.07250648	0.07005005	189.0	0.0
SPIKE	S37:A>C	0	31895	0.0	-1.0	0.0	TRUE	A	2.6237933E-5	0.0	0.06493231	0.9950533	17.371367	0.05151992	0.096496105	189.0	1.0
SPIKE	S37:A>T	0	31895	0.0	-1.0	0.0	TRUE	A	3.0347135E-5	8.0	0.071847595	0.9942808	5.7897506	0.1801197	0.07195802	189.0	1.0
SPIKE	S38:T>C	1	31895	3.1352876E-5	-1.0	40.0	TRUE	T	1.2032333E-4	3.0	0.020437036	0.9775155	41.513866	0.094372824	0.07980102	189.0	1.0
SPIKE	S38:T>A	0	31895	0.0	-1.0	0.0	TRUE	T	4.4842684E-5	10.0	0.071341604	0.9915605	5.7897506	0.15401329	0.059113387	189.0	0.0
SPIKE	S38:T>G	0	31895	0.0	-1.0	0.0	TRUE	T	1.20821824E-4	0.0	0.040438615	0.9774234	17.371367	0.23118585	0.06611373	189.0	1.0
SPIKE	S39:C>T	3	31895	9.405863E-5	-1.0	40.0	TRUE	C	9.287822E-5	32.0	0.020469112	0.9825992	34.102005	0.094507955	0.074984655	189.0	0.0
SPIKE	S39:C>A	1	31895	3.1352876E-5	-1.0	40.0	TRUE	C	1.6228696E-5	0.0	0.042887203	0.99693745	12.393935	0.043634888	0.11813108	189.0	1.0
SPIKE	S39:C>G	0	31895	0.0	-1.0	0.0	TRUE	C	8.477255E-5	0.0	0.02621942	0.98410565	12.596493	0.22042818	0.1480722	189.0	1.0
SPIKE	S40:G>A	10	31895	3.1352876E-4	-1.0	40.0	TRUE	G	8.730907E-5	35.0	0.021830773	0.983634	34.102005	0.08133921	0.07621698	189.0	0.0
SPIKE	S40:G>C	0	31895	0.0	-1.0	0.0	TRUE	G	7.518758E-5	11.0	0.038940944	0.98589003	12.596493	0.22684328	0.07430143	189.0	0.0
SPIKE	S40:G>T	0	31895	0.0	-1.0	0.0	TRUE	G	9.394913E-5	0.0	0.05456772	0.98240036	12.393935	0.2557265	0.060964193	189.0	1.0
SPIKE	S41:G>T	1	31895	3.1352876E-5	-1.0	40.0	TRUE	G	9.394913E-5	1.0	0.05456772	0.98240036	12.393935	0.2557265	0.060964193	189.0	1.0
SPIKE	S41:G>A	6	31895	1.8811726E-4	-1.0	40.0	TRUE	G	8.481453E-5	34.0	0.021830773	0.98409784	34.102005	0.08133921	0.07621698	189.0	0.0
SPIKE	S41:G>C	0	31895	0.0	-1.0	0.0	TRUE	G	8.609998E-5	1.0	0.038940944	0.98385876	12.596493	0.22684328	0.07430143	189.0	1.0
SPIKE	S42:C>T	7	31895	2.1947014E-4	-1.0	40.0	TRUE	C	1.3351244E-4	46.0	0.020469112	0.97508186	34.102005	0.094507955	0.074984655	189.0	0.0
SPIKE	S42:C>A	1	31895	3.1352876E-5	-1.0	40.0	TRUE	C	1.6228696E-5	0.0	0.042887203	0.99693745	12.393935	0.043634888	0.11813108	189.0	1.0
SPIKE	S42:C>G	0	31895	0.0	-1.0	0.0	TRUE	C	6.729853E-5	10.0	0.02621942	0.98736113	12.596493	0.22042818	0.1480722	189.0	0.0
SPIKE	S43:G>A	8	31895	2.50823E-4	-1.0	40.0	TRUE	G	5.2385443E-5	21.0	0.021830773	0.990148	34.102005	0.08133921	0.07621698	189.0	0.0
SPIKE	S43:G>C	0	31895	0.0	-1.0	0.0	TRUE	G	6.835234E-5	10.0	0.038940944	0.9871645	12.596493	0.22684328	0.07430143	189.0	0.0
SPIKE	S43:G>T	0	31895	0.0	-1.0	0.0	TRUE	G	9.394913E-5	1.0	0.05456772	0.98240036	12.393935	0.2557265	0.060964193	189.0	1.0
SPIKE	S44:G>A	6	31895	1.8811726E-4	-1.0	40.0	TRUE	G	1.0227634E-4	41.0	0.021830773	0.9808554	34.102005	0.08133921	0.07621698	189.0	0.0
SPIKE	S44:G>C	0	31895	0.0	-1.0	0.0	TRUE	G	8.609998E-5	0.0	0.038940944	0.98385876	12.596493	0.22684328	0.07430143	189.0	1.0
SPIKE	S44:G>T	0	31895	0.0	-1.0	0.0	TRUE	G	9.394913E-5	0.0	0.05456772	0.98240036	12.393935	0.2557265	0.060964193	189.0	1.0
SPIKE	S45:C>T	5	31895	1.5676438E-4	-1.0	40.0	TRUE	C	7.5463555E-5	26.0	0.020469112	0.9858386	34.102005	0.094507955	0.074984655	189.0	0.0
SPIKE	S45:C>A	0	31895	0.0	-1.0	0.0	TRUE	C	1.6228696E-5	0.0	0.042887203	0.99693745	12.393935	0.043634888	0.11813108	189.0	1.0
SPIKE	S45:C>G	0	31895	0.0	-1.0	0.0	TRUE	C	6.729853E-5	10.0	0.02621942	0.98736113	12.596493	0.22042818	0.1480722	189.0	0.0
SPIKE	S46:G>A	1	31895	3.1352876E-5	-1.0	40.0	TRUE	G	6.735271E-5	27.0	0.021830773	0.987351	34.102005	0.08133921	0.07621698	189.0	0.0
SPIKE	S46:G>C	0	31895	0.0	-1.0	0.0	TRUE	G	6.835234E-5	10.0	0.038940944	0.9871645	12.596493	0.22684328	0.07430143	189.0	0.0
SPIKE	S46:G>T	0	31895	0.0	-1.0	0.0	TRUE	G	9.394913E-5	0.0	0.05456772	0.98240036	12.393935	0.2557265	0.060964193	189.0	1.0
SPIKE	S47:A>G	0	31895	0.0	-1.0	0.0	TRUE	A	2.8907216E-5	13.0	0.021842685	0.9945514	41.513866	0.07250648	0.07005005	189.0	0.0
SPIKE	S47:A>C	0	31895	0.0	-1.0	0.0	TRUE	A	2.6237933E-5	0.0	0.06493231	0.9950533	17.371367	0.05151992	0.096496105	189.0	1.0
SPIKE	S47:A>T	0	31895	0.0	-1.0	0.0	TRUE	A	3.0347135E-5	0.0	0.071847595	0.9942808	5.7897506	0.1801197	0.07195802	189.0	1.0
SPIKE	S48:A>G	0	31895	0.0	-1.0	0.0	TRUE	A	9.231156E-5	2.0	0.021842685	0.9827044	41.513866	0.07250648	0.07005005	189.0	1.0
SPIKE	S48:A>C	0	31895	0.0	-1.0	0.0	TRUE	A	2.6237933E-5	2.0	0.06493231	0.9950533	17.371367	0.05151992	0.096496105	189.0	1.0
SPIKE	S48:A>T	0	31895	0.0	-1.0	0.0	TRUE	A	3.0347135E-5	0.0	0.071847595	0.9942808	5.7897506	0.1801197	0.07195802	189.0	1.0
SPIKE	S49:T>A	0	31895	0.0	-1.0	0.0	TRUE	T	5.829549E-5	13.0	0.071341604	0.98904264	5.7897506	0.15401329	0.059113387	189.0	0.0
SPIKE	S49:T>G	0	31895	0.0	-1.0	0.0	TRUE	T	1.20821824E-4	0.0	0.040438615	0.9774234	17.371367	0.23118585	0.06611373	189.0	1.0
SPIKE	S49:T>C	0	31895	0.0	-1.0	0.0	TRUE	T	1.2032333E-4	4.0	0.020437036	0.9775155	41.513866	0.094372824	0.07980102	189.0	1.0
SPIKE	S50:T>A	0	31895	0.0	-1.0	0.0	TRUE	T	2.5962794E-5	0.0	0.071341604	0.995105	5.7897506	0.15401329	0.059113387	189.0	1.0
SPIKE	S50:T>G	0	31895	0.0	-1.0	0.0	TRUE	T	1.20821824E-4	1.0	0.040438615	0.9774234	17.371367	0.23118585	0.06611373	189.0	1.0
SPIKE	S50:T>C	0	31895	0.0	-1.0	0.0	TRUE	T	1.2032333E-4	8.0	0.020437036	0.9775155	41.513866	0.094372824	0.07980102	189.0	1.0
SPIKE	S51:T>A	0	31895	0.0	-1.0	0.0	TRUE	T	2.5962794E-5	0.0	0.071341604	0.995105	5.7897506	0.15401329	0.059113387	189.0	1.0
SPIKE	S51:T>G	0	31895	0.0	-1.0	0.0	TRUE	T	1.20821824E-4	0.0	0.040438615	0.9774234	17.371367	0.23118585	0.06611373	189.0	1.0
SPIKE	S51:T>C	0	31895	0.0	-1.0	0.0	TRUE	T	1.2032333E-4	6.0	0.020437036	0.9775155	41.513866	0.094372824	0.07980102	189.0	1.0
SPIKE	S52:A>G	0	31895	0.0	-1.0	0.0	TRUE	A	5.1143536E-5	23.0	0.021842685	0.99038047	41.513866	0.07250648	0.07005005	189.0	0.0
SPIKE	S52:A>C	0	31895	0.0	-1.0	0.0	TRUE	A	2.6237933E-5	5.0	0.06493231	0.9950533	17.371367	0.05151992	0.096496105	189.0	1.0
SPIKE	S52:A>T	0	31895	0.0	-1.0	0.0	TRUE	A	3.0347135E-5	2.0	0.071847595	0.9942808	5.7897506	0.1801197	0.07195802	189.0	1.0
SPIKE	S53:C>T	6	31895	1.8811726E-4	-1.0	40.0	TRUE	C	8.707333E-5	30.0	0.020469112	0.9836778	34.102005	0.094507955	0.074984655	189.0	0.0
SPIKE	S53:C>A	1	31895	3.1352876E-5	-1.0	40.0	TRUE	C	1.6228696E-5	2.0	0.042887203	0.99693745	12.393935	0.043634888	0.11813108	189.0	1.0
SPIKE	S53:C>G	0	31895	0.0	-1.0	0.0	TRUE	C	8.477255E-5	0.0	0.02621942	0.98410565	12.596493	0.22042818	0.1480722	189.0	1.0
SPIKE	S54:C>T	5	31895	1.5676438E-4	-1.0	40.0	TRUE	C	4.9341554E-5	17.0	0.020469112	0.99071777	34.102005	0.094507955	0.074984655	189.0	0.0
SPIKE	S54:C>A	0	31895	0.0	-1.0	0.0	TRUE	C	1.6228696E-5	0.0	0.042887203	0.99693745	12.393935	0.043634888	0.11813108	189.0	1.0
SPIKE	S54:C>G	0	31895	0.0	-1.0	0.0	TRUE	C	8.477255E-5	0.0	0.02621942	0.98410565	12.596493	0.22042818	0.1480722	189.0	1.0
SPIKE	S55:A>C	1	31895	3.1352876E-5	-1.0	40.0	TRUE	A	6.796857E-5	45.0	0.06493231	0.9872361	17.371367	0.05151992	0.096496105	189.0	0.0
SPIKE	S55:A>G	18	31895	5.643518E-4	55.434788	40.0	TRUE	A	2.757304E-4	124.0	0.021842685	0.94922155	41.513866	0.07250648	0.07005005	189.0	0.0
SPIKE	S55:A>T	0	31895	0.0	-1.0	0.0	TRUE	A	3.0347135E-5	4.0	0.071847595	0.9942808	5.7897506	0.1801197	0.07195802	189.0	1.0
SPIKE	S56:C>T	1	31895	3.1352876E-5	-1.0	40.0	TRUE	C	8.126844E-5	28.0	0.020469112	0.9847576	34.102005	0.094507955	0.074984655	189.0	0.0
SPIKE	S56:C>A	0	31895	0.0	-1.0	0.0	TRUE	C	1.6228696E-5	9.0	0.042887203	0.99693745	12.393935	0.043634888	0.11813108	189.0	1.0
SPIKE	S56:C>G	0	31895	0.0	-1.0	0.0	TRUE	C	8.477255E-5	0.0	0.02621942	0.98410565	12.596493	0.22042818	0.1480722	189.0	1.0
SPIKE	S57:C>T	5	31895	1.5676438E-4	-1.0	40.0	TRUE	C	5.2244E-5	18.0	0.020469112	0.9901745	34.102005	0.094507955	0.074984655	189.0	0.0
SPIKE	S57:C>A	0	31895	0.0	-1.0	0.0	TRUE	C	1.6228696E-5	0.0	0.042887203	0.99693745	12.393935	0.043634888	0.11813108	189.0	1.0
SPIKE	S57:C>G	0	31895	0.0	-1.0	0.0	TRUE	C	8.477255E-5	0.0	0.02621942	0.98410565	12.596493	0.22042818	0.1480722	189.0	1.0
SPIKE	S58:A>G	2	31895	6.270575E-5	-1.0	40.0	TRUE	A	9.5616175E-5	43.0	0.021842685	0.98209083	41.513866	0.07250648	0.07005005	189.0	0.0
SPIKE	S58:A>C	0	31895	0.0	-1.0	0.0	TRUE	A	1.661454E-5	11.0	0.06493231	0.9968648	17.371367	0.05151992	0.096496105	189.0	0.0
SPIKE	S58:A>T	0	31895	0.0	-1.0	0.0	TRUE	A	3.0347135E-5	0.0	0.071847595	0.9942808	5.7897506	0.1801197	0.07195802	189.0	1.0
SPIKE	S59:T>A	1	31895	3.1352876E-5	-1.0	40.0	TRUE	T	4.9326954E-5	11.0	0.071341604	0.9907205	5.7897506	0.15401329	0.059113387	189.0	0.0
SPIKE	S59:T>G	0	31895	0.0	-1.0	0.0	TRUE	T	1.20821824E-4	4.0	0.040438615	0.9774234	17.371367	0.23118585	0.06611373	189.0	1.0
SPIKE	S59:T>C	0	31895	0.0	-1.0	0.0	TRUE	T	8.405329E-5	29.0	0.020437036	0.98423946	41.513866	0.094372824	0.07980102	189.0	0.0
SPIKE	S60:T>C	1	31895	3.1352876E-5	-1.0	40.0	TRUE	T	1.2032333E-4	6.0	0.020437036	0.9775155	41.513866	0.094372824	0.07980102	189.0	1.0
SPIKE	S60:T>A	0	31895	0.0	-1.0	0.0	TRUE	T	2.5962794E-5	1.0	0.071341604	0.995105	5.7897506	0.15401329	0.059113387	189.0	1.0
SPIKE	S60:T>G	0	31895	0.0	-1.0	0.0	TRUE	T	1.20821824E-4	1.0	0.040438615	0.9774234	17.371367	0.23118585	0.06611373	189.0	1.0
SPIKE	S61:G>A	2	31895	6.270575E-5	-1.0	40.0	TRUE	G	4.9890896E-5	20.0	0.021830773	0.99061495	34.102005	0.08133921	0.07621698	189.0	0.0
SPIKE	S61:G>C	0	31895	0.0	-1.0	0.0	TRUE	G	8.609998E-5	0.0	0.038940944	0.98385876	12.596493	0.22684328	0.07430143	189.0	1.0
SPIKE	S61:G>T	0	31895	0.0	-1.0	0.0	TRUE	G	8.338275E-5	11.0	0.05456772	0.9843642	12.393935	0.2557265	0.060964193	189.0	0.0
SPIKE	D62-63:A>	1	31895	3.1352876E-5	-1.0	39.999905	TRUE		NaN	NaN	NaN	NaN	NaN	NaN	NaN	NaN	NaN
SPIKE	S62:A>G	0	31895	0.0	-1.0	0.0	TRUE	A	3.335448E-5	15.0	0.021842685	0.9937158	41.513866	0.07250648	0.07005005	189.0	0.0
SPIKE	S62:A>C	0	31895	0.0	-1.0	0.0	TRUE	A	2.6237933E-5	0.0	0.06493231	0.9950533	17.371367	0.05151992	0.096496105	189.0	1.0
SPIKE	S62:A>T	0	31895	0.0	-1.0	0.0	TRUE	A	3.0347135E-5	0.0	0.071847595	0.9942808	5.7897506	0.1801197	0.07195802	189.0	1.0
SPIKE	S63:A>G	0	31895	0.0	-1.0	0.0	TRUE	A	9.231156E-5	9.0	0.021842685	0.9827044	41.513866	0.07250648	0.07005005	189.0	1.0
SPIKE	S63:A>C	0	31895	0.0	-1.0	0.0	TRUE	A	2.6237933E-5	0.0	0.06493231	0.9950533	17.371367	0.05151992	0.096496105	189.0	1.0
SPIKE	S63:A>T	0	31895	0.0	-1.0	0.0	TRUE	A	3.0347135E-5	0.0	0.071847595	0.9942808	5.7897506	0.1801197	0.07195802	189.0	1.0
SPIKE	S64:A>G	4	31895	1.254115E-4	-1.0	40.0	TRUE	A	6.670896E-5	30.0	0.021842685	0.98747116	41.513866	0.07250648	0.07005005	189.0	0.0
SPIKE	S64:A>C	0	31895	0.0	-1.0	0.0	TRUE	A	2.6237933E-5	1.0	0.06493231	0.9950533	17.371367	0.05151992	0.096496105	189.0	1.0
SPIKE	S64:A>T	0	31895	0.0	-1.0	0.0	TRUE	A	3.0347135E-5	1.0	0.071847595	0.9942808	5.7897506	0.1801197	0.07195802	189.0	1.0
SPIKE	S65:A>G	7	31895	2.1947014E-4	22.321487	40.0	TRUE	A	1.867851E-4	84.0	0.021842685	0.9653135	41.513866	0.07250648	0.07005005	189.0	0.0
SPIKE	S65:A>T	1	31895	3.1352876E-5	-1.0	40.0	TRUE	A	3.0347135E-5	0.0	0.071847595	0.9942808	5.7897506	0.1801197	0.07195802	189.0	1.0
SPIKE	S65:A>C	0	31895	0.0	-1.0	0.0	TRUE	A	4.8333208E-5	32.0	0.06493231	0.9909066	17.371367	0.05151992	0.096496105	189.0	0.0
SPIKE	S66:C>T	3	31895	9.405863E-5	-1.0	40.0	TRUE	C	9.868311E-5	34.0	0.020469112	0.9815217	34.102005	0.094507955	0.074984655	189.0	0.0
SPIKE	S66:C>A	0	31895	0.0	-1.0	0.0	TRUE	C	1.6228696E-5	4.0	0.042887203	0.99693745	12.393935	0.043634888	0.11813108	189.0	1.0
SPIKE	S66:C>G	0	31895	0.0	-1.0	0.0	TRUE	C	8.477255E-5	0.0	0.02621942	0.98410565	12.596493	0.22042818	0.1480722	189.0	1.0
SPIKE	S67:C>T	8	31895	2.50823E-4	-1.0	40.0	TRUE	C	4.9341554E-5	17.0	0.020469112	0.99071777	34.102005	0.094507955	0.074984655	189.0	0.0
SPIKE	S67:C>A	0	31895	0.0	-1.0	0.0	TRUE	C	1.6228696E-5	9.0	0.042887203	0.99693745	12.393935	0.043634888	0.11813108	189.0	1.0
SPIKE	S67:C>G	0	31895	0.0	-1.0	0.0	TRUE	C	8.477255E-5	0.0	0.02621942	0.98410565	12.596493	0.22042818	0.1480722	189.0	1.0
SPIKE	S68:A>G	14	31895	4.3894027E-4	43.393585	40.0	TRUE	A	2.8907217E-4	130.0	0.021842685	0.94683105	41.513866	0.07250648	0.07005005	189.0	0.0
SPIKE	S68:A>C	0	31895	0.0	-1.0	0.0	TRUE	A	2.6237933E-5	4.0	0.06493231	0.9950533	17.371367	0.05151992	0.096496105	189.0	1.0
SPIKE	S68:A>T	0	31895	0.0	-1.0	0.0	TRUE	A	3.0347135E-5	4.0	0.071847595	0.9942808	5.7897506	0.1801197	0.07195802	189.0	1.0
SPIKE	S69:G>A	0	31895	0.0	-1.0	0.0	TRUE	G	5.4879987E-5	22.0	0.021830773	0.9896813	34.102005	0.08133921	0.07621698	189.0	0.0
SPIKE	S69:G>C	0	31895	0.0	-1.0	0.0	TRUE	G	8.609998E-5	9.0	0.038940944	0.98385876	12.596493	0.22684328	0.07430143	189.0	1.0
SPIKE	S69:G>T	0	31895	0.0	-1.0	0.0	TRUE	G	9.394913E-5	1.0	0.05456772	0.98240036	12.393935	0.2557265	0.060964193	189.0	1.0
SPIKE	S70:C>A	1	31895	3.1352876E-5	-1.0	40.0	TRUE	C	1.6228696E-5	0.0	0.042887203	0.99693745	12.393935	0.043634888	0.11813108	189.0	1.0
SPIKE	S70:C>T	6	31895	1.8811726E-4	-1.0	40.0	TRUE	C	1.3060999E-4	45.0	0.020469112	0.9756169	34.102005	0.094507955	0.074984655	189.0	0.0
SPIKE	S70:C>G	0	31895	0.0	-1.0	0.0	TRUE	C	8.477255E-5	0.0	0.02621942	0.98410565	12.596493	0.22042818	0.1480722	189.0	1.0
SPIKE	S71:C>T	8	31895	2.50823E-4	-1.0	40.0	TRUE	C	9.287822E-5	32.0	0.020469112	0.9825992	34.102005	0.094507955	0.074984655	189.0	0.0
SPIKE	S71:C>A	0	31895	0.0	-1.0	0.0	TRUE	C	1.6228696E-5	1.0	0.042887203	0.99693745	12.393935	0.043634888	0.11813108	189.0	1.0
SPIKE	S71:C>G	0	31895	0.0	-1.0	0.0	TRUE	C	8.477255E-5	7.0	0.02621942	0.98410565	12.596493	0.22042818	0.1480722	189.0	1.0
SPIKE	S72:G>A	11	31895	3.4488164E-4	-1.0	40.0	TRUE	G	8.231998E-5	33.0	0.021830773	0.9845619	34.102005	0.08133921	0.07621698	189.0	0.0
SPIKE	S72:G>C	0	31895	0.0	-1.0	0.0	TRUE	G	8.609998E-5	2.0	0.038940944	0.98385876	12.596493	0.22684328	0.07430143	189.0	1.0
SPIKE	S72:G>T	0	31895	0.0	-1.0	0.0	TRUE	G	9.394913E-5	6.0	0.05456772	0.98240036	12.393935	0.2557265	0.060964193	189.0	1.0
SPIKE	S73:T>G	1	31895	3.1352876E-5	-1.0	40.0	TRUE	T	9.73732E-5	14.0	0.040438615	0.9817648	17.371367	0.23118585	0.06611373	189.0	0.0
SPIKE	S73:T>C	13	31895	4.075874E-4	40.383286	40.0	TRUE	T	3.0143248E-4	104.0	0.020437036	0.9446217	41.513866	0.094372824	0.07980102	189.0	0.0
SPIKE	S73:T>A	0	31895	0.0	-1.0	0.0	TRUE	T	2.5962794E-5	2.0	0.071341604	0.995105	5.7897506	0.15401329	0.059113387	189.0	1.0
SPIKE	S74:G>A	8	31895	2.50823E-4	-1.0	40.0	TRUE	G	6.485817E-5	26.0	0.021830773	0.98781663	34.102005	0.08133921	0.07621698	189.0	0.0
SPIKE	S74:G>C	0	31895	0.0	-1.0	0.0	TRUE	G	8.609998E-5	0.0	0.038940944	0.98385876	12.596493	0.22684328	0.07430143	189.0	1.0
SPIKE	S74:G>T	0	31895	0.0	-1.0	0.0	TRUE	G	9.394913E-5	0.0	0.05456772	0.98240036	12.393935	0.2557265	0.060964193	189.0	1.0
SPIKE	S75:G>A	10	31895	3.1352876E-4	-1.0	40.0	TRUE	G	7.4836345E-5	30.0	0.021830773	0.9859555	34.102005	0.08133921	0.07621698	189.0	0.0
SPIKE	S75:G>C	0	31895	0.0	-1.0	0.0	TRUE	G	8.609998E-5	0.0	0.038940944	0.98385876	12.596493	0.22684328	0.07430143	189.0	1.0
SPIKE	S75:G>T	0	31895	0.0	-1.0	0.0	TRUE	G	9.394913E-5	7.0	0.05456772	0.98240036	12.393935	0.2557265	0.060964193	189.0	1.0
SPIKE	S76:T>C	5	31895	1.5676438E-4	16.300888	40.0	TRUE	T	1.5071624E-4	52.0	0.020437036	0.9719165	41.513866	0.094372824	0.07980102	189.0	0.0
SPIKE	D76-77:T>	1	31895	3.1352876E-5	-1.0	39.999844	TRUE		NaN	NaN	NaN	NaN	NaN	NaN	NaN	NaN	NaN
SPIKE	S76:T>A	0	31895	0.0	-1.0	0.0	TRUE	T	2.5962794E-5	1.0	0.071341604	0.995105	5.7897506	0.15401329	0.059113387	189.0	1.0
SPIKE	S76:T>G	0	31895	0.0	-1.0	0.0	TRUE	T	1.20821824E-4	6.0	0.040438615	0.9774234	17.371367	0.23118585	0.06611373	189.0	1.0
SPIKE	S77:T>C	1	31895	3.1352876E-5	-1.0	40.0	TRUE	T	1.2032333E-4	9.0	0.020437036	0.9775155	41.513866	0.094372824	0.07980102	189.0	1.0
SPIKE	S77:T>A	0	31895	0.0	-1.0	0.0	TRUE	T	2.5962794E-5	0.0	0.071341604	0.995105	5.7897506	0.15401329	0.059113387	189.0	1.0
SPIKE	S77:T>G	0	31895	0.0	-1.0	0.0	TRUE	T	1.20821824E-4	0.0	0.040438615	0.9774234	17.371367	0.23118585	0.06611373	189.0	1.0
SPIKE	S78:T>A	0	31895	0.0	-1.0	0.0	TRUE	T	2.5962794E-5	0.0	0.071341604	0.995105	5.7897506	0.15401329	0.059113387	189.0	1.0
SPIKE	S78:T>G	0	31895	0.0	-1.0	0.0	TRUE	T	1.20821824E-4	9.0	0.040438615	0.9774234	17.371367	0.23118585	0.06611373	189.0	1.0
SPIKE	S78:T>C	0	31895	0.0	-1.0	0.0	TRUE	T	1.2032333E-4	2.0	0.020437036	0.9775155	41.513866	0.094372824	0.07980102	189.0	1.0
SPIKE	S79:G>A	7	31895	2.1947014E-4	-1.0	40.0	TRUE	G	6.236362E-5	25.0	0.021830773	0.98828244	34.102005	0.08133921	0.07621698	189.0	0.0
SPIKE	S79:G>C	0	31895	0.0	-1.0	0.0	TRUE	G	7.518758E-5	11.0	0.038940944	0.98589003	12.596493	0.22684328	0.07430143	189.0	0.0
SPIKE	S79:G>T	0	31895	0.0	-1.0	0.0	TRUE	G	9.394913E-5	0.0	0.05456772	0.98240036	12.393935	0.2557265	0.060964193	189.0	1.0
SPIKE	S80:C>A	1	31895	3.1352876E-5	-1.0	40.0	TRUE	C	1.6228696E-5	0.0	0.042887203	0.99693745	12.393935	0.043634888	0.11813108	189.0	1.0
SPIKE	S80:C>T	6	31895	1.8811726E-4	19.311188	40.0	TRUE	C	1.4221977E-4	49.0	0.020469112	0.9734785	34.102005	0.094507955	0.074984655	189.0	0.0
SPIKE	S80:C>G	0	31895	0.0	-1.0	0.0	TRUE	C	8.477255E-5	9.0	0.02621942	0.98410565	12.596493	0.22042818	0.1480722	189.0	1.0
SPIKE	S81:G>A	11	31895	3.4488164E-4	-1.0	40.0	TRUE	G	4.4901808E-5	18.0	0.021830773	0.9915495	34.102005	0.08133921	0.07621698	189.0	0.0
SPIKE	S81:G>C	0	31895	0.0	-1.0	0.0	TRUE	G	8.609998E-5	0.0	0.038940944	0.98385876	12.596493	0.22684328	0.07430143	189.0	1.0
SPIKE	S81:G>T	0	31895	0.0	-1.0	0.0	TRUE	G	9.394913E-5	0.0	0.05456772	0.98240036	12.393935	0.2557265	0.060964193	189.0	1.0
SPIKE	S82:G>A	5	31895	1.5676438E-4	-1.0	40.0	TRUE	G	8.481453E-5	34.0	0.021830773	0.98409784	34.102005	0.08133921	0.07621698	189.0	0.0
SPIKE	S82:G>C	0	31895	0.0	-1.0	0.0	TRUE	G	6.835234E-5	10.0	0.038940944	0.9871645	12.596493	0.22684328	0.07430143	189.0	0.0
SPIKE	S82:G>T	0	31895	0.0	-1.0	0.0	TRUE	G	9.394913E-5	0.0	0.05456772	0.98240036	12.393935	0.2557265	0.060964193	189.0	1.0
SPIKE	S83:C>A	1	31895	3.1352876E-5	-1.0	40.0	TRUE	C	1.6228696E-5	0.0	0.042887203	0.99693745	12.393935	0.043634888	0.11813108	189.0	1.0
SPIKE	S83:C>T	3	31895	9.405863E-5	-1.0	40.0	TRUE	C	9.868311E-5	34.0	0.020469112	0.9815217	34.102005	0.094507955	0.074984655	189.0	0.0
SPIKE	S83:C>G	0	31895	0.0	-1.0	0.0	TRUE	C	6.729853E-5	10.0	0.02621942	0.98736113	12.596493	0.22042818	0.1480722	189.0	0.0
SPIKE	S84:G>A	8	31895	2.50823E-4	-1.0	40.0	TRUE	G	7.733089E-5	31.0	0.021830773	0.98549074	34.102005	0.08133921	0.07621698	189.0	0.0
SPIKE	S84:G>C	0	31895	0.0	-1.0	0.0	TRUE	G	8.609998E-5	0.0	0.038940944	0.98385876	12.596493	0.22684328	0.07430143	189.0	1.0
SPIKE	S84:G>T	0	31895	0.0	-1.0	0.0	TRUE	G	9.394913E-5	0.0	0.05456772	0.98240036	12.393935	0.2557265	0.060964193	189.0	1.0
SPIKE	S85:A>G	0	31895	0.0	-1.0	0.0	TRUE	A	9.231156E-5	4.0	0.021842685	0.9827044	41.513866	0.07250648	0.07005005	189.0	1.0
SPIKE	S85:A>C	0	31895	0.0	-1.0	0.0	TRUE	A	4.531238E-5	30.0	0.06493231	0.99147254	17.371367	0.05151992	0.096496105	189.0	0.0
SPIKE	S85:A>T	0	31895	0.0	-1.0	0.0	TRUE	A	6.289833E-5	12.0	0.071847595	0.9881826	5.7897506	0.1801197	0.07195802	189.0	0.0
SPIKE	S86:T>A	0	31895	0.0	-1.0	0.0	TRUE	T	2.5962794E-5	0.0	0.071341604	0.995105	5.7897506	0.15401329	0.059113387	189.0	1.0
SPIKE	S86:T>G	0	31895	0.0	-1.0	0.0	TRUE	T	1.20821824E-4	2.0	0.040438615	0.9774234	17.371367	0.23118585	0.06611373	189.0	1.0
SPIKE	S86:T>C	0	31895	0.0	-1.0	0.0	TRUE	T	4.6374225E-5	16.0	0.020437036	0.9912736	41.513866	0.094372824	0.07980102	189.0	0.0
SPIKE	S87:T>C	1	31895	3.1352876E-5	-1.0	40.0	TRUE	T	3.1882282E-5	11.0	0.020437036	0.9939924	41.513866	0.094372824	0.07980102	189.0	0.0
SPIKE	S87:T>A	0	31895	0.0	-1.0	0.0	TRUE	T	2.5962794E-5	1.0	0.071341604	0.995105	5.7897506	0.15401329	0.059113387	189.0	1.0
SPIKE	S87:T>G	0	31895	0.0	-1.0	0.0	TRUE	T	1.20821824E-4	1.0	0.040438615	0.9774234	17.371367	0.23118585	0.06611373	189.0	1.0
SPIKE	S88:T>C	1	31895	3.1352876E-5	-1.0	40.0	TRUE	T	1.2032333E-4	7.0	0.020437036	0.9775155	41.513866	0.094372824	0.07980102	189.0	1.0
SPIKE	S88:T>A	0	31895	0.0	-1.0	0.0	TRUE	T	4.4842684E-5	10.0	0.071341604	0.9915605	5.7897506	0.15401329	0.059113387	189.0	0.0
SPIKE	S88:T>G	0	31895	0.0	-1.0	0.0	TRUE	T	1.20821824E-4	0.0	0.040438615	0.9774234	17.371367	0.23118585	0.06611373	189.0	1.0
SPIKE	S89:A>G	0	31895	0.0	-1.0	0.0	TRUE	A	9.231156E-5	5.0	0.021842685	0.9827044	41.513866	0.07250648	0.07005005	189.0	1.0
SPIKE	S89:A>C	0	31895	0.0	-1.0	0.0	TRUE	A	2.6237933E-5	0.0	0.06493231	0.9950533	17.371367	0.05151992	0.096496105	189.0	1.0
SPIKE	S89:A>T	0	31895	0.0	-1.0	0.0	TRUE	A	6.813986E-5	13.0	0.071847595	0.98720413	5.7897506	0.1801197	0.07195802	189.0	0.0
SPIKE	S90:T>A	0	31895	0.0	-1.0	0.0	TRUE	T	2.5962794E-5	1.0	0.071341604	0.995105	5.7897506	0.15401329	0.059113387	189.0	1.0
SPIKE	S90:T>G	0	31895	0.0	-1.0	0.0	TRUE	T	1.20821824E-4	2.0	0.040438615	0.9774234	17.371367	0.23118585	0.06611373	189.0	1.0
SPIKE	S90:T>C	0	31895	0.0	-1.0	0.0	TRUE	T	4.0577448E-5	14.0	0.020437036	0.9923602	41.513866	0.094372824	0.07980102	189.0	0.0
SPIKE	S91:C>A	2	31895	6.270575E-5	-1.0	40.0	TRUE	C	1.6228696E-5	1.0	0.042887203	0.99693745	12.393935	0.043634888	0.11813108	189.0	1.0
SPIKE	S91:C>T	4	31895	1.254115E-4	-1.0	40.0	TRUE	C	6.675622E-5	23.0	0.020469112	0.98746234	34.102005	0.094507955	0.074984655	189.0	0.0
SPIKE	S91:C>G	0	31895	0.0	-1.0	0.0	TRUE	C	8.477255E-5	9.0	0.02621942	0.98410565	12.596493	0.22042818	0.1480722	189.0	1.0
SPIKE	S92:G>A	12	31895	3.7623453E-4	-1.0	40.0	TRUE	G	1.1973816E-4	48.0	0.021830773	0.97762364	34.102005	0.08133921	0.07621698	189.0	0.0
SPIKE	S92:G>C	0	31895	0.0	-1.0	0.0	TRUE	G	8.609998E-5	0.0	0.038940944	0.98385876	12.596493	0.22684328	0.07430143	189.0	1.0
SPIKE	S92:G>T	0	31895	0.0	-1.0	0.0	TRUE	G	7.5802505E-5	10.0	0.05456772	0.9857755	12.393935	0.2557265	0.060964193	189.0	0.0
SPIKE	S93:T>C	3	31895	9.405863E-5	10.280287	40.0	TRUE	T	1.6810658E-4	58.0	0.020437036	0.9687273	41.513866	0.094372824	0.07980102	189.0	0.0
SPIKE	S93:T>A	0	31895	0.0	-1.0	0.0	TRUE	T	2.5962794E-5	4.0	0.071341604	0.995105	5.7897506	0.15401329	0.059113387	189.0	1.0
SPIKE	S93:T>G	0	31895	0.0	-1.0	0.0	TRUE	T	1.20821824E-4	4.0	0.040438615	0.9774234	17.371367	0.23118585	0.06611373	189.0	1.0
SPIKE	S94:C>A	2	31895	6.270575E-5	-1.0	40.0	TRUE	C	1.6228696E-5	0.0	0.042887203	0.99693745	12.393935	0.043634888	0.11813108	189.0	1.0
SPIKE	S94:C>T	5	31895	1.5676438E-4	-1.0	40.0	TRUE	C	7.5463555E-5	26.0	0.020469112	0.9858386	34.102005	0.094507955	0.074984655	189.0	0.0
SPIKE	S94:C>G	0	31895	0.0	-1.0	0.0	TRUE	C	7.402839E-5	11.0	0.02621942	0.98610604	12.596493	0.22042818	0.1480722	189.0	0.0
SPIKE	S95:G>A	4	31895	1.254115E-4	-1.0	40.0	TRUE	G	9.978179E-5	40.0	0.021830773	0.98131794	34.102005	0.08133921	0.07621698	189.0	0.0
SPIKE	S95:G>C	0	31895	0.0	-1.0	0.0	TRUE	G	8.609998E-5	0.0	0.038940944	0.98385876	12.596493	0.22684328	0.07430143	189.0	1.0
SPIKE	S95:G>T	0	31895	0.0	-1.0	0.0	TRUE	G	9.394913E-5	9.0	0.05456772	0.98240036	12.393935	0.2557265	0.060964193	189.0	1.0
SPIKE	S96:T>C	6	31895	1.8811726E-4	19.311188	40.0	TRUE	T	2.0578563E-4	71.0	0.020437036	0.96185315	41.513866	0.094372824	0.07980102	189.0	0.0
SPIKE	S96:T>G	1	31895	3.1352876E-5	-1.0	40.0	TRUE	T	1.20821824E-4	4.0	0.040438615	0.9774234	17.371367	0.23118585	0.06611373	189.0	1.0
SPIKE	S96:T>A	0	31895	0.0	-1.0	0.0	TRUE	T	2.5962794E-5	0.0	0.071341604	0.995105	5.7897506	0.15401329	0.059113387	189.0	1.0
SPIKE	S97:C>T	5	31895	1.5676438E-4	-1.0	40.0	TRUE	C	3.1926887E-5	11.0	0.020469112	0.993984	34.102005	0.094507955	0.074984655	189.0	0.0
SPIKE	S97:C>A	0	31895	0.0	-1.0	0.0	TRUE	C	1.5712874E-5	12.0	0.042887203	0.99703467	12.393935	0.043634888	0.11813108	189.0	0.0
SPIKE	S97:C>G	0	31895	0.0	-1.0	0.0	TRUE	C	8.477255E-5	0.0	0.02621942	0.98410565	12.596493	0.22042818	0.1480722	189.0	1.0
SPIKE	S98:A>G	0	31895	0.0	-1.0	0.0	TRUE	A	6.670896E-5	30.0	0.021842685	0.98747116	41.513866	0.07250648	0.07005005	189.0	0.0
SPIKE	S98:A>C	0	31895	0.0	-1.0	0.0	TRUE	A	2.6237933E-5	0.0	0.06493231	0.9950533	17.371367	0.05151992	0.096496105	189.0	1.0
SPIKE	S98:A>T	0	31895	0.0	-1.0	0.0	TRUE	A	5.76568E-5	11.0	0.071847595	0.989162	5.7897506	0.1801197	0.07195802	189.0	0.0
SPIKE	S99:T>C	1	31895	3.1352876E-5	-1.0	40.0	TRUE	T	8.1154896E-5	28.0	0.020437036	0.98477876	41.513866	0.094372824	0.07980102	189.0	0.0
SPIKE	S99:T>A	0	31895	0.0	-1.0	0.0	TRUE	T	2.5962794E-5	1.0	0.071341604	0.995105	5.7897506	0.15401329	0.059113387	189.0	1.0
SPIKE	S99:T>G	0	31895	0.0	-1.0	0.0	TRUE	T	1.20821824E-4	0.0	0.040438615	0.9774234	17.371367	0.23118585	0.06611373	189.0	1.0
SPIKE	S100:C>T	5	31895	1.5676438E-4	-1.0	40.0	TRUE	C	1.3931733E-4	48.0	0.020469112	0.9740127	34.102005	0.094507955	0.074984655	189.0	0.0
SPIKE	S100:C>A	0	31895	0.0	-1.0	0.0	TRUE	C	1.6228696E-5	3.0	0.042887203	0.99693745	12.393935	0.043634888	0.11813108	189.0	1.0
SPIKE	S100:C>G	0	31895	0.0	-1.0	0.0	TRUE	C	8.748809E-5	13.0	0.02621942	0.98360074	12.596493	0.22042818	0.1480722	189.0	0.0
SPIKE	S101:G>A	6	31895	1.8811726E-4	-1.0	40.0	TRUE	G	7.23418E-5	29.0	0.021830773	0.98642045	34.102005	0.08133921	0.07621698	189.0	0.0
SPIKE	S101:G>C	0	31895	0.0	-1.0	0.0	TRUE	G	8.609998E-5	0.0	0.038940944	0.98385876	12.596493	0.22684328	0.07430143	189.0	1.0
SPIKE	S101:G>T	0	31895	0.0	-1.0	0.0	TRUE	G	9.394913E-5	8.0	0.05456772	0.98240036	12.393935	0.2557265	0.060964193	189.0	1.0
SPIKE	S102:T>C	2	31895	6.270575E-5	-1.0	40.0	TRUE	T	1.13037175E-4	39.0	0.020437036	0.9788626	41.513866	0.094372824	0.07980102	189.0	0.0
SPIKE	S102:T>A	0	31895	0.0	-1.0	0.0	TRUE	T	2.5962794E-5	0.0	0.071341604	0.995105	5.7897506	0.15401329	0.059113387	189.0	1.0
SPIKE	S102:T>G	0	31895	0.0	-1.0	0.0	TRUE	T	8.346274E-5	12.0	0.040438615	0.9843493	17.371367	0.23118585	0.06611373	189.0	0.0
SPIKE	S103:G>A	6	31895	1.8811726E-4	-1.0	40.0	TRUE	G	3.2429085E-5	13.0	0.021830773	0.99388963	34.102005	0.08133921	0.07621698	189.0	0.0
SPIKE	S103:G>C	0	31895	0.0	-1.0	0.0	TRUE	G	8.609998E-5	0.0	0.038940944	0.98385876	12.596493	0.22684328	0.07430143	189.0	1.0
SPIKE	S103:G>T	0	31895	0.0	-1.0	0.0	TRUE	G	9.394913E-5	1.0	0.05456772	0.98240036	12.393935	0.2557265	0.060964193	189.0	1.0
SPIKE	S104:G>A	7	31895	2.1947014E-4	-1.0	40.0	TRUE	G	5.4879987E-5	22.0	0.021830773	0.9896813	34.102005	0.08133921	0.07621698	189.0	0.0
SPIKE	S104:G>C	0	31895	0.0	-1.0	0.0	TRUE	G	8.885805E-5	13.0	0.038940944	0.98334605	12.596493	0.22684328	0.07430143	189.0	0.0
SPIKE	S104:G>T	0	31895	0.0	-1.0	0.0	TRUE	G	9.394913E-5	1.0	0.05456772	0.98240036	12.393935	0.2557265	0.060964193	189.0	1.0
SPIKE	S105:C>T	11	31895	3.4488164E-4	34.362686	40.0	TRUE	C	1.5092711E-4	52.0	0.020469112	0.97187775	34.102005	0.094507955	0.074984655	189.0	0.0
SPIKE	S105:C>A	1	31895	3.1352876E-5	-1.0	40.0	TRUE	C	1.6228696E-5	8.0	0.042887203	0.99693745	12.393935	0.043634888	0.11813108	189.0	1.0
SPIKE	S105:C>G	2	31895	6.270575E-5	-1.0	40.0	TRUE	C	8.075824E-5	12.0	0.02621942	0.9848526	12.596493	0.22042818	0.1480722	189.0	0.0
SPIKE	S106:G>A	11	31895	3.4488164E-4	-1.0	40.0	TRUE	G	9.229816E-5	37.0	0.021830773	0.9827069	34.102005	0.08133921	0.07621698	189.0	0.0
SPIKE	S106:G>C	0	31895	0.0	-1.0	0.0	TRUE	G	8.609998E-5	0.0	0.038940944	0.98385876	12.596493	0.22684328	0.07430143	189.0	1.0
SPIKE	S106:G>T	0	31895	0.0	-1.0	0.0	TRUE	G	9.394913E-5	0.0	0.05456772	0.98240036	12.393935	0.2557265	0.060964193	189.0	1.0
SPIKE	S107:G>A	8	31895	2.50823E-4	-1.0	40.0	TRUE	G	1.3470542E-4	54.0	0.021830773	0.97486204	34.102005	0.08133921	0.07621698	189.0	0.0
SPIKE	S107:G>C	0	31895	0.0	-1.0	0.0	TRUE	G	1.0252851E-4	15.0	0.038940944	0.9808087	12.596493	0.22684328	0.07430143	189.0	0.0
SPIKE	S107:G>T	0	31895	0.0	-1.0	0.0	TRUE	G	9.394913E-5	0.0	0.05456772	0.98240036	12.393935	0.2557265	0.060964193	189.0	1.0
SPIKE	S108:C>T	3	31895	9.405863E-5	-1.0	40.0	TRUE	C	7.836599E-5	27.0	0.020469112	0.985298	34.102005	0.094507955	0.074984655	189.0	0.0
SPIKE	S108:C>A	0	31895	0.0	-1.0	0.0	TRUE	C	1.9641093E-5	15.0	0.042887203	0.99629474	12.393935	0.043634888	0.11813108	189.0	0.0
SPIKE	S108:C>G	0	31895	0.0	-1.0	0.0	TRUE	C	8.477255E-5	0.0	0.02621942	0.98410565	12.596493	0.22042818	0.1480722	189.0	1.0
SPIKE	S109:A>G	0	31895	0.0	-1.0	0.0	TRUE	A	4.8919905E-5	22.0	0.021842685	0.99079674	41.513866	0.07250648	0.07005005	189.0	0.0
SPIKE	S109:A>C	0	31895	0.0	-1.0	0.0	TRUE	A	2.6237933E-5	2.0	0.06493231	0.9950533	17.371367	0.05151992	0.096496105	189.0	1.0
SPIKE	S109:A>T	0	31895	0.0	-1.0	0.0	TRUE	A	3.0347135E-5	0.0	0.071847595	0.9942808	5.7897506	0.1801197	0.07195802	189.0	1.0
SPIKE	S110:G>A	7	31895	2.1947014E-4	-1.0	40.0	TRUE	G	5.986908E-5	24.0	0.021830773	0.98874855	34.102005	0.08133921	0.07621698	189.0	0.0
SPIKE	S110:G>C	0	31895	0.0	-1.0	0.0	TRUE	G	7.518758E-5	11.0	0.038940944	0.98589003	12.596493	0.22684328	0.07430143	189.0	0.0
SPIKE	S110:G>T	0	31895	0.0	-1.0	0.0	TRUE	G	9.394913E-5	1.0	0.05456772	0.98240036	12.393935	0.2557265	0.060964193	189.0	1.0
SPIKE	S111:C>T	6	31895	1.8811726E-4	-1.0	40.0	TRUE	C	8.126844E-5	28.0	0.020469112	0.9847576	34.102005	0.094507955	0.074984655	189.0	0.0
SPIKE	S111:C>A	0	31895	0.0	-1.0	0.0	TRUE	C	2.2259905E-5	17.0	0.042887203	0.9958017	12.393935	0.043634888	0.11813108	189.0	0.0
SPIKE	S111:C>G	0	31895	0.0	-1.0	0.0	TRUE	C	8.748809E-5	13.0	0.02621942	0.98360074	12.596493	0.22042818	0.1480722	189.0	0.0
SPIKE	S112:G>A	5	31894	1.567693E-4	-1.0	40.0	TRUE	G	7.234407E-5	29.0	0.021830773	0.98642004	34.100933	0.08133921	0.07621698	189.0	0.0
SPIKE	S112:G>C	0	31894	0.0	-1.0	0.0	TRUE	G	8.609998E-5	0.0	0.038940944	0.98385876	12.596098	0.22684328	0.07430143	189.0	1.0
SPIKE	S112:G>T	0	31894	0.0	-1.0	0.0	TRUE	G	9.394913E-5	8.0	0.05456772	0.98240036	12.393546	0.2557265	0.060964193	189.0	1.0
SPIKE	S113:T>C	4	31894	1.2541543E-4	-1.0	40.0	TRUE	T	1.159392E-4	40.0	0.020437036	0.97832584	41.51256	0.094372824	0.07980102	189.0	0.0
SPIKE	S113:T>A	0	31894	0.0	-1.0	0.0	TRUE	T	2.5962794E-5	2.0	0.071341604	0.995105	5.789569	0.15401329	0.059113387	189.0	1.0
SPIKE	S113:T>G	0	31894	0.0	-1.0	0.0	TRUE	T	7.650991E-5	11.0	0.040438615	0.9856437	17.370821	0.23118585	0.06611373	189.0	0.0
SPIKE	S114:G>A	6	31894	1.8812316E-4	-1.0	40.0	TRUE	G	8.2322564E-5	33.0	0.021830773	0.98456144	34.100933	0.08133921	0.07621698	189.0	0.0
SPIKE	S114:G>C	0	31894	0.0	-1.0	0.0	TRUE	G	8.609998E-5	2.0	0.038940944	0.98385876	12.596098	0.22684328	0.07430143	189.0	1.0
SPIKE	S114:G>T	0	31894	0.0	-1.0	0.0	TRUE	G	9.394913E-5	1.0	0.05456772	0.98240036	12.393546	0.2557265	0.060964193	189.0	1.0
SPIKE	S115:A>G	4	31894	1.2541543E-4	-1.0	40.0	TRUE	A	1.223036E-4	55.0	0.021842685	0.9771497	41.51256	0.07250648	0.07005005	189.0	0.0
SPIKE	S115:A>C	0	31894	0.0	-1.0	0.0	TRUE	A	3.77615E-5	25.0	0.06493231	0.9928885	17.370821	0.05151992	0.096496105	189.0	0.0
SPIKE	S115:A>T	0	31894	0.0	-1.0	0.0	TRUE	A	3.0347135E-5	2.0	0.071847595	0.9942808	5.789569	0.1801197	0.07195802	189.0	1.0
SPIKE	S116:C>T	8	31894	2.5083087E-4	-1.0	40.0	TRUE	C	4.93431E-5	17.0	0.020469112	0.99071753	34.100933	0.094507955	0.074984655	189.0	0.0
SPIKE	S116:C>A	0	31894	0.0	-1.0	0.0	TRUE	C	1.6228696E-5	6.0	0.042887203	0.99693745	12.393546	0.043634888	0.11813108	189.0	1.0
SPIKE	S116:C>G	0	31894	0.0	-1.0	0.0	TRUE	C	8.477255E-5	0.0	0.02621942	0.98410565	12.596098	0.22042818	0.1480722	189.0	1.0
SPIKE	S117:C>T	6	31894	1.8812316E-4	-1.0	40.0	TRUE	C	1.2190648E-4	42.0	0.020469112	0.9772231	34.100933	0.094507955	0.074984655	189.0	0.0
SPIKE	S117:C>A	0	31894	0.0	-1.0	0.0	TRUE	C	1.3094473E-5	10.0	0.042887203	0.9975282	12.393546	0.043634888	0.11813108	189.0	0.0
SPIKE	S117:C>G	0	31894	0.0	-1.0	0.0	TRUE	C	8.477255E-5	0.0	0.02621942	0.98410565	12.596098	0.22042818	0.1480722	189.0	1.0
SPIKE	S118:T>C	1	31894	3.135386E-5	-1.0	40.0	TRUE	T	1.1014224E-4	38.0	0.020437036	0.9793983	41.51256	0.094372824	0.07980102	189.0	0.0
SPIKE	S118:T>A	1	31894	3.135386E-5	-1.0	40.0	TRUE	T	7.623495E-5	17.0	0.071341604	0.9856949	5.789569	0.15401329	0.059113387	189.0	0.0
SPIKE	S118:T>G	0	31894	0.0	-1.0	0.0	TRUE	T	1.20821824E-4	3.0	0.040438615	0.9774234	17.370821	0.23118585	0.06611373	189.0	1.0
SPIKE	S119:A>G	2	31894	6.270772E-5	-1.0	40.0	TRUE	A	6.226365E-5	28.0	0.021842685	0.98830116	41.51256	0.07250648	0.07005005	189.0	0.0
SPIKE	S119:A>C	0	31894	0.0	-1.0	0.0	TRUE	A	1.812552E-5	12.0	0.06493231	0.9965801	17.370821	0.05151992	0.096496105	189.0	0.0
SPIKE	S119:A>T	0	31894	0.0	-1.0	0.0	TRUE	A	7.862538E-5	15.0	0.071847595	0.9852497	5.789569	0.1801197	0.07195802	189.0	0.0
SPIKE	S120:T>C	3	31894	9.406158E-5	-1.0	40.0	TRUE	T	7.536048E-5	26.0	0.020437036	0.98585784	41.51256	0.094372824	0.07980102	189.0	0.0
SPIKE	S120:T>G	1	31894	3.135386E-5	-1.0	40.0	TRUE	T	1.1824259E-4	17.0	0.040438615	0.9779	17.370821	0.23118585	0.06611373	189.0	0.0
SPIKE	S120:T>A	0	31894	0.0	-1.0	0.0	TRUE	T	2.5962794E-5	0.0	0.071341604	0.995105	5.789569	0.15401329	0.059113387	189.0	1.0
SPIKE	S121:G>A	9	31894	2.8218474E-4	-1.0	40.0	TRUE	G	4.989246E-5	20.0	0.021830773	0.99061465	34.100933	0.08133921	0.07621698	189.0	0.0
SPIKE	S121:G>C	0	31894	0.0	-1.0	0.0	TRUE	G	8.609998E-5	0.0	0.038940944	0.98385876	12.596098	0.22684328	0.07430143	189.0	1.0
SPIKE	S121:G>T	0	31894	0.0	-1.0	0.0	TRUE	G	1.6677074E-4	22.0	0.05456772	0.9689719	12.393546	0.2557265	0.060964193	189.0	0.0
SPIKE	S122:T>C	4	31894	1.2541543E-4	13.290587	40.0	TRUE	T	2.4057385E-4	83.0	0.020437036	0.9555497	41.51256	0.094372824	0.07980102	189.0	0.0
SPIKE	S122:T>A	0	31894	0.0	-1.0	0.0	TRUE	T	2.5962794E-5	1.0	0.071341604	0.995105	5.789569	0.15401329	0.059113387	189.0	1.0
SPIKE	S122:T>G	0	31894	0.0	-1.0	0.0	TRUE	T	1.8779706E-4	27.0	0.040438615	0.96512884	17.370821	0.23118585	0.06611373	189.0	0.0
SPIKE	S123:G>A	7	31894	2.1947702E-4	-1.0	40.0	TRUE	G	4.739784E-5	19.0	0.021830773	0.99108183	34.100933	0.08133921	0.07621698	189.0	0.0
SPIKE	S123:G>C	0	31894	0.0	-1.0	0.0	TRUE	G	8.609998E-5	3.0	0.038940944	0.98385876	12.596098	0.22684328	0.07430143	189.0	1.0
SPIKE	S123:G>T	0	31894	0.0	-1.0	0.0	TRUE	G	9.0965856E-5	12.0	0.05456772	0.9829544	12.393546	0.2557265	0.060964193	189.0	0.0
SPIKE	S124:T>C	3	31894	9.406158E-5	10.280287	40.0	TRUE	T	1.9999512E-4	69.0	0.020437036	0.9629064	41.51256	0.094372824	0.07980102	189.0	0.0
SPIKE	S124:T>A	0	31894	0.0	-1.0	0.0	TRUE	T	2.5962794E-5	0.0	0.071341604	0.995105	5.789569	0.15401329	0.059113387	189.0	1.0
SPIKE	S124:T>G	0	31894	0.0	-1.0	0.0	TRUE	T	1.5997527E-4	23.0	0.040438615	0.97021717	17.370821	0.23118585	0.06611373	189.0	0.0
SPIKE	S125:G>A	6	31894	1.8812316E-4	-1.0	40.0	TRUE	G	4.4903216E-5	18.0	0.021830773	0.9915492	34.100933	0.08133921	0.07621698	189.0	0.0
SPIKE	S125:G>C	0	31894	0.0	-1.0	0.0	TRUE	G	6.8354486E-5	10.0	0.038940944	0.9871641	12.596098	0.22684328	0.07430143	189.0	0.0
SPIKE	S125:G>T	0	31894	0.0	-1.0	0.0	TRUE	G	9.394913E-5	0.0	0.05456772	0.98240036	12.393546	0.2557265	0.060964193	189.0	1.0
SPIKE	S126:C>T	5	31894	1.567693E-4	-1.0	40.0	TRUE	C	9.86862E-5	34.0	0.020469112	0.9815212	34.100933	0.094507955	0.074984655	189.0	0.0
SPIKE	S126:C>A	1	31894	3.135386E-5	-1.0	40.0	TRUE	C	3.9283415E-5	30.0	0.042887203	0.99260294	12.393546	0.043634888	0.11813108	189.0	0.0
SPIKE	S126:C>G	0	31894	0.0	-1.0	0.0	TRUE	C	1.8171174E-4	27.0	0.02621942	0.9662395	12.596098	0.22042818	0.1480722	189.0	0.0
SPIKE	S127:G>A	5	31894	1.567693E-4	-1.0	40.0	TRUE	G	6.984945E-5	28.0	0.021830773	0.9868852	34.100933	0.08133921	0.07621698	189.0	0.0
SPIKE	S127:G>C	0	31894	0.0	-1.0	0.0	TRUE	G	1.16202624E-4	17.0	0.038940944	0.97827715	12.596098	0.22684328	0.07430143	189.0	0.0
SPIKE	S127:G>T	0	31894	0.0	-1.0	0.0	TRUE	G	9.394913E-5	1.0	0.05456772	0.98240036	12.393546	0.2557265	0.060964193	189.0	1.0
SPIKE	S128:G>A	10	31894	3.135386E-4	-1.0	40.0	TRUE	G	1.0477417E-4	42.0	0.021830773	0.98039246	34.100933	0.08133921	0.07621698	189.0	0.0
SPIKE	S128:G>C	0	31894	0.0	-1.0	0.0	TRUE	G	8.609998E-5	9.0	0.038940944	0.98385876	12.596098	0.22684328	0.07430143	189.0	1.0
SPIKE	S128:G>T	0	31894	0.0	-1.0	0.0	TRUE	G	9.394913E-5	0.0	0.05456772	0.98240036	12.393546	0.2557265	0.060964193	189.0	1.0
SPIKE	S129:C>A	2	31894	6.270772E-5	-1.0	40.0	TRUE	C	9.558965E-5	73.0	0.042887203	0.9820958	12.393546	0.043634888	0.11813108	189.0	0.0
SPIKE	S129:C>T	8	31894	2.5083087E-4	-1.0	40.0	TRUE	C	1.3061409E-4	45.0	0.020469112	0.97561616	34.100933	0.094507955	0.074984655	189.0	0.0
SPIKE	S129:C>G	0	31894	0.0	-1.0	0.0	TRUE	C	1.8171174E-4	27.0	0.02621942	0.9662395	12.596098	0.22042818	0.1480722	189.0	0.0
SPIKE	S130:G>A	8	31894	2.5083087E-4	-1.0	40.0	TRUE	G	6.236558E-5	25.0	0.021830773	0.9882821	34.100933	0.08133921	0.07621698	189.0	0.0
SPIKE	S130:G>C	0	31894	0.0	-1.0	0.0	TRUE	G	1.16202624E-4	17.0	0.038940944	0.97827715	12.596098	0.22684328	0.07430143	189.0	0.0
SPIKE	S130:G>T	0	31894	0.0	-1.0	0.0	TRUE	G	9.394913E-5	0.0	0.05456772	0.98240036	12.393546	0.2557265	0.060964193	189.0	1.0
SPIKE	S131:G>A	11	31894	3.4489247E-4	34.362686	40.0	TRUE	G	1.6464513E-4	66.0	0.021830773	0.96936125	34.100933	0.08133921	0.07621698	189.0	0.0
SPIKE	S131:G>C	0	31894	0.0	-1.0	0.0	TRUE	G	6.8354486E-5	10.0	0.038940944	0.9871641	12.596098	0.22684328	0.07430143	189.0	0.0
SPIKE	S131:G>T	0	31894	0.0	-1.0	0.0	TRUE	G	9.394913E-5	0.0	0.05456772	0.98240036	12.393546	0.2557265	0.060964193	189.0	1.0
SPIKE	S132:C>A	1	31894	3.135386E-5	4.2596874	40.0	TRUE	C	1.859415E-4	142.0	0.042887203	0.9654674	12.393546	0.043634888	0.11813108	189.0	0.0
SPIKE	S132:C>T	2	31894	6.270772E-5	-1.0	40.0	TRUE	C	7.836845E-5	27.0	0.020469112	0.9852975	34.100933	0.094507955	0.074984655	189.0	0.0
SPIKE	S132:C>G	0	31894	0.0	-1.0	0.0	TRUE	C	1.14411094E-4	17.0	0.02621942	0.9786084	12.596098	0.22042818	0.1480722	189.0	0.0
SPIKE	S133:A>G	0	31894	0.0	-1.0	0.0	TRUE	A	3.780293E-5	17.0	0.021842685	0.9928807	41.51256	0.07250648	0.07005005	189.0	0.0
SPIKE	S133:A>C	0	31894	0.0	-1.0	0.0	TRUE	A	1.6312969E-4	108.0	0.06493231	0.96963894	17.370821	0.05151992	0.096496105	189.0	0.0
SPIKE	S133:A>T	0	31894	0.0	-1.0	0.0	TRUE	A	3.0347135E-5	0.0	0.071847595	0.9942808	5.789569	0.1801197	0.07195802	189.0	1.0
SPIKE	S134:G>A	19	31894	5.9572334E-4	-1.0	40.0	TRUE	G	8.2322564E-5	33.0	0.021830773	0.98456144	34.100933	0.08133921	0.07621698	189.0	0.0
SPIKE	S134:G>C	2	31894	6.270772E-5	7.269987	40.0	TRUE	G	1.9822801E-4	29.0	0.038940944	0.96322805	12.596098	0.22684328	0.07430143	189.0	0.0
SPIKE	S134:G>T	0	31894	0.0	-1.0	0.0	TRUE	G	9.394913E-5	6.0	0.05456772	0.98240036	12.393546	0.2557265	0.060964193	189.0	1.0
SPIKE	S135:C>G	1	31894	3.135386E-5	-1.0	40.0	TRUE	C	8.477255E-5	3.0	0.02621942	0.98410565	12.596098	0.22042818	0.1480722	189.0	1.0
SPIKE	S135:C>T	23	31894	7.211388E-4	70.48629	40.0	TRUE	C	1.5093184E-4	52.0	0.020469112	0.9718769	34.100933	0.094507955	0.074984655	189.0	0.0
SPIKE	D135-136:C>	1	31894	3.135386E-5	-1.0	39.998337	TRUE		NaN	NaN	NaN	NaN	NaN	NaN	NaN	NaN	NaN
SPIKE	S135:C>A	0	31894	0.0	-1.0	0.0	TRUE	C	5.237789E-5	40.0	0.042887203	0.99014944	12.393546	0.043634888	0.11813108	189.0	0.0
SPIKE	S136:C>T	26	31894	8.152003E-4	-1.0	40.0	TRUE	C	8.7076056E-5	30.0	0.020469112	0.9836773	34.100933	0.094507955	0.074984655	189.0	0.0
SPIKE	S136:C>A	0	31894	0.0	-1.0	0.0	TRUE	C	1.4534865E-4	111.0	0.042887203	0.972903	12.393546	0.043634888	0.11813108	189.0	0.0
SPIKE	S136:C>G	0	31894	0.0	-1.0	0.0	TRUE	C	1.14411094E-4	17.0	0.02621942	0.9786084	12.596098	0.22042818	0.1480722	189.0	0.0
SPIKE	I137:>T	1	31888	3.135976E-5	-1.0	39.303688	TRUE		NaN	NaN	NaN	NaN	NaN	NaN	NaN	NaN	NaN
SPIKE	S137:T>G	3	31888	9.4079274E-5	-1.0	39.333332	TRUE	T	8.348106E-5	12.0	0.040438615	0.9843459	17.367554	0.23118585	0.06611373	189.0	0.0
SPIKE	D137-138:T>	13	31888	4.0767688E-4	-1.0	39.303688	TRUE		NaN	NaN	NaN	NaN	NaN	NaN	NaN	NaN	NaN
SPIKE	S137:T>A	0	31888	0.0	-1.0	0.0	TRUE	T	8.073455E-5	18.0	0.071341604	0.984857	5.78848	0.15401329	0.059113387	189.0	0.0
SPIKE	S137:T>C	0	31888	0.0	-1.0	0.0	TRUE	T	8.986979E-5	31.0	0.020437036	0.98315805	41.504753	0.094372824	0.07980102	189.0	0.0
SPIKE	D138-140:GA>	1	31887	3.136074E-5	-1.0	39.269073	TRUE		NaN	NaN	NaN	NaN	NaN	NaN	NaN	NaN	NaN
SPIKE	I138:>G	6	31887	1.8816446E-4	-1.0	39.269073	TRUE		NaN	NaN	NaN	NaN	NaN	NaN	NaN	NaN	NaN
SPIKE	S138:G>A	8	31887	2.5088593E-4	-1.0	38.0	TRUE	G	7.235995E-5	29.0	0.021830773	0.98641706	34.09345	0.08133921	0.07621698	189.0	0.0
SPIKE	D138-139:G>	10	31887	3.1360742E-4	-1.0	39.269073	TRUE		NaN	NaN	NaN	NaN	NaN	NaN	NaN	NaN	NaN
SPIKE	S138:G>C	0	31887	0.0	-1.0	0.0	TRUE	G	8.609998E-5	1.0	0.038940944	0.98385876	12.593333	0.22684328	0.07430143	189.0	1.0
SPIKE	S138:G>T	0	31887	0.0	-1.0	0.0	TRUE	G	1.9713595E-4	26.0	0.05456772	0.9634269	12.390826	0.2557265	0.060964193	189.0	0.0
SPIKE	S139:A>T	2	31885	6.272542E-5	7.269987	38.5	TRUE	A	2.0972686E-4	40.0	0.071847595	0.96113694	5.7879353	0.1801197	0.07195802	189.0	0.0
SPIKE	D139-140:A>	14	31885	4.3907794E-4	-1.0	38.945744	TRUE		NaN	NaN	NaN	NaN	NaN	NaN	NaN	NaN	NaN
SPIKE	D139-141:AT>	1	31885	3.136271E-5	-1.0	38.945744	TRUE		NaN	NaN	NaN	NaN	NaN	NaN	NaN	NaN	NaN
SPIKE	I139:>A	2	31885	6.272542E-5	-1.0	38.945744	TRUE		NaN	NaN	NaN	NaN	NaN	NaN	NaN	NaN	NaN
SPIKE	I139:>T	1	31885	3.136271E-5	-1.0	38.945744	TRUE		NaN	NaN	NaN	NaN	NaN	NaN	NaN	NaN	NaN
SPIKE	S139:A>G	0	31885	0.0	-1.0	0.0	TRUE	A	5.338391E-5	24.0	0.021842685	0.98996115	41.50085	0.07250648	0.07005005	189.0	0.0
SPIKE	S139:A>C	0	31885	0.0	-1.0	0.0	TRUE	A	3.006664E-4	199.0	0.06493231	0.9447585	17.36592	0.05151992	0.096496105	189.0	0.0
SPIKE	I140:>T	7	31881	2.1956651E-4	-1.0	39.202564	TRUE		NaN	NaN	NaN	NaN	NaN	NaN	NaN	NaN	NaN
SPIKE	D140-143:TTA>	2	31881	6.273329E-5	-1.0	39.202564	TRUE		NaN	NaN	NaN	NaN	NaN	NaN	NaN	NaN	NaN
SPIKE	D140-141:T>	50	31881	0.0015683322	-1.0	39.202564	TRUE		NaN	NaN	NaN	NaN	NaN	NaN	NaN	NaN	NaN
SPIKE	S140:T>A	0	31881	0.0	-1.0	0.0	TRUE	T	1.7047703E-4	38.0	0.071341604	0.96829337	5.787209	0.15401329	0.059113387	189.0	0.0
SPIKE	S140:T>G	0	31881	0.0	-1.0	0.0	TRUE	T	1.2524909E-4	18.0	0.040438615	0.9766059	17.36374	0.23118585	0.06611373	189.0	0.0
SPIKE	S140:T>C	0	31881	0.0	-1.0	0.0	TRUE	T	1.2032333E-4	5.0	0.020437036	0.9775155	41.495644	0.094372824	0.07980102	189.0	1.0
SPIKE	S141:T>G	2	31877	6.2741165E-5	7.269987	39.0	TRUE	T	2.9228456E-4	42.0	0.040438615	0.94625634	17.361563	0.23118585	0.06611373	189.0	0.0
SPIKE	S141:T>C	1	31877	3.1370582E-5	-1.0	37.0	TRUE	T	4.640041E-5	16.0	0.020437036	0.99126863	41.490437	0.094372824	0.07980102	189.0	0.0
SPIKE	S141:T>A	0	31877	0.0	-1.0	0.0	TRUE	T	1.8844563E-4	42.0	0.071341604	0.9650106	5.786483	0.15401329	0.059113387	189.0	0.0
SPIKE	D142-143:A>	22	31874	6.902177E-4	-1.0	39.03178	TRUE		NaN	NaN	NaN	NaN	NaN	NaN	NaN	NaN	NaN
SPIKE	I142:>A	1	31874	3.1373533E-5	-1.0	39.03178	TRUE		NaN	NaN	NaN	NaN	NaN	NaN	NaN	NaN	NaN
SPIKE	D142-144:AG>	1	31874	3.1373533E-5	-1.0	39.03178	TRUE		NaN	NaN	NaN	NaN	NaN	NaN	NaN	NaN	NaN
SPIKE	S142:A>G	0	31874	0.0	-1.0	0.0	TRUE	A	1.9358344E-4	87.0	0.021842685	0.96407396	41.48653	0.07250648	0.07005005	189.0	0.0
SPIKE	S142:A>C	0	31874	0.0	-1.0	0.0	TRUE	A	4.9876457E-5	33.0	0.06493231	0.99061763	17.359928	0.05151992	0.096496105	189.0	0.0
SPIKE	S142:A>T	0	31874	0.0	-1.0	0.0	TRUE	A	1.8881931E-4	36.0	0.071847595	0.9649424	5.7859383	0.1801197	0.07195802	189.0	0.0
SPIKE	I143:>G	1	31873	3.137452E-5	-1.0	39.214695	TRUE		NaN	NaN	NaN	NaN	NaN	NaN	NaN	NaN	NaN
SPIKE	S143:G>A	10	31873	3.1374517E-4	31.352386	37.2	TRUE	G	1.722424E-4	69.0	0.021830773	0.9679704	34.07848	0.08133921	0.07621698	189.0	0.0
SPIKE	D143-144:G>	23	31873	7.216139E-4	-1.0	39.214695	TRUE		NaN	NaN	NaN	NaN	NaN	NaN	NaN	NaN	NaN
SPIKE	D143-145:GC>	1	31873	3.137452E-5	-1.0	39.214695	TRUE		NaN	NaN	NaN	NaN	NaN	NaN	NaN	NaN	NaN
SPIKE	S143:G>C	0	31873	0.0	-1.0	0.0	TRUE	G	5.813959E-4	85.0	0.038940944	0.8959382	12.587805	0.22684328	0.07430143	189.0	0.0
SPIKE	S143:G>T	0	31873	0.0	-1.0	0.0	TRUE	G	9.394913E-5	6.0	0.05456772	0.98240036	12.385386	0.2557265	0.060964193	189.0	1.0
SPIKE	I144:>C	20	31868	6.2758883E-4	-1.0	39.252415	TRUE		NaN	NaN	NaN	NaN	NaN	NaN	NaN	NaN	NaN
SPIKE	S144:C>T	10	31868	3.1379441E-4	31.352386	38.5	TRUE	C	1.8881873E-4	65.0	0.020469112	0.9649425	34.073135	0.094507955	0.074984655	189.0	0.0
SPIKE	D144-145:C>	38	31868	0.0011924187	-1.0	39.252415	TRUE		NaN	NaN	NaN	NaN	NaN	NaN	NaN	NaN	NaN
SPIKE	S144:C>A	0	31868	0.0	-1.0	0.0	TRUE	C	2.6210311E-5	20.0	0.042887203	0.9950585	12.383443	0.043634888	0.11813108	189.0	0.0
SPIKE	S144:C>G	0	31868	0.0	-1.0	0.0	TRUE	C	3.8392664E-4	57.0	0.02621942	0.93000793	12.58583	0.22042818	0.1480722	189.0	0.0
SPIKE	S145:C>T	9	31855	2.825302E-4	-1.0	38.555557	TRUE	C	1.3949226E-4	48.0	0.020469112	0.9739805	34.059235	0.094507955	0.074984655	189.0	0.0
SPIKE	S145:C>A	0	31855	0.0	-1.0	0.0	TRUE	C	1.6228696E-5	7.0	0.042887203	0.99693745	12.378391	0.043634888	0.11813108	189.0	1.0
SPIKE	S145:C>G	0	31855	0.0	-1.0	0.0	TRUE	C	2.2236403E-4	33.0	0.02621942	0.95884407	12.580696	0.22042818	0.1480722	189.0	0.0
SPIKE	S146:C>T	10	31845	3.1402105E-4	31.352386	38.6	TRUE	C	2.1511811E-4	74.0	0.020469112	0.9601581	34.048542	0.094507955	0.074984655	189.0	0.0
SPIKE	S146:C>A	0	31845	0.0	-1.0	0.0	TRUE	C	4.0655326E-5	31.0	0.042887203	0.9923456	12.374506	0.043634888	0.11813108	189.0	0.0
SPIKE	S146:C>G	0	31845	0.0	-1.0	0.0	TRUE	C	6.403399E-4	95.0	0.02621942	0.8860125	12.576746	0.22042818	0.1480722	189.0	0.0
SPIKE	S147:G>A	9	31830	2.8275212E-4	-1.0	38.77778	TRUE	G	9.498628E-5	38.0	0.021830773	0.9822078	34.032505	0.08133921	0.07621698	189.0	0.0
SPIKE	S147:G>C	3	31830	9.425071E-5	6.0206	35.333332	TRUE	G	5.547846E-4	81.0	0.038940944	0.9004557	12.570823	0.22684328	0.07430143	189.0	0.0
SPIKE	S147:G>T	0	31830	0.0	-1.0	0.0	TRUE	G	6.5323274E-4	86.0	0.05456772	0.8838561	12.368677	0.2557265	0.060964193	189.0	0.0
SPIKE	S148:T>G	6	31808	1.8863179E-4	6.718435	38.833332	TRUE	T	0.0011507516	165.0	0.040438615	0.804534	17.323982	0.23118585	0.06611373	189.0	0.0
SPIKE	S148:T>C	1	31808	3.143863E-5	4.2596874	38.0	TRUE	T	2.1797375E-4	75.0	0.020437036	0.95964	41.400627	0.094372824	0.07980102	189.0	0.0
SPIKE	S148:T>A	0	31808	0.0	-1.0	0.0	TRUE	T	2.5962794E-5	1.0	0.071341604	0.995105	5.7739577	0.15401329	0.059113387	189.0	1.0
SPIKE	S149:G>A	8	31784	2.5169898E-4	25.331787	38.25	TRUE	G	1.501954E-4	60.0	0.021830773	0.9720122	33.983322	0.08133921	0.07621698	189.0	0.0
SPIKE	S149:G>C	0	31784	0.0	-1.0	0.0	TRUE	G	6.3789677E-4	93.0	0.038940944	0.8864217	12.552655	0.22684328	0.07430143	189.0	0.0
SPIKE	S149:G>T	0	31784	0.0	-1.0	0.0	TRUE	G	7.530656E-4	99.0	0.05456772	0.8673355	12.350802	0.2557265	0.060964193	189.0	0.0
SPIKE	S150:C>A	0	31736	0.0	-1.0	0.0	TRUE	C	1.6228696E-5	6.0	0.042887203	0.99693745	12.33215	0.043634888	0.11813108	189.0	1.0
SPIKE	S150:C>G	0	31736	0.0	-1.0	0.0	TRUE	C	8.116285E-4	120.0	0.02621942	0.85778844	12.533698	0.22042818	0.1480722	189.0	0.0
SPIKE	S150:C>T	0	31736	0.0	-1.0	0.0	TRUE	C	3.6170625E-4	124.0	0.020469112	0.9339219	33.932	0.094507955	0.074984655	189.0	0.0
SPIKE	S151:T>A	0	31696	0.0	-1.0	0.0	TRUE	T	2.5962794E-5	5.0	0.071341604	0.995105	5.753627	0.15401329	0.059113387	189.0	1.0
SPIKE	S151:T>G	0	31696	0.0	-1.0	0.0	TRUE	T	9.868443E-4	141.0	0.040438615	0.8298473	17.262983	0.23118585	0.06611373	189.0	0.0
SPIKE	S151:T>C	0	31696	0.0	-1.0	0.0	TRUE	T	5.804007E-4	199.0	0.020437036	0.8961068	41.254852	0.094372824	0.07980102	189.0	0.0
SPIKE	S152:G>A	0	31666	0.0	-1.0	0.0	TRUE	G	7.286496E-5	29.0	0.021830773	0.98632294	33.85716	0.08133921	0.07621698	189.0	0.0
SPIKE	S152:G>C	0	31666	0.0	-1.0	0.0	TRUE	G	6.8846646E-5	10.0	0.038940944	0.9870723	12.506053	0.22684328	0.07430143	189.0	0.0
SPIKE	S152:G>T	0	31666	0.0	-1.0	0.0	TRUE	G	5.7263015E-4	75.0	0.05456772	0.89742374	12.304949	0.2557265	0.060964193	189.0	0.0
SPIKE	S153:G>A	0	31567	0.0	-1.0	0.0	TRUE	G	6.049115E-5	24.0	0.021830773	0.98863226	33.75131	0.08133921	0.07621698	189.0	0.0
SPIKE	S153:G>C	0	31567	0.0	-1.0	0.0	TRUE	G	8.609998E-5	5.0	0.038940944	0.98385876	12.466954	0.22684328	0.07430143	189.0	1.0
SPIKE	S153:G>T	0	31567	0.0	-1.0	0.0	TRUE	G	9.394913E-5	5.0	0.05456772	0.98240036	12.2664795	0.2557265	0.060964193	189.0	1.0
