#pipeline_block
reference	mutation	count	coverage	freq	score	cqs	has.reference	ancestral.allele	error.rate	minor.count.local	minor.fdr	minor.recall	minor.count.global	read.fraction.in.minors	q.filtered.read.fraction	mig.size	global.est
SPIKE	S0:T>A	0	13683	0.0	-1.0	0.0	TRUE	T	3.1215233E-5	4.0	0.1679417	0.9837763	5.026683	0.10212044	0.068816274	524.0	1.0
SPIKE	S0:T>G	0	13683	0.0	-1.0	0.0	TRUE	T	2.0743492E-4	0.0	0.10362956	0.8970032	16.533403	0.19151968	0.073419355	524.0	1.0
SPIKE	S0:T>C	0	13683	0.0	-1.0	0.0	TRUE	T	1.3927741E-4	34.0	0.05992176	0.9296182	36.45904	0.059623722	0.078797966	524.0	0.0
SPIKE	S1:A>G	0	13696	0.0	-1.0	0.0	TRUE	A	2.0382009E-4	58.0	0.04957691	0.8987039	36.493683	0.05064024	0.067660004	524.0	0.0
SPIKE	S1:A>C	0	13696	0.0	-1.0	0.0	TRUE	A	3.804655E-5	0.0	0.10867692	0.980261	16.54911	0.035326388	0.08008682	524.0	1.0
SPIKE	S1:A>T	0	13696	0.0	-1.0	0.0	TRUE	A	3.464983E-5	3.0	0.18997024	0.9820073	5.0314584	0.1164394	0.07534841	524.0	1.0
SPIKE	S2:G>A	0	13704	0.0	-1.0	0.0	TRUE	G	1.4316461E-4	34.0	0.058914766	0.92772657	27.90392	0.06131619	0.074412845	524.0	0.0
SPIKE	S2:G>C	0	13704	0.0	-1.0	0.0	TRUE	G	1.1664956E-4	4.0	0.10931603	0.94070625	10.083893	0.17798302	0.08245762	524.0	1.0
SPIKE	S2:G>T	0	13704	0.0	-1.0	0.0	TRUE	G	1.417035E-4	0.0	0.15073124	0.9284371	11.990299	0.19070089	0.07041733	524.0	1.0
SPIKE	S3:C>A	0	13719	0.0	-1.0	0.0	TRUE	C	2.2154138E-5	0.0	0.08272314	0.98845834	12.003424	0.027603982	0.101635955	524.0	1.0
SPIKE	S3:C>G	0	13719	0.0	-1.0	0.0	TRUE	C	0.0010374656	94.0	0.07336295	0.58063555	10.094931	0.1634025	0.18896459	524.0	0.0
SPIKE	S3:C>T	0	13719	0.0	-1.0	0.0	TRUE	C	1.8693511E-4	38.0	0.054697163	0.9066906	27.934462	0.07139352	0.07827202	524.0	0.0
SPIKE	S4:G>A	2	13730	1.4566642E-4	-1.0	40.0	TRUE	G	1.5550175E-4	37.0	0.058914766	0.92174846	27.95686	0.06131619	0.074412845	524.0	0.0
SPIKE	S4:G>C	0	13730	0.0	-1.0	0.0	TRUE	G	1.3855203E-4	12.0	0.10931603	0.9299716	10.1030245	0.17798302	0.08245762	524.0	0.0
SPIKE	S4:G>T	0	13730	0.0	-1.0	0.0	TRUE	G	1.417035E-4	4.0	0.15073124	0.9284371	12.013048	0.19070089	0.07041733	524.0	1.0
SPIKE	S5:T>A	1	13743	7.276431E-5	-1.0	40.0	TRUE	T	3.1215233E-5	0.0	0.1679417	0.9837763	5.0487247	0.10212044	0.068816274	524.0	1.0
SPIKE	S5:T>C	4	13743	2.9105725E-4	-1.0	40.0	TRUE	T	1.6721891E-4	41.0	0.05992176	0.91610646	36.618916	0.059623722	0.078797966	524.0	0.0
SPIKE	S5:T>G	0	13743	0.0	-1.0	0.0	TRUE	T	2.4983275E-4	20.0	0.10362956	0.87729466	16.605902	0.19151968	0.073419355	524.0	0.0
SPIKE	S6:G>A	9	13748	6.5464067E-4	-1.0	40.0	TRUE	G	7.1353206E-5	17.0	0.058914766	0.96330124	27.993511	0.06131619	0.074412845	524.0	0.0
SPIKE	S6:G>T	1	13748	7.273785E-5	-1.0	40.0	TRUE	G	1.6492496E-4	14.0	0.15073124	0.9172083	12.028797	0.19070089	0.07041733	524.0	0.0
SPIKE	S6:G>C	0	13748	0.0	-1.0	0.0	TRUE	G	1.1664956E-4	0.0	0.10931603	0.94070625	10.11627	0.17798302	0.08245762	524.0	1.0
SPIKE	S7:A>C	1	13755	7.270084E-5	-1.0	40.0	TRUE	A	3.804655E-5	1.0	0.10867692	0.980261	16.620401	0.035326388	0.08008682	524.0	1.0
SPIKE	D7-8:A>	13	13755	9.4511086E-4	-1.0	39.999928	TRUE		NaN	NaN	NaN	NaN	NaN	NaN	NaN	NaN	NaN
SPIKE	I7:>A	1	13755	7.270084E-5	-1.0	39.999928	TRUE		NaN	NaN	NaN	NaN	NaN	NaN	NaN	NaN	NaN
SPIKE	S7:A>G	0	13755	0.0	-1.0	0.0	TRUE	A	8.747665E-5	25.0	0.04957691	0.9551969	36.65089	0.05064024	0.067660004	524.0	0.0
SPIKE	S7:A>T	0	13755	0.0	-1.0	0.0	TRUE	A	3.464983E-5	0.0	0.18997024	0.9820073	5.053133	0.1164394	0.07534841	524.0	1.0
SPIKE	S8:A>G	3	13756	2.1808666E-4	-1.0	40.0	TRUE	A	1.2245841E-4	35.0	0.04957691	0.93784726	36.653553	0.05064024	0.067660004	524.0	0.0
SPIKE	S8:A>C	2	13756	1.453911E-4	-1.0	40.0	TRUE	A	3.804655E-5	2.0	0.10867692	0.980261	16.62161	0.035326388	0.08008682	524.0	1.0
SPIKE	S8:A>T	0	13756	0.0	-1.0	0.0	TRUE	A	3.464983E-5	0.0	0.18997024	0.9820073	5.0535007	0.1164394	0.07534841	524.0	1.0
SPIKE	S9:G>A	5	13758	3.6342492E-4	-1.0	40.0	TRUE	G	1.1743751E-4	28.0	0.058914766	0.9403179	28.013872	0.06131619	0.074412845	524.0	0.0
SPIKE	D9-10:G>	7	13758	5.087949E-4	-1.0	39.979286	TRUE		NaN	NaN	NaN	NaN	NaN	NaN	NaN	NaN	NaN
SPIKE	S9:G>C	0	13758	0.0	-1.0	0.0	TRUE	G	1.1664956E-4	0.0	0.10931603	0.94070625	10.123629	0.17798302	0.08245762	524.0	1.0
SPIKE	S9:G>T	0	13758	0.0	-1.0	0.0	TRUE	G	1.417035E-4	0.0	0.15073124	0.9284371	12.037547	0.19070089	0.07041733	524.0	1.0
SPIKE	S10:A>G	2	13758	1.4536997E-4	-1.0	40.0	TRUE	A	2.483795E-4	71.0	0.04957691	0.87796295	36.658882	0.05064024	0.067660004	524.0	0.0
SPIKE	S10:A>C	1	13758	7.268498E-5	-1.0	40.0	TRUE	A	3.804655E-5	4.0	0.10867692	0.980261	16.624027	0.035326388	0.08008682	524.0	1.0
SPIKE	D10-11:A>	1	13758	7.268498E-5	-1.0	39.993313	TRUE		NaN	NaN	NaN	NaN	NaN	NaN	NaN	NaN	NaN
SPIKE	D10-12:AC>	1	13758	7.268498E-5	-1.0	39.993313	TRUE		NaN	NaN	NaN	NaN	NaN	NaN	NaN	NaN	NaN
SPIKE	S10:A>T	0	13758	0.0	-1.0	0.0	TRUE	A	3.464983E-5	0.0	0.18997024	0.9820073	5.0542355	0.1164394	0.07534841	524.0	1.0
SPIKE	S11:C>G	1	13758	7.268498E-5	-1.0	40.0	TRUE	C	1.11416426E-4	4.0	0.07336295	0.94328934	10.123629	0.1634025	0.18896459	524.0	1.0
SPIKE	S11:C>T	7	13758	5.087949E-4	-1.0	40.0	TRUE	C	1.8149981E-4	37.0	0.054697163	0.90927666	28.013872	0.07139352	0.07827202	524.0	0.0
SPIKE	D11-12:C>	5	13758	3.6342492E-4	-1.0	39.98212	TRUE		NaN	NaN	NaN	NaN	NaN	NaN	NaN	NaN	NaN
SPIKE	S11:C>A	0	13758	0.0	-1.0	0.0	TRUE	C	2.2085036E-5	12.0	0.08272314	0.98849416	12.037547	0.027603982	0.101635955	524.0	0.0
SPIKE	D12-14:GA>	1	13758	7.268498E-5	-1.0	39.978992	TRUE		NaN	NaN	NaN	NaN	NaN	NaN	NaN	NaN	NaN
SPIKE	S12:G>A	6	13758	4.361099E-4	-1.0	40.0	TRUE	G	9.646652E-5	23.0	0.058914766	0.95070785	28.013872	0.06131619	0.074412845	524.0	0.0
SPIKE	S12:G>C	1	13758	7.268498E-5	-1.0	40.0	TRUE	G	1.6131507E-4	14.0	0.10931603	0.9189449	10.123629	0.17798302	0.08245762	524.0	0.0
SPIKE	D12-13:G>	6	13758	4.361099E-4	-1.0	39.978992	TRUE		NaN	NaN	NaN	NaN	NaN	NaN	NaN	NaN	NaN
SPIKE	S12:G>T	0	13758	0.0	-1.0	0.0	TRUE	G	1.417035E-4	0.0	0.15073124	0.9284371	12.037547	0.19070089	0.07041733	524.0	1.0
SPIKE	S13:A>G	7	13758	5.087949E-4	22.321487	40.0	TRUE	A	5.0025736E-4	143.0	0.04957691	0.7694073	36.658882	0.05064024	0.067660004	524.0	0.0
SPIKE	S13:A>C	1	13758	7.268498E-5	-1.0	40.0	TRUE	A	3.804655E-5	9.0	0.10867692	0.980261	16.624027	0.035326388	0.08008682	524.0	1.0
SPIKE	D13-14:A>	5	13758	3.6342492E-4	-1.0	39.982193	TRUE		NaN	NaN	NaN	NaN	NaN	NaN	NaN	NaN	NaN
SPIKE	S13:A>T	0	13758	0.0	-1.0	0.0	TRUE	A	3.464983E-5	7.0	0.18997024	0.9820073	5.0542355	0.1164394	0.07534841	524.0	1.0
SPIKE	S14:C>G	1	13758	7.268498E-5	-1.0	40.0	TRUE	C	1.11416426E-4	0.0	0.07336295	0.94328934	10.123629	0.1634025	0.18896459	524.0	1.0
SPIKE	S14:C>T	2	13758	1.4536997E-4	-1.0	40.0	TRUE	C	7.3581E-5	15.0	0.054697163	0.9621774	28.013872	0.07139352	0.07827202	524.0	0.0
SPIKE	D14-15:C>	2	13758	1.4536997E-4	-1.0	39.993603	TRUE		NaN	NaN	NaN	NaN	NaN	NaN	NaN	NaN	NaN
SPIKE	I14:>C	1	13758	7.268498E-5	-1.0	39.993603	TRUE		NaN	NaN	NaN	NaN	NaN	NaN	NaN	NaN	NaN
SPIKE	S14:C>A	0	13758	0.0	-1.0	0.0	TRUE	C	3.8648814E-5	21.0	0.08272314	0.97995174	12.037547	0.027603982	0.101635955	524.0	0.0
SPIKE	S15:A>G	3	13758	2.1805495E-4	-1.0	40.0	TRUE	A	1.4343043E-4	41.0	0.04957691	0.92759734	36.658882	0.05064024	0.067660004	524.0	0.0
SPIKE	D15-16:A>	9	13758	6.541649E-4	-1.0	39.973614	TRUE		NaN	NaN	NaN	NaN	NaN	NaN	NaN	NaN	NaN
SPIKE	S15:A>C	0	13758	0.0	-1.0	0.0	TRUE	A	4.3484317E-5	19.0	0.10867692	0.9774718	16.624027	0.035326388	0.08008682	524.0	0.0
SPIKE	S15:A>T	0	13758	0.0	-1.0	0.0	TRUE	A	3.464983E-5	0.0	0.18997024	0.9820073	5.0542355	0.1164394	0.07534841	524.0	1.0
SPIKE	S16:G>A	6	13758	4.361099E-4	-1.0	40.0	TRUE	G	1.9712724E-4	47.0	0.058914766	0.9018612	28.013872	0.06131619	0.074412845	524.0	0.0
SPIKE	S16:G>T	1	13758	7.268498E-5	-1.0	40.0	TRUE	G	1.417035E-4	0.0	0.15073124	0.9284371	12.037547	0.19070089	0.07041733	524.0	1.0
SPIKE	D16-17:G>	4	13758	2.9073993E-4	-1.0	39.987354	TRUE		NaN	NaN	NaN	NaN	NaN	NaN	NaN	NaN	NaN
SPIKE	S16:G>C	0	13758	0.0	-1.0	0.0	TRUE	G	1.1664956E-4	0.0	0.10931603	0.94070625	10.123629	0.17798302	0.08245762	524.0	1.0
SPIKE	S17:A>G	7	13758	5.087949E-4	22.321487	40.0	TRUE	A	4.0580315E-4	116.0	0.04957691	0.8084464	36.658882	0.05064024	0.067660004	524.0	0.0
SPIKE	S17:A>C	2	13758	1.4536997E-4	-1.0	40.0	TRUE	A	3.804655E-5	3.0	0.10867692	0.980261	16.624027	0.035326388	0.08008682	524.0	1.0
SPIKE	D17-18:A>	4	13758	2.9073993E-4	-1.0	39.999783	TRUE		NaN	NaN	NaN	NaN	NaN	NaN	NaN	NaN	NaN
SPIKE	S17:A>T	0	13758	0.0	-1.0	0.0	TRUE	A	3.464983E-5	4.0	0.18997024	0.9820073	5.0542355	0.1164394	0.07534841	524.0	1.0
SPIKE	S18:A>G	2	13758	1.4536997E-4	-1.0	40.0	TRUE	A	2.1339649E-4	61.0	0.04957691	0.8942054	36.658882	0.05064024	0.067660004	524.0	0.0
SPIKE	S18:A>C	4	13758	2.9073993E-4	-1.0	40.0	TRUE	A	3.804655E-5	5.0	0.10867692	0.980261	16.624027	0.035326388	0.08008682	524.0	1.0
SPIKE	S18:A>T	0	13758	0.0	-1.0	0.0	TRUE	A	3.464983E-5	2.0	0.18997024	0.9820073	5.0542355	0.1164394	0.07534841	524.0	1.0
SPIKE	S19:C>T	2	13758	1.4536997E-4	-1.0	40.0	TRUE	C	1.47162E-4	30.0	0.054697163	0.92578536	28.013872	0.07139352	0.07827202	524.0	0.0
SPIKE	S19:C>A	0	13758	0.0	-1.0	0.0	TRUE	C	2.5765876E-5	14.0	0.08272314	0.98658943	12.037547	0.027603982	0.101635955	524.0	0.0
SPIKE	S19:C>G	0	13758	0.0	-1.0	0.0	TRUE	C	1.11416426E-4	0.0	0.07336295	0.94328934	10.123629	0.1634025	0.18896459	524.0	1.0
SPIKE	S20:C>T	5	13758	3.6342492E-4	-1.0	40.0	TRUE	C	1.0301341E-4	21.0	0.054697163	0.947452	28.013872	0.07139352	0.07827202	524.0	0.0
SPIKE	S20:C>A	0	13758	0.0	-1.0	0.0	TRUE	C	2.2154138E-5	4.0	0.08272314	0.98845834	12.037547	0.027603982	0.101635955	524.0	1.0
SPIKE	S20:C>G	0	13758	0.0	-1.0	0.0	TRUE	C	1.11416426E-4	0.0	0.07336295	0.94328934	10.123629	0.1634025	0.18896459	524.0	1.0
SPIKE	S21:A>G	1	13758	7.268498E-5	-1.0	40.0	TRUE	A	2.6936934E-4	77.0	0.04957691	0.86835945	36.658882	0.05064024	0.067660004	524.0	0.0
SPIKE	S21:A>C	1	13758	7.268498E-5	-1.0	40.0	TRUE	A	7.7814046E-5	34.0	0.10867692	0.9600455	16.624027	0.035326388	0.08008682	524.0	0.0
SPIKE	S21:A>T	0	13758	0.0	-1.0	0.0	TRUE	A	3.464983E-5	0.0	0.18997024	0.9820073	5.0542355	0.1164394	0.07534841	524.0	1.0
SPIKE	S22:A>C	13758	13758	1.0	-1.0	39.999928	FALSE	C	3.804655E-5	0.0	0.10867692	0.980261	16.624027	0.035326388	0.08008682	524.0	1.0
SPIKE	S22:A>G	0	13758	0.0	-1.0	0.0	FALSE	C	1.2824389E-4	0.0	0.04957691	0.93500835	36.658882	0.05064024	0.067660004	524.0	1.0
SPIKE	S22:A>T	0	13758	0.0	-1.0	0.0	FALSE	C	3.464983E-5	4.0	0.18997024	0.9820073	5.0542355	0.1164394	0.07534841	524.0	1.0
SPIKE	S23:A>T	13757	13758	0.99992734	-1.0	40.0	TRUE	T	3.464983E-5	0.0	0.18997024	0.9820073	5.0542355	0.1164394	0.07534841	524.0	1.0
SPIKE	S23:A>G	0	13758	0.0	-1.0	0.0	TRUE	T	1.2824389E-4	0.0	0.04957691	0.93500835	36.658882	0.05064024	0.067660004	524.0	1.0
SPIKE	S23:A>C	0	13758	0.0	-1.0	0.0	TRUE	T	4.5772966E-5	20.0	0.10867692	0.9763003	16.624027	0.035326388	0.08008682	524.0	0.0
SPIKE	S24:A>C	13757	13758	0.99992734	-1.0	40.0	TRUE	C	3.804655E-5	0.0	0.10867692	0.980261	16.624027	0.035326388	0.08008682	524.0	1.0
SPIKE	S24:A>G	0	13758	0.0	-1.0	0.0	TRUE	C	1.2824389E-4	0.0	0.04957691	0.93500835	36.658882	0.05064024	0.067660004	524.0	1.0
SPIKE	S24:A>T	0	13758	0.0	-1.0	0.0	TRUE	C	1.0283404E-4	15.0	0.18997024	0.94754106	5.0542355	0.1164394	0.07534841	524.0	0.0
SPIKE	S25:A>G	0	13758	0.0	-1.0	0.0	TRUE	A	1.2824389E-4	0.0	0.04957691	0.93500835	36.658882	0.05064024	0.067660004	524.0	1.0
SPIKE	S25:A>C	0	13758	0.0	-1.0	0.0	TRUE	A	5.492756E-5	24.0	0.10867692	0.9716282	16.624027	0.035326388	0.08008682	524.0	0.0
SPIKE	S25:A>T	0	13758	0.0	-1.0	0.0	TRUE	A	3.464983E-5	4.0	0.18997024	0.9820073	5.0542355	0.1164394	0.07534841	524.0	1.0
SPIKE	S26:T>C	2	13758	1.4536997E-4	-1.0	40.0	TRUE	T	1.3851815E-4	34.0	0.05992176	0.9299881	36.658882	0.059623722	0.078797966	524.0	0.0
SPIKE	S26:T>A	0	13758	0.0	-1.0	0.0	TRUE	T	9.264082E-5	15.0	0.1679417	0.9526156	5.0542355	0.10212044	0.068816274	524.0	0.0
SPIKE	S26:T>G	0	13758	0.0	-1.0	0.0	TRUE	T	2.0743492E-4	8.0	0.10362956	0.8970032	16.624027	0.19151968	0.073419355	524.0	1.0
SPIKE	S27:G>A	2	13758	1.4536997E-4	-1.0	40.0	TRUE	G	6.710715E-5	16.0	0.058914766	0.96544695	28.013872	0.06131619	0.074412845	524.0	0.0
SPIKE	S27:G>C	0	13758	0.0	-1.0	0.0	TRUE	G	1.1664956E-4	0.0	0.10931603	0.94070625	10.123629	0.17798302	0.08245762	524.0	1.0
SPIKE	S27:G>T	0	13758	0.0	-1.0	0.0	TRUE	G	1.412615E-4	12.0	0.15073124	0.92865217	12.037547	0.19070089	0.07041733	524.0	0.0
SPIKE	S28:G>A	4	13758	2.9073993E-4	-1.0	40.0	TRUE	G	7.549554E-5	18.0	0.058914766	0.9612126	28.013872	0.06131619	0.074412845	524.0	0.0
SPIKE	S28:G>C	0	13758	0.0	-1.0	0.0	TRUE	G	1.1664956E-4	0.0	0.10931603	0.94070625	10.123629	0.17798302	0.08245762	524.0	1.0
SPIKE	S28:G>T	0	13758	0.0	-1.0	0.0	TRUE	G	1.417035E-4	0.0	0.15073124	0.9284371	12.037547	0.19070089	0.07041733	524.0	1.0
SPIKE	S29:G>A	5	13758	3.6342492E-4	-1.0	40.0	TRUE	G	1.0904911E-4	26.0	0.058914766	0.9444602	28.013872	0.06131619	0.074412845	524.0	0.0
SPIKE	S29:G>C	0	13758	0.0	-1.0	0.0	TRUE	G	1.1664956E-4	1.0	0.10931603	0.94070625	10.123629	0.17798302	0.08245762	524.0	1.0
SPIKE	S29:G>T	0	13758	0.0	-1.0	0.0	TRUE	G	1.417035E-4	0.0	0.15073124	0.9284371	12.037547	0.19070089	0.07041733	524.0	1.0
SPIKE	S30:A>G	1	13758	7.268498E-5	-1.0	40.0	TRUE	A	2.8686086E-4	82.0	0.04957691	0.8604368	36.658882	0.05064024	0.067660004	524.0	0.0
SPIKE	S30:A>C	0	13758	0.0	-1.0	0.0	TRUE	A	3.804655E-5	0.0	0.10867692	0.980261	16.624027	0.035326388	0.08008682	524.0	1.0
SPIKE	S30:A>T	0	13758	0.0	-1.0	0.0	TRUE	A	3.464983E-5	4.0	0.18997024	0.9820073	5.0542355	0.1164394	0.07534841	524.0	1.0
SPIKE	S31:T>C	1	13758	7.268498E-5	-1.0	40.0	TRUE	T	1.7111066E-4	42.0	0.05992176	0.9142402	36.658882	0.059623722	0.078797966	524.0	0.0
SPIKE	S31:T>A	0	13758	0.0	-1.0	0.0	TRUE	T	9.264082E-5	15.0	0.1679417	0.9526156	5.0542355	0.10212044	0.068816274	524.0	0.0
SPIKE	S31:T>G	0	13758	0.0	-1.0	0.0	TRUE	T	2.0743492E-4	0.0	0.10362956	0.8970032	16.624027	0.19151968	0.073419355	524.0	1.0
SPIKE	S32:C>T	4	13758	2.9073993E-4	-1.0	40.0	TRUE	C	1.6187821E-4	33.0	0.054697163	0.9186738	28.013872	0.07139352	0.07827202	524.0	0.0
SPIKE	S32:C>A	0	13758	0.0	-1.0	0.0	TRUE	C	2.2154138E-5	0.0	0.08272314	0.98845834	12.037547	0.027603982	0.101635955	524.0	1.0
SPIKE	S32:C>G	0	13758	0.0	-1.0	0.0	TRUE	C	1.11416426E-4	0.0	0.07336295	0.94328934	10.123629	0.1634025	0.18896459	524.0	1.0
SPIKE	S33:C>T	3	13758	2.1805495E-4	-1.0	40.0	TRUE	C	8.33918E-5	17.0	0.054697163	0.9572437	28.013872	0.07139352	0.07827202	524.0	0.0
SPIKE	S33:C>A	0	13758	0.0	-1.0	0.0	TRUE	C	2.2154138E-5	4.0	0.08272314	0.98845834	12.037547	0.027603982	0.101635955	524.0	1.0
SPIKE	S33:C>G	0	13758	0.0	-1.0	0.0	TRUE	C	1.11416426E-4	0.0	0.07336295	0.94328934	10.123629	0.1634025	0.18896459	524.0	1.0
SPIKE	S34:A>G	0	13758	0.0	-1.0	0.0	TRUE	A	5.2474545E-5	15.0	0.04957691	0.9728779	36.658882	0.05064024	0.067660004	524.0	0.0
SPIKE	S34:A>C	0	13758	0.0	-1.0	0.0	TRUE	A	3.2041076E-5	14.0	0.10867692	0.98335063	16.624027	0.035326388	0.08008682	524.0	0.0
SPIKE	S34:A>T	0	13758	0.0	-1.0	0.0	TRUE	A	3.464983E-5	4.0	0.18997024	0.9820073	5.0542355	0.1164394	0.07534841	524.0	1.0
SPIKE	S35:T>C	4	13758	2.9073993E-4	-1.0	40.0	TRUE	T	8.962939E-5	22.0	0.05992176	0.95412004	36.658882	0.059623722	0.078797966	524.0	0.0
SPIKE	S35:T>G	2	13758	1.4536997E-4	-1.0	40.0	TRUE	T	2.0743492E-4	2.0	0.10362956	0.8970032	16.624027	0.19151968	0.073419355	524.0	1.0
SPIKE	S35:T>A	0	13758	0.0	-1.0	0.0	TRUE	T	8.646476E-5	14.0	0.1679417	0.9557035	5.0542355	0.10212044	0.068816274	524.0	0.0
SPIKE	S36:T>C	2	13758	1.4536997E-4	-1.0	40.0	TRUE	T	1.4935061E-4	2.0	0.05992176	0.9247242	36.658882	0.059623722	0.078797966	524.0	1.0
SPIKE	S36:T>A	0	13758	0.0	-1.0	0.0	TRUE	T	3.1215233E-5	4.0	0.1679417	0.9837763	5.0542355	0.10212044	0.068816274	524.0	1.0
SPIKE	S36:T>G	0	13758	0.0	-1.0	0.0	TRUE	T	2.0743492E-4	0.0	0.10362956	0.8970032	16.624027	0.19151968	0.073419355	524.0	1.0
SPIKE	S37:A>G	0	13758	0.0	-1.0	0.0	TRUE	A	6.2969455E-5	18.0	0.04957691	0.9675424	36.658882	0.05064024	0.067660004	524.0	0.0
SPIKE	S37:A>C	0	13758	0.0	-1.0	0.0	TRUE	A	3.804655E-5	0.0	0.10867692	0.980261	16.624027	0.035326388	0.08008682	524.0	1.0
SPIKE	S37:A>T	0	13758	0.0	-1.0	0.0	TRUE	A	9.597844E-5	14.0	0.18997024	0.95095104	5.0542355	0.1164394	0.07534841	524.0	0.0
SPIKE	S38:T>A	0	13758	0.0	-1.0	0.0	TRUE	T	6.176055E-5	10.0	0.1679417	0.96815556	5.0542355	0.10212044	0.068816274	524.0	0.0
SPIKE	S38:T>G	0	13758	0.0	-1.0	0.0	TRUE	T	2.0743492E-4	0.0	0.10362956	0.8970032	16.624027	0.19151968	0.073419355	524.0	1.0
SPIKE	S38:T>C	0	13758	0.0	-1.0	0.0	TRUE	T	1.4935061E-4	6.0	0.05992176	0.9247242	36.658882	0.059623722	0.078797966	524.0	1.0
SPIKE	S39:C>T	4	13758	2.9073993E-4	-1.0	40.0	TRUE	C	1.2263501E-4	25.0	0.054697163	0.9377605	28.013872	0.07139352	0.07827202	524.0	0.0
SPIKE	S39:C>A	0	13758	0.0	-1.0	0.0	TRUE	C	2.2154138E-5	1.0	0.08272314	0.98845834	12.037547	0.027603982	0.101635955	524.0	1.0
SPIKE	S39:C>G	0	13758	0.0	-1.0	0.0	TRUE	C	1.11416426E-4	4.0	0.07336295	0.94328934	10.123629	0.1634025	0.18896459	524.0	1.0
SPIKE	S40:G>A	4	13758	2.9073993E-4	-1.0	40.0	TRUE	G	1.4679688E-4	35.0	0.058914766	0.92596245	28.013872	0.06131619	0.074412845	524.0	0.0
SPIKE	S40:G>C	0	13758	0.0	-1.0	0.0	TRUE	G	1.2674755E-4	11.0	0.10931603	0.9357418	10.123629	0.17798302	0.08245762	524.0	0.0
SPIKE	S40:G>T	0	13758	0.0	-1.0	0.0	TRUE	G	1.417035E-4	1.0	0.15073124	0.9284371	12.037547	0.19070089	0.07041733	524.0	1.0
SPIKE	S41:G>A	1	13758	7.268498E-5	-1.0	40.0	TRUE	G	1.0066072E-4	24.0	0.058914766	0.94862074	28.013872	0.06131619	0.074412845	524.0	0.0
SPIKE	S41:G>C	0	13758	0.0	-1.0	0.0	TRUE	G	1.1664956E-4	4.0	0.10931603	0.94070625	10.123629	0.17798302	0.08245762	524.0	1.0
SPIKE	S41:G>T	0	13758	0.0	-1.0	0.0	TRUE	G	1.417035E-4	0.0	0.15073124	0.9284371	12.037547	0.19070089	0.07041733	524.0	1.0
SPIKE	S42:C>T	6	13758	4.361099E-4	-1.0	40.0	TRUE	C	2.2074301E-4	45.0	0.054697163	0.8907697	28.013872	0.07139352	0.07827202	524.0	0.0
SPIKE	S42:C>G	1	13758	7.268498E-5	-1.0	40.0	TRUE	C	1.6508374E-4	15.0	0.07336295	0.917132	10.123629	0.1634025	0.18896459	524.0	0.0
SPIKE	S42:C>A	0	13758	0.0	-1.0	0.0	TRUE	C	2.2154138E-5	0.0	0.08272314	0.98845834	12.037547	0.027603982	0.101635955	524.0	1.0
SPIKE	S43:G>A	8	13758	5.8147986E-4	-1.0	40.0	TRUE	G	9.646652E-5	23.0	0.058914766	0.95070785	28.013872	0.06131619	0.074412845	524.0	0.0
SPIKE	S43:G>C	0	13758	0.0	-1.0	0.0	TRUE	G	1.1522505E-4	10.0	0.10931603	0.9414087	10.123629	0.17798302	0.08245762	524.0	0.0
SPIKE	S43:G>T	0	13758	0.0	-1.0	0.0	TRUE	G	1.417035E-4	1.0	0.15073124	0.9284371	12.037547	0.19070089	0.07041733	524.0	1.0
SPIKE	S44:G>A	4	13758	2.9073993E-4	-1.0	40.0	TRUE	G	1.6357367E-4	39.0	0.058914766	0.917858	28.013872	0.06131619	0.074412845	524.0	0.0
SPIKE	S44:G>C	0	13758	0.0	-1.0	0.0	TRUE	G	1.1664956E-4	1.0	0.10931603	0.94070625	10.123629	0.17798302	0.08245762	524.0	1.0
SPIKE	S44:G>T	0	13758	0.0	-1.0	0.0	TRUE	G	1.417035E-4	0.0	0.15073124	0.9284371	12.037547	0.19070089	0.07041733	524.0	1.0
SPIKE	S45:C>T	2	13758	1.4536997E-4	-1.0	40.0	TRUE	C	1.1772961E-4	24.0	0.054697163	0.940174	28.013872	0.07139352	0.07827202	524.0	0.0
SPIKE	S45:C>A	0	13758	0.0	-1.0	0.0	TRUE	C	2.2154138E-5	0.0	0.08272314	0.98845834	12.037547	0.027603982	0.101635955	524.0	1.0
SPIKE	S45:C>G	0	13758	0.0	-1.0	0.0	TRUE	C	1.2106141E-4	11.0	0.07336295	0.938534	10.123629	0.1634025	0.18896459	524.0	0.0
SPIKE	S46:G>A	0	13758	0.0	-1.0	0.0	TRUE	G	8.388393E-5	20.0	0.058914766	0.95699686	28.013872	0.06131619	0.074412845	524.0	0.0
SPIKE	S46:G>C	0	13758	0.0	-1.0	0.0	TRUE	G	1.3827006E-4	12.0	0.10931603	0.93010896	10.123629	0.17798302	0.08245762	524.0	0.0
SPIKE	S46:G>T	0	13758	0.0	-1.0	0.0	TRUE	G	1.417035E-4	0.0	0.15073124	0.9284371	12.037547	0.19070089	0.07041733	524.0	1.0
SPIKE	S47:A>G	0	13758	0.0	-1.0	0.0	TRUE	A	5.9471153E-5	17.0	0.04957691	0.9693177	36.658882	0.05064024	0.067660004	524.0	0.0
SPIKE	S47:A>C	0	13758	0.0	-1.0	0.0	TRUE	A	3.804655E-5	0.0	0.10867692	0.980261	16.624027	0.035326388	0.08008682	524.0	1.0
SPIKE	S47:A>T	0	13758	0.0	-1.0	0.0	TRUE	A	3.464983E-5	0.0	0.18997024	0.9820073	5.0542355	0.1164394	0.07534841	524.0	1.0
SPIKE	S48:A>G	0	13758	0.0	-1.0	0.0	TRUE	A	1.2824389E-4	6.0	0.04957691	0.93500835	36.658882	0.05064024	0.067660004	524.0	1.0
SPIKE	S48:A>C	0	13758	0.0	-1.0	0.0	TRUE	A	3.804655E-5	0.0	0.10867692	0.980261	16.624027	0.035326388	0.08008682	524.0	1.0
SPIKE	S48:A>T	0	13758	0.0	-1.0	0.0	TRUE	A	3.464983E-5	1.0	0.18997024	0.9820073	5.0542355	0.1164394	0.07534841	524.0	1.0
SPIKE	S49:T>C	1	13758	7.268498E-5	-1.0	40.0	TRUE	T	1.4935061E-4	3.0	0.05992176	0.9247242	36.658882	0.059623722	0.078797966	524.0	1.0
SPIKE	S49:T>A	0	13758	0.0	-1.0	0.0	TRUE	T	9.264082E-5	15.0	0.1679417	0.9526156	5.0542355	0.10212044	0.068816274	524.0	0.0
SPIKE	S49:T>G	0	13758	0.0	-1.0	0.0	TRUE	T	2.0743492E-4	1.0	0.10362956	0.8970032	16.624027	0.19151968	0.073419355	524.0	1.0
SPIKE	S50:T>A	0	13758	0.0	-1.0	0.0	TRUE	T	3.1215233E-5	0.0	0.1679417	0.9837763	5.0542355	0.10212044	0.068816274	524.0	1.0
SPIKE	S50:T>G	0	13758	0.0	-1.0	0.0	TRUE	T	2.0743492E-4	0.0	0.10362956	0.8970032	16.624027	0.19151968	0.073419355	524.0	1.0
SPIKE	S50:T>C	0	13758	0.0	-1.0	0.0	TRUE	T	1.4935061E-4	1.0	0.05992176	0.9247242	36.658882	0.059623722	0.078797966	524.0	1.0
SPIKE	S51:T>A	0	13758	0.0	-1.0	0.0	TRUE	T	3.1215233E-5	1.0	0.1679417	0.9837763	5.0542355	0.10212044	0.068816274	524.0	1.0
SPIKE	S51:T>G	0	13758	0.0	-1.0	0.0	TRUE	T	2.0743492E-4	0.0	0.10362956	0.8970032	16.624027	0.19151968	0.073419355	524.0	1.0
SPIKE	S51:T>C	0	13758	0.0	-1.0	0.0	TRUE	T	1.4935061E-4	1.0	0.05992176	0.9247242	36.658882	0.059623722	0.078797966	524.0	1.0
SPIKE	S52:A>G	3	13758	2.1805495E-4	-1.0	40.0	TRUE	A	7.6962664E-5	22.0	0.04957691	0.96047395	36.658882	0.05064024	0.067660004	524.0	0.0
SPIKE	S52:A>C	0	13758	0.0	-1.0	0.0	TRUE	A	3.804655E-5	1.0	0.10867692	0.980261	16.624027	0.035326388	0.08008682	524.0	1.0
SPIKE	S52:A>T	0	13758	0.0	-1.0	0.0	TRUE	A	3.464983E-5	4.0	0.18997024	0.9820073	5.0542355	0.1164394	0.07534841	524.0	1.0
SPIKE	S53:C>T	4	13758	2.9073993E-4	-1.0	40.0	TRUE	C	7.3581E-5	15.0	0.054697163	0.9621774	28.013872	0.07139352	0.07827202	524.0	0.0
SPIKE	S53:C>A	0	13758	0.0	-1.0	0.0	TRUE	C	2.2154138E-5	3.0	0.08272314	0.98845834	12.037547	0.027603982	0.101635955	524.0	1.0
SPIKE	S53:C>G	0	13758	0.0	-1.0	0.0	TRUE	C	1.11416426E-4	0.0	0.07336295	0.94328934	10.123629	0.1634025	0.18896459	524.0	1.0
SPIKE	S54:C>T	2	13758	1.4536997E-4	-1.0	40.0	TRUE	C	8.33918E-5	17.0	0.054697163	0.9572437	28.013872	0.07139352	0.07827202	524.0	0.0
SPIKE	S54:C>A	0	13758	0.0	-1.0	0.0	TRUE	C	2.2154138E-5	1.0	0.08272314	0.98845834	12.037547	0.027603982	0.101635955	524.0	1.0
SPIKE	S54:C>G	0	13758	0.0	-1.0	0.0	TRUE	C	1.11416426E-4	0.0	0.07336295	0.94328934	10.123629	0.1634025	0.18896459	524.0	1.0
SPIKE	S55:A>C	1	13758	7.268498E-5	-1.0	40.0	TRUE	A	9.3834584E-5	41.0	0.10867692	0.95201993	16.624027	0.035326388	0.08008682	524.0	0.0
SPIKE	S55:A>G	12	13758	8.722198E-4	37.372986	40.0	TRUE	A	4.3728788E-4	125.0	0.04957691	0.7952181	36.658882	0.05064024	0.067660004	524.0	0.0
SPIKE	S55:A>T	0	13758	0.0	-1.0	0.0	TRUE	A	3.464983E-5	1.0	0.18997024	0.9820073	5.0542355	0.1164394	0.07534841	524.0	1.0
SPIKE	S56:C>T	2	13758	1.4536997E-4	-1.0	40.0	TRUE	C	1.0791881E-4	22.0	0.054697163	0.9450197	28.013872	0.07139352	0.07827202	524.0	0.0
SPIKE	S56:C>A	0	13758	0.0	-1.0	0.0	TRUE	C	2.2154138E-5	7.0	0.08272314	0.98845834	12.037547	0.027603982	0.101635955	524.0	1.0
SPIKE	S56:C>G	0	13758	0.0	-1.0	0.0	TRUE	C	1.11416426E-4	1.0	0.07336295	0.94328934	10.123629	0.1634025	0.18896459	524.0	1.0
SPIKE	S57:C>T	2	13758	1.4536997E-4	-1.0	40.0	TRUE	C	8.33918E-5	17.0	0.054697163	0.9572437	28.013872	0.07139352	0.07827202	524.0	0.0
SPIKE	S57:C>A	0	13758	0.0	-1.0	0.0	TRUE	C	2.2154138E-5	1.0	0.08272314	0.98845834	12.037547	0.027603982	0.101635955	524.0	1.0
SPIKE	S57:C>G	0	13758	0.0	-1.0	0.0	TRUE	C	1.11416426E-4	0.0	0.07336295	0.94328934	10.123629	0.1634025	0.18896459	524.0	1.0
SPIKE	S58:A>G	2	13758	1.4536997E-4	-1.0	40.0	TRUE	A	1.18942306E-4	34.0	0.04957691	0.93957675	36.658882	0.05064024	0.067660004	524.0	0.0
SPIKE	S58:A>C	0	13758	0.0	-1.0	0.0	TRUE	A	3.6618374E-5	16.0	0.10867692	0.9809949	16.624027	0.035326388	0.08008682	524.0	0.0
SPIKE	S58:A>T	0	13758	0.0	-1.0	0.0	TRUE	A	3.464983E-5	1.0	0.18997024	0.9820073	5.0542355	0.1164394	0.07534841	524.0	1.0
SPIKE	S59:T>C	2	13758	1.4536997E-4	-1.0	40.0	TRUE	T	1.0592565E-4	26.0	0.05992176	0.94600725	36.658882	0.059623722	0.078797966	524.0	0.0
SPIKE	S59:T>A	0	13758	0.0	-1.0	0.0	TRUE	T	7.411266E-5	12.0	0.1679417	0.96190935	5.0542355	0.10212044	0.068816274	524.0	0.0
SPIKE	S59:T>G	0	13758	0.0	-1.0	0.0	TRUE	T	2.0743492E-4	1.0	0.10362956	0.8970032	16.624027	0.19151968	0.073419355	524.0	1.0
SPIKE	S60:T>A	0	13758	0.0	-1.0	0.0	TRUE	T	3.1215233E-5	0.0	0.1679417	0.9837763	5.0542355	0.10212044	0.068816274	524.0	1.0
SPIKE	S60:T>G	0	13758	0.0	-1.0	0.0	TRUE	T	2.0743492E-4	2.0	0.10362956	0.8970032	16.624027	0.19151968	0.073419355	524.0	1.0
SPIKE	S60:T>C	0	13758	0.0	-1.0	0.0	TRUE	T	1.4935061E-4	9.0	0.05992176	0.9247242	36.658882	0.059623722	0.078797966	524.0	1.0
SPIKE	S61:G>A	2	13758	1.4536997E-4	-1.0	40.0	TRUE	G	4.1941967E-5	10.0	0.058914766	0.9782622	28.013872	0.06131619	0.074412845	524.0	0.0
SPIKE	S61:G>C	0	13758	0.0	-1.0	0.0	TRUE	G	1.1664956E-4	0.0	0.10931603	0.94070625	10.123629	0.17798302	0.08245762	524.0	1.0
SPIKE	S61:G>T	0	13758	0.0	-1.0	0.0	TRUE	G	1.412615E-4	12.0	0.15073124	0.92865217	12.037547	0.19070089	0.07041733	524.0	0.0
SPIKE	S62:A>G	1	13758	7.268498E-5	-1.0	40.0	TRUE	A	5.2474545E-5	15.0	0.04957691	0.9728779	36.658882	0.05064024	0.067660004	524.0	0.0
SPIKE	D62-63:A>	2	13758	1.4536997E-4	-1.0	39.99971	TRUE		NaN	NaN	NaN	NaN	NaN	NaN	NaN	NaN	NaN
SPIKE	S62:A>C	0	13758	0.0	-1.0	0.0	TRUE	A	3.804655E-5	0.0	0.10867692	0.980261	16.624027	0.035326388	0.08008682	524.0	1.0
SPIKE	S62:A>T	0	13758	0.0	-1.0	0.0	TRUE	A	3.464983E-5	0.0	0.18997024	0.9820073	5.0542355	0.1164394	0.07534841	524.0	1.0
SPIKE	S63:A>G	1	13758	7.268498E-5	-1.0	40.0	TRUE	A	1.2824389E-4	4.0	0.04957691	0.93500835	36.658882	0.05064024	0.067660004	524.0	1.0
SPIKE	S63:A>C	0	13758	0.0	-1.0	0.0	TRUE	A	3.804655E-5	0.0	0.10867692	0.980261	16.624027	0.035326388	0.08008682	524.0	1.0
SPIKE	S63:A>T	0	13758	0.0	-1.0	0.0	TRUE	A	3.464983E-5	1.0	0.18997024	0.9820073	5.0542355	0.1164394	0.07534841	524.0	1.0
SPIKE	S64:A>G	2	13758	1.4536997E-4	-1.0	40.0	TRUE	A	5.597285E-5	16.0	0.04957691	0.97109616	36.658882	0.05064024	0.067660004	524.0	0.0
SPIKE	S64:A>C	0	13758	0.0	-1.0	0.0	TRUE	A	3.804655E-5	2.0	0.10867692	0.980261	16.624027	0.035326388	0.08008682	524.0	1.0
SPIKE	S64:A>T	0	13758	0.0	-1.0	0.0	TRUE	A	3.464983E-5	0.0	0.18997024	0.9820073	5.0542355	0.1164394	0.07534841	524.0	1.0
SPIKE	S65:A>G	9	13758	6.541649E-4	-1.0	40.0	TRUE	A	2.0989818E-4	60.0	0.04957691	0.89584607	36.658882	0.05064024	0.067660004	524.0	0.0
SPIKE	S65:A>C	1	13758	7.268498E-5	-1.0	40.0	TRUE	A	7.552539E-5	33.0	0.10867692	0.96119756	16.624027	0.035326388	0.08008682	524.0	0.0
SPIKE	S65:A>T	0	13758	0.0	-1.0	0.0	TRUE	A	3.464983E-5	0.0	0.18997024	0.9820073	5.0542355	0.1164394	0.07534841	524.0	1.0
SPIKE	S66:C>T	2	13758	1.4536997E-4	-1.0	40.0	TRUE	C	8.82972E-5	18.0	0.054697163	0.9547863	28.013872	0.07139352	0.07827202	524.0	0.0
SPIKE	S66:C>A	0	13758	0.0	-1.0	0.0	TRUE	C	2.2154138E-5	6.0	0.08272314	0.98845834	12.037547	0.027603982	0.101635955	524.0	1.0
SPIKE	S66:C>G	0	13758	0.0	-1.0	0.0	TRUE	C	1.11416426E-4	0.0	0.07336295	0.94328934	10.123629	0.1634025	0.18896459	524.0	1.0
SPIKE	S67:C>T	3	13758	2.1805495E-4	-1.0	40.0	TRUE	C	8.33918E-5	17.0	0.054697163	0.9572437	28.013872	0.07139352	0.07827202	524.0	0.0
SPIKE	S67:C>A	0	13758	0.0	-1.0	0.0	TRUE	C	1.8404196E-5	10.0	0.08272314	0.9904026	12.037547	0.027603982	0.101635955	524.0	0.0
SPIKE	S67:C>G	0	13758	0.0	-1.0	0.0	TRUE	C	1.11416426E-4	0.0	0.07336295	0.94328934	10.123629	0.1634025	0.18896459	524.0	1.0
SPIKE	S68:A>G	8	13758	5.8147986E-4	25.331787	40.0	TRUE	A	3.9180994E-4	112.0	0.04957691	0.8143961	36.658882	0.05064024	0.067660004	524.0	0.0
SPIKE	S68:A>C	1	13758	7.268498E-5	-1.0	40.0	TRUE	A	2.9752428E-5	13.0	0.10867692	0.9845306	16.624027	0.035326388	0.08008682	524.0	0.0
SPIKE	S68:A>T	0	13758	0.0	-1.0	0.0	TRUE	A	3.464983E-5	3.0	0.18997024	0.9820073	5.0542355	0.1164394	0.07534841	524.0	1.0
SPIKE	S69:G>A	1	13758	7.268498E-5	-1.0	40.0	TRUE	G	5.033036E-5	12.0	0.058914766	0.9739716	28.013872	0.06131619	0.074412845	524.0	0.0
SPIKE	S69:G>C	0	13758	0.0	-1.0	0.0	TRUE	G	1.1522505E-4	10.0	0.10931603	0.9414087	10.123629	0.17798302	0.08245762	524.0	0.0
SPIKE	S69:G>T	0	13758	0.0	-1.0	0.0	TRUE	G	1.417035E-4	0.0	0.15073124	0.9284371	12.037547	0.19070089	0.07041733	524.0	1.0
SPIKE	S70:C>T	3	13758	2.1805495E-4	-1.0	40.0	TRUE	C	2.0602682E-4	42.0	0.054697163	0.89766526	28.013872	0.07139352	0.07827202	524.0	0.0
SPIKE	S70:C>A	0	13758	0.0	-1.0	0.0	TRUE	C	2.2154138E-5	0.0	0.08272314	0.98845834	12.037547	0.027603982	0.101635955	524.0	1.0
SPIKE	S70:C>G	0	13758	0.0	-1.0	0.0	TRUE	C	1.11416426E-4	1.0	0.07336295	0.94328934	10.123629	0.1634025	0.18896459	524.0	1.0
SPIKE	S71:C>A	1	13758	7.268498E-5	-1.0	40.0	TRUE	C	2.2154138E-5	2.0	0.08272314	0.98845834	12.037547	0.027603982	0.101635955	524.0	1.0
SPIKE	S71:C>T	1	13758	7.268498E-5	-1.0	40.0	TRUE	C	1.2263501E-4	25.0	0.054697163	0.9377605	28.013872	0.07139352	0.07827202	524.0	0.0
SPIKE	S71:C>G	0	13758	0.0	-1.0	0.0	TRUE	C	1.1005582E-4	10.0	0.07336295	0.9439621	10.123629	0.1634025	0.18896459	524.0	0.0
SPIKE	S72:G>A	4	13758	2.9073993E-4	-1.0	40.0	TRUE	G	1.1324331E-4	27.0	0.058914766	0.9423868	28.013872	0.06131619	0.074412845	524.0	0.0
SPIKE	S72:G>T	1	13758	7.268498E-5	-1.0	40.0	TRUE	G	1.417035E-4	5.0	0.15073124	0.9284371	12.037547	0.19070089	0.07041733	524.0	1.0
SPIKE	S72:G>C	0	13758	0.0	-1.0	0.0	TRUE	G	1.1664956E-4	1.0	0.10931603	0.94070625	10.123629	0.17798302	0.08245762	524.0	1.0
SPIKE	S73:T>C	13	13758	9.449048E-4	40.383286	40.0	TRUE	T	3.5036946E-4	86.0	0.05992176	0.83227396	36.658882	0.059623722	0.078797966	524.0	0.0
SPIKE	S73:T>A	0	13758	0.0	-1.0	0.0	TRUE	T	3.1215233E-5	0.0	0.1679417	0.9837763	5.0542355	0.10212044	0.068816274	524.0	1.0
SPIKE	S73:T>G	0	13758	0.0	-1.0	0.0	TRUE	T	1.8717028E-4	15.0	0.10362956	0.9065789	16.624027	0.19151968	0.073419355	524.0	0.0
SPIKE	S74:G>A	4	13758	2.9073993E-4	-1.0	40.0	TRUE	G	1.1749569E-4	6.0	0.058914766	0.94028926	28.013872	0.06131619	0.074412845	524.0	1.0
SPIKE	S74:G>C	0	13758	0.0	-1.0	0.0	TRUE	G	1.1664956E-4	0.0	0.10931603	0.94070625	10.123629	0.17798302	0.08245762	524.0	1.0
SPIKE	S74:G>T	0	13758	0.0	-1.0	0.0	TRUE	G	1.417035E-4	1.0	0.15073124	0.9284371	12.037547	0.19070089	0.07041733	524.0	1.0
SPIKE	S75:G>A	4	13758	2.9073993E-4	-1.0	40.0	TRUE	G	1.0066072E-4	24.0	0.058914766	0.94862074	28.013872	0.06131619	0.074412845	524.0	0.0
SPIKE	S75:G>C	0	13758	0.0	-1.0	0.0	TRUE	G	1.1664956E-4	0.0	0.10931603	0.94070625	10.123629	0.17798302	0.08245762	524.0	1.0
SPIKE	S75:G>T	0	13758	0.0	-1.0	0.0	TRUE	G	1.417035E-4	6.0	0.15073124	0.9284371	12.037547	0.19070089	0.07041733	524.0	1.0
SPIKE	S76:T>G	1	13758	7.268498E-5	-1.0	40.0	TRUE	T	1.2478018E-4	10.0	0.10362956	0.93670696	16.624027	0.19151968	0.073419355	524.0	0.0
SPIKE	S76:T>C	4	13758	2.9073993E-4	-1.0	40.0	TRUE	T	1.3851815E-4	34.0	0.05992176	0.9299881	36.658882	0.059623722	0.078797966	524.0	0.0
SPIKE	S76:T>A	0	13758	0.0	-1.0	0.0	TRUE	T	3.1215233E-5	0.0	0.1679417	0.9837763	5.0542355	0.10212044	0.068816274	524.0	1.0
SPIKE	S77:T>A	0	13758	0.0	-1.0	0.0	TRUE	T	3.1215233E-5	0.0	0.1679417	0.9837763	5.0542355	0.10212044	0.068816274	524.0	1.0
SPIKE	S77:T>G	0	13758	0.0	-1.0	0.0	TRUE	T	2.0743492E-4	0.0	0.10362956	0.8970032	16.624027	0.19151968	0.073419355	524.0	1.0
SPIKE	S77:T>C	0	13758	0.0	-1.0	0.0	TRUE	T	1.4935061E-4	6.0	0.05992176	0.9247242	36.658882	0.059623722	0.078797966	524.0	1.0
SPIKE	S78:T>A	0	13758	0.0	-1.0	0.0	TRUE	T	3.1215233E-5	0.0	0.1679417	0.9837763	5.0542355	0.10212044	0.068816274	524.0	1.0
SPIKE	S78:T>G	0	13758	0.0	-1.0	0.0	TRUE	T	1.2478018E-4	10.0	0.10362956	0.93670696	16.624027	0.19151968	0.073419355	524.0	0.0
SPIKE	S78:T>C	0	13758	0.0	-1.0	0.0	TRUE	T	1.4935061E-4	1.0	0.05992176	0.9247242	36.658882	0.059623722	0.078797966	524.0	1.0
SPIKE	S79:G>A	3	13758	2.1805495E-4	-1.0	40.0	TRUE	G	6.291295E-5	15.0	0.058914766	0.9675711	28.013872	0.06131619	0.074412845	524.0	0.0
SPIKE	S79:G>C	0	13758	0.0	-1.0	0.0	TRUE	G	1.2674755E-4	11.0	0.10931603	0.9357418	10.123629	0.17798302	0.08245762	524.0	0.0
SPIKE	S79:G>T	0	13758	0.0	-1.0	0.0	TRUE	G	1.417035E-4	1.0	0.15073124	0.9284371	12.037547	0.19070089	0.07041733	524.0	1.0
SPIKE	S80:C>A	1	13758	7.268498E-5	-1.0	40.0	TRUE	C	2.2154138E-5	1.0	0.08272314	0.98845834	12.037547	0.027603982	0.101635955	524.0	1.0
SPIKE	S80:C>T	3	13758	2.1805495E-4	-1.0	40.0	TRUE	C	2.1583762E-4	44.0	0.054697163	0.89306235	28.013872	0.07139352	0.07827202	524.0	0.0
SPIKE	S80:C>G	0	13758	0.0	-1.0	0.0	TRUE	C	1.11416426E-4	9.0	0.07336295	0.94328934	10.123629	0.1634025	0.18896459	524.0	1.0
SPIKE	S81:G>A	3	13758	2.1805495E-4	-1.0	40.0	TRUE	G	1.300201E-4	31.0	0.058914766	0.93413854	28.013872	0.06131619	0.074412845	524.0	0.0
SPIKE	S81:G>C	0	13758	0.0	-1.0	0.0	TRUE	G	1.1664956E-4	1.0	0.10931603	0.94070625	10.123629	0.17798302	0.08245762	524.0	1.0
SPIKE	S81:G>T	0	13758	0.0	-1.0	0.0	TRUE	G	1.417035E-4	1.0	0.15073124	0.9284371	12.037547	0.19070089	0.07041733	524.0	1.0
SPIKE	S82:G>A	2	13758	1.4536997E-4	-1.0	40.0	TRUE	G	1.3840849E-4	33.0	0.058914766	0.9300415	28.013872	0.06131619	0.074412845	524.0	0.0
SPIKE	S82:G>C	0	13758	0.0	-1.0	0.0	TRUE	G	1.1664956E-4	9.0	0.10931603	0.94070625	10.123629	0.17798302	0.08245762	524.0	1.0
SPIKE	S82:G>T	0	13758	0.0	-1.0	0.0	TRUE	G	1.417035E-4	1.0	0.15073124	0.9284371	12.037547	0.19070089	0.07041733	524.0	1.0
SPIKE	S83:C>T	4	13758	2.9073993E-4	-1.0	40.0	TRUE	C	9.320261E-5	19.0	0.054697163	0.95233524	28.013872	0.07139352	0.07827202	524.0	0.0
SPIKE	S83:C>A	0	13758	0.0	-1.0	0.0	TRUE	C	2.2154138E-5	2.0	0.08272314	0.98845834	12.037547	0.027603982	0.101635955	524.0	1.0
SPIKE	S83:C>G	0	13758	0.0	-1.0	0.0	TRUE	C	1.2106141E-4	11.0	0.07336295	0.938534	10.123629	0.1634025	0.18896459	524.0	0.0
SPIKE	S84:G>A	4	13758	2.9073993E-4	-1.0	40.0	TRUE	G	1.3840849E-4	33.0	0.058914766	0.9300415	28.013872	0.06131619	0.074412845	524.0	0.0
SPIKE	S84:G>C	0	13758	0.0	-1.0	0.0	TRUE	G	1.1664956E-4	1.0	0.10931603	0.94070625	10.123629	0.17798302	0.08245762	524.0	1.0
SPIKE	S84:G>T	0	13758	0.0	-1.0	0.0	TRUE	G	1.417035E-4	0.0	0.15073124	0.9284371	12.037547	0.19070089	0.07041733	524.0	1.0
SPIKE	S85:A>G	0	13758	0.0	-1.0	0.0	TRUE	A	1.2824389E-4	1.0	0.04957691	0.93500835	36.658882	0.05064024	0.067660004	524.0	1.0
SPIKE	S85:A>C	0	13758	0.0	-1.0	0.0	TRUE	A	5.2638912E-5	23.0	0.10867692	0.9727941	16.624027	0.035326388	0.08008682	524.0	0.0
SPIKE	S85:A>T	0	13758	0.0	-1.0	0.0	TRUE	A	3.464983E-5	9.0	0.18997024	0.9820073	5.0542355	0.1164394	0.07534841	524.0	1.0
SPIKE	S86:T>C	1	13758	7.268498E-5	-1.0	40.0	TRUE	T	7.333314E-5	18.0	0.05992176	0.9623024	36.658882	0.059623722	0.078797966	524.0	0.0
SPIKE	S86:T>A	0	13758	0.0	-1.0	0.0	TRUE	T	3.1215233E-5	1.0	0.1679417	0.9837763	5.0542355	0.10212044	0.068816274	524.0	1.0
SPIKE	S86:T>G	0	13758	0.0	-1.0	0.0	TRUE	T	2.0743492E-4	3.0	0.10362956	0.8970032	16.624027	0.19151968	0.073419355	524.0	1.0
SPIKE	S87:T>A	0	13758	0.0	-1.0	0.0	TRUE	T	3.1215233E-5	0.0	0.1679417	0.9837763	5.0542355	0.10212044	0.068816274	524.0	1.0
SPIKE	S87:T>G	0	13758	0.0	-1.0	0.0	TRUE	T	2.0743492E-4	0.0	0.10362956	0.8970032	16.624027	0.19151968	0.073419355	524.0	1.0
SPIKE	S87:T>C	0	13758	0.0	-1.0	0.0	TRUE	T	1.4935061E-4	6.0	0.05992176	0.9247242	36.658882	0.059623722	0.078797966	524.0	1.0
SPIKE	S88:T>A	0	13758	0.0	-1.0	0.0	TRUE	T	7.411266E-5	12.0	0.1679417	0.96190935	5.0542355	0.10212044	0.068816274	524.0	0.0
SPIKE	S88:T>G	0	13758	0.0	-1.0	0.0	TRUE	T	2.0743492E-4	0.0	0.10362956	0.8970032	16.624027	0.19151968	0.073419355	524.0	1.0
SPIKE	S88:T>C	0	13758	0.0	-1.0	0.0	TRUE	T	1.4935061E-4	4.0	0.05992176	0.9247242	36.658882	0.059623722	0.078797966	524.0	1.0
SPIKE	S89:A>G	0	13758	0.0	-1.0	0.0	TRUE	A	1.2824389E-4	4.0	0.04957691	0.93500835	36.658882	0.05064024	0.067660004	524.0	1.0
SPIKE	S89:A>C	0	13758	0.0	-1.0	0.0	TRUE	A	3.804655E-5	0.0	0.10867692	0.980261	16.624027	0.035326388	0.08008682	524.0	1.0
SPIKE	S89:A>T	0	13758	0.0	-1.0	0.0	TRUE	A	8.9122834E-5	13.0	0.18997024	0.9543733	5.0542355	0.1164394	0.07534841	524.0	0.0
SPIKE	S90:T>A	0	13758	0.0	-1.0	0.0	TRUE	T	3.1215233E-5	1.0	0.1679417	0.9837763	5.0542355	0.10212044	0.068816274	524.0	1.0
SPIKE	S90:T>G	0	13758	0.0	-1.0	0.0	TRUE	T	2.0743492E-4	1.0	0.10362956	0.8970032	16.624027	0.19151968	0.073419355	524.0	1.0
SPIKE	S90:T>C	0	13758	0.0	-1.0	0.0	TRUE	T	8.555533E-5	21.0	0.05992176	0.95615906	36.658882	0.059623722	0.078797966	524.0	0.0
SPIKE	S91:C>T	2	13758	1.4536997E-4	-1.0	40.0	TRUE	C	6.37702E-5	13.0	0.054697163	0.96713656	28.013872	0.07139352	0.07827202	524.0	0.0
SPIKE	S91:C>A	0	13758	0.0	-1.0	0.0	TRUE	C	2.2154138E-5	0.0	0.08272314	0.98845834	12.037547	0.027603982	0.101635955	524.0	1.0
SPIKE	S91:C>G	0	13758	0.0	-1.0	0.0	TRUE	C	1.3206698E-4	12.0	0.07336295	0.9331371	10.123629	0.1634025	0.18896459	524.0	0.0
SPIKE	S92:G>A	2	13758	1.4536997E-4	-1.0	40.0	TRUE	G	1.1324331E-4	27.0	0.058914766	0.9423868	28.013872	0.06131619	0.074412845	524.0	0.0
SPIKE	S92:G>C	0	13758	0.0	-1.0	0.0	TRUE	G	1.1664956E-4	1.0	0.10931603	0.94070625	10.123629	0.17798302	0.08245762	524.0	1.0
SPIKE	S92:G>T	0	13758	0.0	-1.0	0.0	TRUE	G	1.412615E-4	12.0	0.15073124	0.92865217	12.037547	0.19070089	0.07041733	524.0	0.0
SPIKE	S93:T>C	5	13758	3.6342492E-4	-1.0	40.0	TRUE	T	2.118513E-4	52.0	0.05992176	0.8949297	36.658882	0.059623722	0.078797966	524.0	0.0
SPIKE	S93:T>A	0	13758	0.0	-1.0	0.0	TRUE	T	3.1215233E-5	1.0	0.1679417	0.9837763	5.0542355	0.10212044	0.068816274	524.0	1.0
SPIKE	S93:T>G	0	13758	0.0	-1.0	0.0	TRUE	T	2.0743492E-4	3.0	0.10362956	0.8970032	16.624027	0.19151968	0.073419355	524.0	1.0
SPIKE	S94:C>T	1	13758	7.268498E-5	-1.0	40.0	TRUE	C	9.810801E-5	20.0	0.054697163	0.9498905	28.013872	0.07139352	0.07827202	524.0	0.0
SPIKE	S94:C>A	0	13758	0.0	-1.0	0.0	TRUE	C	2.2154138E-5	1.0	0.08272314	0.98845834	12.037547	0.027603982	0.101635955	524.0	1.0
SPIKE	S94:C>G	0	13758	0.0	-1.0	0.0	TRUE	C	1.2106141E-4	11.0	0.07336295	0.938534	10.123629	0.1634025	0.18896459	524.0	0.0
SPIKE	S95:G>A	5	13758	3.6342492E-4	-1.0	40.0	TRUE	G	1.5937947E-4	38.0	0.058914766	0.9198774	28.013872	0.06131619	0.074412845	524.0	0.0
SPIKE	S95:G>C	0	13758	0.0	-1.0	0.0	TRUE	G	1.1664956E-4	1.0	0.10931603	0.94070625	10.123629	0.17798302	0.08245762	524.0	1.0
SPIKE	S95:G>T	0	13758	0.0	-1.0	0.0	TRUE	G	1.530333E-4	13.0	0.15073124	0.9229415	12.037547	0.19070089	0.07041733	524.0	0.0
SPIKE	S96:T>C	5	13758	3.6342492E-4	-1.0	40.0	TRUE	T	2.7296224E-4	67.0	0.05992176	0.86672616	36.658882	0.059623722	0.078797966	524.0	0.0
SPIKE	S96:T>A	0	13758	0.0	-1.0	0.0	TRUE	T	3.1215233E-5	1.0	0.1679417	0.9837763	5.0542355	0.10212044	0.068816274	524.0	1.0
SPIKE	S96:T>G	0	13758	0.0	-1.0	0.0	TRUE	T	2.0743492E-4	3.0	0.10362956	0.8970032	16.624027	0.19151968	0.073419355	524.0	1.0
SPIKE	S97:C>T	3	13758	2.1805495E-4	-1.0	40.0	TRUE	C	7.84864E-5	16.0	0.054697163	0.9597074	28.013872	0.07139352	0.07827202	524.0	0.0
SPIKE	S97:C>A	0	13758	0.0	-1.0	0.0	TRUE	C	2.5765876E-5	14.0	0.08272314	0.98658943	12.037547	0.027603982	0.101635955	524.0	0.0
SPIKE	S97:C>G	0	13758	0.0	-1.0	0.0	TRUE	C	1.11416426E-4	0.0	0.07336295	0.94328934	10.123629	0.1634025	0.18896459	524.0	1.0
SPIKE	S98:A>G	0	13758	0.0	-1.0	0.0	TRUE	A	8.745758E-5	25.0	0.04957691	0.95520645	36.658882	0.05064024	0.067660004	524.0	0.0
SPIKE	S98:A>C	0	13758	0.0	-1.0	0.0	TRUE	A	3.804655E-5	2.0	0.10867692	0.980261	16.624027	0.035326388	0.08008682	524.0	1.0
SPIKE	S98:A>T	0	13758	0.0	-1.0	0.0	TRUE	A	8.226724E-5	12.0	0.18997024	0.9578079	5.0542355	0.1164394	0.07534841	524.0	0.0
SPIKE	S99:T>A	0	13758	0.0	-1.0	0.0	TRUE	T	3.1215233E-5	1.0	0.1679417	0.9837763	5.0542355	0.10212044	0.068816274	524.0	1.0
SPIKE	S99:T>G	0	13758	0.0	-1.0	0.0	TRUE	T	2.0743492E-4	1.0	0.10362956	0.8970032	16.624027	0.19151968	0.073419355	524.0	1.0
SPIKE	S99:T>C	0	13758	0.0	-1.0	0.0	TRUE	T	7.74072E-5	19.0	0.05992176	0.9602502	36.658882	0.059623722	0.078797966	524.0	0.0
SPIKE	S100:C>T	6	13758	4.361099E-4	-1.0	40.0	TRUE	C	1.9131061E-4	39.0	0.054697163	0.90461415	28.013872	0.07139352	0.07827202	524.0	0.0
SPIKE	S100:C>A	1	13758	7.268498E-5	-1.0	40.0	TRUE	C	2.2154138E-5	2.0	0.08272314	0.98845834	12.037547	0.027603982	0.101635955	524.0	1.0
SPIKE	S100:C>G	0	13758	0.0	-1.0	0.0	TRUE	C	1.6508374E-4	15.0	0.07336295	0.917132	10.123629	0.1634025	0.18896459	524.0	0.0
SPIKE	S101:G>A	4	13758	2.9073993E-4	-1.0	40.0	TRUE	G	8.807813E-5	21.0	0.058914766	0.9548959	28.013872	0.06131619	0.074412845	524.0	0.0
SPIKE	S101:G>C	0	13758	0.0	-1.0	0.0	TRUE	G	1.1664956E-4	1.0	0.10931603	0.94070625	10.123629	0.17798302	0.08245762	524.0	1.0
SPIKE	S101:G>T	0	13758	0.0	-1.0	0.0	TRUE	G	1.530333E-4	13.0	0.15073124	0.9229415	12.037547	0.19070089	0.07041733	524.0	0.0
SPIKE	S102:T>C	4	13758	2.9073993E-4	-1.0	40.0	TRUE	T	1.3851815E-4	34.0	0.05992176	0.9299881	36.658882	0.059623722	0.078797966	524.0	0.0
SPIKE	S102:T>G	1	13758	7.268498E-5	-1.0	40.0	TRUE	T	1.372582E-4	11.0	0.10362956	0.93060225	16.624027	0.19151968	0.073419355	524.0	0.0
SPIKE	S102:T>A	0	13758	0.0	-1.0	0.0	TRUE	T	3.1215233E-5	0.0	0.1679417	0.9837763	5.0542355	0.10212044	0.068816274	524.0	1.0
SPIKE	S103:G>A	6	13758	4.361099E-4	-1.0	40.0	TRUE	G	4.6136163E-5	11.0	0.058914766	0.9761145	28.013872	0.06131619	0.074412845	524.0	0.0
SPIKE	S103:G>C	0	13758	0.0	-1.0	0.0	TRUE	G	1.1664956E-4	2.0	0.10931603	0.94070625	10.123629	0.17798302	0.08245762	524.0	1.0
SPIKE	S103:G>T	0	13758	0.0	-1.0	0.0	TRUE	G	1.417035E-4	1.0	0.15073124	0.9284371	12.037547	0.19070089	0.07041733	524.0	1.0
SPIKE	S104:G>A	6	13758	4.361099E-4	-1.0	40.0	TRUE	G	9.646652E-5	23.0	0.058914766	0.95070785	28.013872	0.06131619	0.074412845	524.0	0.0
SPIKE	S104:G>C	0	13758	0.0	-1.0	0.0	TRUE	G	1.3827006E-4	12.0	0.10931603	0.93010896	10.123629	0.17798302	0.08245762	524.0	0.0
SPIKE	S104:G>T	0	13758	0.0	-1.0	0.0	TRUE	G	1.417035E-4	0.0	0.15073124	0.9284371	12.037547	0.19070089	0.07041733	524.0	1.0
SPIKE	S105:C>T	6	13758	4.361099E-4	-1.0	40.0	TRUE	C	1.9131061E-4	39.0	0.054697163	0.90461415	28.013872	0.07139352	0.07827202	524.0	0.0
SPIKE	S105:C>A	0	13758	0.0	-1.0	0.0	TRUE	C	2.2154138E-5	7.0	0.08272314	0.98845834	12.037547	0.027603982	0.101635955	524.0	1.0
SPIKE	S105:C>G	0	13758	0.0	-1.0	0.0	TRUE	C	1.4307257E-4	13.0	0.07336295	0.9277713	10.123629	0.1634025	0.18896459	524.0	0.0
SPIKE	S106:G>A	4	13758	2.9073993E-4	-1.0	40.0	TRUE	G	1.5099108E-4	36.0	0.058914766	0.9239297	28.013872	0.06131619	0.074412845	524.0	0.0
SPIKE	S106:G>C	0	13758	0.0	-1.0	0.0	TRUE	G	1.1664956E-4	1.0	0.10931603	0.94070625	10.123629	0.17798302	0.08245762	524.0	1.0
SPIKE	S106:G>T	0	13758	0.0	-1.0	0.0	TRUE	G	1.417035E-4	0.0	0.15073124	0.9284371	12.037547	0.19070089	0.07041733	524.0	1.0
SPIKE	S107:G>A	3	13758	2.1805495E-4	-1.0	40.0	TRUE	G	1.8035046E-4	43.0	0.058914766	0.90982443	28.013872	0.06131619	0.074412845	524.0	0.0
SPIKE	S107:G>C	0	13758	0.0	-1.0	0.0	TRUE	G	1.3827006E-4	12.0	0.10931603	0.93010896	10.123629	0.17798302	0.08245762	524.0	0.0
SPIKE	S107:G>T	0	13758	0.0	-1.0	0.0	TRUE	G	1.417035E-4	0.0	0.15073124	0.9284371	12.037547	0.19070089	0.07041733	524.0	1.0
SPIKE	S108:C>A	0	13758	0.0	-1.0	0.0	TRUE	C	2.3925457E-5	13.0	0.08272314	0.9875413	12.037547	0.027603982	0.101635955	524.0	0.0
SPIKE	S108:C>G	0	13758	0.0	-1.0	0.0	TRUE	C	1.11416426E-4	1.0	0.07336295	0.94328934	10.123629	0.1634025	0.18896459	524.0	1.0
SPIKE	S108:C>T	0	13758	0.0	-1.0	0.0	TRUE	C	1.2263501E-4	25.0	0.054697163	0.9377605	28.013872	0.07139352	0.07827202	524.0	0.0
SPIKE	S109:A>G	0	13758	0.0	-1.0	0.0	TRUE	A	9.7952485E-5	28.0	0.04957691	0.94996786	36.658882	0.05064024	0.067660004	524.0	0.0
SPIKE	S109:A>C	0	13758	0.0	-1.0	0.0	TRUE	A	3.804655E-5	1.0	0.10867692	0.980261	16.624027	0.035326388	0.08008682	524.0	1.0
SPIKE	S109:A>T	0	13758	0.0	-1.0	0.0	TRUE	A	3.464983E-5	0.0	0.18997024	0.9820073	5.0542355	0.1164394	0.07534841	524.0	1.0
SPIKE	S110:G>A	1	13758	7.268498E-5	-1.0	40.0	TRUE	G	8.388393E-5	20.0	0.058914766	0.95699686	28.013872	0.06131619	0.074412845	524.0	0.0
SPIKE	S110:G>C	0	13758	0.0	-1.0	0.0	TRUE	G	1.2674755E-4	11.0	0.10931603	0.9357418	10.123629	0.17798302	0.08245762	524.0	0.0
SPIKE	S110:G>T	0	13758	0.0	-1.0	0.0	TRUE	G	1.417035E-4	3.0	0.15073124	0.9284371	12.037547	0.19070089	0.07041733	524.0	1.0
SPIKE	S111:C>T	5	13758	3.6342492E-4	-1.0	40.0	TRUE	C	1.4225661E-4	29.0	0.054697163	0.92816806	28.013872	0.07139352	0.07827202	524.0	0.0
SPIKE	S111:C>A	0	13758	0.0	-1.0	0.0	TRUE	C	1.8404196E-5	10.0	0.08272314	0.9904026	12.037547	0.027603982	0.101635955	524.0	0.0
SPIKE	S111:C>G	0	13758	0.0	-1.0	0.0	TRUE	C	1.5407815E-4	14.0	0.07336295	0.9224363	10.123629	0.1634025	0.18896459	524.0	0.0
SPIKE	S112:G>A	0	13757	0.0	-1.0	0.0	TRUE	G	8.808453E-5	21.0	0.058914766	0.9548927	28.011837	0.06131619	0.074412845	524.0	0.0
SPIKE	S112:G>C	0	13757	0.0	-1.0	0.0	TRUE	G	1.1664956E-4	1.0	0.10931603	0.94070625	10.122892	0.17798302	0.08245762	524.0	1.0
SPIKE	S112:G>T	0	13757	0.0	-1.0	0.0	TRUE	G	1.417035E-4	7.0	0.15073124	0.9284371	12.036672	0.19070089	0.07041733	524.0	1.0
SPIKE	S113:T>C	1	13757	7.2690265E-5	-1.0	40.0	TRUE	T	1.4260258E-4	35.0	0.05992176	0.9279998	36.65622	0.059623722	0.078797966	524.0	0.0
SPIKE	S113:T>A	0	13757	0.0	-1.0	0.0	TRUE	T	3.1215233E-5	0.0	0.1679417	0.9837763	5.053868	0.10212044	0.068816274	524.0	1.0
SPIKE	S113:T>G	0	13757	0.0	-1.0	0.0	TRUE	T	1.9966281E-4	16.0	0.10362956	0.90066373	16.622818	0.19151968	0.073419355	524.0	0.0
SPIKE	S114:G>A	2	13757	1.4538053E-4	-1.0	40.0	TRUE	G	7.1306524E-5	17.0	0.058914766	0.96332484	28.011837	0.06131619	0.074412845	524.0	0.0
SPIKE	S114:G>C	0	13757	0.0	-1.0	0.0	TRUE	G	1.1664956E-4	4.0	0.10931603	0.94070625	10.122892	0.17798302	0.08245762	524.0	1.0
SPIKE	S114:G>T	0	13757	0.0	-1.0	0.0	TRUE	G	1.417035E-4	1.0	0.15073124	0.9284371	12.036672	0.19070089	0.07041733	524.0	1.0
SPIKE	S115:A>G	1	13757	7.2690265E-5	-1.0	40.0	TRUE	A	2.5189613E-4	72.0	0.04957691	0.87634665	36.65622	0.05064024	0.067660004	524.0	0.0
SPIKE	S115:A>C	0	13757	0.0	-1.0	0.0	TRUE	A	4.1198666E-5	18.0	0.10867692	0.97864324	16.622818	0.035326388	0.08008682	524.0	0.0
SPIKE	S115:A>T	0	13757	0.0	-1.0	0.0	TRUE	A	3.464983E-5	2.0	0.18997024	0.9820073	5.053868	0.1164394	0.07534841	524.0	1.0
SPIKE	S116:C>T	1	13757	7.2690265E-5	-1.0	40.0	TRUE	C	1.0792665E-4	22.0	0.054697163	0.94501585	28.011837	0.07139352	0.07827202	524.0	0.0
SPIKE	S116:C>A	0	13757	0.0	-1.0	0.0	TRUE	C	1.8405535E-5	10.0	0.08272314	0.99040186	12.036672	0.027603982	0.101635955	524.0	0.0
SPIKE	S116:C>G	0	13757	0.0	-1.0	0.0	TRUE	C	1.11416426E-4	0.0	0.07336295	0.94328934	10.122892	0.1634025	0.18896459	524.0	1.0
SPIKE	S117:C>T	3	13757	2.180708E-4	-1.0	40.0	TRUE	C	1.7660725E-4	36.0	0.054697163	0.9116107	28.011837	0.07139352	0.07827202	524.0	0.0
SPIKE	S117:C>A	0	13757	0.0	-1.0	0.0	TRUE	C	3.3129963E-5	18.0	0.08272314	0.9827897	12.036672	0.027603982	0.101635955	524.0	0.0
SPIKE	S117:C>G	0	13757	0.0	-1.0	0.0	TRUE	C	1.11416426E-4	1.0	0.07336295	0.94328934	10.122892	0.1634025	0.18896459	524.0	1.0
SPIKE	S118:T>C	5	13757	3.6345134E-4	-1.0	40.0	TRUE	T	1.2223079E-4	30.0	0.05992176	0.9379591	36.65622	0.059623722	0.078797966	524.0	0.0
SPIKE	S118:T>A	0	13757	0.0	-1.0	0.0	TRUE	T	1.2353007E-4	20.0	0.1679417	0.9373207	5.053868	0.10212044	0.068816274	524.0	0.0
SPIKE	S118:T>G	0	13757	0.0	-1.0	0.0	TRUE	T	2.0743492E-4	3.0	0.10362956	0.8970032	16.622818	0.19151968	0.073419355	524.0	1.0
SPIKE	S119:A>G	1	13757	7.2690265E-5	-1.0	40.0	TRUE	A	9.0962494E-5	26.0	0.04957691	0.9534538	36.65622	0.05064024	0.067660004	524.0	0.0
SPIKE	S119:A>C	0	13757	0.0	-1.0	0.0	TRUE	A	2.2888147E-5	10.0	0.10867692	0.98807824	16.622818	0.035326388	0.08008682	524.0	0.0
SPIKE	S119:A>T	0	13757	0.0	-1.0	0.0	TRUE	A	1.1655372E-4	17.0	0.18997024	0.94075346	5.053868	0.1164394	0.07534841	524.0	0.0
SPIKE	S120:T>A	0	13757	0.0	-1.0	0.0	TRUE	T	3.1215233E-5	1.0	0.1679417	0.9837763	5.053868	0.10212044	0.068816274	524.0	1.0
SPIKE	S120:T>G	0	13757	0.0	-1.0	0.0	TRUE	T	2.370996E-4	19.0	0.10362956	0.8831677	16.622818	0.19151968	0.073419355	524.0	0.0
SPIKE	S120:T>C	0	13757	0.0	-1.0	0.0	TRUE	T	8.148719E-5	20.0	0.05992176	0.9581995	36.65622	0.059623722	0.078797966	524.0	0.0
SPIKE	S121:G>A	3	13757	2.180708E-4	-1.0	40.0	TRUE	G	5.872302E-5	14.0	0.058914766	0.9696977	28.011837	0.06131619	0.074412845	524.0	0.0
SPIKE	S121:G>C	0	13757	0.0	-1.0	0.0	TRUE	G	1.1664956E-4	0.0	0.10931603	0.94070625	10.122892	0.17798302	0.08245762	524.0	1.0
SPIKE	S121:G>T	0	13757	0.0	-1.0	0.0	TRUE	G	2.3545294E-4	20.0	0.15073124	0.88393	12.036672	0.19070089	0.07041733	524.0	0.0
SPIKE	S122:T>C	2	13757	1.4538053E-4	-1.0	40.0	TRUE	T	2.6890772E-4	66.0	0.05992176	0.8685695	36.65622	0.059623722	0.078797966	524.0	0.0
SPIKE	S122:T>A	0	13757	0.0	-1.0	0.0	TRUE	T	3.1215233E-5	5.0	0.1679417	0.9837763	5.053868	0.10212044	0.068816274	524.0	1.0
SPIKE	S122:T>G	0	13757	0.0	-1.0	0.0	TRUE	T	2.6205744E-4	21.0	0.10362956	0.8716929	16.622818	0.19151968	0.073419355	524.0	0.0
SPIKE	S123:G>A	3	13757	2.180708E-4	-1.0	40.0	TRUE	G	5.033402E-5	12.0	0.058914766	0.97396976	28.011837	0.06131619	0.074412845	524.0	0.0
SPIKE	S123:G>C	0	13757	0.0	-1.0	0.0	TRUE	G	1.1664956E-4	3.0	0.10931603	0.94070625	10.122892	0.17798302	0.08245762	524.0	1.0
SPIKE	S123:G>T	0	13757	0.0	-1.0	0.0	TRUE	G	2.5899825E-4	22.0	0.15073124	0.87309134	12.036672	0.19070089	0.07041733	524.0	0.0
SPIKE	S124:T>C	2	13757	1.4538053E-4	-1.0	40.0	TRUE	T	1.8742053E-4	46.0	0.05992176	0.90646	36.65622	0.059623722	0.078797966	524.0	0.0
SPIKE	S124:T>A	0	13757	0.0	-1.0	0.0	TRUE	T	3.1215233E-5	1.0	0.1679417	0.9837763	5.053868	0.10212044	0.068816274	524.0	1.0
SPIKE	S124:T>G	0	13757	0.0	-1.0	0.0	TRUE	T	3.36931E-4	27.0	0.10362956	0.8381553	16.622818	0.19151968	0.073419355	524.0	0.0
SPIKE	S125:G>A	3	13757	2.180708E-4	-1.0	40.0	TRUE	G	8.389003E-5	20.0	0.058914766	0.9569938	28.011837	0.06131619	0.074412845	524.0	0.0
SPIKE	S125:G>C	0	13757	0.0	-1.0	0.0	TRUE	G	1.3828011E-4	12.0	0.10931603	0.9301041	10.122892	0.17798302	0.08245762	524.0	0.0
SPIKE	S125:G>T	0	13757	0.0	-1.0	0.0	TRUE	G	1.417035E-4	4.0	0.15073124	0.9284371	12.036672	0.19070089	0.07041733	524.0	1.0
SPIKE	S126:C>T	5	13757	3.6345134E-4	-1.0	40.0	TRUE	C	1.9623028E-4	40.0	0.054697163	0.90228516	28.011837	0.07139352	0.07827202	524.0	0.0
SPIKE	S126:C>A	0	13757	0.0	-1.0	0.0	TRUE	C	6.810048E-5	37.0	0.08272314	0.96494454	12.036672	0.027603982	0.101635955	524.0	0.0
SPIKE	S126:C>G	0	13757	0.0	-1.0	0.0	TRUE	C	1.871085E-4	17.0	0.07336295	0.9066082	10.122892	0.1634025	0.18896459	524.0	0.0
SPIKE	S127:G>A	2	13757	1.4538053E-4	-1.0	40.0	TRUE	G	1.1749569E-4	8.0	0.058914766	0.94028926	28.011837	0.06131619	0.074412845	524.0	1.0
SPIKE	S127:G>C	0	13757	0.0	-1.0	0.0	TRUE	G	1.1664956E-4	7.0	0.10931603	0.94070625	10.122892	0.17798302	0.08245762	524.0	1.0
SPIKE	S127:G>T	0	13757	0.0	-1.0	0.0	TRUE	G	1.417035E-4	3.0	0.15073124	0.9284371	12.036672	0.19070089	0.07041733	524.0	1.0
SPIKE	S128:G>A	2	13757	1.4538053E-4	-1.0	40.0	TRUE	G	8.808453E-5	21.0	0.058914766	0.9548927	28.011837	0.06131619	0.074412845	524.0	0.0
SPIKE	S128:G>C	0	13757	0.0	-1.0	0.0	TRUE	G	1.1664956E-4	7.0	0.10931603	0.94070625	10.122892	0.17798302	0.08245762	524.0	1.0
SPIKE	S128:G>T	0	13757	0.0	-1.0	0.0	TRUE	G	1.417035E-4	2.0	0.15073124	0.9284371	12.036672	0.19070089	0.07041733	524.0	1.0
SPIKE	S129:C>T	3	13757	2.180708E-4	-1.0	40.0	TRUE	C	2.1094755E-4	43.0	0.054697163	0.8953536	28.011837	0.07139352	0.07827202	524.0	0.0
SPIKE	S129:C>A	0	13757	0.0	-1.0	0.0	TRUE	C	1.2331708E-4	67.0	0.08272314	0.9374254	12.036672	0.027603982	0.101635955	524.0	0.0
SPIKE	S129:C>G	0	13757	0.0	-1.0	0.0	TRUE	C	1.5408936E-4	14.0	0.07336295	0.9224309	10.122892	0.1634025	0.18896459	524.0	0.0
SPIKE	S130:G>A	2	13757	1.4538053E-4	-1.0	40.0	TRUE	G	9.647354E-5	23.0	0.058914766	0.95070434	28.011837	0.06131619	0.074412845	524.0	0.0
SPIKE	S130:G>C	0	13757	0.0	-1.0	0.0	TRUE	G	1.1664956E-4	7.0	0.10931603	0.94070625	10.122892	0.17798302	0.08245762	524.0	1.0
SPIKE	S130:G>T	0	13757	0.0	-1.0	0.0	TRUE	G	1.417035E-4	0.0	0.15073124	0.9284371	12.036672	0.19070089	0.07041733	524.0	1.0
SPIKE	S131:G>A	6	13757	4.361416E-4	-1.0	40.0	TRUE	G	2.516701E-4	60.0	0.058914766	0.8764504	28.011837	0.06131619	0.074412845	524.0	0.0
SPIKE	S131:G>C	0	13757	0.0	-1.0	0.0	TRUE	G	1.1664956E-4	6.0	0.10931603	0.94070625	10.122892	0.17798302	0.08245762	524.0	1.0
SPIKE	S131:G>T	0	13757	0.0	-1.0	0.0	TRUE	G	1.417035E-4	0.0	0.15073124	0.9284371	12.036672	0.19070089	0.07041733	524.0	1.0
SPIKE	S132:C>T	3	13757	2.180708E-4	-1.0	40.0	TRUE	C	1.2754968E-4	26.0	0.054697163	0.9353486	28.011837	0.07139352	0.07827202	524.0	0.0
SPIKE	S132:C>A	0	13757	0.0	-1.0	0.0	TRUE	C	2.4295306E-4	132.0	0.08272314	0.88046294	12.036672	0.027603982	0.101635955	524.0	0.0
SPIKE	S132:C>G	0	13757	0.0	-1.0	0.0	TRUE	C	1.11416426E-4	8.0	0.07336295	0.94328934	10.122892	0.1634025	0.18896459	524.0	1.0
SPIKE	S133:A>G	0	13757	0.0	-1.0	0.0	TRUE	A	5.9475475E-5	17.0	0.04957691	0.96931547	36.65622	0.05064024	0.067660004	524.0	0.0
SPIKE	S133:A>C	0	13757	0.0	-1.0	0.0	TRUE	A	2.5405842E-4	111.0	0.10867692	0.87535423	16.622818	0.035326388	0.08008682	524.0	0.0
SPIKE	S133:A>T	0	13757	0.0	-1.0	0.0	TRUE	A	3.464983E-5	1.0	0.18997024	0.9820073	5.053868	0.1164394	0.07534841	524.0	1.0
SPIKE	S134:G>A	14	13757	0.0010176637	-1.0	40.0	TRUE	G	1.2164054E-4	29.0	0.058914766	0.93824923	28.011837	0.06131619	0.074412845	524.0	0.0
SPIKE	S134:G>C	0	13757	0.0	-1.0	0.0	TRUE	G	2.0742016E-4	18.0	0.10931603	0.8970101	10.122892	0.17798302	0.08245762	524.0	0.0
SPIKE	S134:G>T	0	13757	0.0	-1.0	0.0	TRUE	G	1.417035E-4	6.0	0.15073124	0.9284371	12.036672	0.19070089	0.07041733	524.0	1.0
SPIKE	S135:C>A	1	13757	7.2690265E-5	-1.0	40.0	TRUE	C	6.810048E-5	37.0	0.08272314	0.96494454	12.036672	0.027603982	0.101635955	524.0	0.0
SPIKE	S135:C>T	9	13757	6.542124E-4	-1.0	40.0	TRUE	C	2.0604179E-4	42.0	0.054697163	0.8976582	28.011837	0.07139352	0.07827202	524.0	0.0
SPIKE	S135:C>G	0	13757	0.0	-1.0	0.0	TRUE	C	1.210702E-4	11.0	0.07336295	0.9385297	10.122892	0.1634025	0.18896459	524.0	0.0
SPIKE	S136:C>T	13	13757	9.449735E-4	-1.0	40.0	TRUE	C	1.3736119E-4	28.0	0.054697163	0.93055207	28.011837	0.07139352	0.07827202	524.0	0.0
SPIKE	S136:C>A	0	13757	0.0	-1.0	0.0	TRUE	C	2.3006918E-4	125.0	0.08272314	0.8864272	12.036672	0.027603982	0.101635955	524.0	0.0
SPIKE	S136:C>G	0	13757	0.0	-1.0	0.0	TRUE	C	1.11416426E-4	8.0	0.07336295	0.94328934	10.122892	0.1634025	0.18896459	524.0	1.0
SPIKE	I137:>T	3	13753	2.1813423E-4	-1.0	39.095833	TRUE		NaN	NaN	NaN	NaN	NaN	NaN	NaN	NaN	NaN
SPIKE	D137-138:T>	5	13753	3.6355705E-4	-1.0	39.095833	TRUE		NaN	NaN	NaN	NaN	NaN	NaN	NaN	NaN	NaN
SPIKE	S137:T>A	0	13753	0.0	-1.0	0.0	TRUE	T	6.1783E-5	10.0	0.1679417	0.9681441	5.0523987	0.10212044	0.068816274	524.0	0.0
SPIKE	S137:T>G	0	13753	0.0	-1.0	0.0	TRUE	T	1.8723833E-4	15.0	0.10362956	0.90654653	16.617985	0.19151968	0.073419355	524.0	0.0
SPIKE	S137:T>C	0	13753	0.0	-1.0	0.0	TRUE	T	1.2226634E-4	30.0	0.05992176	0.9379416	36.64556	0.059623722	0.078797966	524.0	0.0
SPIKE	S138:G>A	6	13753	4.3626846E-4	-1.0	38.333332	TRUE	G	1.04893035E-4	25.0	0.058914766	0.94651926	28.003693	0.06131619	0.074412845	524.0	0.0
SPIKE	D138-139:G>	2	13753	1.4542282E-4	-1.0	39.05359	TRUE		NaN	NaN	NaN	NaN	NaN	NaN	NaN	NaN	NaN
SPIKE	S138:G>C	0	13753	0.0	-1.0	0.0	TRUE	G	1.1664956E-4	3.0	0.10931603	0.94070625	10.119949	0.17798302	0.08245762	524.0	1.0
SPIKE	S138:G>T	0	13753	0.0	-1.0	0.0	TRUE	G	2.472975E-4	21.0	0.15073124	0.8784609	12.033173	0.19070089	0.07041733	524.0	0.0
SPIKE	D139-140:A>	2	13753	1.4542282E-4	-1.0	38.926853	TRUE		NaN	NaN	NaN	NaN	NaN	NaN	NaN	NaN	NaN
SPIKE	D139-141:AT>	2	13753	1.4542282E-4	-1.0	38.926853	TRUE		NaN	NaN	NaN	NaN	NaN	NaN	NaN	NaN	NaN
SPIKE	I139:>A	1	13753	7.271141E-5	-1.0	38.926853	TRUE		NaN	NaN	NaN	NaN	NaN	NaN	NaN	NaN	NaN
SPIKE	D139-143:ATTA>	1	13753	7.271141E-5	-1.0	38.926853	TRUE		NaN	NaN	NaN	NaN	NaN	NaN	NaN	NaN	NaN
SPIKE	S139:A>G	0	13753	0.0	-1.0	0.0	TRUE	A	5.5993198E-5	16.0	0.04957691	0.9710858	36.64556	0.05064024	0.067660004	524.0	0.0
SPIKE	S139:A>C	0	13753	0.0	-1.0	0.0	TRUE	A	5.563437E-4	243.0	0.10867692	0.747124	16.617985	0.035326388	0.08008682	524.0	0.0
SPIKE	S139:A>T	0	13753	0.0	-1.0	0.0	TRUE	A	1.508781E-4	22.0	0.18997024	0.92398435	5.0523987	0.1164394	0.07534841	524.0	0.0
SPIKE	D140-143:TTA>	2	13753	1.4542282E-4	-1.0	39.031048	TRUE		NaN	NaN	NaN	NaN	NaN	NaN	NaN	NaN	NaN
SPIKE	I140:>T	2	13753	1.4542282E-4	-1.0	39.031048	TRUE		NaN	NaN	NaN	NaN	NaN	NaN	NaN	NaN	NaN
SPIKE	D140-141:T>	12	13753	8.725369E-4	-1.0	39.031048	TRUE		NaN	NaN	NaN	NaN	NaN	NaN	NaN	NaN	NaN
SPIKE	D140-142:TT>	1	13753	7.271141E-5	-1.0	39.031048	TRUE		NaN	NaN	NaN	NaN	NaN	NaN	NaN	NaN	NaN
SPIKE	S140:T>A	0	13753	0.0	-1.0	0.0	TRUE	T	9.26745E-5	15.0	0.1679417	0.9525988	5.0523987	0.10212044	0.068816274	524.0	0.0
SPIKE	S140:T>G	0	13753	0.0	-1.0	0.0	TRUE	T	1.6227322E-4	13.0	0.10362956	0.9184837	16.617985	0.19151968	0.073419355	524.0	0.0
SPIKE	S140:T>C	0	13753	0.0	-1.0	0.0	TRUE	T	4.483099E-5	11.0	0.05992176	0.9767823	36.64556	0.059623722	0.078797966	524.0	0.0
SPIKE	S141:T>C	1	13751	7.272198E-5	-1.0	37.0	TRUE	T	7.744661E-5	19.0	0.05992176	0.9602304	36.640232	0.059623722	0.078797966	524.0	0.0
SPIKE	S141:T>A	0	13751	0.0	-1.0	0.0	TRUE	T	1.8537595E-4	30.0	0.1679417	0.90743166	5.051664	0.10212044	0.068816274	524.0	0.0
SPIKE	S141:T>G	0	13751	0.0	-1.0	0.0	TRUE	T	4.244686E-4	34.0	0.10362956	0.8005778	16.615568	0.19151968	0.073419355	524.0	0.0
SPIKE	D142-143:A>	7	13749	5.091279E-4	-1.0	38.91803	TRUE		NaN	NaN	NaN	NaN	NaN	NaN	NaN	NaN	NaN
SPIKE	D142-144:AG>	3	13749	2.1819769E-4	-1.0	38.91803	TRUE		NaN	NaN	NaN	NaN	NaN	NaN	NaN	NaN	NaN
SPIKE	I142:>A	2	13749	1.4546512E-4	-1.0	38.91803	TRUE		NaN	NaN	NaN	NaN	NaN	NaN	NaN	NaN	NaN
SPIKE	S142:A>G	0	13749	0.0	-1.0	0.0	TRUE	A	2.9054921E-4	83.0	0.04957691	0.85877544	36.634903	0.05064024	0.067660004	524.0	0.0
SPIKE	S142:A>C	0	13749	0.0	-1.0	0.0	TRUE	A	6.1833955E-5	27.0	0.10867692	0.9681183	16.613152	0.035326388	0.08008682	524.0	0.0
SPIKE	S142:A>T	0	13749	0.0	-1.0	0.0	TRUE	A	9.6041265E-5	14.0	0.18997024	0.95091975	5.050929	0.1164394	0.07534841	524.0	0.0
SPIKE	D143-145:GC>	3	13746	2.182453E-4	-1.0	38.950676	TRUE		NaN	NaN	NaN	NaN	NaN	NaN	NaN	NaN	NaN
SPIKE	S143:G>A	8	13746	5.819875E-4	-1.0	37.25	TRUE	G	1.4692504E-4	35.0	0.058914766	0.9259003	27.989439	0.06131619	0.074412845	524.0	0.0
SPIKE	D143-144:G>	13	13746	9.4572967E-4	-1.0	38.950676	TRUE		NaN	NaN	NaN	NaN	NaN	NaN	NaN	NaN	NaN
SPIKE	S143:G>C	0	13746	0.0	-1.0	0.0	TRUE	G	6.573561E-4	57.0	0.10931603	0.7086067	10.114799	0.17798302	0.08245762	524.0	0.0
SPIKE	S143:G>T	0	13746	0.0	-1.0	0.0	TRUE	G	1.417035E-4	6.0	0.15073124	0.9284371	12.027047	0.19070089	0.07041733	524.0	1.0
SPIKE	S144:C>G	1	13744	7.275902E-5	4.2596874	40.0	TRUE	C	3.8558774E-4	35.0	0.07336295	0.8170557	10.113327	0.1634025	0.18896459	524.0	0.0
SPIKE	S144:C>T	1	13744	7.275902E-5	-1.0	39.0	TRUE	C	1.9641589E-4	40.0	0.054697163	0.9021974	27.985367	0.07139352	0.07827202	524.0	0.0
SPIKE	D144-145:C>	8	13744	5.820722E-4	-1.0	39.027576	TRUE		NaN	NaN	NaN	NaN	NaN	NaN	NaN	NaN	NaN
SPIKE	I144:>C	10	13744	7.2759023E-4	-1.0	39.027576	TRUE		NaN	NaN	NaN	NaN	NaN	NaN	NaN	NaN	NaN
SPIKE	I144:>AG	1	13744	7.275902E-5	-1.0	39.027576	TRUE		NaN	NaN	NaN	NaN	NaN	NaN	NaN	NaN	NaN
SPIKE	S144:C>A	0	13744	0.0	-1.0	0.0	TRUE	C	3.8688184E-5	21.0	0.08272314	0.9799315	12.025297	0.027603982	0.101635955	524.0	0.0
SPIKE	S145:C>T	1	13742	7.276961E-5	-1.0	39.0	TRUE	C	1.3751113E-4	28.0	0.054697163	0.93047893	27.981295	0.07139352	0.07827202	524.0	0.0
SPIKE	S145:C>A	0	13742	0.0	-1.0	0.0	TRUE	C	3.132356E-5	17.0	0.08272314	0.9837204	12.023548	0.027603982	0.101635955	524.0	0.0
SPIKE	S145:C>G	0	13742	0.0	-1.0	0.0	TRUE	C	1.5425755E-4	14.0	0.07336295	0.9223496	10.111855	0.1634025	0.18896459	524.0	0.0
SPIKE	S146:C>T	4	13737	2.911844E-4	13.290587	38.75	TRUE	C	3.3407714E-4	68.0	0.054697163	0.83940965	27.971113	0.07139352	0.07827202	524.0	0.0
SPIKE	S146:C>A	0	13737	0.0	-1.0	0.0	TRUE	C	6.8199624E-5	37.0	0.08272314	0.9648944	12.019173	0.027603982	0.101635955	524.0	0.0
SPIKE	S146:C>G	0	13737	0.0	-1.0	0.0	TRUE	C	8.487253E-4	77.0	0.07336295	0.640996	10.108175	0.1634025	0.18896459	524.0	0.0
SPIKE	S147:G>A	6	13730	4.3699928E-4	-1.0	38.333332	TRUE	G	1.6390726E-4	39.0	0.058914766	0.91769755	27.95686	0.06131619	0.074412845	524.0	0.0
SPIKE	S147:G>C	0	13730	0.0	-1.0	0.0	TRUE	G	5.1957014E-4	45.0	0.10931603	0.7616602	10.1030245	0.17798302	0.08245762	524.0	0.0
SPIKE	S147:G>T	0	13730	0.0	-1.0	0.0	TRUE	G	8.610933E-4	73.0	0.15073124	0.63685524	12.013048	0.19070089	0.07041733	524.0	0.0
SPIKE	S148:T>G	1	13726	7.285444E-5	2.0412	39.0	TRUE	T	0.0013632749	109.0	0.10362956	0.48950723	16.585361	0.19151968	0.073419355	524.0	0.0
SPIKE	S148:T>C	1	13726	7.285444E-5	-1.0	37.0	TRUE	T	2.0826163E-4	51.0	0.05992176	0.8966147	36.573616	0.059623722	0.078797966	524.0	0.0
SPIKE	S148:T>A	0	13726	0.0	-1.0	0.0	TRUE	T	3.1215233E-5	5.0	0.1679417	0.9837763	5.0424795	0.10212044	0.068816274	524.0	1.0
SPIKE	S149:G>A	2	13720	1.4577259E-4	-1.0	38.5	TRUE	G	2.0187904E-4	48.0	0.058914766	0.8996184	27.936499	0.06131619	0.074412845	524.0	0.0
SPIKE	S149:G>C	0	13720	0.0	-1.0	0.0	TRUE	G	9.2435343E-4	80.0	0.10931603	0.6160906	10.095667	0.17798302	0.08245762	524.0	0.0
SPIKE	S149:G>T	0	13720	0.0	-1.0	0.0	TRUE	G	4.6037143E-4	39.0	0.15073124	0.7856573	12.004299	0.19070089	0.07041733	524.0	0.0
SPIKE	S150:C>A	0	13703	0.0	-1.0	0.0	TRUE	C	2.5869293E-5	14.0	0.08272314	0.98653597	11.989425	0.027603982	0.101635955	524.0	0.0
SPIKE	S150:C>G	0	13703	0.0	-1.0	0.0	TRUE	C	6.4088585E-4	58.0	0.07336295	0.71474874	10.083158	0.1634025	0.18896459	524.0	0.0
SPIKE	S150:C>T	0	13703	0.0	-1.0	0.0	TRUE	C	5.072842E-4	103.0	0.054697163	0.76657945	27.901882	0.07139352	0.07827202	524.0	0.0
SPIKE	S151:T>A	0	13689	0.0	-1.0	0.0	TRUE	T	3.1215233E-5	3.0	0.1679417	0.9837763	5.028887	0.10212044	0.068816274	524.0	1.0
SPIKE	S151:T>G	0	13689	0.0	-1.0	0.0	TRUE	T	0.0012290097	98.0	0.10362956	0.5251869	16.540653	0.19151968	0.073419355	524.0	0.0
SPIKE	S151:T>C	0	13689	0.0	-1.0	0.0	TRUE	T	4.5450046E-4	111.0	0.05992176	0.78807795	36.47503	0.059623722	0.078797966	524.0	0.0
SPIKE	S152:G>A	0	13671	0.0	-1.0	0.0	TRUE	G	1.392893E-4	33.0	0.058914766	0.92961234	27.836725	0.06131619	0.074412845	524.0	0.0
SPIKE	S152:G>C	0	13671	0.0	-1.0	0.0	TRUE	G	1.1664956E-4	3.0	0.10931603	0.94070625	10.05961	0.17798302	0.08245762	524.0	1.0
SPIKE	S152:G>T	0	13671	0.0	-1.0	0.0	TRUE	G	3.4355445E-4	29.0	0.15073124	0.8352514	11.961427	0.19070089	0.07041733	524.0	0.0
SPIKE	S153:G>A	0	13613	0.0	-1.0	0.0	TRUE	G	1.0173292E-4	24.0	0.058914766	0.94808793	27.718626	0.06131619	0.074412845	524.0	0.0
SPIKE	S153:G>C	0	13613	0.0	-1.0	0.0	TRUE	G	1.1664956E-4	4.0	0.10931603	0.94070625	10.0169325	0.17798302	0.08245762	524.0	1.0
SPIKE	S153:G>T	0	13613	0.0	-1.0	0.0	TRUE	G	1.417035E-4	3.0	0.15073124	0.9284371	11.910679	0.19070089	0.07041733	524.0	1.0
