#pipeline_block
reference	mutation	count	coverage	freq	score	cqs	has.reference	ancestral.allele	error.rate	minor.count.local	minor.fdr	minor.recall	minor.count.global	read.fraction.in.minors	q.filtered.read.fraction	mig.size	global.est
SPIKE	S0:T>A	0	45969	0.0	-1.0	0.0	TRUE	T	4.4390916E-5	3.0	0.037600383	0.9931871	12.524284	0.1692976	0.108095326	154.0	1.0
SPIKE	S0:T>G	0	45969	0.0	-1.0	0.0	TRUE	T	2.2702303E-4	4.0	0.023066582	0.9656426	45.256477	0.236042	0.08876927	154.0	1.0
SPIKE	S0:T>C	0	45969	0.0	-1.0	0.0	TRUE	T	1.2617024E-4	49.0	0.013592974	0.98075736	70.906746	0.11999682	0.099939235	154.0	0.0
SPIKE	S1:A>G	0	46015	0.0	-1.0	0.0	TRUE	A	2.2983809E-4	111.0	0.0140186045	0.965224	70.9777	0.09663395	0.09340106	154.0	0.0
SPIKE	S1:A>C	0	46015	0.0	-1.0	0.0	TRUE	A	3.7636088E-5	4.0	0.026281843	0.9942208	45.30176	0.039260473	0.09213905	154.0	1.0
SPIKE	S1:A>T	0	46015	0.0	-1.0	0.0	TRUE	A	5.181593E-5	14.0	0.035622843	0.9920521	12.536817	0.1765988	0.09798335	154.0	0.0
SPIKE	S2:G>A	0	46053	0.0	-1.0	0.0	TRUE	G	1.5837577E-4	64.0	0.01563368	0.9759052	55.434093	0.11577371	0.10292799	154.0	0.0
SPIKE	S2:G>C	0	46053	0.0	-1.0	0.0	TRUE	G	1.3466501E-4	2.0	0.022307094	0.97947514	28.623377	0.22161001	0.10323503	154.0	1.0
SPIKE	S2:G>T	0	46053	0.0	-1.0	0.0	TRUE	G	9.814161E-5	2.0	0.030332208	0.98499984	19.74675	0.23604374	0.085591204	154.0	1.0
SPIKE	S3:C>A	0	46107	0.0	-1.0	0.0	TRUE	C	2.7375427E-5	2.0	0.035672527	0.99579304	19.769903	0.0662062	0.14100306	154.0	1.0
SPIKE	S3:C>G	0	46107	0.0	-1.0	0.0	TRUE	C	0.00199905	447.0	0.013538141	0.73502284	28.65694	0.20902714	0.29222304	154.0	0.0
SPIKE	S3:C>T	0	46107	0.0	-1.0	0.0	TRUE	C	2.930922E-4	109.0	0.012668252	0.9558673	55.499096	0.12556873	0.10358191	154.0	0.0
SPIKE	S4:G>A	27	46162	5.8489665E-4	82.52749	40.0	TRUE	G	1.5553302E-4	63.0	0.01563368	0.9763325	55.565296	0.11577371	0.10292799	154.0	0.0
SPIKE	S4:G>T	1	46162	2.166284E-5	4.2596874	40.0	TRUE	G	9.814161E-5	3.0	0.030332208	0.98499984	19.793488	0.23604374	0.085591204	154.0	1.0
SPIKE	S4:G>C	0	46162	0.0	-1.0	0.0	TRUE	G	1.6427643E-4	35.0	0.022307094	0.97501874	28.691124	0.22161001	0.10323503	154.0	0.0
SPIKE	S5:T>A	2	46187	4.330223E-5	-1.0	40.0	TRUE	T	4.4390916E-5	0.0	0.037600383	0.9931871	12.583678	0.1692976	0.108095326	154.0	1.0
SPIKE	S5:T>C	16	46187	3.4641783E-4	49.41419	40.0	TRUE	T	2.5114947E-4	98.0	0.013592974	0.9620614	71.243004	0.11999682	0.099939235	154.0	0.0
SPIKE	S5:T>G	0	46187	0.0	-1.0	0.0	TRUE	T	2.4963444E-4	50.0	0.023066582	0.9622859	45.471096	0.236042	0.08876927	154.0	0.0
SPIKE	S6:G>A	12	46216	2.5965035E-4	-1.0	40.0	TRUE	G	7.64427E-5	31.0	0.01563368	0.98829687	55.6303	0.11577371	0.10292799	154.0	0.0
SPIKE	S6:G>T	1	46216	2.1637528E-5	4.2596874	40.0	TRUE	G	1.881944E-4	38.0	0.030332208	0.971434	19.81664	0.23604374	0.085591204	154.0	0.0
SPIKE	S6:G>C	0	46216	0.0	-1.0	0.0	TRUE	G	1.3466501E-4	0.0	0.022307094	0.97947514	28.724688	0.22161001	0.10323503	154.0	1.0
SPIKE	S7:A>G	9	46228	1.946872E-4	28.342087	40.0	TRUE	A	1.5045832E-4	73.0	0.0140186045	0.9770958	71.30625	0.09663395	0.09340106	154.0	0.0
SPIKE	S7:A>C	3	46228	6.4895736E-5	-1.0	40.0	TRUE	A	3.7636088E-5	2.0	0.026281843	0.9942208	45.51146	0.039260473	0.09213905	154.0	1.0
SPIKE	D7-8:A>	34	46228	7.35485E-4	-1.0	39.999783	TRUE		NaN	NaN	NaN	NaN	NaN	NaN	NaN	NaN	NaN
SPIKE	S7:A>T	0	46228	0.0	-1.0	0.0	TRUE	A	4.6400484E-5	1.0	0.035622843	0.9928798	12.594849	0.1765988	0.09798335	154.0	1.0
SPIKE	S8:A>G	8	46231	1.7304406E-4	25.331787	40.0	TRUE	A	1.2365634E-4	60.0	0.0140186045	0.9811371	71.310875	0.09663395	0.09340106	154.0	0.0
SPIKE	S8:A>C	5	46231	1.0815254E-4	-1.0	40.0	TRUE	A	3.7636088E-5	4.0	0.026281843	0.9942208	45.514416	0.039260473	0.09213905	154.0	1.0
SPIKE	S8:A>T	0	46231	0.0	-1.0	0.0	TRUE	A	4.6400484E-5	2.0	0.035622843	0.9928798	12.595666	0.1765988	0.09798335	154.0	1.0
SPIKE	S9:G>A	11	46231	2.3793559E-4	34.362686	40.0	TRUE	G	1.5530089E-4	63.0	0.01563368	0.9763674	55.648354	0.11577371	0.10292799	154.0	0.0
SPIKE	D9-10:G>	13	46231	2.811966E-4	-1.0	39.986782	TRUE		NaN	NaN	NaN	NaN	NaN	NaN	NaN	NaN	NaN
SPIKE	D9-11:GA>	1	46231	2.1630507E-5	-1.0	39.986782	TRUE		NaN	NaN	NaN	NaN	NaN	NaN	NaN	NaN	NaN
SPIKE	S9:G>C	0	46231	0.0	-1.0	0.0	TRUE	G	1.3466501E-4	0.0	0.022307094	0.97947514	28.734009	0.22161001	0.10323503	154.0	1.0
SPIKE	S9:G>T	0	46231	0.0	-1.0	0.0	TRUE	G	9.814161E-5	1.0	0.030332208	0.98499984	19.823072	0.23604374	0.085591204	154.0	1.0
SPIKE	S10:A>G	22	46231	4.7587117E-4	56.62427	40.0	TRUE	A	3.0914086E-4	150.0	0.0140186045	0.9535078	71.310875	0.09663395	0.09340106	154.0	0.0
SPIKE	S10:A>C	1	46231	2.1630507E-5	-1.0	40.0	TRUE	A	3.7636088E-5	5.0	0.026281843	0.9942208	45.514416	0.039260473	0.09213905	154.0	1.0
SPIKE	D10-11:A>	13	46231	2.811966E-4	-1.0	39.98447	TRUE		NaN	NaN	NaN	NaN	NaN	NaN	NaN	NaN	NaN
SPIKE	D10-12:AC>	2	46231	4.3261014E-5	-1.0	39.98447	TRUE		NaN	NaN	NaN	NaN	NaN	NaN	NaN	NaN	NaN
SPIKE	S10:A>T	0	46231	0.0	-1.0	0.0	TRUE	A	4.6400484E-5	3.0	0.035622843	0.9928798	12.595666	0.1765988	0.09798335	154.0	1.0
SPIKE	S11:C>T	14	46232	3.0282055E-4	43.393585	40.0	TRUE	C	1.9039708E-4	71.0	0.012668252	0.97110456	55.64956	0.12556873	0.10358191	154.0	0.0
SPIKE	D11-12:C>	17	46232	3.677107E-4	-1.0	39.982197	TRUE		NaN	NaN	NaN	NaN	NaN	NaN	NaN	NaN	NaN
SPIKE	S11:C>A	0	46232	0.0	-1.0	0.0	TRUE	C	4.8333535E-5	35.0	0.035672527	0.9925843	19.823502	0.0662062	0.14100306	154.0	0.0
SPIKE	S11:C>G	0	46232	0.0	-1.0	0.0	TRUE	C	1.2815806E-4	3.0	0.013538141	0.9804571	28.73463	0.20902714	0.29222304	154.0	1.0
SPIKE	S12:G>A	30	46232	6.489012E-4	91.55839	40.0	TRUE	G	1.0353169E-4	42.0	0.01563368	0.98418254	55.64956	0.11577371	0.10292799	154.0	0.0
SPIKE	D12-13:G>	14	46232	3.0282055E-4	-1.0	39.98609	TRUE		NaN	NaN	NaN	NaN	NaN	NaN	NaN	NaN	NaN
SPIKE	S12:G>C	0	46232	0.0	-1.0	0.0	TRUE	G	1.593412E-4	34.0	0.022307094	0.9757601	28.73463	0.22161001	0.10323503	154.0	0.0
SPIKE	S12:G>T	0	46232	0.0	-1.0	0.0	TRUE	G	9.814161E-5	3.0	0.030332208	0.98499984	19.823502	0.23604374	0.085591204	154.0	1.0
SPIKE	S13:A>G	37	46232	8.0031145E-4	89.651054	40.0	TRUE	A	5.317108E-4	258.0	0.0140186045	0.9213793	71.312416	0.09663395	0.09340106	154.0	0.0
SPIKE	S13:A>C	8	46232	1.7304032E-4	-1.0	40.0	TRUE	A	1.1576417E-5	14.0	0.026281843	0.99821883	45.5154	0.039260473	0.09213905	154.0	0.0
SPIKE	S13:A>T	3	46232	6.489012E-5	-1.0	40.0	TRUE	A	4.6400484E-5	8.0	0.035622843	0.9928798	12.595939	0.1765988	0.09798335	154.0	1.0
SPIKE	D13-14:A>	6	46232	1.2978024E-4	-1.0	39.992516	TRUE		NaN	NaN	NaN	NaN	NaN	NaN	NaN	NaN	NaN
SPIKE	I14:>C	1	46232	2.163004E-5	-1.0	39.99284	TRUE		NaN	NaN	NaN	NaN	NaN	NaN	NaN	NaN	NaN
SPIKE	S14:C>T	14	46232	3.0282055E-4	43.393585	40.0	TRUE	C	1.0458431E-4	39.0	0.012668252	0.98402303	55.64956	0.12556873	0.10358191	154.0	0.0
SPIKE	D14-15:C>	5	46232	1.081502E-4	-1.0	39.99284	TRUE		NaN	NaN	NaN	NaN	NaN	NaN	NaN	NaN	NaN
SPIKE	S14:C>A	0	46232	0.0	-1.0	0.0	TRUE	C	5.9381204E-5	43.0	0.035672527	0.990897	19.823502	0.0662062	0.14100306	154.0	0.0
SPIKE	S14:C>G	0	46232	0.0	-1.0	0.0	TRUE	C	1.2815806E-4	1.0	0.013538141	0.9804571	28.73463	0.20902714	0.29222304	154.0	1.0
SPIKE	S15:A>G	7	46232	1.5141028E-4	22.321487	40.0	TRUE	A	1.4014082E-4	68.0	0.0140186045	0.97864956	71.312416	0.09663395	0.09340106	154.0	0.0
SPIKE	S15:A>C	3	46232	6.489012E-5	-1.0	40.0	TRUE	A	3.3902365E-5	41.0	0.026281843	0.99479264	45.5154	0.039260473	0.09213905	154.0	0.0
SPIKE	D15-16:A>	9	46232	1.9467036E-4	-1.0	39.991737	TRUE		NaN	NaN	NaN	NaN	NaN	NaN	NaN	NaN	NaN
SPIKE	S15:A>T	0	46232	0.0	-1.0	0.0	TRUE	A	4.6400484E-5	0.0	0.035622843	0.9928798	12.595939	0.1765988	0.09798335	154.0	1.0
SPIKE	S16:G>A	22	46232	4.7586087E-4	67.47598	40.0	TRUE	G	1.5776258E-4	64.0	0.01563368	0.9759973	55.64956	0.11577371	0.10292799	154.0	0.0
SPIKE	S16:G>T	1	46232	2.163004E-5	4.2596874	40.0	TRUE	G	9.814161E-5	0.0	0.030332208	0.98499984	19.823502	0.23604374	0.085591204	154.0	1.0
SPIKE	D16-17:G>	4	46232	8.652016E-5	-1.0	39.993835	TRUE		NaN	NaN	NaN	NaN	NaN	NaN	NaN	NaN	NaN
SPIKE	S16:G>C	0	46232	0.0	-1.0	0.0	TRUE	G	1.3466501E-4	0.0	0.022307094	0.97947514	28.73463	0.22161001	0.10323503	154.0	1.0
SPIKE	S17:A>G	26	46232	5.6238106E-4	59.339897	40.0	TRUE	A	4.9667555E-4	241.0	0.0140186045	0.926364	71.312416	0.09663395	0.09340106	154.0	0.0
SPIKE	S17:A>C	3	46232	6.489012E-5	-1.0	40.0	TRUE	A	3.7636088E-5	9.0	0.026281843	0.9942208	45.5154	0.039260473	0.09213905	154.0	1.0
SPIKE	D17-18:A>	3	46232	6.489012E-5	-1.0	39.99946	TRUE		NaN	NaN	NaN	NaN	NaN	NaN	NaN	NaN	NaN
SPIKE	S17:A>T	0	46232	0.0	-1.0	0.0	TRUE	A	3.6837657E-5	10.0	0.035622843	0.99434304	12.595939	0.1765988	0.09798335	154.0	0.0
SPIKE	S18:A>G	15	46232	3.244506E-4	46.403885	40.0	TRUE	A	2.4936823E-4	121.0	0.0140186045	0.96232533	71.312416	0.09663395	0.09340106	154.0	0.0
SPIKE	S18:A>T	1	46232	2.163004E-5	-1.0	40.0	TRUE	A	4.6400484E-5	0.0	0.035622843	0.9928798	12.595939	0.1765988	0.09798335	154.0	1.0
SPIKE	S18:A>C	8	46232	1.7304032E-4	-1.0	40.0	TRUE	A	3.7636088E-5	7.0	0.026281843	0.9942208	45.5154	0.039260473	0.09213905	154.0	1.0
SPIKE	S19:C>G	2	46232	4.326008E-5	7.269987	40.0	TRUE	C	1.2815806E-4	0.0	0.013538141	0.9804571	28.73463	0.20902714	0.29222304	154.0	1.0
SPIKE	S19:C>T	21	46232	4.5423085E-4	64.46568	40.0	TRUE	C	1.5017235E-4	56.0	0.012668252	0.9771388	55.64956	0.12556873	0.10358191	154.0	0.0
SPIKE	D19-20:C>	1	46232	2.163004E-5	-1.0	39.999374	TRUE		NaN	NaN	NaN	NaN	NaN	NaN	NaN	NaN	NaN
SPIKE	S19:C>A	0	46232	0.0	-1.0	0.0	TRUE	C	4.8333535E-5	35.0	0.035672527	0.9925843	19.823502	0.0662062	0.14100306	154.0	0.0
SPIKE	S20:C>G	1	46232	2.163004E-5	4.2596874	40.0	TRUE	C	1.2815806E-4	0.0	0.013538141	0.9804571	28.73463	0.20902714	0.29222304	154.0	1.0
SPIKE	S20:C>T	7	46232	1.5141028E-4	-1.0	40.0	TRUE	C	7.2404524E-5	27.0	0.012668252	0.9889116	55.64956	0.12556873	0.10358191	154.0	0.0
SPIKE	S20:C>A	0	46232	0.0	-1.0	0.0	TRUE	C	1.3809582E-5	10.0	0.035672527	0.9978756	19.823502	0.0662062	0.14100306	154.0	0.0
SPIKE	S21:A>G	8	46232	1.7304032E-4	25.331787	40.0	TRUE	A	1.3189725E-4	64.0	0.0140186045	0.97989273	71.312416	0.09663395	0.09340106	154.0	0.0
SPIKE	S21:A>C	5	46232	1.081502E-4	-1.0	40.0	TRUE	A	3.224859E-5	39.0	0.026281843	0.995046	45.5154	0.039260473	0.09213905	154.0	0.0
SPIKE	D21-24:AAA>	1	46232	2.163004E-5	-1.0	39.998768	TRUE		NaN	NaN	NaN	NaN	NaN	NaN	NaN	NaN	NaN
SPIKE	D21-23:AA>	1	46232	2.163004E-5	-1.0	39.998768	TRUE		NaN	NaN	NaN	NaN	NaN	NaN	NaN	NaN	NaN
SPIKE	S21:A>T	0	46232	0.0	-1.0	0.0	TRUE	A	4.6400484E-5	2.0	0.035622843	0.9928798	12.595939	0.1765988	0.09798335	154.0	1.0
SPIKE	S22:A>G	0	46232	0.0	-1.0	0.0	TRUE	A	1.4696737E-4	0.0	0.0140186045	0.97762126	71.312416	0.09663395	0.09340106	154.0	1.0
SPIKE	S22:A>C	0	46232	0.0	-1.0	0.0	TRUE	A	3.7636088E-5	0.0	0.026281843	0.9942208	45.5154	0.039260473	0.09213905	154.0	1.0
SPIKE	S22:A>T	0	46232	0.0	-1.0	0.0	TRUE	A	4.6400484E-5	1.0	0.035622843	0.9928798	12.595939	0.1765988	0.09798335	154.0	1.0
SPIKE	S23:A>T	46225	46232	0.9998486	-1.0	39.999805	TRUE	T	4.6400484E-5	0.0	0.035622843	0.9928798	12.595939	0.1765988	0.09798335	154.0	1.0
SPIKE	S23:A>G	0	46232	0.0	-1.0	0.0	TRUE	T	1.4696737E-4	1.0	0.0140186045	0.97762126	71.312416	0.09663395	0.09340106	154.0	1.0
SPIKE	S23:A>C	0	46232	0.0	-1.0	0.0	TRUE	T	3.7636088E-5	0.0	0.026281843	0.9942208	45.5154	0.039260473	0.09213905	154.0	1.0
SPIKE	S24:A>G	46230	46232	0.9999567	9999.0	39.999134	TRUE	G	1.4696737E-4	0.0	0.0140186045	0.97762126	71.312416	0.09663395	0.09340106	154.0	1.0
SPIKE	S24:A>C	0	46232	0.0	-1.0	0.0	TRUE	G	3.7636088E-5	1.0	0.026281843	0.9942208	45.5154	0.039260473	0.09213905	154.0	1.0
SPIKE	S24:A>T	0	46232	0.0	-1.0	0.0	TRUE	G	1.2893179E-4	35.0	0.035622843	0.9803403	12.595939	0.1765988	0.09798335	154.0	0.0
SPIKE	S25:A>C	46226	46232	0.99987024	-1.0	39.999676	TRUE	C	3.7636088E-5	0.0	0.026281843	0.9942208	45.5154	0.039260473	0.09213905	154.0	1.0
SPIKE	S25:A>G	0	46232	0.0	-1.0	0.0	TRUE	C	7.007041E-5	34.0	0.0140186045	0.9892672	71.312416	0.09663395	0.09340106	154.0	0.0
SPIKE	S25:A>T	0	46232	0.0	-1.0	0.0	TRUE	C	4.6400484E-5	2.0	0.035622843	0.9928798	12.595939	0.1765988	0.09798335	154.0	1.0
SPIKE	S26:T>G	1	46232	2.163004E-5	-1.0	40.0	TRUE	T	6.9829606E-5	14.0	0.023066582	0.9893038	45.5154	0.236042	0.08876927	154.0	0.0
SPIKE	S26:T>A	1	46232	2.163004E-5	-1.0	40.0	TRUE	T	4.4390916E-5	5.0	0.037600383	0.9931871	12.595939	0.1692976	0.108095326	154.0	1.0
SPIKE	S26:T>C	15	46232	3.244506E-4	37.025364	40.0	TRUE	T	4.096408E-4	160.0	0.013592974	0.93886393	71.312416	0.11999682	0.099939235	154.0	0.0
SPIKE	S27:G>A	7	46232	1.5141028E-4	-1.0	40.0	TRUE	G	5.9160968E-5	24.0	0.01563368	0.9909306	55.64956	0.11577371	0.10292799	154.0	0.0
SPIKE	S27:G>T	4	46232	8.652016E-5	13.290587	40.0	TRUE	G	1.7327696E-4	35.0	0.030332208	0.9736682	19.823502	0.23604374	0.085591204	154.0	0.0
SPIKE	S27:G>C	0	46232	0.0	-1.0	0.0	TRUE	G	1.3466501E-4	1.0	0.022307094	0.97947514	28.73463	0.22161001	0.10323503	154.0	1.0
SPIKE	I28:>CT	1	46232	2.163004E-5	-1.0	39.9997	TRUE		NaN	NaN	NaN	NaN	NaN	NaN	NaN	NaN	NaN
SPIKE	S28:G>A	8	46232	1.7304032E-4	-1.0	40.0	TRUE	G	6.902113E-5	28.0	0.01563368	0.98942703	55.64956	0.11577371	0.10292799	154.0	0.0
SPIKE	S28:G>T	1	46232	2.163004E-5	4.2596874	40.0	TRUE	G	9.814161E-5	1.0	0.030332208	0.98499984	19.823502	0.23604374	0.085591204	154.0	1.0
SPIKE	I28:>CGG	1	46232	2.163004E-5	-1.0	39.9997	TRUE		NaN	NaN	NaN	NaN	NaN	NaN	NaN	NaN	NaN
SPIKE	S28:G>C	0	46232	0.0	-1.0	0.0	TRUE	G	1.3466501E-4	0.0	0.022307094	0.97947514	28.73463	0.22161001	0.10323503	154.0	1.0
SPIKE	S29:G>A	11	46232	2.3793044E-4	34.362686	40.0	TRUE	G	1.0106665E-4	41.0	0.01563368	0.98455626	55.64956	0.11577371	0.10292799	154.0	0.0
SPIKE	S29:G>C	0	46232	0.0	-1.0	0.0	TRUE	G	1.3466501E-4	1.0	0.022307094	0.97947514	28.73463	0.22161001	0.10323503	154.0	1.0
SPIKE	S29:G>T	0	46232	0.0	-1.0	0.0	TRUE	G	9.814161E-5	0.0	0.030332208	0.98499984	19.823502	0.23604374	0.085591204	154.0	1.0
SPIKE	S30:A>G	4	46232	8.652016E-5	13.290587	40.0	TRUE	A	1.5456708E-4	75.0	0.0140186045	0.97647774	71.312416	0.09663395	0.09340106	154.0	0.0
SPIKE	S30:A>C	0	46232	0.0	-1.0	0.0	TRUE	A	3.7636088E-5	2.0	0.026281843	0.9942208	45.5154	0.039260473	0.09213905	154.0	1.0
SPIKE	S30:A>T	0	46232	0.0	-1.0	0.0	TRUE	A	4.6400484E-5	1.0	0.035622843	0.9928798	12.595939	0.1765988	0.09798335	154.0	1.0
SPIKE	S31:T>C	7	46232	1.5141028E-4	22.321487	40.0	TRUE	T	1.6385633E-4	64.0	0.013592974	0.97508186	71.312416	0.11999682	0.099939235	154.0	0.0
SPIKE	S31:T>A	0	46232	0.0	-1.0	0.0	TRUE	T	1.0572674E-4	30.0	0.037600383	0.98384994	12.595939	0.1692976	0.108095326	154.0	0.0
SPIKE	S31:T>G	0	46232	0.0	-1.0	0.0	TRUE	T	2.2702303E-4	1.0	0.023066582	0.9656426	45.5154	0.236042	0.08876927	154.0	1.0
SPIKE	S32:C>T	7	46232	1.5141028E-4	22.321487	40.0	TRUE	C	2.0380532E-4	76.0	0.012668252	0.9691014	55.64956	0.12556873	0.10358191	154.0	0.0
SPIKE	S32:C>A	3	46232	6.489012E-5	-1.0	40.0	TRUE	C	2.7375427E-5	0.0	0.035672527	0.99579304	19.823502	0.0662062	0.14100306	154.0	1.0
SPIKE	S32:C>G	0	46232	0.0	-1.0	0.0	TRUE	C	1.2815806E-4	0.0	0.013538141	0.9804571	28.73463	0.20902714	0.29222304	154.0	1.0
SPIKE	S33:C>T	4	46232	8.652016E-5	-1.0	40.0	TRUE	C	7.776782E-5	29.0	0.012668252	0.98809516	55.64956	0.12556873	0.10358191	154.0	0.0
SPIKE	S33:C>A	5	46232	1.081502E-4	-1.0	40.0	TRUE	C	2.7375427E-5	1.0	0.035672527	0.99579304	19.823502	0.0662062	0.14100306	154.0	1.0
SPIKE	S33:C>G	0	46232	0.0	-1.0	0.0	TRUE	C	1.2815806E-4	0.0	0.013538141	0.9804571	28.73463	0.20902714	0.29222304	154.0	1.0
SPIKE	S34:A>G	5	46232	1.081502E-4	-1.0	40.0	TRUE	A	6.5948625E-5	32.0	0.0140186045	0.9898953	71.312416	0.09663395	0.09340106	154.0	0.0
SPIKE	S34:A>C	0	46232	0.0	-1.0	0.0	TRUE	A	2.9767929E-5	36.0	0.026281843	0.99542624	45.5154	0.039260473	0.09213905	154.0	0.0
SPIKE	S34:A>T	0	46232	0.0	-1.0	0.0	TRUE	A	4.6400484E-5	1.0	0.035622843	0.9928798	12.595939	0.1765988	0.09798335	154.0	1.0
SPIKE	S35:T>C	8	46232	1.7304032E-4	25.331787	40.0	TRUE	T	1.6129608E-4	63.0	0.013592974	0.9754664	71.312416	0.11999682	0.099939235	154.0	0.0
SPIKE	S35:T>A	1	46232	2.163004E-5	4.2596874	40.0	TRUE	T	1.444932E-4	41.0	0.037600383	0.9779938	12.595939	0.1692976	0.108095326	154.0	0.0
SPIKE	S35:T>G	0	46232	0.0	-1.0	0.0	TRUE	T	2.2702303E-4	6.0	0.023066582	0.9656426	45.5154	0.236042	0.08876927	154.0	1.0
SPIKE	S36:T>A	0	46232	0.0	-1.0	0.0	TRUE	T	4.4390916E-5	2.0	0.037600383	0.9931871	12.595939	0.1692976	0.108095326	154.0	1.0
SPIKE	S36:T>G	0	46232	0.0	-1.0	0.0	TRUE	T	2.2702303E-4	0.0	0.023066582	0.9656426	45.5154	0.236042	0.08876927	154.0	1.0
SPIKE	S36:T>C	0	46232	0.0	-1.0	0.0	TRUE	T	1.8257798E-4	8.0	0.013592974	0.9722746	71.312416	0.11999682	0.099939235	154.0	1.0
SPIKE	S37:A>G	6	46232	1.2978024E-4	-1.0	40.0	TRUE	A	9.067936E-5	44.0	0.0140186045	0.98613244	71.312416	0.09663395	0.09340106	154.0	0.0
SPIKE	S37:A>C	0	46232	0.0	-1.0	0.0	TRUE	A	3.7636088E-5	1.0	0.026281843	0.9942208	45.5154	0.039260473	0.09213905	154.0	1.0
SPIKE	S37:A>T	0	46232	0.0	-1.0	0.0	TRUE	A	1.17880496E-4	32.0	0.035622843	0.9820102	12.595939	0.1765988	0.09798335	154.0	0.0
SPIKE	S38:T>C	2	46232	4.326008E-5	-1.0	40.0	TRUE	T	2.8162805E-5	11.0	0.013592974	0.99567235	71.312416	0.11999682	0.099939235	154.0	0.0
SPIKE	S38:T>A	0	46232	0.0	-1.0	0.0	TRUE	T	9.867828E-5	28.0	0.037600383	0.9849184	12.595939	0.1692976	0.108095326	154.0	0.0
SPIKE	S38:T>G	0	46232	0.0	-1.0	0.0	TRUE	T	2.2702303E-4	1.0	0.023066582	0.9656426	45.5154	0.236042	0.08876927	154.0	1.0
SPIKE	S39:C>T	11	46232	2.3793044E-4	34.362686	40.0	TRUE	C	1.7430718E-4	65.0	0.012668252	0.9735138	55.64956	0.12556873	0.10358191	154.0	0.0
SPIKE	S39:C>A	27	46232	5.840111E-4	-1.0	40.0	TRUE	C	2.7375427E-5	1.0	0.035672527	0.99579304	19.823502	0.0662062	0.14100306	154.0	1.0
SPIKE	S39:C>G	1	46232	2.163004E-5	4.2596874	40.0	TRUE	C	1.2815806E-4	1.0	0.013538141	0.9804571	28.73463	0.20902714	0.29222304	154.0	1.0
SPIKE	S40:G>T	1	46232	2.163004E-5	4.2596874	40.0	TRUE	G	9.814161E-5	1.0	0.030332208	0.98499984	19.823502	0.23604374	0.085591204	154.0	1.0
SPIKE	S40:G>A	11	46232	2.3793044E-4	34.362686	40.0	TRUE	G	1.6269265E-4	66.0	0.01563368	0.9752566	55.64956	0.11577371	0.10292799	154.0	0.0
SPIKE	S40:G>C	0	46232	0.0	-1.0	0.0	TRUE	G	1.4528168E-4	31.0	0.022307094	0.97787505	28.73463	0.22161001	0.10323503	154.0	0.0
SPIKE	S41:G>A	19	46232	4.1097077E-4	-1.0	40.0	TRUE	G	7.641625E-5	31.0	0.01563368	0.98830086	55.64956	0.11577371	0.10292799	154.0	0.0
SPIKE	S41:G>C	0	46232	0.0	-1.0	0.0	TRUE	G	1.3466501E-4	1.0	0.022307094	0.97947514	28.73463	0.22161001	0.10323503	154.0	1.0
SPIKE	S41:G>T	0	46232	0.0	-1.0	0.0	TRUE	G	9.814161E-5	1.0	0.030332208	0.98499984	19.823502	0.23604374	0.085591204	154.0	1.0
SPIKE	S42:C>T	40	46232	8.652016E-4	121.661385	40.0	TRUE	C	2.2525851E-4	84.0	0.012668252	0.965905	55.64956	0.12556873	0.10358191	154.0	0.0
SPIKE	S42:C>A	7	46232	1.5141028E-4	-1.0	40.0	TRUE	C	2.7375427E-5	2.0	0.035672527	0.99579304	19.823502	0.0662062	0.14100306	154.0	1.0
SPIKE	S42:C>G	0	46232	0.0	-1.0	0.0	TRUE	C	1.4718184E-4	33.0	0.013538141	0.97758895	28.73463	0.20902714	0.29222304	154.0	0.0
SPIKE	S43:G>A	12	46233	2.5955486E-4	-1.0	40.0	TRUE	G	8.1344566E-5	33.0	0.01563368	0.9875511	55.65076	0.11577371	0.10292799	154.0	0.0
SPIKE	S43:G>C	0	46233	0.0	-1.0	0.0	TRUE	G	1.4527854E-4	31.0	0.022307094	0.97787553	28.735252	0.22161001	0.10323503	154.0	0.0
SPIKE	S43:G>T	0	46233	0.0	-1.0	0.0	TRUE	G	9.814161E-5	0.0	0.030332208	0.98499984	19.82393	0.23604374	0.085591204	154.0	1.0
SPIKE	S44:G>A	31	46233	6.7051675E-4	94.56869	40.0	TRUE	G	1.5775916E-4	64.0	0.01563368	0.9759978	55.65076	0.11577371	0.10292799	154.0	0.0
SPIKE	S44:G>C	0	46233	0.0	-1.0	0.0	TRUE	G	1.3466501E-4	1.0	0.022307094	0.97947514	28.735252	0.22161001	0.10323503	154.0	1.0
SPIKE	S44:G>T	0	46233	0.0	-1.0	0.0	TRUE	G	9.814161E-5	0.0	0.030332208	0.98499984	19.82393	0.23604374	0.085591204	154.0	1.0
SPIKE	S45:C>T	16	46233	3.4607315E-4	49.41419	40.0	TRUE	C	1.0726364E-4	40.0	0.012668252	0.98361707	55.65076	0.12556873	0.10358191	154.0	0.0
SPIKE	S45:C>A	6	46233	1.2977743E-4	-1.0	40.0	TRUE	C	2.7375427E-5	0.0	0.035672527	0.99579304	19.82393	0.0662062	0.14100306	154.0	1.0
SPIKE	S45:C>G	0	46233	0.0	-1.0	0.0	TRUE	C	1.3825875E-4	31.0	0.013538141	0.9789332	28.735252	0.20902714	0.29222304	154.0	0.0
SPIKE	S46:G>T	2	46233	4.3259144E-5	7.269987	40.0	TRUE	G	9.814161E-5	0.0	0.030332208	0.98499984	19.82393	0.23604374	0.085591204	154.0	1.0
SPIKE	S46:G>A	10	46233	2.1629572E-4	31.352386	40.0	TRUE	G	9.613449E-5	39.0	0.01563368	0.98530436	55.65076	0.11577371	0.10292799	154.0	0.0
SPIKE	S46:G>C	0	46233	0.0	-1.0	0.0	TRUE	G	1.4527854E-4	31.0	0.022307094	0.97787553	28.735252	0.22161001	0.10323503	154.0	0.0
SPIKE	S47:A>G	1	46233	2.1629572E-5	-1.0	40.0	TRUE	A	7.00689E-5	34.0	0.0140186045	0.9892674	71.31396	0.09663395	0.09340106	154.0	0.0
SPIKE	S47:A>C	0	46233	0.0	-1.0	0.0	TRUE	A	3.7636088E-5	1.0	0.026281843	0.9942208	45.516384	0.039260473	0.09213905	154.0	1.0
SPIKE	S47:A>T	0	46233	0.0	-1.0	0.0	TRUE	A	4.6400484E-5	1.0	0.035622843	0.9928798	12.596211	0.1765988	0.09798335	154.0	1.0
SPIKE	S48:A>G	0	46233	0.0	-1.0	0.0	TRUE	A	1.4696737E-4	8.0	0.0140186045	0.97762126	71.31396	0.09663395	0.09340106	154.0	1.0
SPIKE	S48:A>C	0	46233	0.0	-1.0	0.0	TRUE	A	3.7636088E-5	1.0	0.026281843	0.9942208	45.516384	0.039260473	0.09213905	154.0	1.0
SPIKE	S48:A>T	0	46233	0.0	-1.0	0.0	TRUE	A	4.6400484E-5	0.0	0.035622843	0.9928798	12.596211	0.1765988	0.09798335	154.0	1.0
SPIKE	S49:T>C	1	46233	2.1629572E-5	4.2596874	40.0	TRUE	T	1.8257798E-4	9.0	0.013592974	0.9722746	71.31396	0.11999682	0.099939235	154.0	1.0
SPIKE	S49:T>A	0	46233	0.0	-1.0	0.0	TRUE	T	1.19821045E-4	34.0	0.037600383	0.98171675	12.596211	0.1692976	0.108095326	154.0	0.0
SPIKE	S49:T>G	0	46233	0.0	-1.0	0.0	TRUE	T	2.2702303E-4	3.0	0.023066582	0.9656426	45.516384	0.236042	0.08876927	154.0	1.0
SPIKE	S50:T>C	1	46233	2.1629572E-5	4.2596874	40.0	TRUE	T	1.8257798E-4	7.0	0.013592974	0.9722746	71.31396	0.11999682	0.099939235	154.0	1.0
SPIKE	S50:T>A	0	46233	0.0	-1.0	0.0	TRUE	T	4.4390916E-5	0.0	0.037600383	0.9931871	12.596211	0.1692976	0.108095326	154.0	1.0
SPIKE	S50:T>G	0	46233	0.0	-1.0	0.0	TRUE	T	2.2702303E-4	0.0	0.023066582	0.9656426	45.516384	0.236042	0.08876927	154.0	1.0
SPIKE	S51:T>C	1	46233	2.1629572E-5	4.2596874	40.0	TRUE	T	1.8257798E-4	1.0	0.013592974	0.9722746	71.31396	0.11999682	0.099939235	154.0	1.0
SPIKE	S51:T>A	0	46233	0.0	-1.0	0.0	TRUE	T	4.4390916E-5	0.0	0.037600383	0.9931871	12.596211	0.1692976	0.108095326	154.0	1.0
SPIKE	S51:T>G	0	46233	0.0	-1.0	0.0	TRUE	T	2.2702303E-4	0.0	0.023066582	0.9656426	45.516384	0.236042	0.08876927	154.0	1.0
SPIKE	S52:A>G	8	46233	1.7303658E-4	-1.0	40.0	TRUE	A	8.6555694E-5	42.0	0.0140186045	0.9867589	71.31396	0.09663395	0.09340106	154.0	0.0
SPIKE	S52:A>C	0	46233	0.0	-1.0	0.0	TRUE	A	3.7636088E-5	7.0	0.026281843	0.9942208	45.516384	0.039260473	0.09213905	154.0	1.0
SPIKE	S52:A>T	0	46233	0.0	-1.0	0.0	TRUE	A	4.6400484E-5	6.0	0.035622843	0.9928798	12.596211	0.1765988	0.09798335	154.0	1.0
SPIKE	S53:C>T	16	46233	3.4607315E-4	49.41419	40.0	TRUE	C	1.474875E-4	55.0	0.012668252	0.97754294	55.65076	0.12556873	0.10358191	154.0	0.0
SPIKE	S53:C>A	2	46233	4.3259144E-5	-1.0	40.0	TRUE	C	1.657114E-5	12.0	0.035672527	0.9974513	19.82393	0.0662062	0.14100306	154.0	0.0
SPIKE	S53:C>G	0	46233	0.0	-1.0	0.0	TRUE	C	1.2815806E-4	0.0	0.013538141	0.9804571	28.735252	0.20902714	0.29222304	154.0	1.0
SPIKE	S54:C>T	13	46233	2.8118445E-4	40.383286	40.0	TRUE	C	1.1799001E-4	44.0	0.012668252	0.9819936	55.65076	0.12556873	0.10358191	154.0	0.0
SPIKE	S54:C>A	30	46233	6.4888713E-4	-1.0	40.0	TRUE	C	2.7375427E-5	0.0	0.035672527	0.99579304	19.82393	0.0662062	0.14100306	154.0	1.0
SPIKE	S54:C>G	0	46233	0.0	-1.0	0.0	TRUE	C	1.2815806E-4	0.0	0.013538141	0.9804571	28.735252	0.20902714	0.29222304	154.0	1.0
SPIKE	S55:A>T	2	46233	4.3259144E-5	-1.0	40.0	TRUE	A	5.1571602E-5	14.0	0.035622843	0.99208945	12.596211	0.1765988	0.09798335	154.0	0.0
SPIKE	S55:A>C	2	46233	4.3259144E-5	-1.0	40.0	TRUE	A	6.449578E-5	78.0	0.026281843	0.99011683	45.516384	0.039260473	0.09213905	154.0	0.0
SPIKE	S55:A>G	42	46233	9.08442E-4	114.22498	39.92857	TRUE	A	4.6781293E-4	227.0	0.0140186045	0.93049073	71.31396	0.09663395	0.09340106	154.0	0.0
SPIKE	S56:C>T	6	46233	1.2977743E-4	19.311188	40.0	TRUE	C	1.1530841E-4	43.0	0.012668252	0.9823992	55.65076	0.12556873	0.10358191	154.0	0.0
SPIKE	S56:C>A	2	46233	4.3259144E-5	-1.0	40.0	TRUE	C	2.347578E-5	17.0	0.035672527	0.99639124	19.82393	0.0662062	0.14100306	154.0	0.0
SPIKE	S56:C>G	0	46233	0.0	-1.0	0.0	TRUE	C	1.2815806E-4	0.0	0.013538141	0.9804571	28.735252	0.20902714	0.29222304	154.0	1.0
SPIKE	S57:C>T	9	46233	1.9466615E-4	28.342087	40.0	TRUE	C	1.1262682E-4	42.0	0.012668252	0.982805	55.65076	0.12556873	0.10358191	154.0	0.0
SPIKE	S57:C>A	21	46233	4.54221E-4	-1.0	40.0	TRUE	C	2.7375427E-5	2.0	0.035672527	0.99579304	19.82393	0.0662062	0.14100306	154.0	1.0
SPIKE	S57:C>G	0	46233	0.0	-1.0	0.0	TRUE	C	1.2815806E-4	0.0	0.013538141	0.9804571	28.735252	0.20902714	0.29222304	154.0	1.0
SPIKE	S58:A>G	10	46233	2.1629572E-4	31.352386	40.0	TRUE	A	1.5868545E-4	77.0	0.0140186045	0.9758586	71.31396	0.09663395	0.09340106	154.0	0.0
SPIKE	S58:A>C	0	46233	0.0	-1.0	0.0	TRUE	A	2.563294E-5	31.0	0.026281843	0.9960603	45.516384	0.039260473	0.09213905	154.0	0.0
SPIKE	S58:A>T	0	46233	0.0	-1.0	0.0	TRUE	A	4.6400484E-5	0.0	0.035622843	0.9928798	12.596211	0.1765988	0.09798335	154.0	1.0
SPIKE	S59:T>C	15	46233	3.2444356E-4	46.403885	40.0	TRUE	T	1.3313038E-4	52.0	0.013592974	0.97970665	71.31396	0.11999682	0.099939235	154.0	0.0
SPIKE	S59:T>G	1	46233	2.1629572E-5	4.2596874	40.0	TRUE	T	2.2702303E-4	1.0	0.023066582	0.9656426	45.516384	0.236042	0.08876927	154.0	1.0
SPIKE	S59:T>A	1	46233	2.1629572E-5	-1.0	40.0	TRUE	T	9.5152005E-5	27.0	0.037600383	0.9854534	12.596211	0.1692976	0.108095326	154.0	0.0
SPIKE	S60:T>C	3	46233	6.4888714E-5	-1.0	40.0	TRUE	T	4.8643793E-5	19.0	0.013592974	0.99253684	71.31396	0.11999682	0.099939235	154.0	0.0
SPIKE	S60:T>A	1	46233	2.1629572E-5	-1.0	40.0	TRUE	T	4.4390916E-5	1.0	0.037600383	0.9931871	12.596211	0.1692976	0.108095326	154.0	1.0
SPIKE	S60:T>G	0	46233	0.0	-1.0	0.0	TRUE	T	2.2702303E-4	2.0	0.023066582	0.9656426	45.516384	0.236042	0.08876927	154.0	1.0
SPIKE	S61:G>T	1	46233	2.1629572E-5	4.2596874	40.0	TRUE	G	1.3366791E-4	27.0	0.030332208	0.9796256	19.82393	0.23604374	0.085591204	154.0	0.0
SPIKE	S61:G>A	5	46233	1.0814786E-4	-1.0	39.6	TRUE	G	5.4229713E-5	22.0	0.01563368	0.9916834	55.65076	0.11577371	0.10292799	154.0	0.0
SPIKE	S61:G>C	0	46233	0.0	-1.0	0.0	TRUE	G	1.3466501E-4	0.0	0.022307094	0.97947514	28.735252	0.22161001	0.10323503	154.0	1.0
SPIKE	S62:A>G	1	46233	2.1629572E-5	-1.0	40.0	TRUE	A	6.800805E-5	33.0	0.0140186045	0.9895814	71.31396	0.09663395	0.09340106	154.0	0.0
SPIKE	S62:A>C	0	46233	0.0	-1.0	0.0	TRUE	A	3.7636088E-5	2.0	0.026281843	0.9942208	45.516384	0.039260473	0.09213905	154.0	1.0
SPIKE	S62:A>T	0	46233	0.0	-1.0	0.0	TRUE	A	4.6400484E-5	0.0	0.035622843	0.9928798	12.596211	0.1765988	0.09798335	154.0	1.0
SPIKE	S63:A>G	7	46233	1.51407E-4	-1.0	40.0	TRUE	A	3.503445E-5	17.0	0.0140186045	0.99461925	71.31396	0.09663395	0.09340106	154.0	0.0
SPIKE	S63:A>C	0	46233	0.0	-1.0	0.0	TRUE	A	3.7636088E-5	2.0	0.026281843	0.9942208	45.516384	0.039260473	0.09213905	154.0	1.0
SPIKE	S63:A>T	0	46233	0.0	-1.0	0.0	TRUE	A	4.6400484E-5	1.0	0.035622843	0.9928798	12.596211	0.1765988	0.09798335	154.0	1.0
SPIKE	S64:A>G	13	46233	2.8118445E-4	40.383286	40.0	TRUE	A	1.15407594E-4	56.0	0.0140186045	0.9823842	71.31396	0.09663395	0.09340106	154.0	0.0
SPIKE	S64:A>C	0	46233	0.0	-1.0	0.0	TRUE	A	3.7636088E-5	6.0	0.026281843	0.9942208	45.516384	0.039260473	0.09213905	154.0	1.0
SPIKE	S64:A>T	0	46233	0.0	-1.0	0.0	TRUE	A	4.6400484E-5	3.0	0.035622843	0.9928798	12.596211	0.1765988	0.09798335	154.0	1.0
SPIKE	S65:A>G	24	46233	5.191097E-4	73.49659	40.0	TRUE	A	2.5966708E-4	126.0	0.0140186045	0.9608003	71.31396	0.09663395	0.09340106	154.0	0.0
SPIKE	S65:A>C	4	46233	8.651829E-5	-1.0	40.0	TRUE	A	7.1110735E-5	86.0	0.026281843	0.9891087	45.516384	0.039260473	0.09213905	154.0	0.0
SPIKE	S65:A>T	0	46233	0.0	-1.0	0.0	TRUE	A	4.6400484E-5	3.0	0.035622843	0.9928798	12.596211	0.1765988	0.09798335	154.0	1.0
SPIKE	S66:C>A	1	46233	2.1629572E-5	-1.0	40.0	TRUE	C	1.5190211E-5	11.0	0.035672527	0.99766344	19.82393	0.0662062	0.14100306	154.0	0.0
SPIKE	S66:C>T	20	46233	4.3259145E-4	61.455387	40.0	TRUE	C	1.206716E-4	45.0	0.012668252	0.9815882	55.65076	0.12556873	0.10358191	154.0	0.0
SPIKE	S66:C>G	0	46233	0.0	-1.0	0.0	TRUE	C	1.2815806E-4	0.0	0.013538141	0.9804571	28.735252	0.20902714	0.29222304	154.0	1.0
SPIKE	S67:C>A	20	46233	4.3259145E-4	-1.0	40.0	TRUE	C	3.0380423E-5	22.0	0.035672527	0.99533236	19.82393	0.0662062	0.14100306	154.0	0.0
SPIKE	S67:C>T	14	46233	3.02814E-4	-1.0	40.0	TRUE	C	7.776614E-5	29.0	0.012668252	0.98809546	55.65076	0.12556873	0.10358191	154.0	0.0
SPIKE	S67:C>G	0	46233	0.0	-1.0	0.0	TRUE	C	1.2815806E-4	0.0	0.013538141	0.9804571	28.735252	0.20902714	0.29222304	154.0	1.0
SPIKE	S68:A>G	34	46233	7.354054E-4	91.006836	40.0	TRUE	A	4.1010915E-4	199.0	0.0140186045	0.9387963	71.31396	0.09663395	0.09340106	154.0	0.0
SPIKE	S68:A>C	3	46233	6.4888714E-5	-1.0	40.0	TRUE	A	1.0749297E-5	13.0	0.026281843	0.998346	45.516384	0.039260473	0.09213905	154.0	0.0
SPIKE	S68:A>T	4	46233	8.651829E-5	-1.0	40.0	TRUE	A	4.6400484E-5	7.0	0.035622843	0.9928798	12.596211	0.1765988	0.09798335	154.0	1.0
SPIKE	S69:G>A	26	46233	5.623689E-4	-1.0	40.0	TRUE	G	8.380956E-5	34.0	0.01563368	0.98717624	55.65076	0.11577371	0.10292799	154.0	0.0
SPIKE	S69:G>C	0	46233	0.0	-1.0	0.0	TRUE	G	1.1716011E-4	25.0	0.022307094	0.98211914	28.735252	0.22161001	0.10323503	154.0	0.0
SPIKE	S69:G>T	0	46233	0.0	-1.0	0.0	TRUE	G	9.814161E-5	1.0	0.030332208	0.98499984	19.82393	0.23604374	0.085591204	154.0	1.0
SPIKE	S70:C>A	1	46233	2.1629572E-5	-1.0	40.0	TRUE	C	2.7375427E-5	0.0	0.035672527	0.99579304	19.82393	0.0662062	0.14100306	154.0	1.0
SPIKE	S70:C>T	38	46233	8.219237E-4	115.640785	40.0	TRUE	C	2.1720887E-4	81.0	0.012668252	0.9671031	55.65076	0.12556873	0.10358191	154.0	0.0
SPIKE	S70:C>G	0	46233	0.0	-1.0	0.0	TRUE	C	1.2815806E-4	3.0	0.013538141	0.9804571	28.735252	0.20902714	0.29222304	154.0	1.0
SPIKE	S71:C>A	15	46233	3.2444356E-4	-1.0	40.0	TRUE	C	2.7375427E-5	2.0	0.035672527	0.99579304	19.82393	0.0662062	0.14100306	154.0	1.0
SPIKE	S71:C>G	1	46233	2.1629572E-5	4.2596874	40.0	TRUE	C	1.0703903E-4	24.0	0.013538141	0.9836511	28.735252	0.20902714	0.29222304	154.0	0.0
SPIKE	S71:C>T	12	46233	2.5955486E-4	37.372986	40.0	TRUE	C	1.7966659E-4	67.0	0.012668252	0.9727106	55.65076	0.12556873	0.10358191	154.0	0.0
SPIKE	S72:G>A	20	46233	4.3259145E-4	61.455387	40.0	TRUE	G	1.18319374E-4	48.0	0.01563368	0.98194385	55.65076	0.11577371	0.10292799	154.0	0.0
SPIKE	S72:G>C	1	46233	2.1629572E-5	4.2596874	40.0	TRUE	G	1.3466501E-4	4.0	0.022307094	0.97947514	28.735252	0.22161001	0.10323503	154.0	1.0
SPIKE	S72:G>T	0	46233	0.0	-1.0	0.0	TRUE	G	8.416128E-5	17.0	0.030332208	0.9871228	19.82393	0.23604374	0.085591204	154.0	0.0
SPIKE	S73:T>G	4	46233	8.651829E-5	13.290587	40.0	TRUE	T	1.2968075E-4	26.0	0.023066582	0.98022723	45.516384	0.236042	0.08876927	154.0	0.0
SPIKE	S73:T>C	35	46233	7.5703504E-4	93.899216	40.0	TRUE	T	3.9939117E-4	156.0	0.013592974	0.9403471	71.31396	0.11999682	0.099939235	154.0	0.0
SPIKE	S73:T>A	0	46233	0.0	-1.0	0.0	TRUE	T	4.4390916E-5	0.0	0.037600383	0.9931871	12.596211	0.1692976	0.108095326	154.0	1.0
SPIKE	S74:G>A	7	46233	1.51407E-4	-1.0	40.0	TRUE	G	6.1624676E-5	25.0	0.01563368	0.9905547	55.65076	0.11577371	0.10292799	154.0	0.0
SPIKE	S74:G>T	1	46233	2.1629572E-5	4.2596874	40.0	TRUE	G	9.814161E-5	3.0	0.030332208	0.98499984	19.82393	0.23604374	0.085591204	154.0	1.0
SPIKE	S74:G>C	0	46233	0.0	-1.0	0.0	TRUE	G	1.3466501E-4	0.0	0.022307094	0.97947514	28.735252	0.22161001	0.10323503	154.0	1.0
SPIKE	S75:G>A	14	46233	3.02814E-4	43.393585	39.92857	TRUE	G	1.0106446E-4	41.0	0.01563368	0.98455656	55.65076	0.11577371	0.10292799	154.0	0.0
SPIKE	S75:G>T	1	46233	2.1629572E-5	-1.0	40.0	TRUE	G	8.911194E-5	18.0	0.030332208	0.9863705	19.82393	0.23604374	0.085591204	154.0	0.0
SPIKE	S75:G>C	0	46233	0.0	-1.0	0.0	TRUE	G	1.3466501E-4	0.0	0.022307094	0.97947514	28.735252	0.22161001	0.10323503	154.0	1.0
SPIKE	S76:T>A	1	46233	2.1629572E-5	-1.0	40.0	TRUE	T	4.4390916E-5	0.0	0.037600383	0.9931871	12.596211	0.1692976	0.108095326	154.0	1.0
SPIKE	S76:T>G	1	46233	2.1629572E-5	-1.0	40.0	TRUE	T	7.481582E-5	15.0	0.023066582	0.98854446	45.516384	0.236042	0.08876927	154.0	0.0
SPIKE	S76:T>C	24	46233	5.191097E-4	73.49659	40.0	TRUE	T	2.2273738E-4	87.0	0.013592974	0.9662801	71.31396	0.11999682	0.099939235	154.0	0.0
SPIKE	S77:T>C	2	46233	4.3259144E-5	-1.0	40.0	TRUE	T	3.8402995E-5	15.0	0.013592974	0.9941034	71.31396	0.11999682	0.099939235	154.0	0.0
SPIKE	S77:T>A	0	46233	0.0	-1.0	0.0	TRUE	T	4.4390916E-5	0.0	0.037600383	0.9931871	12.596211	0.1692976	0.108095326	154.0	1.0
SPIKE	S77:T>G	0	46233	0.0	-1.0	0.0	TRUE	T	2.2702303E-4	1.0	0.023066582	0.9656426	45.516384	0.236042	0.08876927	154.0	1.0
SPIKE	S78:T>C	2	46233	4.3259144E-5	7.269987	40.0	TRUE	T	1.8257798E-4	2.0	0.013592974	0.9722746	71.31396	0.11999682	0.099939235	154.0	1.0
SPIKE	S78:T>A	0	46233	0.0	-1.0	0.0	TRUE	T	4.4390916E-5	0.0	0.037600383	0.9931871	12.596211	0.1692976	0.108095326	154.0	1.0
SPIKE	S78:T>G	0	46233	0.0	-1.0	0.0	TRUE	T	1.2469303E-4	25.0	0.023066582	0.98098046	45.516384	0.236042	0.08876927	154.0	0.0
SPIKE	S79:G>A	13	46233	2.8118445E-4	-1.0	40.0	TRUE	G	7.394961E-5	30.0	0.01563368	0.98867637	55.65076	0.11577371	0.10292799	154.0	0.0
SPIKE	S79:G>C	0	46233	0.0	-1.0	0.0	TRUE	G	1.2184651E-4	26.0	0.022307094	0.98141056	28.735252	0.22161001	0.10323503	154.0	0.0
SPIKE	S79:G>T	0	46233	0.0	-1.0	0.0	TRUE	G	9.814161E-5	1.0	0.030332208	0.98499984	19.82393	0.23604374	0.085591204	154.0	1.0
SPIKE	S80:C>A	6	46233	1.2977743E-4	-1.0	40.0	TRUE	C	2.7375427E-5	1.0	0.035672527	0.99579304	19.82393	0.0662062	0.14100306	154.0	1.0
SPIKE	S80:C>T	41	46233	8.8681246E-4	124.671684	40.0	TRUE	C	2.1720887E-4	81.0	0.012668252	0.9671031	55.65076	0.12556873	0.10358191	154.0	0.0
SPIKE	S80:C>G	0	46233	0.0	-1.0	0.0	TRUE	C	1.0703903E-4	24.0	0.013538141	0.9836511	28.735252	0.20902714	0.29222304	154.0	0.0
SPIKE	S81:G>A	14	46233	3.02814E-4	43.393585	40.0	TRUE	G	1.133894E-4	46.0	0.01563368	0.9826896	55.65076	0.11577371	0.10292799	154.0	0.0
SPIKE	S81:G>T	2	46233	4.3259144E-5	7.269987	40.0	TRUE	G	9.814161E-5	0.0	0.030332208	0.98499984	19.82393	0.23604374	0.085591204	154.0	1.0
SPIKE	S81:G>C	0	46233	0.0	-1.0	0.0	TRUE	G	1.3466501E-4	1.0	0.022307094	0.97947514	28.735252	0.22161001	0.10323503	154.0	1.0
SPIKE	S82:G>A	28	46233	6.05628E-4	85.53779	40.0	TRUE	G	1.2571433E-4	51.0	0.01563368	0.9808262	55.65076	0.11577371	0.10292799	154.0	0.0
SPIKE	S82:G>C	0	46233	0.0	-1.0	0.0	TRUE	G	1.1716011E-4	25.0	0.022307094	0.98211914	28.735252	0.22161001	0.10323503	154.0	0.0
SPIKE	S82:G>T	0	46233	0.0	-1.0	0.0	TRUE	G	9.814161E-5	1.0	0.030332208	0.98499984	19.82393	0.23604374	0.085591204	154.0	1.0
SPIKE	S83:C>G	1	46233	2.1629572E-5	4.2596874	40.0	TRUE	C	1.15958945E-4	26.0	0.013538141	0.9823008	28.735252	0.20902714	0.29222304	154.0	0.0
SPIKE	S83:C>A	8	46233	1.7303658E-4	-1.0	40.0	TRUE	C	2.7375427E-5	1.0	0.035672527	0.99579304	19.82393	0.0662062	0.14100306	154.0	1.0
SPIKE	S83:C>T	18	46233	3.893323E-4	55.434788	40.0	TRUE	C	1.1262682E-4	42.0	0.012668252	0.982805	55.65076	0.12556873	0.10358191	154.0	0.0
SPIKE	S84:G>A	6	46233	1.2977743E-4	19.311188	40.0	TRUE	G	1.4296925E-4	58.0	0.01563368	0.9782233	55.65076	0.11577371	0.10292799	154.0	0.0
SPIKE	S84:G>T	1	46233	2.1629572E-5	4.2596874	40.0	TRUE	G	9.814161E-5	0.0	0.030332208	0.98499984	19.82393	0.23604374	0.085591204	154.0	1.0
SPIKE	S84:G>C	0	46233	0.0	-1.0	0.0	TRUE	G	1.3466501E-4	1.0	0.022307094	0.97947514	28.735252	0.22161001	0.10323503	154.0	1.0
SPIKE	S85:A>T	1	46233	2.1629572E-5	-1.0	40.0	TRUE	A	9.2092145E-5	25.0	0.035622843	0.9859179	12.596211	0.1765988	0.09798335	154.0	0.0
SPIKE	S85:A>G	0	46233	0.0	-1.0	0.0	TRUE	A	1.4696737E-4	9.0	0.0140186045	0.97762126	71.31396	0.09663395	0.09340106	154.0	1.0
SPIKE	S85:A>C	0	46233	0.0	-1.0	0.0	TRUE	A	9.9224286E-5	120.0	0.026281843	0.9848356	45.516384	0.039260473	0.09213905	154.0	0.0
SPIKE	S86:T>C	5	46233	1.0814786E-4	16.300888	40.0	TRUE	T	9.7287586E-5	38.0	0.013592974	0.9851294	71.31396	0.11999682	0.099939235	154.0	0.0
SPIKE	S86:T>A	0	46233	0.0	-1.0	0.0	TRUE	T	4.4390916E-5	1.0	0.037600383	0.9931871	12.596211	0.1692976	0.108095326	154.0	1.0
SPIKE	S86:T>G	0	46233	0.0	-1.0	0.0	TRUE	T	2.2702303E-4	1.0	0.023066582	0.9656426	45.516384	0.236042	0.08876927	154.0	1.0
SPIKE	S87:T>C	2	46233	4.3259144E-5	7.269987	40.0	TRUE	T	1.8257798E-4	9.0	0.013592974	0.9722746	71.31396	0.11999682	0.099939235	154.0	1.0
SPIKE	S87:T>A	0	46233	0.0	-1.0	0.0	TRUE	T	4.4390916E-5	0.0	0.037600383	0.9931871	12.596211	0.1692976	0.108095326	154.0	1.0
SPIKE	S87:T>G	0	46233	0.0	-1.0	0.0	TRUE	T	2.2702303E-4	1.0	0.023066582	0.9656426	45.516384	0.236042	0.08876927	154.0	1.0
SPIKE	S88:T>C	1	46233	2.1629572E-5	-1.0	40.0	TRUE	T	2.8162196E-5	11.0	0.013592974	0.9956724	71.31396	0.11999682	0.099939235	154.0	0.0
SPIKE	S88:T>A	0	46233	0.0	-1.0	0.0	TRUE	T	9.162786E-5	26.0	0.037600383	0.9859884	12.596211	0.1692976	0.108095326	154.0	0.0
SPIKE	S88:T>G	0	46233	0.0	-1.0	0.0	TRUE	T	2.2702303E-4	0.0	0.023066582	0.9656426	45.516384	0.236042	0.08876927	154.0	1.0
SPIKE	S89:A>G	3	46233	6.4888714E-5	-1.0	40.0	TRUE	A	3.091275E-5	15.0	0.0140186045	0.99525076	71.31396	0.09663395	0.09340106	154.0	0.0
SPIKE	S89:A>C	0	46233	0.0	-1.0	0.0	TRUE	A	3.7636088E-5	2.0	0.026281843	0.9942208	45.516384	0.039260473	0.09213905	154.0	1.0
SPIKE	S89:A>T	0	46233	0.0	-1.0	0.0	TRUE	A	1.1419426E-4	31.0	0.035622843	0.9825678	12.596211	0.1765988	0.09798335	154.0	0.0
SPIKE	S90:T>C	1	46233	2.1629572E-5	-1.0	40.0	TRUE	T	8.448659E-5	33.0	0.013592974	0.98707336	71.31396	0.11999682	0.099939235	154.0	0.0
SPIKE	S90:T>A	0	46233	0.0	-1.0	0.0	TRUE	T	4.4390916E-5	1.0	0.037600383	0.9931871	12.596211	0.1692976	0.108095326	154.0	1.0
SPIKE	S90:T>G	0	46233	0.0	-1.0	0.0	TRUE	T	2.2702303E-4	0.0	0.023066582	0.9656426	45.516384	0.236042	0.08876927	154.0	1.0
SPIKE	S91:C>A	51	46233	0.0011031082	-1.0	40.0	TRUE	C	2.7375427E-5	1.0	0.035672527	0.99579304	19.82393	0.0662062	0.14100306	154.0	1.0
SPIKE	S91:C>T	13	46233	2.8118445E-4	40.383286	40.0	TRUE	C	1.2335318E-4	46.0	0.012668252	0.98118293	55.65076	0.12556873	0.10358191	154.0	0.0
SPIKE	S91:C>G	0	46233	0.0	-1.0	0.0	TRUE	C	1.15958945E-4	26.0	0.013538141	0.9823008	28.735252	0.20902714	0.29222304	154.0	0.0
SPIKE	S92:G>A	20	46233	4.3259145E-4	61.455387	40.0	TRUE	G	1.306443E-4	53.0	0.01563368	0.9800818	55.65076	0.11577371	0.10292799	154.0	0.0
SPIKE	S92:G>C	0	46233	0.0	-1.0	0.0	TRUE	G	1.3466501E-4	1.0	0.022307094	0.97947514	28.735252	0.22161001	0.10323503	154.0	1.0
SPIKE	S92:G>T	0	46233	0.0	-1.0	0.0	TRUE	G	1.1881592E-4	24.0	0.030332208	0.98186874	19.82393	0.23604374	0.085591204	154.0	0.0
SPIKE	S93:T>A	2	46233	4.3259144E-5	-1.0	40.0	TRUE	T	4.4390916E-5	2.0	0.037600383	0.9931871	12.596211	0.1692976	0.108095326	154.0	1.0
SPIKE	S93:T>C	30	46233	6.4888713E-4	91.55839	40.0	TRUE	T	2.6370058E-4	103.0	0.013592974	0.96020365	71.31396	0.11999682	0.099939235	154.0	0.0
SPIKE	S93:T>G	0	46233	0.0	-1.0	0.0	TRUE	T	2.2702303E-4	7.0	0.023066582	0.9656426	45.516384	0.236042	0.08876927	154.0	1.0
SPIKE	S94:C>A	36	46233	7.786646E-4	-1.0	40.0	TRUE	C	2.7375427E-5	0.0	0.035672527	0.99579304	19.82393	0.0662062	0.14100306	154.0	1.0
SPIKE	S94:C>T	10	46233	2.1629572E-4	31.352386	40.0	TRUE	C	1.3944272E-4	52.0	0.012668252	0.97875476	55.65076	0.12556873	0.10358191	154.0	0.0
SPIKE	S94:C>G	0	46233	0.0	-1.0	0.0	TRUE	C	1.1149899E-4	25.0	0.013538141	0.9829757	28.735252	0.20902714	0.29222304	154.0	0.0
SPIKE	S95:G>A	20	46233	4.3259145E-4	61.455387	40.0	TRUE	G	1.18319374E-4	48.0	0.01563368	0.98194385	55.65076	0.11577371	0.10292799	154.0	0.0
SPIKE	S95:G>C	0	46233	0.0	-1.0	0.0	TRUE	G	1.3466501E-4	1.0	0.022307094	0.97947514	28.735252	0.22161001	0.10323503	154.0	1.0
SPIKE	S95:G>T	0	46233	0.0	-1.0	0.0	TRUE	G	1.3366791E-4	27.0	0.030332208	0.9796256	19.82393	0.23604374	0.085591204	154.0	0.0
SPIKE	S96:T>C	21	46233	4.54221E-4	64.46568	40.0	TRUE	T	2.7394138E-4	107.0	0.013592974	0.9586905	71.31396	0.11999682	0.099939235	154.0	0.0
SPIKE	S96:T>A	3	46233	6.4888714E-5	-1.0	40.0	TRUE	T	4.4390916E-5	2.0	0.037600383	0.9931871	12.596211	0.1692976	0.108095326	154.0	1.0
SPIKE	S96:T>G	0	46233	0.0	-1.0	0.0	TRUE	T	2.2702303E-4	3.0	0.023066582	0.9656426	45.516384	0.236042	0.08876927	154.0	1.0
SPIKE	S97:C>T	5	46233	1.0814786E-4	16.300888	40.0	TRUE	C	9.6537275E-5	36.0	0.012668252	0.9852432	55.65076	0.12556873	0.10358191	154.0	0.0
SPIKE	S97:C>A	19	46233	4.1096186E-4	-1.0	40.0	TRUE	C	3.7285066E-5	27.0	0.035672527	0.99427456	19.82393	0.0662062	0.14100306	154.0	0.0
SPIKE	S97:C>G	0	46233	0.0	-1.0	0.0	TRUE	C	1.2815806E-4	0.0	0.013538141	0.9804571	28.735252	0.20902714	0.29222304	154.0	1.0
SPIKE	S98:A>C	1	46233	2.1629572E-5	-1.0	40.0	TRUE	A	3.7636088E-5	4.0	0.026281843	0.9942208	45.516384	0.039260473	0.09213905	154.0	1.0
SPIKE	S98:A>G	8	46233	1.7303658E-4	-1.0	40.0	TRUE	A	9.273825E-5	45.0	0.0140186045	0.9858198	71.31396	0.09663395	0.09340106	154.0	0.0
SPIKE	S98:A>T	0	46233	0.0	-1.0	0.0	TRUE	A	8.472477E-5	23.0	0.035622843	0.9870371	12.596211	0.1765988	0.09798335	154.0	0.0
SPIKE	S99:T>C	2	46233	4.3259144E-5	7.269987	40.0	TRUE	T	1.10088586E-4	43.0	0.013592974	0.9831893	71.31396	0.11999682	0.099939235	154.0	0.0
SPIKE	S99:T>G	1	46233	2.1629572E-5	4.2596874	40.0	TRUE	T	2.2702303E-4	1.0	0.023066582	0.9656426	45.516384	0.236042	0.08876927	154.0	1.0
SPIKE	S99:T>A	0	46233	0.0	-1.0	0.0	TRUE	T	4.4390916E-5	2.0	0.037600383	0.9931871	12.596211	0.1692976	0.108095326	154.0	1.0
SPIKE	S100:C>T	17	46233	3.677027E-4	52.424488	40.0	TRUE	C	1.9039297E-4	71.0	0.012668252	0.97110516	55.65076	0.12556873	0.10358191	154.0	0.0
SPIKE	S100:C>A	24	46233	5.191097E-4	-1.0	40.0	TRUE	C	2.7375427E-5	3.0	0.035672527	0.99579304	19.82393	0.0662062	0.14100306	154.0	1.0
SPIKE	S100:C>G	0	46233	0.0	-1.0	0.0	TRUE	C	1.3825875E-4	31.0	0.013538141	0.9789332	28.735252	0.20902714	0.29222304	154.0	0.0
SPIKE	S101:G>A	17	46233	3.677027E-4	52.424488	40.0	TRUE	G	1.2324935E-4	50.0	0.01563368	0.9811986	55.65076	0.11577371	0.10292799	154.0	0.0
SPIKE	I101:>ATC	1	46233	2.1629572E-5	-1.0	39.999676	TRUE		NaN	NaN	NaN	NaN	NaN	NaN	NaN	NaN	NaN
SPIKE	S101:G>C	0	46233	0.0	-1.0	0.0	TRUE	G	1.3466501E-4	0.0	0.022307094	0.97947514	28.735252	0.22161001	0.10323503	154.0	1.0
SPIKE	S101:G>T	0	46233	0.0	-1.0	0.0	TRUE	G	1.2376659E-4	25.0	0.030332208	0.98112047	19.82393	0.23604374	0.085591204	154.0	0.0
SPIKE	S102:T>C	5	46233	1.0814786E-4	16.300888	40.0	TRUE	T	1.0752839E-4	42.0	0.013592974	0.98357695	71.31396	0.11999682	0.099939235	154.0	0.0
SPIKE	S102:T>A	0	46233	0.0	-1.0	0.0	TRUE	T	4.4390916E-5	1.0	0.037600383	0.9931871	12.596211	0.1692976	0.108095326	154.0	1.0
SPIKE	S102:T>G	0	46233	0.0	-1.0	0.0	TRUE	T	1.5461935E-4	31.0	0.023066582	0.9764699	45.516384	0.236042	0.08876927	154.0	0.0
SPIKE	S103:G>A	7	46233	1.51407E-4	-1.0	40.0	TRUE	G	5.4229713E-5	22.0	0.01563368	0.9916834	55.65076	0.11577371	0.10292799	154.0	0.0
SPIKE	S103:G>C	0	46233	0.0	-1.0	0.0	TRUE	G	1.3466501E-4	0.0	0.022307094	0.97947514	28.735252	0.22161001	0.10323503	154.0	1.0
SPIKE	S103:G>T	0	46233	0.0	-1.0	0.0	TRUE	G	9.814161E-5	3.0	0.030332208	0.98499984	19.82393	0.23604374	0.085591204	154.0	1.0
SPIKE	S104:G>C	1	46233	2.1629572E-5	4.2596874	40.0	TRUE	G	1.077873E-4	23.0	0.022307094	0.9835378	28.735252	0.22161001	0.10323503	154.0	0.0
SPIKE	S104:G>A	31	46233	6.7051675E-4	-1.0	40.0	TRUE	G	8.873953E-5	36.0	0.01563368	0.98642707	55.65076	0.11577371	0.10292799	154.0	0.0
SPIKE	S104:G>T	0	46233	0.0	-1.0	0.0	TRUE	G	9.814161E-5	0.0	0.030332208	0.98499984	19.82393	0.23604374	0.085591204	154.0	1.0
SPIKE	S105:C>T	46	46233	9.949603E-4	139.72319	40.0	TRUE	C	2.1184569E-4	79.0	0.012668252	0.9679022	55.65076	0.12556873	0.10358191	154.0	0.0
SPIKE	S105:C>A	8	46233	1.7303658E-4	-1.0	40.0	TRUE	C	1.3809284E-5	10.0	0.035672527	0.99787563	19.82393	0.0662062	0.14100306	154.0	0.0
SPIKE	S105:C>G	0	46233	0.0	-1.0	0.0	TRUE	C	1.1149899E-4	25.0	0.013538141	0.9829757	28.735252	0.20902714	0.29222304	154.0	0.0
SPIKE	S106:G>A	13	46233	2.8118445E-4	40.383286	40.0	TRUE	G	2.0952389E-4	85.0	0.01563368	0.9682483	55.65076	0.11577371	0.10292799	154.0	0.0
SPIKE	S106:G>C	0	46233	0.0	-1.0	0.0	TRUE	G	1.3466501E-4	0.0	0.022307094	0.97947514	28.735252	0.22161001	0.10323503	154.0	1.0
SPIKE	S106:G>T	0	46233	0.0	-1.0	0.0	TRUE	G	9.814161E-5	0.0	0.030332208	0.98499984	19.82393	0.23604374	0.085591204	154.0	1.0
SPIKE	S107:G>A	34	46233	7.354054E-4	103.59959	40.0	TRUE	G	1.7994405E-4	73.0	0.01563368	0.97266906	55.65076	0.11577371	0.10292799	154.0	0.0
SPIKE	S107:G>C	0	46233	0.0	-1.0	0.0	TRUE	G	1.2653292E-4	27.0	0.022307094	0.9807026	28.735252	0.22161001	0.10323503	154.0	0.0
SPIKE	S107:G>T	0	46233	0.0	-1.0	0.0	TRUE	G	9.814161E-5	1.0	0.030332208	0.98499984	19.82393	0.23604374	0.085591204	154.0	1.0
SPIKE	S108:C>T	38	46233	8.219237E-4	115.640785	40.0	TRUE	C	1.76985E-4	66.0	0.012668252	0.9731124	55.65076	0.12556873	0.10358191	154.0	0.0
SPIKE	S108:C>A	4	46233	8.651829E-5	-1.0	40.0	TRUE	C	3.314228E-5	24.0	0.035672527	0.9949091	19.82393	0.0662062	0.14100306	154.0	0.0
SPIKE	S108:C>G	0	46233	0.0	-1.0	0.0	TRUE	C	1.2815806E-4	0.0	0.013538141	0.9804571	28.735252	0.20902714	0.29222304	154.0	1.0
SPIKE	S109:A>G	4	46233	8.651829E-5	-1.0	40.0	TRUE	A	8.861654E-5	43.0	0.0140186045	0.9864457	71.31396	0.09663395	0.09340106	154.0	0.0
SPIKE	S109:A>C	0	46233	0.0	-1.0	0.0	TRUE	A	3.7636088E-5	7.0	0.026281843	0.9942208	45.516384	0.039260473	0.09213905	154.0	1.0
SPIKE	S109:A>T	0	46233	0.0	-1.0	0.0	TRUE	A	4.6400484E-5	0.0	0.035622843	0.9928798	12.596211	0.1765988	0.09798335	154.0	1.0
SPIKE	S110:G>A	22	46233	4.758506E-4	-1.0	40.0	TRUE	G	9.1204514E-5	37.0	0.01563368	0.9860527	55.65076	0.11577371	0.10292799	154.0	0.0
SPIKE	S110:G>C	0	46233	0.0	-1.0	0.0	TRUE	G	9.3728086E-5	20.0	0.022307094	0.98566955	28.735252	0.22161001	0.10323503	154.0	0.0
SPIKE	S110:G>T	0	46233	0.0	-1.0	0.0	TRUE	G	9.814161E-5	5.0	0.030332208	0.98499984	19.82393	0.23604374	0.085591204	154.0	1.0
SPIKE	S111:C>T	36	46233	7.786646E-4	109.620186	40.0	TRUE	C	1.6357705E-4	61.0	0.012668252	0.97512376	55.65076	0.12556873	0.10358191	154.0	0.0
SPIKE	S111:C>A	3	46233	6.4888714E-5	-1.0	40.0	TRUE	C	1.7952068E-5	13.0	0.035672527	0.9972392	19.82393	0.0662062	0.14100306	154.0	0.0
SPIKE	S111:C>G	0	46233	0.0	-1.0	0.0	TRUE	C	9.3659146E-5	21.0	0.013538141	0.98568	28.735252	0.20902714	0.29222304	154.0	0.0
SPIKE	S112:G>A	9	46233	1.9466615E-4	28.342087	40.0	TRUE	G	1.0106446E-4	41.0	0.01563368	0.98455656	55.65076	0.11577371	0.10292799	154.0	0.0
SPIKE	S112:G>C	0	46233	0.0	-1.0	0.0	TRUE	G	1.3466501E-4	0.0	0.022307094	0.97947514	28.735252	0.22161001	0.10323503	154.0	1.0
SPIKE	S112:G>T	0	46233	0.0	-1.0	0.0	TRUE	G	6.930929E-5	14.0	0.030332208	0.9893831	19.82393	0.23604374	0.085591204	154.0	0.0
SPIKE	S113:T>C	19	46233	4.1096186E-4	58.445087	40.0	TRUE	T	2.1761698E-4	85.0	0.013592974	0.9670423	71.31396	0.11999682	0.099939235	154.0	0.0
SPIKE	S113:T>G	1	46233	2.1629572E-5	4.2596874	40.0	TRUE	T	1.14717586E-4	23.0	0.023066582	0.98248863	45.516384	0.236042	0.08876927	154.0	0.0
SPIKE	S113:T>A	0	46233	0.0	-1.0	0.0	TRUE	T	4.4390916E-5	3.0	0.037600383	0.9931871	12.596211	0.1692976	0.108095326	154.0	1.0
SPIKE	S114:G>A	9	46233	1.9466615E-4	-1.0	40.0	TRUE	G	9.1204514E-5	37.0	0.01563368	0.9860527	55.65076	0.11577371	0.10292799	154.0	0.0
SPIKE	S114:G>C	0	46233	0.0	-1.0	0.0	TRUE	G	1.3466501E-4	4.0	0.022307094	0.97947514	28.735252	0.22161001	0.10323503	154.0	1.0
SPIKE	S114:G>T	0	46233	0.0	-1.0	0.0	TRUE	G	9.814161E-5	0.0	0.030332208	0.98499984	19.82393	0.23604374	0.085591204	154.0	1.0
SPIKE	S115:A>C	1	46233	2.1629572E-5	-1.0	40.0	TRUE	A	5.4573356E-5	66.0	0.026281843	0.9916309	45.516384	0.039260473	0.09213905	154.0	0.0
SPIKE	S115:A>G	21	46233	4.54221E-4	64.46568	40.0	TRUE	A	1.8135479E-4	88.0	0.0140186045	0.97245777	71.31396	0.09663395	0.09340106	154.0	0.0
SPIKE	S115:A>T	0	46233	0.0	-1.0	0.0	TRUE	A	4.6400484E-5	7.0	0.035622843	0.9928798	12.596211	0.1765988	0.09798335	154.0	1.0
SPIKE	S116:C>T	5	46233	1.0814786E-4	-1.0	40.0	TRUE	C	4.5587047E-5	17.0	0.012668252	0.9930042	55.65076	0.12556873	0.10358191	154.0	0.0
SPIKE	S116:C>A	0	46233	0.0	-1.0	0.0	TRUE	C	2.7375427E-5	5.0	0.035672527	0.99579304	19.82393	0.0662062	0.14100306	154.0	1.0
SPIKE	S116:C>G	0	46233	0.0	-1.0	0.0	TRUE	C	1.2815806E-4	0.0	0.013538141	0.9804571	28.735252	0.20902714	0.29222304	154.0	1.0
SPIKE	S117:C>T	12	46233	2.5955486E-4	37.372986	40.0	TRUE	C	1.6894023E-4	63.0	0.012668252	0.97431874	55.65076	0.12556873	0.10358191	154.0	0.0
SPIKE	S117:C>A	10	46233	2.1629572E-4	-1.0	40.0	TRUE	C	2.485671E-5	18.0	0.035672527	0.9961794	19.82393	0.0662062	0.14100306	154.0	0.0
SPIKE	S117:C>G	0	46233	0.0	-1.0	0.0	TRUE	C	1.2815806E-4	0.0	0.013538141	0.9804571	28.735252	0.20902714	0.29222304	154.0	1.0
SPIKE	S118:T>C	13	46233	2.8118445E-4	40.383286	40.0	TRUE	T	1.7153338E-4	67.0	0.013592974	0.9739297	71.31396	0.11999682	0.099939235	154.0	0.0
SPIKE	S118:T>G	1	46233	2.1629572E-5	4.2596874	40.0	TRUE	T	2.2702303E-4	7.0	0.023066582	0.9656426	45.516384	0.236042	0.08876927	154.0	1.0
SPIKE	S118:T>A	6	46233	1.2977743E-4	19.311188	40.0	TRUE	T	1.0572445E-4	30.0	0.037600383	0.98385024	12.596211	0.1692976	0.108095326	154.0	0.0
SPIKE	S119:A>G	7	46233	1.51407E-4	22.321487	40.0	TRUE	A	1.13346745E-4	55.0	0.0140186045	0.98269606	71.31396	0.09663395	0.09340106	154.0	0.0
SPIKE	S119:A>C	0	46233	0.0	-1.0	0.0	TRUE	A	6.201518E-5	75.0	0.026281843	0.99049515	45.516384	0.039260473	0.09213905	154.0	0.0
SPIKE	S119:A>T	0	46233	0.0	-1.0	0.0	TRUE	A	1.21561636E-4	33.0	0.035622843	0.98145366	12.596211	0.1765988	0.09798335	154.0	0.0
SPIKE	S120:T>C	6	46233	1.2977743E-4	-1.0	40.0	TRUE	T	8.448659E-5	33.0	0.013592974	0.98707336	71.31396	0.11999682	0.099939235	154.0	0.0
SPIKE	S120:T>G	1	46233	2.1629572E-5	4.2596874	40.0	TRUE	T	1.7457023E-4	35.0	0.023066582	0.9734743	45.516384	0.236042	0.08876927	154.0	0.0
SPIKE	S120:T>A	0	46233	0.0	-1.0	0.0	TRUE	T	4.4390916E-5	1.0	0.037600383	0.9931871	12.596211	0.1692976	0.108095326	154.0	1.0
SPIKE	S121:G>A	7	46233	1.51407E-4	-1.0	40.0	TRUE	G	7.394961E-5	30.0	0.01563368	0.98867637	55.65076	0.11577371	0.10292799	154.0	0.0
SPIKE	S121:G>C	0	46233	0.0	-1.0	0.0	TRUE	G	1.3466501E-4	0.0	0.022307094	0.97947514	28.735252	0.22161001	0.10323503	154.0	1.0
SPIKE	S121:G>T	0	46233	0.0	-1.0	0.0	TRUE	G	1.8812521E-4	38.0	0.030332208	0.97144437	19.82393	0.23604374	0.085591204	154.0	0.0
SPIKE	S122:T>C	18	46233	3.893323E-4	45.363	40.0	TRUE	T	2.9698317E-4	116.0	0.013592974	0.95529467	71.31396	0.11999682	0.099939235	154.0	0.0
SPIKE	S122:T>A	0	46233	0.0	-1.0	0.0	TRUE	T	4.4390916E-5	2.0	0.037600383	0.9931871	12.596211	0.1692976	0.108095326	154.0	1.0
SPIKE	S122:T>G	0	46233	0.0	-1.0	0.0	TRUE	T	2.9926328E-4	60.0	0.023066582	0.95495933	45.516384	0.236042	0.08876927	154.0	0.0
SPIKE	S123:G>A	6	46233	1.2977743E-4	-1.0	40.0	TRUE	G	5.1764724E-5	21.0	0.01563368	0.99205995	55.65076	0.11577371	0.10292799	154.0	0.0
SPIKE	S123:G>C	0	46233	0.0	-1.0	0.0	TRUE	G	1.3466501E-4	4.0	0.022307094	0.97947514	28.735252	0.22161001	0.10323503	154.0	1.0
SPIKE	S123:G>T	0	46233	0.0	-1.0	0.0	TRUE	G	1.4356924E-4	29.0	0.030332208	0.97813296	19.82393	0.23604374	0.085591204	154.0	0.0
SPIKE	S124:T>C	16	46233	3.4607315E-4	49.41419	40.0	TRUE	T	2.4833938E-4	97.0	0.013592974	0.9624778	71.31396	0.11999682	0.099939235	154.0	0.0
SPIKE	S124:T>A	0	46233	0.0	-1.0	0.0	TRUE	T	4.4390916E-5	0.0	0.037600383	0.9931871	12.596211	0.1692976	0.108095326	154.0	1.0
SPIKE	S124:T>G	0	46233	0.0	-1.0	0.0	TRUE	T	1.895334E-4	38.0	0.023066582	0.9712337	45.516384	0.236042	0.08876927	154.0	0.0
SPIKE	S125:G>A	35	46233	7.5703504E-4	-1.0	40.0	TRUE	G	7.887958E-5	32.0	0.01563368	0.987926	55.65076	0.11577371	0.10292799	154.0	0.0
SPIKE	S125:G>C	0	46233	0.0	-1.0	0.0	TRUE	G	1.2184651E-4	26.0	0.022307094	0.98141056	28.735252	0.22161001	0.10323503	154.0	0.0
SPIKE	S125:G>T	0	46233	0.0	-1.0	0.0	TRUE	G	9.814161E-5	0.0	0.030332208	0.98499984	19.82393	0.23604374	0.085591204	154.0	1.0
SPIKE	S126:C>T	32	46233	6.921463E-4	97.57899	40.0	TRUE	C	1.9039297E-4	71.0	0.012668252	0.97110516	55.65076	0.12556873	0.10358191	154.0	0.0
SPIKE	S126:C>G	1	46233	2.1629572E-5	4.2596874	40.0	TRUE	C	1.650185E-4	37.0	0.013538141	0.97490734	28.735252	0.20902714	0.29222304	154.0	0.0
SPIKE	S126:C>A	10	46233	2.1629572E-4	-1.0	40.0	TRUE	C	4.971342E-5	36.0	0.035672527	0.99237335	19.82393	0.0662062	0.14100306	154.0	0.0
SPIKE	S127:G>T	3	46233	6.4888714E-5	10.280287	40.0	TRUE	G	9.814161E-5	0.0	0.030332208	0.98499984	19.82393	0.23604374	0.085591204	154.0	1.0
SPIKE	S127:G>A	10	46233	2.1629572E-4	-1.0	40.0	TRUE	G	9.366951E-5	38.0	0.01563368	0.98567843	55.65076	0.11577371	0.10292799	154.0	0.0
SPIKE	S127:G>C	0	46233	0.0	-1.0	0.0	TRUE	G	9.3728086E-5	20.0	0.022307094	0.98566955	28.735252	0.22161001	0.10323503	154.0	0.0
SPIKE	S128:G>A	24	46233	5.191097E-4	73.49659	40.0	TRUE	G	1.2571433E-4	51.0	0.01563368	0.9808262	55.65076	0.11577371	0.10292799	154.0	0.0
SPIKE	S128:G>T	1	46233	2.1629572E-5	4.2596874	40.0	TRUE	G	9.814161E-5	1.0	0.030332208	0.98499984	19.82393	0.23604374	0.085591204	154.0	1.0
SPIKE	S128:G>C	0	46233	0.0	-1.0	0.0	TRUE	G	7.966888E-5	17.0	0.022307094	0.98780596	28.735252	0.22161001	0.10323503	154.0	0.0
SPIKE	S129:C>A	12	46233	2.5955486E-4	37.372986	40.0	TRUE	C	9.804591E-5	71.0	0.035672527	0.9850143	19.82393	0.0662062	0.14100306	154.0	0.0
SPIKE	S129:C>T	26	46233	5.623689E-4	79.51719	40.0	TRUE	C	1.76985E-4	66.0	0.012668252	0.9731124	55.65076	0.12556873	0.10358191	154.0	0.0
SPIKE	S129:C>G	0	46233	0.0	-1.0	0.0	TRUE	C	1.7393842E-4	39.0	0.013538141	0.97356904	28.735252	0.20902714	0.29222304	154.0	0.0
SPIKE	D130-133:GGC>	2	46233	4.3259144E-5	-1.0	39.997772	TRUE		NaN	NaN	NaN	NaN	NaN	NaN	NaN	NaN	NaN
SPIKE	S130:G>A	7	46233	1.51407E-4	-1.0	40.0	TRUE	G	8.6274544E-5	35.0	0.01563368	0.98680156	55.65076	0.11577371	0.10292799	154.0	0.0
SPIKE	S130:G>C	0	46233	0.0	-1.0	0.0	TRUE	G	8.9041685E-5	19.0	0.022307094	0.9863812	28.735252	0.22161001	0.10323503	154.0	0.0
SPIKE	S130:G>T	0	46233	0.0	-1.0	0.0	TRUE	G	9.814161E-5	1.0	0.030332208	0.98499984	19.82393	0.23604374	0.085591204	154.0	1.0
SPIKE	S131:G>A	43	46233	9.300716E-4	130.69229	40.0	TRUE	G	2.1198888E-4	86.0	0.01563368	0.96788085	55.65076	0.11577371	0.10292799	154.0	0.0
SPIKE	S131:G>C	0	46233	0.0	-1.0	0.0	TRUE	G	8.9041685E-5	19.0	0.022307094	0.9863812	28.735252	0.22161001	0.10323503	154.0	0.0
SPIKE	S131:G>T	0	46233	0.0	-1.0	0.0	TRUE	G	9.814161E-5	1.0	0.030332208	0.98499984	19.82393	0.23604374	0.085591204	154.0	1.0
SPIKE	S132:C>A	4	46233	8.651829E-5	13.290587	40.0	TRUE	C	1.657114E-4	120.0	0.035672527	0.9748033	19.82393	0.0662062	0.14100306	154.0	0.0
SPIKE	S132:C>T	37	46233	8.0029416E-4	112.630486	40.0	TRUE	C	1.7162182E-4	64.0	0.012668252	0.9739165	55.65076	0.12556873	0.10358191	154.0	0.0
SPIKE	S132:C>G	0	46233	0.0	-1.0	0.0	TRUE	C	8.473923E-5	19.0	0.013538141	0.9870349	28.735252	0.20902714	0.29222304	154.0	0.0
SPIKE	S133:A>G	3	46233	6.4888714E-5	-1.0	40.0	TRUE	A	7.625145E-5	37.0	0.0140186045	0.98832595	71.31396	0.09663395	0.09340106	154.0	0.0
SPIKE	S133:A>C	0	46233	0.0	-1.0	0.0	TRUE	A	3.687836E-4	446.0	0.026281843	0.94478995	45.516384	0.039260473	0.09213905	154.0	0.0
SPIKE	S133:A>T	0	46233	0.0	-1.0	0.0	TRUE	A	4.6400484E-5	1.0	0.035622843	0.9928798	12.596211	0.1765988	0.09798335	154.0	1.0
SPIKE	S134:G>A	68	46233	0.0014708109	210.721	40.0	TRUE	G	1.8487402E-4	75.0	0.01563368	0.97193086	55.65076	0.11577371	0.10292799	154.0	0.0
SPIKE	S134:G>C	2	46233	4.3259144E-5	7.269987	40.0	TRUE	G	1.7808337E-4	38.0	0.022307094	0.97294784	28.735252	0.22161001	0.10323503	154.0	0.0
SPIKE	S134:G>T	0	46233	0.0	-1.0	0.0	TRUE	G	5.4457298E-5	11.0	0.030332208	0.9916487	19.82393	0.23604374	0.085591204	154.0	0.0
SPIKE	S135:C>A	1	46233	2.1629572E-5	-1.0	40.0	TRUE	C	5.661806E-5	41.0	0.035672527	0.9913187	19.82393	0.0662062	0.14100306	154.0	0.0
SPIKE	S135:C>G	3	46233	6.4888714E-5	-1.0	40.0	TRUE	C	4.9059556E-5	11.0	0.013538141	0.9924733	28.735252	0.20902714	0.29222304	154.0	0.0
SPIKE	S135:C>T	41	46233	8.8681246E-4	124.671684	40.0	TRUE	C	2.5475115E-4	95.0	0.012668252	0.96152794	55.65076	0.12556873	0.10358191	154.0	0.0
SPIKE	D135-136:C>	6	46233	1.2977743E-4	-1.0	39.999264	TRUE		NaN	NaN	NaN	NaN	NaN	NaN	NaN	NaN	NaN
SPIKE	S136:C>T	30	46233	6.4888713E-4	91.55839	40.0	TRUE	C	1.2603478E-4	47.0	0.012668252	0.9807778	55.65076	0.12556873	0.10358191	154.0	0.0
SPIKE	S136:C>A	0	46233	0.0	-1.0	0.0	TRUE	C	1.6294954E-4	118.0	0.035672527	0.975218	19.82393	0.0662062	0.14100306	154.0	0.0
SPIKE	S136:C>G	0	46233	0.0	-1.0	0.0	TRUE	C	8.027927E-5	18.0	0.013538141	0.9877131	28.735252	0.20902714	0.29222304	154.0	0.0
SPIKE	I137:>T	2	46220	4.327131E-5	-1.0	39.043552	TRUE		NaN	NaN	NaN	NaN	NaN	NaN	NaN	NaN	NaN
SPIKE	S137:T>G	2	46220	4.327131E-5	-1.0	37.5	TRUE	T	7.9825986E-5	16.0	0.023066582	0.98778206	45.503586	0.236042	0.08876927	154.0	0.0
SPIKE	S137:T>C	3	46220	6.490697E-5	10.280287	36.333332	TRUE	T	1.7414255E-4	68.0	0.013592974	0.97353846	71.29391	0.11999682	0.099939235	154.0	0.0
SPIKE	D137-138:T>	7	46220	1.514496E-4	-1.0	39.043552	TRUE		NaN	NaN	NaN	NaN	NaN	NaN	NaN	NaN	NaN
SPIKE	S137:T>A	0	46220	0.0	-1.0	0.0	TRUE	T	7.755307E-5	22.0	0.037600383	0.9881279	12.5926695	0.1692976	0.108095326	154.0	0.0
SPIKE	I138:>G	6	46220	1.2981394E-4	-1.0	39.041367	TRUE		NaN	NaN	NaN	NaN	NaN	NaN	NaN	NaN	NaN
SPIKE	S138:G>A	12	46220	2.5962788E-4	37.372986	38.083332	TRUE	G	1.4547513E-4	59.0	0.01563368	0.9778459	55.635113	0.11577371	0.10292799	154.0	0.0
SPIKE	S138:G>C	1	46220	2.1635655E-5	4.2596874	37.0	TRUE	G	1.3466501E-4	4.0	0.022307094	0.97947514	28.727173	0.22161001	0.10323503	154.0	1.0
SPIKE	D138-139:G>	20	46220	4.327131E-4	-1.0	39.041367	TRUE		NaN	NaN	NaN	NaN	NaN	NaN	NaN	NaN	NaN
SPIKE	S138:G>T	0	46220	0.0	-1.0	0.0	TRUE	G	1.8817812E-4	38.0	0.030332208	0.97143644	19.818356	0.23604374	0.085591204	154.0	0.0
SPIKE	D139-141:AT>	1	46217	2.163706E-5	-1.0	38.700195	TRUE		NaN	NaN	NaN	NaN	NaN	NaN	NaN	NaN	NaN
SPIKE	D139-140:A>	14	46217	3.0291884E-4	-1.0	38.700195	TRUE		NaN	NaN	NaN	NaN	NaN	NaN	NaN	NaN	NaN
SPIKE	I139:>A	2	46217	4.327412E-5	-1.0	38.700195	TRUE		NaN	NaN	NaN	NaN	NaN	NaN	NaN	NaN	NaN
SPIKE	D139-143:ATTA>	3	46217	6.491118E-5	-1.0	38.700195	TRUE		NaN	NaN	NaN	NaN	NaN	NaN	NaN	NaN	NaN
SPIKE	S139:A>G	0	46217	0.0	-1.0	0.0	TRUE	A	9.277035E-5	45.0	0.0140186045	0.9858149	71.28928	0.09663395	0.09340106	154.0	0.0
SPIKE	S139:A>C	0	46217	0.0	-1.0	0.0	TRUE	A	6.154035E-4	744.0	0.026281843	0.9095802	45.500633	0.039260473	0.09213905	154.0	0.0
SPIKE	S139:A>T	0	46217	0.0	-1.0	0.0	TRUE	A	2.5794728E-4	70.0	0.035622843	0.96105474	12.591852	0.1765988	0.09798335	154.0	0.0
SPIKE	I140:>T	15	46217	3.245559E-4	-1.0	38.904366	TRUE		NaN	NaN	NaN	NaN	NaN	NaN	NaN	NaN	NaN
SPIKE	D140-142:TT>	2	46217	4.327412E-5	-1.0	38.904366	TRUE		NaN	NaN	NaN	NaN	NaN	NaN	NaN	NaN	NaN
SPIKE	I140:>GA	1	46217	2.163706E-5	-1.0	38.904366	TRUE		NaN	NaN	NaN	NaN	NaN	NaN	NaN	NaN	NaN
SPIKE	D140-143:TTA>	3	46217	6.491118E-5	-1.0	38.904366	TRUE		NaN	NaN	NaN	NaN	NaN	NaN	NaN	NaN	NaN
SPIKE	S140:T>G	2	46217	4.327412E-5	-1.0	39.0	TRUE	T	9.479951E-5	19.0	0.023066582	0.98550695	45.500633	0.236042	0.08876927	154.0	0.0
SPIKE	S140:T>C	3	46217	6.491118E-5	-1.0	37.333332	TRUE	T	4.353846E-5	17.0	0.013592974	0.9933175	71.28928	0.11999682	0.099939235	154.0	0.0
SPIKE	D140-141:T>	55	46217	0.0011900383	-1.0	38.904366	TRUE		NaN	NaN	NaN	NaN	NaN	NaN	NaN	NaN	NaN
SPIKE	S140:T>A	0	46217	0.0	-1.0	0.0	TRUE	T	2.3619967E-4	67.0	0.037600383	0.9642789	12.591852	0.1692976	0.108095326	154.0	0.0
SPIKE	I141:>AT	1	46209	2.1640806E-5	-1.0	39.109653	TRUE		NaN	NaN	NaN	NaN	NaN	NaN	NaN	NaN	NaN
SPIKE	S141:T>G	2	46209	4.3281612E-5	7.269987	38.0	TRUE	T	2.0460278E-4	41.0	0.023066582	0.9689824	45.492756	0.236042	0.08876927	154.0	0.0
SPIKE	S141:T>A	0	46209	0.0	-1.0	0.0	TRUE	T	3.138121E-4	89.0	0.037600383	0.9528221	12.589672	0.1692976	0.108095326	154.0	0.0
SPIKE	S141:T>C	0	46209	0.0	-1.0	0.0	TRUE	T	8.7092E-5	34.0	0.013592974	0.98667735	71.27694	0.11999682	0.099939235	154.0	0.0
SPIKE	S142:A>T	1	46199	2.164549E-5	4.2596874	39.0	TRUE	A	2.6173418E-4	71.0	0.035622843	0.96049446	12.586947	0.1765988	0.09798335	154.0	0.0
SPIKE	D142-143:A>	21	46199	4.545553E-4	-1.0	38.781055	TRUE		NaN	NaN	NaN	NaN	NaN	NaN	NaN	NaN	NaN
SPIKE	I142:>A	2	46199	4.329098E-5	-1.0	38.781055	TRUE		NaN	NaN	NaN	NaN	NaN	NaN	NaN	NaN	NaN
SPIKE	D142-144:AG>	6	46199	1.2987295E-4	-1.0	38.781055	TRUE		NaN	NaN	NaN	NaN	NaN	NaN	NaN	NaN	NaN
SPIKE	D142-145:AGC>	5	46199	1.08227454E-4	-1.0	38.781055	TRUE		NaN	NaN	NaN	NaN	NaN	NaN	NaN	NaN	NaN
SPIKE	I142:>CTGATT	1	46199	2.164549E-5	-1.0	38.781055	TRUE		NaN	NaN	NaN	NaN	NaN	NaN	NaN	NaN	NaN
SPIKE	S142:A>G	0	46199	0.0	-1.0	0.0	TRUE	A	3.7535073E-4	182.0	0.0140186045	0.9438349	71.26151	0.09663395	0.09340106	154.0	0.0
SPIKE	S142:A>C	0	46199	0.0	-1.0	0.0	TRUE	A	7.2818024E-5	88.0	0.026281843	0.9888487	45.48291	0.039260473	0.09213905	154.0	0.0
SPIKE	I143:>G	2	46192	4.329754E-5	-1.0	39.004177	TRUE		NaN	NaN	NaN	NaN	NaN	NaN	NaN	NaN	NaN
SPIKE	S143:G>A	18	46192	3.8967788E-4	55.434788	36.666668	TRUE	G	2.6645488E-4	108.0	0.01563368	0.9597964	55.60141	0.11577371	0.10292799	154.0	0.0
SPIKE	S143:G>T	1	46192	2.164877E-5	4.2596874	38.0	TRUE	G	9.814161E-5	4.0	0.030332208	0.98499984	19.80635	0.23604374	0.085591204	154.0	1.0
SPIKE	D143-144:G>	23	46192	4.979217E-4	-1.0	39.004177	TRUE		NaN	NaN	NaN	NaN	NaN	NaN	NaN	NaN	NaN
SPIKE	D143-145:GC>	3	46192	6.494631E-5	-1.0	39.004177	TRUE		NaN	NaN	NaN	NaN	NaN	NaN	NaN	NaN	NaN
SPIKE	S143:G>C	0	46192	0.0	-1.0	0.0	TRUE	G	8.0208643E-4	171.0	0.022307094	0.88380283	28.70977	0.22161001	0.10323503	154.0	0.0
SPIKE	I144:>C	26	46188	5.629168E-4	-1.0	39.079308	TRUE		NaN	NaN	NaN	NaN	NaN	NaN	NaN	NaN	NaN
SPIKE	I144:>AG	1	46188	2.1650645E-5	-1.0	39.079308	TRUE		NaN	NaN	NaN	NaN	NaN	NaN	NaN	NaN	NaN
SPIKE	S144:C>A	1	46188	2.1650645E-5	-1.0	37.0	TRUE	C	3.5939116E-5	26.0	0.035672527	0.99448067	19.804636	0.0662062	0.14100306	154.0	0.0
SPIKE	S144:C>T	21	46188	4.5466356E-4	64.46568	37.857143	TRUE	C	2.1205208E-4	79.0	0.012668252	0.9678714	55.596596	0.12556873	0.10358191	154.0	0.0
SPIKE	D144-145:C>	62	46188	0.00134234	-1.0	39.079308	TRUE		NaN	NaN	NaN	NaN	NaN	NaN	NaN	NaN	NaN
SPIKE	S144:C>G	0	46188	0.0	-1.0	0.0	TRUE	C	4.2410896E-4	95.0	0.013538141	0.93677443	28.707283	0.20902714	0.29222304	154.0	0.0
SPIKE	S145:C>T	16	46178	3.4648535E-4	49.41419	38.125	TRUE	C	1.771958E-4	66.0	0.012668252	0.9730808	55.584557	0.12556873	0.10358191	154.0	0.0
SPIKE	I145:>GTG	1	46178	2.1655334E-5	-1.0	39.1358	TRUE		NaN	NaN	NaN	NaN	NaN	NaN	NaN	NaN	NaN
SPIKE	S145:C>A	0	46178	0.0	-1.0	0.0	TRUE	C	2.9034034E-5	21.0	0.035672527	0.9955387	19.800348	0.0662062	0.14100306	154.0	0.0
SPIKE	S145:C>G	0	46178	0.0	-1.0	0.0	TRUE	C	2.3665938E-4	53.0	0.013538141	0.96421057	28.701069	0.20902714	0.29222304	154.0	0.0
SPIKE	S146:C>T	9	46156	1.949909E-4	20.808811	38.333332	TRUE	C	3.33072E-4	124.0	0.012668252	0.95000017	55.558075	0.12556873	0.10358191	154.0	0.0
SPIKE	S146:C>A	0	46156	0.0	-1.0	0.0	TRUE	C	6.362868E-5	46.0	0.035672527	0.99024904	19.790915	0.0662062	0.14100306	154.0	0.0
SPIKE	S146:C>G	0	46156	0.0	-1.0	0.0	TRUE	C	8.666756E-4	194.0	0.013538141	0.87505543	28.687395	0.20902714	0.29222304	154.0	0.0
SPIKE	S147:G>A	13	46122	2.8186114E-4	40.383286	37.23077	TRUE	G	1.5813884E-4	64.0	0.01563368	0.97594076	55.51715	0.11577371	0.10292799	154.0	0.0
SPIKE	S147:G>C	1	46122	2.1681626E-5	0.57991946	37.0	TRUE	G	6.858617E-4	146.0	0.022307094	0.89976406	28.666264	0.22161001	0.10323503	154.0	0.0
SPIKE	S147:G>T	0	46122	0.0	-1.0	0.0	TRUE	G	9.6770265E-4	195.0	0.030332208	0.8615465	19.776337	0.23604374	0.085591204	154.0	0.0
SPIKE	S148:T>G	2	46098	4.338583E-5	0.16423042	38.5	TRUE	T	0.0016257566	325.0	0.023066582	0.7785154	45.383476	0.236042	0.08876927	154.0	0.0
SPIKE	S148:T>C	3	46098	6.507875E-5	6.0206	36.0	TRUE	T	3.2352988E-4	126.0	0.013592974	0.95139724	71.10573	0.11999682	0.099939235	154.0	0.0
SPIKE	S148:T>A	0	46098	0.0	-1.0	0.0	TRUE	T	4.4390916E-5	5.0	0.037600383	0.9931871	12.55943	0.1692976	0.108095326	154.0	1.0
SPIKE	S149:G>A	13	46075	2.8214869E-4	40.383286	36.53846	TRUE	G	1.6077359E-4	65.0	0.01563368	0.97554487	55.460575	0.11577371	0.10292799	154.0	0.0
SPIKE	S149:G>T	1	46075	2.1703743E-5	0.3166301	40.0	TRUE	G	8.842399E-4	178.0	0.030332208	0.8726917	19.756184	0.23604374	0.085591204	154.0	0.0
SPIKE	S149:G>C	0	46075	0.0	-1.0	0.0	TRUE	G	9.451975E-4	201.0	0.022307094	0.86453766	28.63705	0.22161001	0.10323503	154.0	0.0
SPIKE	S150:C>A	0	46004	0.0	-1.0	0.0	TRUE	C	2.7375427E-5	9.0	0.035672527	0.99579304	19.725739	0.0662062	0.14100306	154.0	1.0
SPIKE	S150:C>G	0	46004	0.0	-1.0	0.0	TRUE	C	9.1436075E-4	204.0	0.013538141	0.868653	28.592922	0.20902714	0.29222304	154.0	0.0
SPIKE	S150:C>T	0	46004	0.0	-1.0	0.0	TRUE	C	7.6266786E-4	283.0	0.012668252	0.88918424	55.375114	0.12556873	0.10358191	154.0	0.0
SPIKE	S151:T>A	0	45943	0.0	-1.0	0.0	TRUE	T	4.4390916E-5	6.0	0.037600383	0.9931871	12.5172	0.1692976	0.108095326	154.0	1.0
SPIKE	S151:T>G	0	45943	0.0	-1.0	0.0	TRUE	T	0.0015208189	303.0	0.023066582	0.79119873	45.230877	0.236042	0.08876927	154.0	0.0
SPIKE	S151:T>C	0	45943	0.0	-1.0	0.0	TRUE	T	7.2653353E-4	282.0	0.013592974	0.894146	70.86664	0.11999682	0.099939235	154.0	0.0
SPIKE	S152:G>A	0	45884	0.0	-1.0	0.0	TRUE	G	1.5647536E-4	63.0	0.01563368	0.9761908	55.230667	0.11577371	0.10292799	154.0	0.0
SPIKE	S152:G>C	0	45884	0.0	-1.0	0.0	TRUE	G	1.3466501E-4	8.0	0.022307094	0.97947514	28.51834	0.22161001	0.10323503	154.0	1.0
SPIKE	S152:G>T	0	45884	0.0	-1.0	0.0	TRUE	G	6.933763E-4	139.0	0.030332208	0.8987234	19.674286	0.23604374	0.085591204	154.0	0.0
SPIKE	S153:G>A	0	45713	0.0	-1.0	0.0	TRUE	G	7.728384E-5	31.0	0.01563368	0.98816884	55.024837	0.11577371	0.10292799	154.0	0.0
SPIKE	S153:G>C	0	45713	0.0	-1.0	0.0	TRUE	G	1.3466501E-4	3.0	0.022307094	0.97947514	28.412056	0.22161001	0.10323503	154.0	1.0
SPIKE	S153:G>T	0	45713	0.0	-1.0	0.0	TRUE	G	9.814161E-5	8.0	0.030332208	0.98499984	19.600964	0.23604374	0.085591204	154.0	1.0
