#pipeline_block
reference	mutation	count	coverage	freq	score	cqs	has.reference	ancestral.allele	error.rate	minor.count.local	minor.fdr	minor.recall	minor.count.global	read.fraction.in.minors	q.filtered.read.fraction	mig.size	global.est
SPIKE	S0:T>A	0	1331	0.0	-1.0	0.0	TRUE	T	9.171696E-6	1.0	0.4160577	0.9593475	1.2950704	0.016142262	0.09962879	4525.0	1.0
SPIKE	S0:T>G	0	1331	0.0	-1.0	0.0	TRUE	T	8.097455E-4	0.0	0.20957895	0.025627265	52.07829	0.026182517	0.13453995	4525.0	1.0
SPIKE	S0:T>C	0	1331	0.0	-1.0	0.0	TRUE	T	1.2911779E-4	11.0	0.0977269	0.5575194	10.562439	0.017315436	0.10273263	4525.0	0.0
SPIKE	S1:A>G	0	1332	0.0	-1.0	0.0	TRUE	A	1.2097295E-4	14.0	0.0772093	0.5784503	10.5703745	0.012472723	0.08921043	4525.0	0.0
SPIKE	S1:A>C	0	1332	0.0	-1.0	0.0	TRUE	A	1.8679476E-4	0.0	0.010318397	0.42945158	52.117416	0.0048238137	0.08393078	4525.0	1.0
SPIKE	S1:A>T	0	1332	0.0	-1.0	0.0	TRUE	A	1.0182512E-5	1.0	0.425	0.9549695	1.2960434	0.018200014	0.12407763	4525.0	1.0
SPIKE	S2:G>A	0	1333	0.0	-1.0	0.0	TRUE	G	5.9700546E-5	9.0	0.11925544	0.7632688	6.936273	0.013026636	0.09915868	4525.0	1.0
SPIKE	S2:G>C	0	1333	0.0	-1.0	0.0	TRUE	G	1.14798146E-4	1.0	0.31392783	0.5948407	7.3422422	0.030378513	0.11923917	4525.0	1.0
SPIKE	S2:G>T	0	1333	0.0	-1.0	0.0	TRUE	G	2.5713722E-5	0.0	0.32921052	0.89015955	2.8334446	0.018034086	0.089933515	4525.0	1.0
SPIKE	S3:C>A	0	1334	0.0	-1.0	0.0	TRUE	C	2.0746003E-5	0.0	0.19478035	0.910396	2.83557	0.012120917	0.15026246	4525.0	1.0
SPIKE	S3:C>G	0	1334	0.0	-1.0	0.0	TRUE	C	0.0052794227	439.0	0.04839692	4.2166808E-11	7.34775	0.016858615	0.7363038	4525.0	0.0
SPIKE	S3:C>T	0	1334	0.0	-1.0	0.0	TRUE	C	1.8403708E-4	17.0	0.12688263	0.43484405	6.9414763	0.016540157	0.09643103	4525.0	0.0
SPIKE	S4:G>A	2	1334	0.0014992504	-1.0	40.0	TRUE	G	1.118072E-4	13.0	0.11925544	0.60294604	6.9414763	0.013026636	0.09915868	4525.0	0.0
SPIKE	S4:G>C	0	1334	0.0	-1.0	0.0	TRUE	G	1.14798146E-4	3.0	0.31392783	0.5948407	7.34775	0.030378513	0.11923917	4525.0	1.0
SPIKE	S4:G>T	0	1334	0.0	-1.0	0.0	TRUE	G	2.5713722E-5	1.0	0.32921052	0.89015955	2.83557	0.018034086	0.089933515	4525.0	1.0
SPIKE	S5:T>A	0	1335	0.0	-1.0	0.0	TRUE	T	9.171696E-6	0.0	0.4160577	0.9593475	1.2989625	0.016142262	0.09962879	4525.0	1.0
SPIKE	S5:T>G	0	1335	0.0	-1.0	0.0	TRUE	T	8.097455E-4	5.0	0.20957895	0.025627265	52.2348	0.026182517	0.13453995	4525.0	1.0
SPIKE	S5:T>C	0	1335	0.0	-1.0	0.0	TRUE	T	1.8724496E-4	16.0	0.0977269	0.4285776	10.594182	0.017315436	0.10273263	4525.0	0.0
SPIKE	S6:G>A	1	1335	7.490637E-4	-1.0	40.0	TRUE	G	5.9700546E-5	7.0	0.11925544	0.7632688	6.94668	0.013026636	0.09915868	4525.0	1.0
SPIKE	S6:G>C	0	1335	0.0	-1.0	0.0	TRUE	G	1.14798146E-4	0.0	0.31392783	0.5948407	7.353258	0.030378513	0.11923917	4525.0	1.0
SPIKE	S6:G>T	0	1335	0.0	-1.0	0.0	TRUE	G	2.5713722E-5	4.0	0.32921052	0.89015955	2.8376958	0.018034086	0.089933515	4525.0	1.0
SPIKE	D7-8:A>	1	1335	7.490637E-4	-1.0	40.0	TRUE		NaN	NaN	NaN	NaN	NaN	NaN	NaN	NaN	NaN
SPIKE	S7:A>G	0	1335	0.0	-1.0	0.0	TRUE	A	9.133782E-5	9.0	0.0772093	0.6614614	10.594182	0.012472723	0.08921043	4525.0	1.0
SPIKE	S7:A>C	0	1335	0.0	-1.0	0.0	TRUE	A	1.8679476E-4	0.0	0.010318397	0.42945158	52.2348	0.0048238137	0.08393078	4525.0	1.0
SPIKE	S7:A>T	0	1335	0.0	-1.0	0.0	TRUE	A	1.0182512E-5	0.0	0.425	0.9549695	1.2989625	0.018200014	0.12407763	4525.0	1.0
SPIKE	S8:A>G	0	1335	0.0	-1.0	0.0	TRUE	A	1.2070111E-4	14.0	0.0772093	0.5791623	10.594182	0.012472723	0.08921043	4525.0	0.0
SPIKE	S8:A>C	0	1335	0.0	-1.0	0.0	TRUE	A	1.8679476E-4	2.0	0.010318397	0.42945158	52.2348	0.0048238137	0.08393078	4525.0	1.0
SPIKE	S8:A>T	0	1335	0.0	-1.0	0.0	TRUE	A	1.0182512E-5	0.0	0.425	0.9549695	1.2989625	0.018200014	0.12407763	4525.0	1.0
SPIKE	S9:G>A	1	1335	7.490637E-4	-1.0	40.0	TRUE	G	8.5941116E-5	10.0	0.11925544	0.6778132	6.94668	0.013026636	0.09915868	4525.0	0.0
SPIKE	S9:G>C	0	1335	0.0	-1.0	0.0	TRUE	G	1.14798146E-4	0.0	0.31392783	0.5948407	7.353258	0.030378513	0.11923917	4525.0	1.0
SPIKE	S9:G>T	0	1335	0.0	-1.0	0.0	TRUE	G	2.5713722E-5	0.0	0.32921052	0.89015955	2.8376958	0.018034086	0.089933515	4525.0	1.0
SPIKE	S10:A>G	0	1335	0.0	-1.0	0.0	TRUE	A	1.120796E-4	13.0	0.0772093	0.6022033	10.594182	0.012472723	0.08921043	4525.0	0.0
SPIKE	S10:A>C	0	1335	0.0	-1.0	0.0	TRUE	A	1.8679476E-4	2.0	0.010318397	0.42945158	52.2348	0.0048238137	0.08393078	4525.0	1.0
SPIKE	S10:A>T	0	1335	0.0	-1.0	0.0	TRUE	A	1.0182512E-5	0.0	0.425	0.9549695	1.2989625	0.018200014	0.12407763	4525.0	1.0
SPIKE	S11:C>A	0	1335	0.0	-1.0	0.0	TRUE	C	2.0746003E-5	3.0	0.19478035	0.910396	2.8376958	0.012120917	0.15026246	4525.0	1.0
SPIKE	S11:C>G	0	1335	0.0	-1.0	0.0	TRUE	C	8.836419E-5	1.0	0.04839692	0.67042196	7.353258	0.016858615	0.7363038	4525.0	1.0
SPIKE	S11:C>T	0	1335	0.0	-1.0	0.0	TRUE	C	1.0817602E-4	10.0	0.12688263	0.61293495	6.94668	0.016540157	0.09643103	4525.0	0.0
SPIKE	D12-13:G>	1	1335	7.490637E-4	-1.0	39.970036	TRUE		NaN	NaN	NaN	NaN	NaN	NaN	NaN	NaN	NaN
SPIKE	S12:G>A	0	1335	0.0	-1.0	0.0	TRUE	G	8.5941116E-5	10.0	0.11925544	0.6778132	6.94668	0.013026636	0.09915868	4525.0	0.0
SPIKE	S12:G>C	0	1335	0.0	-1.0	0.0	TRUE	G	1.14798146E-4	3.0	0.31392783	0.5948407	7.353258	0.030378513	0.11923917	4525.0	1.0
SPIKE	S12:G>T	0	1335	0.0	-1.0	0.0	TRUE	G	2.5713722E-5	1.0	0.32921052	0.89015955	2.8376958	0.018034086	0.089933515	4525.0	1.0
SPIKE	S13:A>G	0	1335	0.0	-1.0	0.0	TRUE	A	4.483184E-4	52.0	0.0772093	0.13151416	10.594182	0.012472723	0.08921043	4525.0	0.0
SPIKE	S13:A>C	0	1335	0.0	-1.0	0.0	TRUE	A	1.8679476E-4	5.0	0.010318397	0.42945158	52.2348	0.0048238137	0.08393078	4525.0	1.0
SPIKE	S13:A>T	0	1335	0.0	-1.0	0.0	TRUE	A	1.0182512E-5	2.0	0.425	0.9549695	1.2989625	0.018200014	0.12407763	4525.0	1.0
SPIKE	S14:C>A	0	1335	0.0	-1.0	0.0	TRUE	C	2.0746003E-5	4.0	0.19478035	0.910396	2.8376958	0.012120917	0.15026246	4525.0	1.0
SPIKE	S14:C>G	0	1335	0.0	-1.0	0.0	TRUE	C	8.836419E-5	0.0	0.04839692	0.67042196	7.353258	0.016858615	0.7363038	4525.0	1.0
SPIKE	S14:C>T	0	1335	0.0	-1.0	0.0	TRUE	C	7.514642E-5	5.0	0.12688263	0.7117436	6.94668	0.016540157	0.09643103	4525.0	1.0
SPIKE	S15:A>G	0	1335	0.0	-1.0	0.0	TRUE	A	1.3794412E-4	16.0	0.0772093	0.5356913	10.594182	0.012472723	0.08921043	4525.0	0.0
SPIKE	S15:A>C	0	1335	0.0	-1.0	0.0	TRUE	A	1.8679476E-4	6.0	0.010318397	0.42945158	52.2348	0.0048238137	0.08393078	4525.0	1.0
SPIKE	S15:A>T	0	1335	0.0	-1.0	0.0	TRUE	A	1.0182512E-5	0.0	0.425	0.9549695	1.2989625	0.018200014	0.12407763	4525.0	1.0
SPIKE	S16:G>A	0	1335	0.0	-1.0	0.0	TRUE	G	5.9700546E-5	8.0	0.11925544	0.7632688	6.94668	0.013026636	0.09915868	4525.0	1.0
SPIKE	S16:G>C	0	1335	0.0	-1.0	0.0	TRUE	G	1.14798146E-4	0.0	0.31392783	0.5948407	7.353258	0.030378513	0.11923917	4525.0	1.0
SPIKE	S16:G>T	0	1335	0.0	-1.0	0.0	TRUE	G	2.5713722E-5	0.0	0.32921052	0.89015955	2.8376958	0.018034086	0.089933515	4525.0	1.0
SPIKE	S17:A>G	0	1335	0.0	-1.0	0.0	TRUE	A	4.396969E-4	51.0	0.0772093	0.13674623	10.594182	0.012472723	0.08921043	4525.0	0.0
SPIKE	S17:A>C	0	1335	0.0	-1.0	0.0	TRUE	A	1.8679476E-4	0.0	0.010318397	0.42945158	52.2348	0.0048238137	0.08393078	4525.0	1.0
SPIKE	S17:A>T	0	1335	0.0	-1.0	0.0	TRUE	A	1.0182512E-5	0.0	0.425	0.9549695	1.2989625	0.018200014	0.12407763	4525.0	1.0
SPIKE	S18:A>G	0	1335	0.0	-1.0	0.0	TRUE	A	1.120796E-4	13.0	0.0772093	0.6022033	10.594182	0.012472723	0.08921043	4525.0	0.0
SPIKE	S18:A>C	0	1335	0.0	-1.0	0.0	TRUE	A	1.8679476E-4	2.0	0.010318397	0.42945158	52.2348	0.0048238137	0.08393078	4525.0	1.0
SPIKE	S18:A>T	0	1335	0.0	-1.0	0.0	TRUE	A	1.0182512E-5	0.0	0.425	0.9549695	1.2989625	0.018200014	0.12407763	4525.0	1.0
SPIKE	S19:C>A	0	1335	0.0	-1.0	0.0	TRUE	C	2.0746003E-5	3.0	0.19478035	0.910396	2.8376958	0.012120917	0.15026246	4525.0	1.0
SPIKE	S19:C>G	0	1335	0.0	-1.0	0.0	TRUE	C	8.836419E-5	0.0	0.04839692	0.67042196	7.353258	0.016858615	0.7363038	4525.0	1.0
SPIKE	S19:C>T	0	1335	0.0	-1.0	0.0	TRUE	C	7.514642E-5	6.0	0.12688263	0.7117436	6.94668	0.016540157	0.09643103	4525.0	1.0
SPIKE	S20:C>A	0	1335	0.0	-1.0	0.0	TRUE	C	2.0746003E-5	1.0	0.19478035	0.910396	2.8376958	0.012120917	0.15026246	4525.0	1.0
SPIKE	S20:C>G	0	1335	0.0	-1.0	0.0	TRUE	C	8.836419E-5	0.0	0.04839692	0.67042196	7.353258	0.016858615	0.7363038	4525.0	1.0
SPIKE	S20:C>T	0	1335	0.0	-1.0	0.0	TRUE	C	7.514642E-5	5.0	0.12688263	0.7117436	6.94668	0.016540157	0.09643103	4525.0	1.0
SPIKE	S21:A>G	0	1335	0.0	-1.0	0.0	TRUE	A	1.120796E-4	13.0	0.0772093	0.6022033	10.594182	0.012472723	0.08921043	4525.0	0.0
SPIKE	S21:A>C	0	1335	0.0	-1.0	0.0	TRUE	A	1.8679476E-4	4.0	0.010318397	0.42945158	52.2348	0.0048238137	0.08393078	4525.0	1.0
SPIKE	S21:A>T	0	1335	0.0	-1.0	0.0	TRUE	A	1.0182512E-5	1.0	0.425	0.9549695	1.2989625	0.018200014	0.12407763	4525.0	1.0
SPIKE	S22:A>G	1335	1335	1.0	-1.0	40.0	FALSE	G	9.133782E-5	0.0	0.0772093	0.6614614	10.594182	0.012472723	0.08921043	4525.0	1.0
SPIKE	S22:A>C	0	1335	0.0	-1.0	0.0	FALSE	G	1.8679476E-4	0.0	0.010318397	0.42945158	52.2348	0.0048238137	0.08393078	4525.0	1.0
SPIKE	S22:A>T	0	1335	0.0	-1.0	0.0	FALSE	G	1.0182512E-5	0.0	0.425	0.9549695	1.2989625	0.018200014	0.12407763	4525.0	1.0
SPIKE	S23:A>G	0	1335	0.0	-1.0	0.0	TRUE	A	9.133782E-5	4.0	0.0772093	0.6614614	10.594182	0.012472723	0.08921043	4525.0	1.0
SPIKE	S23:A>C	0	1335	0.0	-1.0	0.0	TRUE	A	1.8679476E-4	0.0	0.010318397	0.42945158	52.2348	0.0048238137	0.08393078	4525.0	1.0
SPIKE	S23:A>T	0	1335	0.0	-1.0	0.0	TRUE	A	1.0182512E-5	0.0	0.425	0.9549695	1.2989625	0.018200014	0.12407763	4525.0	1.0
SPIKE	S24:A>G	0	1335	0.0	-1.0	0.0	TRUE	A	9.133782E-5	0.0	0.0772093	0.6614614	10.594182	0.012472723	0.08921043	4525.0	1.0
SPIKE	S24:A>C	0	1335	0.0	-1.0	0.0	TRUE	A	1.8679476E-4	1.0	0.010318397	0.42945158	52.2348	0.0048238137	0.08393078	4525.0	1.0
SPIKE	S24:A>T	0	1335	0.0	-1.0	0.0	TRUE	A	1.0182512E-5	0.0	0.425	0.9549695	1.2989625	0.018200014	0.12407763	4525.0	1.0
SPIKE	S25:A>C	1335	1335	1.0	-1.0	40.0	FALSE	C	1.8679476E-4	0.0	0.010318397	0.42945158	52.2348	0.0048238137	0.08393078	4525.0	1.0
SPIKE	S25:A>G	0	1335	0.0	-1.0	0.0	FALSE	C	9.133782E-5	0.0	0.0772093	0.6614614	10.594182	0.012472723	0.08921043	4525.0	1.0
SPIKE	S25:A>T	0	1335	0.0	-1.0	0.0	FALSE	C	1.0182512E-5	1.0	0.425	0.9549695	1.2989625	0.018200014	0.12407763	4525.0	1.0
SPIKE	S26:T>A	0	1335	0.0	-1.0	0.0	TRUE	T	9.171696E-6	1.0	0.4160577	0.9593475	1.2989625	0.016142262	0.09962879	4525.0	1.0
SPIKE	S26:T>G	0	1335	0.0	-1.0	0.0	TRUE	T	8.097455E-4	2.0	0.20957895	0.025627265	52.2348	0.026182517	0.13453995	4525.0	1.0
SPIKE	S26:T>C	0	1335	0.0	-1.0	0.0	TRUE	T	1.5213653E-4	13.0	0.0977269	0.5023703	10.594182	0.017315436	0.10273263	4525.0	0.0
SPIKE	S27:G>A	0	1335	0.0	-1.0	0.0	TRUE	G	5.9700546E-5	5.0	0.11925544	0.7632688	6.94668	0.013026636	0.09915868	4525.0	1.0
SPIKE	S27:G>C	0	1335	0.0	-1.0	0.0	TRUE	G	1.14798146E-4	0.0	0.31392783	0.5948407	7.353258	0.030378513	0.11923917	4525.0	1.0
SPIKE	S27:G>T	0	1335	0.0	-1.0	0.0	TRUE	G	2.5713722E-5	3.0	0.32921052	0.89015955	2.8376958	0.018034086	0.089933515	4525.0	1.0
SPIKE	S28:G>A	0	1335	0.0	-1.0	0.0	TRUE	G	5.9700546E-5	5.0	0.11925544	0.7632688	6.94668	0.013026636	0.09915868	4525.0	1.0
SPIKE	S28:G>C	0	1335	0.0	-1.0	0.0	TRUE	G	1.14798146E-4	0.0	0.31392783	0.5948407	7.353258	0.030378513	0.11923917	4525.0	1.0
SPIKE	S28:G>T	0	1335	0.0	-1.0	0.0	TRUE	G	2.5713722E-5	0.0	0.32921052	0.89015955	2.8376958	0.018034086	0.089933515	4525.0	1.0
SPIKE	S29:G>A	0	1335	0.0	-1.0	0.0	TRUE	G	5.9700546E-5	5.0	0.11925544	0.7632688	6.94668	0.013026636	0.09915868	4525.0	1.0
SPIKE	S29:G>C	0	1335	0.0	-1.0	0.0	TRUE	G	1.14798146E-4	0.0	0.31392783	0.5948407	7.353258	0.030378513	0.11923917	4525.0	1.0
SPIKE	S29:G>T	0	1335	0.0	-1.0	0.0	TRUE	G	2.5713722E-5	0.0	0.32921052	0.89015955	2.8376958	0.018034086	0.089933515	4525.0	1.0
SPIKE	S30:A>G	0	1335	0.0	-1.0	0.0	TRUE	A	1.3794412E-4	16.0	0.0772093	0.5356913	10.594182	0.012472723	0.08921043	4525.0	0.0
SPIKE	S30:A>C	0	1335	0.0	-1.0	0.0	TRUE	A	1.8679476E-4	0.0	0.010318397	0.42945158	52.2348	0.0048238137	0.08393078	4525.0	1.0
SPIKE	S30:A>T	0	1335	0.0	-1.0	0.0	TRUE	A	1.0182512E-5	1.0	0.425	0.9549695	1.2989625	0.018200014	0.12407763	4525.0	1.0
SPIKE	S31:T>A	0	1335	0.0	-1.0	0.0	TRUE	T	9.171696E-6	3.0	0.4160577	0.9593475	1.2989625	0.016142262	0.09962879	4525.0	1.0
SPIKE	S31:T>G	0	1335	0.0	-1.0	0.0	TRUE	T	8.097455E-4	0.0	0.20957895	0.025627265	52.2348	0.026182517	0.13453995	4525.0	1.0
SPIKE	S31:T>C	0	1335	0.0	-1.0	0.0	TRUE	T	1.170281E-4	10.0	0.0977269	0.5888686	10.594182	0.017315436	0.10273263	4525.0	0.0
SPIKE	S32:C>A	1	1335	7.490637E-4	-1.0	40.0	TRUE	C	2.0746003E-5	0.0	0.19478035	0.910396	2.8376958	0.012120917	0.15026246	4525.0	1.0
SPIKE	S32:C>G	0	1335	0.0	-1.0	0.0	TRUE	C	8.836419E-5	0.0	0.04839692	0.67042196	7.353258	0.016858615	0.7363038	4525.0	1.0
SPIKE	S32:C>T	0	1335	0.0	-1.0	0.0	TRUE	C	7.514642E-5	5.0	0.12688263	0.7117436	6.94668	0.016540157	0.09643103	4525.0	1.0
SPIKE	S33:C>A	0	1335	0.0	-1.0	0.0	TRUE	C	2.0746003E-5	1.0	0.19478035	0.910396	2.8376958	0.012120917	0.15026246	4525.0	1.0
SPIKE	S33:C>G	0	1335	0.0	-1.0	0.0	TRUE	C	8.836419E-5	0.0	0.04839692	0.67042196	7.353258	0.016858615	0.7363038	4525.0	1.0
SPIKE	S33:C>T	0	1335	0.0	-1.0	0.0	TRUE	C	7.514642E-5	4.0	0.12688263	0.7117436	6.94668	0.016540157	0.09643103	4525.0	1.0
SPIKE	S34:A>G	0	1335	0.0	-1.0	0.0	TRUE	A	9.133782E-5	3.0	0.0772093	0.6614614	10.594182	0.012472723	0.08921043	4525.0	1.0
SPIKE	S34:A>C	0	1335	0.0	-1.0	0.0	TRUE	A	1.8679476E-4	4.0	0.010318397	0.42945158	52.2348	0.0048238137	0.08393078	4525.0	1.0
SPIKE	S34:A>T	0	1335	0.0	-1.0	0.0	TRUE	A	1.0182512E-5	1.0	0.425	0.9549695	1.2989625	0.018200014	0.12407763	4525.0	1.0
SPIKE	S35:T>A	0	1335	0.0	-1.0	0.0	TRUE	T	9.171696E-6	5.0	0.4160577	0.9593475	1.2989625	0.016142262	0.09962879	4525.0	1.0
SPIKE	S35:T>G	0	1335	0.0	-1.0	0.0	TRUE	T	8.097455E-4	2.0	0.20957895	0.025627265	52.2348	0.026182517	0.13453995	4525.0	1.0
SPIKE	S35:T>C	0	1335	0.0	-1.0	0.0	TRUE	T	1.239817E-4	9.0	0.0977269	0.57062835	10.594182	0.017315436	0.10273263	4525.0	1.0
SPIKE	S36:T>A	0	1335	0.0	-1.0	0.0	TRUE	T	9.171696E-6	1.0	0.4160577	0.9593475	1.2989625	0.016142262	0.09962879	4525.0	1.0
SPIKE	S36:T>G	0	1335	0.0	-1.0	0.0	TRUE	T	8.097455E-4	0.0	0.20957895	0.025627265	52.2348	0.026182517	0.13453995	4525.0	1.0
SPIKE	S36:T>C	0	1335	0.0	-1.0	0.0	TRUE	T	1.239817E-4	0.0	0.0977269	0.57062835	10.594182	0.017315436	0.10273263	4525.0	1.0
SPIKE	S37:A>G	0	1335	0.0	-1.0	0.0	TRUE	A	9.133782E-5	0.0	0.0772093	0.6614614	10.594182	0.012472723	0.08921043	4525.0	1.0
SPIKE	S37:A>C	0	1335	0.0	-1.0	0.0	TRUE	A	1.8679476E-4	0.0	0.010318397	0.42945158	52.2348	0.0048238137	0.08393078	4525.0	1.0
SPIKE	S37:A>T	0	1335	0.0	-1.0	0.0	TRUE	A	1.0182512E-5	4.0	0.425	0.9549695	1.2989625	0.018200014	0.12407763	4525.0	1.0
SPIKE	S38:T>A	0	1335	0.0	-1.0	0.0	TRUE	T	9.171696E-6	3.0	0.4160577	0.9593475	1.2989625	0.016142262	0.09962879	4525.0	1.0
SPIKE	S38:T>G	0	1335	0.0	-1.0	0.0	TRUE	T	8.097455E-4	0.0	0.20957895	0.025627265	52.2348	0.026182517	0.13453995	4525.0	1.0
SPIKE	S38:T>C	0	1335	0.0	-1.0	0.0	TRUE	T	1.239817E-4	4.0	0.0977269	0.57062835	10.594182	0.017315436	0.10273263	4525.0	1.0
SPIKE	S39:C>A	0	1335	0.0	-1.0	0.0	TRUE	C	2.0746003E-5	0.0	0.19478035	0.910396	2.8376958	0.012120917	0.15026246	4525.0	1.0
SPIKE	S39:C>G	0	1335	0.0	-1.0	0.0	TRUE	C	8.836419E-5	1.0	0.04839692	0.67042196	7.353258	0.016858615	0.7363038	4525.0	1.0
SPIKE	S39:C>T	0	1335	0.0	-1.0	0.0	TRUE	C	1.0817602E-4	10.0	0.12688263	0.61293495	6.94668	0.016540157	0.09643103	4525.0	0.0
SPIKE	S40:G>A	0	1335	0.0	-1.0	0.0	TRUE	G	5.9700546E-5	9.0	0.11925544	0.7632688	6.94668	0.013026636	0.09915868	4525.0	1.0
SPIKE	S40:G>C	0	1335	0.0	-1.0	0.0	TRUE	G	1.14798146E-4	3.0	0.31392783	0.5948407	7.353258	0.030378513	0.11923917	4525.0	1.0
SPIKE	S40:G>T	0	1335	0.0	-1.0	0.0	TRUE	G	2.5713722E-5	0.0	0.32921052	0.89015955	2.8376958	0.018034086	0.089933515	4525.0	1.0
SPIKE	S41:G>A	1	1335	7.490637E-4	-1.0	40.0	TRUE	G	5.9700546E-5	9.0	0.11925544	0.7632688	6.94668	0.013026636	0.09915868	4525.0	1.0
SPIKE	S41:G>C	0	1335	0.0	-1.0	0.0	TRUE	G	1.14798146E-4	1.0	0.31392783	0.5948407	7.353258	0.030378513	0.11923917	4525.0	1.0
SPIKE	S41:G>T	0	1335	0.0	-1.0	0.0	TRUE	G	2.5713722E-5	0.0	0.32921052	0.89015955	2.8376958	0.018034086	0.089933515	4525.0	1.0
SPIKE	S42:C>A	0	1335	0.0	-1.0	0.0	TRUE	C	2.0746003E-5	0.0	0.19478035	0.910396	2.8376958	0.012120917	0.15026246	4525.0	1.0
SPIKE	S42:C>G	0	1335	0.0	-1.0	0.0	TRUE	C	8.836419E-5	5.0	0.04839692	0.67042196	7.353258	0.016858615	0.7363038	4525.0	1.0
SPIKE	S42:C>T	0	1335	0.0	-1.0	0.0	TRUE	C	7.514642E-5	8.0	0.12688263	0.7117436	6.94668	0.016540157	0.09643103	4525.0	1.0
SPIKE	S43:G>A	0	1335	0.0	-1.0	0.0	TRUE	G	5.9700546E-5	4.0	0.11925544	0.7632688	6.94668	0.013026636	0.09915868	4525.0	1.0
SPIKE	S43:G>C	0	1335	0.0	-1.0	0.0	TRUE	G	1.14798146E-4	3.0	0.31392783	0.5948407	7.353258	0.030378513	0.11923917	4525.0	1.0
SPIKE	S43:G>T	0	1335	0.0	-1.0	0.0	TRUE	G	2.5713722E-5	0.0	0.32921052	0.89015955	2.8376958	0.018034086	0.089933515	4525.0	1.0
SPIKE	S44:G>A	0	1335	0.0	-1.0	0.0	TRUE	G	5.9700546E-5	6.0	0.11925544	0.7632688	6.94668	0.013026636	0.09915868	4525.0	1.0
SPIKE	S44:G>C	0	1335	0.0	-1.0	0.0	TRUE	G	1.14798146E-4	0.0	0.31392783	0.5948407	7.353258	0.030378513	0.11923917	4525.0	1.0
SPIKE	S44:G>T	0	1335	0.0	-1.0	0.0	TRUE	G	2.5713722E-5	0.0	0.32921052	0.89015955	2.8376958	0.018034086	0.089933515	4525.0	1.0
SPIKE	S45:C>T	1	1335	7.490637E-4	-1.0	40.0	TRUE	C	7.514642E-5	5.0	0.12688263	0.7117436	6.94668	0.016540157	0.09643103	4525.0	1.0
SPIKE	S45:C>A	0	1335	0.0	-1.0	0.0	TRUE	C	2.0746003E-5	0.0	0.19478035	0.910396	2.8376958	0.012120917	0.15026246	4525.0	1.0
SPIKE	S45:C>G	0	1335	0.0	-1.0	0.0	TRUE	C	8.836419E-5	4.0	0.04839692	0.67042196	7.353258	0.016858615	0.7363038	4525.0	1.0
SPIKE	S46:G>A	0	1335	0.0	-1.0	0.0	TRUE	G	5.9700546E-5	7.0	0.11925544	0.7632688	6.94668	0.013026636	0.09915868	4525.0	1.0
SPIKE	S46:G>C	0	1335	0.0	-1.0	0.0	TRUE	G	1.14798146E-4	3.0	0.31392783	0.5948407	7.353258	0.030378513	0.11923917	4525.0	1.0
SPIKE	S46:G>T	0	1335	0.0	-1.0	0.0	TRUE	G	2.5713722E-5	0.0	0.32921052	0.89015955	2.8376958	0.018034086	0.089933515	4525.0	1.0
SPIKE	S47:A>G	0	1335	0.0	-1.0	0.0	TRUE	A	9.133782E-5	4.0	0.0772093	0.6614614	10.594182	0.012472723	0.08921043	4525.0	1.0
SPIKE	S47:A>C	0	1335	0.0	-1.0	0.0	TRUE	A	1.8679476E-4	0.0	0.010318397	0.42945158	52.2348	0.0048238137	0.08393078	4525.0	1.0
SPIKE	S47:A>T	0	1335	0.0	-1.0	0.0	TRUE	A	1.0182512E-5	0.0	0.425	0.9549695	1.2989625	0.018200014	0.12407763	4525.0	1.0
SPIKE	S48:A>G	0	1335	0.0	-1.0	0.0	TRUE	A	9.133782E-5	0.0	0.0772093	0.6614614	10.594182	0.012472723	0.08921043	4525.0	1.0
SPIKE	S48:A>C	0	1335	0.0	-1.0	0.0	TRUE	A	1.8679476E-4	0.0	0.010318397	0.42945158	52.2348	0.0048238137	0.08393078	4525.0	1.0
SPIKE	S48:A>T	0	1335	0.0	-1.0	0.0	TRUE	A	1.0182512E-5	0.0	0.425	0.9549695	1.2989625	0.018200014	0.12407763	4525.0	1.0
SPIKE	S49:T>A	0	1335	0.0	-1.0	0.0	TRUE	T	9.171696E-6	3.0	0.4160577	0.9593475	1.2989625	0.016142262	0.09962879	4525.0	1.0
SPIKE	S49:T>G	0	1335	0.0	-1.0	0.0	TRUE	T	8.097455E-4	0.0	0.20957895	0.025627265	52.2348	0.026182517	0.13453995	4525.0	1.0
SPIKE	S49:T>C	0	1335	0.0	-1.0	0.0	TRUE	T	1.239817E-4	1.0	0.0977269	0.57062835	10.594182	0.017315436	0.10273263	4525.0	1.0
SPIKE	S50:T>A	0	1335	0.0	-1.0	0.0	TRUE	T	9.171696E-6	0.0	0.4160577	0.9593475	1.2989625	0.016142262	0.09962879	4525.0	1.0
SPIKE	S50:T>G	0	1335	0.0	-1.0	0.0	TRUE	T	8.097455E-4	0.0	0.20957895	0.025627265	52.2348	0.026182517	0.13453995	4525.0	1.0
SPIKE	S50:T>C	0	1335	0.0	-1.0	0.0	TRUE	T	1.239817E-4	1.0	0.0977269	0.57062835	10.594182	0.017315436	0.10273263	4525.0	1.0
SPIKE	S51:T>A	0	1335	0.0	-1.0	0.0	TRUE	T	9.171696E-6	0.0	0.4160577	0.9593475	1.2989625	0.016142262	0.09962879	4525.0	1.0
SPIKE	S51:T>G	0	1335	0.0	-1.0	0.0	TRUE	T	8.097455E-4	0.0	0.20957895	0.025627265	52.2348	0.026182517	0.13453995	4525.0	1.0
SPIKE	S51:T>C	0	1335	0.0	-1.0	0.0	TRUE	T	1.239817E-4	1.0	0.0977269	0.57062835	10.594182	0.017315436	0.10273263	4525.0	1.0
SPIKE	S52:A>G	1	1335	7.490637E-4	-1.0	40.0	TRUE	A	9.133782E-5	4.0	0.0772093	0.6614614	10.594182	0.012472723	0.08921043	4525.0	1.0
SPIKE	S52:A>C	0	1335	0.0	-1.0	0.0	TRUE	A	1.8679476E-4	8.0	0.010318397	0.42945158	52.2348	0.0048238137	0.08393078	4525.0	1.0
SPIKE	S52:A>T	0	1335	0.0	-1.0	0.0	TRUE	A	1.0182512E-5	3.0	0.425	0.9549695	1.2989625	0.018200014	0.12407763	4525.0	1.0
SPIKE	S53:C>A	0	1335	0.0	-1.0	0.0	TRUE	C	2.0746003E-5	2.0	0.19478035	0.910396	2.8376958	0.012120917	0.15026246	4525.0	1.0
SPIKE	S53:C>G	0	1335	0.0	-1.0	0.0	TRUE	C	8.836419E-5	0.0	0.04839692	0.67042196	7.353258	0.016858615	0.7363038	4525.0	1.0
SPIKE	S53:C>T	0	1335	0.0	-1.0	0.0	TRUE	C	7.514642E-5	2.0	0.12688263	0.7117436	6.94668	0.016540157	0.09643103	4525.0	1.0
SPIKE	S54:C>A	0	1335	0.0	-1.0	0.0	TRUE	C	2.0746003E-5	0.0	0.19478035	0.910396	2.8376958	0.012120917	0.15026246	4525.0	1.0
SPIKE	S54:C>G	0	1335	0.0	-1.0	0.0	TRUE	C	8.836419E-5	0.0	0.04839692	0.67042196	7.353258	0.016858615	0.7363038	4525.0	1.0
SPIKE	S54:C>T	0	1335	0.0	-1.0	0.0	TRUE	C	7.514642E-5	8.0	0.12688263	0.7117436	6.94668	0.016540157	0.09643103	4525.0	1.0
SPIKE	S55:A>G	0	1335	0.0	-1.0	0.0	TRUE	A	3.7934634E-4	44.0	0.0772093	0.1796864	10.594182	0.012472723	0.08921043	4525.0	0.0
SPIKE	S55:A>C	0	1335	0.0	-1.0	0.0	TRUE	A	1.0012967E-4	28.0	0.010318397	0.635663	52.2348	0.0048238137	0.08393078	4525.0	0.0
SPIKE	S55:A>T	0	1335	0.0	-1.0	0.0	TRUE	A	1.0182512E-5	0.0	0.425	0.9549695	1.2989625	0.018200014	0.12407763	4525.0	1.0
SPIKE	S56:C>A	0	1335	0.0	-1.0	0.0	TRUE	C	2.0746003E-5	3.0	0.19478035	0.910396	2.8376958	0.012120917	0.15026246	4525.0	1.0
SPIKE	S56:C>G	0	1335	0.0	-1.0	0.0	TRUE	C	8.836419E-5	0.0	0.04839692	0.67042196	7.353258	0.016858615	0.7363038	4525.0	1.0
SPIKE	S56:C>T	0	1335	0.0	-1.0	0.0	TRUE	C	7.514642E-5	7.0	0.12688263	0.7117436	6.94668	0.016540157	0.09643103	4525.0	1.0
SPIKE	S57:C>A	0	1335	0.0	-1.0	0.0	TRUE	C	2.0746003E-5	1.0	0.19478035	0.910396	2.8376958	0.012120917	0.15026246	4525.0	1.0
SPIKE	S57:C>G	0	1335	0.0	-1.0	0.0	TRUE	C	8.836419E-5	0.0	0.04839692	0.67042196	7.353258	0.016858615	0.7363038	4525.0	1.0
SPIKE	S57:C>T	0	1335	0.0	-1.0	0.0	TRUE	C	7.514642E-5	5.0	0.12688263	0.7117436	6.94668	0.016540157	0.09643103	4525.0	1.0
SPIKE	S58:A>G	0	1335	0.0	-1.0	0.0	TRUE	A	9.133782E-5	7.0	0.0772093	0.6614614	10.594182	0.012472723	0.08921043	4525.0	1.0
SPIKE	S58:A>C	0	1335	0.0	-1.0	0.0	TRUE	A	1.8679476E-4	4.0	0.010318397	0.42945158	52.2348	0.0048238137	0.08393078	4525.0	1.0
SPIKE	S58:A>T	0	1335	0.0	-1.0	0.0	TRUE	A	1.0182512E-5	0.0	0.425	0.9549695	1.2989625	0.018200014	0.12407763	4525.0	1.0
SPIKE	S59:T>A	0	1335	0.0	-1.0	0.0	TRUE	T	9.171696E-6	4.0	0.4160577	0.9593475	1.2989625	0.016142262	0.09962879	4525.0	1.0
SPIKE	S59:T>G	0	1335	0.0	-1.0	0.0	TRUE	T	8.097455E-4	0.0	0.20957895	0.025627265	52.2348	0.026182517	0.13453995	4525.0	1.0
SPIKE	S59:T>C	0	1335	0.0	-1.0	0.0	TRUE	T	1.239817E-4	8.0	0.0977269	0.57062835	10.594182	0.017315436	0.10273263	4525.0	1.0
SPIKE	S60:T>A	0	1335	0.0	-1.0	0.0	TRUE	T	9.171696E-6	0.0	0.4160577	0.9593475	1.2989625	0.016142262	0.09962879	4525.0	1.0
SPIKE	S60:T>G	0	1335	0.0	-1.0	0.0	TRUE	T	8.097455E-4	0.0	0.20957895	0.025627265	52.2348	0.026182517	0.13453995	4525.0	1.0
SPIKE	S60:T>C	0	1335	0.0	-1.0	0.0	TRUE	T	1.239817E-4	6.0	0.0977269	0.57062835	10.594182	0.017315436	0.10273263	4525.0	1.0
SPIKE	S61:G>A	0	1335	0.0	-1.0	0.0	TRUE	G	5.9700546E-5	3.0	0.11925544	0.7632688	6.94668	0.013026636	0.09915868	4525.0	1.0
SPIKE	S61:G>C	0	1335	0.0	-1.0	0.0	TRUE	G	1.14798146E-4	0.0	0.31392783	0.5948407	7.353258	0.030378513	0.11923917	4525.0	1.0
SPIKE	S61:G>T	0	1335	0.0	-1.0	0.0	TRUE	G	2.5713722E-5	3.0	0.32921052	0.89015955	2.8376958	0.018034086	0.089933515	4525.0	1.0
SPIKE	S62:A>G	0	1335	0.0	-1.0	0.0	TRUE	A	9.133782E-5	5.0	0.0772093	0.6614614	10.594182	0.012472723	0.08921043	4525.0	1.0
SPIKE	S62:A>C	0	1335	0.0	-1.0	0.0	TRUE	A	1.8679476E-4	0.0	0.010318397	0.42945158	52.2348	0.0048238137	0.08393078	4525.0	1.0
SPIKE	S62:A>T	0	1335	0.0	-1.0	0.0	TRUE	A	1.0182512E-5	0.0	0.425	0.9549695	1.2989625	0.018200014	0.12407763	4525.0	1.0
SPIKE	S63:A>G	0	1335	0.0	-1.0	0.0	TRUE	A	9.133782E-5	3.0	0.0772093	0.6614614	10.594182	0.012472723	0.08921043	4525.0	1.0
SPIKE	S63:A>C	0	1335	0.0	-1.0	0.0	TRUE	A	1.8679476E-4	0.0	0.010318397	0.42945158	52.2348	0.0048238137	0.08393078	4525.0	1.0
SPIKE	S63:A>T	0	1335	0.0	-1.0	0.0	TRUE	A	1.0182512E-5	0.0	0.425	0.9549695	1.2989625	0.018200014	0.12407763	4525.0	1.0
SPIKE	S64:A>G	0	1335	0.0	-1.0	0.0	TRUE	A	9.133782E-5	4.0	0.0772093	0.6614614	10.594182	0.012472723	0.08921043	4525.0	1.0
SPIKE	S64:A>C	0	1335	0.0	-1.0	0.0	TRUE	A	1.8679476E-4	1.0	0.010318397	0.42945158	52.2348	0.0048238137	0.08393078	4525.0	1.0
SPIKE	S64:A>T	0	1335	0.0	-1.0	0.0	TRUE	A	1.0182512E-5	0.0	0.425	0.9549695	1.2989625	0.018200014	0.12407763	4525.0	1.0
SPIKE	S65:A>G	0	1335	0.0	-1.0	0.0	TRUE	A	1.3794412E-4	16.0	0.0772093	0.5356913	10.594182	0.012472723	0.08921043	4525.0	0.0
SPIKE	S65:A>C	0	1335	0.0	-1.0	0.0	TRUE	A	8.2249375E-5	23.0	0.010318397	0.6892313	52.2348	0.0048238137	0.08393078	4525.0	0.0
SPIKE	S65:A>T	0	1335	0.0	-1.0	0.0	TRUE	A	1.0182512E-5	0.0	0.425	0.9549695	1.2989625	0.018200014	0.12407763	4525.0	1.0
SPIKE	S66:C>A	0	1335	0.0	-1.0	0.0	TRUE	C	2.0746003E-5	3.0	0.19478035	0.910396	2.8376958	0.012120917	0.15026246	4525.0	1.0
SPIKE	S66:C>G	0	1335	0.0	-1.0	0.0	TRUE	C	8.836419E-5	0.0	0.04839692	0.67042196	7.353258	0.016858615	0.7363038	4525.0	1.0
SPIKE	S66:C>T	0	1335	0.0	-1.0	0.0	TRUE	C	7.514642E-5	5.0	0.12688263	0.7117436	6.94668	0.016540157	0.09643103	4525.0	1.0
SPIKE	S67:C>A	0	1335	0.0	-1.0	0.0	TRUE	C	2.0746003E-5	3.0	0.19478035	0.910396	2.8376958	0.012120917	0.15026246	4525.0	1.0
SPIKE	S67:C>G	0	1335	0.0	-1.0	0.0	TRUE	C	8.836419E-5	0.0	0.04839692	0.67042196	7.353258	0.016858615	0.7363038	4525.0	1.0
SPIKE	S67:C>T	0	1335	0.0	-1.0	0.0	TRUE	C	7.514642E-5	5.0	0.12688263	0.7117436	6.94668	0.016540157	0.09643103	4525.0	1.0
SPIKE	S68:A>G	0	1335	0.0	-1.0	0.0	TRUE	A	3.5348182E-4	41.0	0.0772093	0.20199645	10.594182	0.012472723	0.08921043	4525.0	0.0
SPIKE	S68:A>C	0	1335	0.0	-1.0	0.0	TRUE	A	1.8679476E-4	0.0	0.010318397	0.42945158	52.2348	0.0048238137	0.08393078	4525.0	1.0
SPIKE	S68:A>T	0	1335	0.0	-1.0	0.0	TRUE	A	1.0182512E-5	2.0	0.425	0.9549695	1.2989625	0.018200014	0.12407763	4525.0	1.0
SPIKE	S69:G>A	0	1335	0.0	-1.0	0.0	TRUE	G	5.9700546E-5	3.0	0.11925544	0.7632688	6.94668	0.013026636	0.09915868	4525.0	1.0
SPIKE	S69:G>C	0	1335	0.0	-1.0	0.0	TRUE	G	1.14798146E-4	4.0	0.31392783	0.5948407	7.353258	0.030378513	0.11923917	4525.0	1.0
SPIKE	S69:G>T	0	1335	0.0	-1.0	0.0	TRUE	G	2.5713722E-5	1.0	0.32921052	0.89015955	2.8376958	0.018034086	0.089933515	4525.0	1.0
SPIKE	S70:C>A	0	1335	0.0	-1.0	0.0	TRUE	C	2.0746003E-5	1.0	0.19478035	0.910396	2.8376958	0.012120917	0.15026246	4525.0	1.0
SPIKE	S70:C>G	0	1335	0.0	-1.0	0.0	TRUE	C	8.836419E-5	0.0	0.04839692	0.67042196	7.353258	0.016858615	0.7363038	4525.0	1.0
SPIKE	S70:C>T	0	1335	0.0	-1.0	0.0	TRUE	C	1.6226403E-4	15.0	0.12688263	0.47986776	6.94668	0.016540157	0.09643103	4525.0	0.0
SPIKE	S71:C>A	0	1335	0.0	-1.0	0.0	TRUE	C	2.0746003E-5	2.0	0.19478035	0.910396	2.8376958	0.012120917	0.15026246	4525.0	1.0
SPIKE	S71:C>G	0	1335	0.0	-1.0	0.0	TRUE	C	8.836419E-5	3.0	0.04839692	0.67042196	7.353258	0.016858615	0.7363038	4525.0	1.0
SPIKE	S71:C>T	0	1335	0.0	-1.0	0.0	TRUE	C	7.514642E-5	6.0	0.12688263	0.7117436	6.94668	0.016540157	0.09643103	4525.0	1.0
SPIKE	S72:G>A	0	1335	0.0	-1.0	0.0	TRUE	G	5.9700546E-5	5.0	0.11925544	0.7632688	6.94668	0.013026636	0.09915868	4525.0	1.0
SPIKE	S72:G>C	0	1335	0.0	-1.0	0.0	TRUE	G	1.14798146E-4	0.0	0.31392783	0.5948407	7.353258	0.030378513	0.11923917	4525.0	1.0
SPIKE	S72:G>T	0	1335	0.0	-1.0	0.0	TRUE	G	2.5713722E-5	2.0	0.32921052	0.89015955	2.8376958	0.018034086	0.089933515	4525.0	1.0
SPIKE	S73:T>A	0	1335	0.0	-1.0	0.0	TRUE	T	9.171696E-6	0.0	0.4160577	0.9593475	1.2989625	0.016142262	0.09962879	4525.0	1.0
SPIKE	S73:T>G	0	1335	0.0	-1.0	0.0	TRUE	T	8.097455E-4	8.0	0.20957895	0.025627265	52.2348	0.026182517	0.13453995	4525.0	1.0
SPIKE	S73:T>C	0	1335	0.0	-1.0	0.0	TRUE	T	3.7448993E-4	32.0	0.0977269	0.18367875	10.594182	0.017315436	0.10273263	4525.0	0.0
SPIKE	S74:G>A	0	1335	0.0	-1.0	0.0	TRUE	G	5.9700546E-5	3.0	0.11925544	0.7632688	6.94668	0.013026636	0.09915868	4525.0	1.0
SPIKE	S74:G>C	0	1335	0.0	-1.0	0.0	TRUE	G	1.14798146E-4	0.0	0.31392783	0.5948407	7.353258	0.030378513	0.11923917	4525.0	1.0
SPIKE	S74:G>T	0	1335	0.0	-1.0	0.0	TRUE	G	2.5713722E-5	0.0	0.32921052	0.89015955	2.8376958	0.018034086	0.089933515	4525.0	1.0
SPIKE	S75:G>A	0	1335	0.0	-1.0	0.0	TRUE	G	5.9700546E-5	7.0	0.11925544	0.7632688	6.94668	0.013026636	0.09915868	4525.0	1.0
SPIKE	S75:G>C	0	1335	0.0	-1.0	0.0	TRUE	G	1.14798146E-4	0.0	0.31392783	0.5948407	7.353258	0.030378513	0.11923917	4525.0	1.0
SPIKE	S75:G>T	0	1335	0.0	-1.0	0.0	TRUE	G	2.5713722E-5	3.0	0.32921052	0.89015955	2.8376958	0.018034086	0.089933515	4525.0	1.0
SPIKE	S76:T>A	0	1335	0.0	-1.0	0.0	TRUE	T	9.171696E-6	0.0	0.4160577	0.9593475	1.2989625	0.016142262	0.09962879	4525.0	1.0
SPIKE	S76:T>G	0	1335	0.0	-1.0	0.0	TRUE	T	8.097455E-4	4.0	0.20957895	0.025627265	52.2348	0.026182517	0.13453995	4525.0	1.0
SPIKE	S76:T>C	0	1335	0.0	-1.0	0.0	TRUE	T	1.239817E-4	8.0	0.0977269	0.57062835	10.594182	0.017315436	0.10273263	4525.0	1.0
SPIKE	S77:T>A	0	1335	0.0	-1.0	0.0	TRUE	T	9.171696E-6	0.0	0.4160577	0.9593475	1.2989625	0.016142262	0.09962879	4525.0	1.0
SPIKE	S77:T>G	0	1335	0.0	-1.0	0.0	TRUE	T	8.097455E-4	0.0	0.20957895	0.025627265	52.2348	0.026182517	0.13453995	4525.0	1.0
SPIKE	S77:T>C	0	1335	0.0	-1.0	0.0	TRUE	T	1.239817E-4	2.0	0.0977269	0.57062835	10.594182	0.017315436	0.10273263	4525.0	1.0
SPIKE	S78:T>A	0	1335	0.0	-1.0	0.0	TRUE	T	9.171696E-6	0.0	0.4160577	0.9593475	1.2989625	0.016142262	0.09962879	4525.0	1.0
SPIKE	S78:T>G	0	1335	0.0	-1.0	0.0	TRUE	T	8.097455E-4	4.0	0.20957895	0.025627265	52.2348	0.026182517	0.13453995	4525.0	1.0
SPIKE	S78:T>C	0	1335	0.0	-1.0	0.0	TRUE	T	1.239817E-4	2.0	0.0977269	0.57062835	10.594182	0.017315436	0.10273263	4525.0	1.0
SPIKE	S79:G>A	0	1335	0.0	-1.0	0.0	TRUE	G	5.9700546E-5	4.0	0.11925544	0.7632688	6.94668	0.013026636	0.09915868	4525.0	1.0
SPIKE	S79:G>C	0	1335	0.0	-1.0	0.0	TRUE	G	1.14798146E-4	5.0	0.31392783	0.5948407	7.353258	0.030378513	0.11923917	4525.0	1.0
SPIKE	S79:G>T	0	1335	0.0	-1.0	0.0	TRUE	G	2.5713722E-5	0.0	0.32921052	0.89015955	2.8376958	0.018034086	0.089933515	4525.0	1.0
SPIKE	S80:C>A	0	1335	0.0	-1.0	0.0	TRUE	C	2.0746003E-5	0.0	0.19478035	0.910396	2.8376958	0.012120917	0.15026246	4525.0	1.0
SPIKE	S80:C>G	0	1335	0.0	-1.0	0.0	TRUE	C	8.836419E-5	4.0	0.04839692	0.67042196	7.353258	0.016858615	0.7363038	4525.0	1.0
SPIKE	S80:C>T	0	1335	0.0	-1.0	0.0	TRUE	C	7.514642E-5	6.0	0.12688263	0.7117436	6.94668	0.016540157	0.09643103	4525.0	1.0
SPIKE	S81:G>A	0	1335	0.0	-1.0	0.0	TRUE	G	5.9700546E-5	7.0	0.11925544	0.7632688	6.94668	0.013026636	0.09915868	4525.0	1.0
SPIKE	S81:G>C	0	1335	0.0	-1.0	0.0	TRUE	G	1.14798146E-4	0.0	0.31392783	0.5948407	7.353258	0.030378513	0.11923917	4525.0	1.0
SPIKE	S81:G>T	0	1335	0.0	-1.0	0.0	TRUE	G	2.5713722E-5	0.0	0.32921052	0.89015955	2.8376958	0.018034086	0.089933515	4525.0	1.0
SPIKE	S82:G>A	0	1335	0.0	-1.0	0.0	TRUE	G	8.5941116E-5	10.0	0.11925544	0.6778132	6.94668	0.013026636	0.09915868	4525.0	0.0
SPIKE	S82:G>C	0	1335	0.0	-1.0	0.0	TRUE	G	1.14798146E-4	4.0	0.31392783	0.5948407	7.353258	0.030378513	0.11923917	4525.0	1.0
SPIKE	S82:G>T	0	1335	0.0	-1.0	0.0	TRUE	G	2.5713722E-5	0.0	0.32921052	0.89015955	2.8376958	0.018034086	0.089933515	4525.0	1.0
SPIKE	S83:C>A	0	1335	0.0	-1.0	0.0	TRUE	C	2.0746003E-5	0.0	0.19478035	0.910396	2.8376958	0.012120917	0.15026246	4525.0	1.0
SPIKE	S83:C>G	0	1335	0.0	-1.0	0.0	TRUE	C	8.836419E-5	4.0	0.04839692	0.67042196	7.353258	0.016858615	0.7363038	4525.0	1.0
SPIKE	S83:C>T	0	1335	0.0	-1.0	0.0	TRUE	C	7.514642E-5	6.0	0.12688263	0.7117436	6.94668	0.016540157	0.09643103	4525.0	1.0
SPIKE	S84:G>A	1	1335	7.490637E-4	-1.0	40.0	TRUE	G	9.453523E-5	11.0	0.11925544	0.6519601	6.94668	0.013026636	0.09915868	4525.0	0.0
SPIKE	S84:G>C	0	1335	0.0	-1.0	0.0	TRUE	G	1.14798146E-4	0.0	0.31392783	0.5948407	7.353258	0.030378513	0.11923917	4525.0	1.0
SPIKE	S84:G>T	0	1335	0.0	-1.0	0.0	TRUE	G	2.5713722E-5	0.0	0.32921052	0.89015955	2.8376958	0.018034086	0.089933515	4525.0	1.0
SPIKE	S85:A>G	0	1335	0.0	-1.0	0.0	TRUE	A	9.133782E-5	0.0	0.0772093	0.6614614	10.594182	0.012472723	0.08921043	4525.0	1.0
SPIKE	S85:A>C	0	1335	0.0	-1.0	0.0	TRUE	A	0.0018416707	515.0	0.010318397	2.40315E-4	52.2348	0.0048238137	0.08393078	4525.0	0.0
SPIKE	S85:A>T	0	1335	0.0	-1.0	0.0	TRUE	A	1.0182512E-5	4.0	0.425	0.9549695	1.2989625	0.018200014	0.12407763	4525.0	1.0
SPIKE	S86:T>A	0	1335	0.0	-1.0	0.0	TRUE	T	9.171696E-6	0.0	0.4160577	0.9593475	1.2989625	0.016142262	0.09962879	4525.0	1.0
SPIKE	S86:T>G	0	1335	0.0	-1.0	0.0	TRUE	T	8.097455E-4	0.0	0.20957895	0.025627265	52.2348	0.026182517	0.13453995	4525.0	1.0
SPIKE	S86:T>C	0	1335	0.0	-1.0	0.0	TRUE	T	1.239817E-4	3.0	0.0977269	0.57062835	10.594182	0.017315436	0.10273263	4525.0	1.0
SPIKE	S87:T>A	0	1335	0.0	-1.0	0.0	TRUE	T	9.171696E-6	0.0	0.4160577	0.9593475	1.2989625	0.016142262	0.09962879	4525.0	1.0
SPIKE	S87:T>G	0	1335	0.0	-1.0	0.0	TRUE	T	8.097455E-4	1.0	0.20957895	0.025627265	52.2348	0.026182517	0.13453995	4525.0	1.0
SPIKE	S87:T>C	0	1335	0.0	-1.0	0.0	TRUE	T	1.239817E-4	2.0	0.0977269	0.57062835	10.594182	0.017315436	0.10273263	4525.0	1.0
SPIKE	S88:T>A	0	1335	0.0	-1.0	0.0	TRUE	T	9.171696E-6	6.0	0.4160577	0.9593475	1.2989625	0.016142262	0.09962879	4525.0	1.0
SPIKE	S88:T>G	0	1335	0.0	-1.0	0.0	TRUE	T	8.097455E-4	0.0	0.20957895	0.025627265	52.2348	0.026182517	0.13453995	4525.0	1.0
SPIKE	S88:T>C	0	1335	0.0	-1.0	0.0	TRUE	T	1.239817E-4	1.0	0.0977269	0.57062835	10.594182	0.017315436	0.10273263	4525.0	1.0
SPIKE	S89:A>G	0	1335	0.0	-1.0	0.0	TRUE	A	9.133782E-5	2.0	0.0772093	0.6614614	10.594182	0.012472723	0.08921043	4525.0	1.0
SPIKE	S89:A>C	0	1335	0.0	-1.0	0.0	TRUE	A	1.8679476E-4	0.0	0.010318397	0.42945158	52.2348	0.0048238137	0.08393078	4525.0	1.0
SPIKE	S89:A>T	0	1335	0.0	-1.0	0.0	TRUE	A	1.0182512E-5	6.0	0.425	0.9549695	1.2989625	0.018200014	0.12407763	4525.0	1.0
SPIKE	S90:T>A	0	1335	0.0	-1.0	0.0	TRUE	T	9.171696E-6	1.0	0.4160577	0.9593475	1.2989625	0.016142262	0.09962879	4525.0	1.0
SPIKE	S90:T>G	0	1335	0.0	-1.0	0.0	TRUE	T	8.097455E-4	0.0	0.20957895	0.025627265	52.2348	0.026182517	0.13453995	4525.0	1.0
SPIKE	S90:T>C	0	1335	0.0	-1.0	0.0	TRUE	T	1.239817E-4	7.0	0.0977269	0.57062835	10.594182	0.017315436	0.10273263	4525.0	1.0
SPIKE	S91:C>A	1	1335	7.490637E-4	-1.0	40.0	TRUE	C	2.0746003E-5	0.0	0.19478035	0.910396	2.8376958	0.012120917	0.15026246	4525.0	1.0
SPIKE	S91:C>G	0	1335	0.0	-1.0	0.0	TRUE	C	8.836419E-5	6.0	0.04839692	0.67042196	7.353258	0.016858615	0.7363038	4525.0	1.0
SPIKE	S91:C>T	0	1335	0.0	-1.0	0.0	TRUE	C	7.514642E-5	5.0	0.12688263	0.7117436	6.94668	0.016540157	0.09643103	4525.0	1.0
SPIKE	S92:G>A	0	1335	0.0	-1.0	0.0	TRUE	G	8.5941116E-5	10.0	0.11925544	0.6778132	6.94668	0.013026636	0.09915868	4525.0	0.0
SPIKE	S92:G>C	0	1335	0.0	-1.0	0.0	TRUE	G	1.14798146E-4	0.0	0.31392783	0.5948407	7.353258	0.030378513	0.11923917	4525.0	1.0
SPIKE	S92:G>T	0	1335	0.0	-1.0	0.0	TRUE	G	2.5713722E-5	6.0	0.32921052	0.89015955	2.8376958	0.018034086	0.089933515	4525.0	1.0
SPIKE	S93:T>A	0	1335	0.0	-1.0	0.0	TRUE	T	9.171696E-6	0.0	0.4160577	0.9593475	1.2989625	0.016142262	0.09962879	4525.0	1.0
SPIKE	S93:T>G	0	1335	0.0	-1.0	0.0	TRUE	T	8.097455E-4	1.0	0.20957895	0.025627265	52.2348	0.026182517	0.13453995	4525.0	1.0
SPIKE	S93:T>C	0	1335	0.0	-1.0	0.0	TRUE	T	2.223534E-4	19.0	0.0977269	0.36562425	10.594182	0.017315436	0.10273263	4525.0	0.0
SPIKE	S94:C>A	0	1335	0.0	-1.0	0.0	TRUE	C	2.0746003E-5	0.0	0.19478035	0.910396	2.8376958	0.012120917	0.15026246	4525.0	1.0
SPIKE	S94:C>G	0	1335	0.0	-1.0	0.0	TRUE	C	8.836419E-5	6.0	0.04839692	0.67042196	7.353258	0.016858615	0.7363038	4525.0	1.0
SPIKE	S94:C>T	0	1335	0.0	-1.0	0.0	TRUE	C	7.514642E-5	5.0	0.12688263	0.7117436	6.94668	0.016540157	0.09643103	4525.0	1.0
SPIKE	S95:G>A	0	1335	0.0	-1.0	0.0	TRUE	G	1.1172346E-4	13.0	0.11925544	0.60317457	6.94668	0.013026636	0.09915868	4525.0	0.0
SPIKE	S95:G>C	0	1335	0.0	-1.0	0.0	TRUE	G	1.14798146E-4	0.0	0.31392783	0.5948407	7.353258	0.030378513	0.11923917	4525.0	1.0
SPIKE	S95:G>T	0	1335	0.0	-1.0	0.0	TRUE	G	2.5713722E-5	6.0	0.32921052	0.89015955	2.8376958	0.018034086	0.089933515	4525.0	1.0
SPIKE	S96:T>A	0	1335	0.0	-1.0	0.0	TRUE	T	9.171696E-6	0.0	0.4160577	0.9593475	1.2989625	0.016142262	0.09962879	4525.0	1.0
SPIKE	S96:T>G	0	1335	0.0	-1.0	0.0	TRUE	T	8.097455E-4	1.0	0.20957895	0.025627265	52.2348	0.026182517	0.13453995	4525.0	1.0
SPIKE	S96:T>C	0	1335	0.0	-1.0	0.0	TRUE	T	1.8724496E-4	16.0	0.0977269	0.4285776	10.594182	0.017315436	0.10273263	4525.0	0.0
SPIKE	S97:C>A	0	1335	0.0	-1.0	0.0	TRUE	C	2.0746003E-5	6.0	0.19478035	0.910396	2.8376958	0.012120917	0.15026246	4525.0	1.0
SPIKE	S97:C>G	0	1335	0.0	-1.0	0.0	TRUE	C	8.836419E-5	0.0	0.04839692	0.67042196	7.353258	0.016858615	0.7363038	4525.0	1.0
SPIKE	S97:C>T	0	1335	0.0	-1.0	0.0	TRUE	C	7.514642E-5	1.0	0.12688263	0.7117436	6.94668	0.016540157	0.09643103	4525.0	1.0
SPIKE	S98:A>G	0	1335	0.0	-1.0	0.0	TRUE	A	9.133782E-5	6.0	0.0772093	0.6614614	10.594182	0.012472723	0.08921043	4525.0	1.0
SPIKE	S98:A>C	0	1335	0.0	-1.0	0.0	TRUE	A	1.8679476E-4	0.0	0.010318397	0.42945158	52.2348	0.0048238137	0.08393078	4525.0	1.0
SPIKE	S98:A>T	0	1335	0.0	-1.0	0.0	TRUE	A	1.0182512E-5	5.0	0.425	0.9549695	1.2989625	0.018200014	0.12407763	4525.0	1.0
SPIKE	S99:T>A	0	1335	0.0	-1.0	0.0	TRUE	T	9.171696E-6	0.0	0.4160577	0.9593475	1.2989625	0.016142262	0.09962879	4525.0	1.0
SPIKE	S99:T>G	0	1335	0.0	-1.0	0.0	TRUE	T	8.097455E-4	0.0	0.20957895	0.025627265	52.2348	0.026182517	0.13453995	4525.0	1.0
SPIKE	S99:T>C	0	1335	0.0	-1.0	0.0	TRUE	T	1.239817E-4	5.0	0.0977269	0.57062835	10.594182	0.017315436	0.10273263	4525.0	1.0
SPIKE	S100:C>T	1	1335	7.490637E-4	-1.0	40.0	TRUE	C	7.514642E-5	9.0	0.12688263	0.7117436	6.94668	0.016540157	0.09643103	4525.0	1.0
SPIKE	S100:C>A	0	1335	0.0	-1.0	0.0	TRUE	C	2.0746003E-5	3.0	0.19478035	0.910396	2.8376958	0.012120917	0.15026246	4525.0	1.0
SPIKE	S100:C>G	0	1335	0.0	-1.0	0.0	TRUE	C	8.836419E-5	6.0	0.04839692	0.67042196	7.353258	0.016858615	0.7363038	4525.0	1.0
SPIKE	S101:G>A	0	1335	0.0	-1.0	0.0	TRUE	G	5.9700546E-5	7.0	0.11925544	0.7632688	6.94668	0.013026636	0.09915868	4525.0	1.0
SPIKE	S101:G>C	0	1335	0.0	-1.0	0.0	TRUE	G	1.14798146E-4	0.0	0.31392783	0.5948407	7.353258	0.030378513	0.11923917	4525.0	1.0
SPIKE	S101:G>T	0	1335	0.0	-1.0	0.0	TRUE	G	2.5713722E-5	5.0	0.32921052	0.89015955	2.8376958	0.018034086	0.089933515	4525.0	1.0
SPIKE	S102:T>A	0	1335	0.0	-1.0	0.0	TRUE	T	9.171696E-6	0.0	0.4160577	0.9593475	1.2989625	0.016142262	0.09962879	4525.0	1.0
SPIKE	S102:T>G	0	1335	0.0	-1.0	0.0	TRUE	T	8.097455E-4	5.0	0.20957895	0.025627265	52.2348	0.026182517	0.13453995	4525.0	1.0
SPIKE	S102:T>C	0	1335	0.0	-1.0	0.0	TRUE	T	1.239817E-4	7.0	0.0977269	0.57062835	10.594182	0.017315436	0.10273263	4525.0	1.0
SPIKE	S103:G>A	0	1335	0.0	-1.0	0.0	TRUE	G	8.5941116E-5	10.0	0.11925544	0.6778132	6.94668	0.013026636	0.09915868	4525.0	0.0
SPIKE	S103:G>C	0	1335	0.0	-1.0	0.0	TRUE	G	1.14798146E-4	0.0	0.31392783	0.5948407	7.353258	0.030378513	0.11923917	4525.0	1.0
SPIKE	S103:G>T	0	1335	0.0	-1.0	0.0	TRUE	G	2.5713722E-5	0.0	0.32921052	0.89015955	2.8376958	0.018034086	0.089933515	4525.0	1.0
SPIKE	S104:G>A	0	1335	0.0	-1.0	0.0	TRUE	G	1.0312934E-4	12.0	0.11925544	0.6270931	6.94668	0.013026636	0.09915868	4525.0	0.0
SPIKE	S104:G>C	0	1335	0.0	-1.0	0.0	TRUE	G	1.14798146E-4	5.0	0.31392783	0.5948407	7.353258	0.030378513	0.11923917	4525.0	1.0
SPIKE	S104:G>T	0	1335	0.0	-1.0	0.0	TRUE	G	2.5713722E-5	0.0	0.32921052	0.89015955	2.8376958	0.018034086	0.089933515	4525.0	1.0
SPIKE	S105:C>A	0	1335	0.0	-1.0	0.0	TRUE	C	2.0746003E-5	7.0	0.19478035	0.910396	2.8376958	0.012120917	0.15026246	4525.0	1.0
SPIKE	S105:C>G	0	1335	0.0	-1.0	0.0	TRUE	C	8.836419E-5	6.0	0.04839692	0.67042196	7.353258	0.016858615	0.7363038	4525.0	1.0
SPIKE	S105:C>T	0	1335	0.0	-1.0	0.0	TRUE	C	1.1899362E-4	11.0	0.12688263	0.58365446	6.94668	0.016540157	0.09643103	4525.0	0.0
SPIKE	S106:G>T	1	1335	7.490637E-4	-1.0	40.0	TRUE	G	2.5713722E-5	0.0	0.32921052	0.89015955	2.8376958	0.018034086	0.089933515	4525.0	1.0
SPIKE	S106:G>A	0	1335	0.0	-1.0	0.0	TRUE	G	5.9700546E-5	4.0	0.11925544	0.7632688	6.94668	0.013026636	0.09915868	4525.0	1.0
SPIKE	S106:G>C	0	1335	0.0	-1.0	0.0	TRUE	G	1.14798146E-4	0.0	0.31392783	0.5948407	7.353258	0.030378513	0.11923917	4525.0	1.0
SPIKE	S107:G>A	1	1335	7.490637E-4	-1.0	40.0	TRUE	G	8.5941116E-5	10.0	0.11925544	0.6778132	6.94668	0.013026636	0.09915868	4525.0	0.0
SPIKE	S107:G>C	0	1335	0.0	-1.0	0.0	TRUE	G	1.14798146E-4	7.0	0.31392783	0.5948407	7.353258	0.030378513	0.11923917	4525.0	1.0
SPIKE	S107:G>T	0	1335	0.0	-1.0	0.0	TRUE	G	2.5713722E-5	0.0	0.32921052	0.89015955	2.8376958	0.018034086	0.089933515	4525.0	1.0
SPIKE	S108:C>A	0	1335	0.0	-1.0	0.0	TRUE	C	2.0746003E-5	6.0	0.19478035	0.910396	2.8376958	0.012120917	0.15026246	4525.0	1.0
SPIKE	S108:C>G	0	1335	0.0	-1.0	0.0	TRUE	C	8.836419E-5	0.0	0.04839692	0.67042196	7.353258	0.016858615	0.7363038	4525.0	1.0
SPIKE	S108:C>T	0	1335	0.0	-1.0	0.0	TRUE	C	7.514642E-5	6.0	0.12688263	0.7117436	6.94668	0.016540157	0.09643103	4525.0	1.0
SPIKE	S109:A>G	0	1335	0.0	-1.0	0.0	TRUE	A	9.4836585E-5	11.0	0.0772093	0.65107167	10.594182	0.012472723	0.08921043	4525.0	0.0
SPIKE	S109:A>C	0	1335	0.0	-1.0	0.0	TRUE	A	1.8679476E-4	6.0	0.010318397	0.42945158	52.2348	0.0048238137	0.08393078	4525.0	1.0
SPIKE	S109:A>T	0	1335	0.0	-1.0	0.0	TRUE	A	1.0182512E-5	0.0	0.425	0.9549695	1.2989625	0.018200014	0.12407763	4525.0	1.0
SPIKE	S110:G>A	0	1335	0.0	-1.0	0.0	TRUE	G	5.9700546E-5	5.0	0.11925544	0.7632688	6.94668	0.013026636	0.09915868	4525.0	1.0
SPIKE	S110:G>C	0	1335	0.0	-1.0	0.0	TRUE	G	1.14798146E-4	5.0	0.31392783	0.5948407	7.353258	0.030378513	0.11923917	4525.0	1.0
SPIKE	S110:G>T	0	1335	0.0	-1.0	0.0	TRUE	G	2.5713722E-5	1.0	0.32921052	0.89015955	2.8376958	0.018034086	0.089933515	4525.0	1.0
SPIKE	S111:C>A	0	1335	0.0	-1.0	0.0	TRUE	C	2.0746003E-5	3.0	0.19478035	0.910396	2.8376958	0.012120917	0.15026246	4525.0	1.0
SPIKE	S111:C>G	0	1335	0.0	-1.0	0.0	TRUE	C	8.836419E-5	4.0	0.04839692	0.67042196	7.353258	0.016858615	0.7363038	4525.0	1.0
SPIKE	S111:C>T	0	1335	0.0	-1.0	0.0	TRUE	C	7.514642E-5	8.0	0.12688263	0.7117436	6.94668	0.016540157	0.09643103	4525.0	1.0
SPIKE	S112:G>A	0	1335	0.0	-1.0	0.0	TRUE	G	5.9700546E-5	4.0	0.11925544	0.7632688	6.94668	0.013026636	0.09915868	4525.0	1.0
SPIKE	S112:G>C	0	1335	0.0	-1.0	0.0	TRUE	G	1.14798146E-4	0.0	0.31392783	0.5948407	7.353258	0.030378513	0.11923917	4525.0	1.0
SPIKE	S112:G>T	0	1335	0.0	-1.0	0.0	TRUE	G	2.5713722E-5	4.0	0.32921052	0.89015955	2.8376958	0.018034086	0.089933515	4525.0	1.0
SPIKE	S113:T>A	0	1335	0.0	-1.0	0.0	TRUE	T	9.171696E-6	0.0	0.4160577	0.9593475	1.2989625	0.016142262	0.09962879	4525.0	1.0
SPIKE	S113:T>G	0	1335	0.0	-1.0	0.0	TRUE	T	8.097455E-4	6.0	0.20957895	0.025627265	52.2348	0.026182517	0.13453995	4525.0	1.0
SPIKE	S113:T>C	0	1335	0.0	-1.0	0.0	TRUE	T	1.239817E-4	8.0	0.0977269	0.57062835	10.594182	0.017315436	0.10273263	4525.0	1.0
SPIKE	S114:G>A	0	1335	0.0	-1.0	0.0	TRUE	G	5.9700546E-5	8.0	0.11925544	0.7632688	6.94668	0.013026636	0.09915868	4525.0	1.0
SPIKE	S114:G>C	0	1335	0.0	-1.0	0.0	TRUE	G	1.14798146E-4	0.0	0.31392783	0.5948407	7.353258	0.030378513	0.11923917	4525.0	1.0
SPIKE	S114:G>T	0	1335	0.0	-1.0	0.0	TRUE	G	2.5713722E-5	0.0	0.32921052	0.89015955	2.8376958	0.018034086	0.089933515	4525.0	1.0
SPIKE	S115:A>G	0	1335	0.0	-1.0	0.0	TRUE	A	1.2932261E-4	15.0	0.0772093	0.5570029	10.594182	0.012472723	0.08921043	4525.0	0.0
SPIKE	S115:A>C	0	1335	0.0	-1.0	0.0	TRUE	A	2.1813964E-4	61.0	0.010318397	0.37266257	52.2348	0.0048238137	0.08393078	4525.0	0.0
SPIKE	S115:A>T	0	1335	0.0	-1.0	0.0	TRUE	A	1.0182512E-5	1.0	0.425	0.9549695	1.2989625	0.018200014	0.12407763	4525.0	1.0
SPIKE	S116:C>A	0	1335	0.0	-1.0	0.0	TRUE	C	2.0746003E-5	2.0	0.19478035	0.910396	2.8376958	0.012120917	0.15026246	4525.0	1.0
SPIKE	S116:C>G	0	1335	0.0	-1.0	0.0	TRUE	C	8.836419E-5	0.0	0.04839692	0.67042196	7.353258	0.016858615	0.7363038	4525.0	1.0
SPIKE	S116:C>T	0	1335	0.0	-1.0	0.0	TRUE	C	7.514642E-5	1.0	0.12688263	0.7117436	6.94668	0.016540157	0.09643103	4525.0	1.0
SPIKE	S117:C>A	0	1335	0.0	-1.0	0.0	TRUE	C	7.310862E-5	10.0	0.19478035	0.71833694	2.8376958	0.012120917	0.15026246	4525.0	0.0
SPIKE	S117:C>G	0	1335	0.0	-1.0	0.0	TRUE	C	8.836419E-5	0.0	0.04839692	0.67042196	7.353258	0.016858615	0.7363038	4525.0	1.0
SPIKE	S117:C>T	0	1335	0.0	-1.0	0.0	TRUE	C	1.0817602E-4	10.0	0.12688263	0.61293495	6.94668	0.016540157	0.09643103	4525.0	0.0
SPIKE	S118:T>A	0	1335	0.0	-1.0	0.0	TRUE	T	9.171696E-6	7.0	0.4160577	0.9593475	1.2989625	0.016142262	0.09962879	4525.0	1.0
SPIKE	S118:T>G	0	1335	0.0	-1.0	0.0	TRUE	T	8.097455E-4	1.0	0.20957895	0.025627265	52.2348	0.026182517	0.13453995	4525.0	1.0
SPIKE	S118:T>C	0	1335	0.0	-1.0	0.0	TRUE	T	1.239817E-4	9.0	0.0977269	0.57062835	10.594182	0.017315436	0.10273263	4525.0	1.0
SPIKE	S119:A>G	0	1335	0.0	-1.0	0.0	TRUE	A	9.133782E-5	6.0	0.0772093	0.6614614	10.594182	0.012472723	0.08921043	4525.0	1.0
SPIKE	S119:A>C	0	1335	0.0	-1.0	0.0	TRUE	A	0.0011264588	315.0	0.010318397	0.0061136824	52.2348	0.0048238137	0.08393078	4525.0	0.0
SPIKE	S119:A>T	0	1335	0.0	-1.0	0.0	TRUE	A	1.0182512E-5	7.0	0.425	0.9549695	1.2989625	0.018200014	0.12407763	4525.0	1.0
SPIKE	S120:T>A	0	1335	0.0	-1.0	0.0	TRUE	T	9.171696E-6	0.0	0.4160577	0.9593475	1.2989625	0.016142262	0.09962879	4525.0	1.0
SPIKE	S120:T>G	0	1335	0.0	-1.0	0.0	TRUE	T	8.097455E-4	8.0	0.20957895	0.025627265	52.2348	0.026182517	0.13453995	4525.0	1.0
SPIKE	S120:T>C	0	1335	0.0	-1.0	0.0	TRUE	T	1.239817E-4	8.0	0.0977269	0.57062835	10.594182	0.017315436	0.10273263	4525.0	1.0
SPIKE	S121:G>A	0	1335	0.0	-1.0	0.0	TRUE	G	5.9700546E-5	3.0	0.11925544	0.7632688	6.94668	0.013026636	0.09915868	4525.0	1.0
SPIKE	S121:G>C	0	1335	0.0	-1.0	0.0	TRUE	G	1.14798146E-4	0.0	0.31392783	0.5948407	7.353258	0.030378513	0.11923917	4525.0	1.0
SPIKE	S121:G>T	0	1335	0.0	-1.0	0.0	TRUE	G	1.1779923E-4	13.0	0.32921052	0.58681744	2.8376958	0.018034086	0.089933515	4525.0	0.0
SPIKE	S122:T>A	0	1335	0.0	-1.0	0.0	TRUE	T	9.171696E-6	0.0	0.4160577	0.9593475	1.2989625	0.016142262	0.09962879	4525.0	1.0
SPIKE	S122:T>G	0	1335	0.0	-1.0	0.0	TRUE	T	1.860244E-4	12.0	0.20957895	0.43095124	52.2348	0.026182517	0.13453995	4525.0	0.0
SPIKE	S122:T>C	0	1335	0.0	-1.0	0.0	TRUE	T	2.1065059E-4	18.0	0.0977269	0.38550776	10.594182	0.017315436	0.10273263	4525.0	0.0
SPIKE	S123:G>A	0	1335	0.0	-1.0	0.0	TRUE	G	5.9700546E-5	1.0	0.11925544	0.7632688	6.94668	0.013026636	0.09915868	4525.0	1.0
SPIKE	S123:G>C	0	1335	0.0	-1.0	0.0	TRUE	G	1.14798146E-4	0.0	0.31392783	0.5948407	7.353258	0.030378513	0.11923917	4525.0	1.0
SPIKE	S123:G>T	0	1335	0.0	-1.0	0.0	TRUE	G	2.5713722E-5	8.0	0.32921052	0.89015955	2.8376958	0.018034086	0.089933515	4525.0	1.0
SPIKE	S124:T>A	0	1335	0.0	-1.0	0.0	TRUE	T	9.171696E-6	0.0	0.4160577	0.9593475	1.2989625	0.016142262	0.09962879	4525.0	1.0
SPIKE	S124:T>G	0	1335	0.0	-1.0	0.0	TRUE	T	2.3253048E-4	15.0	0.20957895	0.34916857	52.2348	0.026182517	0.13453995	4525.0	0.0
SPIKE	S124:T>C	0	1335	0.0	-1.0	0.0	TRUE	T	1.6383934E-4	14.0	0.0977269	0.47645926	10.594182	0.017315436	0.10273263	4525.0	0.0
SPIKE	S125:G>A	1	1335	7.490637E-4	-1.0	40.0	TRUE	G	5.9700546E-5	9.0	0.11925544	0.7632688	6.94668	0.013026636	0.09915868	4525.0	1.0
SPIKE	S125:G>C	0	1335	0.0	-1.0	0.0	TRUE	G	1.14798146E-4	7.0	0.31392783	0.5948407	7.353258	0.030378513	0.11923917	4525.0	1.0
SPIKE	S125:G>T	0	1335	0.0	-1.0	0.0	TRUE	G	2.5713722E-5	1.0	0.32921052	0.89015955	2.8376958	0.018034086	0.089933515	4525.0	1.0
SPIKE	S126:C>T	2	1335	0.0014981274	-1.0	40.0	TRUE	C	7.514642E-5	8.0	0.12688263	0.7117436	6.94668	0.016540157	0.09643103	4525.0	1.0
SPIKE	S126:C>A	0	1335	0.0	-1.0	0.0	TRUE	C	1.09662935E-4	15.0	0.19478035	0.6088248	2.8376958	0.012120917	0.15026246	4525.0	0.0
SPIKE	S126:C>G	0	1335	0.0	-1.0	0.0	TRUE	C	8.836419E-5	5.0	0.04839692	0.67042196	7.353258	0.016858615	0.7363038	4525.0	1.0
SPIKE	S127:G>A	0	1335	0.0	-1.0	0.0	TRUE	G	5.9700546E-5	3.0	0.11925544	0.7632688	6.94668	0.013026636	0.09915868	4525.0	1.0
SPIKE	S127:G>C	0	1335	0.0	-1.0	0.0	TRUE	G	1.14798146E-4	1.0	0.31392783	0.5948407	7.353258	0.030378513	0.11923917	4525.0	1.0
SPIKE	S127:G>T	0	1335	0.0	-1.0	0.0	TRUE	G	2.5713722E-5	0.0	0.32921052	0.89015955	2.8376958	0.018034086	0.089933515	4525.0	1.0
SPIKE	S128:G>A	0	1335	0.0	-1.0	0.0	TRUE	G	5.9700546E-5	5.0	0.11925544	0.7632688	6.94668	0.013026636	0.09915868	4525.0	1.0
SPIKE	S128:G>C	0	1335	0.0	-1.0	0.0	TRUE	G	1.14798146E-4	4.0	0.31392783	0.5948407	7.353258	0.030378513	0.11923917	4525.0	1.0
SPIKE	S128:G>T	0	1335	0.0	-1.0	0.0	TRUE	G	2.5713722E-5	0.0	0.32921052	0.89015955	2.8376958	0.018034086	0.089933515	4525.0	1.0
SPIKE	S129:C>A	0	1335	0.0	-1.0	0.0	TRUE	C	1.0235207E-4	14.0	0.19478035	0.62930256	2.8376958	0.012120917	0.15026246	4525.0	0.0
SPIKE	S129:C>G	0	1335	0.0	-1.0	0.0	TRUE	C	8.836419E-5	5.0	0.04839692	0.67042196	7.353258	0.016858615	0.7363038	4525.0	1.0
SPIKE	S129:C>T	0	1335	0.0	-1.0	0.0	TRUE	C	7.514642E-5	6.0	0.12688263	0.7117436	6.94668	0.016540157	0.09643103	4525.0	1.0
SPIKE	S130:G>A	0	1335	0.0	-1.0	0.0	TRUE	G	5.9700546E-5	1.0	0.11925544	0.7632688	6.94668	0.013026636	0.09915868	4525.0	1.0
SPIKE	S130:G>C	0	1335	0.0	-1.0	0.0	TRUE	G	1.14798146E-4	1.0	0.31392783	0.5948407	7.353258	0.030378513	0.11923917	4525.0	1.0
SPIKE	S130:G>T	0	1335	0.0	-1.0	0.0	TRUE	G	2.5713722E-5	0.0	0.32921052	0.89015955	2.8376958	0.018034086	0.089933515	4525.0	1.0
SPIKE	S131:G>A	0	1335	0.0	-1.0	0.0	TRUE	G	1.3750579E-4	16.0	0.11925544	0.5367549	6.94668	0.013026636	0.09915868	4525.0	0.0
SPIKE	S131:G>C	0	1335	0.0	-1.0	0.0	TRUE	G	1.14798146E-4	5.0	0.31392783	0.5948407	7.353258	0.030378513	0.11923917	4525.0	1.0
SPIKE	S131:G>T	0	1335	0.0	-1.0	0.0	TRUE	G	2.5713722E-5	1.0	0.32921052	0.89015955	2.8376958	0.018034086	0.089933515	4525.0	1.0
SPIKE	S132:C>A	0	1335	0.0	-1.0	0.0	TRUE	C	1.4621724E-4	20.0	0.19478035	0.516008	2.8376958	0.012120917	0.15026246	4525.0	0.0
SPIKE	S132:C>G	0	1335	0.0	-1.0	0.0	TRUE	C	8.836419E-5	1.0	0.04839692	0.67042196	7.353258	0.016858615	0.7363038	4525.0	1.0
SPIKE	S132:C>T	0	1335	0.0	-1.0	0.0	TRUE	C	7.514642E-5	7.0	0.12688263	0.7117436	6.94668	0.016540157	0.09643103	4525.0	1.0
SPIKE	S133:A>G	0	1335	0.0	-1.0	0.0	TRUE	A	9.133782E-5	9.0	0.0772093	0.6614614	10.594182	0.012472723	0.08921043	4525.0	1.0
SPIKE	S133:A>C	0	1335	0.0	-1.0	0.0	TRUE	A	0.0037584386	1051.0	0.010318397	4.111326E-8	52.2348	0.0048238137	0.08393078	4525.0	0.0
SPIKE	S133:A>T	0	1335	0.0	-1.0	0.0	TRUE	A	1.0182512E-5	0.0	0.425	0.9549695	1.2989625	0.018200014	0.12407763	4525.0	1.0
SPIKE	S134:G>A	0	1335	0.0	-1.0	0.0	TRUE	G	5.9700546E-5	7.0	0.11925544	0.7632688	6.94668	0.013026636	0.09915868	4525.0	1.0
SPIKE	S134:G>C	0	1335	0.0	-1.0	0.0	TRUE	G	1.14798146E-4	5.0	0.31392783	0.5948407	7.353258	0.030378513	0.11923917	4525.0	1.0
SPIKE	S134:G>T	0	1335	0.0	-1.0	0.0	TRUE	G	2.5713722E-5	0.0	0.32921052	0.89015955	2.8376958	0.018034086	0.089933515	4525.0	1.0
SPIKE	S135:C>T	2	1335	0.0014981274	-1.0	40.0	TRUE	C	7.514642E-5	9.0	0.12688263	0.7117436	6.94668	0.016540157	0.09643103	4525.0	1.0
SPIKE	S135:C>A	0	1335	0.0	-1.0	0.0	TRUE	C	2.0746003E-5	5.0	0.19478035	0.910396	2.8376958	0.012120917	0.15026246	4525.0	1.0
SPIKE	S135:C>G	0	1335	0.0	-1.0	0.0	TRUE	C	8.836419E-5	0.0	0.04839692	0.67042196	7.353258	0.016858615	0.7363038	4525.0	1.0
SPIKE	S136:C>A	1	1335	7.490637E-4	-1.0	40.0	TRUE	C	1.0235207E-4	14.0	0.19478035	0.62930256	2.8376958	0.012120917	0.15026246	4525.0	0.0
SPIKE	S136:C>G	0	1335	0.0	-1.0	0.0	TRUE	C	8.836419E-5	1.0	0.04839692	0.67042196	7.353258	0.016858615	0.7363038	4525.0	1.0
SPIKE	S136:C>T	0	1335	0.0	-1.0	0.0	TRUE	C	7.514642E-5	5.0	0.12688263	0.7117436	6.94668	0.016540157	0.09643103	4525.0	1.0
SPIKE	S137:T>A	0	1335	0.0	-1.0	0.0	TRUE	T	9.171696E-6	2.0	0.4160577	0.9593475	1.2989625	0.016142262	0.09962879	4525.0	1.0
SPIKE	S137:T>G	0	1335	0.0	-1.0	0.0	TRUE	T	8.097455E-4	3.0	0.20957895	0.025627265	52.2348	0.026182517	0.13453995	4525.0	1.0
SPIKE	S137:T>C	0	1335	0.0	-1.0	0.0	TRUE	T	1.239817E-4	6.0	0.0977269	0.57062835	10.594182	0.017315436	0.10273263	4525.0	1.0
SPIKE	S138:G>A	0	1335	0.0	-1.0	0.0	TRUE	G	5.9700546E-5	7.0	0.11925544	0.7632688	6.94668	0.013026636	0.09915868	4525.0	1.0
SPIKE	S138:G>C	0	1335	0.0	-1.0	0.0	TRUE	G	1.14798146E-4	0.0	0.31392783	0.5948407	7.353258	0.030378513	0.11923917	4525.0	1.0
SPIKE	S138:G>T	0	1335	0.0	-1.0	0.0	TRUE	G	2.5713722E-5	3.0	0.32921052	0.89015955	2.8376958	0.018034086	0.089933515	4525.0	1.0
SPIKE	S139:A>G	0	1335	0.0	-1.0	0.0	TRUE	A	9.133782E-5	0.0	0.0772093	0.6614614	10.594182	0.012472723	0.08921043	4525.0	1.0
SPIKE	S139:A>C	0	1335	0.0	-1.0	0.0	TRUE	A	0.004369945	1222.0	0.010318397	2.5838103E-9	52.2348	0.0048238137	0.08393078	4525.0	0.0
SPIKE	S139:A>T	0	1335	0.0	-1.0	0.0	TRUE	A	1.0182512E-5	3.0	0.425	0.9549695	1.2989625	0.018200014	0.12407763	4525.0	1.0
SPIKE	I140:>T	1	1335	7.490637E-4	-1.0	38.98352	TRUE		NaN	NaN	NaN	NaN	NaN	NaN	NaN	NaN	NaN
SPIKE	S140:T>A	0	1335	0.0	-1.0	0.0	TRUE	T	9.171696E-6	2.0	0.4160577	0.9593475	1.2989625	0.016142262	0.09962879	4525.0	1.0
SPIKE	S140:T>G	0	1335	0.0	-1.0	0.0	TRUE	T	8.097455E-4	2.0	0.20957895	0.025627265	52.2348	0.026182517	0.13453995	4525.0	1.0
SPIKE	S140:T>C	0	1335	0.0	-1.0	0.0	TRUE	T	1.239817E-4	2.0	0.0977269	0.57062835	10.594182	0.017315436	0.10273263	4525.0	1.0
SPIKE	S141:T>C	1	1335	7.490637E-4	-1.0	37.0	TRUE	T	1.239817E-4	2.0	0.0977269	0.57062835	10.594182	0.017315436	0.10273263	4525.0	1.0
SPIKE	S141:T>A	0	1335	0.0	-1.0	0.0	TRUE	T	9.171696E-6	3.0	0.4160577	0.9593475	1.2989625	0.016142262	0.09962879	4525.0	1.0
SPIKE	S141:T>G	0	1335	0.0	-1.0	0.0	TRUE	T	1.7052235E-4	11.0	0.20957895	0.46226653	52.2348	0.026182517	0.13453995	4525.0	0.0
SPIKE	S142:A>G	0	1335	0.0	-1.0	0.0	TRUE	A	1.3794412E-4	16.0	0.0772093	0.5356913	10.594182	0.012472723	0.08921043	4525.0	0.0
SPIKE	S142:A>C	0	1335	0.0	-1.0	0.0	TRUE	A	3.182693E-4	89.0	0.010318397	0.23688781	52.2348	0.0048238137	0.08393078	4525.0	0.0
SPIKE	S142:A>T	0	1335	0.0	-1.0	0.0	TRUE	A	1.0182512E-5	1.0	0.425	0.9549695	1.2989625	0.018200014	0.12407763	4525.0	1.0
SPIKE	D143-144:G>	2	1335	0.0014981274	-1.0	38.90337	TRUE		NaN	NaN	NaN	NaN	NaN	NaN	NaN	NaN	NaN
SPIKE	S143:G>A	0	1335	0.0	-1.0	0.0	TRUE	G	5.9700546E-5	5.0	0.11925544	0.7632688	6.94668	0.013026636	0.09915868	4525.0	1.0
SPIKE	S143:G>C	0	1335	0.0	-1.0	0.0	TRUE	G	1.14798146E-4	4.0	0.31392783	0.5948407	7.353258	0.030378513	0.11923917	4525.0	1.0
SPIKE	S143:G>T	0	1335	0.0	-1.0	0.0	TRUE	G	2.5713722E-5	0.0	0.32921052	0.89015955	2.8376958	0.018034086	0.089933515	4525.0	1.0
SPIKE	D144-145:C>	1	1335	7.490637E-4	-1.0	38.95056	TRUE		NaN	NaN	NaN	NaN	NaN	NaN	NaN	NaN	NaN
SPIKE	S144:C>T	3	1335	0.002247191	-1.0	38.0	TRUE	C	7.514642E-5	9.0	0.12688263	0.7117436	6.94668	0.016540157	0.09643103	4525.0	1.0
SPIKE	S144:C>A	0	1335	0.0	-1.0	0.0	TRUE	C	2.0746003E-5	2.0	0.19478035	0.910396	2.8376958	0.012120917	0.15026246	4525.0	1.0
SPIKE	S144:C>G	0	1335	0.0	-1.0	0.0	TRUE	C	8.836419E-5	3.0	0.04839692	0.67042196	7.353258	0.016858615	0.7363038	4525.0	1.0
SPIKE	S145:C>T	1	1335	7.490637E-4	-1.0	38.0	TRUE	C	7.514642E-5	8.0	0.12688263	0.7117436	6.94668	0.016540157	0.09643103	4525.0	1.0
SPIKE	S145:C>A	0	1335	0.0	-1.0	0.0	TRUE	C	2.0746003E-5	3.0	0.19478035	0.910396	2.8376958	0.012120917	0.15026246	4525.0	1.0
SPIKE	S145:C>G	0	1335	0.0	-1.0	0.0	TRUE	C	8.836419E-5	1.0	0.04839692	0.67042196	7.353258	0.016858615	0.7363038	4525.0	1.0
SPIKE	S146:C>T	1	1335	7.490637E-4	-1.0	39.0	TRUE	C	1.7308163E-4	16.0	0.12688263	0.45694402	6.94668	0.016540157	0.09643103	4525.0	0.0
SPIKE	S146:C>A	0	1335	0.0	-1.0	0.0	TRUE	C	8.0419486E-5	11.0	0.19478035	0.69496197	2.8376958	0.012120917	0.15026246	4525.0	0.0
SPIKE	S146:C>G	0	1335	0.0	-1.0	0.0	TRUE	C	8.836419E-5	2.0	0.04839692	0.67042196	7.353258	0.016858615	0.7363038	4525.0	1.0
SPIKE	S147:G>A	0	1335	0.0	-1.0	0.0	TRUE	G	5.9700546E-5	4.0	0.11925544	0.7632688	6.94668	0.013026636	0.09915868	4525.0	1.0
SPIKE	S147:G>C	0	1335	0.0	-1.0	0.0	TRUE	G	1.14798146E-4	2.0	0.31392783	0.5948407	7.353258	0.030378513	0.11923917	4525.0	1.0
SPIKE	S147:G>T	0	1335	0.0	-1.0	0.0	TRUE	G	2.5713722E-5	2.0	0.32921052	0.89015955	2.8376958	0.018034086	0.089933515	4525.0	1.0
SPIKE	S148:T>A	0	1332	0.0	-1.0	0.0	TRUE	T	9.171696E-6	1.0	0.4160577	0.9593475	1.2960434	0.016142262	0.09962879	4525.0	1.0
SPIKE	S148:T>G	0	1332	0.0	-1.0	0.0	TRUE	T	8.097455E-4	4.0	0.20957895	0.025627265	52.117416	0.026182517	0.13453995	4525.0	1.0
SPIKE	S148:T>C	0	1332	0.0	-1.0	0.0	TRUE	T	1.4075002E-4	12.0	0.0977269	0.5289328	10.5703745	0.017315436	0.10273263	4525.0	0.0
SPIKE	S149:G>A	0	1332	0.0	-1.0	0.0	TRUE	G	9.4748146E-5	11.0	0.11925544	0.65133226	6.9310694	0.013026636	0.09915868	4525.0	0.0
SPIKE	S149:G>C	0	1332	0.0	-1.0	0.0	TRUE	G	1.14798146E-4	2.0	0.31392783	0.5948407	7.3367343	0.030378513	0.11923917	4525.0	1.0
SPIKE	S149:G>T	0	1332	0.0	-1.0	0.0	TRUE	G	2.5713722E-5	3.0	0.32921052	0.89015955	2.8313189	0.018034086	0.089933515	4525.0	1.0
SPIKE	S150:C>A	0	1331	0.0	-1.0	0.0	TRUE	C	2.0746003E-5	8.0	0.19478035	0.910396	2.8291934	0.012120917	0.15026246	4525.0	1.0
SPIKE	S150:C>G	0	1331	0.0	-1.0	0.0	TRUE	C	8.836419E-5	3.0	0.04839692	0.67042196	7.331226	0.016858615	0.7363038	4525.0	1.0
SPIKE	S150:C>T	0	1331	0.0	-1.0	0.0	TRUE	C	7.514642E-5	7.0	0.12688263	0.7117436	6.925866	0.016540157	0.09643103	4525.0	1.0
SPIKE	S151:T>A	0	1330	0.0	-1.0	0.0	TRUE	T	9.171696E-6	2.0	0.4160577	0.9593475	1.2940974	0.016142262	0.09962879	4525.0	1.0
SPIKE	S151:T>G	0	1330	0.0	-1.0	0.0	TRUE	T	8.097455E-4	7.0	0.20957895	0.025627265	52.03916	0.026182517	0.13453995	4525.0	1.0
SPIKE	S151:T>C	0	1330	0.0	-1.0	0.0	TRUE	T	3.993914E-4	34.0	0.0977269	0.16410545	10.554503	0.017315436	0.10273263	4525.0	0.0
SPIKE	S152:G>A	0	1329	0.0	-1.0	0.0	TRUE	G	5.9700546E-5	9.0	0.11925544	0.7632688	6.915459	0.013026636	0.09915868	4525.0	1.0
SPIKE	S152:G>C	0	1329	0.0	-1.0	0.0	TRUE	G	1.14798146E-4	0.0	0.31392783	0.5948407	7.32021	0.030378513	0.11923917	4525.0	1.0
SPIKE	S152:G>T	0	1329	0.0	-1.0	0.0	TRUE	G	2.5713722E-5	2.0	0.32921052	0.89015955	2.824942	0.018034086	0.089933515	4525.0	1.0
SPIKE	S153:G>A	0	1323	0.0	-1.0	0.0	TRUE	G	5.9700546E-5	3.0	0.11925544	0.7632688	6.884238	0.013026636	0.09915868	4525.0	1.0
SPIKE	S153:G>C	0	1323	0.0	-1.0	0.0	TRUE	G	1.14798146E-4	0.0	0.31392783	0.5948407	7.2871614	0.030378513	0.11923917	4525.0	1.0
SPIKE	S153:G>T	0	1323	0.0	-1.0	0.0	TRUE	G	2.5713722E-5	0.0	0.32921052	0.89015955	2.8121884	0.018034086	0.089933515	4525.0	1.0
