#pipeline_block
reference	mutation	count	coverage	freq	score	cqs	has.reference	ancestral.allele	error.rate	minor.count.local	minor.fdr	minor.recall	minor.count.global	read.fraction.in.minors	q.filtered.read.fraction	mig.size	global.est
SPIKE	S0:T>A	0	294816	0.0	-1.0	0.0	TRUE	T	5.3543237E-5	59.0	9.600548E-4	0.99882275	31.75192	0.26780632	0.007440117	22.0	0.0
SPIKE	S0:T>G	0	294816	0.0	-1.0	0.0	TRUE	T	1.5973072E-5	30.0	7.2166836E-4	0.99964863	150.15373	0.15708393	0.0075429464	22.0	0.0
SPIKE	S0:T>C	0	294816	0.0	-1.0	0.0	TRUE	T	1.1776958E-4	190.0	0.001007482	0.99741244	212.63303	0.18292302	0.012170386	22.0	0.0
SPIKE	S1:A>G	0	294983	0.0	-1.0	0.0	TRUE	A	1.4701867E-4	267.0	0.0010387118	0.9967708	212.75348	0.16259588	0.010462427	22.0	0.0
SPIKE	S1:A>C	0	294983	0.0	-1.0	0.0	TRUE	A	3.958147E-4	458.0	7.0797023E-4	0.9913299	150.2388	0.25511208	0.023987267	22.0	0.0
SPIKE	S1:A>T	0	294983	0.0	-1.0	0.0	TRUE	A	8.562396E-5	86.0	8.0280635E-4	0.99811804	31.769907	0.29392913	0.008321684	22.0	0.0
SPIKE	S2:G>A	0	295174	0.0	-1.0	0.0	TRUE	G	1.364552E-4	238.0	0.0012027763	0.9970025	186.20615	0.16943921	0.011418601	22.0	0.0
SPIKE	S2:G>C	0	295174	0.0	-1.0	0.0	TRUE	G	2.3555576E-5	37.0	9.399387E-4	0.9994819	106.07644	0.18809554	0.00802921	22.0	0.0
SPIKE	S2:G>T	0	295174	0.0	-1.0	0.0	TRUE	G	1.4246214E-5	20.0	9.373357E-4	0.99968666	51.82746	0.21045287	0.008562895	22.0	0.0
SPIKE	S3:C>A	0	295408	0.0	-1.0	0.0	TRUE	C	5.4814176E-5	6.0	9.7235217E-4	0.9987948	51.868546	0.31248817	0.0096882405	22.0	1.0
SPIKE	S3:C>G	0	295408	0.0	-1.0	0.0	TRUE	C	6.955598E-5	114.0	0.0010329497	0.99847096	106.16053	0.18042666	0.0077086845	22.0	0.0
SPIKE	S3:C>T	0	295408	0.0	-1.0	0.0	TRUE	C	1.7268654E-4	297.0	9.832592E-4	0.99620813	186.35376	0.17192996	0.010096681	22.0	0.0
SPIKE	S4:G>A	69	295581	2.3343855E-4	175.00682	39.95652	TRUE	G	1.0992993E-4	192.0	0.0012027763	0.99758446	186.46289	0.16943921	0.011418601	22.0	0.0
SPIKE	S4:G>C	2	295581	6.766335E-6	3.9120662	36.0	TRUE	G	4.7046284E-5	74.0	9.399387E-4	0.9989655	106.2227	0.18809554	0.00802921	22.0	0.0
SPIKE	S4:G>T	1	295581	3.3831675E-6	4.2596874	40.0	TRUE	G	3.2721175E-5	46.0	9.373357E-4	0.9992804	51.898922	0.21045287	0.008562895	22.0	0.0
SPIKE	S5:T>A	11	295717	3.7197726E-5	34.362686	37.363636	TRUE	T	2.8815264E-5	7.0	9.600548E-4	0.9993663	31.848959	0.26780632	0.007440117	22.0	1.0
SPIKE	S5:T>G	1	295717	3.3816116E-6	2.0412	40.0	TRUE	T	5.9981925E-5	113.0	7.2166836E-4	0.99868125	150.61263	0.15708393	0.0075429464	22.0	0.0
SPIKE	S5:T>C	41	295717	1.3864606E-4	71.57945	39.73171	TRUE	T	2.03306E-4	329.0	0.001007482	0.9955373	213.28287	0.18292302	0.012170386	22.0	0.0
SPIKE	I6:>G	1	295857	3.3800113E-6	-1.0	39.96301	TRUE		NaN	NaN	NaN	NaN	NaN	NaN	NaN	NaN	NaN
SPIKE	S6:G>A	101	295857	3.4138115E-4	292.9852	38.0099	TRUE	G	6.406597E-5	112.0	0.0012027763	0.99859154	186.63701	0.16943921	0.011418601	22.0	0.0
SPIKE	S6:G>C	2	295857	6.7600226E-6	3.9120662	40.0	TRUE	G	6.753221E-5	2.0	9.399387E-4	0.99851537	106.321884	0.18809554	0.00802921	22.0	1.0
SPIKE	S6:G>T	1	295857	3.3800113E-6	2.0412	40.0	TRUE	G	5.187864E-5	73.0	9.373357E-4	0.99885935	51.947384	0.21045287	0.008562895	22.0	0.0
SPIKE	S7:A>G	1	295966	3.3787665E-6	1.0720997	33.0	TRUE	A	9.5491705E-5	174.0	0.0010387118	0.9979014	213.46246	0.16259588	0.010462427	22.0	0.0
SPIKE	S7:A>C	26	295966	8.7847926E-5	68.00451	39.884617	TRUE	A	5.943342E-5	69.0	7.0797023E-4	0.99869335	150.73944	0.25511208	0.023987267	22.0	0.0
SPIKE	D7-8:A>	262	295966	8.8523683E-4	-1.0	39.88871	TRUE		NaN	NaN	NaN	NaN	NaN	NaN	NaN	NaN	NaN
SPIKE	I7:>A	3	295966	1.0136299E-5	-1.0	39.88871	TRUE		NaN	NaN	NaN	NaN	NaN	NaN	NaN	NaN	NaN
SPIKE	S7:A>T	0	295966	0.0	-1.0	0.0	TRUE	A	3.163099E-5	7.0	8.0280635E-4	0.99930435	31.875776	0.29392913	0.008321684	22.0	1.0
SPIKE	S8:A>G	2	295991	6.756962E-6	0.7986036	40.0	TRUE	A	1.4377422E-4	262.0	0.0010387118	0.99684197	213.48048	0.16259588	0.010462427	22.0	0.0
SPIKE	S8:A>C	24	295991	8.108355E-5	73.49659	40.0	TRUE	A	2.239331E-5	26.0	7.0797023E-4	0.9995075	150.75218	0.25511208	0.023987267	22.0	0.0
SPIKE	S8:A>T	0	295991	0.0	-1.0	0.0	TRUE	A	3.163099E-5	2.0	8.0280635E-4	0.99930435	31.87847	0.29392913	0.008321684	22.0	1.0
SPIKE	I9:>G	1	296016	3.3781957E-6	-1.0	39.949757	TRUE		NaN	NaN	NaN	NaN	NaN	NaN	NaN	NaN	NaN
SPIKE	S9:G>A	84	296016	2.8376846E-4	229.27753	39.82143	TRUE	G	8.232629E-5	144.0	0.0012027763	0.99819046	186.7373	0.16943921	0.011418601	22.0	0.0
SPIKE	S9:G>C	1	296016	3.3781957E-6	2.0412	40.0	TRUE	G	6.753221E-5	3.0	9.399387E-4	0.99851537	106.37903	0.18809554	0.00802921	22.0	1.0
SPIKE	D9-10:G>	106	296016	3.5808876E-4	-1.0	39.949757	TRUE		NaN	NaN	NaN	NaN	NaN	NaN	NaN	NaN	NaN
SPIKE	D9-11:GA>	30	296016	1.01345875E-4	-1.0	39.949757	TRUE		NaN	NaN	NaN	NaN	NaN	NaN	NaN	NaN	NaN
SPIKE	S9:G>T	0	296016	0.0	-1.0	0.0	TRUE	G	3.6917256E-5	4.0	9.373357E-4	0.9991881	51.9753	0.21045287	0.008562895	22.0	1.0
SPIKE	S10:A>G	7	296018	2.3647211E-5	3.4907904	40.0	TRUE	A	2.0411881E-4	372.0	0.0010387118	0.99551946	213.49995	0.16259588	0.010462427	22.0	0.0
SPIKE	S10:A>C	19	296018	6.418529E-5	58.445087	39.842106	TRUE	A	3.35869E-5	39.0	7.0797023E-4	0.9992614	150.76593	0.25511208	0.023987267	22.0	0.0
SPIKE	D10-11:A>	88	296018	2.972792E-4	-1.0	39.906887	TRUE		NaN	NaN	NaN	NaN	NaN	NaN	NaN	NaN	NaN
SPIKE	I10:>A	2	296018	6.756346E-6	-1.0	39.906887	TRUE		NaN	NaN	NaN	NaN	NaN	NaN	NaN	NaN	NaN
SPIKE	D10-12:AC>	6	296018	2.0269037E-5	-1.0	39.906887	TRUE		NaN	NaN	NaN	NaN	NaN	NaN	NaN	NaN	NaN
SPIKE	S10:A>T	0	296018	0.0	-1.0	0.0	TRUE	A	3.163099E-5	9.0	8.0280635E-4	0.99930435	31.881376	0.29392913	0.008321684	22.0	1.0
SPIKE	I11:>C	1	296022	3.3781273E-6	-1.0	39.87958	TRUE		NaN	NaN	NaN	NaN	NaN	NaN	NaN	NaN	NaN
SPIKE	S11:C>G	6	296022	2.0268764E-5	19.311188	40.0	TRUE	C	1.5830741E-5	26.0	0.0010329497	0.9996518	106.38118	0.18042666	0.0077086845	22.0	0.0
SPIKE	S11:C>T	26	296022	8.783131E-5	52.27921	39.923077	TRUE	C	1.2765064E-4	220.0	9.832592E-4	0.9971956	186.74109	0.17192996	0.010096681	22.0	0.0
SPIKE	D11-13:CG>	6	296022	2.0268764E-5	-1.0	39.87958	TRUE		NaN	NaN	NaN	NaN	NaN	NaN	NaN	NaN	NaN
SPIKE	D11-12:C>	115	296022	3.8848465E-4	-1.0	39.87958	TRUE		NaN	NaN	NaN	NaN	NaN	NaN	NaN	NaN	NaN
SPIKE	S11:C>A	0	296022	0.0	-1.0	0.0	TRUE	C	4.7456924E-5	45.0	9.7235217E-4	0.9989565	51.976357	0.31248817	0.0096882405	22.0	0.0
SPIKE	I12:>G	2	296025	6.756186E-6	-1.0	39.928543	TRUE		NaN	NaN	NaN	NaN	NaN	NaN	NaN	NaN	NaN
SPIKE	S12:G>A	112	296025	3.7834642E-4	325.65372	39.723213	TRUE	G	6.688808E-5	117.0	0.0012027763	0.99852955	186.743	0.16943921	0.011418601	22.0	0.0
SPIKE	S12:G>C	1	296025	3.378093E-6	4.2596874	40.0	TRUE	G	2.6027088E-5	41.0	9.399387E-4	0.99942756	106.38226	0.18809554	0.00802921	22.0	0.0
SPIKE	D12-13:G>	110	296025	3.7159023E-4	-1.0	39.928543	TRUE		NaN	NaN	NaN	NaN	NaN	NaN	NaN	NaN	NaN
SPIKE	D12-15:GAC>	1	296025	3.378093E-6	-1.0	39.928543	TRUE		NaN	NaN	NaN	NaN	NaN	NaN	NaN	NaN	NaN
SPIKE	D12-14:GA>	10	296025	3.3780932E-5	-1.0	39.928543	TRUE		NaN	NaN	NaN	NaN	NaN	NaN	NaN	NaN	NaN
SPIKE	S12:G>T	0	296025	0.0	-1.0	0.0	TRUE	G	7.812893E-6	11.0	9.373357E-4	0.99982816	51.976883	0.21045287	0.008562895	22.0	0.0
SPIKE	S13:A>G	6	296026	2.026849E-5	2.5461562	40.0	TRUE	A	2.2002535E-4	401.0	0.0010387118	0.9951711	213.50574	0.16259588	0.010462427	22.0	0.0
SPIKE	S13:A>C	14	296026	4.7293142E-5	43.393585	39.785713	TRUE	A	3.2724813E-5	38.0	7.0797023E-4	0.99928033	150.77	0.25511208	0.023987267	22.0	0.0
SPIKE	D13-14:A>	73	296026	2.4659996E-4	-1.0	39.877033	TRUE		NaN	NaN	NaN	NaN	NaN	NaN	NaN	NaN	NaN
SPIKE	I13:>A	1	296026	3.3780816E-6	-1.0	39.877033	TRUE		NaN	NaN	NaN	NaN	NaN	NaN	NaN	NaN	NaN
SPIKE	S13:A>T	0	296026	0.0	-1.0	0.0	TRUE	A	4.6629615E-5	47.0	8.0280635E-4	0.9989747	31.882238	0.29392913	0.008321684	22.0	0.0
SPIKE	I14:>C	2	296028	6.7561177E-6	-1.0	39.929676	TRUE		NaN	NaN	NaN	NaN	NaN	NaN	NaN	NaN	NaN
SPIKE	D14-16:CA>	19	296028	6.418312E-5	-1.0	39.929676	TRUE		NaN	NaN	NaN	NaN	NaN	NaN	NaN	NaN	NaN
SPIKE	S14:C>G	4	296028	1.35122355E-5	8.284564	40.0	TRUE	C	6.47728E-5	1.0	0.0010329497	0.998576	106.38334	0.18042666	0.0077086845	22.0	1.0
SPIKE	S14:C>T	29	296028	9.7963704E-5	76.59832	39.827587	TRUE	C	7.310752E-5	126.0	9.832592E-4	0.99839294	186.74489	0.17192996	0.010096681	22.0	0.0
SPIKE	D14-15:C>	91	296028	3.0740336E-4	-1.0	39.929676	TRUE		NaN	NaN	NaN	NaN	NaN	NaN	NaN	NaN	NaN
SPIKE	S14:C>A	0	296028	0.0	-1.0	0.0	TRUE	C	5.0619696E-5	48.0	9.7235217E-4	0.998887	51.97741	0.31248817	0.0096882405	22.0	0.0
SPIKE	S15:A>G	1	296029	3.3780475E-6	0.3166301	40.0	TRUE	A	1.5911896E-4	290.0	0.0010387118	0.9965055	213.50789	0.16259588	0.010462427	22.0	0.0
SPIKE	S15:A>C	12	296029	4.0536568E-5	37.372986	40.0	TRUE	A	4.133619E-5	48.0	7.0797023E-4	0.999091	150.77153	0.25511208	0.023987267	22.0	0.0
SPIKE	D15-16:A>	82	296029	2.769999E-4	-1.0	39.909218	TRUE		NaN	NaN	NaN	NaN	NaN	NaN	NaN	NaN	NaN
SPIKE	I15:>A	1	296029	3.3780475E-6	-1.0	39.909218	TRUE		NaN	NaN	NaN	NaN	NaN	NaN	NaN	NaN	NaN
SPIKE	S15:A>T	0	296029	0.0	-1.0	0.0	TRUE	A	3.163099E-5	9.0	8.0280635E-4	0.99930435	31.882563	0.29392913	0.008321684	22.0	1.0
SPIKE	I16:>G	1	296029	3.3780475E-6	-1.0	39.965584	TRUE		NaN	NaN	NaN	NaN	NaN	NaN	NaN	NaN	NaN
SPIKE	S16:G>A	102	296029	3.4456083E-4	295.95312	39.89216	TRUE	G	5.8311896E-5	102.0	0.0012027763	0.99871796	186.74551	0.16943921	0.011418601	22.0	0.0
SPIKE	S16:G>T	1	296029	3.3780475E-6	4.2596874	40.0	TRUE	G	3.6917256E-5	5.0	9.373357E-4	0.9991881	51.977585	0.21045287	0.008562895	22.0	1.0
SPIKE	S16:G>C	1	296029	3.3780475E-6	2.0412	40.0	TRUE	G	6.753221E-5	2.0	9.399387E-4	0.99851537	106.3837	0.18809554	0.00802921	22.0	1.0
SPIKE	D16-17:G>	32	296029	1.0809752E-4	-1.0	39.965584	TRUE		NaN	NaN	NaN	NaN	NaN	NaN	NaN	NaN	NaN
SPIKE	D16-18:GA>	2	296029	6.756095E-6	-1.0	39.965584	TRUE		NaN	NaN	NaN	NaN	NaN	NaN	NaN	NaN	NaN
SPIKE	S17:A>G	1	296030	3.378036E-6	0.027655387	40.0	TRUE	A	2.650145E-4	483.0	0.0010387118	0.99418664	213.50862	0.16259588	0.010462427	22.0	0.0
SPIKE	S17:A>C	16	296030	5.4048574E-5	-1.0	39.5625	TRUE	A	1.11951795E-5	13.0	7.0797023E-4	0.9997537	150.77205	0.25511208	0.023987267	22.0	0.0
SPIKE	D17-18:A>	134	296030	4.5265682E-4	-1.0	39.8996	TRUE		NaN	NaN	NaN	NaN	NaN	NaN	NaN	NaN	NaN
SPIKE	I17:>A	1	296030	3.378036E-6	-1.0	39.8996	TRUE		NaN	NaN	NaN	NaN	NaN	NaN	NaN	NaN	NaN
SPIKE	S17:A>T	0	296030	0.0	-1.0	0.0	TRUE	A	3.3731605E-5	34.0	8.0280635E-4	0.99925816	31.88267	0.29392913	0.008321684	22.0	0.0
SPIKE	S18:A>G	7	296030	2.3646253E-5	4.6997046	39.714287	TRUE	A	1.7009211E-4	310.0	0.0010387118	0.996265	213.50862	0.16259588	0.010462427	22.0	0.0
SPIKE	S18:A>T	1	296030	3.378036E-6	4.2596874	40.0	TRUE	A	3.163099E-5	2.0	8.0280635E-4	0.99930435	31.88267	0.29392913	0.008321684	22.0	1.0
SPIKE	S18:A>C	56	296030	1.8917002E-4	-1.0	39.69643	TRUE	A	8.611677E-6	10.0	7.0797023E-4	0.9998106	150.77205	0.25511208	0.023987267	22.0	0.0
SPIKE	S19:C>G	3	296030	1.0134108E-5	6.0206	39.333332	TRUE	C	6.47728E-5	0.0	0.0010329497	0.998576	106.384056	0.18042666	0.0077086845	22.0	1.0
SPIKE	S19:C>T	28	296030	9.458501E-5	64.779274	40.0	TRUE	C	1.0037711E-4	173.0	9.832592E-4	0.99779415	186.74614	0.17192996	0.010096681	22.0	0.0
SPIKE	S19:C>A	0	296030	0.0	-1.0	0.0	TRUE	C	1.7927687E-5	17.0	9.7235217E-4	0.99960566	51.97776	0.31248817	0.0096882405	22.0	0.0
SPIKE	S20:C>G	29	296030	9.796304E-5	76.59832	39.896553	TRUE	C	6.47728E-5	1.0	0.0010329497	0.998576	106.384056	0.18042666	0.0077086845	22.0	1.0
SPIKE	S20:C>T	16	296030	5.4048574E-5	32.922462	39.625	TRUE	C	8.645196E-5	149.0	9.832592E-4	0.99809986	186.74614	0.17192996	0.010096681	22.0	0.0
SPIKE	S20:C>A	0	296030	0.0	-1.0	0.0	TRUE	C	5.4814176E-5	2.0	9.7235217E-4	0.9987948	51.97776	0.31248817	0.0096882405	22.0	1.0
SPIKE	S21:A>G	7	296030	2.3646253E-5	3.4907904	40.0	TRUE	A	2.1508422E-4	392.0	0.0010387118	0.9952793	213.50862	0.16259588	0.010462427	22.0	0.0
SPIKE	S21:A>C	15	296030	5.067054E-5	46.403885	40.0	TRUE	A	4.1336047E-5	48.0	7.0797023E-4	0.999091	150.77205	0.25511208	0.023987267	22.0	0.0
SPIKE	S21:A>T	0	296030	0.0	-1.0	0.0	TRUE	A	3.163099E-5	8.0	8.0280635E-4	0.99930435	31.88267	0.29392913	0.008321684	22.0	1.0
SPIKE	S22:A>C	296026	296030	0.99998647	9999.0	39.993416	TRUE	C	1.2984002E-4	0.0	7.0797023E-4	0.9971476	150.77205	0.25511208	0.023987267	22.0	1.0
SPIKE	S22:A>G	0	296030	0.0	-1.0	0.0	TRUE	C	1.1714881E-4	0.0	0.0010387118	0.99742603	213.50862	0.16259588	0.010462427	22.0	1.0
SPIKE	S22:A>T	0	296030	0.0	-1.0	0.0	TRUE	C	3.163099E-5	0.0	8.0280635E-4	0.99930435	31.88267	0.29392913	0.008321684	22.0	1.0
SPIKE	S23:A>G	0	296030	0.0	-1.0	0.0	TRUE	A	1.1714881E-4	0.0	0.0010387118	0.99742603	213.50862	0.16259588	0.010462427	22.0	1.0
SPIKE	S23:A>C	0	296030	0.0	-1.0	0.0	TRUE	A	1.3778683E-5	16.0	7.0797023E-4	0.9996969	150.77205	0.25511208	0.023987267	22.0	0.0
SPIKE	S23:A>T	0	296030	0.0	-1.0	0.0	TRUE	A	3.163099E-5	0.0	8.0280635E-4	0.99930435	31.88267	0.29392913	0.008321684	22.0	1.0
SPIKE	S24:A>G	0	296030	0.0	-1.0	0.0	TRUE	A	1.1714881E-4	1.0	0.0010387118	0.99742603	213.50862	0.16259588	0.010462427	22.0	1.0
SPIKE	S24:A>C	0	296030	0.0	-1.0	0.0	TRUE	A	1.2984002E-4	0.0	7.0797023E-4	0.9971476	150.77205	0.25511208	0.023987267	22.0	1.0
SPIKE	S24:A>T	0	296030	0.0	-1.0	0.0	TRUE	A	3.163099E-5	0.0	8.0280635E-4	0.99930435	31.88267	0.29392913	0.008321684	22.0	1.0
SPIKE	S25:A>G	296026	296030	0.99998647	9999.0	39.99341	TRUE	G	1.1714881E-4	0.0	0.0010387118	0.99742603	213.50862	0.16259588	0.010462427	22.0	1.0
SPIKE	S25:A>C	0	296030	0.0	-1.0	0.0	TRUE	G	1.2984002E-4	0.0	7.0797023E-4	0.9971476	150.77205	0.25511208	0.023987267	22.0	1.0
SPIKE	S25:A>T	0	296030	0.0	-1.0	0.0	TRUE	G	3.163099E-5	0.0	8.0280635E-4	0.99930435	31.88267	0.29392913	0.008321684	22.0	1.0
SPIKE	S26:T>C	1	296030	3.378036E-6	0.05119444	40.0	TRUE	T	2.2593106E-4	366.0	0.001007482	0.99504185	213.50862	0.18292302	0.012170386	22.0	0.0
SPIKE	S26:T>A	0	296030	0.0	-1.0	0.0	TRUE	T	2.8815264E-5	5.0	9.600548E-4	0.9993663	31.88267	0.26780632	0.007440117	22.0	1.0
SPIKE	S26:T>G	0	296030	0.0	-1.0	0.0	TRUE	T	1.5377314E-5	29.0	7.2166836E-4	0.99966174	150.77205	0.15708393	0.0075429464	22.0	0.0
SPIKE	S27:G>A	9	296030	3.0402323E-5	28.342087	39.22222	TRUE	G	4.1161198E-5	72.0	0.0012027763	0.99909484	186.74614	0.16943921	0.011418601	22.0	0.0
SPIKE	S27:G>T	1	296030	3.378036E-6	-1.0	37.0	TRUE	G	1.2074267E-5	17.0	9.373357E-4	0.9997344	51.97776	0.21045287	0.008562895	22.0	0.0
SPIKE	S27:G>C	0	296030	0.0	-1.0	0.0	TRUE	G	6.753221E-5	0.0	9.399387E-4	0.99851537	106.384056	0.18809554	0.00802921	22.0	1.0
SPIKE	S28:G>A	10	296030	3.378036E-5	18.164799	40.0	TRUE	G	8.5180814E-5	149.0	0.0012027763	0.99812776	186.74614	0.16943921	0.011418601	22.0	0.0
SPIKE	S28:G>C	0	296030	0.0	-1.0	0.0	TRUE	G	6.753221E-5	1.0	9.399387E-4	0.99851537	106.384056	0.18809554	0.00802921	22.0	1.0
SPIKE	S28:G>T	0	296030	0.0	-1.0	0.0	TRUE	G	3.6917256E-5	4.0	9.373357E-4	0.9991881	51.97776	0.21045287	0.008562895	22.0	1.0
SPIKE	S29:G>A	16	296030	5.4048574E-5	32.922462	39.75	TRUE	G	7.54622E-5	132.0	0.0012027763	0.9983412	186.74614	0.16943921	0.011418601	22.0	0.0
SPIKE	S29:G>C	0	296030	0.0	-1.0	0.0	TRUE	G	6.753221E-5	1.0	9.399387E-4	0.99851537	106.384056	0.18809554	0.00802921	22.0	1.0
SPIKE	S29:G>T	0	296030	0.0	-1.0	0.0	TRUE	G	3.6917256E-5	1.0	9.373357E-4	0.9991881	51.97776	0.21045287	0.008562895	22.0	1.0
SPIKE	S30:A>G	0	296030	0.0	-1.0	0.0	TRUE	A	2.1563291E-4	393.0	0.0010387118	0.99526733	213.50862	0.16259588	0.010462427	22.0	0.0
SPIKE	S30:A>C	0	296030	0.0	-1.0	0.0	TRUE	A	8.611677E-6	10.0	7.0797023E-4	0.9998106	150.77205	0.25511208	0.023987267	22.0	0.0
SPIKE	S30:A>T	0	296030	0.0	-1.0	0.0	TRUE	A	3.163099E-5	5.0	8.0280635E-4	0.99930435	31.88267	0.29392913	0.008321684	22.0	1.0
SPIKE	S31:T>C	1	296030	3.378036E-6	0.3166301	40.0	TRUE	T	1.5864558E-4	257.0	0.001007482	0.99651587	213.50862	0.18292302	0.012170386	22.0	0.0
SPIKE	S31:T>A	0	296030	0.0	-1.0	0.0	TRUE	T	2.8815264E-5	4.0	9.600548E-4	0.9993663	31.88267	0.26780632	0.007440117	22.0	1.0
SPIKE	S31:T>G	0	296030	0.0	-1.0	0.0	TRUE	T	7.994722E-5	6.0	7.2166836E-4	0.99824274	150.77205	0.15708393	0.0075429464	22.0	1.0
SPIKE	S32:C>T	6	296030	2.0268217E-5	13.113299	40.0	TRUE	C	5.5700595E-5	96.0	9.832592E-4	0.99877536	186.74614	0.17192996	0.010096681	22.0	0.0
SPIKE	S32:C>A	0	296030	0.0	-1.0	0.0	TRUE	C	5.4814176E-5	0.0	9.7235217E-4	0.9987948	51.97776	0.31248817	0.0096882405	22.0	1.0
SPIKE	S32:C>G	0	296030	0.0	-1.0	0.0	TRUE	C	6.47728E-5	0.0	0.0010329497	0.998576	106.384056	0.18042666	0.0077086845	22.0	1.0
SPIKE	S33:C>T	5	296030	1.689018E-5	16.300888	40.0	TRUE	C	4.4096305E-5	76.0	9.832592E-4	0.99903035	186.74614	0.17192996	0.010096681	22.0	0.0
SPIKE	S33:C>A	1	296030	3.378036E-6	2.0412	40.0	TRUE	C	5.4814176E-5	2.0	9.7235217E-4	0.9987948	51.97776	0.31248817	0.0096882405	22.0	1.0
SPIKE	S33:C>G	0	296030	0.0	-1.0	0.0	TRUE	C	6.47728E-5	0.0	0.0010329497	0.998576	106.384056	0.18042666	0.0077086845	22.0	1.0
SPIKE	S34:A>G	5	296030	1.689018E-5	10.658173	40.0	TRUE	A	6.8585534E-5	125.0	0.0010387118	0.99849224	213.50862	0.16259588	0.010462427	22.0	0.0
SPIKE	S34:A>C	0	296030	0.0	-1.0	0.0	TRUE	A	1.2984002E-4	8.0	7.0797023E-4	0.9971476	150.77205	0.25511208	0.023987267	22.0	1.0
SPIKE	S34:A>T	0	296030	0.0	-1.0	0.0	TRUE	A	3.163099E-5	0.0	8.0280635E-4	0.99930435	31.88267	0.29392913	0.008321684	22.0	1.0
SPIKE	S35:T>A	0	296030	0.0	-1.0	0.0	TRUE	T	2.8815264E-5	2.0	9.600548E-4	0.9993663	31.88267	0.26780632	0.007440117	22.0	1.0
SPIKE	S35:T>G	0	296030	0.0	-1.0	0.0	TRUE	T	9.0142885E-6	17.0	7.2166836E-4	0.9998017	150.77205	0.15708393	0.0075429464	22.0	0.0
SPIKE	S35:T>C	0	296030	0.0	-1.0	0.0	TRUE	T	1.6296667E-4	264.0	0.001007482	0.99642116	213.50862	0.18292302	0.012170386	22.0	0.0
SPIKE	S36:T>A	0	296030	0.0	-1.0	0.0	TRUE	T	2.8815264E-5	0.0	9.600548E-4	0.9993663	31.88267	0.26780632	0.007440117	22.0	1.0
SPIKE	S36:T>G	0	296030	0.0	-1.0	0.0	TRUE	T	7.994722E-5	0.0	7.2166836E-4	0.99824274	150.77205	0.15708393	0.0075429464	22.0	1.0
SPIKE	S36:T>C	0	296030	0.0	-1.0	0.0	TRUE	T	1.851894E-5	30.0	0.001007482	0.99959266	213.50862	0.18292302	0.012170386	22.0	0.0
SPIKE	S37:A>G	5	296030	1.689018E-5	10.658173	39.4	TRUE	A	6.693948E-5	122.0	0.0010387118	0.9985284	213.50862	0.16259588	0.010462427	22.0	0.0
SPIKE	S37:A>C	0	296030	0.0	-1.0	0.0	TRUE	A	1.2984002E-4	7.0	7.0797023E-4	0.9971476	150.77205	0.25511208	0.023987267	22.0	1.0
SPIKE	S37:A>T	0	296030	0.0	-1.0	0.0	TRUE	A	3.163099E-5	1.0	8.0280635E-4	0.99930435	31.88267	0.29392913	0.008321684	22.0	1.0
SPIKE	S38:T>A	0	296030	0.0	-1.0	0.0	TRUE	T	2.8815264E-5	0.0	9.600548E-4	0.9993663	31.88267	0.26780632	0.007440117	22.0	1.0
SPIKE	S38:T>G	0	296030	0.0	-1.0	0.0	TRUE	T	7.994722E-5	6.0	7.2166836E-4	0.99824274	150.77205	0.15708393	0.0075429464	22.0	1.0
SPIKE	S38:T>C	0	296030	0.0	-1.0	0.0	TRUE	T	2.2222728E-5	36.0	0.001007482	0.99951124	213.50862	0.18292302	0.012170386	22.0	0.0
SPIKE	S39:C>T	11	296030	3.7158396E-5	26.1236	39.727272	TRUE	C	6.962574E-5	120.0	9.832592E-4	0.9984694	186.74614	0.17192996	0.010096681	22.0	0.0
SPIKE	S39:C>A	3	296030	1.0134108E-5	6.0206	38.666668	TRUE	C	5.4814176E-5	0.0	9.7235217E-4	0.9987948	51.97776	0.31248817	0.0096882405	22.0	1.0
SPIKE	S39:C>G	0	296030	0.0	-1.0	0.0	TRUE	C	6.47728E-5	0.0	0.0010329497	0.998576	106.384056	0.18042666	0.0077086845	22.0	1.0
SPIKE	S40:G>A	15	296030	5.067054E-5	30.383287	39.8	TRUE	G	8.91826E-5	156.0	0.0012027763	0.9980399	186.74614	0.16943921	0.011418601	22.0	0.0
SPIKE	S40:G>C	0	296030	0.0	-1.0	0.0	TRUE	G	6.753221E-5	0.0	9.399387E-4	0.99851537	106.384056	0.18809554	0.00802921	22.0	1.0
SPIKE	S40:G>T	0	296030	0.0	-1.0	0.0	TRUE	G	3.6917256E-5	9.0	9.373357E-4	0.9991881	51.97776	0.21045287	0.008562895	22.0	1.0
SPIKE	S41:G>A	18	296030	6.0804647E-5	45.363	38.055557	TRUE	G	4.6306348E-5	81.0	0.0012027763	0.9989818	186.74614	0.16943921	0.011418601	22.0	0.0
SPIKE	S41:G>C	0	296030	0.0	-1.0	0.0	TRUE	G	6.753221E-5	2.0	9.399387E-4	0.99851537	106.384056	0.18809554	0.00802921	22.0	1.0
SPIKE	S41:G>T	0	296030	0.0	-1.0	0.0	TRUE	G	3.6917256E-5	9.0	9.373357E-4	0.9991881	51.97776	0.21045287	0.008562895	22.0	1.0
SPIKE	S42:C>T	16	296030	5.4048574E-5	27.568455	39.8125	TRUE	C	1.2996806E-4	224.0	9.832592E-4	0.99714476	186.74614	0.17192996	0.010096681	22.0	0.0
SPIKE	S42:C>A	2	296030	6.756072E-6	3.9120662	37.0	TRUE	C	5.4814176E-5	4.0	9.7235217E-4	0.9987948	51.97776	0.31248817	0.0096882405	22.0	1.0
SPIKE	S42:C>G	0	296030	0.0	-1.0	0.0	TRUE	C	6.47728E-5	1.0	0.0010329497	0.998576	106.384056	0.18042666	0.0077086845	22.0	1.0
SPIKE	S43:G>A	9	296030	3.0402323E-5	20.808811	39.666668	TRUE	G	6.059843E-5	106.0	0.0012027763	0.9986677	186.74614	0.16943921	0.011418601	22.0	0.0
SPIKE	S43:G>C	0	296030	0.0	-1.0	0.0	TRUE	G	6.753221E-5	0.0	9.399387E-4	0.99851537	106.384056	0.18809554	0.00802921	22.0	1.0
SPIKE	S43:G>T	0	296030	0.0	-1.0	0.0	TRUE	G	3.6917256E-5	4.0	9.373357E-4	0.9991881	51.97776	0.21045287	0.008562895	22.0	1.0
SPIKE	S44:G>T	1	296030	3.378036E-6	4.2596874	34.0	TRUE	G	3.6917256E-5	4.0	9.373357E-4	0.9991881	51.97776	0.21045287	0.008562895	22.0	1.0
SPIKE	S44:G>A	12	296030	4.0536434E-5	18.50573	39.75	TRUE	G	1.234836E-4	216.0	0.0012027763	0.99728703	186.74614	0.16943921	0.011418601	22.0	0.0
SPIKE	S44:G>C	0	296030	0.0	-1.0	0.0	TRUE	G	6.753221E-5	4.0	9.399387E-4	0.99851537	106.384056	0.18809554	0.00802921	22.0	1.0
SPIKE	S45:C>T	8	296030	2.7024287E-5	18.199682	38.25	TRUE	C	4.9318234E-5	85.0	9.832592E-4	0.9989156	186.74614	0.17192996	0.010096681	22.0	0.0
SPIKE	S45:C>A	2	296030	6.756072E-6	3.9120662	40.0	TRUE	C	5.4814176E-5	2.0	9.7235217E-4	0.9987948	51.97776	0.31248817	0.0096882405	22.0	1.0
SPIKE	S45:C>G	0	296030	0.0	-1.0	0.0	TRUE	C	6.47728E-5	0.0	0.0010329497	0.998576	106.384056	0.18042666	0.0077086845	22.0	1.0
SPIKE	S46:G>A	10	296030	3.378036E-5	23.451881	39.7	TRUE	G	5.7740017E-5	101.0	0.0012027763	0.99873054	186.74614	0.16943921	0.011418601	22.0	0.0
SPIKE	S46:G>C	0	296030	0.0	-1.0	0.0	TRUE	G	6.753221E-5	0.0	9.399387E-4	0.99851537	106.384056	0.18809554	0.00802921	22.0	1.0
SPIKE	S46:G>T	0	296030	0.0	-1.0	0.0	TRUE	G	3.6917256E-5	2.0	9.373357E-4	0.9991881	51.97776	0.21045287	0.008562895	22.0	1.0
SPIKE	S47:A>G	0	296030	0.0	-1.0	0.0	TRUE	A	6.035527E-6	11.0	0.0010387118	0.9998672	213.50862	0.16259588	0.010462427	22.0	0.0
SPIKE	S47:A>C	0	296030	0.0	-1.0	0.0	TRUE	A	1.2984002E-4	0.0	7.0797023E-4	0.9971476	150.77205	0.25511208	0.023987267	22.0	1.0
SPIKE	S47:A>T	0	296030	0.0	-1.0	0.0	TRUE	A	3.163099E-5	1.0	8.0280635E-4	0.99930435	31.88267	0.29392913	0.008321684	22.0	1.0
SPIKE	S48:A>C	1	296030	3.378036E-6	0.57991946	40.0	TRUE	A	1.2984002E-4	8.0	7.0797023E-4	0.9971476	150.77205	0.25511208	0.023987267	22.0	1.0
SPIKE	S48:A>G	1	296030	3.378036E-6	4.2596874	40.0	TRUE	A	2.7434213E-5	50.0	0.0010387118	0.9993966	213.50862	0.16259588	0.010462427	22.0	0.0
SPIKE	S48:A>T	0	296030	0.0	-1.0	0.0	TRUE	A	3.163099E-5	0.0	8.0280635E-4	0.99930435	31.88267	0.29392913	0.008321684	22.0	1.0
SPIKE	D49-50:T>	1	296030	3.378036E-6	-1.0	39.921936	TRUE		NaN	NaN	NaN	NaN	NaN	NaN	NaN	NaN	NaN
SPIKE	S49:T>A	0	296030	0.0	-1.0	0.0	TRUE	T	2.8815264E-5	0.0	9.600548E-4	0.9993663	31.88267	0.26780632	0.007440117	22.0	1.0
SPIKE	S49:T>G	0	296030	0.0	-1.0	0.0	TRUE	T	7.994722E-5	8.0	7.2166836E-4	0.99824274	150.77205	0.15708393	0.0075429464	22.0	1.0
SPIKE	S49:T>C	0	296030	0.0	-1.0	0.0	TRUE	T	2.2840026E-5	37.0	0.001007482	0.99949765	213.50862	0.18292302	0.012170386	22.0	0.0
SPIKE	S50:T>A	0	296030	0.0	-1.0	0.0	TRUE	T	2.8815264E-5	1.0	9.600548E-4	0.9993663	31.88267	0.26780632	0.007440117	22.0	1.0
SPIKE	S50:T>G	0	296030	0.0	-1.0	0.0	TRUE	T	7.994722E-5	5.0	7.2166836E-4	0.99824274	150.77205	0.15708393	0.0075429464	22.0	1.0
SPIKE	S50:T>C	0	296030	0.0	-1.0	0.0	TRUE	T	2.2840026E-5	37.0	0.001007482	0.99949765	213.50862	0.18292302	0.012170386	22.0	0.0
SPIKE	S51:T>A	0	296030	0.0	-1.0	0.0	TRUE	T	1.8075816E-5	20.0	9.600548E-4	0.99960244	31.88267	0.26780632	0.007440117	22.0	0.0
SPIKE	S51:T>G	0	296030	0.0	-1.0	0.0	TRUE	T	7.994722E-5	0.0	7.2166836E-4	0.99824274	150.77205	0.15708393	0.0075429464	22.0	1.0
SPIKE	S51:T>C	0	296030	0.0	-1.0	0.0	TRUE	T	1.543245E-5	25.0	0.001007482	0.99966055	213.50862	0.18292302	0.012170386	22.0	0.0
SPIKE	S52:A>G	8	296030	2.7024287E-5	18.199682	40.0	TRUE	A	6.309869E-5	115.0	0.0010387118	0.9986128	213.50862	0.16259588	0.010462427	22.0	0.0
SPIKE	S52:A>C	0	296030	0.0	-1.0	0.0	TRUE	A	1.7223354E-5	20.0	7.0797023E-4	0.99962115	150.77205	0.25511208	0.023987267	22.0	0.0
SPIKE	S52:A>T	0	296030	0.0	-1.0	0.0	TRUE	A	3.163099E-5	1.0	8.0280635E-4	0.99930435	31.88267	0.29392913	0.008321684	22.0	1.0
SPIKE	S53:C>T	8	296030	2.7024287E-5	13.595069	40.0	TRUE	C	8.239046E-5	142.0	9.832592E-4	0.99818903	186.74614	0.17192996	0.010096681	22.0	0.0
SPIKE	S53:C>A	1	296030	3.378036E-6	2.0412	40.0	TRUE	C	5.4814176E-5	2.0	9.7235217E-4	0.9987948	51.97776	0.31248817	0.0096882405	22.0	1.0
SPIKE	S53:C>G	0	296030	0.0	-1.0	0.0	TRUE	C	6.47728E-5	2.0	0.0010329497	0.998576	106.384056	0.18042666	0.0077086845	22.0	1.0
SPIKE	S54:C>T	7	296032	2.3646093E-5	15.631419	40.0	TRUE	C	7.426696E-5	128.0	9.832592E-4	0.9983675	186.7474	0.17192996	0.010096681	22.0	0.0
SPIKE	S54:C>A	1	296032	3.3780132E-6	4.2596874	40.0	TRUE	C	2.2145818E-5	21.0	9.7235217E-4	0.9995129	51.97811	0.31248817	0.0096882405	22.0	0.0
SPIKE	S54:C>G	0	296032	0.0	-1.0	0.0	TRUE	C	6.47728E-5	0.0	0.0010329497	0.998576	106.38477	0.18042666	0.0077086845	22.0	1.0
SPIKE	S55:A>T	1	296032	3.3780132E-6	4.2596874	40.0	TRUE	A	3.4723478E-5	35.0	8.0280635E-4	0.9992364	31.882885	0.29392913	0.008321684	22.0	0.0
SPIKE	S55:A>C	4	296032	1.3512053E-5	5.449171	40.0	TRUE	A	9.042199E-5	105.0	7.0797023E-4	0.9980127	150.77306	0.25511208	0.023987267	22.0	0.0
SPIKE	S55:A>G	28	296032	9.458437E-5	36.878166	40.0	TRUE	A	2.3264055E-4	424.0	0.0010387118	0.994895	213.51006	0.16259588	0.010462427	22.0	0.0
SPIKE	S56:C>T	9	296032	3.040212E-5	15.850103	40.0	TRUE	C	8.993264E-5	155.0	9.832592E-4	0.99802345	186.7474	0.17192996	0.010096681	22.0	0.0
SPIKE	S56:C>A	2	296032	6.7560263E-6	7.269987	40.0	TRUE	C	3.480057E-5	33.0	9.7235217E-4	0.9992347	51.97811	0.31248817	0.0096882405	22.0	0.0
SPIKE	S56:C>G	0	296032	0.0	-1.0	0.0	TRUE	C	6.47728E-5	0.0	0.0010329497	0.998576	106.38477	0.18042666	0.0077086845	22.0	1.0
SPIKE	S57:C>T	11	296032	3.7158145E-5	20.53052	40.0	TRUE	C	8.23899E-5	142.0	9.832592E-4	0.9981891	186.7474	0.17192996	0.010096681	22.0	0.0
SPIKE	S57:C>A	4	296032	1.3512053E-5	13.290587	40.0	TRUE	C	2.741863E-5	26.0	9.7235217E-4	0.999397	51.97811	0.31248817	0.0096882405	22.0	0.0
SPIKE	S57:C>G	0	296032	0.0	-1.0	0.0	TRUE	C	6.47728E-5	1.0	0.0010329497	0.998576	106.38477	0.18042666	0.0077086845	22.0	1.0
SPIKE	S58:A>C	1	296032	3.3780132E-6	2.0412	40.0	TRUE	A	7.147643E-5	83.0	7.0797023E-4	0.99842876	150.77306	0.25511208	0.023987267	22.0	0.0
SPIKE	S58:A>G	15	296032	5.0670198E-5	21.102957	40.0	TRUE	A	1.6295812E-4	297.0	0.0010387118	0.99642134	213.51006	0.16259588	0.010462427	22.0	0.0
SPIKE	S58:A>T	0	296032	0.0	-1.0	0.0	TRUE	A	2.0834086E-5	21.0	8.0280635E-4	0.99954176	31.882885	0.29392913	0.008321684	22.0	0.0
SPIKE	S59:T>C	5	296032	1.6890066E-5	3.5805361	40.0	TRUE	T	1.4506404E-4	235.0	0.001007482	0.99681365	213.51006	0.18292302	0.012170386	22.0	0.0
SPIKE	S59:T>A	0	296032	0.0	-1.0	0.0	TRUE	T	6.868764E-5	76.0	9.600548E-4	0.99849004	31.882885	0.26780632	0.007440117	22.0	0.0
SPIKE	S59:T>G	0	296032	0.0	-1.0	0.0	TRUE	T	7.994722E-5	7.0	7.2166836E-4	0.99824274	150.77306	0.15708393	0.0075429464	22.0	1.0
SPIKE	S60:T>C	6	296032	2.0268079E-5	9.311187	40.0	TRUE	T	7.716173E-5	125.0	0.001007482	0.9983039	213.51006	0.18292302	0.012170386	22.0	0.0
SPIKE	S60:T>A	0	296032	0.0	-1.0	0.0	TRUE	T	2.8815264E-5	5.0	9.600548E-4	0.9993663	31.882885	0.26780632	0.007440117	22.0	1.0
SPIKE	S60:T>G	0	296032	0.0	-1.0	0.0	TRUE	T	1.0604973E-5	20.0	7.2166836E-4	0.9997667	150.77306	0.15708393	0.0075429464	22.0	0.0
SPIKE	S61:G>A	14	296032	4.7292186E-5	34.27314	40.0	TRUE	G	5.430955E-5	95.0	0.0012027763	0.9988059	186.7474	0.16943921	0.011418601	22.0	0.0
SPIKE	S61:G>C	0	296032	0.0	-1.0	0.0	TRUE	G	6.753221E-5	0.0	9.399387E-4	0.99851537	106.38477	0.18809554	0.00802921	22.0	1.0
SPIKE	S61:G>T	0	296032	0.0	-1.0	0.0	TRUE	G	4.829674E-5	68.0	9.373357E-4	0.998938	51.97811	0.21045287	0.008562895	22.0	0.0
SPIKE	S62:A>G	2	296032	6.7560263E-6	3.9120662	40.0	TRUE	A	6.145222E-5	112.0	0.0010387118	0.99864894	213.51006	0.16259588	0.010462427	22.0	0.0
SPIKE	D62-63:A>	5	296032	1.6890066E-5	-1.0	40.0	TRUE		NaN	NaN	NaN	NaN	NaN	NaN	NaN	NaN	NaN
SPIKE	S62:A>C	0	296032	0.0	-1.0	0.0	TRUE	A	1.2984002E-4	6.0	7.0797023E-4	0.9971476	150.77306	0.25511208	0.023987267	22.0	1.0
SPIKE	S62:A>T	0	296032	0.0	-1.0	0.0	TRUE	A	2.0834086E-5	21.0	8.0280635E-4	0.99954176	31.882885	0.29392913	0.008321684	22.0	0.0
SPIKE	S63:A>T	1	296032	3.3780132E-6	4.2596874	40.0	TRUE	A	2.0834086E-5	21.0	8.0280635E-4	0.99954176	31.882885	0.29392913	0.008321684	22.0	0.0
SPIKE	S63:A>G	1	296032	3.3780132E-6	4.2596874	40.0	TRUE	A	3.6212914E-5	66.0	0.0010387118	0.9992036	213.51006	0.16259588	0.010462427	22.0	0.0
SPIKE	S63:A>C	0	296032	0.0	-1.0	0.0	TRUE	A	1.2984002E-4	5.0	7.0797023E-4	0.9971476	150.77306	0.25511208	0.023987267	22.0	1.0
SPIKE	S64:A>G	7	296032	2.3646093E-5	8.459471	40.0	TRUE	A	1.0754138E-4	196.0	0.0010387118	0.9976369	213.51006	0.16259588	0.010462427	22.0	0.0
SPIKE	S64:A>T	1	296032	3.3780132E-6	4.2596874	40.0	TRUE	A	3.163099E-5	4.0	8.0280635E-4	0.99930435	31.882885	0.29392913	0.008321684	22.0	1.0
SPIKE	S64:A>C	0	296032	0.0	-1.0	0.0	TRUE	A	1.2917428E-5	15.0	7.0797023E-4	0.99971586	150.77306	0.25511208	0.023987267	22.0	0.0
SPIKE	S65:A>G	18	296032	6.080424E-5	20.304775	40.0	TRUE	A	2.0630388E-4	376.0	0.0010387118	0.9954716	213.51006	0.16259588	0.010462427	22.0	0.0
SPIKE	S65:A>C	2	296032	6.7560263E-6	0.7986036	40.0	TRUE	A	1.4467518E-4	168.0	7.0797023E-4	0.9968222	150.77306	0.25511208	0.023987267	22.0	0.0
SPIKE	S65:A>T	0	296032	0.0	-1.0	0.0	TRUE	A	3.163099E-5	2.0	8.0280635E-4	0.99930435	31.882885	0.29392913	0.008321684	22.0	1.0
SPIKE	S66:C>A	3	296032	1.0134039E-5	10.280287	40.0	TRUE	C	3.3746008E-5	32.0	9.7235217E-4	0.99925786	51.97811	0.31248817	0.0096882405	22.0	0.0
SPIKE	S66:C>T	6	296032	2.0268079E-5	13.113299	40.0	TRUE	C	7.426696E-5	128.0	9.832592E-4	0.9983675	186.7474	0.17192996	0.010096681	22.0	0.0
SPIKE	S66:C>G	0	296032	0.0	-1.0	0.0	TRUE	C	6.47728E-5	3.0	0.0010329497	0.998576	106.38477	0.18042666	0.0077086845	22.0	1.0
SPIKE	S67:C>A	2	296032	6.7560263E-6	2.2639637	40.0	TRUE	C	9.280152E-5	88.0	9.7235217E-4	0.99796045	51.97811	0.31248817	0.0096882405	22.0	0.0
SPIKE	S67:C>T	15	296032	5.0670198E-5	37.025364	40.0	TRUE	C	4.815748E-5	83.0	9.832592E-4	0.9989411	186.7474	0.17192996	0.010096681	22.0	0.0
SPIKE	S67:C>G	0	296032	0.0	-1.0	0.0	TRUE	C	6.47728E-5	0.0	0.0010329497	0.998576	106.38477	0.18042666	0.0077086845	22.0	1.0
SPIKE	S68:A>G	38	296032	1.283645E-4	49.986355	40.0	TRUE	A	2.897033E-4	528.0	0.0010387118	0.9936468	213.51006	0.16259588	0.010462427	22.0	0.0
SPIKE	S68:A>C	1	296032	3.3780132E-6	4.2596874	40.0	TRUE	A	3.8752285E-5	45.0	7.0797023E-4	0.99914783	150.77306	0.25511208	0.023987267	22.0	0.0
SPIKE	S68:A>T	1	296032	3.3780132E-6	4.2596874	40.0	TRUE	A	3.3731376E-5	34.0	8.0280635E-4	0.99925816	31.882885	0.29392913	0.008321684	22.0	0.0
SPIKE	S69:G>A	9	296032	3.040212E-5	15.850103	40.0	TRUE	G	8.460856E-5	148.0	0.0012027763	0.99814034	186.7474	0.16943921	0.011418601	22.0	0.0
SPIKE	S69:G>T	2	296032	6.7560263E-6	7.269987	40.0	TRUE	G	3.6917256E-5	6.0	9.373357E-4	0.9991881	51.97811	0.21045287	0.008562895	22.0	1.0
SPIKE	S69:G>C	0	296032	0.0	-1.0	0.0	TRUE	G	5.5861696E-5	88.0	9.399387E-4	0.9987718	106.38477	0.18809554	0.00802921	22.0	0.0
SPIKE	S70:C>A	3	296032	1.0134039E-5	6.0206	40.0	TRUE	C	5.4814176E-5	1.0	9.7235217E-4	0.9987948	51.97811	0.31248817	0.0096882405	22.0	1.0
SPIKE	S70:C>G	1	296032	3.3780132E-6	-1.0	40.0	TRUE	C	9.741665E-6	16.0	0.0010329497	0.9997857	106.38477	0.18042666	0.0077086845	22.0	0.0
SPIKE	S70:C>T	18	296032	6.080424E-5	32.319016	40.0	TRUE	C	1.3286823E-4	229.0	9.832592E-4	0.99708116	186.7474	0.17192996	0.010096681	22.0	0.0
SPIKE	S71:C>A	1	296032	3.3780132E-6	4.2596874	40.0	TRUE	C	2.8473192E-5	27.0	9.7235217E-4	0.9993738	51.97811	0.31248817	0.0096882405	22.0	0.0
SPIKE	S71:C>T	3	296032	1.0134039E-5	3.748162	40.0	TRUE	C	9.2833696E-5	160.0	9.832592E-4	0.99795973	186.7474	0.17192996	0.010096681	22.0	0.0
SPIKE	S71:C>G	0	296032	0.0	-1.0	0.0	TRUE	C	4.201093E-5	69.0	0.0010329497	0.9990762	106.38477	0.18042666	0.0077086845	22.0	0.0
SPIKE	S72:G>A	17	296032	5.7426223E-5	29.928427	40.0	TRUE	G	1.09190776E-4	191.0	0.0012027763	0.9976007	186.7474	0.16943921	0.011418601	22.0	0.0
SPIKE	S72:G>T	2	296032	6.7560263E-6	7.269987	40.0	TRUE	G	3.906354E-5	55.0	9.373357E-4	0.999141	51.97811	0.21045287	0.008562895	22.0	0.0
SPIKE	S72:G>C	0	296032	0.0	-1.0	0.0	TRUE	G	7.617504E-6	12.0	9.399387E-4	0.99983245	106.38477	0.18809554	0.00802921	22.0	0.0
SPIKE	S73:T>C	24	296032	8.1072314E-5	25.394121	40.0	TRUE	T	2.7593033E-4	447.0	0.001007482	0.9939479	213.51006	0.18292302	0.012170386	22.0	0.0
SPIKE	S73:T>A	0	296032	0.0	-1.0	0.0	TRUE	T	2.8815264E-5	6.0	9.600548E-4	0.9993663	31.882885	0.26780632	0.007440117	22.0	1.0
SPIKE	S73:T>G	0	296032	0.0	-1.0	0.0	TRUE	T	5.249462E-5	99.0	7.2166836E-4	0.99884576	150.77306	0.15708393	0.0075429464	22.0	0.0
SPIKE	S74:G>A	17	296032	5.7426223E-5	52.424488	40.0	TRUE	G	4.344764E-5	76.0	0.0012027763	0.9990446	186.7474	0.16943921	0.011418601	22.0	0.0
SPIKE	S74:G>C	0	296032	0.0	-1.0	0.0	TRUE	G	1.3965424E-5	22.0	9.399387E-4	0.9996928	106.38477	0.18809554	0.00802921	22.0	0.0
SPIKE	S74:G>T	0	296032	0.0	-1.0	0.0	TRUE	G	1.2784431E-5	18.0	9.373357E-4	0.9997188	51.97811	0.21045287	0.008562895	22.0	0.0
SPIKE	S75:G>A	8	296032	2.7024105E-5	13.595069	40.0	TRUE	G	8.63236E-5	151.0	0.0012027763	0.99810266	186.7474	0.16943921	0.011418601	22.0	0.0
SPIKE	S75:G>C	0	296032	0.0	-1.0	0.0	TRUE	G	6.753221E-5	0.0	9.399387E-4	0.99851537	106.38477	0.18809554	0.00802921	22.0	1.0
SPIKE	S75:G>T	0	296032	0.0	-1.0	0.0	TRUE	G	4.9717233E-5	70.0	9.373357E-4	0.9989068	51.97811	0.21045287	0.008562895	22.0	0.0
SPIKE	S76:T>A	1	296032	3.3780132E-6	-1.0	40.0	TRUE	T	9.037847E-6	10.0	9.600548E-4	0.99980116	31.882885	0.26780632	0.007440117	22.0	0.0
SPIKE	S76:T>G	6	296032	2.0268079E-5	19.311188	40.0	TRUE	T	4.241989E-5	80.0	7.2166836E-4	0.9990672	150.77306	0.15708393	0.0075429464	22.0	0.0
SPIKE	S76:T>C	15	296032	5.0670198E-5	14.853437	40.0	TRUE	T	1.9568214E-4	317.0	0.001007482	0.99570423	213.51006	0.18292302	0.012170386	22.0	0.0
SPIKE	S77:T>G	2	296032	6.7560263E-6	-1.0	40.0	TRUE	T	1.1135222E-5	21.0	7.2166836E-4	0.9997551	150.77306	0.15708393	0.0075429464	22.0	0.0
SPIKE	S77:T>C	2	296032	6.7560263E-6	7.269987	40.0	TRUE	T	3.888951E-5	63.0	0.001007482	0.9991448	213.51006	0.18292302	0.012170386	22.0	0.0
SPIKE	S77:T>A	0	296032	0.0	-1.0	0.0	TRUE	T	2.8815264E-5	3.0	9.600548E-4	0.9993663	31.882885	0.26780632	0.007440117	22.0	1.0
SPIKE	S78:T>C	4	296032	1.3512053E-5	-1.0	40.0	TRUE	T	1.04939945E-5	17.0	0.001007482	0.99976915	213.51006	0.18292302	0.012170386	22.0	0.0
SPIKE	S78:T>A	0	296032	0.0	-1.0	0.0	TRUE	T	2.8815264E-5	0.0	9.600548E-4	0.9993663	31.882885	0.26780632	0.007440117	22.0	1.0
SPIKE	S78:T>G	0	296032	0.0	-1.0	0.0	TRUE	T	5.0903873E-5	96.0	7.2166836E-4	0.99888074	150.77306	0.15708393	0.0075429464	22.0	0.0
SPIKE	S79:G>A	12	296032	4.0536157E-5	28.819815	40.0	TRUE	G	5.7167945E-5	100.0	0.0012027763	0.9987431	186.7474	0.16943921	0.011418601	22.0	0.0
SPIKE	S79:G>C	0	296032	0.0	-1.0	0.0	TRUE	G	5.0148567E-5	79.0	9.399387E-4	0.9988973	106.38477	0.18809554	0.00802921	22.0	0.0
SPIKE	S79:G>T	0	296032	0.0	-1.0	0.0	TRUE	G	1.2784431E-5	18.0	9.373357E-4	0.9997188	51.97811	0.21045287	0.008562895	22.0	0.0
SPIKE	S80:C>A	3	296032	1.0134039E-5	6.0206	40.0	TRUE	C	5.4814176E-5	7.0	9.7235217E-4	0.9987948	51.97811	0.31248817	0.0096882405	22.0	1.0
SPIKE	S80:C>T	20	296032	6.7560264E-5	32.121147	40.0	TRUE	C	1.5955791E-4	275.0	9.832592E-4	0.9964959	186.7474	0.17192996	0.010096681	22.0	0.0
SPIKE	S80:C>G	0	296032	0.0	-1.0	0.0	TRUE	C	4.6881763E-5	77.0	0.0010329497	0.99896914	106.38477	0.18042666	0.0077086845	22.0	0.0
SPIKE	S81:G>A	25	296032	8.445033E-5	56.63544	40.0	TRUE	G	8.689528E-5	152.0	0.0012027763	0.99809015	186.7474	0.16943921	0.011418601	22.0	0.0
SPIKE	S81:G>T	3	296032	1.0134039E-5	10.280287	40.0	TRUE	G	1.7756154E-5	25.0	9.373357E-4	0.9996095	51.97811	0.21045287	0.008562895	22.0	0.0
SPIKE	S81:G>C	0	296032	0.0	-1.0	0.0	TRUE	G	6.753221E-5	2.0	9.399387E-4	0.99851537	106.38477	0.18809554	0.00802921	22.0	1.0
SPIKE	S82:G>A	24	296032	8.1072314E-5	47.17412	40.0	TRUE	G	1.1890933E-4	208.0	0.0012027763	0.9973874	186.7474	0.16943921	0.011418601	22.0	0.0
SPIKE	S82:G>C	0	296032	0.0	-1.0	0.0	TRUE	G	4.5705023E-5	72.0	9.399387E-4	0.998995	106.38477	0.18809554	0.00802921	22.0	0.0
SPIKE	S82:G>T	0	296032	0.0	-1.0	0.0	TRUE	G	3.6917256E-5	6.0	9.373357E-4	0.9991881	51.97811	0.21045287	0.008562895	22.0	1.0
SPIKE	S83:C>A	4	296032	1.3512053E-5	8.284564	40.0	TRUE	C	5.4814176E-5	4.0	9.7235217E-4	0.9987948	51.97811	0.31248817	0.0096882405	22.0	1.0
SPIKE	S83:C>T	6	296032	2.0268079E-5	9.311187	40.0	TRUE	C	9.689517E-5	167.0	9.832592E-4	0.99787056	186.7474	0.17192996	0.010096681	22.0	0.0
SPIKE	S83:C>G	0	296032	0.0	-1.0	0.0	TRUE	C	4.931718E-5	81.0	0.0010329497	0.9989156	106.38477	0.18042666	0.0077086845	22.0	0.0
SPIKE	S84:G>A	22	296032	7.431629E-5	48.59232	40.0	TRUE	G	9.089703E-5	159.0	0.0012027763	0.9980023	186.7474	0.16943921	0.011418601	22.0	0.0
SPIKE	S84:G>C	0	296032	0.0	-1.0	0.0	TRUE	G	6.753221E-5	3.0	9.399387E-4	0.99851537	106.38477	0.18809554	0.00802921	22.0	1.0
SPIKE	S84:G>T	0	296032	0.0	-1.0	0.0	TRUE	G	3.6917256E-5	9.0	9.373357E-4	0.9991881	51.97811	0.21045287	0.008562895	22.0	1.0
SPIKE	S85:A>G	2	296032	6.7560263E-6	7.269987	40.0	TRUE	A	2.5787986E-5	47.0	0.0010387118	0.9994328	213.51006	0.16259588	0.010462427	22.0	0.0
SPIKE	S85:A>C	1	296032	3.3780132E-6	0.57991946	40.0	TRUE	A	1.2984002E-4	2.0	7.0797023E-4	0.9971476	150.77306	0.25511208	0.023987267	22.0	1.0
SPIKE	S85:A>T	0	296032	0.0	-1.0	0.0	TRUE	A	7.539955E-5	76.0	8.0280635E-4	0.9983426	31.882885	0.29392913	0.008321684	22.0	0.0
SPIKE	S86:T>A	0	296032	0.0	-1.0	0.0	TRUE	T	2.8815264E-5	7.0	9.600548E-4	0.9993663	31.882885	0.26780632	0.007440117	22.0	1.0
SPIKE	S86:T>G	0	296032	0.0	-1.0	0.0	TRUE	T	7.4234813E-6	14.0	7.2166836E-4	0.9998367	150.77306	0.15708393	0.0075429464	22.0	0.0
SPIKE	S86:T>C	0	296032	0.0	-1.0	0.0	TRUE	T	1.1852041E-4	192.0	0.001007482	0.99739593	213.51006	0.18292302	0.012170386	22.0	0.0
SPIKE	S87:T>A	0	296032	0.0	-1.0	0.0	TRUE	T	2.8815264E-5	5.0	9.600548E-4	0.9993663	31.882885	0.26780632	0.007440117	22.0	1.0
SPIKE	S87:T>G	0	296032	0.0	-1.0	0.0	TRUE	T	1.590746E-5	30.0	7.2166836E-4	0.9996501	150.77306	0.15708393	0.0075429464	22.0	0.0
SPIKE	S87:T>C	0	296032	0.0	-1.0	0.0	TRUE	T	4.814892E-5	78.0	0.001007482	0.9989413	213.51006	0.18292302	0.012170386	22.0	0.0
SPIKE	S88:T>A	0	296032	0.0	-1.0	0.0	TRUE	T	1.897948E-5	21.0	9.600548E-4	0.9995825	31.882885	0.26780632	0.007440117	22.0	0.0
SPIKE	S88:T>G	0	296032	0.0	-1.0	0.0	TRUE	T	7.994722E-5	2.0	7.2166836E-4	0.99824274	150.77306	0.15708393	0.0075429464	22.0	1.0
SPIKE	S88:T>C	0	296032	0.0	-1.0	0.0	TRUE	T	2.9012808E-5	47.0	0.001007482	0.99936193	213.51006	0.18292302	0.012170386	22.0	0.0
SPIKE	S89:A>G	1	296032	3.3780132E-6	4.2596874	40.0	TRUE	A	3.6212914E-5	66.0	0.0010387118	0.9992036	213.51006	0.16259588	0.010462427	22.0	0.0
SPIKE	S89:A>C	0	296032	0.0	-1.0	0.0	TRUE	A	1.2984002E-4	0.0	7.0797023E-4	0.9971476	150.77306	0.25511208	0.023987267	22.0	1.0
SPIKE	S89:A>T	0	296032	0.0	-1.0	0.0	TRUE	A	2.2818285E-5	23.0	8.0280635E-4	0.9994981	31.882885	0.29392913	0.008321684	22.0	0.0
SPIKE	S90:T>A	0	296032	0.0	-1.0	0.0	TRUE	T	2.8815264E-5	1.0	9.600548E-4	0.9993663	31.882885	0.26780632	0.007440117	22.0	1.0
SPIKE	S90:T>G	0	296032	0.0	-1.0	0.0	TRUE	T	5.3024864E-6	10.0	7.2166836E-4	0.99988335	150.77306	0.15708393	0.0075429464	22.0	0.0
SPIKE	S90:T>C	0	296032	0.0	-1.0	0.0	TRUE	T	3.6420333E-5	59.0	0.001007482	0.9991991	213.51006	0.18292302	0.012170386	22.0	0.0
SPIKE	S91:C>A	3	296032	1.0134039E-5	6.0206	39.0	TRUE	C	5.4814176E-5	0.0	9.7235217E-4	0.9987948	51.97811	0.31248817	0.0096882405	22.0	1.0
SPIKE	S91:C>T	3	296032	1.0134039E-5	3.748162	40.0	TRUE	C	7.7168006E-5	133.0	9.832592E-4	0.9983038	186.7474	0.17192996	0.010096681	22.0	0.0
SPIKE	S91:C>G	0	296032	0.0	-1.0	0.0	TRUE	C	6.47728E-5	0.0	0.0010329497	0.998576	106.38477	0.18042666	0.0077086845	22.0	1.0
SPIKE	S92:G>A	24	296032	8.1072314E-5	41.4919	39.75	TRUE	G	1.4520658E-4	254.0	0.0012027763	0.99681056	186.7474	0.16943921	0.011418601	22.0	0.0
SPIKE	S92:G>C	0	296032	0.0	-1.0	0.0	TRUE	G	6.753221E-5	1.0	9.399387E-4	0.99851537	106.38477	0.18809554	0.00802921	22.0	1.0
SPIKE	S92:G>T	0	296032	0.0	-1.0	0.0	TRUE	G	3.6917256E-5	0.0	9.373357E-4	0.9991881	51.97811	0.21045287	0.008562895	22.0	1.0
SPIKE	S93:T>C	1	296032	3.3780132E-6	0.3166301	40.0	TRUE	T	1.5061969E-4	244.0	0.001007482	0.9966918	213.51006	0.18292302	0.012170386	22.0	0.0
SPIKE	S93:T>A	0	296032	0.0	-1.0	0.0	TRUE	T	1.0845417E-5	12.0	9.600548E-4	0.9997614	31.882885	0.26780632	0.007440117	22.0	0.0
SPIKE	S93:T>G	0	296032	0.0	-1.0	0.0	TRUE	T	5.3024864E-6	10.0	7.2166836E-4	0.99988335	150.77306	0.15708393	0.0075429464	22.0	0.0
SPIKE	S94:C>A	3	296032	1.0134039E-5	6.0206	40.0	TRUE	C	5.4814176E-5	2.0	9.7235217E-4	0.9987948	51.97811	0.31248817	0.0096882405	22.0	1.0
SPIKE	S94:C>T	7	296032	2.3646093E-5	15.631419	38.714287	TRUE	C	6.0922113E-5	105.0	9.832592E-4	0.9986606	186.7474	0.17192996	0.010096681	22.0	0.0
SPIKE	S94:C>G	0	296032	0.0	-1.0	0.0	TRUE	C	6.47728E-5	0.0	0.0010329497	0.998576	106.38477	0.18042666	0.0077086845	22.0	1.0
SPIKE	S95:G>A	14	296032	4.7292186E-5	22.953419	39.642857	TRUE	G	1.0633238E-4	186.0	0.0012027763	0.99766344	186.7474	0.16943921	0.011418601	22.0	0.0
SPIKE	S95:G>C	0	296032	0.0	-1.0	0.0	TRUE	G	6.753221E-5	0.0	9.399387E-4	0.99851537	106.38477	0.18809554	0.00802921	22.0	1.0
SPIKE	S95:G>T	0	296032	0.0	-1.0	0.0	TRUE	G	3.6917256E-5	0.0	9.373357E-4	0.9991881	51.97811	0.21045287	0.008562895	22.0	1.0
SPIKE	S96:T>C	1	296032	3.3780132E-6	0.09432235	40.0	TRUE	T	2.2469494E-4	364.0	0.001007482	0.9950689	213.51006	0.18292302	0.012170386	22.0	0.0
SPIKE	S96:T>A	0	296032	0.0	-1.0	0.0	TRUE	T	2.8815264E-5	8.0	9.600548E-4	0.9993663	31.882885	0.26780632	0.007440117	22.0	1.0
SPIKE	S96:T>G	0	296032	0.0	-1.0	0.0	TRUE	T	1.0074725E-5	19.0	7.2166836E-4	0.9997784	150.77306	0.15708393	0.0075429464	22.0	0.0
SPIKE	S97:C>T	1	296032	3.3780132E-6	4.2596874	40.0	TRUE	C	3.2491793E-5	56.0	9.832592E-4	0.99928546	186.7474	0.17192996	0.010096681	22.0	0.0
SPIKE	S97:C>A	0	296032	0.0	-1.0	0.0	TRUE	C	5.4814176E-5	0.0	9.7235217E-4	0.9987948	51.97811	0.31248817	0.0096882405	22.0	1.0
SPIKE	S97:C>G	0	296032	0.0	-1.0	0.0	TRUE	C	6.47728E-5	0.0	0.0010329497	0.998576	106.38477	0.18042666	0.0077086845	22.0	1.0
SPIKE	S98:A>G	11	296032	3.7158145E-5	20.53052	39.727272	TRUE	A	9.7116455E-5	177.0	0.0010387118	0.99786574	213.51006	0.16259588	0.010462427	22.0	0.0
SPIKE	S98:A>C	0	296032	0.0	-1.0	0.0	TRUE	A	1.2984002E-4	8.0	7.0797023E-4	0.9971476	150.77306	0.25511208	0.023987267	22.0	1.0
SPIKE	S98:A>T	0	296032	0.0	-1.0	0.0	TRUE	A	3.163099E-5	0.0	8.0280635E-4	0.99930435	31.882885	0.29392913	0.008321684	22.0	1.0
SPIKE	S99:T>C	1	296032	3.3780132E-6	2.0412	40.0	TRUE	T	5.4321856E-5	88.0	0.001007482	0.99880564	213.51006	0.18292302	0.012170386	22.0	0.0
SPIKE	S99:T>G	1	296032	3.3780132E-6	1.0720997	40.0	TRUE	T	7.994722E-5	5.0	7.2166836E-4	0.99824274	150.77306	0.15708393	0.0075429464	22.0	1.0
SPIKE	S99:T>A	0	296032	0.0	-1.0	0.0	TRUE	T	2.8815264E-5	1.0	9.600548E-4	0.9993663	31.882885	0.26780632	0.007440117	22.0	1.0
SPIKE	S100:C>T	23	296032	7.7694305E-5	44.646744	39.869564	TRUE	C	1.18362965E-4	204.0	9.832592E-4	0.9973994	186.7474	0.17192996	0.010096681	22.0	0.0
SPIKE	S100:C>A	6	296032	2.0268079E-5	13.113299	40.0	TRUE	C	5.4814176E-5	0.0	9.7235217E-4	0.9987948	51.97811	0.31248817	0.0096882405	22.0	1.0
SPIKE	S100:C>G	0	296032	0.0	-1.0	0.0	TRUE	C	6.47728E-5	0.0	0.0010329497	0.998576	106.38477	0.18042666	0.0077086845	22.0	1.0
SPIKE	S101:G>A	18	296032	6.080424E-5	38.07082	39.833332	TRUE	G	8.575192E-5	150.0	0.0012027763	0.99811524	186.7474	0.16943921	0.011418601	22.0	0.0
SPIKE	S101:G>C	0	296032	0.0	-1.0	0.0	TRUE	G	6.753221E-5	0.0	9.399387E-4	0.99851537	106.38477	0.18809554	0.00802921	22.0	1.0
SPIKE	S101:G>T	0	296032	0.0	-1.0	0.0	TRUE	G	3.6917256E-5	1.0	9.373357E-4	0.9991881	51.97811	0.21045287	0.008562895	22.0	1.0
SPIKE	S102:T>C	1	296032	3.3780132E-6	0.57991946	40.0	TRUE	T	1.290144E-4	209.0	0.001007482	0.9971657	213.51006	0.18292302	0.012170386	22.0	0.0
SPIKE	S102:T>G	1	296032	3.3780132E-6	-1.0	31.0	TRUE	T	5.8327355E-6	11.0	7.2166836E-4	0.9998717	150.77306	0.15708393	0.0075429464	22.0	0.0
SPIKE	S102:T>A	0	296032	0.0	-1.0	0.0	TRUE	T	2.8815264E-5	5.0	9.600548E-4	0.9993663	31.882885	0.26780632	0.007440117	22.0	1.0
SPIKE	S103:G>A	13	296032	4.3914173E-5	40.383286	39.846153	TRUE	G	3.9445884E-5	69.0	0.0012027763	0.9991326	186.7474	0.16943921	0.011418601	22.0	0.0
SPIKE	S103:G>C	0	296032	0.0	-1.0	0.0	TRUE	G	6.753221E-5	2.0	9.399387E-4	0.99851537	106.38477	0.18809554	0.00802921	22.0	1.0
SPIKE	S103:G>T	0	296032	0.0	-1.0	0.0	TRUE	G	3.6917256E-5	3.0	9.373357E-4	0.9991881	51.97811	0.21045287	0.008562895	22.0	1.0
SPIKE	S104:G>A	5	296032	1.6890066E-5	5.1061287	40.0	TRUE	G	1.0690406E-4	187.0	0.0012027763	0.99765086	186.7474	0.16943921	0.011418601	22.0	0.0
SPIKE	S104:G>C	0	296032	0.0	-1.0	0.0	TRUE	G	6.753221E-5	2.0	9.399387E-4	0.99851537	106.38477	0.18809554	0.00802921	22.0	1.0
SPIKE	S104:G>T	0	296032	0.0	-1.0	0.0	TRUE	G	3.6917256E-5	4.0	9.373357E-4	0.9991881	51.97811	0.21045287	0.008562895	22.0	1.0
SPIKE	S105:C>T	15	296032	5.0670198E-5	21.102957	39.266666	TRUE	C	1.4911413E-4	257.0	9.832592E-4	0.99672484	186.7474	0.17192996	0.010096681	22.0	0.0
SPIKE	S105:C>A	2	296032	6.7560263E-6	-1.0	37.5	TRUE	C	1.160019E-5	11.0	9.7235217E-4	0.99974483	51.97811	0.31248817	0.0096882405	22.0	0.0
SPIKE	S105:C>G	0	296032	0.0	-1.0	0.0	TRUE	C	6.47728E-5	2.0	0.0010329497	0.998576	106.38477	0.18042666	0.0077086845	22.0	1.0
SPIKE	S106:G>A	11	296032	3.7158145E-5	16.357807	39.727272	TRUE	G	1.2348277E-4	216.0	0.0012027763	0.9972871	186.7474	0.16943921	0.011418601	22.0	0.0
SPIKE	S106:G>C	0	296032	0.0	-1.0	0.0	TRUE	G	6.753221E-5	0.0	9.399387E-4	0.99851537	106.38477	0.18809554	0.00802921	22.0	1.0
SPIKE	S106:G>T	0	296032	0.0	-1.0	0.0	TRUE	G	1.2784431E-5	18.0	9.373357E-4	0.9997188	51.97811	0.21045287	0.008562895	22.0	0.0
SPIKE	S107:G>T	1	296032	3.3780132E-6	4.2596874	33.0	TRUE	G	3.6917256E-5	3.0	9.373357E-4	0.9991881	51.97811	0.21045287	0.008562895	22.0	1.0
SPIKE	S107:G>A	16	296032	5.404821E-5	27.568455	39.625	TRUE	G	1.2691284E-4	222.0	0.0012027763	0.9972118	186.7474	0.16943921	0.011418601	22.0	0.0
SPIKE	S107:G>C	0	296032	0.0	-1.0	0.0	TRUE	G	6.753221E-5	1.0	9.399387E-4	0.99851537	106.38477	0.18809554	0.00802921	22.0	1.0
SPIKE	S108:C>T	7	296032	2.3646093E-5	8.459471	40.0	TRUE	C	1.0617854E-4	183.0	9.832592E-4	0.9976668	186.7474	0.17192996	0.010096681	22.0	0.0
SPIKE	S108:C>A	1	296032	3.3780132E-6	2.0412	40.0	TRUE	C	5.4814176E-5	1.0	9.7235217E-4	0.9987948	51.97811	0.31248817	0.0096882405	22.0	1.0
SPIKE	S108:C>G	0	296032	0.0	-1.0	0.0	TRUE	C	6.47728E-5	0.0	0.0010329497	0.998576	106.38477	0.18042666	0.0077086845	22.0	1.0
SPIKE	S109:A>G	7	296032	2.3646093E-5	15.631419	39.57143	TRUE	A	4.7186528E-5	86.0	0.0010387118	0.99896246	213.51006	0.16259588	0.010462427	22.0	0.0
SPIKE	S109:A>C	0	296032	0.0	-1.0	0.0	TRUE	A	1.2984002E-4	2.0	7.0797023E-4	0.9971476	150.77306	0.25511208	0.023987267	22.0	1.0
SPIKE	S109:A>T	0	296032	0.0	-1.0	0.0	TRUE	A	3.163099E-5	1.0	8.0280635E-4	0.99930435	31.882885	0.29392913	0.008321684	22.0	1.0
SPIKE	S110:G>C	1	296032	3.3780132E-6	2.0412	37.0	TRUE	G	6.753221E-5	0.0	9.399387E-4	0.99851537	106.38477	0.18809554	0.00802921	22.0	1.0
SPIKE	S110:G>A	10	296032	3.3780132E-5	18.164799	40.0	TRUE	G	9.832887E-5	172.0	0.0012027763	0.9978391	186.7474	0.16943921	0.011418601	22.0	0.0
SPIKE	S110:G>T	0	296032	0.0	-1.0	0.0	TRUE	G	3.6917256E-5	3.0	9.373357E-4	0.9991881	51.97811	0.21045287	0.008562895	22.0	1.0
SPIKE	S111:C>T	15	296032	5.0670198E-5	30.383287	39.8	TRUE	C	9.86358E-5	170.0	9.832592E-4	0.99783236	186.7474	0.17192996	0.010096681	22.0	0.0
SPIKE	S111:C>A	2	296032	6.7560263E-6	3.9120662	38.5	TRUE	C	5.4814176E-5	0.0	9.7235217E-4	0.9987948	51.97811	0.31248817	0.0096882405	22.0	1.0
SPIKE	S111:C>G	0	296032	0.0	-1.0	0.0	TRUE	C	6.47728E-5	2.0	0.0010329497	0.998576	106.38477	0.18042666	0.0077086845	22.0	1.0
SPIKE	S112:G>A	17	296030	5.7426612E-5	42.57172	39.47059	TRUE	G	5.3738233E-5	94.0	0.0012027763	0.99881846	186.74614	0.16943921	0.011418601	22.0	0.0
SPIKE	S112:G>C	0	296030	0.0	-1.0	0.0	TRUE	G	6.753221E-5	0.0	9.399387E-4	0.99851537	106.384056	0.18809554	0.00802921	22.0	1.0
SPIKE	S112:G>T	0	296030	0.0	-1.0	0.0	TRUE	G	3.6917256E-5	1.0	9.373357E-4	0.9991881	51.97776	0.21045287	0.008562895	22.0	1.0
SPIKE	S113:T>C	3	296030	1.0134108E-5	0.6090995	40.0	TRUE	T	2.0679482E-4	335.0	0.001007482	0.99546087	213.50862	0.18292302	0.012170386	22.0	0.0
SPIKE	S113:T>A	0	296030	0.0	-1.0	0.0	TRUE	T	2.8815264E-5	1.0	9.600548E-4	0.9993663	31.88267	0.26780632	0.007440117	22.0	1.0
SPIKE	S113:T>G	0	296030	0.0	-1.0	0.0	TRUE	T	1.1135297E-5	21.0	7.2166836E-4	0.999755	150.77205	0.15708393	0.0075429464	22.0	0.0
SPIKE	S114:G>A	17	296030	5.7426612E-5	52.424488	39.764706	TRUE	G	4.0017832E-5	70.0	0.0012027763	0.99912	186.74614	0.16943921	0.011418601	22.0	0.0
SPIKE	S114:G>C	0	296030	0.0	-1.0	0.0	TRUE	G	6.753221E-5	0.0	9.399387E-4	0.99851537	106.384056	0.18809554	0.00802921	22.0	1.0
SPIKE	S114:G>T	0	296030	0.0	-1.0	0.0	TRUE	G	3.6917256E-5	2.0	9.373357E-4	0.9991881	51.97776	0.21045287	0.008562895	22.0	1.0
SPIKE	S115:A>G	11	296030	3.7158396E-5	10.535764	39.454544	TRUE	A	1.7612764E-4	321.0	0.0010387118	0.9961327	213.50862	0.16259588	0.010462427	22.0	0.0
SPIKE	S115:A>C	0	296030	0.0	-1.0	0.0	TRUE	A	1.2984002E-4	7.0	7.0797023E-4	0.9971476	150.77205	0.25511208	0.023987267	22.0	1.0
SPIKE	S115:A>T	0	296030	0.0	-1.0	0.0	TRUE	A	3.163099E-5	5.0	8.0280635E-4	0.99930435	31.88267	0.29392913	0.008321684	22.0	1.0
SPIKE	S116:C>T	6	296030	2.0268217E-5	19.311188	38.0	TRUE	C	3.2492015E-5	56.0	9.832592E-4	0.99928546	186.74614	0.17192996	0.010096681	22.0	0.0
SPIKE	S116:C>A	1	296030	3.378036E-6	2.0412	40.0	TRUE	C	5.4814176E-5	1.0	9.7235217E-4	0.9987948	51.97776	0.31248817	0.0096882405	22.0	1.0
SPIKE	S116:C>G	0	296030	0.0	-1.0	0.0	TRUE	C	6.47728E-5	1.0	0.0010329497	0.998576	106.384056	0.18042666	0.0077086845	22.0	1.0
SPIKE	S117:C>T	8	296030	2.7024287E-5	18.199682	39.5	TRUE	C	5.1058876E-5	88.0	9.832592E-4	0.99887735	186.74614	0.17192996	0.010096681	22.0	0.0
SPIKE	S117:C>A	2	296030	6.756072E-6	3.9120662	38.5	TRUE	C	5.4814176E-5	3.0	9.7235217E-4	0.9987948	51.97776	0.31248817	0.0096882405	22.0	1.0
SPIKE	S117:C>G	0	296030	0.0	-1.0	0.0	TRUE	C	6.47728E-5	0.0	0.0010329497	0.998576	106.384056	0.18042666	0.0077086845	22.0	1.0
SPIKE	S118:T>C	1	296030	3.378036E-6	0.3166301	40.0	TRUE	T	1.3950934E-4	226.0	0.001007482	0.9969355	213.50862	0.18292302	0.012170386	22.0	0.0
SPIKE	S118:T>A	1	296030	3.378036E-6	4.2596874	40.0	TRUE	T	2.0787189E-5	23.0	9.600548E-4	0.9995428	31.88267	0.26780632	0.007440117	22.0	0.0
SPIKE	S118:T>G	0	296030	0.0	-1.0	0.0	TRUE	T	7.994722E-5	8.0	7.2166836E-4	0.99824274	150.77205	0.15708393	0.0075429464	22.0	1.0
SPIKE	S119:A>G	15	296030	5.067054E-5	25.242239	39.266666	TRUE	A	1.2125922E-4	221.0	0.0010387118	0.99733585	213.50862	0.16259588	0.010462427	22.0	0.0
SPIKE	S119:A>C	0	296030	0.0	-1.0	0.0	TRUE	A	1.4639851E-5	17.0	7.0797023E-4	0.99967796	150.77205	0.25511208	0.023987267	22.0	0.0
SPIKE	S119:A>T	0	296030	0.0	-1.0	0.0	TRUE	A	3.163099E-5	2.0	8.0280635E-4	0.99930435	31.88267	0.29392913	0.008321684	22.0	1.0
SPIKE	S120:T>C	4	296030	1.3512144E-5	3.6487768	39.25	TRUE	T	1.05557956E-4	171.0	0.001007482	0.9976804	213.50862	0.18292302	0.012170386	22.0	0.0
SPIKE	S120:T>A	0	296030	0.0	-1.0	0.0	TRUE	T	2.8815264E-5	1.0	9.600548E-4	0.9993663	31.88267	0.26780632	0.007440117	22.0	1.0
SPIKE	S120:T>G	0	296030	0.0	-1.0	0.0	TRUE	T	7.994722E-5	4.0	7.2166836E-4	0.99824274	150.77205	0.15708393	0.0075429464	22.0	1.0
SPIKE	S121:G>A	6	296030	2.0268217E-5	19.311188	39.0	TRUE	G	4.1161198E-5	72.0	0.0012027763	0.99909484	186.74614	0.16943921	0.011418601	22.0	0.0
SPIKE	S121:G>C	0	296030	0.0	-1.0	0.0	TRUE	G	6.753221E-5	1.0	9.399387E-4	0.99851537	106.384056	0.18809554	0.00802921	22.0	1.0
SPIKE	S121:G>T	0	296030	0.0	-1.0	0.0	TRUE	G	3.6917256E-5	4.0	9.373357E-4	0.9991881	51.97776	0.21045287	0.008562895	22.0	1.0
SPIKE	S122:T>C	3	296030	1.0134108E-5	0.3809712	40.0	TRUE	T	2.3210404E-4	376.0	0.001007482	0.9949067	213.50862	0.18292302	0.012170386	22.0	0.0
SPIKE	S122:T>A	0	296030	0.0	-1.0	0.0	TRUE	T	2.8815264E-5	5.0	9.600548E-4	0.9993663	31.88267	0.26780632	0.007440117	22.0	1.0
SPIKE	S122:T>G	0	296030	0.0	-1.0	0.0	TRUE	T	1.1135297E-5	21.0	7.2166836E-4	0.999755	150.77205	0.15708393	0.0075429464	22.0	0.0
SPIKE	S123:G>A	16	296030	5.4048574E-5	49.41419	38.75	TRUE	G	3.944615E-5	69.0	0.0012027763	0.9991326	186.74614	0.16943921	0.011418601	22.0	0.0
SPIKE	S123:G>C	0	296030	0.0	-1.0	0.0	TRUE	G	6.753221E-5	1.0	9.399387E-4	0.99851537	106.384056	0.18809554	0.00802921	22.0	1.0
SPIKE	S123:G>T	0	296030	0.0	-1.0	0.0	TRUE	G	3.6917256E-5	1.0	9.373357E-4	0.9991881	51.97776	0.21045287	0.008562895	22.0	1.0
SPIKE	D124-126:TG>	1	296030	3.378036E-6	-1.0	39.421597	TRUE		NaN	NaN	NaN	NaN	NaN	NaN	NaN	NaN	NaN
SPIKE	S124:T>C	1	296030	3.378036E-6	0.09432235	40.0	TRUE	T	2.0185644E-4	327.0	0.001007482	0.995569	213.50862	0.18292302	0.012170386	22.0	0.0
SPIKE	S124:T>A	1	296030	3.378036E-6	4.2596874	40.0	TRUE	T	2.8815264E-5	1.0	9.600548E-4	0.9993663	31.88267	0.26780632	0.007440117	22.0	1.0
SPIKE	S124:T>G	0	296030	0.0	-1.0	0.0	TRUE	T	7.994722E-5	6.0	7.2166836E-4	0.99824274	150.77205	0.15708393	0.0075429464	22.0	1.0
SPIKE	S125:G>C	1	296030	3.378036E-6	2.0412	40.0	TRUE	G	6.753221E-5	3.0	9.399387E-4	0.99851537	106.384056	0.18809554	0.00802921	22.0	1.0
SPIKE	S125:G>A	5	296030	1.689018E-5	10.658173	39.2	TRUE	G	6.8602E-5	120.0	0.0012027763	0.9984919	186.74614	0.16943921	0.011418601	22.0	0.0
SPIKE	S125:G>T	0	296030	0.0	-1.0	0.0	TRUE	G	3.6917256E-5	1.0	9.373357E-4	0.9991881	51.97776	0.21045287	0.008562895	22.0	1.0
SPIKE	S126:C>T	13	296030	4.3914468E-5	20.706247	39.53846	TRUE	C	1.1894398E-4	205.0	9.832592E-4	0.99738663	186.74614	0.17192996	0.010096681	22.0	0.0
SPIKE	S126:C>A	0	296030	0.0	-1.0	0.0	TRUE	C	5.4814176E-5	3.0	9.7235217E-4	0.9987948	51.97776	0.31248817	0.0096882405	22.0	1.0
SPIKE	S126:C>G	0	296030	0.0	-1.0	0.0	TRUE	C	1.5221454E-5	25.0	0.0010329497	0.9996652	106.384056	0.18042666	0.0077086845	22.0	0.0
SPIKE	S127:G>A	16	296030	5.4048574E-5	39.792072	39.625	TRUE	G	6.17418E-5	108.0	0.0012027763	0.9986426	186.74614	0.16943921	0.011418601	22.0	0.0
SPIKE	S127:G>C	0	296030	0.0	-1.0	0.0	TRUE	G	1.3330722E-5	21.0	9.399387E-4	0.99970675	106.384056	0.18809554	0.00802921	22.0	0.0
SPIKE	S127:G>T	0	296030	0.0	-1.0	0.0	TRUE	G	3.6917256E-5	2.0	9.373357E-4	0.9991881	51.97776	0.21045287	0.008562895	22.0	1.0
SPIKE	S128:G>A	16	296030	5.4048574E-5	32.922462	38.875	TRUE	G	9.7757846E-5	171.0	0.0012027763	0.9978516	186.74614	0.16943921	0.011418601	22.0	0.0
SPIKE	S128:G>T	1	296030	3.378036E-6	4.2596874	40.0	TRUE	G	3.6917256E-5	8.0	9.373357E-4	0.9991881	51.97776	0.21045287	0.008562895	22.0	1.0
SPIKE	S128:G>C	0	296030	0.0	-1.0	0.0	TRUE	G	6.753221E-5	1.0	9.399387E-4	0.99851537	106.384056	0.18809554	0.00802921	22.0	1.0
SPIKE	S129:C>A	2	296030	6.756072E-6	3.9120662	38.5	TRUE	C	5.4814176E-5	8.0	9.7235217E-4	0.9987948	51.97776	0.31248817	0.0096882405	22.0	1.0
SPIKE	S129:C>T	14	296030	4.7292506E-5	22.953419	37.42857	TRUE	C	1.0617926E-4	183.0	9.832592E-4	0.9976668	186.74614	0.17192996	0.010096681	22.0	0.0
SPIKE	S129:C>G	0	296030	0.0	-1.0	0.0	TRUE	C	1.4612597E-5	24.0	0.0010329497	0.99967855	106.384056	0.18042666	0.0077086845	22.0	0.0
SPIKE	D130-133:GGC>	1	296030	3.378036E-6	-1.0	39.462646	TRUE		NaN	NaN	NaN	NaN	NaN	NaN	NaN	NaN	NaN
SPIKE	S130:G>A	13	296030	4.3914468E-5	25.388708	38.076923	TRUE	G	8.632418E-5	151.0	0.0012027763	0.99810266	186.74614	0.16943921	0.011418601	22.0	0.0
SPIKE	S130:G>C	0	296030	0.0	-1.0	0.0	TRUE	G	1.4600315E-5	23.0	9.399387E-4	0.99967885	106.384056	0.18809554	0.00802921	22.0	0.0
SPIKE	S130:G>T	0	296030	0.0	-1.0	0.0	TRUE	G	3.6917256E-5	6.0	9.373357E-4	0.9991881	51.97776	0.21045287	0.008562895	22.0	1.0
SPIKE	S131:G>A	16	296030	5.4048574E-5	27.568455	38.75	TRUE	G	1.2234024E-4	214.0	0.0012027763	0.9973121	186.74614	0.16943921	0.011418601	22.0	0.0
SPIKE	S131:G>C	0	296030	0.0	-1.0	0.0	TRUE	G	6.753221E-5	2.0	9.399387E-4	0.99851537	106.384056	0.18809554	0.00802921	22.0	1.0
SPIKE	S131:G>T	0	296030	0.0	-1.0	0.0	TRUE	G	3.6917256E-5	1.0	9.373357E-4	0.9991881	51.97776	0.21045287	0.008562895	22.0	1.0
SPIKE	S132:C>A	1	296030	3.378036E-6	2.0412	40.0	TRUE	C	5.4814176E-5	1.0	9.7235217E-4	0.9987948	51.97776	0.31248817	0.0096882405	22.0	1.0
SPIKE	S132:C>T	8	296030	2.7024287E-5	18.199682	35.375	TRUE	C	7.310703E-5	126.0	9.832592E-4	0.99839294	186.74614	0.17192996	0.010096681	22.0	0.0
SPIKE	S132:C>G	0	296030	0.0	-1.0	0.0	TRUE	C	1.4003738E-5	23.0	0.0010329497	0.99969196	106.384056	0.18042666	0.0077086845	22.0	0.0
SPIKE	S133:A>G	0	296030	0.0	-1.0	0.0	TRUE	A	7.132895E-6	13.0	0.0010387118	0.99984306	213.50862	0.16259588	0.010462427	22.0	0.0
SPIKE	S133:A>C	0	296030	0.0	-1.0	0.0	TRUE	A	4.6503053E-5	54.0	7.0797023E-4	0.9989775	150.77205	0.25511208	0.023987267	22.0	0.0
SPIKE	S133:A>T	0	296030	0.0	-1.0	0.0	TRUE	A	3.163099E-5	0.0	8.0280635E-4	0.99930435	31.88267	0.29392913	0.008321684	22.0	1.0
SPIKE	S134:G>A	0	296030	0.0	-1.0	0.0	TRUE	G	1.3434558E-4	235.0	0.0012027763	0.99704874	186.74614	0.16943921	0.011418601	22.0	0.0
SPIKE	S134:G>C	0	296030	0.0	-1.0	0.0	TRUE	G	2.3487462E-5	37.0	9.399387E-4	0.9994834	106.384056	0.18809554	0.00802921	22.0	0.0
SPIKE	S134:G>T	0	296030	0.0	-1.0	0.0	TRUE	G	2.059728E-5	29.0	9.373357E-4	0.99954695	51.97776	0.21045287	0.008562895	22.0	0.0
SPIKE	S135:C>A	0	296030	0.0	-1.0	0.0	TRUE	C	5.4814176E-5	7.0	9.7235217E-4	0.9987948	51.97776	0.31248817	0.0096882405	22.0	1.0
SPIKE	S135:C>G	0	296030	0.0	-1.0	0.0	TRUE	C	2.0701178E-5	34.0	0.0010329497	0.9995447	106.384056	0.18042666	0.0077086845	22.0	0.0
SPIKE	S135:C>T	0	296030	0.0	-1.0	0.0	TRUE	C	9.399475E-5	162.0	9.832592E-4	0.9979343	186.74614	0.17192996	0.010096681	22.0	0.0
SPIKE	S136:C>A	0	296030	0.0	-1.0	0.0	TRUE	C	2.9527955E-5	28.0	9.7235217E-4	0.9993506	51.97776	0.31248817	0.0096882405	22.0	0.0
SPIKE	S136:C>G	0	296030	0.0	-1.0	0.0	TRUE	C	1.5221454E-5	25.0	0.0010329497	0.9996652	106.384056	0.18042666	0.0077086845	22.0	0.0
SPIKE	S136:C>T	0	296030	0.0	-1.0	0.0	TRUE	C	1.0617926E-4	183.0	9.832592E-4	0.9976668	186.74614	0.17192996	0.010096681	22.0	0.0
SPIKE	S137:T>A	0	296030	0.0	-1.0	0.0	TRUE	T	2.0787189E-5	23.0	9.600548E-4	0.9995428	31.88267	0.26780632	0.007440117	22.0	0.0
SPIKE	S137:T>G	0	296030	0.0	-1.0	0.0	TRUE	T	4.8783208E-5	92.0	7.2166836E-4	0.99892735	150.77205	0.15708393	0.0075429464	22.0	0.0
SPIKE	S137:T>C	0	296030	0.0	-1.0	0.0	TRUE	T	1.6049748E-5	26.0	0.001007482	0.99964696	213.50862	0.18292302	0.012170386	22.0	0.0
SPIKE	S138:G>A	0	296030	0.0	-1.0	0.0	TRUE	G	1.5721291E-4	275.0	0.0012027763	0.9965473	186.74614	0.16943921	0.011418601	22.0	0.0
SPIKE	S138:G>C	0	296030	0.0	-1.0	0.0	TRUE	G	6.753221E-5	4.0	9.399387E-4	0.99851537	106.384056	0.18809554	0.00802921	22.0	1.0
SPIKE	S138:G>T	0	296030	0.0	-1.0	0.0	TRUE	G	7.741736E-5	109.0	9.373357E-4	0.9982983	51.97776	0.21045287	0.008562895	22.0	0.0
SPIKE	S139:A>G	0	296030	0.0	-1.0	0.0	TRUE	A	4.3346055E-5	79.0	0.0010387118	0.99904686	213.50862	0.16259588	0.010462427	22.0	0.0
SPIKE	S139:A>C	0	296030	0.0	-1.0	0.0	TRUE	A	1.2984002E-4	1.0	7.0797023E-4	0.9971476	150.77205	0.25511208	0.023987267	22.0	1.0
SPIKE	S139:A>T	0	296030	0.0	-1.0	0.0	TRUE	A	3.9684243E-4	400.0	8.0280635E-4	0.9913075	31.88267	0.29392913	0.008321684	22.0	0.0
SPIKE	S140:T>A	0	296030	0.0	-1.0	0.0	TRUE	T	1.3647242E-4	151.0	9.600548E-4	0.9970021	31.88267	0.26780632	0.007440117	22.0	0.0
SPIKE	S140:T>G	0	296030	0.0	-1.0	0.0	TRUE	T	2.8633622E-5	54.0	7.2166836E-4	0.9993703	150.77205	0.15708393	0.0075429464	22.0	0.0
SPIKE	S140:T>C	0	296030	0.0	-1.0	0.0	TRUE	T	1.04940655E-5	17.0	0.001007482	0.99976915	213.50862	0.18292302	0.012170386	22.0	0.0
SPIKE	S141:T>A	0	296030	0.0	-1.0	0.0	TRUE	T	5.9379055E-4	657.0	9.600548E-4	0.98702157	31.88267	0.26780632	0.007440117	22.0	0.0
SPIKE	S141:T>G	0	296030	0.0	-1.0	0.0	TRUE	T	4.6662197E-5	88.0	7.2166836E-4	0.99897397	150.77205	0.15708393	0.0075429464	22.0	0.0
SPIKE	S141:T>C	0	296030	0.0	-1.0	0.0	TRUE	T	4.0741666E-5	66.0	0.001007482	0.9991041	213.50862	0.18292302	0.012170386	22.0	0.0
SPIKE	S142:A>G	0	296030	0.0	-1.0	0.0	TRUE	A	5.530737E-4	1008.0	0.0010387118	0.9879061	213.50862	0.16259588	0.010462427	22.0	0.0
SPIKE	S142:A>C	0	296030	0.0	-1.0	0.0	TRUE	A	1.3778683E-4	160.0	7.0797023E-4	0.9969733	150.77205	0.25511208	0.023987267	22.0	0.0
SPIKE	S142:A>T	0	296030	0.0	-1.0	0.0	TRUE	A	1.5576064E-4	157.0	8.0280635E-4	0.9965791	31.88267	0.29392913	0.008321684	22.0	0.0
SPIKE	S143:G>A	0	296030	0.0	-1.0	0.0	TRUE	G	1.4006242E-4	245.0	0.0012027763	0.9969234	186.74614	0.16943921	0.011418601	22.0	0.0
SPIKE	S143:G>C	0	296030	0.0	-1.0	0.0	TRUE	G	9.794907E-4	1543.0	9.399387E-4	0.97868174	106.384056	0.18809554	0.00802921	22.0	0.0
SPIKE	S143:G>T	0	296030	0.0	-1.0	0.0	TRUE	G	1.2784518E-5	18.0	9.373357E-4	0.9997188	51.97776	0.21045287	0.008562895	22.0	0.0
SPIKE	S144:C>A	0	296030	0.0	-1.0	0.0	TRUE	C	5.4814176E-5	1.0	9.7235217E-4	0.9987948	51.97776	0.31248817	0.0096882405	22.0	1.0
SPIKE	S144:C>G	0	296030	0.0	-1.0	0.0	TRUE	C	1.790043E-4	294.0	0.0010329497	0.99606967	106.384056	0.18042666	0.0077086845	22.0	0.0
SPIKE	S144:C>T	0	296030	0.0	-1.0	0.0	TRUE	C	7.7748744E-5	134.0	9.832592E-4	0.998291	186.74614	0.17192996	0.010096681	22.0	0.0
SPIKE	S145:C>A	0	296030	0.0	-1.0	0.0	TRUE	C	5.4814176E-5	3.0	9.7235217E-4	0.9987948	51.97776	0.31248817	0.0096882405	22.0	1.0
SPIKE	S145:C>G	0	296030	0.0	-1.0	0.0	TRUE	C	1.0715904E-4	176.0	0.0010329497	0.99764526	106.384056	0.18042666	0.0077086845	22.0	0.0
SPIKE	S145:C>T	0	296030	0.0	-1.0	0.0	TRUE	C	1.21264835E-4	209.0	9.832592E-4	0.99733573	186.74614	0.17192996	0.010096681	22.0	0.0
SPIKE	S146:C>A	0	296030	0.0	-1.0	0.0	TRUE	C	5.4814176E-5	2.0	9.7235217E-4	0.9987948	51.97776	0.31248817	0.0096882405	22.0	1.0
SPIKE	S146:C>G	0	296030	0.0	-1.0	0.0	TRUE	C	0.0012950414	2127.0	0.0010329497	0.97191113	106.384056	0.18042666	0.0077086845	22.0	0.0
SPIKE	S146:C>T	0	296030	0.0	-1.0	0.0	TRUE	C	1.6826221E-4	290.0	9.832592E-4	0.99630505	186.74614	0.17192996	0.010096681	22.0	0.0
SPIKE	S147:G>A	0	296030	0.0	-1.0	0.0	TRUE	G	8.0035665E-5	140.0	0.0012027763	0.99824077	186.74614	0.16943921	0.011418601	22.0	0.0
SPIKE	S147:G>C	0	296030	0.0	-1.0	0.0	TRUE	G	2.9962385E-4	472.0	9.399387E-4	0.99342996	106.384056	0.18809554	0.00802921	22.0	0.0
SPIKE	S147:G>T	0	296030	0.0	-1.0	0.0	TRUE	G	0.0016229235	2285.0	9.373357E-4	0.9649256	51.97776	0.21045287	0.008562895	22.0	0.0
SPIKE	S148:T>A	0	296030	0.0	-1.0	0.0	TRUE	T	2.8815264E-5	1.0	9.600548E-4	0.9993663	31.88267	0.26780632	0.007440117	22.0	1.0
SPIKE	S148:T>G	0	296030	0.0	-1.0	0.0	TRUE	T	0.001984204	3742.0	7.2166836E-4	0.9572866	150.77205	0.15708393	0.0075429464	22.0	0.0
SPIKE	S148:T>C	0	296030	0.0	-1.0	0.0	TRUE	T	1.3580556E-4	220.0	0.001007482	0.9970167	213.50862	0.18292302	0.012170386	22.0	0.0
SPIKE	S149:G>A	0	296030	0.0	-1.0	0.0	TRUE	G	5.316655E-5	93.0	0.0012027763	0.99883103	186.74614	0.16943921	0.011418601	22.0	0.0
SPIKE	S149:G>C	0	296030	0.0	-1.0	0.0	TRUE	G	0.0014765362	2326.0	9.399387E-4	0.96803814	106.384056	0.18809554	0.00802921	22.0	0.0
SPIKE	S149:G>T	0	296030	0.0	-1.0	0.0	TRUE	G	5.74593E-4	809.0	9.373357E-4	0.9874385	51.97776	0.21045287	0.008562895	22.0	0.0
SPIKE	S150:C>A	0	296029	0.0	-1.0	0.0	TRUE	C	5.4814176E-5	5.0	9.7235217E-4	0.9987948	51.977585	0.31248817	0.0096882405	22.0	1.0
SPIKE	S150:C>G	0	296029	0.0	-1.0	0.0	TRUE	C	7.2637026E-4	1193.0	0.0010329497	0.98414683	106.3837	0.18042666	0.0077086845	22.0	0.0
SPIKE	S150:C>T	0	296029	0.0	-1.0	0.0	TRUE	C	0.0017539944	3023.0	9.832592E-4	0.9621472	186.74551	0.17192996	0.010096681	22.0	0.0
SPIKE	S151:T>A	0	296020	0.0	-1.0	0.0	TRUE	T	2.8815264E-5	2.0	9.600548E-4	0.9993663	31.881592	0.26780632	0.007440117	22.0	1.0
SPIKE	S151:T>G	0	296020	0.0	-1.0	0.0	TRUE	T	0.0021401704	4036.0	7.2166836E-4	0.9540075	150.76695	0.15708393	0.0075429464	22.0	0.0
SPIKE	S151:T>C	0	296020	0.0	-1.0	0.0	TRUE	T	4.1792486E-4	677.0	0.001007482	0.99084777	213.5014	0.18292302	0.012170386	22.0	0.0
SPIKE	S152:G>A	0	296004	0.0	-1.0	0.0	TRUE	G	6.8608024E-5	120.0	0.0012027763	0.99849176	186.72974	0.16943921	0.011418601	22.0	0.0
SPIKE	S152:G>C	0	296004	0.0	-1.0	0.0	TRUE	G	6.753221E-5	3.0	9.399387E-4	0.99851537	106.37472	0.18809554	0.00802921	22.0	1.0
SPIKE	S152:G>T	0	296004	0.0	-1.0	0.0	TRUE	G	4.453665E-4	627.0	9.373357E-4	0.99024975	51.973194	0.21045287	0.008562895	22.0	0.0
SPIKE	S153:G>A	0	295922	0.0	-1.0	0.0	TRUE	G	4.2320004E-5	74.0	0.0012027763	0.9990694	186.67801	0.16943921	0.011418601	22.0	0.0
SPIKE	S153:G>C	0	295922	0.0	-1.0	0.0	TRUE	G	6.753221E-5	9.0	9.399387E-4	0.99851537	106.345245	0.18809554	0.00802921	22.0	1.0
SPIKE	S153:G>T	0	295922	0.0	-1.0	0.0	TRUE	G	3.6917256E-5	4.0	9.373357E-4	0.9991881	51.958797	0.21045287	0.008562895	22.0	1.0
