#pipeline_block
reference	mutation	count	coverage	freq	score	cqs	has.reference	ancestral.allele	error.rate	minor.count.local	minor.fdr	minor.recall	minor.count.global	read.fraction.in.minors	q.filtered.read.fraction	mig.size	global.est
SPIKE	S0:T>A	0	14890	0.0	-1.0	0.0	TRUE	T	1.7837007E-4	13.0	0.08862261	0.90639335	11.817985	0.22416876	0.09592471	551.0	0.0
SPIKE	S0:T>G	0	14890	0.0	-1.0	0.0	TRUE	T	5.6055794E-4	1.0	0.06606169	0.7342781	44.799522	0.19949116	0.10160066	551.0	1.0
SPIKE	S0:T>C	0	14890	0.0	-1.0	0.0	TRUE	T	3.2120477E-4	39.0	0.044723574	0.83779335	52.81254	0.12837575	0.09778895	551.0	0.0
SPIKE	S1:A>G	0	14919	0.0	-1.0	0.0	TRUE	A	4.763255E-4	68.0	0.04362413	0.7691607	52.915398	0.10927128	0.08568896	551.0	0.0
SPIKE	S1:A>C	0	14919	0.0	-1.0	0.0	TRUE	A	1.0563044E-4	1.0	0.04339122	0.943459	44.886772	0.036700845	0.08233699	551.0	1.0
SPIKE	S1:A>T	0	14919	0.0	-1.0	0.0	TRUE	A	1.3802906E-4	10.0	0.074007735	0.92676616	11.8410015	0.22238366	0.10760213	551.0	0.0
SPIKE	S2:G>A	0	14948	0.0	-1.0	0.0	TRUE	G	3.2690755E-4	42.0	0.047094077	0.8351649	38.215275	0.12209806	0.09511267	551.0	0.0
SPIKE	S2:G>C	0	14948	0.0	-1.0	0.0	TRUE	G	1.4641229E-4	11.0	0.061496977	0.9224951	21.449425	0.21199825	0.1183435	551.0	0.0
SPIKE	S2:G>T	0	14948	0.0	-1.0	0.0	TRUE	G	2.3218933E-4	1.0	0.092427775	0.8799094	18.486885	0.20686184	0.09859874	551.0	1.0
SPIKE	S3:C>A	0	14968	0.0	-1.0	0.0	TRUE	C	1.1387361E-4	0.0	0.06817751	0.93918353	18.51162	0.098811895	0.12034189	551.0	1.0
SPIKE	S3:C>G	0	14968	0.0	-1.0	0.0	TRUE	C	0.0042382814	320.0	0.040065218	0.09678211	21.478123	0.20651989	0.274492	551.0	0.0
SPIKE	S3:C>T	0	14968	0.0	-1.0	0.0	TRUE	C	5.2023533E-4	64.0	0.045031637	0.7507747	38.266403	0.1274074	0.11600744	551.0	0.0
SPIKE	S4:G>A	13	15003	8.664934E-4	40.383286	40.0	TRUE	G	4.3427886E-4	56.0	0.047094077	0.7871884	38.355885	0.12209806	0.09511267	551.0	0.0
SPIKE	S4:G>T	1	15003	6.665334E-5	-1.0	40.0	TRUE	G	1.3764999E-4	11.0	0.092427775	0.92695975	18.554907	0.20686184	0.09859874	551.0	0.0
SPIKE	S4:G>C	0	15003	0.0	-1.0	0.0	TRUE	G	3.580582E-4	27.0	0.061496977	0.8209525	21.528345	0.21199825	0.1183435	551.0	0.0
SPIKE	S5:T>A	1	15008	6.663113E-5	-1.0	40.0	TRUE	T	1.621519E-4	0.0	0.08862261	0.9145294	11.911639	0.22416876	0.09592471	551.0	1.0
SPIKE	S5:T>C	15	15008	9.99467E-4	46.403885	40.0	TRUE	T	5.801598E-4	71.0	0.044723574	0.7263901	53.231064	0.12837575	0.09778895	551.0	0.0
SPIKE	S5:T>G	0	15008	0.0	-1.0	0.0	TRUE	T	5.5863935E-4	45.0	0.06606169	0.73505473	45.15455	0.19949116	0.10160066	551.0	0.0
SPIKE	S6:G>A	10	15015	6.6600065E-4	-1.0	40.0	TRUE	G	2.7120736E-4	35.0	0.047094077	0.8611942	38.386562	0.12209806	0.09511267	551.0	0.0
SPIKE	S6:G>T	1	15015	6.660006E-5	4.2596874	40.0	TRUE	G	3.6260538E-4	29.0	0.092427775	0.81889814	18.569748	0.20686184	0.09859874	551.0	0.0
SPIKE	S6:G>C	0	15015	0.0	-1.0	0.0	TRUE	G	2.854963E-4	1.0	0.061496977	0.85444045	21.545565	0.21199825	0.1183435	551.0	1.0
SPIKE	S7:A>G	20	15024	0.0013312034	61.455387	40.0	TRUE	A	3.8952657E-4	56.0	0.04362413	0.8068406	53.287815	0.10927128	0.08568896	551.0	0.0
SPIKE	S7:A>T	7	15024	4.6592118E-4	-1.0	40.0	TRUE	A	1.6344023E-4	0.0	0.074007735	0.9138804	11.924338	0.22238366	0.10760213	551.0	1.0
SPIKE	D7-8:A>	17	15024	0.0011315229	-1.0	39.9998	TRUE		NaN	NaN	NaN	NaN	NaN	NaN	NaN	NaN	NaN
SPIKE	S7:A>C	0	15024	0.0	-1.0	0.0	TRUE	A	1.0563044E-4	1.0	0.04339122	0.943459	45.202686	0.036700845	0.08233699	551.0	1.0
SPIKE	S8:A>G	35	15025	0.0023294508	106.609886	40.0	TRUE	A	4.1732212E-4	60.0	0.04362413	0.7945777	53.291363	0.10927128	0.08568896	551.0	0.0
SPIKE	S8:A>C	4	15025	2.6622295E-4	-1.0	40.0	TRUE	A	1.0563044E-4	1.0	0.04339122	0.943459	45.205696	0.036700845	0.08233699	551.0	1.0
SPIKE	S8:A>T	2	15025	1.3311148E-4	-1.0	40.0	TRUE	A	1.6344023E-4	2.0	0.074007735	0.9138804	11.925132	0.22238366	0.10760213	551.0	1.0
SPIKE	S9:G>A	10	15025	6.655574E-4	31.352386	40.0	TRUE	G	4.6461748E-4	60.0	0.047094077	0.7741387	38.41213	0.12209806	0.09511267	551.0	0.0
SPIKE	S9:G>T	3	15025	1.9966722E-4	-1.0	40.0	TRUE	G	2.3218933E-4	0.0	0.092427775	0.8799094	18.582115	0.20686184	0.09859874	551.0	1.0
SPIKE	D9-10:G>	3	15025	1.9966722E-4	-1.0	39.982563	TRUE		NaN	NaN	NaN	NaN	NaN	NaN	NaN	NaN	NaN
SPIKE	D9-11:GA>	2	15025	1.3311148E-4	-1.0	39.982563	TRUE		NaN	NaN	NaN	NaN	NaN	NaN	NaN	NaN	NaN
SPIKE	S9:G>C	0	15025	0.0	-1.0	0.0	TRUE	G	2.854963E-4	1.0	0.061496977	0.85444045	21.559914	0.21199825	0.1183435	551.0	1.0
SPIKE	S10:A>G	30	15025	0.0019966722	91.55839	40.0	TRUE	A	8.1377814E-4	117.0	0.04362413	0.6386544	53.291363	0.10927128	0.08568896	551.0	0.0
SPIKE	S10:A>C	2	15025	1.3311148E-4	-1.0	40.0	TRUE	A	3.0376608E-5	13.0	0.04339122	0.9834018	45.205696	0.036700845	0.08233699	551.0	0.0
SPIKE	S10:A>T	2	15025	1.3311148E-4	-1.0	40.0	TRUE	A	1.6344023E-4	0.0	0.074007735	0.9138804	11.925132	0.22238366	0.10760213	551.0	1.0
SPIKE	D10-11:A>	6	15025	3.9933444E-4	-1.0	39.97584	TRUE		NaN	NaN	NaN	NaN	NaN	NaN	NaN	NaN	NaN
SPIKE	S11:C>G	1	15025	6.655574E-5	-1.0	40.0	TRUE	C	1.4513823E-4	11.0	0.040065218	0.92314297	21.559914	0.20651989	0.274492	551.0	0.0
SPIKE	S11:C>T	16	15025	0.0010648918	49.41419	40.0	TRUE	C	2.9962006E-4	37.0	0.045031637	0.8478168	38.41213	0.1274074	0.11600744	551.0	0.0
SPIKE	D11-12:C>	6	15025	3.9933444E-4	-1.0	39.979836	TRUE		NaN	NaN	NaN	NaN	NaN	NaN	NaN	NaN	NaN
SPIKE	S11:C>A	0	15025	0.0	-1.0	0.0	TRUE	C	1.7158763E-4	28.0	0.06817751	0.909787	18.582115	0.098811895	0.12034189	551.0	0.0
SPIKE	S12:G>A	12	15025	7.986689E-4	-1.0	40.0	TRUE	G	2.4005237E-4	31.0	0.047094077	0.8761054	38.41213	0.12209806	0.09511267	551.0	0.0
SPIKE	S12:G>C	1	15025	6.655574E-5	4.2596874	40.0	TRUE	G	3.442919E-4	26.0	0.061496977	0.8272033	21.559914	0.21199825	0.1183435	551.0	0.0
SPIKE	S12:G>T	1	15025	6.655574E-5	-1.0	40.0	TRUE	G	2.3218933E-4	0.0	0.092427775	0.8799094	18.582115	0.20686184	0.09859874	551.0	1.0
SPIKE	D12-13:G>	5	15025	3.327787E-4	-1.0	39.982296	TRUE		NaN	NaN	NaN	NaN	NaN	NaN	NaN	NaN	NaN
SPIKE	S13:A>G	11	15025	7.3211314E-4	26.1236	40.0	TRUE	A	0.0012728325	183.0	0.04362413	0.49592495	53.291363	0.10927128	0.08568896	551.0	0.0
SPIKE	S13:A>C	2	15025	1.3311148E-4	-1.0	40.0	TRUE	A	5.374323E-5	23.0	0.04339122	0.9708216	45.205696	0.036700845	0.08233699	551.0	0.0
SPIKE	S13:A>T	3	15025	1.9966722E-4	-1.0	40.0	TRUE	A	1.6344023E-4	5.0	0.074007735	0.9138804	11.925132	0.22238366	0.10760213	551.0	1.0
SPIKE	D13-14:A>	5	15025	3.327787E-4	-1.0	39.98236	TRUE		NaN	NaN	NaN	NaN	NaN	NaN	NaN	NaN	NaN
SPIKE	S14:C>A	1	15025	6.655574E-5	-1.0	40.0	TRUE	C	2.696377E-4	44.0	0.06817751	0.8619394	18.582115	0.098811895	0.12034189	551.0	0.0
SPIKE	S14:C>G	1	15025	6.655574E-5	-1.0	40.0	TRUE	C	2.8446977E-4	0.0	0.040065218	0.85492384	21.559914	0.20651989	0.274492	551.0	1.0
SPIKE	S14:C>T	4	15025	2.6622295E-4	-1.0	40.0	TRUE	C	2.1054383E-4	26.0	0.045031637	0.89046663	38.41213	0.1274074	0.11600744	551.0	0.0
SPIKE	D14-15:C>	1	15025	6.655574E-5	-1.0	39.992546	TRUE		NaN	NaN	NaN	NaN	NaN	NaN	NaN	NaN	NaN
SPIKE	S15:A>G	19	15025	0.0012645591	58.445087	40.0	TRUE	A	4.034114E-4	58.0	0.04362413	0.8006914	53.291363	0.10927128	0.08568896	551.0	0.0
SPIKE	S15:A>C	3	15025	1.9966722E-4	-1.0	40.0	TRUE	A	7.243653E-5	31.0	0.04339122	0.9608735	45.205696	0.036700845	0.08233699	551.0	0.0
SPIKE	S15:A>T	2	15025	1.3311148E-4	-1.0	40.0	TRUE	A	1.6344023E-4	0.0	0.074007735	0.9138804	11.925132	0.22238366	0.10760213	551.0	1.0
SPIKE	D15-16:A>	7	15025	4.658902E-4	-1.0	39.977238	TRUE		NaN	NaN	NaN	NaN	NaN	NaN	NaN	NaN	NaN
SPIKE	I15:>A	1	15025	6.655574E-5	-1.0	39.977238	TRUE		NaN	NaN	NaN	NaN	NaN	NaN	NaN	NaN	NaN
SPIKE	S16:G>A	5	15025	3.327787E-4	16.300888	40.0	TRUE	G	4.8010473E-4	62.0	0.047094077	0.7675607	38.41213	0.12209806	0.09511267	551.0	0.0
SPIKE	S16:G>T	1	15025	6.655574E-5	-1.0	40.0	TRUE	G	2.3218933E-4	0.0	0.092427775	0.8799094	18.582115	0.20686184	0.09859874	551.0	1.0
SPIKE	S16:G>C	1	15025	6.655574E-5	-1.0	40.0	TRUE	G	2.854963E-4	0.0	0.061496977	0.85444045	21.559914	0.21199825	0.1183435	551.0	1.0
SPIKE	D16-17:G>	6	15025	3.9933444E-4	-1.0	39.979366	TRUE		NaN	NaN	NaN	NaN	NaN	NaN	NaN	NaN	NaN
SPIKE	S17:A>G	23	15025	0.0015307821	59.459663	40.0	TRUE	A	0.0012519663	180.0	0.04362413	0.5016596	53.291363	0.10927128	0.08568896	551.0	0.0
SPIKE	S17:A>T	7	15025	4.658902E-4	-1.0	40.0	TRUE	A	1.6344023E-4	9.0	0.074007735	0.9138804	11.925132	0.22238366	0.10760213	551.0	1.0
SPIKE	S17:A>C	3	15025	1.9966722E-4	-1.0	40.0	TRUE	A	1.0563044E-4	3.0	0.04339122	0.943459	45.205696	0.036700845	0.08233699	551.0	1.0
SPIKE	D17-18:A>	8	15025	5.324459E-4	-1.0	39.999733	TRUE		NaN	NaN	NaN	NaN	NaN	NaN	NaN	NaN	NaN
SPIKE	S18:A>G	22	15025	0.0014642263	67.47598	40.0	TRUE	A	5.4251874E-4	78.0	0.04362413	0.7416129	53.291363	0.10927128	0.08568896	551.0	0.0
SPIKE	S18:A>T	1	15025	6.655574E-5	-1.0	40.0	TRUE	A	1.6344023E-4	3.0	0.074007735	0.9138804	11.925132	0.22238366	0.10760213	551.0	1.0
SPIKE	S18:A>C	3	15025	1.9966722E-4	-1.0	40.0	TRUE	A	3.5049932E-5	15.0	0.04339122	0.98087275	45.205696	0.036700845	0.08233699	551.0	0.0
SPIKE	S19:C>G	1	15025	6.655574E-5	-1.0	40.0	TRUE	C	2.8446977E-4	0.0	0.040065218	0.85492384	21.559914	0.20651989	0.274492	551.0	1.0
SPIKE	S19:C>T	5	15025	3.327787E-4	16.300888	40.0	TRUE	C	3.7250062E-4	46.0	0.045031637	0.81444544	38.41213	0.1274074	0.11600744	551.0	0.0
SPIKE	D19-20:C>	4	15025	2.6622295E-4	-1.0	39.999733	TRUE		NaN	NaN	NaN	NaN	NaN	NaN	NaN	NaN	NaN
SPIKE	S19:C>A	0	15025	0.0	-1.0	0.0	TRUE	C	1.5933136E-4	26.0	0.06817751	0.9159517	18.582115	0.098811895	0.12034189	551.0	0.0
SPIKE	S20:C>G	2	15025	1.3311148E-4	-1.0	40.0	TRUE	C	2.8446977E-4	0.0	0.040065218	0.85492384	21.559914	0.20651989	0.274492	551.0	1.0
SPIKE	S20:C>T	9	15025	5.9900165E-4	-1.0	40.0	TRUE	C	2.5913087E-4	32.0	0.045031637	0.86694384	38.41213	0.1274074	0.11600744	551.0	0.0
SPIKE	S20:C>A	0	15025	0.0	-1.0	0.0	TRUE	C	6.7409426E-5	11.0	0.06817751	0.9635387	18.582115	0.098811895	0.12034189	551.0	0.0
SPIKE	S21:A>G	9	15025	5.9900165E-4	28.342087	40.0	TRUE	A	5.007865E-4	72.0	0.04362413	0.75886345	53.291363	0.10927128	0.08568896	551.0	0.0
SPIKE	S21:A>T	1	15025	6.655574E-5	-1.0	40.0	TRUE	A	1.6446633E-4	12.0	0.074007735	0.9133639	11.925132	0.22238366	0.10760213	551.0	0.0
SPIKE	S21:A>C	1	15025	6.655574E-5	-1.0	40.0	TRUE	A	7.243653E-5	31.0	0.04339122	0.9608735	45.205696	0.036700845	0.08233699	551.0	0.0
SPIKE	S22:A>T	15022	15025	0.9998003	-1.0	39.999935	TRUE	T	1.6344023E-4	0.0	0.074007735	0.9138804	11.925132	0.22238366	0.10760213	551.0	1.0
SPIKE	S22:A>G	0	15025	0.0	-1.0	0.0	TRUE	T	6.955369E-5	10.0	0.04362413	0.962401	53.291363	0.10927128	0.08568896	551.0	0.0
SPIKE	S22:A>C	0	15025	0.0	-1.0	0.0	TRUE	T	1.0563044E-4	0.0	0.04339122	0.943459	45.205696	0.036700845	0.08233699	551.0	1.0
SPIKE	S23:A>G	15023	15025	0.9998669	9999.0	39.999535	TRUE	G	3.706611E-4	0.0	0.04362413	0.8152714	53.291363	0.10927128	0.08568896	551.0	1.0
SPIKE	S23:A>C	0	15025	0.0	-1.0	0.0	TRUE	G	1.0563044E-4	0.0	0.04339122	0.943459	45.205696	0.036700845	0.08233699	551.0	1.0
SPIKE	S23:A>T	0	15025	0.0	-1.0	0.0	TRUE	G	4.2487137E-4	31.0	0.074007735	0.79127944	11.925132	0.22238366	0.10760213	551.0	0.0
SPIKE	S24:A>G	0	15025	0.0	-1.0	0.0	TRUE	A	2.017057E-4	29.0	0.04362413	0.8948136	53.291363	0.10927128	0.08568896	551.0	0.0
SPIKE	S24:A>C	0	15025	0.0	-1.0	0.0	TRUE	A	2.8039945E-5	12.0	0.04339122	0.98466873	45.205696	0.036700845	0.08233699	551.0	0.0
SPIKE	S24:A>T	0	15025	0.0	-1.0	0.0	TRUE	A	1.6344023E-4	0.0	0.074007735	0.9138804	11.925132	0.22238366	0.10760213	551.0	1.0
SPIKE	S25:A>C	15023	15025	0.9998669	-1.0	39.9994	TRUE	C	1.0563044E-4	0.0	0.04339122	0.943459	45.205696	0.036700845	0.08233699	551.0	1.0
SPIKE	S25:A>G	0	15025	0.0	-1.0	0.0	TRUE	C	3.706611E-4	0.0	0.04362413	0.8152714	53.291363	0.10927128	0.08568896	551.0	1.0
SPIKE	S25:A>T	0	15025	0.0	-1.0	0.0	TRUE	C	1.3705528E-4	10.0	0.074007735	0.92726356	11.925132	0.22238366	0.10760213	551.0	0.0
SPIKE	S26:T>A	1	15025	6.655574E-5	-1.0	40.0	TRUE	T	1.621519E-4	2.0	0.08862261	0.9145294	11.925132	0.22416876	0.09592471	551.0	1.0
SPIKE	S26:T>C	15	15025	9.983361E-4	46.403885	40.0	TRUE	T	7.0193363E-4	86.0	0.044723574	0.6792504	53.291363	0.12837575	0.09778895	551.0	0.0
SPIKE	S26:T>G	0	15025	0.0	-1.0	0.0	TRUE	T	2.1080275E-4	17.0	0.06606169	0.8903396	45.205696	0.19949116	0.10160066	551.0	0.0
SPIKE	S27:G>A	9	15025	5.9900165E-4	-1.0	40.0	TRUE	G	1.548725E-4	20.0	0.047094077	0.91820484	38.41213	0.12209806	0.09511267	551.0	0.0
SPIKE	D27-28:G>	5	15025	3.327787E-4	-1.0	39.9998	TRUE		NaN	NaN	NaN	NaN	NaN	NaN	NaN	NaN	NaN
SPIKE	S27:G>C	0	15025	0.0	-1.0	0.0	TRUE	G	2.854963E-4	0.0	0.061496977	0.85444045	21.559914	0.21199825	0.1183435	551.0	1.0
SPIKE	S27:G>T	0	15025	0.0	-1.0	0.0	TRUE	G	3.4986873E-4	28.0	0.092427775	0.8246653	18.582115	0.20686184	0.09859874	551.0	0.0
SPIKE	S28:G>A	4	15025	2.6622295E-4	-1.0	40.0	TRUE	G	2.1682149E-4	28.0	0.047094077	0.8873918	38.41213	0.12209806	0.09511267	551.0	0.0
SPIKE	S28:G>C	0	15025	0.0	-1.0	0.0	TRUE	G	2.854963E-4	1.0	0.061496977	0.85444045	21.559914	0.21199825	0.1183435	551.0	1.0
SPIKE	S28:G>T	0	15025	0.0	-1.0	0.0	TRUE	G	2.3218933E-4	2.0	0.092427775	0.8799094	18.582115	0.20686184	0.09859874	551.0	1.0
SPIKE	S29:G>A	5	15025	3.327787E-4	-1.0	40.0	TRUE	G	1.8584699E-4	24.0	0.047094077	0.90266687	38.41213	0.12209806	0.09511267	551.0	0.0
SPIKE	S29:G>T	3	15025	1.9966722E-4	-1.0	40.0	TRUE	G	2.3218933E-4	1.0	0.092427775	0.8799094	18.582115	0.20686184	0.09859874	551.0	1.0
SPIKE	S29:G>C	0	15025	0.0	-1.0	0.0	TRUE	G	2.854963E-4	0.0	0.061496977	0.85444045	21.559914	0.21199825	0.1183435	551.0	1.0
SPIKE	S30:A>G	29	15025	0.0019301164	88.54809	40.0	TRUE	A	6.538047E-4	94.0	0.04362413	0.69750446	53.291363	0.10927128	0.08568896	551.0	0.0
SPIKE	S30:A>T	1	15025	6.655574E-5	-1.0	40.0	TRUE	A	1.6446633E-4	12.0	0.074007735	0.9133639	11.925132	0.22238366	0.10760213	551.0	0.0
SPIKE	S30:A>C	1	15025	6.655574E-5	-1.0	40.0	TRUE	A	1.0563044E-4	0.0	0.04339122	0.943459	45.205696	0.036700845	0.08233699	551.0	1.0
SPIKE	S31:T>C	18	15025	0.0011980033	55.434788	40.0	TRUE	T	4.0810095E-4	50.0	0.044723574	0.7986251	53.291363	0.12837575	0.09778895	551.0	0.0
SPIKE	S31:T>A	0	15025	0.0	-1.0	0.0	TRUE	T	3.1274234E-4	23.0	0.08862261	0.8417089	11.925132	0.22416876	0.09592471	551.0	0.0
SPIKE	S31:T>G	0	15025	0.0	-1.0	0.0	TRUE	T	5.6055794E-4	0.0	0.06606169	0.7342781	45.205696	0.19949116	0.10160066	551.0	1.0
SPIKE	S32:C>T	7	15025	4.658902E-4	22.321487	40.0	TRUE	C	3.7250062E-4	46.0	0.045031637	0.81444544	38.41213	0.1274074	0.11600744	551.0	0.0
SPIKE	S32:C>A	0	15025	0.0	-1.0	0.0	TRUE	C	1.1387361E-4	0.0	0.06817751	0.93918353	18.582115	0.098811895	0.12034189	551.0	1.0
SPIKE	S32:C>G	0	15025	0.0	-1.0	0.0	TRUE	C	2.8446977E-4	0.0	0.040065218	0.85492384	21.559914	0.20651989	0.274492	551.0	1.0
SPIKE	S33:C>T	3	15025	1.9966722E-4	-1.0	40.0	TRUE	C	1.7815248E-4	22.0	0.045031637	0.906502	38.41213	0.1274074	0.11600744	551.0	0.0
SPIKE	S33:C>A	2	15025	1.3311148E-4	-1.0	40.0	TRUE	C	1.1387361E-4	8.0	0.06817751	0.93918353	18.582115	0.098811895	0.12034189	551.0	1.0
SPIKE	S33:C>G	1	15025	6.655574E-5	-1.0	40.0	TRUE	C	2.8446977E-4	0.0	0.040065218	0.85492384	21.559914	0.20651989	0.274492	551.0	1.0
SPIKE	S34:A>C	3	15025	1.9966722E-4	-1.0	40.0	TRUE	A	6.308988E-5	27.0	0.04339122	0.96583474	45.205696	0.036700845	0.08233699	551.0	0.0
SPIKE	S34:A>T	3	15025	1.9966722E-4	-1.0	40.0	TRUE	A	1.3705528E-4	10.0	0.074007735	0.92726356	11.925132	0.22238366	0.10760213	551.0	0.0
SPIKE	S34:A>G	13	15025	8.6522463E-4	-1.0	40.0	TRUE	A	1.3215201E-4	19.0	0.04362413	0.92977214	53.291363	0.10927128	0.08568896	551.0	0.0
SPIKE	S35:T>C	21	15025	0.0013976706	64.46568	40.0	TRUE	T	3.3464277E-4	41.0	0.044723574	0.83161294	53.291363	0.12837575	0.09778895	551.0	0.0
SPIKE	S35:T>A	3	15025	1.9966722E-4	10.280287	40.0	TRUE	T	3.8072982E-4	28.0	0.08862261	0.81076086	11.925132	0.22416876	0.09592471	551.0	0.0
SPIKE	D35-36:T>	3	15025	1.9966722E-4	-1.0	39.999733	TRUE		NaN	NaN	NaN	NaN	NaN	NaN	NaN	NaN	NaN
SPIKE	S35:T>G	0	15025	0.0	-1.0	0.0	TRUE	T	5.6055794E-4	3.0	0.06606169	0.7342781	45.205696	0.19949116	0.10160066	551.0	1.0
SPIKE	S36:T>C	16	15025	0.0010648918	49.41419	40.0	TRUE	T	4.349651E-4	8.0	0.044723574	0.7868908	53.291363	0.12837575	0.09778895	551.0	1.0
SPIKE	S36:T>A	0	15025	0.0	-1.0	0.0	TRUE	T	1.3597493E-4	10.0	0.08862261	0.9278157	11.925132	0.22416876	0.09592471	551.0	0.0
SPIKE	S36:T>G	0	15025	0.0	-1.0	0.0	TRUE	T	5.6055794E-4	0.0	0.06606169	0.7342781	45.205696	0.19949116	0.10160066	551.0	1.0
SPIKE	S37:A>T	1	15025	6.655574E-5	4.2596874	40.0	TRUE	A	4.1116582E-4	30.0	0.074007735	0.79727757	11.925132	0.22238366	0.10760213	551.0	0.0
SPIKE	S37:A>G	17	15025	0.0011314476	-1.0	40.0	TRUE	A	1.5997348E-4	23.0	0.04362413	0.9156277	53.291363	0.10927128	0.08568896	551.0	0.0
SPIKE	S37:A>C	0	15025	0.0	-1.0	0.0	TRUE	A	1.0563044E-4	0.0	0.04339122	0.943459	45.205696	0.036700845	0.08233699	551.0	1.0
SPIKE	S38:T>C	6	15025	3.9933444E-4	-1.0	40.0	TRUE	T	1.2243028E-4	15.0	0.044723574	0.93476593	53.291363	0.12837575	0.09778895	551.0	0.0
SPIKE	S38:T>A	3	15025	1.9966722E-4	-1.0	40.0	TRUE	T	2.5835237E-4	19.0	0.08862261	0.86731577	11.925132	0.22416876	0.09592471	551.0	0.0
SPIKE	S38:T>G	1	15025	6.655574E-5	4.2596874	40.0	TRUE	T	5.6055794E-4	1.0	0.06606169	0.7342781	45.205696	0.19949116	0.10160066	551.0	1.0
SPIKE	S39:C>T	10	15026	6.655131E-4	31.352386	40.0	TRUE	C	4.1296234E-4	51.0	0.045031637	0.79648876	38.414684	0.1274074	0.11600744	551.0	0.0
SPIKE	S39:C>A	1	15026	6.6551314E-5	-1.0	40.0	TRUE	C	1.1387361E-4	2.0	0.06817751	0.93918353	18.583351	0.098811895	0.12034189	551.0	1.0
SPIKE	S39:C>G	0	15026	0.0	-1.0	0.0	TRUE	C	1.5832207E-4	12.0	0.040065218	0.9164613	21.56135	0.20651989	0.274492	551.0	0.0
SPIKE	S40:G>T	1	15026	6.6551314E-5	-1.0	40.0	TRUE	G	2.3218933E-4	1.0	0.092427775	0.8799094	18.583351	0.20686184	0.09859874	551.0	1.0
SPIKE	S40:G>A	18	15026	0.0011979236	-1.0	40.0	TRUE	G	2.7100882E-4	35.0	0.047094077	0.8612884	38.414684	0.12209806	0.09511267	551.0	0.0
SPIKE	S40:G>C	0	15026	0.0	-1.0	0.0	TRUE	G	2.9130455E-4	22.0	0.061496977	0.8517103	21.56135	0.21199825	0.1183435	551.0	0.0
SPIKE	S41:G>A	5	15026	3.3275655E-4	-1.0	40.0	TRUE	G	2.555226E-4	33.0	0.047094077	0.86866915	38.414684	0.12209806	0.09511267	551.0	0.0
SPIKE	S41:G>C	0	15026	0.0	-1.0	0.0	TRUE	G	1.3241115E-4	10.0	0.061496977	0.92963934	21.56135	0.21199825	0.1183435	551.0	0.0
SPIKE	S41:G>T	0	15026	0.0	-1.0	0.0	TRUE	G	2.3218933E-4	1.0	0.092427775	0.8799094	18.583351	0.20686184	0.09859874	551.0	1.0
SPIKE	S42:C>T	18	15026	0.0011979236	55.434788	40.0	TRUE	C	4.2105964E-4	52.0	0.045031637	0.79294306	38.414684	0.1274074	0.11600744	551.0	0.0
SPIKE	S42:C>A	0	15026	0.0	-1.0	0.0	TRUE	C	1.1387361E-4	0.0	0.06817751	0.93918353	18.583351	0.098811895	0.12034189	551.0	1.0
SPIKE	S42:C>G	0	15026	0.0	-1.0	0.0	TRUE	C	3.9580517E-4	30.0	0.040065218	0.80405414	21.56135	0.20651989	0.274492	551.0	0.0
SPIKE	S43:G>T	2	15026	1.3310263E-4	-1.0	40.0	TRUE	G	2.3218933E-4	3.0	0.092427775	0.8799094	18.583351	0.20686184	0.09859874	551.0	1.0
SPIKE	S43:G>A	14	15026	9.317183E-4	-1.0	40.0	TRUE	G	2.2455017E-4	29.0	0.047094077	0.8836209	38.414684	0.12209806	0.09511267	551.0	0.0
SPIKE	S43:G>C	0	15026	0.0	-1.0	0.0	TRUE	G	2.515812E-4	19.0	0.061496977	0.8705577	21.56135	0.21199825	0.1183435	551.0	0.0
SPIKE	S44:G>T	1	15026	6.6551314E-5	-1.0	40.0	TRUE	G	2.3218933E-4	0.0	0.092427775	0.8799094	18.583351	0.20686184	0.09859874	551.0	1.0
SPIKE	S44:G>A	7	15026	4.6585916E-4	22.321487	40.0	TRUE	G	3.7941235E-4	49.0	0.047094077	0.81134963	38.414684	0.12209806	0.09511267	551.0	0.0
SPIKE	S44:G>C	0	15026	0.0	-1.0	0.0	TRUE	G	2.854963E-4	9.0	0.061496977	0.85444045	21.56135	0.21199825	0.1183435	551.0	1.0
SPIKE	S45:C>T	6	15026	3.9930787E-4	-1.0	40.0	TRUE	C	1.7814062E-4	22.0	0.045031637	0.90650797	38.414684	0.1274074	0.11600744	551.0	0.0
SPIKE	S45:C>A	0	15026	0.0	-1.0	0.0	TRUE	C	1.1387361E-4	1.0	0.06817751	0.93918353	18.583351	0.098811895	0.12034189	551.0	1.0
SPIKE	S45:C>G	0	15026	0.0	-1.0	0.0	TRUE	C	4.089987E-4	31.0	0.040065218	0.7982302	21.56135	0.20651989	0.274492	551.0	0.0
SPIKE	S46:G>C	1	15026	6.6551314E-5	-1.0	40.0	TRUE	G	2.9130455E-4	22.0	0.061496977	0.8517103	21.56135	0.21199825	0.1183435	551.0	0.0
SPIKE	S46:G>T	1	15026	6.6551314E-5	-1.0	40.0	TRUE	G	2.3218933E-4	0.0	0.092427775	0.8799094	18.583351	0.20686184	0.09859874	551.0	1.0
SPIKE	S46:G>A	5	15026	3.3275655E-4	-1.0	40.0	TRUE	G	2.3229329E-4	30.0	0.047094077	0.87985903	38.414684	0.12209806	0.09511267	551.0	0.0
SPIKE	S47:A>G	17	15026	0.0011313723	-1.0	40.0	TRUE	A	1.8082756E-4	26.0	0.04362413	0.90516686	53.29491	0.10927128	0.08568896	551.0	0.0
SPIKE	S47:A>C	0	15026	0.0	-1.0	0.0	TRUE	A	1.0563044E-4	1.0	0.04339122	0.943459	45.208706	0.036700845	0.08233699	551.0	1.0
SPIKE	S47:A>T	0	15026	0.0	-1.0	0.0	TRUE	A	1.6344023E-4	0.0	0.074007735	0.9138804	11.925926	0.22238366	0.10760213	551.0	1.0
SPIKE	S48:A>G	16	15026	0.001064821	-1.0	40.0	TRUE	A	9.7368684E-5	14.0	0.04362413	0.9477636	53.29491	0.10927128	0.08568896	551.0	0.0
SPIKE	S48:A>C	0	15026	0.0	-1.0	0.0	TRUE	A	1.0563044E-4	1.0	0.04339122	0.943459	45.208706	0.036700845	0.08233699	551.0	1.0
SPIKE	S48:A>T	0	15026	0.0	-1.0	0.0	TRUE	A	1.6344023E-4	8.0	0.074007735	0.9138804	11.925926	0.22238366	0.10760213	551.0	1.0
SPIKE	S49:T>C	27	15026	0.0017968854	-1.0	40.0	TRUE	T	8.161476E-5	10.0	0.044723574	0.95602643	53.29491	0.12837575	0.09778895	551.0	0.0
SPIKE	S49:T>A	3	15026	1.9965394E-4	10.280287	40.0	TRUE	T	3.399147E-4	25.0	0.08862261	0.82920074	11.925926	0.22416876	0.09592471	551.0	0.0
SPIKE	D49-50:T>	19	15026	0.0012644749	-1.0	39.99707	TRUE		NaN	NaN	NaN	NaN	NaN	NaN	NaN	NaN	NaN
SPIKE	S49:T>G	0	15026	0.0	-1.0	0.0	TRUE	T	5.6055794E-4	1.0	0.06606169	0.7342781	45.208706	0.19949116	0.10160066	551.0	1.0
SPIKE	S50:T>C	16	15026	0.001064821	49.41419	40.0	TRUE	T	4.349651E-4	9.0	0.044723574	0.7868908	53.29491	0.12837575	0.09778895	551.0	1.0
SPIKE	S50:T>A	3	15026	1.9965394E-4	-1.0	40.0	TRUE	T	1.621519E-4	1.0	0.08862261	0.9145294	11.925926	0.22416876	0.09592471	551.0	1.0
SPIKE	S50:T>G	0	15026	0.0	-1.0	0.0	TRUE	T	5.6055794E-4	1.0	0.06606169	0.7342781	45.208706	0.19949116	0.10160066	551.0	1.0
SPIKE	S51:T>C	16	15026	0.001064821	49.41419	40.0	TRUE	T	4.349651E-4	7.0	0.044723574	0.7868908	53.29491	0.12837575	0.09778895	551.0	1.0
SPIKE	S51:T>A	1	15026	6.6551314E-5	-1.0	40.0	TRUE	T	1.621519E-4	6.0	0.08862261	0.9145294	11.925926	0.22416876	0.09592471	551.0	1.0
SPIKE	S51:T>G	0	15026	0.0	-1.0	0.0	TRUE	T	5.6055794E-4	2.0	0.06606169	0.7342781	45.208706	0.19949116	0.10160066	551.0	1.0
SPIKE	S52:A>G	20	15026	0.0013310262	-1.0	40.0	TRUE	A	1.321432E-4	19.0	0.04362413	0.9297766	53.29491	0.10927128	0.08568896	551.0	0.0
SPIKE	S52:A>C	0	15026	0.0	-1.0	0.0	TRUE	A	2.3365066E-5	10.0	0.04339122	0.98720837	45.208706	0.036700845	0.08233699	551.0	0.0
SPIKE	S52:A>T	0	15026	0.0	-1.0	0.0	TRUE	A	1.3704615E-4	10.0	0.074007735	0.9272682	11.925926	0.22238366	0.10760213	551.0	0.0
SPIKE	S53:C>T	7	15026	4.6585916E-4	-1.0	40.0	TRUE	C	2.8340553E-4	35.0	0.045031637	0.85542536	38.414684	0.1274074	0.11600744	551.0	0.0
SPIKE	S53:C>A	2	15026	1.3310263E-4	-1.0	40.0	TRUE	C	1.1387361E-4	9.0	0.06817751	0.93918353	18.583351	0.098811895	0.12034189	551.0	1.0
SPIKE	D53-54:C>	6	15026	3.9930787E-4	-1.0	39.999535	TRUE		NaN	NaN	NaN	NaN	NaN	NaN	NaN	NaN	NaN
SPIKE	S53:C>G	0	15026	0.0	-1.0	0.0	TRUE	C	2.8446977E-4	1.0	0.040065218	0.85492384	21.56135	0.20651989	0.274492	551.0	1.0
SPIKE	S54:C>T	12	15026	7.9861574E-4	-1.0	40.0	TRUE	C	2.1052982E-4	26.0	0.045031637	0.8904735	38.414684	0.1274074	0.11600744	551.0	0.0
SPIKE	S54:C>A	2	15026	1.3310263E-4	-1.0	40.0	TRUE	C	1.1387361E-4	3.0	0.06817751	0.93918353	18.583351	0.098811895	0.12034189	551.0	1.0
SPIKE	S54:C>G	0	15026	0.0	-1.0	0.0	TRUE	C	2.8446977E-4	0.0	0.040065218	0.85492384	21.56135	0.20651989	0.274492	551.0	1.0
SPIKE	S55:A>T	4	15026	2.6620526E-4	-1.0	40.0	TRUE	A	1.6344023E-4	8.0	0.074007735	0.9138804	11.925926	0.22238366	0.10760213	551.0	1.0
SPIKE	S55:A>C	2	15026	1.3310263E-4	-1.0	40.0	TRUE	A	2.079491E-4	89.0	0.04339122	0.8917406	45.208706	0.036700845	0.08233699	551.0	0.0
SPIKE	S55:A>G	23	15026	0.0015306801	59.459663	40.0	TRUE	A	8.9718285E-4	129.0	0.04362413	0.6099686	53.29491	0.10927128	0.08568896	551.0	0.0
SPIKE	D55-56:A>	1	15026	6.6551314E-5	-1.0	39.993546	TRUE		NaN	NaN	NaN	NaN	NaN	NaN	NaN	NaN	NaN
SPIKE	S56:C>T	9	15026	5.989618E-4	-1.0	40.0	TRUE	C	2.1052982E-4	26.0	0.045031637	0.8904735	38.414684	0.1274074	0.11600744	551.0	0.0
SPIKE	D56-57:C>	1	15026	6.6551314E-5	-1.0	39.99967	TRUE		NaN	NaN	NaN	NaN	NaN	NaN	NaN	NaN	NaN
SPIKE	S56:C>A	0	15026	0.0	-1.0	0.0	TRUE	C	6.740494E-5	11.0	0.06817751	0.9635411	18.583351	0.098811895	0.12034189	551.0	0.0
SPIKE	S56:C>G	0	15026	0.0	-1.0	0.0	TRUE	C	2.8446977E-4	0.0	0.040065218	0.85492384	21.56135	0.20651989	0.274492	551.0	1.0
SPIKE	S57:C>T	5	15026	3.3275655E-4	-1.0	40.0	TRUE	C	1.4575142E-4	18.0	0.045031637	0.9228311	38.414684	0.1274074	0.11600744	551.0	0.0
SPIKE	S57:C>A	0	15026	0.0	-1.0	0.0	TRUE	C	1.1387361E-4	6.0	0.06817751	0.93918353	18.583351	0.098811895	0.12034189	551.0	1.0
SPIKE	S57:C>G	0	15026	0.0	-1.0	0.0	TRUE	C	2.8446977E-4	0.0	0.040065218	0.85492384	21.56135	0.20651989	0.274492	551.0	1.0
SPIKE	S58:A>T	1	15026	6.6551314E-5	-1.0	40.0	TRUE	A	1.6344023E-4	7.0	0.074007735	0.9138804	11.925926	0.22238366	0.10760213	551.0	1.0
SPIKE	S58:A>G	15	15026	9.982697E-4	46.403885	40.0	TRUE	A	4.2424927E-4	61.0	0.04362413	0.7915507	53.29491	0.10927128	0.08568896	551.0	0.0
SPIKE	S58:A>C	0	15026	0.0	-1.0	0.0	TRUE	A	4.6730132E-5	20.0	0.04339122	0.97458035	45.208706	0.036700845	0.08233699	551.0	0.0
SPIKE	S59:T>C	17	15026	0.0011313723	52.424488	40.0	TRUE	T	3.9175083E-4	48.0	0.044723574	0.80585235	53.29491	0.12837575	0.09778895	551.0	0.0
SPIKE	S59:T>A	1	15026	6.6551314E-5	-1.0	40.0	TRUE	T	2.7193176E-4	20.0	0.08862261	0.8608505	11.925926	0.22416876	0.09592471	551.0	0.0
SPIKE	D59-60:T>	1	15026	6.6551314E-5	-1.0	39.9994	TRUE		NaN	NaN	NaN	NaN	NaN	NaN	NaN	NaN	NaN
SPIKE	S59:T>G	0	15026	0.0	-1.0	0.0	TRUE	T	5.6055794E-4	1.0	0.06606169	0.7342781	45.208706	0.19949116	0.10160066	551.0	1.0
SPIKE	S60:T>C	16	15026	0.001064821	-1.0	40.0	TRUE	T	1.4690656E-4	18.0	0.044723574	0.92224395	53.29491	0.12837575	0.09778895	551.0	0.0
SPIKE	S60:T>A	1	15026	6.6551314E-5	-1.0	40.0	TRUE	T	1.621519E-4	5.0	0.08862261	0.9145294	11.925926	0.22416876	0.09592471	551.0	1.0
SPIKE	S60:T>G	0	15026	0.0	-1.0	0.0	TRUE	T	5.6055794E-4	2.0	0.06606169	0.7342781	45.208706	0.19949116	0.10160066	551.0	1.0
SPIKE	S61:G>A	2	15026	1.3310263E-4	-1.0	40.0	TRUE	G	1.3163286E-4	17.0	0.047094077	0.9300381	38.414684	0.12209806	0.09511267	551.0	0.0
SPIKE	S61:G>C	0	15026	0.0	-1.0	0.0	TRUE	G	2.854963E-4	0.0	0.061496977	0.85444045	21.56135	0.21199825	0.1183435	551.0	1.0
SPIKE	S61:G>T	0	15026	0.0	-1.0	0.0	TRUE	G	2.2490065E-4	18.0	0.092427775	0.88345027	18.583351	0.20686184	0.09859874	551.0	0.0
SPIKE	S62:A>T	1	15026	6.6551314E-5	-1.0	40.0	TRUE	A	1.6344023E-4	2.0	0.074007735	0.9138804	11.925926	0.22238366	0.10760213	551.0	1.0
SPIKE	S62:A>G	18	15026	0.0011979236	-1.0	40.0	TRUE	A	1.6691774E-4	24.0	0.04362413	0.912131	53.29491	0.10927128	0.08568896	551.0	0.0
SPIKE	D62-63:A>	4	15026	2.6620526E-4	-1.0	39.999466	TRUE		NaN	NaN	NaN	NaN	NaN	NaN	NaN	NaN	NaN
SPIKE	I62:>A	1	15026	6.6551314E-5	-1.0	39.999466	TRUE		NaN	NaN	NaN	NaN	NaN	NaN	NaN	NaN	NaN
SPIKE	S62:A>C	0	15026	0.0	-1.0	0.0	TRUE	A	1.0563044E-4	0.0	0.04339122	0.943459	45.208706	0.036700845	0.08233699	551.0	1.0
SPIKE	S63:A>T	1	15026	6.6551314E-5	-1.0	40.0	TRUE	A	1.6344023E-4	1.0	0.074007735	0.9138804	11.925926	0.22238366	0.10760213	551.0	1.0
SPIKE	S63:A>G	31	15026	0.0020630907	-1.0	40.0	TRUE	A	1.3909812E-4	20.0	0.04362413	0.9262204	53.29491	0.10927128	0.08568896	551.0	0.0
SPIKE	S63:A>C	0	15026	0.0	-1.0	0.0	TRUE	A	1.0563044E-4	0.0	0.04339122	0.943459	45.208706	0.036700845	0.08233699	551.0	1.0
SPIKE	S64:A>G	10	15026	6.655131E-4	-1.0	40.0	TRUE	A	2.9210604E-4	42.0	0.04362413	0.8513343	53.29491	0.10927128	0.08568896	551.0	0.0
SPIKE	S64:A>C	1	15026	6.6551314E-5	-1.0	40.0	TRUE	A	1.0563044E-4	1.0	0.04339122	0.943459	45.208706	0.036700845	0.08233699	551.0	1.0
SPIKE	S64:A>T	0	15026	0.0	-1.0	0.0	TRUE	A	1.6344023E-4	0.0	0.074007735	0.9138804	11.925926	0.22238366	0.10760213	551.0	1.0
SPIKE	S65:A>G	13	15026	8.6516707E-4	40.383286	40.0	TRUE	A	5.91167E-4	85.0	0.04362413	0.7219979	53.29491	0.10927128	0.08568896	551.0	0.0
SPIKE	S65:A>C	6	15026	3.9930787E-4	-1.0	40.0	TRUE	A	1.2850786E-4	55.0	0.04339122	0.9316409	45.208706	0.036700845	0.08233699	551.0	0.0
SPIKE	S65:A>T	0	15026	0.0	-1.0	0.0	TRUE	A	1.6344023E-4	1.0	0.074007735	0.9138804	11.925926	0.22238366	0.10760213	551.0	1.0
SPIKE	S66:C>T	3	15026	1.9965394E-4	-1.0	40.0	TRUE	C	1.3765412E-4	17.0	0.045031637	0.9269576	38.414684	0.1274074	0.11600744	551.0	0.0
SPIKE	D66-67:C>	6	15026	3.9930787E-4	-1.0	39.996807	TRUE		NaN	NaN	NaN	NaN	NaN	NaN	NaN	NaN	NaN
SPIKE	S66:C>A	0	15026	0.0	-1.0	0.0	TRUE	C	6.740494E-5	11.0	0.06817751	0.9635411	18.583351	0.098811895	0.12034189	551.0	0.0
SPIKE	S66:C>G	0	15026	0.0	-1.0	0.0	TRUE	C	2.8446977E-4	0.0	0.040065218	0.85492384	21.56135	0.20651989	0.274492	551.0	1.0
SPIKE	S67:C>A	1	15026	6.6551314E-5	-1.0	40.0	TRUE	C	1.0417127E-4	17.0	0.06817751	0.94421786	18.583351	0.098811895	0.12034189	551.0	0.0
SPIKE	S67:C>T	4	15026	2.6620526E-4	-1.0	40.0	TRUE	C	1.9433521E-4	24.0	0.045031637	0.89845496	38.414684	0.1274074	0.11600744	551.0	0.0
SPIKE	S67:C>G	0	15026	0.0	-1.0	0.0	TRUE	C	2.8446977E-4	0.0	0.040065218	0.85492384	21.56135	0.20651989	0.274492	551.0	1.0
SPIKE	S68:A>G	15	15026	9.982697E-4	37.025364	40.0	TRUE	A	9.389123E-4	135.0	0.04362413	0.59610367	53.29491	0.10927128	0.08568896	551.0	0.0
SPIKE	S68:A>C	2	15026	1.3310263E-4	-1.0	39.0	TRUE	A	2.5701573E-5	11.0	0.04339122	0.98593825	45.208706	0.036700845	0.08233699	551.0	0.0
SPIKE	S68:A>T	1	15026	6.6551314E-5	-1.0	40.0	TRUE	A	1.6344023E-4	6.0	0.074007735	0.9138804	11.925926	0.22238366	0.10760213	551.0	1.0
SPIKE	S69:G>A	8	15026	5.324105E-4	-1.0	40.0	TRUE	G	1.9357773E-4	25.0	0.047094077	0.89883006	38.414684	0.12209806	0.09511267	551.0	0.0
SPIKE	S69:G>C	0	15026	0.0	-1.0	0.0	TRUE	G	2.2509896E-4	17.0	0.061496977	0.88335377	21.56135	0.21199825	0.1183435	551.0	0.0
SPIKE	S69:G>T	0	15026	0.0	-1.0	0.0	TRUE	G	2.3218933E-4	0.0	0.092427775	0.8799094	18.583351	0.20686184	0.09859874	551.0	1.0
SPIKE	S70:C>A	1	15026	6.6551314E-5	-1.0	40.0	TRUE	C	1.1387361E-4	0.0	0.06817751	0.93918353	18.583351	0.098811895	0.12034189	551.0	1.0
SPIKE	S70:C>G	1	15026	6.6551314E-5	-1.0	40.0	TRUE	C	2.8446977E-4	2.0	0.040065218	0.85492384	21.56135	0.20651989	0.274492	551.0	1.0
SPIKE	S70:C>T	5	15026	3.3275655E-4	16.300888	40.0	TRUE	C	2.9960013E-4	37.0	0.045031637	0.8478262	38.414684	0.1274074	0.11600744	551.0	0.0
SPIKE	D70-71:C>	1	15026	6.6551314E-5	-1.0	39.99787	TRUE		NaN	NaN	NaN	NaN	NaN	NaN	NaN	NaN	NaN
SPIKE	S71:C>T	7	15026	4.6585916E-4	22.321487	40.0	TRUE	C	2.9960013E-4	37.0	0.045031637	0.8478262	38.414684	0.1274074	0.11600744	551.0	0.0
SPIKE	S71:C>A	0	15026	0.0	-1.0	0.0	TRUE	C	1.1387361E-4	1.0	0.06817751	0.93918353	18.583351	0.098811895	0.12034189	551.0	1.0
SPIKE	S71:C>G	0	15026	0.0	-1.0	0.0	TRUE	C	2.1109609E-4	16.0	0.040065218	0.8901957	21.56135	0.20651989	0.274492	551.0	0.0
SPIKE	S72:G>A	5	15026	3.3275655E-4	-1.0	40.0	TRUE	G	2.9423815E-4	38.0	0.047094077	0.8503347	38.414684	0.12209806	0.09511267	551.0	0.0
SPIKE	S72:G>T	1	15026	6.6551314E-5	-1.0	40.0	TRUE	G	1.6242824E-4	13.0	0.092427775	0.91439015	18.583351	0.20686184	0.09859874	551.0	0.0
SPIKE	S72:G>C	0	15026	0.0	-1.0	0.0	TRUE	G	2.854963E-4	2.0	0.061496977	0.85444045	21.56135	0.21199825	0.1183435	551.0	1.0
SPIKE	S73:T>A	1	15026	6.6551314E-5	-1.0	40.0	TRUE	T	1.621519E-4	0.0	0.08862261	0.9145294	11.925926	0.22416876	0.09592471	551.0	1.0
SPIKE	S73:T>G	1	15026	6.6551314E-5	4.2596874	40.0	TRUE	T	3.347821E-4	27.0	0.06606169	0.8315491	45.208706	0.19949116	0.10160066	551.0	0.0
SPIKE	S73:T>C	22	15026	0.0014641288	67.47598	40.0	TRUE	T	8.5695495E-4	105.0	0.044723574	0.6236399	53.29491	0.12837575	0.09778895	551.0	0.0
SPIKE	S74:G>A	9	15026	5.989618E-4	28.342087	40.0	TRUE	G	2.974491E-4	9.0	0.047094077	0.8488316	38.414684	0.12209806	0.09511267	551.0	1.0
SPIKE	S74:G>C	1	15026	6.6551314E-5	-1.0	40.0	TRUE	G	2.854963E-4	0.0	0.061496977	0.85444045	21.56135	0.21199825	0.1183435	551.0	1.0
SPIKE	S74:G>T	2	15026	1.3310263E-4	-1.0	40.0	TRUE	G	2.3218933E-4	2.0	0.092427775	0.8799094	18.583351	0.20686184	0.09859874	551.0	1.0
SPIKE	S75:G>A	2	15026	1.3310263E-4	-1.0	40.0	TRUE	G	1.703484E-4	22.0	0.047094077	0.91040844	38.414684	0.12209806	0.09511267	551.0	0.0
SPIKE	S75:G>C	0	15026	0.0	-1.0	0.0	TRUE	G	2.854963E-4	0.0	0.061496977	0.85444045	21.56135	0.21199825	0.1183435	551.0	1.0
SPIKE	S75:G>T	0	15026	0.0	-1.0	0.0	TRUE	G	1.9991168E-4	16.0	0.092427775	0.89569855	18.583351	0.20686184	0.09859874	551.0	0.0
SPIKE	S76:T>A	3	15026	1.9965394E-4	-1.0	40.0	TRUE	T	1.621519E-4	1.0	0.08862261	0.9145294	11.925926	0.22416876	0.09592471	551.0	1.0
SPIKE	S76:T>G	3	15026	1.9965394E-4	-1.0	40.0	TRUE	T	2.1078873E-4	17.0	0.06606169	0.89034647	45.208706	0.19949116	0.10160066	551.0	0.0
SPIKE	S76:T>C	20	15026	0.0013310262	61.455387	40.0	TRUE	T	3.999123E-4	49.0	0.044723574	0.8022366	53.29491	0.12837575	0.09778895	551.0	0.0
SPIKE	D76-77:T>	2	15026	1.3310263E-4	-1.0	39.997738	TRUE		NaN	NaN	NaN	NaN	NaN	NaN	NaN	NaN	NaN
SPIKE	S77:T>A	4	15026	2.6620526E-4	-1.0	40.0	TRUE	T	1.621519E-4	0.0	0.08862261	0.9145294	11.925926	0.22416876	0.09592471	551.0	1.0
SPIKE	S77:T>C	18	15026	0.0011979236	-1.0	40.0	TRUE	T	1.06099185E-4	13.0	0.044723574	0.94321537	53.29491	0.12837575	0.09778895	551.0	0.0
SPIKE	S77:T>G	0	15026	0.0	-1.0	0.0	TRUE	T	5.6055794E-4	0.0	0.06606169	0.7342781	45.208706	0.19949116	0.10160066	551.0	1.0
SPIKE	S78:T>A	2	15026	1.3310263E-4	-1.0	40.0	TRUE	T	1.621519E-4	0.0	0.08862261	0.9145294	11.925926	0.22416876	0.09592471	551.0	1.0
SPIKE	S78:T>G	1	15026	6.6551314E-5	-1.0	40.0	TRUE	T	2.4798673E-4	20.0	0.06606169	0.8722836	45.208706	0.19949116	0.10160066	551.0	0.0
SPIKE	S78:T>C	13	15026	8.6516707E-4	-1.0	40.0	TRUE	T	8.977624E-5	11.0	0.044723574	0.95173687	53.29491	0.12837575	0.09778895	551.0	0.0
SPIKE	D79-88:GCGGCGATT>	1	15026	6.6551314E-5	-1.0	39.995075	TRUE		NaN	NaN	NaN	NaN	NaN	NaN	NaN	NaN	NaN
SPIKE	S79:G>A	8	15026	5.324105E-4	-1.0	40.0	TRUE	G	1.626053E-4	21.0	0.047094077	0.9143009	38.414684	0.12209806	0.09511267	551.0	0.0
SPIKE	S79:G>C	0	15026	0.0	-1.0	0.0	TRUE	G	2.780634E-4	21.0	0.061496977	0.857947	21.56135	0.21199825	0.1183435	551.0	0.0
SPIKE	S79:G>T	0	15026	0.0	-1.0	0.0	TRUE	G	2.3218933E-4	3.0	0.092427775	0.8799094	18.583351	0.20686184	0.09859874	551.0	1.0
SPIKE	S80:C>A	1	15026	6.6551314E-5	-1.0	40.0	TRUE	C	1.1387361E-4	1.0	0.06817751	0.93918353	18.583351	0.098811895	0.12034189	551.0	1.0
SPIKE	S80:C>T	9	15026	5.989618E-4	28.342087	40.0	TRUE	C	3.7247583E-4	46.0	0.045031637	0.8144566	38.414684	0.1274074	0.11600744	551.0	0.0
SPIKE	D80-81:C>	1	15026	6.6551314E-5	-1.0	39.99228	TRUE		NaN	NaN	NaN	NaN	NaN	NaN	NaN	NaN	NaN
SPIKE	S80:C>G	0	15026	0.0	-1.0	0.0	TRUE	C	3.1664415E-4	24.0	0.040065218	0.83990127	21.56135	0.20651989	0.274492	551.0	0.0
SPIKE	S81:G>A	11	15026	7.320644E-4	-1.0	40.0	TRUE	G	2.0132084E-4	26.0	0.047094077	0.8950034	38.414684	0.12209806	0.09511267	551.0	0.0
SPIKE	S81:G>T	1	15026	6.6551314E-5	-1.0	40.0	TRUE	G	2.3218933E-4	1.0	0.092427775	0.8799094	18.583351	0.20686184	0.09859874	551.0	1.0
SPIKE	S81:G>C	1	15026	6.6551314E-5	-1.0	40.0	TRUE	G	2.854963E-4	2.0	0.061496977	0.85444045	21.56135	0.21199825	0.1183435	551.0	1.0
SPIKE	S82:G>A	6	15026	3.9930787E-4	-1.0	40.0	TRUE	G	2.8649505E-4	37.0	0.047094077	0.8539704	38.414684	0.12209806	0.09511267	551.0	0.0
SPIKE	S82:G>C	1	15026	6.6551314E-5	-1.0	40.0	TRUE	G	2.648223E-4	20.0	0.061496977	0.8642294	21.56135	0.21199825	0.1183435	551.0	0.0
SPIKE	S82:G>T	0	15026	0.0	-1.0	0.0	TRUE	G	2.3218933E-4	1.0	0.092427775	0.8799094	18.583351	0.20686184	0.09859874	551.0	1.0
SPIKE	S83:C>T	4	15026	2.6620526E-4	-1.0	40.0	TRUE	C	2.2672441E-4	28.0	0.045031637	0.88256294	38.414684	0.1274074	0.11600744	551.0	0.0
SPIKE	S83:C>A	0	15026	0.0	-1.0	0.0	TRUE	C	1.1387361E-4	1.0	0.06817751	0.93918353	18.583351	0.098811895	0.12034189	551.0	1.0
SPIKE	S83:C>G	0	15026	0.0	-1.0	0.0	TRUE	C	3.0345062E-4	23.0	0.040065218	0.8460293	21.56135	0.20651989	0.274492	551.0	0.0
SPIKE	S84:G>A	7	15026	4.6585916E-4	22.321487	40.0	TRUE	G	3.6392614E-4	47.0	0.047094077	0.8183024	38.414684	0.12209806	0.09511267	551.0	0.0
SPIKE	S84:G>T	2	15026	1.3310263E-4	-1.0	40.0	TRUE	G	2.3218933E-4	0.0	0.092427775	0.8799094	18.583351	0.20686184	0.09859874	551.0	1.0
SPIKE	S84:G>C	1	15026	6.6551314E-5	-1.0	40.0	TRUE	G	2.854963E-4	2.0	0.061496977	0.85444045	21.56135	0.21199825	0.1183435	551.0	1.0
SPIKE	S85:A>G	17	15026	0.0011313723	-1.0	40.0	TRUE	A	1.0432359E-4	15.0	0.04362413	0.9441386	53.29491	0.10927128	0.08568896	551.0	0.0
SPIKE	S85:A>T	1	15026	6.6551314E-5	-1.0	40.0	TRUE	A	2.740923E-4	20.0	0.074007735	0.8598263	11.925926	0.22238366	0.10760213	551.0	0.0
SPIKE	S85:A>C	2	15026	1.3310263E-4	7.269987	40.0	TRUE	A	3.0140937E-4	129.0	0.04339122	0.8469814	45.208706	0.036700845	0.08233699	551.0	0.0
SPIKE	S86:T>C	24	15026	0.0015972315	-1.0	40.0	TRUE	T	2.6116724E-4	32.0	0.044723574	0.8659716	53.29491	0.12837575	0.09778895	551.0	0.0
SPIKE	D86-87:T>	3	15026	1.9965394E-4	-1.0	39.995075	TRUE		NaN	NaN	NaN	NaN	NaN	NaN	NaN	NaN	NaN
SPIKE	S86:T>A	0	15026	0.0	-1.0	0.0	TRUE	T	1.621519E-4	3.0	0.08862261	0.9145294	11.925926	0.22416876	0.09592471	551.0	1.0
SPIKE	S86:T>G	0	15026	0.0	-1.0	0.0	TRUE	T	5.6055794E-4	7.0	0.06606169	0.7342781	45.208706	0.19949116	0.10160066	551.0	1.0
SPIKE	S87:T>A	3	15026	1.9965394E-4	-1.0	40.0	TRUE	T	1.621519E-4	2.0	0.08862261	0.9145294	11.925926	0.22416876	0.09592471	551.0	1.0
SPIKE	S87:T>C	9	15026	5.989618E-4	-1.0	40.0	TRUE	T	8.977624E-5	11.0	0.044723574	0.95173687	53.29491	0.12837575	0.09778895	551.0	0.0
SPIKE	S87:T>G	0	15026	0.0	-1.0	0.0	TRUE	T	5.6055794E-4	2.0	0.06606169	0.7342781	45.208706	0.19949116	0.10160066	551.0	1.0
SPIKE	S88:T>C	10	15026	6.655131E-4	-1.0	40.0	TRUE	T	1.2242213E-4	15.0	0.044723574	0.93477017	53.29491	0.12837575	0.09778895	551.0	0.0
SPIKE	S88:T>A	0	15026	0.0	-1.0	0.0	TRUE	T	3.263181E-4	24.0	0.08862261	0.8354362	11.925926	0.22416876	0.09592471	551.0	0.0
SPIKE	S88:T>G	0	15026	0.0	-1.0	0.0	TRUE	T	5.6055794E-4	0.0	0.06606169	0.7342781	45.208706	0.19949116	0.10160066	551.0	1.0
SPIKE	S89:A>G	12	15026	7.9861574E-4	37.372986	40.0	TRUE	A	3.706611E-4	7.0	0.04362413	0.8152714	53.29491	0.10927128	0.08568896	551.0	1.0
SPIKE	S89:A>T	1	15026	6.6551314E-5	4.2596874	40.0	TRUE	A	4.2484308E-4	31.0	0.074007735	0.7912918	11.925926	0.22238366	0.10760213	551.0	0.0
SPIKE	S89:A>C	1	15026	6.6551314E-5	-1.0	40.0	TRUE	A	1.0563044E-4	0.0	0.04339122	0.943459	45.208706	0.036700845	0.08233699	551.0	1.0
SPIKE	S90:T>A	1	15026	6.6551314E-5	-1.0	40.0	TRUE	T	1.621519E-4	2.0	0.08862261	0.9145294	11.925926	0.22416876	0.09592471	551.0	1.0
SPIKE	S90:T>C	24	15026	0.0015972315	73.49659	40.0	TRUE	T	3.2645903E-4	40.0	0.044723574	0.8353714	53.29491	0.12837575	0.09778895	551.0	0.0
SPIKE	S90:T>G	0	15026	0.0	-1.0	0.0	TRUE	T	5.6055794E-4	2.0	0.06606169	0.7342781	45.208706	0.19949116	0.10160066	551.0	1.0
SPIKE	S91:C>A	2	15026	1.3310263E-4	-1.0	40.0	TRUE	C	1.1387361E-4	1.0	0.06817751	0.93918353	18.583351	0.098811895	0.12034189	551.0	1.0
SPIKE	S91:C>T	13	15026	8.6516707E-4	-1.0	40.0	TRUE	C	1.9433521E-4	24.0	0.045031637	0.89845496	38.414684	0.1274074	0.11600744	551.0	0.0
SPIKE	S91:C>G	0	15026	0.0	-1.0	0.0	TRUE	C	2.9025713E-4	22.0	0.040065218	0.852202	21.56135	0.20651989	0.274492	551.0	0.0
SPIKE	S92:G>A	10	15026	6.655131E-4	31.352386	40.0	TRUE	G	3.6392614E-4	47.0	0.047094077	0.8183024	38.414684	0.12209806	0.09511267	551.0	0.0
SPIKE	S92:G>C	1	15026	6.6551314E-5	-1.0	40.0	TRUE	G	2.854963E-4	2.0	0.061496977	0.85444045	21.56135	0.21199825	0.1183435	551.0	1.0
SPIKE	S92:G>T	0	15026	0.0	-1.0	0.0	TRUE	G	2.9986753E-4	24.0	0.092427775	0.84770125	18.583351	0.20686184	0.09859874	551.0	0.0
SPIKE	S93:T>G	1	15026	6.6551314E-5	4.2596874	40.0	TRUE	T	5.6055794E-4	3.0	0.06606169	0.7342781	45.208706	0.19949116	0.10160066	551.0	1.0
SPIKE	S93:T>C	30	15026	0.0019965393	91.55839	40.0	TRUE	T	5.468189E-4	67.0	0.044723574	0.73985785	53.29491	0.12837575	0.09778895	551.0	0.0
SPIKE	S93:T>A	0	15026	0.0	-1.0	0.0	TRUE	T	1.621519E-4	2.0	0.08862261	0.9145294	11.925926	0.22416876	0.09592471	551.0	1.0
SPIKE	S94:C>A	1	15026	6.6551314E-5	-1.0	40.0	TRUE	C	1.1387361E-4	0.0	0.06817751	0.93918353	18.583351	0.098811895	0.12034189	551.0	1.0
SPIKE	S94:C>T	9	15026	5.989618E-4	-1.0	40.0	TRUE	C	1.6194601E-4	20.0	0.045031637	0.9146331	38.414684	0.1274074	0.11600744	551.0	0.0
SPIKE	S94:C>G	0	15026	0.0	-1.0	0.0	TRUE	C	3.1664415E-4	24.0	0.040065218	0.83990127	21.56135	0.20651989	0.274492	551.0	0.0
SPIKE	S95:G>A	10	15026	6.655131E-4	31.352386	40.0	TRUE	G	3.6392614E-4	47.0	0.047094077	0.8183024	38.414684	0.12209806	0.09511267	551.0	0.0
SPIKE	S95:G>C	0	15026	0.0	-1.0	0.0	TRUE	G	2.854963E-4	3.0	0.061496977	0.85444045	21.56135	0.21199825	0.1183435	551.0	1.0
SPIKE	S95:G>T	0	15026	0.0	-1.0	0.0	TRUE	G	2.8737306E-4	23.0	0.092427775	0.85355735	18.583351	0.20686184	0.09859874	551.0	0.0
SPIKE	S96:T>C	14	15026	9.317183E-4	43.393585	40.0	TRUE	T	6.8556395E-4	84.0	0.044723574	0.6854047	53.29491	0.12837575	0.09778895	551.0	0.0
SPIKE	S96:T>A	4	15026	2.6620526E-4	-1.0	40.0	TRUE	T	1.621519E-4	1.0	0.08862261	0.9145294	11.925926	0.22416876	0.09592471	551.0	1.0
SPIKE	S96:T>G	0	15026	0.0	-1.0	0.0	TRUE	T	5.6055794E-4	2.0	0.06606169	0.7342781	45.208706	0.19949116	0.10160066	551.0	1.0
SPIKE	S97:C>T	7	15026	4.6585916E-4	-1.0	40.0	TRUE	C	1.7814062E-4	22.0	0.045031637	0.90650797	38.414684	0.1274074	0.11600744	551.0	0.0
SPIKE	S97:C>A	0	15026	0.0	-1.0	0.0	TRUE	C	1.5932077E-4	26.0	0.06817751	0.9159571	18.583351	0.098811895	0.12034189	551.0	0.0
SPIKE	S97:C>G	0	15026	0.0	-1.0	0.0	TRUE	C	2.8446977E-4	0.0	0.040065218	0.85492384	21.56135	0.20651989	0.274492	551.0	1.0
SPIKE	S98:A>T	1	15026	6.6551314E-5	4.2596874	40.0	TRUE	A	3.2891077E-4	24.0	0.074007735	0.8342436	11.925926	0.22238366	0.10760213	551.0	0.0
SPIKE	S98:A>G	13	15026	8.6516707E-4	-1.0	40.0	TRUE	A	1.2518831E-4	18.0	0.04362413	0.9333465	53.29491	0.10927128	0.08568896	551.0	0.0
SPIKE	D98-101:ATC>	1	15026	6.6551314E-5	-1.0	39.99501	TRUE		NaN	NaN	NaN	NaN	NaN	NaN	NaN	NaN	NaN
SPIKE	S98:A>C	0	15026	0.0	-1.0	0.0	TRUE	A	1.0563044E-4	3.0	0.04339122	0.943459	45.208706	0.036700845	0.08233699	551.0	1.0
SPIKE	S99:T>C	20	15026	0.0013310262	-1.0	40.0	TRUE	T	2.8565165E-4	35.0	0.044723574	0.8543673	53.29491	0.12837575	0.09778895	551.0	0.0
SPIKE	S99:T>A	1	15026	6.6551314E-5	-1.0	40.0	TRUE	T	1.621519E-4	2.0	0.08862261	0.9145294	11.925926	0.22416876	0.09592471	551.0	1.0
SPIKE	S99:T>G	1	15026	6.6551314E-5	4.2596874	40.0	TRUE	T	5.6055794E-4	1.0	0.06606169	0.7342781	45.208706	0.19949116	0.10160066	551.0	1.0
SPIKE	S100:C>T	11	15026	7.320644E-4	34.362686	40.0	TRUE	C	4.1296234E-4	51.0	0.045031637	0.79648876	38.414684	0.1274074	0.11600744	551.0	0.0
SPIKE	S100:C>G	1	15026	6.6551314E-5	4.2596874	40.0	TRUE	C	5.0135324E-4	38.0	0.040065218	0.7586266	21.56135	0.20651989	0.274492	551.0	0.0
SPIKE	S100:C>A	0	15026	0.0	-1.0	0.0	TRUE	C	1.1387361E-4	5.0	0.06817751	0.93918353	18.583351	0.098811895	0.12034189	551.0	1.0
SPIKE	S101:G>T	1	15026	6.6551314E-5	4.2596874	40.0	TRUE	G	2.9986753E-4	24.0	0.092427775	0.84770125	18.583351	0.20686184	0.09859874	551.0	0.0
SPIKE	S101:G>A	7	15026	4.6585916E-4	22.321487	40.0	TRUE	G	3.174675E-4	41.0	0.047094077	0.83952034	38.414684	0.12209806	0.09511267	551.0	0.0
SPIKE	S101:G>C	0	15026	0.0	-1.0	0.0	TRUE	G	2.854963E-4	4.0	0.061496977	0.85444045	21.56135	0.21199825	0.1183435	551.0	1.0
SPIKE	S102:T>C	13	15026	8.6516707E-4	40.383286	40.0	TRUE	T	4.4888118E-4	55.0	0.044723574	0.7808802	53.29491	0.12837575	0.09778895	551.0	0.0
SPIKE	S102:T>A	3	15026	1.9965394E-4	-1.0	40.0	TRUE	T	1.621519E-4	1.0	0.08862261	0.9145294	11.925926	0.22416876	0.09592471	551.0	1.0
SPIKE	S102:T>G	3	15026	1.9965394E-4	10.280287	40.0	TRUE	T	3.719801E-4	30.0	0.06606169	0.8146791	45.208706	0.19949116	0.10160066	551.0	0.0
SPIKE	S103:G>A	5	15026	3.3275655E-4	-1.0	40.0	TRUE	G	1.1614664E-4	15.0	0.047094077	0.938008	38.414684	0.12209806	0.09511267	551.0	0.0
SPIKE	D103-104:G>	2	15026	1.3310263E-4	-1.0	39.997738	TRUE		NaN	NaN	NaN	NaN	NaN	NaN	NaN	NaN	NaN
SPIKE	S103:G>C	0	15026	0.0	-1.0	0.0	TRUE	G	2.854963E-4	2.0	0.061496977	0.85444045	21.56135	0.21199825	0.1183435	551.0	1.0
SPIKE	S103:G>T	0	15026	0.0	-1.0	0.0	TRUE	G	2.3218933E-4	2.0	0.092427775	0.8799094	18.583351	0.20686184	0.09859874	551.0	1.0
SPIKE	S104:G>C	1	15026	6.6551314E-5	4.2596874	40.0	TRUE	G	3.1778676E-4	24.0	0.061496977	0.83937263	21.56135	0.21199825	0.1183435	551.0	0.0
SPIKE	S104:G>T	1	15026	6.6551314E-5	-1.0	40.0	TRUE	G	2.3218933E-4	0.0	0.092427775	0.8799094	18.583351	0.20686184	0.09859874	551.0	1.0
SPIKE	S104:G>A	3	15026	1.9965394E-4	-1.0	40.0	TRUE	G	2.7100882E-4	35.0	0.047094077	0.8612884	38.414684	0.12209806	0.09511267	551.0	0.0
SPIKE	S105:C>T	11	15026	7.320644E-4	34.362686	40.0	TRUE	C	4.1296234E-4	51.0	0.045031637	0.79648876	38.414684	0.1274074	0.11600744	551.0	0.0
SPIKE	S105:C>A	1	15026	6.6551314E-5	-1.0	40.0	TRUE	C	1.1387361E-4	6.0	0.06817751	0.93918353	18.583351	0.098811895	0.12034189	551.0	1.0
SPIKE	S105:C>G	1	15026	6.6551314E-5	4.2596874	40.0	TRUE	C	3.4303116E-4	26.0	0.040065218	0.8277781	21.56135	0.20651989	0.274492	551.0	0.0
SPIKE	S106:G>T	1	15026	6.6551314E-5	-1.0	40.0	TRUE	G	2.3218933E-4	4.0	0.092427775	0.8799094	18.583351	0.20686184	0.09859874	551.0	1.0
SPIKE	S106:G>A	10	15026	6.655131E-4	31.352386	40.0	TRUE	G	4.3361413E-4	56.0	0.047094077	0.7874768	38.414684	0.12209806	0.09511267	551.0	0.0
SPIKE	S106:G>C	0	15026	0.0	-1.0	0.0	TRUE	G	2.854963E-4	3.0	0.061496977	0.85444045	21.56135	0.21199825	0.1183435	551.0	1.0
SPIKE	S107:G>C	1	15026	6.6551314E-5	4.2596874	40.0	TRUE	G	3.3102787E-4	25.0	0.061496977	0.833271	21.56135	0.21199825	0.1183435	551.0	0.0
SPIKE	S107:G>A	7	15026	4.6585916E-4	22.321487	40.0	TRUE	G	3.406968E-4	44.0	0.047094077	0.8288435	38.414684	0.12209806	0.09511267	551.0	0.0
SPIKE	S107:G>T	0	15026	0.0	-1.0	0.0	TRUE	G	2.3218933E-4	1.0	0.092427775	0.8799094	18.583351	0.20686184	0.09859874	551.0	1.0
SPIKE	S108:C>T	5	15026	3.3275655E-4	-1.0	40.0	TRUE	C	2.7530824E-4	34.0	0.045031637	0.8592505	38.414684	0.1274074	0.11600744	551.0	0.0
SPIKE	S108:C>A	0	15026	0.0	-1.0	0.0	TRUE	C	1.6544848E-4	27.0	0.06817751	0.9128697	18.583351	0.098811895	0.12034189	551.0	0.0
SPIKE	S108:C>G	0	15026	0.0	-1.0	0.0	TRUE	C	2.8446977E-4	3.0	0.040065218	0.85492384	21.56135	0.20651989	0.274492	551.0	1.0
SPIKE	S109:A>T	2	15026	1.3310263E-4	-1.0	40.0	TRUE	A	1.6344023E-4	0.0	0.074007735	0.9138804	11.925926	0.22238366	0.10760213	551.0	1.0
SPIKE	S109:A>G	18	15026	0.0011979236	55.434788	40.0	TRUE	A	3.616551E-4	52.0	0.04362413	0.81932706	53.29491	0.10927128	0.08568896	551.0	0.0
SPIKE	S109:A>C	0	15026	0.0	-1.0	0.0	TRUE	A	1.0563044E-4	5.0	0.04339122	0.943459	45.208706	0.036700845	0.08233699	551.0	1.0
SPIKE	S110:G>A	5	15026	3.3275655E-4	-1.0	40.0	TRUE	G	2.477795E-4	32.0	0.047094077	0.8723832	38.414684	0.12209806	0.09511267	551.0	0.0
SPIKE	S110:G>C	0	15026	0.0	-1.0	0.0	TRUE	G	3.0454565E-4	23.0	0.061496977	0.845519	21.56135	0.21199825	0.1183435	551.0	0.0
SPIKE	S110:G>T	0	15026	0.0	-1.0	0.0	TRUE	G	1.6242824E-4	13.0	0.092427775	0.91439015	18.583351	0.20686184	0.09859874	551.0	0.0
SPIKE	S111:C>T	6	15026	3.9930787E-4	19.311188	40.0	TRUE	C	3.1579472E-4	39.0	0.045031637	0.8402945	38.414684	0.1274074	0.11600744	551.0	0.0
SPIKE	S111:C>A	0	15026	0.0	-1.0	0.0	TRUE	C	8.57881E-5	14.0	0.06817751	0.95383054	18.583351	0.098811895	0.12034189	551.0	0.0
SPIKE	S111:C>G	0	15026	0.0	-1.0	0.0	TRUE	C	4.7496622E-4	36.0	0.040065218	0.769737	21.56135	0.20651989	0.274492	551.0	0.0
SPIKE	S112:G>C	2	15025	1.3311148E-4	-1.0	40.0	TRUE	G	2.854963E-4	3.0	0.061496977	0.85444045	21.559914	0.21199825	0.1183435	551.0	1.0
SPIKE	S112:G>A	9	15025	5.9900165E-4	-1.0	40.0	TRUE	G	2.4779598E-4	32.0	0.047094077	0.87237525	38.41213	0.12209806	0.09511267	551.0	0.0
SPIKE	S112:G>T	0	15025	0.0	-1.0	0.0	TRUE	G	2.2491561E-4	18.0	0.092427775	0.883443	18.582115	0.20686184	0.09859874	551.0	0.0
SPIKE	S113:T>C	20	15024	0.0013312034	61.455387	40.0	TRUE	T	5.632168E-4	69.0	0.044723574	0.7332032	53.287815	0.12837575	0.09778895	551.0	0.0
SPIKE	S113:T>A	6	15024	3.9936102E-4	-1.0	40.0	TRUE	T	1.621519E-4	9.0	0.08862261	0.9145294	11.924338	0.22416876	0.09592471	551.0	1.0
SPIKE	S113:T>G	0	15024	0.0	-1.0	0.0	TRUE	T	3.968316E-4	32.0	0.06606169	0.80359954	45.202686	0.19949116	0.10160066	551.0	0.0
SPIKE	S114:G>A	6	15024	3.9936102E-4	-1.0	40.0	TRUE	G	2.4006834E-4	31.0	0.047094077	0.8760977	38.40957	0.12209806	0.09511267	551.0	0.0
SPIKE	S114:G>C	0	15024	0.0	-1.0	0.0	TRUE	G	1.9864317E-4	15.0	0.061496977	0.8963248	21.55848	0.21199825	0.1183435	551.0	0.0
SPIKE	S114:G>T	0	15024	0.0	-1.0	0.0	TRUE	G	2.3218933E-4	3.0	0.092427775	0.8799094	18.580877	0.20686184	0.09859874	551.0	1.0
SPIKE	S115:A>T	3	15024	1.9968051E-4	-1.0	40.0	TRUE	A	2.055966E-4	15.0	0.074007735	0.8928973	11.924338	0.22238366	0.10760213	551.0	0.0
SPIKE	S115:A>C	1	15024	6.656017E-5	-1.0	40.0	TRUE	A	8.8799075E-5	38.0	0.04339122	0.9522494	45.202686	0.036700845	0.08233699	551.0	0.0
SPIKE	S115:A>G	25	15024	0.0016640043	76.50689	40.0	TRUE	A	5.1473157E-4	74.0	0.04362413	0.753055	53.287815	0.10927128	0.08568896	551.0	0.0
SPIKE	S116:C>T	7	15024	4.6592118E-4	-1.0	40.0	TRUE	C	8.098379E-5	10.0	0.045031637	0.95635885	38.40957	0.1274074	0.11600744	551.0	0.0
SPIKE	S116:C>G	1	15024	6.656017E-5	-1.0	40.0	TRUE	C	2.8446977E-4	0.0	0.040065218	0.85492384	21.55848	0.20651989	0.274492	551.0	1.0
SPIKE	D116-117:C>	1	15024	6.656017E-5	-1.0	39.9994	TRUE		NaN	NaN	NaN	NaN	NaN	NaN	NaN	NaN	NaN
SPIKE	S116:C>A	0	15024	0.0	-1.0	0.0	TRUE	C	1.2869929E-4	21.0	0.06817751	0.93154263	18.580877	0.098811895	0.12034189	551.0	0.0
SPIKE	S117:C>T	6	15024	3.9936102E-4	19.311188	40.0	TRUE	C	4.7780434E-4	59.0	0.045031637	0.76853424	38.40957	0.1274074	0.11600744	551.0	0.0
SPIKE	S117:C>A	1	15024	6.656017E-5	-1.0	40.0	TRUE	C	6.128538E-5	10.0	0.06817751	0.96679556	18.580877	0.098811895	0.12034189	551.0	0.0
SPIKE	S117:C>G	0	15024	0.0	-1.0	0.0	TRUE	C	2.8446977E-4	1.0	0.040065218	0.85492384	21.55848	0.20651989	0.274492	551.0	1.0
SPIKE	S118:T>C	14	15023	9.319044E-4	43.393585	40.0	TRUE	T	4.163184E-4	51.0	0.044723574	0.7950173	53.284267	0.12837575	0.09778895	551.0	0.0
SPIKE	S118:T>G	1	15023	6.65646E-5	-1.0	40.0	TRUE	T	2.1083081E-4	17.0	0.06606169	0.89032584	45.19968	0.19949116	0.10160066	551.0	0.0
SPIKE	S118:T>A	2	15023	1.331292E-4	7.269987	40.0	TRUE	T	5.1677355E-4	38.0	0.08862261	0.7522081	11.923545	0.22416876	0.09592471	551.0	0.0
SPIKE	D118-119:T>	2	15023	1.331292E-4	-1.0	39.99414	TRUE		NaN	NaN	NaN	NaN	NaN	NaN	NaN	NaN	NaN
SPIKE	S119:A>T	3	15023	1.9969381E-4	10.280287	40.0	TRUE	A	5.620014E-4	41.0	0.074007735	0.7336943	11.923545	0.22238366	0.10760213	551.0	0.0
SPIKE	S119:A>G	8	15023	5.325168E-4	-1.0	40.0	TRUE	A	2.0868884E-4	30.0	0.04362413	0.8913772	53.284267	0.10927128	0.08568896	551.0	0.0
SPIKE	S119:A>C	0	15023	0.0	-1.0	0.0	TRUE	A	1.659251E-4	71.0	0.04339122	0.91263	45.19968	0.036700845	0.08233699	551.0	0.0
SPIKE	S120:T>C	15	15023	9.984691E-4	-1.0	40.0	TRUE	T	2.693825E-4	33.0	0.044723574	0.86206055	53.284267	0.12837575	0.09778895	551.0	0.0
SPIKE	S120:T>G	1	15023	6.65646E-5	4.2596874	40.0	TRUE	T	5.4567977E-4	44.0	0.06606169	0.74032235	45.19968	0.19949116	0.10160066	551.0	0.0
SPIKE	S120:T>A	2	15023	1.331292E-4	-1.0	40.0	TRUE	T	1.6319164E-4	12.0	0.08862261	0.9140056	11.923545	0.22416876	0.09592471	551.0	0.0
SPIKE	S121:G>A	5	15023	3.32823E-4	-1.0	40.0	TRUE	G	1.394038E-4	18.0	0.047094077	0.92606443	38.407013	0.12209806	0.09511267	551.0	0.0
SPIKE	S121:G>C	0	15023	0.0	-1.0	0.0	TRUE	G	2.854963E-4	0.0	0.061496977	0.85444045	21.557045	0.21199825	0.1183435	551.0	1.0
SPIKE	S121:G>T	0	15023	0.0	-1.0	0.0	TRUE	G	7.2482455E-4	58.0	0.092427775	0.6707369	18.579641	0.20686184	0.09859874	551.0	0.0
SPIKE	S122:T>C	14	15023	9.319044E-4	43.393585	40.0	TRUE	T	7.75495E-4	95.0	0.044723574	0.6522693	53.284267	0.12837575	0.09778895	551.0	0.0
SPIKE	S122:T>G	1	15023	6.65646E-5	4.2596874	40.0	TRUE	T	6.572961E-4	53.0	0.06606169	0.6961639	45.19968	0.19949116	0.10160066	551.0	0.0
SPIKE	S122:T>A	6	15023	3.9938762E-4	-1.0	40.0	TRUE	T	2.3118815E-4	17.0	0.08862261	0.88039494	11.923545	0.22416876	0.09592471	551.0	0.0
SPIKE	S123:G>A	4	15023	2.662584E-4	-1.0	40.0	TRUE	G	1.394038E-4	18.0	0.047094077	0.92606443	38.407013	0.12209806	0.09511267	551.0	0.0
SPIKE	S123:G>C	0	15023	0.0	-1.0	0.0	TRUE	G	1.8541263E-4	14.0	0.061496977	0.90288293	21.557045	0.21199825	0.1183435	551.0	0.0
SPIKE	S123:G>T	0	15023	0.0	-1.0	0.0	TRUE	G	4.8738203E-4	39.0	0.092427775	0.7644891	18.579641	0.20686184	0.09859874	551.0	0.0
SPIKE	D124-126:TG>	5	15023	3.32823E-4	-1.0	39.983494	TRUE		NaN	NaN	NaN	NaN	NaN	NaN	NaN	NaN	NaN
SPIKE	S124:T>C	23	15023	0.0015309858	70.48629	40.0	TRUE	T	4.081553E-4	50.0	0.044723574	0.7986012	53.284267	0.12837575	0.09778895	551.0	0.0
SPIKE	S124:T>G	1	15023	6.65646E-5	4.2596874	40.0	TRUE	T	6.820997E-4	55.0	0.06606169	0.6867143	45.19968	0.19949116	0.10160066	551.0	0.0
SPIKE	S124:T>A	2	15023	1.331292E-4	-1.0	40.0	TRUE	T	1.621519E-4	1.0	0.08862261	0.9145294	11.923545	0.22416876	0.09592471	551.0	1.0
SPIKE	S125:G>T	1	15023	6.65646E-5	-1.0	40.0	TRUE	G	2.3218933E-4	4.0	0.092427775	0.8799094	18.579641	0.20686184	0.09859874	551.0	1.0
SPIKE	S125:G>A	5	15023	3.32823E-4	-1.0	40.0	TRUE	G	1.8587173E-4	24.0	0.047094077	0.9026546	38.407013	0.12209806	0.09511267	551.0	0.0
SPIKE	S125:G>C	0	15023	0.0	-1.0	0.0	TRUE	G	3.1785024E-4	24.0	0.061496977	0.8393433	21.557045	0.21199825	0.1183435	551.0	0.0
SPIKE	S126:C>T	12	15023	7.9877523E-4	37.372986	40.0	TRUE	C	4.3734154E-4	54.0	0.045031637	0.78586113	38.407013	0.1274074	0.11600744	551.0	0.0
SPIKE	S126:C>G	2	15023	1.331292E-4	7.269987	40.0	TRUE	C	4.222765E-4	32.0	0.040065218	0.79241157	21.557045	0.20651989	0.274492	551.0	0.0
SPIKE	D126-128:CG>	1	15023	6.65646E-5	-1.0	39.99674	TRUE		NaN	NaN	NaN	NaN	NaN	NaN	NaN	NaN	NaN
SPIKE	S126:C>A	0	15023	0.0	-1.0	0.0	TRUE	C	1.9612626E-4	32.0	0.06817751	0.89756876	18.579641	0.098811895	0.12034189	551.0	0.0
SPIKE	S127:G>A	10	15023	6.65646E-4	-1.0	40.0	TRUE	G	2.091057E-4	27.0	0.047094077	0.8911725	38.407013	0.12209806	0.09511267	551.0	0.0
SPIKE	S127:G>C	0	15023	0.0	-1.0	0.0	TRUE	G	1.5892512E-4	12.0	0.061496977	0.9161568	21.557045	0.21199825	0.1183435	551.0	0.0
SPIKE	S127:G>T	0	15023	0.0	-1.0	0.0	TRUE	G	2.3218933E-4	2.0	0.092427775	0.8799094	18.579641	0.20686184	0.09859874	551.0	1.0
SPIKE	S128:G>A	10	15023	6.65646E-4	-1.0	40.0	TRUE	G	2.3233966E-4	30.0	0.047094077	0.8798365	38.407013	0.12209806	0.09511267	551.0	0.0
SPIKE	S128:G>C	0	15023	0.0	-1.0	0.0	TRUE	G	2.5163143E-4	19.0	0.061496977	0.8705336	21.557045	0.21199825	0.1183435	551.0	0.0
SPIKE	S128:G>T	0	15023	0.0	-1.0	0.0	TRUE	G	2.3218933E-4	0.0	0.092427775	0.8799094	18.579641	0.20686184	0.09859874	551.0	1.0
SPIKE	S129:C>G	1	15023	6.65646E-5	4.2596874	40.0	TRUE	C	4.4866878E-4	34.0	0.040065218	0.7809716	21.557045	0.20651989	0.274492	551.0	0.0
SPIKE	S129:C>T	5	15023	3.32823E-4	-1.0	40.0	TRUE	C	2.753632E-4	34.0	0.045031637	0.85922444	38.407013	0.1274074	0.11600744	551.0	0.0
SPIKE	S129:C>A	0	15023	0.0	-1.0	0.0	TRUE	C	4.719288E-4	77.0	0.06817751	0.7710263	18.579641	0.098811895	0.12034189	551.0	0.0
SPIKE	D130-133:GGC>	8	15023	5.325168E-4	-1.0	39.9781	TRUE		NaN	NaN	NaN	NaN	NaN	NaN	NaN	NaN	NaN
SPIKE	S130:G>A	6	15023	3.9938762E-4	19.311188	40.0	TRUE	G	3.330202E-4	43.0	0.047094077	0.83235675	38.407013	0.12209806	0.09511267	551.0	0.0
SPIKE	S130:G>C	0	15023	0.0	-1.0	0.0	TRUE	G	1.4568135E-4	11.0	0.061496977	0.92286676	21.557045	0.21199825	0.1183435	551.0	0.0
SPIKE	S130:G>T	0	15023	0.0	-1.0	0.0	TRUE	G	2.3218933E-4	0.0	0.092427775	0.8799094	18.579641	0.20686184	0.09859874	551.0	1.0
SPIKE	S131:G>A	6	15023	3.9938762E-4	19.311188	40.0	TRUE	G	4.182114E-4	54.0	0.047094077	0.79418844	38.407013	0.12209806	0.09511267	551.0	0.0
SPIKE	S131:G>C	1	15023	6.65646E-5	4.2596874	40.0	TRUE	G	3.1785024E-4	24.0	0.061496977	0.8393433	21.557045	0.21199825	0.1183435	551.0	0.0
SPIKE	S131:G>T	1	15023	6.65646E-5	-1.0	40.0	TRUE	G	2.3218933E-4	2.0	0.092427775	0.8799094	18.579641	0.20686184	0.09859874	551.0	1.0
SPIKE	S132:C>T	5	15023	3.32823E-4	-1.0	40.0	TRUE	C	2.0247295E-4	25.0	0.045031637	0.8944354	38.407013	0.1274074	0.11600744	551.0	0.0
SPIKE	S132:C>A	0	15023	0.0	-1.0	0.0	TRUE	C	9.499865E-4	155.0	0.06817751	0.5924774	18.579641	0.098811895	0.12034189	551.0	0.0
SPIKE	S132:C>G	0	15023	0.0	-1.0	0.0	TRUE	C	1.7154982E-4	13.0	0.040065218	0.90980595	21.557045	0.20651989	0.274492	551.0	0.0
SPIKE	S133:A>G	2	15023	1.331292E-4	7.269987	40.0	TRUE	A	3.1303326E-4	45.0	0.04362413	0.841574	53.284267	0.10927128	0.08568896	551.0	0.0
SPIKE	D133-136:AGC>	1	15023	6.65646E-5	-1.0	39.994076	TRUE		NaN	NaN	NaN	NaN	NaN	NaN	NaN	NaN	NaN
SPIKE	S133:A>C	0	15023	0.0	-1.0	0.0	TRUE	A	0.0012853353	550.0	0.04339122	0.4925202	45.19968	0.036700845	0.08233699	551.0	0.0
SPIKE	S133:A>T	0	15023	0.0	-1.0	0.0	TRUE	A	1.6344023E-4	0.0	0.074007735	0.9138804	11.923545	0.22238366	0.10760213	551.0	1.0
SPIKE	S134:G>A	24	15023	0.0015975505	73.49659	40.0	TRUE	G	4.2595607E-4	55.0	0.047094077	0.79080665	38.407013	0.12209806	0.09511267	551.0	0.0
SPIKE	S134:G>C	1	15023	6.65646E-5	4.2596874	40.0	TRUE	G	4.900191E-4	37.0	0.061496977	0.7633791	21.557045	0.21199825	0.1183435	551.0	0.0
SPIKE	S134:G>T	0	15023	0.0	-1.0	0.0	TRUE	G	2.624365E-4	21.0	0.092427775	0.8653662	18.579641	0.20686184	0.09859874	551.0	0.0
SPIKE	I135:>C	4	15023	2.662584E-4	-1.0	39.991745	TRUE		NaN	NaN	NaN	NaN	NaN	NaN	NaN	NaN	NaN
SPIKE	S135:C>A	4	15023	2.662584E-4	13.290587	40.0	TRUE	C	3.0644727E-4	50.0	0.06817751	0.8446335	18.579641	0.098811895	0.12034189	551.0	0.0
SPIKE	S135:C>G	1	15023	6.65646E-5	4.2596874	40.0	TRUE	C	3.0351125E-4	23.0	0.040065218	0.846001	21.557045	0.20651989	0.274492	551.0	0.0
SPIKE	S135:C>T	6	15023	3.9938762E-4	19.311188	40.0	TRUE	C	4.130448E-4	51.0	0.045031637	0.7964526	38.407013	0.1274074	0.11600744	551.0	0.0
SPIKE	D135-136:C>	9	15023	5.990814E-4	-1.0	39.991745	TRUE		NaN	NaN	NaN	NaN	NaN	NaN	NaN	NaN	NaN
SPIKE	S136:C>A	2	15023	1.331292E-4	3.9120662	40.0	TRUE	C	9.132129E-4	149.0	0.06817751	0.6046048	18.579641	0.098811895	0.12034189	551.0	0.0
SPIKE	S136:C>T	9	15023	5.990814E-4	28.342087	40.0	TRUE	C	4.2924265E-4	53.0	0.045031637	0.78937584	38.407013	0.1274074	0.11600744	551.0	0.0
SPIKE	S136:C>G	0	15023	0.0	-1.0	0.0	TRUE	C	2.8446977E-4	8.0	0.040065218	0.85492384	21.557045	0.20651989	0.274492	551.0	1.0
SPIKE	S137:T>A	12	15021	7.988816E-4	-1.0	38.416668	TRUE	T	2.4482005E-4	18.0	0.08862261	0.8738069	11.921957	0.22416876	0.09592471	551.0	0.0
SPIKE	S137:T>G	1	15021	6.657346E-5	4.2596874	39.0	TRUE	T	4.465247E-4	36.0	0.06606169	0.78189474	45.19366	0.19949116	0.10160066	551.0	0.0
SPIKE	D137-138:T>	9	15021	5.991612E-4	-1.0	38.35417	TRUE		NaN	NaN	NaN	NaN	NaN	NaN	NaN	NaN	NaN
SPIKE	S137:T>C	0	15021	0.0	-1.0	0.0	TRUE	T	4.0004542E-4	49.0	0.044723574	0.8021778	53.277176	0.12837575	0.09778895	551.0	0.0
SPIKE	I138:>G	1	15019	6.658233E-5	-1.0	38.90845	TRUE		NaN	NaN	NaN	NaN	NaN	NaN	NaN	NaN	NaN
SPIKE	S138:G>A	9	15019	5.9924094E-4	28.342087	38.0	TRUE	G	5.0353666E-4	65.0	0.047094077	0.75771445	38.39679	0.12209806	0.09511267	551.0	0.0
SPIKE	S138:G>C	1	15019	6.658233E-5	-1.0	37.0	TRUE	G	2.854963E-4	9.0	0.061496977	0.85444045	21.551304	0.21199825	0.1183435	551.0	1.0
SPIKE	D138-139:G>	7	15019	4.660763E-4	-1.0	38.90845	TRUE		NaN	NaN	NaN	NaN	NaN	NaN	NaN	NaN	NaN
SPIKE	D138-141:GAT>	1	15019	6.658233E-5	-1.0	38.90845	TRUE		NaN	NaN	NaN	NaN	NaN	NaN	NaN	NaN	NaN
SPIKE	S138:G>T	0	15019	0.0	-1.0	0.0	TRUE	G	4.6251123E-4	37.0	0.092427775	0.77503765	18.574694	0.20686184	0.09859874	551.0	0.0
SPIKE	D139-140:A>	10	15019	6.658233E-4	-1.0	38.69359	TRUE		NaN	NaN	NaN	NaN	NaN	NaN	NaN	NaN	NaN
SPIKE	D139-141:AT>	1	15019	6.658233E-5	-1.0	38.69359	TRUE		NaN	NaN	NaN	NaN	NaN	NaN	NaN	NaN	NaN
SPIKE	S139:A>G	0	15019	0.0	-1.0	0.0	TRUE	A	2.0178627E-4	29.0	0.04362413	0.8947739	53.27008	0.10927128	0.08568896	551.0	0.0
SPIKE	S139:A>C	0	15019	0.0	-1.0	0.0	TRUE	A	0.002237079	957.0	0.04339122	0.2915247	45.187645	0.036700845	0.08233699	551.0	0.0
SPIKE	S139:A>T	0	15019	0.0	-1.0	0.0	TRUE	A	7.815272E-4	57.0	0.074007735	0.65010494	11.92037	0.22238366	0.10760213	551.0	0.0
SPIKE	I140:>T	1	15019	6.658233E-5	-1.0	38.88994	TRUE		NaN	NaN	NaN	NaN	NaN	NaN	NaN	NaN	NaN
SPIKE	D140-142:TT>	2	15019	1.3316466E-4	-1.0	38.88994	TRUE		NaN	NaN	NaN	NaN	NaN	NaN	NaN	NaN	NaN
SPIKE	D140-144:TTAG>	1	15019	6.658233E-5	-1.0	38.88994	TRUE		NaN	NaN	NaN	NaN	NaN	NaN	NaN	NaN	NaN
SPIKE	S140:T>A	2	15019	1.3316466E-4	7.269987	38.0	TRUE	T	4.6249948E-4	34.0	0.08862261	0.77504265	11.92037	0.22416876	0.09592471	551.0	0.0
SPIKE	S140:T>G	2	15019	1.3316466E-4	7.269987	39.0	TRUE	T	3.2253301E-4	26.0	0.06606169	0.83718044	45.187645	0.19949116	0.10160066	551.0	0.0
SPIKE	S140:T>C	1	15019	6.658233E-5	-1.0	38.0	TRUE	T	8.981807E-5	11.0	0.044723574	0.95171493	53.27008	0.12837575	0.09778895	551.0	0.0
SPIKE	D140-141:T>	22	15019	0.0014648113	-1.0	38.88994	TRUE		NaN	NaN	NaN	NaN	NaN	NaN	NaN	NaN	NaN
SPIKE	S141:T>A	7	15013	4.6626257E-4	15.631419	38.57143	TRUE	T	0.0010206271	75.0	0.08862261	0.56985945	11.915607	0.22416876	0.09592471	551.0	0.0
SPIKE	S141:T>G	1	15013	6.660894E-5	4.2596874	39.0	TRUE	T	4.0953243E-4	33.0	0.06606169	0.79799545	45.16959	0.19949116	0.10160066	551.0	0.0
SPIKE	S141:T>C	2	15013	1.3321788E-4	7.269987	37.0	TRUE	T	3.2674172E-4	40.0	0.044723574	0.83524126	53.2488	0.12837575	0.09778895	551.0	0.0
SPIKE	S142:A>G	1	15012	6.661338E-5	4.2596874	38.0	TRUE	A	7.727145E-4	111.0	0.04362413	0.6532694	53.245255	0.10927128	0.08568896	551.0	0.0
SPIKE	D142-143:A>	3	15012	1.9984013E-4	-1.0	38.732815	TRUE		NaN	NaN	NaN	NaN	NaN	NaN	NaN	NaN	NaN
SPIKE	I142:>A	1	15012	6.661338E-5	-1.0	38.732815	TRUE		NaN	NaN	NaN	NaN	NaN	NaN	NaN	NaN	NaN
SPIKE	D142-144:AG>	1	15012	6.661338E-5	-1.0	38.732815	TRUE		NaN	NaN	NaN	NaN	NaN	NaN	NaN	NaN	NaN
SPIKE	S142:A>C	0	15012	0.0	-1.0	0.0	TRUE	A	1.7072406E-4	73.0	0.04339122	0.91021997	45.166584	0.036700845	0.08233699	551.0	0.0
SPIKE	S142:A>T	0	15012	0.0	-1.0	0.0	TRUE	A	5.075437E-4	37.0	0.074007735	0.7560434	11.914814	0.22238366	0.10760213	551.0	0.0
SPIKE	S143:G>A	7	15012	4.6629363E-4	22.321487	36.714287	TRUE	G	4.960211E-4	64.0	0.047094077	0.76085865	38.37889	0.12209806	0.09511267	551.0	0.0
SPIKE	S143:G>T	1	15012	6.661338E-5	-1.0	39.0	TRUE	G	2.3218933E-4	6.0	0.092427775	0.8799094	18.566038	0.20686184	0.09859874	551.0	1.0
SPIKE	D143-144:G>	6	15012	3.9968026E-4	-1.0	38.80489	TRUE		NaN	NaN	NaN	NaN	NaN	NaN	NaN	NaN	NaN
SPIKE	D143-145:GC>	1	15012	6.661338E-5	-1.0	38.80489	TRUE		NaN	NaN	NaN	NaN	NaN	NaN	NaN	NaN	NaN
SPIKE	S143:G>C	0	15012	0.0	-1.0	0.0	TRUE	G	0.0015374018	116.0	0.061496977	0.42865264	21.54126	0.21199825	0.1183435	551.0	0.0
SPIKE	I144:>C	7	15011	4.663247E-4	-1.0	38.93185	TRUE		NaN	NaN	NaN	NaN	NaN	NaN	NaN	NaN	NaN
SPIKE	S144:C>A	1	15011	6.661782E-5	-1.0	37.0	TRUE	C	1.349446E-4	22.0	0.06817751	0.9283426	18.5648	0.098811895	0.12034189	551.0	0.0
SPIKE	S144:C>T	3	15011	1.9985344E-4	10.280287	38.333332	TRUE	C	4.4579656E-4	55.0	0.045031637	0.78220856	38.376335	0.1274074	0.11600744	551.0	0.0
SPIKE	D144-145:C>	16	15011	0.0010658851	-1.0	38.93185	TRUE		NaN	NaN	NaN	NaN	NaN	NaN	NaN	NaN	NaN
SPIKE	S144:C>G	0	15011	0.0	-1.0	0.0	TRUE	C	8.8484824E-4	67.0	0.040065218	0.61412835	21.539825	0.20651989	0.274492	551.0	0.0
SPIKE	S145:C>G	2	15008	1.3326226E-4	7.269987	39.5	TRUE	C	3.4344257E-4	26.0	0.040065218	0.82759047	21.53552	0.20651989	0.274492	551.0	0.0
SPIKE	S145:C>A	5	15008	3.3315565E-4	-1.0	37.4	TRUE	C	1.0429621E-4	17.0	0.06817751	0.94415283	18.56109	0.098811895	0.12034189	551.0	0.0
SPIKE	S145:C>T	3	15008	1.9989339E-4	10.280287	37.666668	TRUE	C	4.9452775E-4	61.0	0.045031637	0.76148504	38.368668	0.1274074	0.11600744	551.0	0.0
SPIKE	S146:C>T	4	15002	2.666311E-4	13.290587	38.75	TRUE	C	5.677178E-4	70.0	0.045031637	0.731387	38.353325	0.1274074	0.11600744	551.0	0.0
SPIKE	S146:C>A	0	15002	0.0	-1.0	0.0	TRUE	C	3.0687623E-4	50.0	0.06817751	0.8444339	18.553669	0.098811895	0.12034189	551.0	0.0
SPIKE	S146:C>G	0	15002	0.0	-1.0	0.0	TRUE	C	0.0016650412	126.0	0.040065218	0.39954147	21.52691	0.20651989	0.274492	551.0	0.0
SPIKE	S147:G>A	15	14994	0.0010004002	46.403885	38.266666	TRUE	G	5.0437625E-4	65.0	0.047094077	0.757364	38.332874	0.12209806	0.09511267	551.0	0.0
SPIKE	S147:G>C	0	14994	0.0	-1.0	0.0	TRUE	G	0.0011146275	84.0	0.061496977	0.5410954	21.51543	0.21199825	0.1183435	551.0	0.0
SPIKE	S147:G>T	0	14994	0.0	-1.0	0.0	TRUE	G	0.0013021992	104.0	0.092427775	0.48796493	18.543776	0.20686184	0.09859874	551.0	0.0
SPIKE	S148:T>G	2	14985	1.334668E-4	2.2639637	35.5	TRUE	T	0.0020017552	161.0	0.06606169	0.3318849	45.085346	0.19949116	0.10160066	551.0	0.0
SPIKE	S148:T>A	1	14985	6.67334E-5	-1.0	38.0	TRUE	T	1.621519E-4	4.0	0.08862261	0.9145294	11.893385	0.22416876	0.09592471	551.0	1.0
SPIKE	S148:T>C	0	14985	0.0	-1.0	0.0	TRUE	T	5.6468265E-4	69.0	0.044723574	0.73261124	53.149487	0.12837575	0.09778895	551.0	0.0
SPIKE	S149:G>A	7	14970	4.6760187E-4	22.321487	37.142857	TRUE	G	5.984498E-4	77.0	0.047094077	0.7191065	38.27152	0.12209806	0.09511267	551.0	0.0
SPIKE	S149:G>C	1	14970	6.680027E-5	2.0412	36.0	TRUE	G	0.0013157742	99.0	0.061496977	0.48432866	21.480993	0.21199825	0.1183435	551.0	0.0
SPIKE	S149:G>T	0	14970	0.0	-1.0	0.0	TRUE	G	9.405915E-4	75.0	0.092427775	0.5955524	18.514093	0.20686184	0.09859874	551.0	0.0
SPIKE	S150:C>A	0	14948	0.0	-1.0	0.0	TRUE	C	9.8555145E-5	16.0	0.06817751	0.9471442	18.486885	0.098811895	0.12034189	551.0	0.0
SPIKE	S150:C>G	0	14948	0.0	-1.0	0.0	TRUE	C	0.0013660222	103.0	0.040065218	0.47110316	21.449425	0.20651989	0.274492	551.0	0.0
SPIKE	S150:C>T	0	14948	0.0	-1.0	0.0	TRUE	C	0.0011232584	138.0	0.045031637	0.53852826	38.215275	0.1274074	0.11600744	551.0	0.0
SPIKE	S151:T>A	0	14932	0.0	-1.0	0.0	TRUE	T	1.3682182E-4	10.0	0.08862261	0.9273828	11.851319	0.22416876	0.09592471	551.0	0.0
SPIKE	S151:T>G	0	14932	0.0	-1.0	0.0	TRUE	T	0.0016844481	135.0	0.06606169	0.39529186	44.925888	0.19949116	0.10160066	551.0	0.0
SPIKE	S151:T>C	0	14932	0.0	-1.0	0.0	TRUE	T	0.0015440165	188.0	0.044723574	0.42709315	52.961506	0.12837575	0.09778895	551.0	0.0
SPIKE	S152:G>A	0	14899	0.0	-1.0	0.0	TRUE	G	3.8264648E-4	49.0	0.047094077	0.8099051	38.090004	0.12209806	0.09511267	551.0	0.0
SPIKE	S152:G>C	0	14899	0.0	-1.0	0.0	TRUE	G	2.854963E-4	7.0	0.061496977	0.85444045	21.379112	0.21199825	0.1183435	551.0	1.0
SPIKE	S152:G>T	0	14899	0.0	-1.0	0.0	TRUE	G	8.568669E-4	68.0	0.092427775	0.62367016	18.426285	0.20686184	0.09859874	551.0	0.0
SPIKE	S153:G>A	0	14821	0.0	-1.0	0.0	TRUE	G	1.6485441E-4	21.0	0.047094077	0.91316855	37.89059	0.12209806	0.09511267	551.0	0.0
SPIKE	S153:G>C	0	14821	0.0	-1.0	0.0	TRUE	G	2.854963E-4	1.0	0.061496977	0.85444045	21.267187	0.21199825	0.1183435	551.0	1.0
SPIKE	S153:G>T	0	14821	0.0	-1.0	0.0	TRUE	G	2.3218933E-4	7.0	0.092427775	0.8799094	18.329819	0.20686184	0.09859874	551.0	1.0
