#pipeline_block
reference	mutation	count	coverage	freq	score	cqs	has.reference	ancestral.allele	error.rate	minor.count.local	minor.fdr	minor.recall	minor.count.global	read.fraction.in.minors	q.filtered.read.fraction	mig.size	global.est
SPIKE	S0:T>A	0	147561	0.0	-1.0	0.0	TRUE	T	2.7674274E-5	16.0	0.010500899	0.9984238	19.116283	0.25793627	0.10292887	57.0	0.0
SPIKE	S0:T>G	0	147561	0.0	-1.0	0.0	TRUE	T	1.7464736E-4	8.0	0.0047608106	0.9900945	90.34399	0.28662026	0.08739175	57.0	1.0
SPIKE	S0:T>C	0	147561	0.0	-1.0	0.0	TRUE	T	9.9482066E-5	75.0	0.003888278	0.99434555	104.61825	0.196493	0.11343032	57.0	0.0
SPIKE	S1:A>G	0	147669	0.0	-1.0	0.0	TRUE	A	1.5697774E-4	134.0	0.0043895114	0.9910922	104.69482	0.17375334	0.11249617	57.0	0.0
SPIKE	S1:A>C	0	147669	0.0	-1.0	0.0	TRUE	A	4.5709352E-5	1.0	0.009760621	0.99739796	90.41011	0.07539407	0.109884344	57.0	1.0
SPIKE	S1:A>T	0	147669	0.0	-1.0	0.0	TRUE	A	4.8393496E-5	27.0	0.0085414145	0.9972454	19.130276	0.26695496	0.101485185	57.0	0.0
SPIKE	S2:G>A	0	147800	0.0	-1.0	0.0	TRUE	G	1.1995753E-4	100.0	0.004647142	0.99318576	91.198235	0.178125	0.11399336	57.0	0.0
SPIKE	S2:G>C	0	147800	0.0	-1.0	0.0	TRUE	G	1.017233E-4	5.0	0.0049341465	0.9942185	53.40852	0.2828997	0.10232354	57.0	1.0
SPIKE	S2:G>T	0	147800	0.0	-1.0	0.0	TRUE	G	5.9458718E-5	2.0	0.0060285702	0.9966166	29.312902	0.301618	0.08542855	57.0	1.0
SPIKE	S3:C>A	0	147953	0.0	-1.0	0.0	TRUE	C	3.435485E-5	1.0	0.016216334	0.9980437	29.343246	0.17607757	0.13605224	57.0	1.0
SPIKE	S3:C>G	0	147953	0.0	-1.0	0.0	TRUE	C	0.0011137192	592.0	0.0035065166	0.938491	53.46381	0.27932084	0.25960782	57.0	0.0
SPIKE	S3:C>T	0	147953	0.0	-1.0	0.0	TRUE	C	2.3631142E-4	178.0	0.003464591	0.98662055	91.29264	0.19710414	0.11627634	57.0	0.0
SPIKE	S4:G>A	73	148108	4.9288356E-4	210.09048	40.0	TRUE	G	1.2329931E-4	103.0	0.004647142	0.9929966	91.38828	0.178125	0.11399336	57.0	0.0
SPIKE	S4:G>C	4	148108	2.700732E-5	13.290587	40.0	TRUE	G	8.9331304E-5	47.0	0.0049341465	0.994921	53.51982	0.2828997	0.10232354	57.0	0.0
SPIKE	S4:G>T	4	148108	2.700732E-5	13.290587	40.0	TRUE	G	5.9458718E-5	7.0	0.0060285702	0.9966166	29.373987	0.301618	0.08542855	57.0	1.0
SPIKE	S5:T>A	4	148192	2.6992011E-5	13.290587	40.0	TRUE	T	3.306433E-5	1.0	0.010500899	0.9981171	19.198029	0.25793627	0.10292887	57.0	1.0
SPIKE	S5:T>G	4	148192	2.6992011E-5	8.284564	40.0	TRUE	T	1.2511891E-4	65.0	0.0047608106	0.9928936	90.730316	0.28662026	0.08739175	57.0	0.0
SPIKE	S5:T>C	82	148192	5.533362E-4	223.46252	40.0	TRUE	T	1.5981433E-4	121.0	0.003888278	0.9909319	105.06561	0.196493	0.11343032	57.0	0.0
SPIKE	S6:G>A	65	148260	4.38419E-4	201.6901	40.0	TRUE	G	5.2617546E-5	44.0	0.004647142	0.9970053	91.48207	0.178125	0.11399336	57.0	0.0
SPIKE	S6:G>C	1	148260	6.7449078E-6	2.0412	40.0	TRUE	G	1.017233E-4	0.0	0.0049341465	0.9942185	53.574745	0.2828997	0.10232354	57.0	1.0
SPIKE	S6:G>T	0	148260	0.0	-1.0	0.0	TRUE	G	1.0919454E-4	54.0	0.0060285702	0.9937952	29.404133	0.301618	0.08542855	57.0	0.0
SPIKE	S7:A>G	17	148312	1.14623224E-4	42.57172	40.0	TRUE	A	9.331174E-5	80.0	0.0043895114	0.99469537	105.150696	0.17375334	0.11249617	57.0	0.0
SPIKE	S7:A>C	12	148312	8.091051E-5	37.372986	40.0	TRUE	A	4.5709352E-5	1.0	0.009760621	0.99739796	90.80379	0.07539407	0.109884344	57.0	1.0
SPIKE	D7-8:A>	138	148312	9.304709E-4	-1.0	39.999756	TRUE		NaN	NaN	NaN	NaN	NaN	NaN	NaN	NaN	NaN
SPIKE	I7:>A	1	148312	6.7425426E-6	-1.0	39.999756	TRUE		NaN	NaN	NaN	NaN	NaN	NaN	NaN	NaN	NaN
SPIKE	S7:A>T	0	148312	0.0	-1.0	0.0	TRUE	A	3.4288183E-5	3.0	0.0085414145	0.9980475	19.213575	0.26695496	0.101485185	57.0	1.0
SPIKE	S8:A>G	28	148320	1.8878102E-4	73.72888	40.0	TRUE	A	1.0613638E-4	91.0	0.0043895114	0.9939685	105.156364	0.17375334	0.11249617	57.0	0.0
SPIKE	S8:A>C	10	148320	6.742179E-5	31.352386	40.0	TRUE	A	4.5709352E-5	4.0	0.009760621	0.99739796	90.808685	0.07539407	0.109884344	57.0	1.0
SPIKE	S8:A>T	1	148320	6.7421793E-6	4.2596874	40.0	TRUE	A	3.4288183E-5	7.0	0.0085414145	0.9980475	19.214611	0.26695496	0.101485185	57.0	1.0
SPIKE	S9:G>A	50	148324	3.3709986E-4	137.5869	40.0	TRUE	G	1.2072908E-4	101.0	0.004647142	0.99314207	91.52156	0.178125	0.11399336	57.0	0.0
SPIKE	S9:G>T	2	148324	1.3483995E-5	7.269987	40.0	TRUE	G	5.9458718E-5	2.0	0.0060285702	0.9966166	29.416826	0.301618	0.08542855	57.0	1.0
SPIKE	D9-10:G>	38	148324	2.561959E-4	-1.0	39.987175	TRUE		NaN	NaN	NaN	NaN	NaN	NaN	NaN	NaN	NaN
SPIKE	D9-11:GA>	7	148324	4.7193982E-5	-1.0	39.987175	TRUE		NaN	NaN	NaN	NaN	NaN	NaN	NaN	NaN	NaN
SPIKE	S9:G>C	0	148324	0.0	-1.0	0.0	TRUE	G	1.017233E-4	1.0	0.0049341465	0.9942185	53.597874	0.2828997	0.10232354	57.0	1.0
SPIKE	S10:A>G	48	148324	3.2361588E-4	111.23469	40.0	TRUE	A	2.2393007E-4	192.0	0.0043895114	0.9873171	105.1592	0.17375334	0.11249617	57.0	0.0
SPIKE	S10:A>C	7	148324	4.7193982E-5	22.321487	40.0	TRUE	A	4.5709352E-5	6.0	0.009760621	0.99739796	90.811134	0.07539407	0.109884344	57.0	1.0
SPIKE	S10:A>T	2	148324	1.3483995E-5	7.269987	40.0	TRUE	A	3.4288183E-5	0.0	0.0085414145	0.9980475	19.21513	0.26695496	0.101485185	57.0	1.0
SPIKE	D10-11:A>	54	148324	3.6406785E-4	-1.0	39.980927	TRUE		NaN	NaN	NaN	NaN	NaN	NaN	NaN	NaN	NaN
SPIKE	D10-12:AC>	4	148324	2.696799E-5	-1.0	39.980927	TRUE		NaN	NaN	NaN	NaN	NaN	NaN	NaN	NaN	NaN
SPIKE	I11:>C	1	148327	6.741861E-6	-1.0	39.984615	TRUE		NaN	NaN	NaN	NaN	NaN	NaN	NaN	NaN	NaN
SPIKE	S11:C>G	5	148327	3.3709304E-5	10.658173	40.0	TRUE	C	1.0058053E-4	5.0	0.0035065166	0.9942833	53.598957	0.27932084	0.25960782	57.0	1.0
SPIKE	S11:C>T	48	148327	3.2360933E-4	120.6484	40.0	TRUE	C	1.536124E-4	116.0	0.003464591	0.99128234	91.523415	0.19710414	0.11627634	57.0	0.0
SPIKE	D11-13:CG>	1	148327	6.741861E-6	-1.0	39.984615	TRUE		NaN	NaN	NaN	NaN	NaN	NaN	NaN	NaN	NaN
SPIKE	D11-12:C>	46	148327	3.1012562E-4	-1.0	39.984615	TRUE		NaN	NaN	NaN	NaN	NaN	NaN	NaN	NaN	NaN
SPIKE	S11:C>A	0	148327	0.0	-1.0	0.0	TRUE	C	5.4888493E-5	47.0	0.016216334	0.99687624	29.417421	0.17607757	0.13605224	57.0	0.0
SPIKE	S12:G>A	62	148328	4.1799256E-4	192.6592	40.0	TRUE	G	6.5741784E-5	55.0	0.004647142	0.99625975	91.52403	0.178125	0.11399336	57.0	0.0
SPIKE	S12:G>C	3	148328	2.0225447E-5	10.280287	40.0	TRUE	G	8.540311E-5	45.0	0.0049341465	0.99514383	53.59932	0.2828997	0.10232354	57.0	0.0
SPIKE	S12:G>T	6	148328	4.0450894E-5	19.311188	40.0	TRUE	G	5.9458718E-5	1.0	0.0060285702	0.9966166	29.41762	0.301618	0.08542855	57.0	1.0
SPIKE	D12-13:G>	48	148328	3.2360715E-4	-1.0	39.98529	TRUE		NaN	NaN	NaN	NaN	NaN	NaN	NaN	NaN	NaN
SPIKE	D12-14:GA>	3	148328	2.0225447E-5	-1.0	39.98529	TRUE		NaN	NaN	NaN	NaN	NaN	NaN	NaN	NaN	NaN
SPIKE	S13:A>G	75	148328	5.0563616E-4	158.39894	40.0	TRUE	A	4.1402617E-4	355.0	0.0043895114	0.9766768	105.16203	0.17375334	0.11249617	57.0	0.0
SPIKE	S13:A>C	13	148328	8.76436E-5	-1.0	40.0	TRUE	A	9.563302E-6	19.0	0.009760621	0.99945503	90.81358	0.07539407	0.109884344	57.0	0.0
SPIKE	S13:A>T	9	148328	6.067634E-5	28.342087	40.0	TRUE	A	3.4288183E-5	7.0	0.0085414145	0.9980475	19.215647	0.26695496	0.101485185	57.0	1.0
SPIKE	D13-14:A>	27	148328	1.8202902E-4	-1.0	39.99104	TRUE		NaN	NaN	NaN	NaN	NaN	NaN	NaN	NaN	NaN
SPIKE	I13:>A	1	148328	6.7418155E-6	-1.0	39.99104	TRUE		NaN	NaN	NaN	NaN	NaN	NaN	NaN	NaN	NaN
SPIKE	I14:>C	1	148328	6.7418155E-6	-1.0	39.990265	TRUE		NaN	NaN	NaN	NaN	NaN	NaN	NaN	NaN	NaN
SPIKE	S14:C>G	1	148328	6.7418155E-6	2.0412	40.0	TRUE	C	1.0058053E-4	1.0	0.0035065166	0.9942833	53.59932	0.27932084	0.25960782	57.0	1.0
SPIKE	S14:C>T	35	148328	2.3596354E-4	106.609886	40.0	TRUE	C	7.150874E-5	54.0	0.003464591	0.9959323	91.52403	0.19710414	0.11627634	57.0	0.0
SPIKE	D14-15:C>	33	148328	2.2247991E-4	-1.0	39.990265	TRUE		NaN	NaN	NaN	NaN	NaN	NaN	NaN	NaN	NaN
SPIKE	S14:C>A	0	148328	0.0	-1.0	0.0	TRUE	C	5.839162E-5	50.0	0.016216334	0.9966772	29.41762	0.17607757	0.13605224	57.0	0.0
SPIKE	S15:A>G	35	148328	2.3596354E-4	93.899216	40.0	TRUE	A	1.07296924E-4	92.0	0.0043895114	0.99390274	105.16203	0.17375334	0.11249617	57.0	0.0
SPIKE	S15:A>C	13	148328	8.76436E-5	-1.0	40.0	TRUE	A	2.3153258E-5	46.0	0.009760621	0.9986811	90.81358	0.07539407	0.109884344	57.0	0.0
SPIKE	S15:A>T	2	148328	1.3483631E-5	7.269987	40.0	TRUE	A	3.4288183E-5	3.0	0.0085414145	0.9980475	19.215647	0.26695496	0.101485185	57.0	1.0
SPIKE	D15-16:A>	26	148328	1.752872E-4	-1.0	39.9927	TRUE		NaN	NaN	NaN	NaN	NaN	NaN	NaN	NaN	NaN
SPIKE	S16:G>A	53	148328	3.5731622E-4	146.37572	40.0	TRUE	G	1.12358684E-4	94.0	0.004647142	0.99361604	91.52403	0.178125	0.11399336	57.0	0.0
SPIKE	S16:G>T	8	148328	5.3934524E-5	25.331787	40.0	TRUE	G	5.9458718E-5	1.0	0.0060285702	0.9966166	29.41762	0.301618	0.08542855	57.0	1.0
SPIKE	D16-17:G>	10	148328	6.741816E-5	-1.0	39.996346	TRUE		NaN	NaN	NaN	NaN	NaN	NaN	NaN	NaN	NaN
SPIKE	S16:G>C	0	148328	0.0	-1.0	0.0	TRUE	G	1.017233E-4	0.0	0.0049341465	0.9942185	53.59932	0.2828997	0.10232354	57.0	1.0
SPIKE	S17:A>G	55	148328	3.7079985E-4	106.80208	40.0	TRUE	A	4.1985753E-4	360.0	0.0043895114	0.9763522	105.16203	0.17375334	0.11249617	57.0	0.0
SPIKE	S17:A>T	4	148328	2.6967262E-5	-1.0	40.0	TRUE	A	1.9628274E-5	11.0	0.0085414145	0.9988818	19.215647	0.26695496	0.101485185	57.0	0.0
SPIKE	S17:A>C	8	148328	5.3934524E-5	-1.0	40.0	TRUE	A	6.543312E-6	13.0	0.009760621	0.9996271	90.81358	0.07539407	0.109884344	57.0	0.0
SPIKE	D17-18:A>	11	148328	7.415997E-5	-1.0	39.998886	TRUE		NaN	NaN	NaN	NaN	NaN	NaN	NaN	NaN	NaN
SPIKE	S18:A>G	42	148328	2.8315626E-4	103.676605	40.0	TRUE	A	1.6910929E-4	145.0	0.0043895114	0.99040705	105.16203	0.17375334	0.11249617	57.0	0.0
SPIKE	S18:A>C	46	148328	3.1012352E-4	-1.0	40.0	TRUE	A	6.0399802E-6	12.0	0.009760621	0.9996558	90.81358	0.07539407	0.109884344	57.0	0.0
SPIKE	S18:A>T	0	148328	0.0	-1.0	0.0	TRUE	A	3.4288183E-5	4.0	0.0085414145	0.9980475	19.215647	0.26695496	0.101485185	57.0	1.0
SPIKE	S19:C>T	23	148328	1.5506176E-4	59.459663	40.0	TRUE	C	1.04614635E-4	79.0	0.003464591	0.99405473	91.52403	0.19710414	0.11627634	57.0	0.0
SPIKE	S19:C>A	0	148328	0.0	-1.0	0.0	TRUE	C	4.5545465E-5	39.0	0.016216334	0.99740726	29.41762	0.17607757	0.13605224	57.0	0.0
SPIKE	S19:C>G	0	148328	0.0	-1.0	0.0	TRUE	C	1.0058053E-4	0.0	0.0035065166	0.9942833	53.59932	0.27932084	0.25960782	57.0	1.0
SPIKE	S20:C>G	2	148328	1.3483631E-5	3.9120662	40.0	TRUE	C	1.0058053E-4	0.0	0.0035065166	0.9942833	53.59932	0.27932084	0.25960782	57.0	1.0
SPIKE	S20:C>A	1	148328	6.7418155E-6	-1.0	40.0	TRUE	C	1.1678324E-5	10.0	0.016216334	0.9993346	29.41762	0.17607757	0.13605224	57.0	0.0
SPIKE	S20:C>T	14	148328	9.438542E-5	43.393585	40.0	TRUE	C	3.178166E-5	24.0	0.003464591	0.9981901	91.52403	0.19710414	0.11627634	57.0	0.0
SPIKE	S21:A>G	18	148328	1.2135268E-4	45.363	40.0	TRUE	A	1.0496438E-4	90.0	0.0043895114	0.9940349	105.16203	0.17375334	0.11249617	57.0	0.0
SPIKE	S21:A>C	11	148328	7.415997E-5	-1.0	40.0	TRUE	A	2.3656588E-5	47.0	0.009760621	0.99865246	90.81358	0.07539407	0.109884344	57.0	0.0
SPIKE	D21-24:AAA>	2	148328	1.3483631E-5	-1.0	39.999825	TRUE		NaN	NaN	NaN	NaN	NaN	NaN	NaN	NaN	NaN
SPIKE	S21:A>T	0	148328	0.0	-1.0	0.0	TRUE	A	3.4288183E-5	0.0	0.0085414145	0.9980475	19.215647	0.26695496	0.101485185	57.0	1.0
SPIKE	S22:A>T	20	148328	1.3483631E-4	-1.0	40.0	TRUE	A	2.3197052E-5	13.0	0.0085414145	0.9986786	19.215647	0.26695496	0.101485185	57.0	0.0
SPIKE	S22:A>G	0	148328	0.0	-1.0	0.0	TRUE	A	1.2264743E-4	0.0	0.0043895114	0.99303347	105.16203	0.17375334	0.11249617	57.0	1.0
SPIKE	S22:A>C	0	148328	0.0	-1.0	0.0	TRUE	A	4.5709352E-5	0.0	0.009760621	0.99739796	90.81358	0.07539407	0.109884344	57.0	1.0
SPIKE	S23:A>G	20	148328	1.3483631E-4	-1.0	40.0	TRUE	T	1.7494065E-5	15.0	0.0043895114	0.99900335	105.16203	0.17375334	0.11249617	57.0	0.0
SPIKE	S23:A>T	148296	148328	0.9997843	9999.0	39.999947	TRUE	T	3.4288183E-5	0.0	0.0085414145	0.9980475	19.215647	0.26695496	0.101485185	57.0	1.0
SPIKE	S23:A>C	0	148328	0.0	-1.0	0.0	TRUE	T	4.5709352E-5	0.0	0.009760621	0.99739796	90.81358	0.07539407	0.109884344	57.0	1.0
SPIKE	S24:A>G	148304	148328	0.9998382	9999.0	39.999603	TRUE	G	1.2264743E-4	0.0	0.0043895114	0.99303347	105.16203	0.17375334	0.11249617	57.0	1.0
SPIKE	S24:A>C	20	148328	1.3483631E-4	-1.0	40.0	TRUE	G	6.543312E-6	13.0	0.009760621	0.9996271	90.81358	0.07539407	0.109884344	57.0	0.0
SPIKE	S24:A>T	0	148328	0.0	-1.0	0.0	TRUE	G	6.7806766E-5	38.0	0.0085414145	0.99614245	19.215647	0.26695496	0.101485185	57.0	0.0
SPIKE	S25:A>T	20	148328	1.3483631E-4	-1.0	40.0	TRUE	C	2.498144E-5	14.0	0.0085414145	0.99857706	19.215647	0.26695496	0.101485185	57.0	0.0
SPIKE	S25:A>C	148300	148328	0.99981123	9999.0	39.999817	TRUE	C	4.5709352E-5	0.0	0.009760621	0.99739796	90.81358	0.07539407	0.109884344	57.0	1.0
SPIKE	S25:A>G	0	148328	0.0	-1.0	0.0	TRUE	C	4.781711E-5	41.0	0.0043895114	0.99727815	105.16203	0.17375334	0.11249617	57.0	0.0
SPIKE	S26:T>G	4	148329	2.696708E-5	13.290587	40.0	TRUE	T	3.8462567E-5	20.0	0.0047608106	0.99781	90.81419	0.28662026	0.08739175	57.0	0.0
SPIKE	S26:T>A	6	148329	4.045062E-5	19.311188	40.0	TRUE	T	3.306433E-5	6.0	0.010500899	0.9981171	19.215776	0.25793627	0.10292887	57.0	1.0
SPIKE	S26:T>C	69	148329	4.6518212E-4	151.82245	40.0	TRUE	T	3.378073E-4	256.0	0.003888278	0.9809292	105.16274	0.196493	0.11343032	57.0	0.0
SPIKE	S27:G>A	12	148329	8.090124E-5	37.372986	40.0	TRUE	G	3.9444803E-5	33.0	0.004647142	0.99775416	91.52465	0.178125	0.11399336	57.0	0.0
SPIKE	S27:G>T	1	148329	6.74177E-6	2.0412	40.0	TRUE	G	9.29743E-5	46.0	0.0060285702	0.9947145	29.417818	0.301618	0.08542855	57.0	0.0
SPIKE	S27:G>C	0	148329	0.0	-1.0	0.0	TRUE	G	1.017233E-4	0.0	0.0049341465	0.9942185	53.599678	0.2828997	0.10232354	57.0	1.0
SPIKE	I28:>CT	2	148329	1.348354E-5	-1.0	39.999897	TRUE		NaN	NaN	NaN	NaN	NaN	NaN	NaN	NaN	NaN
SPIKE	S28:G>A	33	148329	2.2247841E-4	100.58929	40.0	TRUE	G	7.649901E-5	64.0	0.004647142	0.99564904	91.52465	0.178125	0.11399336	57.0	0.0
SPIKE	S28:G>T	1	148329	6.74177E-6	4.2596874	40.0	TRUE	G	5.9458718E-5	0.0	0.0060285702	0.9966166	29.417818	0.301618	0.08542855	57.0	1.0
SPIKE	S28:G>C	0	148329	0.0	-1.0	0.0	TRUE	G	1.017233E-4	0.0	0.0049341465	0.9942185	53.599678	0.2828997	0.10232354	57.0	1.0
SPIKE	S29:G>A	31	148329	2.0899487E-4	94.56869	40.0	TRUE	G	5.8569556E-5	49.0	0.004647142	0.9966671	91.52465	0.178125	0.11399336	57.0	0.0
SPIKE	S29:G>C	1	148329	6.74177E-6	2.0412	40.0	TRUE	G	1.017233E-4	0.0	0.0049341465	0.9942185	53.599678	0.2828997	0.10232354	57.0	1.0
SPIKE	S29:G>T	0	148329	0.0	-1.0	0.0	TRUE	G	5.9458718E-5	0.0	0.0060285702	0.9966166	29.417818	0.301618	0.08542855	57.0	1.0
SPIKE	S30:A>G	13	148329	8.764301E-5	31.537222	40.0	TRUE	A	9.563357E-5	82.0	0.0043895114	0.9945637	105.16274	0.17375334	0.11249617	57.0	0.0
SPIKE	S30:A>C	0	148329	0.0	-1.0	0.0	TRUE	A	4.5709352E-5	1.0	0.009760621	0.99739796	90.81419	0.07539407	0.109884344	57.0	1.0
SPIKE	S30:A>T	0	148329	0.0	-1.0	0.0	TRUE	A	3.4288183E-5	3.0	0.0085414145	0.9980475	19.215776	0.26695496	0.101485185	57.0	1.0
SPIKE	S31:T>G	2	148329	1.348354E-5	2.2639637	40.0	TRUE	T	1.7464736E-4	3.0	0.0047608106	0.9900945	90.81419	0.28662026	0.08739175	57.0	1.0
SPIKE	S31:T>C	35	148329	2.3596195E-4	93.899216	40.0	TRUE	T	1.08203894E-4	82.0	0.003888278	0.99385136	105.16274	0.196493	0.11343032	57.0	0.0
SPIKE	S31:T>A	0	148329	0.0	-1.0	0.0	TRUE	T	6.194472E-5	36.0	0.010500899	0.9964754	19.215776	0.25793627	0.10292887	57.0	0.0
SPIKE	S32:C>T	24	148329	1.6180248E-4	62.301826	40.0	TRUE	C	1.13883514E-4	86.0	0.003464591	0.9935297	91.52465	0.19710414	0.11627634	57.0	0.0
SPIKE	S32:C>A	1	148329	6.74177E-6	4.2596874	40.0	TRUE	C	3.435485E-5	0.0	0.016216334	0.9980437	29.417818	0.17607757	0.13605224	57.0	1.0
SPIKE	S32:C>G	0	148329	0.0	-1.0	0.0	TRUE	C	1.0058053E-4	0.0	0.0035065166	0.9942833	53.599678	0.27932084	0.25960782	57.0	1.0
SPIKE	S33:C>T	22	148329	1.4831894E-4	67.47598	40.0	TRUE	C	8.34263E-5	63.0	0.003464591	0.995256	91.52465	0.19710414	0.11627634	57.0	0.0
SPIKE	S33:C>A	0	148329	0.0	-1.0	0.0	TRUE	C	3.435485E-5	2.0	0.016216334	0.9980437	29.417818	0.17607757	0.13605224	57.0	1.0
SPIKE	S33:C>G	0	148329	0.0	-1.0	0.0	TRUE	C	1.0058053E-4	1.0	0.0035065166	0.9942833	53.599678	0.27932084	0.25960782	57.0	1.0
SPIKE	S34:A>T	1	148329	6.74177E-6	4.2596874	40.0	TRUE	A	3.4288183E-5	3.0	0.0085414145	0.9980475	19.215776	0.26695496	0.101485185	57.0	1.0
SPIKE	S34:A>G	14	148329	9.438478E-5	43.393585	40.0	TRUE	A	5.3648102E-5	46.0	0.0043895114	0.99694675	105.16274	0.17375334	0.11249617	57.0	0.0
SPIKE	S34:A>C	0	148329	0.0	-1.0	0.0	TRUE	A	2.2649772E-5	45.0	0.009760621	0.9987098	90.81419	0.07539407	0.109884344	57.0	0.0
SPIKE	S35:T>C	41	148329	2.7641258E-4	111.31377	40.0	TRUE	T	1.2007994E-4	91.0	0.003888278	0.9931788	105.16274	0.196493	0.11343032	57.0	0.0
SPIKE	S35:T>A	4	148329	2.696708E-5	13.290587	40.0	TRUE	T	6.36654E-5	37.0	0.010500899	0.99637765	19.215776	0.25793627	0.10292887	57.0	0.0
SPIKE	S35:T>G	6	148329	4.045062E-5	-1.0	40.0	TRUE	T	1.9231284E-5	10.0	0.0047608106	0.9989044	90.81419	0.28662026	0.08739175	57.0	0.0
SPIKE	S36:T>C	13	148329	8.764301E-5	31.537222	40.0	TRUE	T	1.3876852E-4	8.0	0.003888278	0.9921214	105.16274	0.196493	0.11343032	57.0	1.0
SPIKE	S36:T>G	1	148329	6.74177E-6	1.0720997	40.0	TRUE	T	1.7464736E-4	0.0	0.0047608106	0.9900945	90.81419	0.28662026	0.08739175	57.0	1.0
SPIKE	S36:T>A	0	148329	0.0	-1.0	0.0	TRUE	T	3.306433E-5	2.0	0.010500899	0.9981171	19.215776	0.25793627	0.10292887	57.0	1.0
SPIKE	S37:A>G	14	148329	9.438478E-5	43.393585	40.0	TRUE	A	3.8486683E-5	33.0	0.0043895114	0.99780864	105.16274	0.17375334	0.11249617	57.0	0.0
SPIKE	S37:A>C	0	148329	0.0	-1.0	0.0	TRUE	A	4.5709352E-5	1.0	0.009760621	0.99739796	90.81419	0.07539407	0.109884344	57.0	1.0
SPIKE	S37:A>T	0	148329	0.0	-1.0	0.0	TRUE	A	5.8884427E-5	33.0	0.0085414145	0.9966492	19.215776	0.26695496	0.101485185	57.0	0.0
SPIKE	S38:T>C	4	148329	2.696708E-5	-1.0	40.0	TRUE	T	1.7154276E-5	13.0	0.003888278	0.99902266	105.16274	0.196493	0.11343032	57.0	0.0
SPIKE	S38:T>G	1	148329	6.74177E-6	1.0720997	40.0	TRUE	T	1.7464736E-4	4.0	0.0047608106	0.9900945	90.81419	0.28662026	0.08739175	57.0	1.0
SPIKE	S38:T>A	0	148329	0.0	-1.0	0.0	TRUE	T	5.16206E-5	30.0	0.010500899	0.99706197	19.215776	0.25793627	0.10292887	57.0	0.0
SPIKE	S39:C>T	31	148329	2.0899487E-4	82.3502	40.0	TRUE	C	1.11235066E-4	84.0	0.003464591	0.99367964	91.52465	0.19710414	0.11627634	57.0	0.0
SPIKE	S39:C>A	3	148329	2.022531E-5	10.280287	40.0	TRUE	C	3.435485E-5	1.0	0.016216334	0.9980437	29.417818	0.17607757	0.13605224	57.0	1.0
SPIKE	S39:C>G	0	148329	0.0	-1.0	0.0	TRUE	C	1.0058053E-4	2.0	0.0035065166	0.9942833	53.599678	0.27932084	0.25960782	57.0	1.0
SPIKE	S40:G>T	1	148329	6.74177E-6	4.2596874	40.0	TRUE	G	5.9458718E-5	2.0	0.0060285702	0.9966166	29.417818	0.301618	0.08542855	57.0	1.0
SPIKE	S40:G>A	33	148329	2.2247841E-4	88.11774	40.0	TRUE	G	1.0638144E-4	89.0	0.004647142	0.9939546	91.52465	0.178125	0.11399336	57.0	0.0
SPIKE	S40:G>C	0	148329	0.0	-1.0	0.0	TRUE	G	6.2628525E-5	33.0	0.0049341465	0.99643654	53.599678	0.2828997	0.10232354	57.0	0.0
SPIKE	S41:G>A	40	148329	2.696708E-4	121.661385	40.0	TRUE	G	7.291312E-5	61.0	0.004647142	0.9958526	91.52465	0.178125	0.11399336	57.0	0.0
SPIKE	S41:G>C	0	148329	0.0	-1.0	0.0	TRUE	G	1.017233E-4	2.0	0.0049341465	0.9942185	53.599678	0.2828997	0.10232354	57.0	1.0
SPIKE	S41:G>T	0	148329	0.0	-1.0	0.0	TRUE	G	5.9458718E-5	2.0	0.0060285702	0.9966166	29.417818	0.301618	0.08542855	57.0	1.0
SPIKE	S42:C>T	57	148329	3.842809E-4	146.38963	40.0	TRUE	C	1.522861E-4	115.0	0.003464591	0.99135727	91.52465	0.19710414	0.11627634	57.0	0.0
SPIKE	S42:C>A	2	148329	1.348354E-5	7.269987	40.0	TRUE	C	3.435485E-5	3.0	0.016216334	0.9980437	29.417818	0.17607757	0.13605224	57.0	1.0
SPIKE	S42:C>G	0	148329	0.0	-1.0	0.0	TRUE	C	5.629541E-5	30.0	0.0035065166	0.9967963	53.599678	0.27932084	0.25960782	57.0	0.0
SPIKE	S43:G>T	1	148329	6.74177E-6	4.2596874	40.0	TRUE	G	5.9458718E-5	0.0	0.0060285702	0.9966166	29.417818	0.301618	0.08542855	57.0	1.0
SPIKE	S43:G>A	35	148329	2.3596195E-4	106.609886	40.0	TRUE	G	5.4983666E-5	46.0	0.004647142	0.9968708	91.52465	0.178125	0.11399336	57.0	0.0
SPIKE	S43:G>C	0	148329	0.0	-1.0	0.0	TRUE	G	6.0730694E-5	32.0	0.0049341465	0.99654436	53.599678	0.2828997	0.10232354	57.0	0.0
SPIKE	S44:G>T	3	148329	2.022531E-5	10.280287	40.0	TRUE	G	5.9458718E-5	1.0	0.0060285702	0.9966166	29.417818	0.301618	0.08542855	57.0	1.0
SPIKE	S44:G>A	66	148329	4.4495682E-4	189.44995	40.0	TRUE	G	1.0877204E-4	91.0	0.004647142	0.9938192	91.52465	0.178125	0.11399336	57.0	0.0
SPIKE	S44:G>C	0	148329	0.0	-1.0	0.0	TRUE	G	1.017233E-4	2.0	0.0049341465	0.9942185	53.599678	0.2828997	0.10232354	57.0	1.0
SPIKE	S45:C>T	22	148329	1.4831894E-4	67.47598	39.68182	TRUE	C	7.415671E-5	56.0	0.003464591	0.995782	91.52465	0.19710414	0.11627634	57.0	0.0
SPIKE	S45:C>A	2	148329	1.348354E-5	7.269987	40.0	TRUE	C	3.435485E-5	2.0	0.016216334	0.9980437	29.417818	0.17607757	0.13605224	57.0	1.0
SPIKE	S45:C>G	0	148329	0.0	-1.0	0.0	TRUE	C	6.7554494E-5	36.0	0.0035065166	0.9961568	53.599678	0.27932084	0.25960782	57.0	0.0
SPIKE	S46:G>T	1	148329	6.74177E-6	4.2596874	40.0	TRUE	G	5.9458718E-5	0.0	0.0060285702	0.9966166	29.417818	0.301618	0.08542855	57.0	1.0
SPIKE	S46:G>A	32	148329	2.1573664E-4	97.57899	40.0	TRUE	G	6.3350744E-5	53.0	0.004647142	0.9963955	91.52465	0.178125	0.11399336	57.0	0.0
SPIKE	S46:G>C	0	148329	0.0	-1.0	0.0	TRUE	G	5.883286E-5	31.0	0.0049341465	0.9966521	53.599678	0.2828997	0.10232354	57.0	0.0
SPIKE	S47:A>G	3	148329	2.022531E-5	10.280287	40.0	TRUE	A	4.898305E-5	42.0	0.0043895114	0.9972119	105.16274	0.17375334	0.11249617	57.0	0.0
SPIKE	S47:A>C	0	148329	0.0	-1.0	0.0	TRUE	A	4.5709352E-5	5.0	0.009760621	0.99739796	90.81419	0.07539407	0.109884344	57.0	1.0
SPIKE	S47:A>T	0	148329	0.0	-1.0	0.0	TRUE	A	3.4288183E-5	1.0	0.0085414145	0.9980475	19.215776	0.26695496	0.101485185	57.0	1.0
SPIKE	S48:A>G	3	148329	2.022531E-5	-1.0	40.0	TRUE	A	1.1662631E-5	10.0	0.0043895114	0.99933547	105.16274	0.17375334	0.11249617	57.0	0.0
SPIKE	S48:A>C	0	148329	0.0	-1.0	0.0	TRUE	A	4.5709352E-5	6.0	0.009760621	0.99739796	90.81419	0.07539407	0.109884344	57.0	1.0
SPIKE	S48:A>T	0	148329	0.0	-1.0	0.0	TRUE	A	3.4288183E-5	8.0	0.0085414145	0.9980475	19.215776	0.26695496	0.101485185	57.0	1.0
SPIKE	S49:T>C	6	148329	4.045062E-5	-1.0	40.0	TRUE	T	1.4515157E-5	11.0	0.003888278	0.999173	105.16274	0.196493	0.11343032	57.0	0.0
SPIKE	S49:T>G	1	148329	6.74177E-6	1.0720997	40.0	TRUE	T	1.7464736E-4	3.0	0.0047608106	0.9900945	90.81419	0.28662026	0.08739175	57.0	1.0
SPIKE	D49-50:T>	3	148329	2.022531E-5	-1.0	39.999718	TRUE		NaN	NaN	NaN	NaN	NaN	NaN	NaN	NaN	NaN
SPIKE	S49:T>A	0	148329	0.0	-1.0	0.0	TRUE	T	5.8503345E-5	34.0	0.010500899	0.99667084	19.215776	0.25793627	0.10292887	57.0	0.0
SPIKE	S50:T>C	6	148329	4.045062E-5	13.113299	40.0	TRUE	T	1.3876852E-4	9.0	0.003888278	0.9921214	105.16274	0.196493	0.11343032	57.0	1.0
SPIKE	S50:T>A	0	148329	0.0	-1.0	0.0	TRUE	T	3.306433E-5	1.0	0.010500899	0.9981171	19.215776	0.25793627	0.10292887	57.0	1.0
SPIKE	S50:T>G	0	148329	0.0	-1.0	0.0	TRUE	T	1.7464736E-4	1.0	0.0047608106	0.9900945	90.81419	0.28662026	0.08739175	57.0	1.0
SPIKE	S51:T>C	5	148329	3.370885E-5	-1.0	40.0	TRUE	T	1.8473836E-5	14.0	0.003888278	0.99894756	105.16274	0.196493	0.11343032	57.0	0.0
SPIKE	S51:T>A	0	148329	0.0	-1.0	0.0	TRUE	T	3.306433E-5	1.0	0.010500899	0.9981171	19.215776	0.25793627	0.10292887	57.0	1.0
SPIKE	S51:T>G	0	148329	0.0	-1.0	0.0	TRUE	T	1.7464736E-4	0.0	0.0047608106	0.9900945	90.81419	0.28662026	0.08739175	57.0	1.0
SPIKE	S52:A>G	24	148329	1.6180248E-4	73.49659	40.0	TRUE	A	4.898305E-5	42.0	0.0043895114	0.9972119	105.16274	0.17375334	0.11249617	57.0	0.0
SPIKE	S52:A>C	0	148329	0.0	-1.0	0.0	TRUE	A	6.543268E-6	13.0	0.009760621	0.9996271	90.81419	0.07539407	0.109884344	57.0	0.0
SPIKE	S52:A>T	0	148329	0.0	-1.0	0.0	TRUE	A	3.3903154E-5	19.0	0.0085414145	0.9980694	19.215776	0.26695496	0.101485185	57.0	0.0
SPIKE	S53:C>T	29	148329	1.9551133E-4	76.59832	40.0	TRUE	C	1.0461393E-4	79.0	0.003464591	0.99405473	91.52465	0.19710414	0.11627634	57.0	0.0
SPIKE	S53:C>G	1	148329	6.74177E-6	2.0412	40.0	TRUE	C	1.0058053E-4	1.0	0.0035065166	0.9942833	53.599678	0.27932084	0.25960782	57.0	1.0
SPIKE	S53:C>A	1	148329	6.74177E-6	-1.0	40.0	TRUE	C	1.40138945E-5	12.0	0.016216334	0.99920154	29.417818	0.17607757	0.13605224	57.0	0.0
SPIKE	D53-54:C>	1	148329	6.74177E-6	-1.0	39.999817	TRUE		NaN	NaN	NaN	NaN	NaN	NaN	NaN	NaN	NaN
SPIKE	S54:C>T	17	148329	1.1461009E-4	52.424488	40.0	TRUE	C	7.812939E-5	59.0	0.003464591	0.99555653	91.52465	0.19710414	0.11627634	57.0	0.0
SPIKE	S54:C>A	3	148329	2.022531E-5	10.280287	40.0	TRUE	C	3.435485E-5	2.0	0.016216334	0.9980437	29.417818	0.17607757	0.13605224	57.0	1.0
SPIKE	S54:C>G	0	148329	0.0	-1.0	0.0	TRUE	C	1.0058053E-4	0.0	0.0035065166	0.9942833	53.599678	0.27932084	0.25960782	57.0	1.0
SPIKE	S55:A>T	4	148329	2.696708E-5	-1.0	40.0	TRUE	A	2.3196895E-5	13.0	0.0085414145	0.9986786	19.215776	0.26695496	0.101485185	57.0	0.0
SPIKE	S55:A>C	5	148329	3.370885E-5	10.658173	40.0	TRUE	A	9.2109076E-5	183.0	0.009760621	0.99476355	90.81419	0.07539407	0.109884344	57.0	0.0
SPIKE	S55:A>G	102	148329	6.8766053E-4	238.31459	40.0	TRUE	A	3.9652945E-4	340.0	0.0043895114	0.97765136	105.16274	0.17375334	0.11249617	57.0	0.0
SPIKE	S56:C>T	20	148329	1.348354E-4	50.97615	40.0	TRUE	C	1.05938154E-4	80.0	0.003464591	0.9939797	91.52465	0.19710414	0.11627634	57.0	0.0
SPIKE	S56:C>A	1	148329	6.74177E-6	-1.0	40.0	TRUE	C	2.3356492E-5	20.0	0.016216334	0.99866956	29.417818	0.17607757	0.13605224	57.0	0.0
SPIKE	S56:C>G	0	148329	0.0	-1.0	0.0	TRUE	C	1.0058053E-4	0.0	0.0035065166	0.9942833	53.599678	0.27932084	0.25960782	57.0	1.0
SPIKE	S57:C>T	19	148329	1.2809363E-4	58.445087	40.0	TRUE	C	7.415671E-5	56.0	0.003464591	0.995782	91.52465	0.19710414	0.11627634	57.0	0.0
SPIKE	S57:C>A	2	148329	1.348354E-5	7.269987	40.0	TRUE	C	3.435485E-5	1.0	0.016216334	0.9980437	29.417818	0.17607757	0.13605224	57.0	1.0
SPIKE	S57:C>G	0	148329	0.0	-1.0	0.0	TRUE	C	1.0058053E-4	0.0	0.0035065166	0.9942833	53.599678	0.27932084	0.25960782	57.0	1.0
SPIKE	S58:A>C	2	148329	1.348354E-5	-1.0	40.0	TRUE	A	2.063646E-5	41.0	0.009760621	0.9988244	90.81419	0.07539407	0.109884344	57.0	0.0
SPIKE	S58:A>G	17	148329	1.1461009E-4	42.57172	40.0	TRUE	A	1.201251E-4	103.0	0.0043895114	0.9931763	105.16274	0.17375334	0.11249617	57.0	0.0
SPIKE	S58:A>T	0	148329	0.0	-1.0	0.0	TRUE	A	3.4288183E-5	2.0	0.0085414145	0.9980475	19.215776	0.26695496	0.101485185	57.0	1.0
SPIKE	S59:T>C	37	148329	2.494455E-4	99.69318	40.0	TRUE	T	1.1612126E-4	88.0	0.003888278	0.99340296	105.16274	0.196493	0.11343032	57.0	0.0
SPIKE	S59:T>G	2	148329	1.348354E-5	2.2639637	40.0	TRUE	T	1.7464736E-4	0.0	0.0047608106	0.9900945	90.81419	0.28662026	0.08739175	57.0	1.0
SPIKE	S59:T>A	1	148329	6.74177E-6	4.2596874	40.0	TRUE	T	4.8179223E-5	28.0	0.010500899	0.99725753	19.215776	0.25793627	0.10292887	57.0	0.0
SPIKE	D59-60:T>	1	148329	6.74177E-6	-1.0	39.999325	TRUE		NaN	NaN	NaN	NaN	NaN	NaN	NaN	NaN	NaN
SPIKE	S60:T>C	15	148329	1.0112655E-4	46.403885	40.0	TRUE	T	4.486503E-5	34.0	0.003888278	0.99744594	105.16274	0.196493	0.11343032	57.0	0.0
SPIKE	S60:T>A	0	148329	0.0	-1.0	0.0	TRUE	T	3.306433E-5	0.0	0.010500899	0.9981171	19.215776	0.25793627	0.10292887	57.0	1.0
SPIKE	S60:T>G	0	148329	0.0	-1.0	0.0	TRUE	T	1.7464736E-4	4.0	0.0047608106	0.9900945	90.81419	0.28662026	0.08739175	57.0	1.0
SPIKE	S61:G>T	1	148329	6.74177E-6	4.2596874	40.0	TRUE	G	5.052951E-5	25.0	0.0060285702	0.99712396	29.417818	0.301618	0.08542855	57.0	0.0
SPIKE	S61:G>A	16	148329	1.0786832E-4	49.41419	40.0	TRUE	G	6.454604E-5	54.0	0.004647142	0.99632764	91.52465	0.178125	0.11399336	57.0	0.0
SPIKE	S61:G>C	0	148329	0.0	-1.0	0.0	TRUE	G	1.017233E-4	0.0	0.0049341465	0.9942185	53.599678	0.2828997	0.10232354	57.0	1.0
SPIKE	S62:A>G	4	148329	2.696708E-5	13.290587	40.0	TRUE	A	4.6650523E-5	40.0	0.0043895114	0.99734443	105.16274	0.17375334	0.11249617	57.0	0.0
SPIKE	D62-63:A>	10	148329	6.74177E-5	-1.0	39.999825	TRUE		NaN	NaN	NaN	NaN	NaN	NaN	NaN	NaN	NaN
SPIKE	S62:A>C	0	148329	0.0	-1.0	0.0	TRUE	A	4.5709352E-5	3.0	0.009760621	0.99739796	90.81419	0.07539407	0.109884344	57.0	1.0
SPIKE	S62:A>T	0	148329	0.0	-1.0	0.0	TRUE	A	3.4288183E-5	0.0	0.0085414145	0.9980475	19.215776	0.26695496	0.101485185	57.0	1.0
SPIKE	S63:A>T	1	148329	6.74177E-6	4.2596874	40.0	TRUE	A	3.4288183E-5	0.0	0.0085414145	0.9980475	19.215776	0.26695496	0.101485185	57.0	1.0
SPIKE	S63:A>G	13	148329	8.764301E-5	-1.0	40.0	TRUE	A	1.866021E-5	16.0	0.0043895114	0.99893695	105.16274	0.17375334	0.11249617	57.0	0.0
SPIKE	S63:A>C	0	148329	0.0	-1.0	0.0	TRUE	A	4.5709352E-5	0.0	0.009760621	0.99739796	90.81419	0.07539407	0.109884344	57.0	1.0
SPIKE	S64:A>G	17	148329	1.1461009E-4	52.424488	40.0	TRUE	A	7.464084E-5	64.0	0.0043895114	0.9957545	105.16274	0.17375334	0.11249617	57.0	0.0
SPIKE	S64:A>C	1	148329	6.74177E-6	4.2596874	40.0	TRUE	A	4.5709352E-5	7.0	0.009760621	0.99739796	90.81419	0.07539407	0.109884344	57.0	1.0
SPIKE	S64:A>T	3	148329	2.022531E-5	10.280287	40.0	TRUE	A	3.4288183E-5	2.0	0.0085414145	0.9980475	19.215776	0.26695496	0.101485185	57.0	1.0
SPIKE	S65:A>G	44	148329	2.9663788E-4	100.248764	40.0	TRUE	A	2.1575867E-4	185.0	0.0043895114	0.98777705	105.16274	0.17375334	0.11249617	57.0	0.0
SPIKE	S65:A>C	18	148329	1.2135186E-4	55.434788	40.0	TRUE	A	5.3352796E-5	106.0	0.009760621	0.9969635	90.81419	0.07539407	0.109884344	57.0	0.0
SPIKE	S65:A>T	1	148329	6.74177E-6	4.2596874	40.0	TRUE	A	3.4288183E-5	3.0	0.0085414145	0.9980475	19.215776	0.26695496	0.101485185	57.0	1.0
SPIKE	S66:C>A	1	148329	6.74177E-6	4.2596874	40.0	TRUE	C	3.435485E-5	9.0	0.016216334	0.9980437	29.417818	0.17607757	0.13605224	57.0	1.0
SPIKE	S66:C>T	27	148329	1.8202778E-4	82.52749	40.0	TRUE	C	7.812939E-5	59.0	0.003464591	0.99555653	91.52465	0.19710414	0.11627634	57.0	0.0
SPIKE	S66:C>G	0	148329	0.0	-1.0	0.0	TRUE	C	1.0058053E-4	0.0	0.0035065166	0.9942833	53.599678	0.27932084	0.25960782	57.0	1.0
SPIKE	S67:C>T	14	148329	9.438478E-5	43.393585	40.0	TRUE	C	5.8265985E-5	44.0	0.003464591	0.9966844	91.52465	0.19710414	0.11627634	57.0	0.0
SPIKE	S67:C>A	0	148329	0.0	-1.0	0.0	TRUE	C	2.569214E-5	22.0	0.016216334	0.99853665	29.417818	0.17607757	0.13605224	57.0	0.0
SPIKE	S67:C>G	0	148329	0.0	-1.0	0.0	TRUE	C	1.0058053E-4	0.0	0.0035065166	0.9942833	53.599678	0.27932084	0.25960782	57.0	1.0
SPIKE	S68:A>G	92	148329	6.2024285E-4	219.92773	40.0	TRUE	A	3.5454397E-4	304.0	0.0043895114	0.9799938	105.16274	0.17375334	0.11249617	57.0	0.0
SPIKE	S68:A>C	12	148329	8.090124E-5	-1.0	39.666668	TRUE	A	9.059909E-6	18.0	0.009760621	0.9994837	90.81419	0.07539407	0.109884344	57.0	0.0
SPIKE	S68:A>T	4	148329	2.696708E-5	-1.0	40.0	TRUE	A	2.3196895E-5	13.0	0.0085414145	0.9986786	19.215776	0.26695496	0.101485185	57.0	0.0
SPIKE	S69:G>A	35	148329	2.3596195E-4	106.609886	40.0	TRUE	G	7.291312E-5	61.0	0.004647142	0.9958526	91.52465	0.178125	0.11399336	57.0	0.0
SPIKE	S69:G>T	5	148329	3.370885E-5	16.300888	40.0	TRUE	G	5.9458718E-5	1.0	0.0060285702	0.9966166	29.417818	0.301618	0.08542855	57.0	1.0
SPIKE	S69:G>C	0	148329	0.0	-1.0	0.0	TRUE	G	4.175235E-5	22.0	0.0049341465	0.99762297	53.599678	0.2828997	0.10232354	57.0	0.0
SPIKE	S70:C>A	2	148329	1.348354E-5	7.269987	40.0	TRUE	C	3.435485E-5	0.0	0.016216334	0.9980437	29.417818	0.17607757	0.13605224	57.0	1.0
SPIKE	S70:C>G	1	148329	6.74177E-6	2.0412	40.0	TRUE	C	1.0058053E-4	3.0	0.0035065166	0.9942833	53.599678	0.27932084	0.25960782	57.0	1.0
SPIKE	S70:C>T	66	148329	4.4495682E-4	177.14546	40.0	TRUE	C	1.5625879E-4	118.0	0.003464591	0.9911328	91.52465	0.19710414	0.11627634	57.0	0.0
SPIKE	S71:C>A	1	148329	6.74177E-6	4.2596874	40.0	TRUE	C	3.435485E-5	6.0	0.016216334	0.9980437	29.417818	0.17607757	0.13605224	57.0	1.0
SPIKE	S71:C>T	19	148329	1.2809363E-4	58.445087	40.0	TRUE	C	8.34263E-5	63.0	0.003464591	0.995256	91.52465	0.19710414	0.11627634	57.0	0.0
SPIKE	S71:C>G	0	148329	0.0	-1.0	0.0	TRUE	C	4.12833E-5	22.0	0.0035065166	0.9976496	53.599678	0.27932084	0.25960782	57.0	0.0
SPIKE	S72:G>A	43	148329	2.898961E-4	117.13841	40.0	TRUE	G	1.0279555E-4	86.0	0.004647142	0.9941578	91.52465	0.178125	0.11399336	57.0	0.0
SPIKE	S72:G>C	0	148329	0.0	-1.0	0.0	TRUE	G	1.017233E-4	3.0	0.0049341465	0.9942185	53.599678	0.2828997	0.10232354	57.0	1.0
SPIKE	S72:G>T	0	148329	0.0	-1.0	0.0	TRUE	G	3.8402428E-5	19.0	0.0060285702	0.99781346	29.417818	0.301618	0.08542855	57.0	0.0
SPIKE	S73:T>A	2	148329	1.348354E-5	7.269987	40.0	TRUE	T	3.306433E-5	2.0	0.010500899	0.9981171	19.215776	0.25793627	0.10292887	57.0	1.0
SPIKE	S73:T>G	6	148329	4.045062E-5	19.311188	40.0	TRUE	T	8.2694525E-5	43.0	0.0047608106	0.9952975	90.81419	0.28662026	0.08739175	57.0	0.0
SPIKE	S73:T>C	107	148329	7.213694E-4	272.39035	40.0	TRUE	T	3.0613787E-4	232.0	0.003888278	0.9827015	105.16274	0.196493	0.11343032	57.0	0.0
SPIKE	S74:G>A	19	148329	1.2809363E-4	58.445087	40.0	TRUE	G	4.3030694E-5	36.0	0.004647142	0.99755025	91.52465	0.178125	0.11399336	57.0	0.0
SPIKE	S74:G>T	1	148329	6.74177E-6	4.2596874	40.0	TRUE	G	5.9458718E-5	2.0	0.0060285702	0.9966166	29.417818	0.301618	0.08542855	57.0	1.0
SPIKE	S74:G>C	0	148329	0.0	-1.0	0.0	TRUE	G	1.017233E-4	0.0	0.0049341465	0.9942185	53.599678	0.2828997	0.10232354	57.0	1.0
SPIKE	S75:G>A	38	148329	2.5618725E-4	115.640785	40.0	TRUE	G	5.9764854E-5	50.0	0.004647142	0.9965992	91.52465	0.178125	0.11399336	57.0	0.0
SPIKE	S75:G>C	0	148329	0.0	-1.0	0.0	TRUE	G	1.017233E-4	1.0	0.0049341465	0.9942185	53.599678	0.2828997	0.10232354	57.0	1.0
SPIKE	S75:G>T	0	148329	0.0	-1.0	0.0	TRUE	G	3.6381247E-5	18.0	0.0060285702	0.99792844	29.417818	0.301618	0.08542855	57.0	0.0
SPIKE	S76:T>G	11	148329	7.415947E-5	34.362686	40.0	TRUE	T	4.807821E-5	25.0	0.0047608106	0.9972633	90.81419	0.28662026	0.08739175	57.0	0.0
SPIKE	S76:T>C	42	148329	2.8315434E-4	103.676605	40.0	TRUE	T	1.6758409E-4	127.0	0.003888278	0.9904932	105.16274	0.196493	0.11343032	57.0	0.0
SPIKE	D76-77:T>	3	148329	2.022531E-5	-1.0	39.999313	TRUE		NaN	NaN	NaN	NaN	NaN	NaN	NaN	NaN	NaN
SPIKE	S76:T>A	0	148329	0.0	-1.0	0.0	TRUE	T	3.306433E-5	2.0	0.010500899	0.9981171	19.215776	0.25793627	0.10292887	57.0	1.0
SPIKE	S77:T>C	8	148329	5.393416E-5	-1.0	40.0	TRUE	T	2.3752074E-5	18.0	0.003888278	0.99864703	105.16274	0.196493	0.11343032	57.0	0.0
SPIKE	S77:T>A	0	148329	0.0	-1.0	0.0	TRUE	T	3.306433E-5	0.0	0.010500899	0.9981171	19.215776	0.25793627	0.10292887	57.0	1.0
SPIKE	S77:T>G	0	148329	0.0	-1.0	0.0	TRUE	T	1.7464736E-4	0.0	0.0047608106	0.9900945	90.81419	0.28662026	0.08739175	57.0	1.0
SPIKE	S78:T>G	2	148329	1.348354E-5	7.269987	40.0	TRUE	T	5.3847594E-5	28.0	0.0047608106	0.99693537	90.81419	0.28662026	0.08739175	57.0	0.0
SPIKE	S78:T>A	0	148329	0.0	-1.0	0.0	TRUE	T	3.306433E-5	0.0	0.010500899	0.9981171	19.215776	0.25793627	0.10292887	57.0	1.0
SPIKE	S78:T>C	0	148329	0.0	-1.0	0.0	TRUE	T	1.3876852E-4	9.0	0.003888278	0.9921214	105.16274	0.196493	0.11343032	57.0	1.0
SPIKE	S79:G>A	21	148329	1.4157717E-4	64.46568	40.0	TRUE	G	3.705421E-5	31.0	0.004647142	0.9978901	91.52465	0.178125	0.11399336	57.0	0.0
SPIKE	S79:G>C	0	148329	0.0	-1.0	0.0	TRUE	G	5.503719E-5	29.0	0.0049341465	0.9968678	53.599678	0.2828997	0.10232354	57.0	0.0
SPIKE	S79:G>T	0	148329	0.0	-1.0	0.0	TRUE	G	5.9458718E-5	2.0	0.0060285702	0.9966166	29.417818	0.301618	0.08542855	57.0	1.0
SPIKE	S80:C>A	3	148329	2.022531E-5	10.280287	40.0	TRUE	C	3.435485E-5	2.0	0.016216334	0.9980437	29.417818	0.17607757	0.13605224	57.0	1.0
SPIKE	S80:C>T	63	148329	4.2473152E-4	168.50946	40.0	TRUE	C	1.7744642E-4	134.0	0.003464591	0.98993653	91.52465	0.19710414	0.11627634	57.0	0.0
SPIKE	S80:C>G	0	148329	0.0	-1.0	0.0	TRUE	C	5.4418895E-5	29.0	0.0035065166	0.99690294	53.599678	0.27932084	0.25960782	57.0	0.0
SPIKE	S81:G>A	43	148329	2.898961E-4	130.69229	40.0	TRUE	G	8.12802E-5	68.0	0.004647142	0.9953777	91.52465	0.178125	0.11399336	57.0	0.0
SPIKE	S81:G>T	1	148329	6.74177E-6	4.2596874	40.0	TRUE	G	5.9458718E-5	3.0	0.0060285702	0.9966166	29.417818	0.301618	0.08542855	57.0	1.0
SPIKE	S81:G>C	0	148329	0.0	-1.0	0.0	TRUE	G	1.017233E-4	1.0	0.0049341465	0.9942185	53.599678	0.2828997	0.10232354	57.0	1.0
SPIKE	S82:G>A	71	148329	4.7866566E-4	204.18887	40.0	TRUE	G	1.0638144E-4	89.0	0.004647142	0.9939546	91.52465	0.178125	0.11399336	57.0	0.0
SPIKE	S82:G>T	1	148329	6.74177E-6	4.2596874	40.0	TRUE	G	5.9458718E-5	3.0	0.0060285702	0.9966166	29.417818	0.301618	0.08542855	57.0	1.0
SPIKE	S82:G>C	0	148329	0.0	-1.0	0.0	TRUE	G	5.6935023E-5	30.0	0.0049341465	0.99675995	53.599678	0.2828997	0.10232354	57.0	0.0
SPIKE	S83:C>T	22	148329	1.4831894E-4	56.62427	40.0	TRUE	C	1.231531E-4	93.0	0.003464591	0.99300486	91.52465	0.19710414	0.11627634	57.0	0.0
SPIKE	S83:C>A	0	148329	0.0	-1.0	0.0	TRUE	C	3.435485E-5	1.0	0.016216334	0.9980437	29.417818	0.17607757	0.13605224	57.0	1.0
SPIKE	S83:C>G	0	148329	0.0	-1.0	0.0	TRUE	C	5.817192E-5	31.0	0.0035065166	0.9966897	53.599678	0.27932084	0.25960782	57.0	0.0
SPIKE	S84:G>A	42	148329	2.8315434E-4	127.681984	40.0	TRUE	G	8.606139E-5	72.0	0.004647142	0.9951065	91.52465	0.178125	0.11399336	57.0	0.0
SPIKE	S84:G>T	2	148329	1.348354E-5	7.269987	40.0	TRUE	G	5.9458718E-5	0.0	0.0060285702	0.9966166	29.417818	0.301618	0.08542855	57.0	1.0
SPIKE	S84:G>C	0	148329	0.0	-1.0	0.0	TRUE	G	1.017233E-4	1.0	0.0049341465	0.9942185	53.599678	0.2828997	0.10232354	57.0	1.0
SPIKE	S85:A>G	6	148329	4.045062E-5	13.113299	40.0	TRUE	A	1.2264743E-4	9.0	0.0043895114	0.99303347	105.16274	0.17375334	0.11249617	57.0	1.0
SPIKE	S85:A>C	0	148329	0.0	-1.0	0.0	TRUE	A	1.4193858E-4	282.0	0.009760621	0.99194217	90.81419	0.07539407	0.109884344	57.0	0.0
SPIKE	S85:A>T	0	148329	0.0	-1.0	0.0	TRUE	A	4.8178168E-5	27.0	0.0085414145	0.9972576	19.215776	0.26695496	0.101485185	57.0	0.0
SPIKE	S86:T>C	22	148329	1.4831894E-4	67.47598	40.0	TRUE	T	6.0699746E-5	46.0	0.003888278	0.9965461	105.16274	0.196493	0.11343032	57.0	0.0
SPIKE	S86:T>A	0	148329	0.0	-1.0	0.0	TRUE	T	3.306433E-5	2.0	0.010500899	0.9981171	19.215776	0.25793627	0.10292887	57.0	1.0
SPIKE	S86:T>G	0	148329	0.0	-1.0	0.0	TRUE	T	1.7464736E-4	4.0	0.0047608106	0.9900945	90.81419	0.28662026	0.08739175	57.0	1.0
SPIKE	S87:T>G	3	148329	2.022531E-5	3.748162	40.0	TRUE	T	1.7464736E-4	5.0	0.0047608106	0.9900945	90.81419	0.28662026	0.08739175	57.0	1.0
SPIKE	S87:T>A	1	148329	6.74177E-6	4.2596874	40.0	TRUE	T	3.306433E-5	3.0	0.010500899	0.9981171	19.215776	0.25793627	0.10292887	57.0	1.0
SPIKE	S87:T>C	13	148329	8.764301E-5	40.383286	40.0	TRUE	T	3.4308552E-5	26.0	0.003888278	0.99804634	105.16274	0.196493	0.11343032	57.0	0.0
SPIKE	S88:T>C	8	148329	5.393416E-5	-1.0	40.0	TRUE	T	1.7154276E-5	13.0	0.003888278	0.99902266	105.16274	0.196493	0.11343032	57.0	0.0
SPIKE	S88:T>A	0	148329	0.0	-1.0	0.0	TRUE	T	5.3341282E-5	31.0	0.010500899	0.99696416	19.215776	0.25793627	0.10292887	57.0	0.0
SPIKE	S88:T>G	0	148329	0.0	-1.0	0.0	TRUE	T	1.7464736E-4	0.0	0.0047608106	0.9900945	90.81419	0.28662026	0.08739175	57.0	1.0
SPIKE	S89:A>G	13	148329	8.764301E-5	-1.0	40.0	TRUE	A	2.6824051E-5	23.0	0.0043895114	0.9984722	105.16274	0.17375334	0.11249617	57.0	0.0
SPIKE	S89:A>C	1	148329	6.74177E-6	4.2596874	40.0	TRUE	A	4.5709352E-5	3.0	0.009760621	0.99739796	90.81419	0.07539407	0.109884344	57.0	1.0
SPIKE	S89:A>T	0	148329	0.0	-1.0	0.0	TRUE	A	5.8884427E-5	33.0	0.0085414145	0.9966492	19.215776	0.26695496	0.101485185	57.0	0.0
SPIKE	S90:T>G	3	148329	2.022531E-5	3.748162	40.0	TRUE	T	1.7464736E-4	5.0	0.0047608106	0.9900945	90.81419	0.28662026	0.08739175	57.0	1.0
SPIKE	S90:T>A	1	148329	6.74177E-6	4.2596874	40.0	TRUE	T	3.306433E-5	5.0	0.010500899	0.9981171	19.215776	0.25793627	0.10292887	57.0	1.0
SPIKE	S90:T>C	10	148329	6.74177E-5	31.352386	40.0	TRUE	T	6.7297544E-5	51.0	0.003888278	0.9961714	105.16274	0.196493	0.11343032	57.0	0.0
SPIKE	S91:C>A	2	148329	1.348354E-5	7.269987	40.0	TRUE	C	3.435485E-5	1.0	0.016216334	0.9980437	29.417818	0.17607757	0.13605224	57.0	1.0
SPIKE	S91:C>T	23	148329	1.5506071E-4	70.48629	40.0	TRUE	C	8.210207E-5	62.0	0.003464591	0.9953311	91.52465	0.19710414	0.11627634	57.0	0.0
SPIKE	S91:C>G	0	148329	0.0	-1.0	0.0	TRUE	C	5.817192E-5	31.0	0.0035065166	0.9966897	53.599678	0.27932084	0.25960782	57.0	0.0
SPIKE	S92:G>A	46	148329	3.1012142E-4	125.891014	40.0	TRUE	G	1.0518614E-4	88.0	0.004647142	0.9940223	91.52465	0.178125	0.11399336	57.0	0.0
SPIKE	S92:G>C	0	148329	0.0	-1.0	0.0	TRUE	G	1.017233E-4	2.0	0.0049341465	0.9942185	53.599678	0.2828997	0.10232354	57.0	1.0
SPIKE	S92:G>T	0	148329	0.0	-1.0	0.0	TRUE	G	6.2656596E-5	31.0	0.0060285702	0.9964349	29.417818	0.301618	0.08542855	57.0	0.0
SPIKE	S93:T>G	3	148329	2.022531E-5	3.748162	40.0	TRUE	T	1.7464736E-4	4.0	0.0047608106	0.9900945	90.81419	0.28662026	0.08739175	57.0	1.0
SPIKE	S93:T>C	60	148329	4.045062E-4	154.8871	40.0	TRUE	T	1.8209925E-4	138.0	0.003888278	0.98967403	105.16274	0.196493	0.11343032	57.0	0.0
SPIKE	S93:T>A	0	148329	0.0	-1.0	0.0	TRUE	T	3.306433E-5	1.0	0.010500899	0.9981171	19.215776	0.25793627	0.10292887	57.0	1.0
SPIKE	S94:C>A	1	148329	6.74177E-6	4.2596874	40.0	TRUE	C	3.435485E-5	4.0	0.016216334	0.9980437	29.417818	0.17607757	0.13605224	57.0	1.0
SPIKE	S94:C>T	18	148329	1.2135186E-4	55.434788	40.0	TRUE	C	7.150826E-5	54.0	0.003464591	0.99593234	91.52465	0.19710414	0.11627634	57.0	0.0
SPIKE	S94:C>G	0	148329	0.0	-1.0	0.0	TRUE	C	5.629541E-5	30.0	0.0035065166	0.9967963	53.599678	0.27932084	0.25960782	57.0	0.0
SPIKE	S95:G>A	45	148329	3.0337964E-4	122.97151	40.0	TRUE	G	9.6819065E-5	81.0	0.004647142	0.9944965	91.52465	0.178125	0.11399336	57.0	0.0
SPIKE	D95-98:GTC>	1	148329	6.74177E-6	-1.0	39.99942	TRUE		NaN	NaN	NaN	NaN	NaN	NaN	NaN	NaN	NaN
SPIKE	S95:G>C	0	148329	0.0	-1.0	0.0	TRUE	G	1.017233E-4	1.0	0.0049341465	0.9942185	53.599678	0.2828997	0.10232354	57.0	1.0
SPIKE	S95:G>T	0	148329	0.0	-1.0	0.0	TRUE	G	5.861423E-5	29.0	0.0060285702	0.9966646	29.417818	0.301618	0.08542855	57.0	0.0
SPIKE	S96:T>C	67	148329	4.5169858E-4	169.35855	40.0	TRUE	T	2.1904691E-4	166.0	0.003888278	0.9875919	105.16274	0.196493	0.11343032	57.0	0.0
SPIKE	S96:T>A	2	148329	1.348354E-5	7.269987	40.0	TRUE	T	3.306433E-5	2.0	0.010500899	0.9981171	19.215776	0.25793627	0.10292887	57.0	1.0
SPIKE	S96:T>G	4	148329	2.696708E-5	5.449171	40.0	TRUE	T	1.7464736E-4	8.0	0.0047608106	0.9900945	90.81419	0.28662026	0.08739175	57.0	1.0
SPIKE	S97:C>T	7	148329	4.719239E-5	22.321487	40.0	TRUE	C	4.767217E-5	36.0	0.003464591	0.9972864	91.52465	0.19710414	0.11627634	57.0	0.0
SPIKE	S97:C>A	1	148329	6.74177E-6	4.2596874	40.0	TRUE	C	3.8538208E-5	33.0	0.016216334	0.9978057	29.417818	0.17607757	0.13605224	57.0	0.0
SPIKE	S97:C>G	0	148329	0.0	-1.0	0.0	TRUE	C	1.0058053E-4	0.0	0.0035065166	0.9942833	53.599678	0.27932084	0.25960782	57.0	1.0
SPIKE	S98:A>C	2	148329	1.348354E-5	7.269987	40.0	TRUE	A	4.5709352E-5	4.0	0.009760621	0.99739796	90.81419	0.07539407	0.109884344	57.0	1.0
SPIKE	S98:A>G	25	148329	1.6854425E-4	76.50689	40.0	TRUE	A	7.9305886E-5	68.0	0.0043895114	0.9954898	105.16274	0.17375334	0.11249617	57.0	0.0
SPIKE	S98:A>T	0	148329	0.0	-1.0	0.0	TRUE	A	5.174692E-5	29.0	0.0085414145	0.99705476	19.215776	0.26695496	0.101485185	57.0	0.0
SPIKE	S99:T>C	12	148329	8.090124E-5	37.372986	40.0	TRUE	T	8.049314E-5	61.0	0.003888278	0.9954224	105.16274	0.196493	0.11343032	57.0	0.0
SPIKE	S99:T>A	0	148329	0.0	-1.0	0.0	TRUE	T	3.306433E-5	1.0	0.010500899	0.9981171	19.215776	0.25793627	0.10292887	57.0	1.0
SPIKE	S99:T>G	0	148329	0.0	-1.0	0.0	TRUE	T	1.7464736E-4	1.0	0.0047608106	0.9900945	90.81419	0.28662026	0.08739175	57.0	1.0
SPIKE	S100:C>T	37	148329	2.494455E-4	99.69318	40.0	TRUE	C	1.4698919E-4	111.0	0.003464591	0.9916566	91.52465	0.19710414	0.11627634	57.0	0.0
SPIKE	S100:C>A	3	148329	2.022531E-5	10.280287	40.0	TRUE	C	3.435485E-5	4.0	0.016216334	0.9980437	29.417818	0.17607757	0.13605224	57.0	1.0
SPIKE	S100:C>G	0	148329	0.0	-1.0	0.0	TRUE	C	7.130752E-5	38.0	0.0035065166	0.9959437	53.599678	0.27932084	0.25960782	57.0	0.0
SPIKE	S101:G>T	1	148329	6.74177E-6	4.2596874	40.0	TRUE	G	5.861423E-5	29.0	0.0060285702	0.9966646	29.417818	0.301618	0.08542855	57.0	0.0
SPIKE	S101:G>A	33	148329	2.2247841E-4	88.11774	40.0	TRUE	G	9.442847E-5	79.0	0.004647142	0.99463207	91.52465	0.178125	0.11399336	57.0	0.0
SPIKE	S101:G>C	0	148329	0.0	-1.0	0.0	TRUE	G	1.017233E-4	1.0	0.0049341465	0.9942185	53.599678	0.2828997	0.10232354	57.0	1.0
SPIKE	S102:T>C	31	148329	2.0899487E-4	82.3502	40.0	TRUE	T	1.0292566E-4	78.0	0.003888278	0.9941504	105.16274	0.196493	0.11343032	57.0	0.0
SPIKE	S102:T>G	1	148329	6.74177E-6	4.2596874	40.0	TRUE	T	6.730949E-5	35.0	0.0047608106	0.9961707	90.81419	0.28662026	0.08739175	57.0	0.0
SPIKE	S102:T>A	0	148329	0.0	-1.0	0.0	TRUE	T	3.306433E-5	1.0	0.010500899	0.9981171	19.215776	0.25793627	0.10292887	57.0	1.0
SPIKE	S103:G>T	1	148329	6.74177E-6	4.2596874	40.0	TRUE	G	5.9458718E-5	2.0	0.0060285702	0.9966166	29.417818	0.301618	0.08542855	57.0	1.0
SPIKE	S103:G>A	18	148329	1.2135186E-4	55.434788	40.0	TRUE	G	4.06401E-5	34.0	0.004647142	0.9976862	91.52465	0.178125	0.11399336	57.0	0.0
SPIKE	S103:G>C	0	148329	0.0	-1.0	0.0	TRUE	G	1.017233E-4	2.0	0.0049341465	0.9942185	53.599678	0.2828997	0.10232354	57.0	1.0
SPIKE	S104:G>A	47	148329	3.1686318E-4	128.81238	40.0	TRUE	G	9.562376E-5	80.0	0.004647142	0.9945643	91.52465	0.178125	0.11399336	57.0	0.0
SPIKE	S104:G>C	0	148329	0.0	-1.0	0.0	TRUE	G	5.503719E-5	29.0	0.0049341465	0.9968678	53.599678	0.2828997	0.10232354	57.0	0.0
SPIKE	S104:G>T	0	148329	0.0	-1.0	0.0	TRUE	G	5.9458718E-5	0.0	0.0060285702	0.9966166	29.417818	0.301618	0.08542855	57.0	1.0
SPIKE	S105:C>T	60	148329	4.045062E-4	154.8871	40.0	TRUE	C	1.7479795E-4	132.0	0.003464591	0.99008596	91.52465	0.19710414	0.11627634	57.0	0.0
SPIKE	S105:C>A	1	148329	6.74177E-6	4.2596874	40.0	TRUE	C	3.435485E-5	9.0	0.016216334	0.9980437	29.417818	0.17607757	0.13605224	57.0	1.0
SPIKE	S105:C>G	0	148329	0.0	-1.0	0.0	TRUE	C	6.192495E-5	33.0	0.0035065166	0.9964765	53.599678	0.27932084	0.25960782	57.0	0.0
SPIKE	S106:G>T	1	148329	6.74177E-6	4.2596874	40.0	TRUE	G	5.9458718E-5	1.0	0.0060285702	0.9966166	29.417818	0.301618	0.08542855	57.0	1.0
SPIKE	S106:G>A	40	148329	2.696708E-4	108.40486	40.0	TRUE	G	1.0518614E-4	88.0	0.004647142	0.9940223	91.52465	0.178125	0.11399336	57.0	0.0
SPIKE	S106:G>C	0	148329	0.0	-1.0	0.0	TRUE	G	1.017233E-4	1.0	0.0049341465	0.9942185	53.599678	0.2828997	0.10232354	57.0	1.0
SPIKE	S107:G>T	1	148329	6.74177E-6	4.2596874	40.0	TRUE	G	5.9458718E-5	1.0	0.0060285702	0.9966166	29.417818	0.301618	0.08542855	57.0	1.0
SPIKE	S107:G>A	95	148329	6.4046815E-4	275.18668	40.0	TRUE	G	1.4463095E-4	121.0	0.004647142	0.99178994	91.52465	0.178125	0.11399336	57.0	0.0
SPIKE	S107:G>C	0	148329	0.0	-1.0	0.0	TRUE	G	6.832203E-5	36.0	0.0049341465	0.99611324	53.599678	0.2828997	0.10232354	57.0	0.0
SPIKE	S108:C>T	47	148329	3.1686318E-4	142.73349	40.0	TRUE	C	8.210207E-5	62.0	0.003464591	0.9953311	91.52465	0.19710414	0.11627634	57.0	0.0
SPIKE	S108:C>A	1	148329	6.74177E-6	4.2596874	40.0	TRUE	C	3.153126E-5	27.0	0.016216334	0.99820435	29.417818	0.17607757	0.13605224	57.0	0.0
SPIKE	S108:C>G	0	148329	0.0	-1.0	0.0	TRUE	C	1.0058053E-4	1.0	0.0035065166	0.9942833	53.599678	0.27932084	0.25960782	57.0	1.0
SPIKE	S109:A>C	1	148329	6.74177E-6	-1.0	40.0	TRUE	A	2.0133131E-5	40.0	0.009760621	0.9988531	90.81419	0.07539407	0.109884344	57.0	0.0
SPIKE	S109:A>G	15	148329	1.0112655E-4	46.403885	40.0	TRUE	A	6.6477E-5	57.0	0.0043895114	0.99621797	105.16274	0.17375334	0.11249617	57.0	0.0
SPIKE	S109:A>T	0	148329	0.0	-1.0	0.0	TRUE	A	3.4288183E-5	1.0	0.0085414145	0.9980475	19.215776	0.26695496	0.101485185	57.0	1.0
SPIKE	S110:G>A	36	148329	2.4270373E-4	109.620186	40.0	TRUE	G	7.1717826E-5	60.0	0.004647142	0.9959204	91.52465	0.178125	0.11399336	57.0	0.0
SPIKE	S110:G>C	0	148329	0.0	-1.0	0.0	TRUE	G	5.124152E-5	27.0	0.0049341465	0.9970835	53.599678	0.2828997	0.10232354	57.0	0.0
SPIKE	S110:G>T	0	148329	0.0	-1.0	0.0	TRUE	G	5.9458718E-5	8.0	0.0060285702	0.9966166	29.417818	0.301618	0.08542855	57.0	1.0
SPIKE	S111:C>T	47	148329	3.1686318E-4	128.81238	40.0	TRUE	C	1.13883514E-4	86.0	0.003464591	0.9935297	91.52465	0.19710414	0.11627634	57.0	0.0
SPIKE	S111:C>A	1	148329	6.74177E-6	4.2596874	40.0	TRUE	C	3.435485E-5	5.0	0.016216334	0.9980437	29.417818	0.17607757	0.13605224	57.0	1.0
SPIKE	S111:C>G	0	148329	0.0	-1.0	0.0	TRUE	C	5.629541E-5	30.0	0.0035065166	0.9967963	53.599678	0.27932084	0.25960782	57.0	0.0
SPIKE	S112:G>A	22	148327	1.4832093E-4	67.47598	40.0	TRUE	G	5.259378E-5	44.0	0.004647142	0.99700665	91.523415	0.178125	0.11399336	57.0	0.0
SPIKE	S112:G>C	0	148327	0.0	-1.0	0.0	TRUE	G	1.017233E-4	1.0	0.0049341465	0.9942185	53.598957	0.2828997	0.10232354	57.0	1.0
SPIKE	S112:G>T	0	148327	0.0	-1.0	0.0	TRUE	G	4.6487778E-5	23.0	0.0060285702	0.99735373	29.417421	0.301618	0.08542855	57.0	0.0
SPIKE	S113:T>C	51	148327	3.438349E-4	129.18161	40.0	TRUE	T	1.5571015E-4	118.0	0.003888278	0.9911638	105.16133	0.196493	0.11343032	57.0	0.0
SPIKE	S113:T>G	3	148327	2.0225583E-5	10.280287	40.0	TRUE	T	6.923356E-5	36.0	0.0047608106	0.99606144	90.81297	0.28662026	0.08739175	57.0	0.0
SPIKE	S113:T>A	0	148327	0.0	-1.0	0.0	TRUE	T	3.306433E-5	2.0	0.010500899	0.9981171	19.215517	0.25793627	0.10292887	57.0	1.0
SPIKE	S114:G>A	21	148327	1.4157908E-4	64.46568	40.0	TRUE	G	8.0085985E-5	67.0	0.004647142	0.9954455	91.523415	0.178125	0.11399336	57.0	0.0
SPIKE	S114:G>C	0	148327	0.0	-1.0	0.0	TRUE	G	1.8978597E-5	10.0	0.0049341465	0.99891883	53.598957	0.2828997	0.10232354	57.0	0.0
SPIKE	S114:G>T	0	148327	0.0	-1.0	0.0	TRUE	G	5.9458718E-5	1.0	0.0060285702	0.9966166	29.417421	0.301618	0.08542855	57.0	1.0
SPIKE	S115:A>C	2	148327	1.3483722E-5	7.269987	40.0	TRUE	A	5.436019E-5	108.0	0.009760621	0.9969063	90.81297	0.07539407	0.109884344	57.0	0.0
SPIKE	S115:A>G	50	148327	3.3709305E-4	137.5869	40.0	TRUE	A	1.4811741E-4	127.0	0.0043895114	0.9915928	105.16133	0.17375334	0.11249617	57.0	0.0
SPIKE	S115:A>T	0	148327	0.0	-1.0	0.0	TRUE	A	1.9628407E-5	11.0	0.0085414145	0.9988818	19.215517	0.26695496	0.101485185	57.0	0.0
SPIKE	S116:C>T	13	148327	8.764419E-5	40.383286	40.0	TRUE	C	5.826677E-5	44.0	0.003464591	0.9966843	91.523415	0.19710414	0.11627634	57.0	0.0
SPIKE	S116:C>G	1	148327	6.741861E-6	2.0412	40.0	TRUE	C	1.0058053E-4	0.0	0.0035065166	0.9942833	53.598957	0.27932084	0.25960782	57.0	1.0
SPIKE	S116:C>A	0	148327	0.0	-1.0	0.0	TRUE	C	1.5181924E-5	13.0	0.016216334	0.999135	29.417421	0.17607757	0.13605224	57.0	0.0
SPIKE	S117:C>T	13	148327	8.764419E-5	31.537222	40.0	TRUE	C	1.11236564E-4	84.0	0.003464591	0.9936796	91.523415	0.19710414	0.11627634	57.0	0.0
SPIKE	S117:C>A	3	148327	2.0225583E-5	10.280287	40.0	TRUE	C	3.435485E-5	9.0	0.016216334	0.9980437	29.417421	0.17607757	0.13605224	57.0	1.0
SPIKE	S117:C>G	0	148327	0.0	-1.0	0.0	TRUE	C	1.0058053E-4	2.0	0.0035065166	0.9942833	53.598957	0.27932084	0.25960782	57.0	1.0
SPIKE	S118:T>C	47	148327	3.1686746E-4	128.81238	40.0	TRUE	T	1.3063817E-4	99.0	0.003888278	0.9925813	105.16133	0.196493	0.11343032	57.0	0.0
SPIKE	S118:T>G	8	148327	5.3934888E-5	-1.0	40.0	TRUE	T	2.5001007E-5	13.0	0.0047608106	0.998576	90.81297	0.28662026	0.08739175	57.0	0.0
SPIKE	S118:T>A	25	148327	1.6854652E-4	76.50689	40.0	TRUE	T	7.399052E-5	43.0	0.010500899	0.99579144	19.215517	0.25793627	0.10292887	57.0	0.0
SPIKE	S119:A>C	1	148327	6.741861E-6	2.0412	40.0	TRUE	A	1.248271E-4	248.0	0.009760621	0.9929101	90.81297	0.07539407	0.109884344	57.0	0.0
SPIKE	S119:A>G	31	148327	2.0899769E-4	94.56869	40.0	TRUE	A	8.513835E-5	73.0	0.0043895114	0.99515885	105.16133	0.17375334	0.11249617	57.0	0.0
SPIKE	S119:A>T	0	148327	0.0	-1.0	0.0	TRUE	A	7.672923E-5	43.0	0.0085414145	0.995636	19.215517	0.26695496	0.101485185	57.0	0.0
SPIKE	S120:T>C	21	148327	1.4157908E-4	64.46568	40.0	TRUE	T	7.257676E-5	55.0	0.003888278	0.99587166	105.16133	0.196493	0.11343032	57.0	0.0
SPIKE	S120:T>G	1	148327	6.741861E-6	4.2596874	40.0	TRUE	T	8.461879E-5	44.0	0.0047608106	0.99518836	90.81297	0.28662026	0.08739175	57.0	0.0
SPIKE	S120:T>A	0	148327	0.0	-1.0	0.0	TRUE	T	3.306433E-5	2.0	0.010500899	0.9981171	19.215517	0.25793627	0.10292887	57.0	1.0
SPIKE	S121:G>A	29	148327	1.9551396E-4	88.54809	40.0	TRUE	G	4.781253E-5	40.0	0.004647142	0.9972784	91.523415	0.178125	0.11399336	57.0	0.0
SPIKE	S121:G>C	0	148327	0.0	-1.0	0.0	TRUE	G	1.017233E-4	0.0	0.0049341465	0.9942185	53.598957	0.2828997	0.10232354	57.0	1.0
SPIKE	S121:G>T	0	148327	0.0	-1.0	0.0	TRUE	G	9.903918E-5	49.0	0.0060285702	0.9943707	29.417421	0.301618	0.08542855	57.0	0.0
SPIKE	S122:T>C	68	148327	4.5844654E-4	172.18135	40.0	TRUE	T	2.4808059E-4	188.0	0.003888278	0.98595893	105.16133	0.196493	0.11343032	57.0	0.0
SPIKE	S122:T>G	4	148327	2.6967444E-5	8.284564	40.0	TRUE	T	1.09619796E-4	57.0	0.0047608106	0.99377114	90.81297	0.28662026	0.08739175	57.0	0.0
SPIKE	S122:T>A	1	148327	6.741861E-6	4.2596874	40.0	TRUE	T	3.306433E-5	5.0	0.010500899	0.9981171	19.215517	0.25793627	0.10292887	57.0	1.0
SPIKE	S123:G>A	24	148327	1.6180467E-4	73.49659	40.0	TRUE	G	4.9007842E-5	41.0	0.004647142	0.99721044	91.523415	0.178125	0.11399336	57.0	0.0
SPIKE	S123:G>C	0	148327	0.0	-1.0	0.0	TRUE	G	1.017233E-4	8.0	0.0049341465	0.9942185	53.598957	0.2828997	0.10232354	57.0	1.0
SPIKE	S123:G>T	0	148327	0.0	-1.0	0.0	TRUE	G	8.286951E-5	41.0	0.0060285702	0.9952876	29.417421	0.301618	0.08542855	57.0	0.0
SPIKE	S124:T>C	34	148327	2.2922327E-4	81.299355	40.0	TRUE	T	1.7154508E-4	130.0	0.003888278	0.9902696	105.16133	0.196493	0.11343032	57.0	0.0
SPIKE	S124:T>G	2	148327	1.3483722E-5	3.9120662	40.0	TRUE	T	1.1538926E-4	60.0	0.0047608106	0.9934444	90.81297	0.28662026	0.08739175	57.0	0.0
SPIKE	S124:T>A	1	148327	6.741861E-6	4.2596874	40.0	TRUE	T	3.306433E-5	2.0	0.010500899	0.9981171	19.215517	0.25793627	0.10292887	57.0	1.0
SPIKE	S125:G>A	38	148327	2.5619072E-4	115.640785	40.0	TRUE	G	6.574223E-5	55.0	0.004647142	0.9962597	91.523415	0.178125	0.11399336	57.0	0.0
SPIKE	S125:G>C	0	148327	0.0	-1.0	0.0	TRUE	G	5.5037934E-5	29.0	0.0049341465	0.9968678	53.598957	0.2828997	0.10232354	57.0	0.0
SPIKE	S125:G>T	0	148327	0.0	-1.0	0.0	TRUE	G	5.9458718E-5	4.0	0.0060285702	0.9966166	29.417421	0.301618	0.08542855	57.0	1.0
SPIKE	S126:C>T	52	148327	3.5057677E-4	143.39166	40.0	TRUE	C	1.4963966E-4	113.0	0.003464591	0.9915068	91.523415	0.19710414	0.11627634	57.0	0.0
SPIKE	S126:C>A	2	148327	1.3483722E-5	-1.0	40.0	TRUE	C	1.7517605E-5	15.0	0.016216334	0.999002	29.417421	0.17607757	0.13605224	57.0	0.0
SPIKE	S126:C>G	0	148327	0.0	-1.0	0.0	TRUE	C	8.819733E-5	47.0	0.0035065166	0.99498534	53.598957	0.27932084	0.25960782	57.0	0.0
SPIKE	S127:G>A	39	148327	2.6293256E-4	118.651085	40.0	TRUE	G	6.454691E-5	54.0	0.004647142	0.9963276	91.523415	0.178125	0.11399336	57.0	0.0
SPIKE	S127:G>C	0	148327	0.0	-1.0	0.0	TRUE	G	3.6059337E-5	19.0	0.0049341465	0.99794674	53.598957	0.2828997	0.10232354	57.0	0.0
SPIKE	S127:G>T	0	148327	0.0	-1.0	0.0	TRUE	G	5.9458718E-5	5.0	0.0060285702	0.9966166	29.417421	0.301618	0.08542855	57.0	1.0
SPIKE	S128:G>A	56	148327	3.775442E-4	174.5974	40.0	TRUE	G	8.247661E-5	69.0	0.004647142	0.9953099	91.523415	0.178125	0.11399336	57.0	0.0
SPIKE	S128:G>T	1	148327	6.741861E-6	4.2596874	40.0	TRUE	G	5.9458718E-5	3.0	0.0060285702	0.9966166	29.417421	0.301618	0.08542855	57.0	1.0
SPIKE	S128:G>C	0	148327	0.0	-1.0	0.0	TRUE	G	5.5037934E-5	29.0	0.0049341465	0.9968678	53.598957	0.2828997	0.10232354	57.0	0.0
SPIKE	S129:C>A	6	148325	4.0451712E-5	19.311188	40.0	TRUE	C	5.0217808E-5	43.0	0.016216334	0.99714166	29.417025	0.17607757	0.13605224	57.0	0.0
SPIKE	S129:C>T	49	148325	3.3035563E-4	134.66039	40.0	TRUE	C	1.2712921E-4	96.0	0.003464591	0.99277985	91.52218	0.19710414	0.11627634	57.0	0.0
SPIKE	S129:C>G	0	148325	0.0	-1.0	0.0	TRUE	C	8.819852E-5	47.0	0.0035065166	0.9949853	53.598232	0.27932084	0.25960782	57.0	0.0
SPIKE	D130-133:GGC>	1	148325	6.741952E-6	-1.0	39.99964	TRUE		NaN	NaN	NaN	NaN	NaN	NaN	NaN	NaN	NaN
SPIKE	S130:G>A	29	148325	1.9551661E-4	88.54809	40.0	TRUE	G	6.813377E-5	57.0	0.004647142	0.9961239	91.52218	0.178125	0.11399336	57.0	0.0
SPIKE	S130:G>C	1	148325	6.741952E-6	4.2596874	40.0	TRUE	G	3.7957707E-5	20.0	0.0049341465	0.99783874	53.598232	0.2828997	0.10232354	57.0	0.0
SPIKE	S130:G>T	2	148325	1.3483904E-5	7.269987	40.0	TRUE	G	5.9458718E-5	0.0	0.0060285702	0.9966166	29.417025	0.301618	0.08542855	57.0	1.0
SPIKE	S131:G>A	72	148325	4.8542052E-4	207.13927	40.0	TRUE	G	1.3507222E-4	113.0	0.004647142	0.99233043	91.52218	0.178125	0.11399336	57.0	0.0
SPIKE	S131:G>T	2	148325	1.3483904E-5	7.269987	40.0	TRUE	G	5.9458718E-5	1.0	0.0060285702	0.9966166	29.417025	0.301618	0.08542855	57.0	1.0
SPIKE	S131:G>C	0	148325	0.0	-1.0	0.0	TRUE	G	5.314079E-5	28.0	0.0049341465	0.99697554	53.598232	0.2828997	0.10232354	57.0	0.0
SPIKE	S132:C>A	1	148325	6.741952E-6	2.0412	40.0	TRUE	C	1.0977847E-4	94.0	0.016216334	0.99376214	29.417025	0.17607757	0.13605224	57.0	0.0
SPIKE	S132:C>T	68	148325	4.5845273E-4	195.3428	40.0	TRUE	C	1.1123806E-4	84.0	0.003464591	0.99367946	91.52218	0.19710414	0.11627634	57.0	0.0
SPIKE	S132:C>G	0	148325	0.0	-1.0	0.0	TRUE	C	3.1901593E-5	17.0	0.0035065166	0.99818325	53.598232	0.27932084	0.25960782	57.0	0.0
SPIKE	S133:A>G	15	148325	1.0112928E-4	46.403885	40.0	TRUE	A	6.647879E-5	57.0	0.0043895114	0.9962179	105.15991	0.17375334	0.11249617	57.0	0.0
SPIKE	S133:A>C	1	148325	6.741952E-6	0.09432235	40.0	TRUE	A	4.1676706E-4	828.0	0.009760621	0.97652423	90.811745	0.07539407	0.109884344	57.0	0.0
SPIKE	S133:A>T	1	148325	6.741952E-6	4.2596874	40.0	TRUE	A	3.4288183E-5	2.0	0.0085414145	0.9980475	19.215258	0.26695496	0.101485185	57.0	1.0
SPIKE	D133-136:AGC>	3	148325	2.0225856E-5	-1.0	39.99848	TRUE		NaN	NaN	NaN	NaN	NaN	NaN	NaN	NaN	NaN
SPIKE	S134:G>A	84	148325	5.663239E-4	242.60191	40.0	TRUE	G	1.1953293E-4	100.0	0.004647142	0.9932098	91.52218	0.178125	0.11399336	57.0	0.0
SPIKE	S134:G>C	12	148325	8.0903425E-5	28.819815	40.0	TRUE	G	1.00587924E-4	53.0	0.0049341465	0.9942829	53.598232	0.2828997	0.10232354	57.0	0.0
SPIKE	S134:G>T	0	148325	0.0	-1.0	0.0	TRUE	G	3.0318524E-5	15.0	0.0060285702	0.9982733	29.417025	0.301618	0.08542855	57.0	0.0
SPIKE	I135:>C	8	148325	5.3935615E-5	-1.0	39.996696	TRUE		NaN	NaN	NaN	NaN	NaN	NaN	NaN	NaN	NaN
SPIKE	S135:C>A	18	148325	1.2135513E-4	55.434788	40.0	TRUE	C	3.269997E-5	28.0	0.016216334	0.99813783	29.417025	0.17607757	0.13605224	57.0	0.0
SPIKE	S135:C>G	3	148325	2.0225856E-5	10.280287	40.0	TRUE	C	3.565472E-5	19.0	0.0035065166	0.99796975	53.598232	0.27932084	0.25960782	57.0	0.0
SPIKE	S135:C>T	133	148325	8.966796E-4	359.29312	40.0	TRUE	C	2.5028564E-4	189.0	0.003464591	0.985835	91.52218	0.19710414	0.11627634	57.0	0.0
SPIKE	D135-136:C>	10	148325	6.741952E-5	-1.0	39.996696	TRUE		NaN	NaN	NaN	NaN	NaN	NaN	NaN	NaN	NaN
SPIKE	S136:C>A	3	148325	2.0225856E-5	10.280287	40.0	TRUE	C	8.1749924E-5	70.0	0.016216334	0.9953511	29.417025	0.17607757	0.13605224	57.0	0.0
SPIKE	S136:C>G	2	148325	1.3483904E-5	7.269987	40.0	TRUE	C	3.7531285E-5	20.0	0.0035065166	0.997863	53.598232	0.27932084	0.25960782	57.0	0.0
SPIKE	S136:C>T	107	148325	7.2138885E-4	296.4451	40.0	TRUE	C	1.5891151E-4	120.0	0.003464591	0.99098295	91.52218	0.19710414	0.11627634	57.0	0.0
SPIKE	I137:>T	14	148311	9.439624E-5	-1.0	38.974083	TRUE		NaN	NaN	NaN	NaN	NaN	NaN	NaN	NaN	NaN
SPIKE	S137:T>G	12	148311	8.091106E-5	28.819815	39.5	TRUE	T	1.01938174E-4	53.0	0.0047608106	0.99420637	90.80318	0.28662026	0.08739175	57.0	0.0
SPIKE	S137:T>C	11	148311	7.416847E-5	26.1236	35.909092	TRUE	T	1.1217619E-4	85.0	0.003888278	0.99362636	105.14999	0.196493	0.11343032	57.0	0.0
SPIKE	D137-138:T>	37	148311	2.4947576E-4	-1.0	38.974083	TRUE		NaN	NaN	NaN	NaN	NaN	NaN	NaN	NaN	NaN
SPIKE	S137:T>A	0	148311	0.0	-1.0	0.0	TRUE	T	3.78597E-5	22.0	0.010500899	0.99784434	19.213446	0.25793627	0.10292887	57.0	0.0
SPIKE	D138-140:GA>	1	148311	6.742588E-6	-1.0	39.076286	TRUE		NaN	NaN	NaN	NaN	NaN	NaN	NaN	NaN	NaN
SPIKE	I138:>G	14	148311	9.439624E-5	-1.0	39.076286	TRUE		NaN	NaN	NaN	NaN	NaN	NaN	NaN	NaN	NaN
SPIKE	S138:G>A	29	148311	1.9553506E-4	67.5129	37.724136	TRUE	G	1.6138468E-4	135.0	0.004647142	0.99084324	91.51354	0.178125	0.11399336	57.0	0.0
SPIKE	S138:G>C	2	148311	1.3485176E-5	3.9120662	39.0	TRUE	G	1.017233E-4	6.0	0.0049341465	0.9942185	53.593174	0.2828997	0.10232354	57.0	1.0
SPIKE	D138-139:G>	32	148311	2.1576282E-4	-1.0	39.076286	TRUE		NaN	NaN	NaN	NaN	NaN	NaN	NaN	NaN	NaN
SPIKE	S138:G>T	0	148311	0.0	-1.0	0.0	TRUE	G	1.0107129E-4	50.0	0.0060285702	0.9942555	29.414248	0.301618	0.08542855	57.0	0.0
SPIKE	S139:A>G	7	148309	4.7198755E-5	22.321487	38.57143	TRUE	A	7.581733E-5	65.0	0.0043895114	0.9956877	105.14857	0.17375334	0.11249617	57.0	0.0
SPIKE	S139:A>C	1	148309	6.742679E-6	0.007959459	39.0	TRUE	A	6.690135E-4	1329.0	0.009760621	0.9625842	90.80195	0.07539407	0.109884344	57.0	0.0
SPIKE	S139:A>T	8	148309	5.3941432E-5	10.308654	38.875	TRUE	A	2.177233E-4	122.0	0.0085414145	0.9876665	19.213186	0.26695496	0.101485185	57.0	0.0
SPIKE	D139-140:A>	49	148309	3.3039128E-4	-1.0	38.6002	TRUE		NaN	NaN	NaN	NaN	NaN	NaN	NaN	NaN	NaN
SPIKE	D139-141:AT>	4	148309	2.6970716E-5	-1.0	38.6002	TRUE		NaN	NaN	NaN	NaN	NaN	NaN	NaN	NaN	NaN
SPIKE	I139:>A	7	148309	4.7198755E-5	-1.0	38.6002	TRUE		NaN	NaN	NaN	NaN	NaN	NaN	NaN	NaN	NaN
SPIKE	I140:>T	37	148307	2.494825E-4	-1.0	38.852062	TRUE		NaN	NaN	NaN	NaN	NaN	NaN	NaN	NaN	NaN
SPIKE	D140-142:TT>	10	148307	6.74277E-5	-1.0	38.852062	TRUE		NaN	NaN	NaN	NaN	NaN	NaN	NaN	NaN	NaN
SPIKE	D140-143:TTA>	2	148307	1.348554E-5	-1.0	38.852062	TRUE		NaN	NaN	NaN	NaN	NaN	NaN	NaN	NaN	NaN
SPIKE	S140:T>A	1	148307	6.74277E-6	2.0412	38.0	TRUE	T	1.3767535E-4	80.0	0.010500899	0.9921832	19.212927	0.25793627	0.10292887	57.0	0.0
SPIKE	S140:T>G	5	148307	3.371385E-5	16.300888	39.8	TRUE	T	6.154924E-5	32.0	0.0047608106	0.99649787	90.80073	0.28662026	0.08739175	57.0	0.0
SPIKE	S140:T>C	3	148307	2.022831E-5	10.280287	36.0	TRUE	T	3.827291E-5	29.0	0.003888278	0.9978208	105.14715	0.196493	0.11343032	57.0	0.0
SPIKE	D140-141:T>	134	148307	9.035312E-4	-1.0	38.852062	TRUE		NaN	NaN	NaN	NaN	NaN	NaN	NaN	NaN	NaN
SPIKE	I141:>GAT	1	148290	6.743543E-6	-1.0	39.123806	TRUE		NaN	NaN	NaN	NaN	NaN	NaN	NaN	NaN	NaN
SPIKE	S141:T>G	11	148290	7.417898E-5	26.1236	39.090908	TRUE	T	9.4258074E-5	49.0	0.0047608106	0.9946417	90.79032	0.28662026	0.08739175	57.0	0.0
SPIKE	S141:T>C	3	148290	2.023063E-5	10.280287	39.0	TRUE	T	5.8075897E-5	44.0	0.003888278	0.99669516	105.13509	0.196493	0.11343032	57.0	0.0
SPIKE	S141:T>A	0	148290	0.0	-1.0	0.0	TRUE	T	3.9069858E-4	227.0	0.010500899	0.9779763	19.210724	0.25793627	0.10292887	57.0	0.0
SPIKE	S142:A>G	1	148265	6.74468E-6	0.05119444	37.0	TRUE	A	4.5620571E-4	391.0	0.0043895114	0.97433144	105.11737	0.17375334	0.11249617	57.0	0.0
SPIKE	S142:A>T	7	148265	4.721276E-5	6.3054132	38.857143	TRUE	A	2.8383834E-4	159.0	0.0085414145	0.9839514	19.207485	0.26695496	0.101485185	57.0	0.0
SPIKE	D142-143:A>	63	148265	4.2491485E-4	-1.0	38.751667	TRUE		NaN	NaN	NaN	NaN	NaN	NaN	NaN	NaN	NaN
SPIKE	I142:>A	11	148265	7.4191485E-5	-1.0	38.751667	TRUE		NaN	NaN	NaN	NaN	NaN	NaN	NaN	NaN	NaN
SPIKE	I142:>GATT	1	148265	6.74468E-6	-1.0	38.751667	TRUE		NaN	NaN	NaN	NaN	NaN	NaN	NaN	NaN	NaN
SPIKE	D142-145:AGC>	2	148265	1.348936E-5	-1.0	38.751667	TRUE		NaN	NaN	NaN	NaN	NaN	NaN	NaN	NaN	NaN
SPIKE	S142:A>C	0	148265	0.0	-1.0	0.0	TRUE	A	1.0524102E-4	209.0	0.009760621	0.9940192	90.77501	0.07539407	0.109884344	57.0	0.0
SPIKE	I143:>G	10	148250	6.745363E-5	-1.0	39.05721	TRUE		NaN	NaN	NaN	NaN	NaN	NaN	NaN	NaN	NaN
SPIKE	S143:G>A	25	148250	1.6863407E-4	43.893612	35.68	TRUE	G	3.0855098E-4	258.0	0.004647142	0.98256636	91.4759	0.178125	0.11399336	57.0	0.0
SPIKE	S143:G>C	3	148250	2.0236088E-5	0.031224845	38.0	TRUE	G	7.975151E-4	420.0	0.0049341465	0.9555594	53.571133	0.2828997	0.10232354	57.0	0.0
SPIKE	D143-144:G>	60	148250	4.0472177E-4	-1.0	39.05721	TRUE		NaN	NaN	NaN	NaN	NaN	NaN	NaN	NaN	NaN
SPIKE	D143-145:GC>	8	148250	5.39629E-5	-1.0	39.05721	TRUE		NaN	NaN	NaN	NaN	NaN	NaN	NaN	NaN	NaN
SPIKE	S143:G>T	0	148250	0.0	-1.0	0.0	TRUE	G	3.6400634E-5	18.0	0.0060285702	0.9979273	29.40215	0.301618	0.08542855	57.0	0.0
SPIKE	I144:>C	76	148241	5.126787E-4	-1.0	39.106266	TRUE		NaN	NaN	NaN	NaN	NaN	NaN	NaN	NaN	NaN
SPIKE	S144:C>G	3	148241	2.0237316E-5	0.3809712	38.0	TRUE	C	4.6752926E-4	249.0	0.0035065166	0.9737028	53.56788	0.27932084	0.25960782	57.0	0.0
SPIKE	S144:C>A	1	148241	6.745772E-6	4.2596874	31.0	TRUE	C	3.0381463E-5	26.0	0.016216334	0.99826974	29.400364	0.17607757	0.13605224	57.0	0.0
SPIKE	S144:C>T	32	148241	2.1586471E-4	75.76293	37.875	TRUE	C	1.9345191E-4	146.0	0.003464591	0.9890338	91.470345	0.19710414	0.11627634	57.0	0.0
SPIKE	D144-145:C>	155	148241	0.0010455947	-1.0	39.106266	TRUE		NaN	NaN	NaN	NaN	NaN	NaN	NaN	NaN	NaN
SPIKE	S145:C>G	1	148211	6.7471374E-6	1.0720997	40.0	TRUE	C	1.6902068E-4	90.0	0.0035065166	0.99041206	53.557037	0.27932084	0.25960782	57.0	0.0
SPIKE	S145:C>A	1	148211	6.7471374E-6	-1.0	38.0	TRUE	C	1.9868823E-5	17.0	0.016216334	0.9988681	29.394415	0.17607757	0.13605224	57.0	0.0
SPIKE	S145:C>T	29	148211	1.9566699E-4	67.5129	37.172413	TRUE	C	1.8818994E-4	142.0	0.003464591	0.98933053	91.451836	0.19710414	0.11627634	57.0	0.0
SPIKE	S146:C>T	39	148168	2.6321472E-4	79.196175	38.0	TRUE	C	3.035775E-4	229.0	0.003464591	0.98284495	91.4253	0.19710414	0.11627634	57.0	0.0
SPIKE	S146:C>A	0	148168	0.0	-1.0	0.0	TRUE	C	3.2734617E-5	28.0	0.016216334	0.99813586	29.385887	0.17607757	0.13605224	57.0	0.0
SPIKE	S146:C>G	0	148168	0.0	-1.0	0.0	TRUE	C	0.0010294468	548.0	0.0035065166	0.9430099	53.5415	0.27932084	0.25960782	57.0	0.0
SPIKE	S147:G>A	30	148069	2.0260824E-4	79.47218	37.733334	TRUE	G	1.4009532E-4	117.0	0.004647142	0.99204636	91.36422	0.178125	0.11399336	57.0	0.0
SPIKE	S147:G>C	1	148069	6.753608E-6	0.004243229	37.0	TRUE	G	7.3385035E-4	386.0	0.0049341465	0.9590333	53.505726	0.2828997	0.10232354	57.0	0.0
SPIKE	S147:G>T	0	148069	0.0	-1.0	0.0	TRUE	G	0.0011399226	563.0	0.0060285702	0.93709034	29.366253	0.301618	0.08542855	57.0	0.0
SPIKE	S148:T>G	9	147979	6.0819442E-5	0.0016691042	38.11111	TRUE	T	0.0018312931	950.0	0.0047608106	0.90087956	90.59991	0.28662026	0.08739175	57.0	0.0
SPIKE	S148:T>C	8	147979	5.4061726E-5	13.595069	36.125	TRUE	T	1.9840211E-4	150.0	0.003888278	0.9887548	104.914604	0.196493	0.11343032	57.0	0.0
SPIKE	S148:T>A	0	147979	0.0	-1.0	0.0	TRUE	T	3.306433E-5	1.0	0.010500899	0.9981171	19.170435	0.25793627	0.10292887	57.0	1.0
SPIKE	S149:G>A	23	147884	1.555273E-4	51.26076	36.782608	TRUE	G	1.750385E-4	146.0	0.004647142	0.9900724	91.25007	0.178125	0.11399336	57.0	0.0
SPIKE	S149:G>C	1	147884	6.7620567E-6	4.763044E-5	34.0	TRUE	G	0.0011706802	615.0	0.0049341465	0.9354489	53.438877	0.2828997	0.10232354	57.0	0.0
SPIKE	S149:G>T	0	147884	0.0	-1.0	0.0	TRUE	G	8.9199544E-4	440.0	0.0060285702	0.9504272	29.329561	0.301618	0.08542855	57.0	0.0
SPIKE	S150:C>A	0	147691	0.0	-1.0	0.0	TRUE	C	1.876591E-5	16.0	0.016216334	0.99893093	29.291285	0.17607757	0.13605224	57.0	0.0
SPIKE	S150:C>G	0	147691	0.0	-1.0	0.0	TRUE	C	9.762331E-4	518.0	0.0035065166	0.9458746	53.369133	0.27932084	0.25960782	57.0	0.0
SPIKE	S150:C>T	0	147691	0.0	-1.0	0.0	TRUE	C	0.0010067702	757.0	0.003464591	0.9442296	91.130974	0.19710414	0.11627634	57.0	0.0
SPIKE	S151:T>A	0	147545	0.0	-1.0	0.0	TRUE	T	3.306433E-5	3.0	0.010500899	0.9981171	19.11421	0.25793627	0.10292887	57.0	1.0
SPIKE	S151:T>G	0	147545	0.0	-1.0	0.0	TRUE	T	0.0015505445	802.0	0.0047608106	0.915412	90.33419	0.28662026	0.08739175	57.0	0.0
SPIKE	S151:T>C	0	147545	0.0	-1.0	0.0	TRUE	T	8.3971967E-4	633.0	0.003888278	0.9532634	104.6069	0.196493	0.11343032	57.0	0.0
SPIKE	S152:G>A	0	147401	0.0	-1.0	0.0	TRUE	G	1.1787659E-4	98.0	0.004647142	0.99330354	90.952034	0.178125	0.11399336	57.0	0.0
SPIKE	S152:G>C	0	147401	0.0	-1.0	0.0	TRUE	G	3.6285866E-5	19.0	0.0049341465	0.99793386	53.26434	0.2828997	0.10232354	57.0	0.0
SPIKE	S152:G>T	0	147401	0.0	-1.0	0.0	TRUE	G	8.3390117E-4	410.0	0.0060285702	0.9535796	29.233768	0.301618	0.08542855	57.0	0.0
SPIKE	S153:G>A	0	146983	0.0	-1.0	0.0	TRUE	G	7.116834E-5	59.0	0.004647142	0.9959516	90.694115	0.178125	0.11399336	57.0	0.0
SPIKE	S153:G>C	0	146983	0.0	-1.0	0.0	TRUE	G	1.017233E-4	9.0	0.0049341465	0.9942185	53.113293	0.2828997	0.10232354	57.0	1.0
SPIKE	S153:G>T	0	146983	0.0	-1.0	0.0	TRUE	G	3.4674722E-5	17.0	0.0060285702	0.9980255	29.150867	0.301618	0.08542855	57.0	0.0
