#pipeline_block
reference	mutation	count	coverage	freq	score	cqs	has.reference	ancestral.allele	error.rate	minor.count.local	minor.fdr	minor.recall	minor.count.global	read.fraction.in.minors	q.filtered.read.fraction	mig.size	global.est
SPIKE	S0:T>A	0	126792	0.0	-1.0	0.0	TRUE	T	6.712013E-5	137.0	0.0064217774	0.9936439	147.60895	0.06252043	0.008865055	95.0	0.0
SPIKE	S0:T>G	0	126792	0.0	-1.0	0.0	TRUE	T	1.5984175E-5	48.0	0.002539756	0.99848264	433.33493	0.042329706	0.010681565	95.0	0.0
SPIKE	S0:T>C	0	126792	0.0	-1.0	0.0	TRUE	T	4.3442633E-4	998.0	0.004386019	0.9595695	1039.9545	0.055435307	0.015540419	95.0	0.0
SPIKE	S1:A>G	0	126889	0.0	-1.0	0.0	TRUE	A	3.6379558E-4	878.0	0.0042683478	0.9660298	1040.75	0.052801292	0.011242797	95.0	0.0
SPIKE	S1:A>C	0	126889	0.0	-1.0	0.0	TRUE	A	1.551328E-5	32.0	0.0050923345	0.99852735	433.66644	0.061829377	0.021005323	95.0	0.0
SPIKE	S1:A>T	0	126889	0.0	-1.0	0.0	TRUE	A	1.05661944E-4	206.0	0.0063608713	0.99001235	147.72186	0.06550081	0.013280973	95.0	0.0
SPIKE	S2:G>A	0	126988	0.0	-1.0	0.0	TRUE	G	2.2771963E-4	512.0	0.006144818	0.97859895	469.38766	0.05682901	0.014227535	95.0	0.0
SPIKE	S2:G>C	0	126988	0.0	-1.0	0.0	TRUE	G	1.613127E-5	46.0	0.003439145	0.9984687	329.19952	0.044685803	0.0117735965	95.0	0.0
SPIKE	S2:G>T	0	126988	0.0	-1.0	0.0	TRUE	G	1.1243048E-5	29.0	0.0043832706	0.9989325	172.24043	0.049448892	0.011630583	95.0	0.0
SPIKE	S3:C>A	0	127112	0.0	-1.0	0.0	TRUE	C	1.32395535E-5	24.0	0.0068750903	0.99874306	172.40862	0.070606515	0.017091176	95.0	0.0
SPIKE	S3:C>G	0	127112	0.0	-1.0	0.0	TRUE	C	7.306191E-5	202.0	0.0039032854	0.9930832	329.52097	0.046155628	0.008770326	95.0	0.0
SPIKE	S3:C>T	0	127112	0.0	-1.0	0.0	TRUE	C	2.488609E-4	562.0	0.0050457246	0.9766355	469.846	0.05657229	0.012856085	95.0	0.0
SPIKE	S4:G>A	36	127258	2.8288987E-4	96.79472	39.75	TRUE	G	1.6155094E-4	364.0	0.006144818	0.9847698	470.38568	0.05682901	0.014227535	95.0	0.0
SPIKE	S4:G>C	5	127258	3.9290262E-5	16.300888	39.8	TRUE	G	5.6689587E-5	162.0	0.003439145	0.99462897	329.89944	0.044685803	0.0117735965	95.0	0.0
SPIKE	S4:G>T	0	127258	0.0	-1.0	0.0	TRUE	G	2.205152E-5	57.0	0.0043832706	0.9979073	172.60664	0.049448892	0.011630583	95.0	0.0
SPIKE	S5:T>A	6	127337	4.711906E-5	-1.0	39.833332	TRUE	T	1.3659269E-5	28.0	0.0064217774	0.9987032	148.24342	0.06252043	0.008865055	95.0	0.0
SPIKE	S5:T>G	1	127337	7.853177E-6	4.2596874	40.0	TRUE	T	7.9910395E-5	241.0	0.002539756	0.99243724	435.19757	0.042329706	0.010681565	95.0	0.0
SPIKE	S5:T>C	13	127337	1.02091304E-4	6.3435297	39.615383	TRUE	T	6.8179145E-4	1573.0	0.004386019	0.93728286	1044.4246	0.055435307	0.015540419	95.0	0.0
SPIKE	I6:>G	1	127403	7.849108E-6	-1.0	39.882717	TRUE		NaN	NaN	NaN	NaN	NaN	NaN	NaN	NaN	NaN
SPIKE	S6:G>A	33	127403	2.590206E-4	88.11774	39.39394	TRUE	G	1.4718095E-4	332.0	0.006144818	0.9861151	470.92166	0.05682901	0.014227535	95.0	0.0
SPIKE	S6:G>C	2	127403	1.5698217E-5	3.9120662	40.0	TRUE	G	1.154436E-4	3.0	0.003439145	0.98909277	330.27533	0.044685803	0.0117735965	95.0	1.0
SPIKE	S6:G>T	0	127403	0.0	-1.0	0.0	TRUE	G	5.5645698E-5	144.0	0.0043832706	0.9947276	172.80331	0.049448892	0.011630583	95.0	0.0
SPIKE	S7:A>G	7	127451	5.4923068E-5	1.8890414	39.285713	TRUE	A	6.117652E-4	1483.0	0.0042683478	0.9435389	1045.3596	0.052801292	0.011242797	95.0	0.0
SPIKE	S7:A>C	15	127451	1.1769229E-4	-1.0	40.0	TRUE	A	1.3996917E-5	29.0	0.0050923345	0.9986712	435.5872	0.061829377	0.021005323	95.0	0.0
SPIKE	S7:A>T	5	127451	3.9230763E-5	16.300888	40.0	TRUE	A	5.3108673E-5	104.0	0.0063608713	0.9949674	148.37613	0.06550081	0.013280973	95.0	0.0
SPIKE	D7-8:A>	103	127451	8.081537E-4	-1.0	39.721085	TRUE		NaN	NaN	NaN	NaN	NaN	NaN	NaN	NaN	NaN
SPIKE	I7:>A	1	127451	7.846153E-6	-1.0	39.721085	TRUE		NaN	NaN	NaN	NaN	NaN	NaN	NaN	NaN	NaN
SPIKE	S8:A>G	10	127462	7.845475E-5	4.370724	39.4	TRUE	A	6.58323E-4	1596.0	0.0042683478	0.93937486	1045.4498	0.052801292	0.011242797	95.0	0.0
SPIKE	S8:A>C	12	127462	9.4145704E-5	-1.0	39.666668	TRUE	A	1.8821816E-5	39.0	0.0050923345	0.9982135	435.6248	0.061829377	0.021005323	95.0	0.0
SPIKE	S8:A>T	5	127462	3.9227376E-5	-1.0	40.0	TRUE	A	1.9914034E-5	39.0	0.0063608713	0.99810994	148.38895	0.06550081	0.013280973	95.0	0.0
SPIKE	S9:G>A	33	127465	2.588946E-4	88.11774	39.515152	TRUE	G	1.5951619E-4	360.0	0.006144818	0.9849602	471.15082	0.05682901	0.014227535	95.0	0.0
SPIKE	S9:G>C	1	127465	7.845291E-6	2.0412	40.0	TRUE	G	1.154436E-4	0.0	0.003439145	0.98909277	330.43607	0.044685803	0.0117735965	95.0	1.0
SPIKE	S9:G>T	2	127465	1.5690583E-5	-1.0	37.5	TRUE	G	8.497291E-6	22.0	0.0043832706	0.9991931	172.8874	0.049448892	0.011630583	95.0	0.0
SPIKE	D9-10:G>	40	127465	3.1381164E-4	-1.0	39.89222	TRUE		NaN	NaN	NaN	NaN	NaN	NaN	NaN	NaN	NaN
SPIKE	D9-11:GA>	15	127465	1.1767936E-4	-1.0	39.89222	TRUE		NaN	NaN	NaN	NaN	NaN	NaN	NaN	NaN	NaN
SPIKE	S10:A>G	11	127466	8.629752E-5	5.409656	38.0	TRUE	A	6.133431E-4	1487.0	0.0042683478	0.94339746	1045.4827	0.052801292	0.011242797	95.0	0.0
SPIKE	S10:A>C	10	127466	7.845229E-5	-1.0	39.9	TRUE	A	3.23339E-5	67.0	0.0050923345	0.996933	435.63846	0.061829377	0.021005323	95.0	0.0
SPIKE	S10:A>T	2	127466	1.5690459E-5	-1.0	38.5	TRUE	A	1.9402809E-5	38.0	0.0063608713	0.99815845	148.3936	0.06550081	0.013280973	95.0	0.0
SPIKE	D10-11:A>	45	127466	3.530353E-4	-1.0	39.697323	TRUE		NaN	NaN	NaN	NaN	NaN	NaN	NaN	NaN	NaN
SPIKE	D10-12:AC>	6	127466	4.7071375E-5	-1.0	39.697323	TRUE		NaN	NaN	NaN	NaN	NaN	NaN	NaN	NaN	NaN
SPIKE	I11:>C	1	127466	7.845229E-6	-1.0	39.82836	TRUE		NaN	NaN	NaN	NaN	NaN	NaN	NaN	NaN	NaN
SPIKE	S11:C>G	1	127466	7.845229E-6	-1.0	39.0	TRUE	C	1.9477158E-5	54.0	0.0039032854	0.99815136	330.43866	0.046155628	0.008770326	95.0	0.0
SPIKE	S11:C>T	29	127466	2.2751166E-4	67.5129	39.62069	TRUE	C	1.7751643E-4	402.0	0.0050457246	0.9832773	471.1545	0.05657229	0.012856085	95.0	0.0
SPIKE	D11-12:C>	37	127466	2.9027349E-4	-1.0	39.82836	TRUE		NaN	NaN	NaN	NaN	NaN	NaN	NaN	NaN	NaN
SPIKE	S11:C>A	0	127466	0.0	-1.0	0.0	TRUE	C	8.141717E-5	148.0	0.0068750903	0.9922952	172.88876	0.070606515	0.017091176	95.0	0.0
SPIKE	S12:G>A	48	127469	3.7656215E-4	120.6484	39.604168	TRUE	G	1.750192E-4	395.0	0.006144818	0.9835106	471.1656	0.05682901	0.014227535	95.0	0.0
SPIKE	S12:G>C	1	127469	7.845045E-6	4.2596874	40.0	TRUE	G	4.8560552E-5	139.0	0.003439145	0.9953974	330.44644	0.044685803	0.0117735965	95.0	0.0
SPIKE	S12:G>T	2	127469	1.569009E-5	-1.0	40.0	TRUE	G	7.724568E-6	20.0	0.0043832706	0.99926645	172.89284	0.049448892	0.011630583	95.0	0.0
SPIKE	D12-13:G>	56	127469	4.393225E-4	-1.0	39.75813	TRUE		NaN	NaN	NaN	NaN	NaN	NaN	NaN	NaN	NaN
SPIKE	S13:A>G	8	127469	6.276036E-5	5.998918	39.0	TRUE	A	4.1328536E-4	1002.0	0.0042683478	0.9614987	1045.5072	0.052801292	0.011242797	95.0	0.0
SPIKE	S13:A>C	12	127469	9.414054E-5	-1.0	38.833332	TRUE	A	2.7024713E-5	56.0	0.0050923345	0.9974359	435.6487	0.061829377	0.021005323	95.0	0.0
SPIKE	S13:A>T	1	127469	7.845045E-6	4.2596874	39.0	TRUE	A	8.833176E-5	173.0	0.0063608713	0.9916436	148.3971	0.06550081	0.013280973	95.0	0.0
SPIKE	D13-14:A>	31	127469	2.4319638E-4	-1.0	39.722153	TRUE		NaN	NaN	NaN	NaN	NaN	NaN	NaN	NaN	NaN
SPIKE	I13:>A	2	127469	1.569009E-5	-1.0	39.722153	TRUE		NaN	NaN	NaN	NaN	NaN	NaN	NaN	NaN	NaN
SPIKE	D14-16:CA>	2	127469	1.569009E-5	-1.0	39.872784	TRUE		NaN	NaN	NaN	NaN	NaN	NaN	NaN	NaN	NaN
SPIKE	S14:C>G	4	127469	3.138018E-5	8.284564	40.0	TRUE	C	1.1918529E-4	7.0	0.0039032854	0.9887413	330.44644	0.046155628	0.008770326	95.0	1.0
SPIKE	S14:C>T	34	127469	2.667315E-4	103.59959	39.47059	TRUE	C	9.847073E-5	223.0	0.0050457246	0.9906889	471.1656	0.05657229	0.012856085	95.0	0.0
SPIKE	D14-15:C>	44	127469	3.4518196E-4	-1.0	39.872784	TRUE		NaN	NaN	NaN	NaN	NaN	NaN	NaN	NaN	NaN
SPIKE	S14:C>A	0	127469	0.0	-1.0	0.0	TRUE	C	9.4067625E-5	171.0	0.0068750903	0.9911034	172.89284	0.070606515	0.017091176	95.0	0.0
SPIKE	S15:A>G	5	127469	3.9225222E-5	0.37226248	37.6	TRUE	A	7.717135E-4	1871.0	0.0042683478	0.92931014	1045.5072	0.052801292	0.011242797	95.0	0.0
SPIKE	S15:A>C	14	127469	1.09830624E-4	43.393585	39.642857	TRUE	A	1.0086009E-4	209.0	0.0050923345	0.99046403	435.6487	0.061829377	0.021005323	95.0	0.0
SPIKE	S15:A>T	1	127469	7.845045E-6	4.2596874	40.0	TRUE	A	7.199294E-5	141.0	0.0063608713	0.99318403	148.3971	0.06550081	0.013280973	95.0	0.0
SPIKE	D15-16:A>	50	127469	3.9225223E-4	-1.0	39.566372	TRUE		NaN	NaN	NaN	NaN	NaN	NaN	NaN	NaN	NaN
SPIKE	I15:>A	2	127469	1.569009E-5	-1.0	39.566372	TRUE		NaN	NaN	NaN	NaN	NaN	NaN	NaN	NaN	NaN
SPIKE	S16:G>A	31	127469	2.4319638E-4	82.3502	39.80645	TRUE	G	1.7103142E-4	386.0	0.006144818	0.9838833	471.1656	0.05682901	0.014227535	95.0	0.0
SPIKE	S16:G>T	1	127469	7.845045E-6	-1.0	40.0	TRUE	G	5.4071975E-6	14.0	0.0043832706	0.99948645	172.89284	0.049448892	0.011630583	95.0	0.0
SPIKE	S16:G>C	3	127469	2.3535134E-5	6.0206	40.0	TRUE	G	1.154436E-4	6.0	0.003439145	0.98909277	330.44644	0.044685803	0.0117735965	95.0	1.0
SPIKE	D16-17:G>	34	127469	2.667315E-4	-1.0	39.89665	TRUE		NaN	NaN	NaN	NaN	NaN	NaN	NaN	NaN	NaN
SPIKE	D16-18:GA>	8	127469	6.276036E-5	-1.0	39.89665	TRUE		NaN	NaN	NaN	NaN	NaN	NaN	NaN	NaN	NaN
SPIKE	S17:A>G	11	127469	8.629549E-5	6.7779837	39.454544	TRUE	A	5.696079E-4	1381.0	0.0042683478	0.9473253	1045.5072	0.052801292	0.011242797	95.0	0.0
SPIKE	S17:A>T	3	127469	2.3535134E-5	10.280287	39.0	TRUE	A	9.496941E-5	186.0	0.0063608713	0.9910185	148.3971	0.06550081	0.013280973	95.0	0.0
SPIKE	S17:A>C	14	127469	1.09830624E-4	-1.0	39.785713	TRUE	A	1.0616852E-5	22.0	0.0050923345	0.9989919	435.6487	0.061829377	0.021005323	95.0	0.0
SPIKE	D17-18:A>	105	127469	8.237297E-4	-1.0	39.691494	TRUE		NaN	NaN	NaN	NaN	NaN	NaN	NaN	NaN	NaN
SPIKE	I17:>A	2	127469	1.569009E-5	-1.0	39.691494	TRUE		NaN	NaN	NaN	NaN	NaN	NaN	NaN	NaN	NaN
SPIKE	D17-19:AA>	2	127469	1.569009E-5	-1.0	39.691494	TRUE		NaN	NaN	NaN	NaN	NaN	NaN	NaN	NaN	NaN
SPIKE	S18:A>G	4	127469	3.138018E-5	0.4730946	39.75	TRUE	A	6.0920406E-4	1477.0	0.0042683478	0.9437685	1045.5072	0.052801292	0.011242797	95.0	0.0
SPIKE	S18:A>C	17	127469	1.3336576E-4	-1.0	39.82353	TRUE	A	2.7507296E-5	57.0	0.0050923345	0.9973902	435.6487	0.061829377	0.021005323	95.0	0.0
SPIKE	S18:A>T	0	127469	0.0	-1.0	0.0	TRUE	A	8.679999E-6	17.0	0.0063608713	0.9991757	148.3971	0.06550081	0.013280973	95.0	0.0
SPIKE	S19:C>G	6	127469	4.707027E-5	-1.0	40.0	TRUE	C	4.688835E-6	13.0	0.0039032854	0.99955463	330.44644	0.046155628	0.008770326	95.0	0.0
SPIKE	S19:C>T	24	127469	1.8828108E-4	62.301826	39.833332	TRUE	C	1.2452352E-4	282.0	0.0050457246	0.98823994	471.1656	0.05657229	0.012856085	95.0	0.0
SPIKE	D19-20:C>	5	127469	3.9225222E-5	-1.0	39.752552	TRUE		NaN	NaN	NaN	NaN	NaN	NaN	NaN	NaN	NaN
SPIKE	S19:C>A	0	127469	0.0	-1.0	0.0	TRUE	C	7.921484E-5	144.0	0.0068750903	0.9925028	172.89284	0.070606515	0.017091176	95.0	0.0
SPIKE	S20:C>G	33	127469	2.588865E-4	88.11774	39.636364	TRUE	C	1.1918529E-4	2.0	0.0039032854	0.9887413	330.44644	0.046155628	0.008770326	95.0	1.0
SPIKE	S20:C>T	20	127469	1.5690089E-4	50.97615	39.65	TRUE	C	1.5455048E-4	350.0	0.0050457246	0.98542494	471.1656	0.05657229	0.012856085	95.0	0.0
SPIKE	S20:C>A	0	127469	0.0	-1.0	0.0	TRUE	C	2.4204535E-5	44.0	0.0068750903	0.9977032	172.89284	0.070606515	0.017091176	95.0	0.0
SPIKE	S21:A>G	23	127469	1.8043602E-4	30.28422	39.695652	TRUE	A	4.5700616E-4	1108.0	0.0042683478	0.9575134	1045.5072	0.052801292	0.011242797	95.0	0.0
SPIKE	S21:A>C	11	127469	8.629549E-5	34.362686	39.81818	TRUE	A	9.6999414E-5	201.0	0.0050923345	0.9908274	435.6487	0.061829377	0.021005323	95.0	0.0
SPIKE	S21:A>T	0	127469	0.0	-1.0	0.0	TRUE	A	7.5567055E-5	148.0	0.0063608713	0.99284685	148.3971	0.06550081	0.013280973	95.0	0.0
SPIKE	S22:A>G	127459	127469	0.99992156	9999.0	39.963676	TRUE	G	4.3123038E-4	0.0	0.0042683478	0.9598609	1045.5072	0.052801292	0.011242797	95.0	1.0
SPIKE	S22:A>C	0	127469	0.0	-1.0	0.0	TRUE	G	1.4477525E-5	30.0	0.0050923345	0.9986256	435.6487	0.061829377	0.021005323	95.0	0.0
SPIKE	S22:A>T	0	127469	0.0	-1.0	0.0	TRUE	G	7.576981E-5	0.0	0.0063608713	0.9928277	148.3971	0.06550081	0.013280973	95.0	1.0
SPIKE	S23:A>C	127459	127469	0.99992156	9999.0	39.963573	TRUE	C	2.1023717E-4	0.0	0.0050923345	0.9802256	435.6487	0.061829377	0.021005323	95.0	1.0
SPIKE	S23:A>G	0	127469	0.0	-1.0	0.0	TRUE	C	5.5682158E-5	135.0	0.0042683478	0.99472415	1045.5072	0.052801292	0.011242797	95.0	0.0
SPIKE	S23:A>T	0	127469	0.0	-1.0	0.0	TRUE	C	7.576981E-5	0.0	0.0063608713	0.9928277	148.3971	0.06550081	0.013280973	95.0	1.0
SPIKE	S24:A>G	0	127469	0.0	-1.0	0.0	TRUE	A	4.3123038E-4	0.0	0.0042683478	0.9598609	1045.5072	0.052801292	0.011242797	95.0	1.0
SPIKE	S24:A>C	0	127469	0.0	-1.0	0.0	TRUE	A	6.4183696E-5	133.0	0.0050923345	0.9939211	435.6487	0.061829377	0.021005323	95.0	0.0
SPIKE	S24:A>T	0	127469	0.0	-1.0	0.0	TRUE	A	7.576981E-5	0.0	0.0063608713	0.9928277	148.3971	0.06550081	0.013280973	95.0	1.0
SPIKE	S25:A>G	0	127469	0.0	-1.0	0.0	TRUE	A	4.3123038E-4	0.0	0.0042683478	0.9598609	1045.5072	0.052801292	0.011242797	95.0	1.0
SPIKE	S25:A>C	0	127469	0.0	-1.0	0.0	TRUE	A	2.1023717E-4	0.0	0.0050923345	0.9802256	435.6487	0.061829377	0.021005323	95.0	1.0
SPIKE	S25:A>T	0	127469	0.0	-1.0	0.0	TRUE	A	1.5828235E-5	31.0	0.0063608713	0.9984974	148.3971	0.06550081	0.013280973	95.0	0.0
SPIKE	S26:T>A	1	127469	7.845045E-6	4.2596874	39.0	TRUE	T	7.992144E-5	164.0	0.0064217774	0.99243623	148.3971	0.06252043	0.008865055	95.0	0.0
SPIKE	S26:T>C	15	127469	1.1767567E-4	17.695948	39.666668	TRUE	T	3.9141846E-4	904.0	0.004386019	0.9634981	1045.5072	0.055435307	0.015540419	95.0	0.0
SPIKE	S26:T>G	0	127469	0.0	-1.0	0.0	TRUE	T	2.4511392E-5	74.0	0.002539756	0.9976741	435.6487	0.042329706	0.010681565	95.0	0.0
SPIKE	S27:G>A	19	127469	1.4905585E-4	48.1648	39.42105	TRUE	G	1.2450734E-4	281.0	0.006144818	0.9882415	471.1656	0.05682901	0.014227535	95.0	0.0
SPIKE	S27:G>T	1	127469	7.845045E-6	4.2596874	40.0	TRUE	G	5.909294E-5	153.0	0.0043832706	0.9944019	172.89284	0.049448892	0.011630583	95.0	0.0
SPIKE	D27-28:G>	2	127469	1.569009E-5	-1.0	39.888924	TRUE		NaN	NaN	NaN	NaN	NaN	NaN	NaN	NaN	NaN
SPIKE	S27:G>C	0	127469	0.0	-1.0	0.0	TRUE	G	1.154436E-4	2.0	0.003439145	0.98909277	330.44644	0.044685803	0.0117735965	95.0	1.0
SPIKE	S28:G>A	12	127469	9.414054E-5	28.819815	38.583332	TRUE	G	1.4001537E-4	316.0	0.006144818	0.9867866	471.1656	0.05682901	0.014227535	95.0	0.0
SPIKE	S28:G>T	3	127469	2.3535134E-5	-1.0	38.666668	TRUE	G	6.9521107E-6	18.0	0.0043832706	0.99933976	172.89284	0.049448892	0.011630583	95.0	0.0
SPIKE	S28:G>C	0	127469	0.0	-1.0	0.0	TRUE	G	4.1922776E-6	12.0	0.003439145	0.99960184	330.44644	0.044685803	0.0117735965	95.0	0.0
SPIKE	S29:G>A	14	127469	1.09830624E-4	34.27314	39.857143	TRUE	G	1.621697E-4	366.0	0.006144818	0.98471195	471.1656	0.05682901	0.014227535	95.0	0.0
SPIKE	S29:G>T	1	127469	7.845045E-6	-1.0	40.0	TRUE	G	4.248512E-6	11.0	0.0043832706	0.9995965	172.89284	0.049448892	0.011630583	95.0	0.0
SPIKE	S29:G>C	0	127469	0.0	-1.0	0.0	TRUE	G	3.4935647E-6	10.0	0.003439145	0.9996682	330.44644	0.044685803	0.0117735965	95.0	0.0
SPIKE	S30:A>G	6	127469	4.707027E-5	2.5461562	39.833332	TRUE	A	4.8175378E-4	1168.0	0.0042683478	0.95526487	1045.5072	0.052801292	0.011242797	95.0	0.0
SPIKE	S30:A>C	0	127469	0.0	-1.0	0.0	TRUE	A	1.1099435E-5	23.0	0.0050923345	0.99894613	435.6487	0.061829377	0.021005323	95.0	0.0
SPIKE	S30:A>T	0	127469	0.0	-1.0	0.0	TRUE	A	1.9402352E-5	38.0	0.0063608713	0.99815845	148.3971	0.06550081	0.013280973	95.0	0.0
SPIKE	S31:T>A	1	127469	7.845045E-6	-1.0	39.0	TRUE	T	2.7777574E-5	57.0	0.0064217774	0.9973646	148.3971	0.06252043	0.008865055	95.0	0.0
SPIKE	S31:T>C	8	127469	6.276036E-5	4.5662546	39.875	TRUE	T	4.9533485E-4	1144.0	0.004386019	0.9540332	1045.5072	0.055435307	0.015540419	95.0	0.0
SPIKE	S31:T>G	0	127469	0.0	-1.0	0.0	TRUE	T	8.612111E-6	26.0	0.002539756	0.99918216	435.6487	0.042329706	0.010681565	95.0	0.0
SPIKE	S32:C>T	9	127469	7.0605405E-5	20.808811	39.77778	TRUE	C	1.3777071E-4	312.0	0.0050457246	0.98699707	471.1656	0.05657229	0.012856085	95.0	0.0
SPIKE	S32:C>A	2	127469	1.569009E-5	-1.0	40.0	TRUE	C	9.901855E-6	18.0	0.0068750903	0.99905974	172.89284	0.070606515	0.017091176	95.0	0.0
SPIKE	S32:C>G	0	127469	0.0	-1.0	0.0	TRUE	C	3.9674755E-6	11.0	0.0039032854	0.9996232	330.44644	0.046155628	0.008770326	95.0	0.0
SPIKE	S33:C>T	7	127469	5.4915312E-5	15.631419	39.857143	TRUE	C	1.2717296E-4	288.0	0.0050457246	0.9879913	471.1656	0.05657229	0.012856085	95.0	0.0
SPIKE	S33:C>A	3	127469	2.3535134E-5	-1.0	39.666668	TRUE	C	1.3202474E-5	24.0	0.0068750903	0.9987466	172.89284	0.070606515	0.017091176	95.0	0.0
SPIKE	S33:C>G	0	127469	0.0	-1.0	0.0	TRUE	C	1.1918529E-4	1.0	0.0039032854	0.9887413	330.44644	0.046155628	0.008770326	95.0	1.0
SPIKE	S34:A>G	25	127469	1.9612612E-4	43.893612	39.56	TRUE	A	3.5595335E-4	863.0	0.0042683478	0.9667498	1045.5072	0.052801292	0.011242797	95.0	0.0
SPIKE	S34:A>C	0	127469	0.0	-1.0	0.0	TRUE	A	1.5442693E-5	32.0	0.0050923345	0.998534	435.6487	0.061829377	0.021005323	95.0	0.0
SPIKE	S34:A>T	0	127469	0.0	-1.0	0.0	TRUE	A	9.190588E-6	18.0	0.0063608713	0.99912727	148.3971	0.06550081	0.013280973	95.0	0.0
SPIKE	S35:T>C	8	127469	6.276036E-5	4.5662546	39.625	TRUE	T	4.7238666E-4	1091.0	0.004386019	0.9561153	1045.5072	0.055435307	0.015540419	95.0	0.0
SPIKE	S35:T>G	1	127469	7.845045E-6	-1.0	40.0	TRUE	T	1.4243106E-5	43.0	0.002539756	0.9986478	435.6487	0.042329706	0.010681565	95.0	0.0
SPIKE	S35:T>A	0	127469	0.0	-1.0	0.0	TRUE	T	3.167618E-5	65.0	0.0064217774	0.9969953	148.3971	0.06252043	0.008865055	95.0	0.0
SPIKE	S36:T>C	8	127469	6.276036E-5	13.595069	39.125	TRUE	T	2.3207998E-4	536.0	0.004386019	0.9781937	1045.5072	0.055435307	0.015540419	95.0	0.0
SPIKE	S36:T>A	0	127469	0.0	-1.0	0.0	TRUE	T	5.8479104E-6	12.0	0.0064217774	0.9994446	148.3971	0.06252043	0.008865055	95.0	0.0
SPIKE	S36:T>G	0	127469	0.0	-1.0	0.0	TRUE	T	1.4430212E-4	2.0	0.002539756	0.9863848	435.6487	0.042329706	0.010681565	95.0	1.0
SPIKE	S37:A>C	1	127469	7.845045E-6	2.0412	40.0	TRUE	A	1.3898424E-4	288.0	0.0050923345	0.9868833	435.6487	0.061829377	0.021005323	95.0	0.0
SPIKE	S37:A>T	1	127469	7.845045E-6	-1.0	40.0	TRUE	A	5.105882E-6	10.0	0.0063608713	0.99951506	148.3971	0.06550081	0.013280973	95.0	0.0
SPIKE	S37:A>G	28	127469	2.1966125E-4	51.216248	39.607143	TRUE	A	3.274936E-4	794.0	0.0042683478	0.9693671	1045.5072	0.052801292	0.011242797	95.0	0.0
SPIKE	S38:T>C	6	127469	4.707027E-5	13.113299	40.0	TRUE	T	1.4591595E-4	337.0	0.004386019	0.9862336	1045.5072	0.055435307	0.015540419	95.0	0.0
SPIKE	S38:T>A	0	127469	0.0	-1.0	0.0	TRUE	T	1.5107102E-5	31.0	0.0064217774	0.99856585	148.3971	0.06252043	0.008865055	95.0	0.0
SPIKE	S38:T>G	0	127469	0.0	-1.0	0.0	TRUE	T	1.0930756E-5	33.0	0.002539756	0.9989621	435.6487	0.042329706	0.010681565	95.0	0.0
SPIKE	S39:C>T	9	127469	7.0605405E-5	20.808811	40.0	TRUE	C	1.5499204E-4	351.0	0.0050457246	0.9853836	471.1656	0.05657229	0.012856085	95.0	0.0
SPIKE	S39:C>A	18	127469	1.4121081E-4	55.434788	39.77778	TRUE	C	9.510888E-5	9.0	0.0068750903	0.99100536	172.89284	0.070606515	0.017091176	95.0	1.0
SPIKE	S39:C>G	1	127469	7.845045E-6	-1.0	40.0	TRUE	C	4.3281552E-6	12.0	0.0039032854	0.9995889	330.44644	0.046155628	0.008770326	95.0	0.0
SPIKE	S40:G>T	2	127469	1.569009E-5	-1.0	40.0	TRUE	G	1.00419375E-5	26.0	0.0043832706	0.99904644	172.89284	0.049448892	0.011630583	95.0	0.0
SPIKE	S40:G>A	22	127469	1.7259098E-4	42.137844	39.272728	TRUE	G	2.6496578E-4	598.0	0.006144818	0.9751424	471.1656	0.05682901	0.014227535	95.0	0.0
SPIKE	S40:G>C	0	127469	0.0	-1.0	0.0	TRUE	G	1.154436E-4	3.0	0.003439145	0.98909277	330.44644	0.044685803	0.0117735965	95.0	1.0
SPIKE	S41:G>A	9	127469	7.0605405E-5	20.808811	37.666668	TRUE	G	1.2184882E-4	275.0	0.006144818	0.9884911	471.1656	0.05682901	0.014227535	95.0	0.0
SPIKE	S41:G>C	0	127469	0.0	-1.0	0.0	TRUE	G	4.541634E-6	13.0	0.003439145	0.99956864	330.44644	0.044685803	0.0117735965	95.0	0.0
SPIKE	S41:G>T	0	127469	0.0	-1.0	0.0	TRUE	G	5.4071975E-6	14.0	0.0043832706	0.99948645	172.89284	0.049448892	0.011630583	95.0	0.0
SPIKE	S42:C>T	10	127469	7.8450445E-5	18.164799	38.2	TRUE	C	2.026819E-4	459.0	0.0050457246	0.98092943	471.1656	0.05657229	0.012856085	95.0	0.0
SPIKE	S42:C>A	6	127469	4.707027E-5	-1.0	39.833332	TRUE	C	1.3202474E-5	24.0	0.0068750903	0.9987466	172.89284	0.070606515	0.017091176	95.0	0.0
SPIKE	S42:C>G	2	127469	1.569009E-5	-1.0	40.0	TRUE	C	7.574272E-6	21.0	0.0039032854	0.9992807	330.44644	0.046155628	0.008770326	95.0	0.0
SPIKE	S43:G>T	2	127469	1.569009E-5	-1.0	39.5	TRUE	G	5.7934258E-6	15.0	0.0043832706	0.9994498	172.89284	0.049448892	0.011630583	95.0	0.0
SPIKE	S43:G>A	13	127469	1.0198558E-4	31.537222	39.53846	TRUE	G	1.7103142E-4	386.0	0.006144818	0.9838833	471.1656	0.05682901	0.014227535	95.0	0.0
SPIKE	D43-44:G>	1	127469	7.845045E-6	-1.0	39.862587	TRUE		NaN	NaN	NaN	NaN	NaN	NaN	NaN	NaN	NaN
SPIKE	S43:G>C	0	127469	0.0	-1.0	0.0	TRUE	G	1.154436E-4	8.0	0.003439145	0.98909277	330.44644	0.044685803	0.0117735965	95.0	1.0
SPIKE	S44:G>T	1	127469	7.845045E-6	4.2596874	39.0	TRUE	G	6.677612E-5	9.0	0.0043832706	0.99367636	172.89284	0.049448892	0.011630583	95.0	1.0
SPIKE	S44:G>A	12	127469	9.414054E-5	28.819815	39.75	TRUE	G	1.320398E-4	298.0	0.006144818	0.9875346	471.1656	0.05682901	0.014227535	95.0	0.0
SPIKE	S44:G>C	0	127469	0.0	-1.0	0.0	TRUE	G	7.685842E-6	22.0	0.003439145	0.99927014	330.44644	0.044685803	0.0117735965	95.0	0.0
SPIKE	D45-47:CG>	1	127469	7.845045E-6	-1.0	39.655964	TRUE		NaN	NaN	NaN	NaN	NaN	NaN	NaN	NaN	NaN
SPIKE	S45:C>T	8	127469	6.276036E-5	-1.0	37.875	TRUE	C	3.0910094E-5	70.0	0.0050457246	0.99706787	471.1656	0.05657229	0.012856085	95.0	0.0
SPIKE	S45:C>A	4	127469	3.138018E-5	-1.0	39.0	TRUE	C	6.051134E-6	11.0	0.0068750903	0.9994253	172.89284	0.070606515	0.017091176	95.0	0.0
SPIKE	S45:C>G	2	127469	1.569009E-5	-1.0	39.0	TRUE	C	7.213592E-6	20.0	0.0039032854	0.99931496	330.44644	0.046155628	0.008770326	95.0	0.0
SPIKE	S46:G>A	11	127469	8.629549E-5	26.1236	39.636364	TRUE	G	1.4045845E-4	317.0	0.006144818	0.98674506	471.1656	0.05682901	0.014227535	95.0	0.0
SPIKE	S46:G>C	0	127469	0.0	-1.0	0.0	TRUE	G	1.154436E-4	5.0	0.003439145	0.98909277	330.44644	0.044685803	0.0117735965	95.0	1.0
SPIKE	S46:G>T	0	127469	0.0	-1.0	0.0	TRUE	G	6.677612E-5	3.0	0.0043832706	0.99367636	172.89284	0.049448892	0.011630583	95.0	1.0
SPIKE	S47:A>C	1	127469	7.845045E-6	-1.0	40.0	TRUE	A	6.756178E-6	14.0	0.0050923345	0.99935836	435.6487	0.061829377	0.021005323	95.0	0.0
SPIKE	S47:A>G	12	127469	9.414054E-5	28.819815	39.666668	TRUE	A	1.3528703E-4	328.0	0.0042683478	0.98722994	1045.5072	0.052801292	0.011242797	95.0	0.0
SPIKE	D47-48:A>	1	127469	7.845045E-6	-1.0	39.841686	TRUE		NaN	NaN	NaN	NaN	NaN	NaN	NaN	NaN	NaN
SPIKE	S47:A>T	0	127469	0.0	-1.0	0.0	TRUE	A	5.105882E-6	10.0	0.0063608713	0.99951506	148.3971	0.06550081	0.013280973	95.0	0.0
SPIKE	S48:A>T	1	127469	7.845045E-6	-1.0	40.0	TRUE	A	1.6849412E-5	33.0	0.0063608713	0.99840057	148.3971	0.06550081	0.013280973	95.0	0.0
SPIKE	S48:A>C	2	127469	1.569009E-5	-1.0	40.0	TRUE	A	1.1099435E-5	23.0	0.0050923345	0.99894613	435.6487	0.061829377	0.021005323	95.0	0.0
SPIKE	S48:A>G	23	127469	1.8043602E-4	39.112087	39.47826	TRUE	A	3.3120572E-4	803.0	0.0042683478	0.9690253	1045.5072	0.052801292	0.011242797	95.0	0.0
SPIKE	S49:T>C	9	127469	7.0605405E-5	7.4129806	39.333332	TRUE	T	4.5290234E-4	1046.0	0.004386019	0.95788676	1045.5072	0.055435307	0.015540419	95.0	0.0
SPIKE	D49-50:T>	28	127469	2.1966125E-4	-1.0	39.70465	TRUE		NaN	NaN	NaN	NaN	NaN	NaN	NaN	NaN	NaN
SPIKE	S49:T>A	0	127469	0.0	-1.0	0.0	TRUE	T	2.582827E-5	53.0	0.0064217774	0.9975493	148.3971	0.06252043	0.008865055	95.0	0.0
SPIKE	S49:T>G	0	127469	0.0	-1.0	0.0	TRUE	T	9.27458E-6	28.0	0.002539756	0.9991193	435.6487	0.042329706	0.010681565	95.0	0.0
SPIKE	S50:T>C	5	127469	3.9225222E-5	2.5063212	39.6	TRUE	T	3.9574833E-4	914.0	0.004386019	0.96310186	1045.5072	0.055435307	0.015540419	95.0	0.0
SPIKE	S50:T>G	1	127469	7.845045E-6	-1.0	39.0	TRUE	T	1.4243106E-5	43.0	0.002539756	0.9986478	435.6487	0.042329706	0.010681565	95.0	0.0
SPIKE	S50:T>A	1	127469	7.845045E-6	-1.0	38.0	TRUE	T	2.5340945E-5	52.0	0.0064217774	0.9975955	148.3971	0.06252043	0.008865055	95.0	0.0
SPIKE	S51:T>C	10	127469	7.8450445E-5	8.928991	39.3	TRUE	T	4.0397502E-4	933.0	0.004386019	0.9623495	1045.5072	0.055435307	0.015540419	95.0	0.0
SPIKE	S51:T>A	1	127469	7.845045E-6	1.0720997	39.0	TRUE	T	2.188093E-4	449.0	0.0064217774	0.9794277	148.3971	0.06252043	0.008865055	95.0	0.0
SPIKE	S51:T>G	0	127469	0.0	-1.0	0.0	TRUE	T	4.63729E-6	14.0	0.002539756	0.9995596	435.6487	0.042329706	0.010681565	95.0	0.0
SPIKE	S52:A>T	2	127469	1.569009E-5	7.269987	39.5	TRUE	A	7.576981E-5	6.0	0.0063608713	0.9928277	148.3971	0.06550081	0.013280973	95.0	1.0
SPIKE	S52:A>C	1	127469	7.845045E-6	0.17304859	40.0	TRUE	A	4.381864E-4	908.0	0.0050923345	0.95922685	435.6487	0.061829377	0.021005323	95.0	0.0
SPIKE	S52:A>G	19	127469	1.4905585E-4	40.675655	39.157894	TRUE	A	2.2974047E-4	557.0	0.0042683478	0.9784111	1045.5072	0.052801292	0.011242797	95.0	0.0
SPIKE	S53:C>T	6	127469	4.707027E-5	13.113299	39.666668	TRUE	C	1.3026397E-4	295.0	0.0050457246	0.9877012	471.1656	0.05657229	0.012856085	95.0	0.0
SPIKE	S53:C>G	1	127469	7.845045E-6	2.0412	40.0	TRUE	C	1.1918529E-4	6.0	0.0039032854	0.9887413	330.44644	0.046155628	0.008770326	95.0	1.0
SPIKE	S53:C>A	7	127469	5.4915312E-5	22.321487	39.714287	TRUE	C	9.510888E-5	8.0	0.0068750903	0.99100536	172.89284	0.070606515	0.017091176	95.0	1.0
SPIKE	D53-54:C>	7	127469	5.4915312E-5	-1.0	39.75314	TRUE		NaN	NaN	NaN	NaN	NaN	NaN	NaN	NaN	NaN
SPIKE	S54:C>T	12	127469	9.414054E-5	22.940357	40.0	TRUE	C	2.0974707E-4	475.0	0.0050457246	0.9802712	471.1656	0.05657229	0.012856085	95.0	0.0
SPIKE	S54:C>G	1	127469	7.845045E-6	2.0412	40.0	TRUE	C	1.1918529E-4	1.0	0.0039032854	0.9887413	330.44644	0.046155628	0.008770326	95.0	1.0
SPIKE	S54:C>A	13	127469	1.0198558E-4	20.706247	40.0	TRUE	C	2.9485524E-4	536.0	0.0068750903	0.9723774	172.89284	0.070606515	0.017091176	95.0	0.0
SPIKE	S55:A>T	6	127469	4.707027E-5	19.311188	40.0	TRUE	A	9.95647E-5	195.0	0.0063608713	0.9905859	148.3971	0.06550081	0.013280973	95.0	0.0
SPIKE	S55:A>C	4	127469	3.138018E-5	0.4730946	40.0	TRUE	A	5.974392E-4	1238.0	0.0050923345	0.9448239	435.6487	0.061829377	0.021005323	95.0	0.0
SPIKE	S55:A>G	34	127469	2.667315E-4	54.802315	40.0	TRUE	A	4.5411894E-4	1101.0	0.0042683478	0.95777607	1045.5072	0.052801292	0.011242797	95.0	0.0
SPIKE	S56:C>T	14	127469	1.09830624E-4	34.27314	40.0	TRUE	C	1.4042015E-4	318.0	0.0050457246	0.9867487	471.1656	0.05657229	0.012856085	95.0	0.0
SPIKE	S56:C>G	2	127469	1.569009E-5	3.9120662	40.0	TRUE	C	1.1918529E-4	8.0	0.0039032854	0.9887413	330.44644	0.046155628	0.008770326	95.0	1.0
SPIKE	S56:C>A	5	127469	3.9225222E-5	5.1061287	40.0	TRUE	C	2.9485524E-4	536.0	0.0068750903	0.9723774	172.89284	0.070606515	0.017091176	95.0	0.0
SPIKE	D56-57:C>	1	127469	7.845045E-6	-1.0	39.999992	TRUE		NaN	NaN	NaN	NaN	NaN	NaN	NaN	NaN	NaN
SPIKE	S57:C>T	15	127469	1.1767567E-4	37.025364	40.0	TRUE	C	1.6956395E-4	384.0	0.0050457246	0.9840205	471.1656	0.05657229	0.012856085	95.0	0.0
SPIKE	S57:C>A	7	127469	5.4915312E-5	6.3054132	40.0	TRUE	C	3.2621113E-4	593.0	0.0068750903	0.9694852	172.89284	0.070606515	0.017091176	95.0	0.0
SPIKE	S57:C>G	0	127469	0.0	-1.0	0.0	TRUE	C	1.1918529E-4	2.0	0.0039032854	0.9887413	330.44644	0.046155628	0.008770326	95.0	1.0
SPIKE	S58:A>T	3	127469	2.3535134E-5	1.5176276	40.0	TRUE	A	3.2728704E-4	641.0	0.0063608713	0.9693861	148.3971	0.06550081	0.013280973	95.0	0.0
SPIKE	S58:A>C	2	127469	1.569009E-5	1.3408211	40.0	TRUE	A	2.9292857E-4	607.0	0.0050923345	0.9725554	435.6487	0.061829377	0.021005323	95.0	0.0
SPIKE	S58:A>G	22	127469	1.7259098E-4	36.755787	40.0	TRUE	A	3.5719073E-4	866.0	0.0042683478	0.9666361	1045.5072	0.052801292	0.011242797	95.0	0.0
SPIKE	S59:T>C	16	127469	1.2552072E-4	14.0601015	40.0	TRUE	T	5.832308E-4	1347.0	0.004386019	0.94610006	1045.5072	0.055435307	0.015540419	95.0	0.0
SPIKE	S59:T>G	2	127469	1.569009E-5	-1.0	40.0	TRUE	T	1.1261991E-5	34.0	0.002539756	0.9989307	435.6487	0.042329706	0.010681565	95.0	0.0
SPIKE	S59:T>A	3	127469	2.3535134E-5	2.3797824	40.0	TRUE	T	2.9044622E-4	596.0	0.0064217774	0.9727848	148.3971	0.06252043	0.008865055	95.0	0.0
SPIKE	D59-60:T>	2	127469	1.569009E-5	-1.0	39.99942	TRUE		NaN	NaN	NaN	NaN	NaN	NaN	NaN	NaN	NaN
SPIKE	S60:T>C	21	127471	1.6474335E-4	22.866983	40.0	TRUE	T	5.598409E-4	1293.0	0.004386019	0.9482047	1045.5237	0.055435307	0.015540419	95.0	0.0
SPIKE	S60:T>A	1	127471	7.844922E-6	-1.0	40.0	TRUE	T	1.5106864E-5	31.0	0.0064217774	0.99856585	148.39941	0.06252043	0.008865055	95.0	0.0
SPIKE	S60:T>G	0	127471	0.0	-1.0	0.0	TRUE	T	2.1264955E-4	642.0	0.002539756	0.980001	435.65555	0.042329706	0.010681565	95.0	0.0
SPIKE	S61:G>A	11	127471	8.629414E-5	16.357807	40.0	TRUE	G	3.1237115E-4	705.0	0.006144818	0.9707607	471.173	0.05682901	0.014227535	95.0	0.0
SPIKE	S61:G>C	0	127471	0.0	-1.0	0.0	TRUE	G	1.154436E-4	3.0	0.003439145	0.98909277	330.45163	0.044685803	0.0117735965	95.0	1.0
SPIKE	S61:G>T	0	127471	0.0	-1.0	0.0	TRUE	G	2.0740139E-4	537.0	0.0043832706	0.98048973	172.89555	0.049448892	0.011630583	95.0	0.0
SPIKE	S62:A>T	9	127471	7.060429E-5	28.342087	40.0	TRUE	A	8.016109E-5	157.0	0.0063608713	0.99241364	148.39941	0.06550081	0.013280973	95.0	0.0
SPIKE	S62:A>C	2	127471	1.5689844E-5	-1.0	40.0	TRUE	A	1.6407605E-5	34.0	0.0050923345	0.9984425	435.65555	0.061829377	0.021005323	95.0	0.0
SPIKE	S62:A>G	29	127471	2.2750272E-4	28.539276	40.0	TRUE	A	7.7128893E-4	1870.0	0.0042683478	0.9293476	1045.5237	0.052801292	0.011242797	95.0	0.0
SPIKE	D62-63:A>	8	127471	6.2759376E-5	-1.0	39.99928	TRUE		NaN	NaN	NaN	NaN	NaN	NaN	NaN	NaN	NaN
SPIKE	I62:>A	1	127471	7.844922E-6	-1.0	39.99928	TRUE		NaN	NaN	NaN	NaN	NaN	NaN	NaN	NaN	NaN
SPIKE	S63:A>T	2	127471	1.5689844E-5	7.269987	40.0	TRUE	A	5.463208E-5	107.0	0.0063608713	0.9948234	148.39941	0.06550081	0.013280973	95.0	0.0
SPIKE	S63:A>C	1	127471	7.844922E-6	-1.0	40.0	TRUE	A	1.1099261E-5	23.0	0.0050923345	0.99894613	435.65555	0.061829377	0.021005323	95.0	0.0
SPIKE	S63:A>G	52	127471	4.0793594E-4	92.74459	40.0	TRUE	A	5.724861E-4	1388.0	0.0042683478	0.9470663	1045.5237	0.052801292	0.011242797	95.0	0.0
SPIKE	S64:A>G	44	127471	3.4517655E-4	63.120934	40.0	TRUE	A	7.2179444E-4	1750.0	0.0042683478	0.9337277	1045.5237	0.052801292	0.011242797	95.0	0.0
SPIKE	S64:A>C	3	127471	2.3534765E-5	-1.0	40.0	TRUE	A	2.3646253E-5	49.0	0.0050923345	0.9977561	435.65555	0.061829377	0.021005323	95.0	0.0
SPIKE	S64:A>T	4	127471	3.1379688E-5	13.290587	40.0	TRUE	A	3.5230034E-5	69.0	0.0063608713	0.99665874	148.39941	0.06550081	0.013280973	95.0	0.0
SPIKE	S65:A>G	46	127471	3.608664E-4	83.94395	40.0	TRUE	A	4.8669567E-4	1180.0	0.0042683478	0.9548165	1045.5237	0.052801292	0.011242797	95.0	0.0
SPIKE	S65:A>C	9	127471	7.060429E-5	3.4329598	40.0	TRUE	A	6.263844E-4	1298.0	0.0050923345	0.9422294	435.65555	0.061829377	0.021005323	95.0	0.0
SPIKE	S65:A>T	1	127471	7.844922E-6	-1.0	40.0	TRUE	A	2.195495E-5	43.0	0.0063608713	0.99791646	148.39941	0.06550081	0.013280973	95.0	0.0
SPIKE	S66:C>A	1	127471	7.844922E-6	2.0412	40.0	TRUE	C	1.6282796E-4	296.0	0.0068750903	0.9846504	172.89555	0.070606515	0.017091176	95.0	0.0
SPIKE	S66:C>T	10	127471	7.8449215E-5	31.352386	40.0	TRUE	C	9.493666E-5	215.0	0.0050457246	0.9910216	471.173	0.05657229	0.012856085	95.0	0.0
SPIKE	S66:C>G	0	127471	0.0	-1.0	0.0	TRUE	C	5.7707834E-6	16.0	0.0039032854	0.99945194	330.45163	0.046155628	0.008770326	95.0	0.0
SPIKE	S67:C>A	12	127471	9.413906E-5	8.07949	40.0	TRUE	C	5.5394514E-4	1007.0	0.0068750903	0.94873595	172.89555	0.070606515	0.017091176	95.0	0.0
SPIKE	S67:C>T	12	127471	9.413906E-5	28.819815	40.0	TRUE	C	1.046511E-4	237.0	0.0050457246	0.9901074	471.173	0.05657229	0.012856085	95.0	0.0
SPIKE	S67:C>G	0	127471	0.0	-1.0	0.0	TRUE	C	1.1918529E-4	2.0	0.0039032854	0.9887413	330.45163	0.046155628	0.008770326	95.0	1.0
SPIKE	S68:A>G	27	127471	2.1181288E-4	22.341774	40.0	TRUE	A	8.294449E-4	2011.0	0.0042683478	0.9242273	1045.5237	0.052801292	0.011242797	95.0	0.0
SPIKE	S68:A>C	5	127471	3.9224607E-5	10.658173	40.0	TRUE	A	1.5297678E-4	317.0	0.0050923345	0.9855723	435.65555	0.061829377	0.021005323	95.0	0.0
SPIKE	S68:A>T	10	127471	7.8449215E-5	31.352386	40.0	TRUE	A	9.394676E-5	184.0	0.0063608713	0.9911148	148.39941	0.06550081	0.013280973	95.0	0.0
SPIKE	S69:G>A	17	127471	1.3336366E-4	29.928427	40.0	TRUE	G	2.7338014E-4	617.0	0.006144818	0.9743632	471.173	0.05682901	0.014227535	95.0	0.0
SPIKE	S69:G>C	1	127471	7.844922E-6	0.3166301	40.0	TRUE	G	3.5459126E-4	1015.0	0.003439145	0.9668749	330.45163	0.044685803	0.0117735965	95.0	0.0
SPIKE	S69:G>T	1	127471	7.844922E-6	-1.0	40.0	TRUE	G	7.724447E-6	20.0	0.0043832706	0.99926645	172.89555	0.049448892	0.011630583	95.0	0.0
SPIKE	S70:C>A	11	127471	8.629414E-5	-1.0	40.0	TRUE	C	6.0510392E-6	11.0	0.0068750903	0.9994253	172.89555	0.070606515	0.017091176	95.0	0.0
SPIKE	S70:C>G	4	127471	3.1379688E-5	13.290587	40.0	TRUE	C	1.00988706E-4	280.0	0.0039032854	0.99045193	330.45163	0.046155628	0.008770326	95.0	0.0
SPIKE	S70:C>T	8	127471	6.2759376E-5	18.199682	40.0	TRUE	C	1.6558719E-4	375.0	0.0050457246	0.9843923	471.173	0.05657229	0.012856085	95.0	0.0
SPIKE	D70-71:C>	1	127471	7.844922E-6	-1.0	39.999577	TRUE		NaN	NaN	NaN	NaN	NaN	NaN	NaN	NaN	NaN
SPIKE	S71:C>A	5	127471	3.9224607E-5	16.300888	40.0	TRUE	C	6.2710766E-5	114.0	0.0068750903	0.99406016	172.89555	0.070606515	0.017091176	95.0	0.0
SPIKE	S71:C>T	16	127471	1.2551875E-4	27.568455	40.0	TRUE	C	2.6803048E-4	607.0	0.0050457246	0.9748585	471.173	0.05657229	0.012856085	95.0	0.0
SPIKE	S71:C>G	0	127471	0.0	-1.0	0.0	TRUE	C	3.228032E-4	895.0	0.0039032854	0.96979916	330.45163	0.046155628	0.008770326	95.0	0.0
SPIKE	S72:G>A	24	127471	1.8827812E-4	53.942116	40.0	TRUE	G	1.8830886E-4	425.0	0.006144818	0.9822697	471.173	0.05682901	0.014227535	95.0	0.0
SPIKE	S72:G>C	0	127471	0.0	-1.0	0.0	TRUE	G	9.118061E-5	261.0	0.003439145	0.99137527	330.45163	0.044685803	0.0117735965	95.0	0.0
SPIKE	S72:G>T	0	127471	0.0	-1.0	0.0	TRUE	G	2.8773563E-4	745.0	0.0043832706	0.97303534	172.89555	0.049448892	0.011630583	95.0	0.0
SPIKE	S73:T>A	5	127471	3.9224607E-5	16.300888	40.0	TRUE	T	4.4345958E-5	91.0	0.0064217774	0.995796	148.39941	0.06252043	0.008865055	95.0	0.0
SPIKE	S73:T>C	31	127471	2.4319257E-4	43.31563	40.0	TRUE	T	5.6417065E-4	1303.0	0.004386019	0.94781476	1045.5237	0.055435307	0.015540419	95.0	0.0
SPIKE	S73:T>G	0	127471	0.0	-1.0	0.0	TRUE	T	4.1171868E-4	1243.0	0.002539756	0.9616418	435.65555	0.042329706	0.010681565	95.0	0.0
SPIKE	S74:G>A	12	127471	9.413906E-5	37.372986	40.0	TRUE	G	9.526213E-5	215.0	0.006144818	0.99099094	471.173	0.05682901	0.014227535	95.0	0.0
SPIKE	S74:G>T	2	127471	1.5689844E-5	7.269987	40.0	TRUE	G	1.0080403E-4	261.0	0.0043832706	0.99046934	172.89555	0.049448892	0.011630583	95.0	0.0
SPIKE	S74:G>C	0	127471	0.0	-1.0	0.0	TRUE	G	2.9345483E-5	84.0	0.003439145	0.99721605	330.45163	0.044685803	0.0117735965	95.0	0.0
SPIKE	S75:G>A	10	127471	7.8449215E-5	23.451881	40.0	TRUE	G	1.262777E-4	285.0	0.006144818	0.9880753	471.173	0.05682901	0.014227535	95.0	0.0
SPIKE	S75:G>C	0	127471	0.0	-1.0	0.0	TRUE	G	1.154436E-4	8.0	0.003439145	0.98909277	330.45163	0.044685803	0.0117735965	95.0	1.0
SPIKE	S75:G>T	0	127471	0.0	-1.0	0.0	TRUE	G	3.3948943E-4	879.0	0.0043832706	0.96826303	172.89555	0.049448892	0.011630583	95.0	0.0
SPIKE	I76:>T	2	127471	1.5689844E-5	-1.0	39.999554	TRUE		NaN	NaN	NaN	NaN	NaN	NaN	NaN	NaN	NaN
SPIKE	D76-78:TT>	1	127471	7.844922E-6	-1.0	39.999554	TRUE		NaN	NaN	NaN	NaN	NaN	NaN	NaN	NaN	NaN
SPIKE	S76:T>C	16	127471	1.2551875E-4	16.617006	40.0	TRUE	T	5.1784195E-4	1196.0	0.004386019	0.9519955	1045.5237	0.055435307	0.015540419	95.0	0.0
SPIKE	D76-77:T>	2	127471	1.5689844E-5	-1.0	39.999554	TRUE		NaN	NaN	NaN	NaN	NaN	NaN	NaN	NaN	NaN
SPIKE	S76:T>A	0	127471	0.0	-1.0	0.0	TRUE	T	2.728982E-5	56.0	0.0064217774	0.99741083	148.39941	0.06252043	0.008865055	95.0	0.0
SPIKE	S76:T>G	0	127471	0.0	-1.0	0.0	TRUE	T	1.6727106E-4	505.0	0.002539756	0.98423487	435.65555	0.042329706	0.010681565	95.0	0.0
SPIKE	S77:T>A	1	127471	7.844922E-6	-1.0	40.0	TRUE	T	8.28441E-6	17.0	0.0064217774	0.9992133	148.39941	0.06252043	0.008865055	95.0	0.0
SPIKE	S77:T>G	1	127471	7.844922E-6	-1.0	40.0	TRUE	T	3.3454213E-5	101.0	0.002539756	0.9968269	435.65555	0.042329706	0.010681565	95.0	0.0
SPIKE	S77:T>C	11	127471	8.629414E-5	16.357807	40.0	TRUE	T	2.8922947E-4	668.0	0.004386019	0.97289723	1045.5237	0.055435307	0.015540419	95.0	0.0
SPIKE	S78:T>C	22	127471	1.7258828E-4	28.213924	40.0	TRUE	T	4.983579E-4	1151.0	0.004386019	0.95375925	1045.5237	0.055435307	0.015540419	95.0	0.0
SPIKE	S78:T>A	0	127471	0.0	-1.0	0.0	TRUE	T	1.0233683E-5	21.0	0.0064217774	0.99902827	148.39941	0.06252043	0.008865055	95.0	0.0
SPIKE	S78:T>G	0	127471	0.0	-1.0	0.0	TRUE	T	3.4182917E-4	1032.0	0.002539756	0.96804786	435.65555	0.042329706	0.010681565	95.0	0.0
SPIKE	S79:G>A	19	127471	1.490535E-4	48.1648	40.0	TRUE	G	1.3868393E-4	313.0	0.006144818	0.9869114	471.173	0.05682901	0.014227535	95.0	0.0
SPIKE	S79:G>C	0	127471	0.0	-1.0	0.0	TRUE	G	3.6821596E-4	1054.0	0.003439145	0.9656242	330.45163	0.044685803	0.0117735965	95.0	0.0
SPIKE	S79:G>T	0	127471	0.0	-1.0	0.0	TRUE	G	1.01962694E-4	264.0	0.0043832706	0.9903603	172.89555	0.049448892	0.011630583	95.0	0.0
SPIKE	S80:C>G	1	127471	7.844922E-6	0.17304859	40.0	TRUE	C	4.0611887E-4	1126.0	0.0039032854	0.9621535	330.45163	0.046155628	0.008770326	95.0	0.0
SPIKE	S80:C>A	3	127471	2.3534765E-5	-1.0	40.0	TRUE	C	2.0353495E-5	37.0	0.0068750903	0.9980683	172.89555	0.070606515	0.017091176	95.0	0.0
SPIKE	S80:C>T	22	127471	1.7258828E-4	36.755787	40.0	TRUE	C	3.1881055E-4	722.0	0.0050457246	0.97016704	471.173	0.05657229	0.012856085	95.0	0.0
SPIKE	D80-81:C>	1	127471	7.844922E-6	-1.0	39.99925	TRUE		NaN	NaN	NaN	NaN	NaN	NaN	NaN	NaN	NaN
SPIKE	S81:G>A	13	127471	1.01983984E-4	25.388708	40.0	TRUE	G	1.9849968E-4	448.0	0.006144818	0.98131925	471.173	0.05682901	0.014227535	95.0	0.0
SPIKE	S81:G>T	3	127471	2.3534765E-5	-1.0	40.0	TRUE	G	3.2442676E-5	84.0	0.0043832706	0.9969227	172.89555	0.049448892	0.011630583	95.0	0.0
SPIKE	S81:G>C	0	127471	0.0	-1.0	0.0	TRUE	G	5.8690966E-5	168.0	0.003439145	0.9944399	330.45163	0.044685803	0.0117735965	95.0	0.0
SPIKE	S82:G>A	11	127471	8.629414E-5	26.1236	40.0	TRUE	G	1.6172408E-4	365.0	0.006144818	0.9847536	471.173	0.05682901	0.014227535	95.0	0.0
SPIKE	S82:G>T	1	127471	7.844922E-6	-1.0	40.0	TRUE	G	4.6346677E-6	12.0	0.0043832706	0.9995598	172.89555	0.049448892	0.011630583	95.0	0.0
SPIKE	S82:G>C	1	127471	7.844922E-6	0.3166301	40.0	TRUE	G	3.322328E-4	951.0	0.003439145	0.9689308	330.45163	0.044685803	0.0117735965	95.0	0.0
SPIKE	S83:C>A	17	127471	1.3336366E-4	-1.0	40.0	TRUE	C	9.3516055E-6	17.0	0.0068750903	0.999112	172.89555	0.070606515	0.017091176	95.0	0.0
SPIKE	S83:C>T	25	127471	1.9612304E-4	49.71867	40.0	TRUE	C	2.627317E-4	595.0	0.0050457246	0.9753494	471.173	0.05657229	0.012856085	95.0	0.0
SPIKE	S83:C>G	0	127471	0.0	-1.0	0.0	TRUE	C	4.1369302E-4	1147.0	0.0039032854	0.9614614	330.45163	0.046155628	0.008770326	95.0	0.0
SPIKE	S84:G>A	21	127471	1.6474335E-4	22.866983	40.0	TRUE	G	5.830928E-4	1316.0	0.006144818	0.94611245	471.173	0.05682901	0.014227535	95.0	0.0
SPIKE	S84:G>C	0	127471	0.0	-1.0	0.0	TRUE	G	5.973902E-5	171.0	0.003439145	0.99434084	330.45163	0.044685803	0.0117735965	95.0	0.0
SPIKE	S84:G>T	0	127471	0.0	-1.0	0.0	TRUE	G	6.179557E-6	16.0	0.0043832706	0.99941313	172.89555	0.049448892	0.011630583	95.0	0.0
SPIKE	S85:A>G	13	127471	1.01983984E-4	25.388708	40.0	TRUE	A	2.2066287E-4	535.0	0.0042683478	0.9792552	1045.5237	0.052801292	0.011242797	95.0	0.0
SPIKE	S85:A>C	0	127471	0.0	-1.0	0.0	TRUE	A	2.1023717E-4	7.0	0.0050923345	0.9802256	435.65555	0.061829377	0.021005323	95.0	1.0
SPIKE	S85:A>T	0	127471	0.0	-1.0	0.0	TRUE	A	4.773925E-4	935.0	0.0063608713	0.95566076	148.39941	0.06550081	0.013280973	95.0	0.0
SPIKE	S86:T>C	10	127469	7.8450445E-5	2.033278	39.4	TRUE	T	8.39125E-4	1938.0	0.004386019	0.92337775	1045.5072	0.055435307	0.015540419	95.0	0.0
SPIKE	D86-87:T>	5	127469	3.9225222E-5	-1.0	39.59158	TRUE		NaN	NaN	NaN	NaN	NaN	NaN	NaN	NaN	NaN
SPIKE	S86:T>A	0	127469	0.0	-1.0	0.0	TRUE	T	9.843982E-5	202.0	0.0064217774	0.9906918	148.3971	0.06252043	0.008865055	95.0	0.0
SPIKE	S86:T>G	0	127469	0.0	-1.0	0.0	TRUE	T	1.1924461E-5	36.0	0.002539756	0.9988678	435.6487	0.042329706	0.010681565	95.0	0.0
SPIKE	S87:T>A	1	127469	7.845045E-6	4.2596874	39.0	TRUE	T	4.4346652E-5	91.0	0.0064217774	0.9957959	148.3971	0.06252043	0.008865055	95.0	0.0
SPIKE	S87:T>C	5	127469	3.9225222E-5	2.5063212	39.0	TRUE	T	3.9574833E-4	914.0	0.004386019	0.96310186	1045.5072	0.055435307	0.015540419	95.0	0.0
SPIKE	S87:T>G	0	127469	0.0	-1.0	0.0	TRUE	T	4.4385495E-5	134.0	0.002539756	0.99579227	435.6487	0.042329706	0.010681565	95.0	0.0
SPIKE	S88:T>A	1	127469	7.845045E-6	4.2596874	39.0	TRUE	T	5.3605843E-5	110.0	0.0064217774	0.9949204	148.3971	0.06252043	0.008865055	95.0	0.0
SPIKE	S88:T>C	12	127469	9.414054E-5	15.021913	38.166668	TRUE	T	3.615425E-4	835.0	0.004386019	0.9662366	1045.5072	0.055435307	0.015540419	95.0	0.0
SPIKE	S88:T>G	0	127469	0.0	-1.0	0.0	TRUE	T	5.2997602E-6	16.0	0.002539756	0.99949664	435.6487	0.042329706	0.010681565	95.0	0.0
SPIKE	S89:A>G	24	127469	1.8828108E-4	53.942116	39.375	TRUE	A	1.9715609E-4	478.0	0.0042683478	0.9814445	1045.5072	0.052801292	0.011242797	95.0	0.0
SPIKE	S89:A>C	0	127469	0.0	-1.0	0.0	TRUE	A	2.1023717E-4	5.0	0.0050923345	0.9802256	435.6487	0.061829377	0.021005323	95.0	1.0
SPIKE	S89:A>T	0	127469	0.0	-1.0	0.0	TRUE	A	4.9527058E-5	97.0	0.0063608713	0.99530596	148.3971	0.06550081	0.013280973	95.0	0.0
SPIKE	S90:T>A	1	127469	7.845045E-6	-1.0	40.0	TRUE	T	2.1929663E-5	45.0	0.0064217774	0.99791884	148.3971	0.06252043	0.008865055	95.0	0.0
SPIKE	S90:T>C	6	127469	4.707027E-5	4.872041	39.166668	TRUE	T	3.3123355E-4	765.0	0.004386019	0.96902275	1045.5072	0.055435307	0.015540419	95.0	0.0
SPIKE	S90:T>G	0	127469	0.0	-1.0	0.0	TRUE	T	9.605816E-6	29.0	0.002539756	0.99908787	435.6487	0.042329706	0.010681565	95.0	0.0
SPIKE	S91:C>G	1	127469	7.845045E-6	2.0412	40.0	TRUE	C	1.1918529E-4	8.0	0.0039032854	0.9887413	330.44644	0.046155628	0.008770326	95.0	1.0
SPIKE	S91:C>A	9	127469	7.0605405E-5	-1.0	38.88889	TRUE	C	6.051134E-6	11.0	0.0068750903	0.9994253	172.89284	0.070606515	0.017091176	95.0	0.0
SPIKE	S91:C>T	10	127469	7.8450445E-5	23.451881	39.5	TRUE	C	1.6029092E-4	363.0	0.0050457246	0.9848877	471.1656	0.05657229	0.012856085	95.0	0.0
SPIKE	S92:G>A	20	127469	1.5690089E-4	37.181473	39.45	TRUE	G	2.6230727E-4	592.0	0.006144818	0.9753887	471.1656	0.05682901	0.014227535	95.0	0.0
SPIKE	S92:G>C	0	127469	0.0	-1.0	0.0	TRUE	G	5.93906E-6	17.0	0.003439145	0.99943596	330.44644	0.044685803	0.0117735965	95.0	0.0
SPIKE	S92:G>T	0	127469	0.0	-1.0	0.0	TRUE	G	4.248512E-6	11.0	0.0043832706	0.9995965	172.89284	0.049448892	0.011630583	95.0	0.0
SPIKE	S93:T>C	5	127469	3.9225222E-5	3.5805361	39.4	TRUE	T	3.4941893E-4	807.0	0.004386019	0.9673501	1045.5072	0.055435307	0.015540419	95.0	0.0
SPIKE	S93:T>A	0	127469	0.0	-1.0	0.0	TRUE	T	4.5321303E-5	93.0	0.0064217774	0.99570376	148.3971	0.06252043	0.008865055	95.0	0.0
SPIKE	S93:T>G	0	127469	0.0	-1.0	0.0	TRUE	T	1.1593226E-5	35.0	0.002539756	0.9988992	435.6487	0.042329706	0.010681565	95.0	0.0
SPIKE	S94:C>A	15	127469	1.1767567E-4	-1.0	39.333332	TRUE	C	6.051134E-6	11.0	0.0068750903	0.9994253	172.89284	0.070606515	0.017091176	95.0	0.0
SPIKE	S94:C>T	15	127469	1.1767567E-4	30.383287	39.266666	TRUE	C	1.8148641E-4	411.0	0.0050457246	0.9829066	471.1656	0.05657229	0.012856085	95.0	0.0
SPIKE	S94:C>G	0	127469	0.0	-1.0	0.0	TRUE	C	1.1918529E-4	4.0	0.0039032854	0.9887413	330.44644	0.046155628	0.008770326	95.0	1.0
SPIKE	S95:G>A	10	127469	7.8450445E-5	23.451881	39.0	TRUE	G	1.3115363E-4	296.0	0.006144818	0.98761773	471.1656	0.05682901	0.014227535	95.0	0.0
SPIKE	S95:G>C	1	127469	7.845045E-6	-1.0	40.0	TRUE	G	7.685842E-6	22.0	0.003439145	0.99927014	330.44644	0.044685803	0.0117735965	95.0	0.0
SPIKE	D95-98:GTC>	1	127469	7.845045E-6	-1.0	39.850983	TRUE		NaN	NaN	NaN	NaN	NaN	NaN	NaN	NaN	NaN
SPIKE	S95:G>T	0	127469	0.0	-1.0	0.0	TRUE	G	6.677612E-5	3.0	0.0043832706	0.99367636	172.89284	0.049448892	0.011630583	95.0	1.0
SPIKE	S96:T>C	4	127469	3.138018E-5	0.7240611	39.5	TRUE	T	5.3949933E-4	1246.0	0.004386019	0.9500388	1045.5072	0.055435307	0.015540419	95.0	0.0
SPIKE	S96:T>A	0	127469	0.0	-1.0	0.0	TRUE	T	4.093537E-5	84.0	0.0064217774	0.99611866	148.3971	0.06252043	0.008865055	95.0	0.0
SPIKE	S96:T>G	0	127469	0.0	-1.0	0.0	TRUE	T	1.1924461E-5	36.0	0.002539756	0.9988678	435.6487	0.042329706	0.010681565	95.0	0.0
SPIKE	S97:C>T	6	127469	4.707027E-5	13.113299	39.5	TRUE	C	1.1701679E-4	265.0	0.0050457246	0.98894495	471.1656	0.05657229	0.012856085	95.0	0.0
SPIKE	S97:C>A	7	127469	5.4915312E-5	-1.0	38.857143	TRUE	C	5.501031E-6	10.0	0.0068750903	0.99947757	172.89284	0.070606515	0.017091176	95.0	0.0
SPIKE	S97:C>G	0	127469	0.0	-1.0	0.0	TRUE	C	1.1918529E-4	4.0	0.0039032854	0.9887413	330.44644	0.046155628	0.008770326	95.0	1.0
SPIKE	S98:A>C	1	127469	7.845045E-6	-1.0	40.0	TRUE	A	1.2547188E-5	26.0	0.0050923345	0.99880874	435.6487	0.061829377	0.021005323	95.0	0.0
SPIKE	S98:A>T	1	127469	7.845045E-6	-1.0	40.0	TRUE	A	5.6164704E-6	11.0	0.0063608713	0.9994666	148.3971	0.06550081	0.013280973	95.0	0.0
SPIKE	S98:A>G	38	127469	2.981117E-4	70.10475	39.36842	TRUE	A	4.3308345E-4	1050.0	0.0042683478	0.95969194	1045.5072	0.052801292	0.011242797	95.0	0.0
SPIKE	D98-101:ATC>	2	127469	1.569009E-5	-1.0	39.75187	TRUE		NaN	NaN	NaN	NaN	NaN	NaN	NaN	NaN	NaN
SPIKE	S99:T>C	8	127469	6.276036E-5	5.998918	38.25	TRUE	T	3.8925355E-4	899.0	0.004386019	0.9636963	1045.5072	0.055435307	0.015540419	95.0	0.0
SPIKE	S99:T>A	5	127469	3.9225222E-5	-1.0	39.2	TRUE	T	1.3645124E-5	28.0	0.0064217774	0.99870455	148.3971	0.06252043	0.008865055	95.0	0.0
SPIKE	S99:T>G	0	127469	0.0	-1.0	0.0	TRUE	T	7.6184056E-6	23.0	0.002539756	0.9992765	435.6487	0.042329706	0.010681565	95.0	0.0
SPIKE	S100:C>T	7	127469	5.4915312E-5	11.410683	39.714287	TRUE	C	1.7486281E-4	396.0	0.0050457246	0.9835253	471.1656	0.05657229	0.012856085	95.0	0.0
SPIKE	S100:C>A	14	127469	1.09830624E-4	-1.0	39.57143	TRUE	C	1.2102268E-5	22.0	0.0068750903	0.99885094	172.89284	0.070606515	0.017091176	95.0	0.0
SPIKE	S100:C>G	1	127469	7.845045E-6	2.0412	39.0	TRUE	C	1.1918529E-4	7.0	0.0039032854	0.9887413	330.44644	0.046155628	0.008770326	95.0	1.0
SPIKE	S101:G>T	1	127469	7.845045E-6	4.2596874	38.0	TRUE	G	6.677612E-5	8.0	0.0043832706	0.99367636	172.89284	0.049448892	0.011630583	95.0	1.0
SPIKE	S101:G>A	16	127469	1.2552072E-4	39.792072	39.3125	TRUE	G	1.719176E-4	388.0	0.006144818	0.9838005	471.1656	0.05682901	0.014227535	95.0	0.0
SPIKE	S101:G>C	0	127469	0.0	-1.0	0.0	TRUE	G	3.4935647E-6	10.0	0.003439145	0.9996682	330.44644	0.044685803	0.0117735965	95.0	0.0
SPIKE	D102-104:TG>	1	127469	7.845045E-6	-1.0	39.668007	TRUE		NaN	NaN	NaN	NaN	NaN	NaN	NaN	NaN	NaN
SPIKE	S102:T>C	9	127469	7.0605405E-5	5.7604303	38.88889	TRUE	T	5.1048934E-4	1179.0	0.004386019	0.9526607	1045.5072	0.055435307	0.015540419	95.0	0.0
SPIKE	S102:T>A	5	127469	3.9225222E-5	-1.0	39.2	TRUE	T	2.1442338E-5	44.0	0.0064217774	0.99796504	148.3971	0.06252043	0.008865055	95.0	0.0
SPIKE	S102:T>G	1	127469	7.845045E-6	-1.0	40.0	TRUE	T	1.5236811E-5	46.0	0.002539756	0.9985536	435.6487	0.042329706	0.010681565	95.0	0.0
SPIKE	S103:G>A	18	127469	1.4121081E-4	45.363	39.27778	TRUE	G	1.1919029E-4	269.0	0.006144818	0.9887408	471.1656	0.05682901	0.014227535	95.0	0.0
SPIKE	S103:G>C	0	127469	0.0	-1.0	0.0	TRUE	G	1.154436E-4	8.0	0.003439145	0.98909277	330.44644	0.044685803	0.0117735965	95.0	1.0
SPIKE	S103:G>T	0	127469	0.0	-1.0	0.0	TRUE	G	5.4071975E-6	14.0	0.0043832706	0.99948645	172.89284	0.049448892	0.011630583	95.0	0.0
SPIKE	S104:G>A	14	127469	1.09830624E-4	43.393585	39.214287	TRUE	G	1.03682265E-4	234.0	0.006144818	0.99019855	471.1656	0.05682901	0.014227535	95.0	0.0
SPIKE	S104:G>C	0	127469	0.0	-1.0	0.0	TRUE	G	8.035199E-6	23.0	0.003439145	0.99923694	330.44644	0.044685803	0.0117735965	95.0	0.0
SPIKE	S104:G>T	0	127469	0.0	-1.0	0.0	TRUE	G	6.677612E-5	7.0	0.0043832706	0.99367636	172.89284	0.049448892	0.011630583	95.0	1.0
SPIKE	S105:C>T	13	127469	1.0198558E-4	25.388708	34.46154	TRUE	C	1.8546057E-4	420.0	0.0050457246	0.98253554	471.1656	0.05657229	0.012856085	95.0	0.0
SPIKE	S105:C>A	10	127469	7.8450445E-5	-1.0	39.3	TRUE	C	1.8703506E-5	34.0	0.0068750903	0.99822474	172.89284	0.070606515	0.017091176	95.0	0.0
SPIKE	S105:C>G	1	127469	7.845045E-6	-1.0	40.0	TRUE	C	9.37767E-6	26.0	0.0039032854	0.9991095	330.44644	0.046155628	0.008770326	95.0	0.0
SPIKE	D105-106:C>	1	127469	7.845045E-6	-1.0	39.813187	TRUE		NaN	NaN	NaN	NaN	NaN	NaN	NaN	NaN	NaN
SPIKE	D105-107:CG>	1	127469	7.845045E-6	-1.0	39.813187	TRUE		NaN	NaN	NaN	NaN	NaN	NaN	NaN	NaN	NaN
SPIKE	S106:G>T	1	127469	7.845045E-6	-1.0	40.0	TRUE	G	1.660782E-5	43.0	0.0043832706	0.9984235	172.89284	0.049448892	0.011630583	95.0	0.0
SPIKE	S106:G>A	13	127469	1.0198558E-4	20.706247	39.307693	TRUE	G	2.7249826E-4	615.0	0.006144818	0.97444487	471.1656	0.05682901	0.014227535	95.0	0.0
SPIKE	S106:G>C	0	127469	0.0	-1.0	0.0	TRUE	G	3.842921E-6	11.0	0.003439145	0.999635	330.44644	0.044685803	0.0117735965	95.0	0.0
SPIKE	S107:G>A	6	127469	4.707027E-5	13.113299	39.166668	TRUE	G	1.5508031E-4	350.0	0.006144818	0.98537534	471.1656	0.05682901	0.014227535	95.0	0.0
SPIKE	S107:G>C	0	127469	0.0	-1.0	0.0	TRUE	G	5.93906E-6	17.0	0.003439145	0.99943596	330.44644	0.044685803	0.0117735965	95.0	0.0
SPIKE	S107:G>T	0	127469	0.0	-1.0	0.0	TRUE	G	6.677612E-5	6.0	0.0043832706	0.99367636	172.89284	0.049448892	0.011630583	95.0	1.0
SPIKE	S108:C>T	11	127469	8.629549E-5	20.53052	39.545456	TRUE	C	1.9031786E-4	431.0	0.0050457246	0.98208225	471.1656	0.05657229	0.012856085	95.0	0.0
SPIKE	S108:C>A	3	127469	2.3535134E-5	-1.0	40.0	TRUE	C	5.501031E-6	10.0	0.0068750903	0.99947757	172.89284	0.070606515	0.017091176	95.0	0.0
SPIKE	S108:C>G	1	127469	7.845045E-6	2.0412	40.0	TRUE	C	1.1918529E-4	4.0	0.0039032854	0.9887413	330.44644	0.046155628	0.008770326	95.0	1.0
SPIKE	S109:A>C	4	127469	3.138018E-5	-1.0	39.75	TRUE	A	1.0616852E-5	22.0	0.0050923345	0.9989919	435.6487	0.061829377	0.021005323	95.0	0.0
SPIKE	S109:A>T	1	127469	7.845045E-6	-1.0	38.0	TRUE	A	9.190588E-6	18.0	0.0063608713	0.99912727	148.3971	0.06550081	0.013280973	95.0	0.0
SPIKE	S109:A>G	52	127469	4.079423E-4	99.10792	39.28846	TRUE	A	4.5906848E-4	1113.0	0.0042683478	0.9573258	1045.5072	0.052801292	0.011242797	95.0	0.0
SPIKE	S110:G>T	1	127469	7.845045E-6	4.2596874	39.0	TRUE	G	6.677612E-5	4.0	0.0043832706	0.99367636	172.89284	0.049448892	0.011630583	95.0	1.0
SPIKE	S110:G>A	13	127469	1.0198558E-4	31.537222	38.846153	TRUE	G	1.3957228E-4	315.0	0.006144818	0.98682815	471.1656	0.05682901	0.014227535	95.0	0.0
SPIKE	S110:G>C	0	127469	0.0	-1.0	0.0	TRUE	G	1.154436E-4	4.0	0.003439145	0.98909277	330.44644	0.044685803	0.0117735965	95.0	1.0
SPIKE	S111:C>T	14	127469	1.09830624E-4	34.27314	39.5	TRUE	C	1.5675834E-4	355.0	0.0050457246	0.9852183	471.1656	0.05657229	0.012856085	95.0	0.0
SPIKE	S111:C>A	8	127469	6.276036E-5	-1.0	39.625	TRUE	C	5.501031E-6	10.0	0.0068750903	0.99947757	172.89284	0.070606515	0.017091176	95.0	0.0
SPIKE	S111:C>G	0	127469	0.0	-1.0	0.0	TRUE	C	5.4101943E-6	15.0	0.0039032854	0.99948615	330.44644	0.046155628	0.008770326	95.0	0.0
SPIKE	S112:G>A	8	127469	6.276036E-5	18.199682	39.75	TRUE	G	1.1874721E-4	268.0	0.006144818	0.9887824	471.1656	0.05682901	0.014227535	95.0	0.0
SPIKE	S112:G>C	0	127469	0.0	-1.0	0.0	TRUE	G	1.154436E-4	5.0	0.003439145	0.98909277	330.44644	0.044685803	0.0117735965	95.0	1.0
SPIKE	S112:G>T	0	127469	0.0	-1.0	0.0	TRUE	G	6.677612E-5	3.0	0.0043832706	0.99367636	172.89284	0.049448892	0.011630583	95.0	1.0
SPIKE	S113:T>C	11	127469	8.629549E-5	3.391791	39.454544	TRUE	T	7.8759977E-4	1819.0	0.004386019	0.92790866	1045.5072	0.055435307	0.015540419	95.0	0.0
SPIKE	S113:T>A	1	127469	7.845045E-6	4.2596874	38.0	TRUE	T	3.6549438E-5	75.0	0.0064217774	0.9965338	148.3971	0.06252043	0.008865055	95.0	0.0
SPIKE	S113:T>G	0	127469	0.0	-1.0	0.0	TRUE	T	2.5836332E-5	78.0	0.002539756	0.9975486	435.6487	0.042329706	0.010681565	95.0	0.0
SPIKE	S114:G>A	9	127469	7.0605405E-5	28.342087	39.444443	TRUE	G	9.9251396E-5	224.0	0.006144818	0.9906154	471.1656	0.05682901	0.014227535	95.0	0.0
SPIKE	S114:G>C	0	127469	0.0	-1.0	0.0	TRUE	G	1.154436E-4	5.0	0.003439145	0.98909277	330.44644	0.044685803	0.0117735965	95.0	1.0
SPIKE	S114:G>T	0	127469	0.0	-1.0	0.0	TRUE	G	6.677612E-5	7.0	0.0043832706	0.99367636	172.89284	0.049448892	0.011630583	95.0	1.0
SPIKE	S115:A>T	6	127469	4.707027E-5	-1.0	33.666668	TRUE	A	2.9103529E-5	57.0	0.0063608713	0.997239	148.3971	0.06550081	0.013280973	95.0	0.0
SPIKE	S115:A>C	1	127469	7.845045E-6	-1.0	39.0	TRUE	A	1.1099435E-5	23.0	0.0050923345	0.99894613	435.6487	0.061829377	0.021005323	95.0	0.0
SPIKE	S115:A>G	29	127469	2.275063E-4	43.315125	39.41379	TRUE	A	4.966024E-4	1204.0	0.0042683478	0.95391834	1045.5072	0.052801292	0.011242797	95.0	0.0
SPIKE	S116:C>T	9	127469	7.0605405E-5	28.342087	39.333332	TRUE	C	7.992467E-5	181.0	0.0050457246	0.99243593	471.1656	0.05657229	0.012856085	95.0	0.0
SPIKE	S116:C>A	4	127469	3.138018E-5	13.290587	40.0	TRUE	C	9.510888E-5	3.0	0.0068750903	0.99100536	172.89284	0.070606515	0.017091176	95.0	1.0
SPIKE	S116:C>G	0	127469	0.0	-1.0	0.0	TRUE	C	1.1918529E-4	3.0	0.0039032854	0.9887413	330.44644	0.046155628	0.008770326	95.0	1.0
SPIKE	S117:C>T	5	127469	3.9225222E-5	10.658173	40.0	TRUE	C	1.5057632E-4	341.0	0.0050457246	0.98579705	471.1656	0.05657229	0.012856085	95.0	0.0
SPIKE	S117:C>A	8	127469	6.276036E-5	-1.0	39.125	TRUE	C	1.5402886E-5	28.0	0.0068750903	0.9985378	172.89284	0.070606515	0.017091176	95.0	0.0
SPIKE	S117:C>G	0	127469	0.0	-1.0	0.0	TRUE	C	1.1918529E-4	3.0	0.0039032854	0.9887413	330.44644	0.046155628	0.008770326	95.0	1.0
SPIKE	S118:T>C	4	127469	3.138018E-5	2.4537697	39.0	TRUE	T	3.7063519E-4	856.0	0.004386019	0.9654023	1045.5072	0.055435307	0.015540419	95.0	0.0
SPIKE	S118:T>A	2	127469	1.569009E-5	7.269987	39.5	TRUE	T	4.8732585E-5	100.0	0.0064217774	0.9953811	148.3971	0.06252043	0.008865055	95.0	0.0
SPIKE	S118:T>G	0	127469	0.0	-1.0	0.0	TRUE	T	1.1593226E-5	35.0	0.002539756	0.9988992	435.6487	0.042329706	0.010681565	95.0	0.0
SPIKE	S119:A>T	4	127469	3.138018E-5	13.290587	38.75	TRUE	A	3.727294E-5	73.0	0.0063608713	0.9964653	148.3971	0.06550081	0.013280973	95.0	0.0
SPIKE	S119:A>G	19	127469	1.4905585E-4	34.737488	39.68421	TRUE	A	2.81298E-4	682.0	0.0042683478	0.9736306	1045.5072	0.052801292	0.011242797	95.0	0.0
SPIKE	S119:A>C	0	127469	0.0	-1.0	0.0	TRUE	A	9.651683E-6	20.0	0.0050923345	0.9990835	435.6487	0.061829377	0.021005323	95.0	0.0
SPIKE	S120:T>C	7	127469	5.4915312E-5	1.8890414	39.285713	TRUE	T	5.970863E-4	1379.0	0.004386019	0.9448556	1045.5072	0.055435307	0.015540419	95.0	0.0
SPIKE	S120:T>A	0	127469	0.0	-1.0	0.0	TRUE	T	1.5594427E-5	32.0	0.0064217774	0.9985196	148.3971	0.06252043	0.008865055	95.0	0.0
SPIKE	S120:T>G	0	127469	0.0	-1.0	0.0	TRUE	T	1.5236811E-5	46.0	0.002539756	0.9985536	435.6487	0.042329706	0.010681565	95.0	0.0
SPIKE	S121:G>A	19	127469	1.4905585E-4	48.1648	39.36842	TRUE	G	1.4488932E-4	327.0	0.006144818	0.9863298	471.1656	0.05682901	0.014227535	95.0	0.0
SPIKE	S121:G>C	0	127469	0.0	-1.0	0.0	TRUE	G	1.154436E-4	3.0	0.003439145	0.98909277	330.44644	0.044685803	0.0117735965	95.0	1.0
SPIKE	S121:G>T	0	127469	0.0	-1.0	0.0	TRUE	G	6.677612E-5	6.0	0.0043832706	0.99367636	172.89284	0.049448892	0.011630583	95.0	1.0
SPIKE	S122:T>C	10	127469	7.8450445E-5	3.4108207	38.8	TRUE	T	7.144253E-4	1650.0	0.004386019	0.93438154	1045.5072	0.055435307	0.015540419	95.0	0.0
SPIKE	S122:T>A	3	127469	2.3535134E-5	10.280287	39.333332	TRUE	T	3.7036767E-5	76.0	0.0064217774	0.9964877	148.3971	0.06252043	0.008865055	95.0	0.0
SPIKE	S122:T>G	0	127469	0.0	-1.0	0.0	TRUE	T	1.6561751E-5	50.0	0.002539756	0.99842787	435.6487	0.042329706	0.010681565	95.0	0.0
SPIKE	S123:G>T	1	127469	7.845045E-6	4.2596874	39.0	TRUE	G	6.677612E-5	4.0	0.0043832706	0.99367636	172.89284	0.049448892	0.011630583	95.0	1.0
SPIKE	S123:G>A	10	127469	7.8450445E-5	31.352386	39.5	TRUE	G	9.4820534E-5	214.0	0.006144818	0.9910325	471.1656	0.05682901	0.014227535	95.0	0.0
SPIKE	S123:G>C	0	127469	0.0	-1.0	0.0	TRUE	G	1.154436E-4	2.0	0.003439145	0.98909277	330.44644	0.044685803	0.0117735965	95.0	1.0
SPIKE	D124-126:TG>	1	127469	7.845045E-6	-1.0	39.509434	TRUE		NaN	NaN	NaN	NaN	NaN	NaN	NaN	NaN	NaN
SPIKE	S124:T>C	10	127469	7.8450445E-5	2.6436176	39.7	TRUE	T	7.629196E-4	1762.0	0.004386019	0.9300868	1045.5072	0.055435307	0.015540419	95.0	0.0
SPIKE	S124:T>G	3	127469	2.3535134E-5	-1.0	39.0	TRUE	T	2.0536572E-5	62.0	0.002539756	0.9980509	435.6487	0.042329706	0.010681565	95.0	0.0
SPIKE	S124:T>A	0	127469	0.0	-1.0	0.0	TRUE	T	1.656908E-5	34.0	0.0064217774	0.99842715	148.3971	0.06252043	0.008865055	95.0	0.0
SPIKE	S125:G>A	7	127469	5.4915312E-5	15.631419	39.42857	TRUE	G	1.3691376E-4	309.0	0.006144818	0.9870774	471.1656	0.05682901	0.014227535	95.0	0.0
SPIKE	S125:G>C	0	127469	0.0	-1.0	0.0	TRUE	G	1.154436E-4	5.0	0.003439145	0.98909277	330.44644	0.044685803	0.0117735965	95.0	1.0
SPIKE	S125:G>T	0	127469	0.0	-1.0	0.0	TRUE	G	6.677612E-5	2.0	0.0043832706	0.99367636	172.89284	0.049448892	0.011630583	95.0	1.0
SPIKE	S126:C>T	6	127469	4.707027E-5	13.113299	34.666668	TRUE	C	1.5322576E-4	347.0	0.0050457246	0.985549	471.1656	0.05657229	0.012856085	95.0	0.0
SPIKE	S126:C>G	5	127469	3.9225222E-5	16.300888	40.0	TRUE	C	4.1838834E-5	116.0	0.0039032854	0.9960332	330.44644	0.046155628	0.008770326	95.0	0.0
SPIKE	S126:C>A	3	127469	2.3535134E-5	-1.0	40.0	TRUE	C	6.601237E-6	12.0	0.0068750903	0.9993731	172.89284	0.070606515	0.017091176	95.0	0.0
SPIKE	D126-128:CG>	4	127469	3.138018E-5	-1.0	39.855	TRUE		NaN	NaN	NaN	NaN	NaN	NaN	NaN	NaN	NaN
SPIKE	S127:G>T	1	127469	7.845045E-6	4.2596874	33.0	TRUE	G	6.677612E-5	9.0	0.0043832706	0.99367636	172.89284	0.049448892	0.011630583	95.0	1.0
SPIKE	S127:G>A	9	127469	7.0605405E-5	15.850103	39.0	TRUE	G	1.8698255E-4	422.0	0.006144818	0.9823935	471.1656	0.05682901	0.014227535	95.0	0.0
SPIKE	S127:G>C	0	127469	0.0	-1.0	0.0	TRUE	G	2.480431E-5	71.0	0.003439145	0.9976464	330.44644	0.044685803	0.0117735965	95.0	0.0
SPIKE	S128:G>A	11	127469	8.629549E-5	26.1236	39.272728	TRUE	G	1.621697E-4	366.0	0.006144818	0.98471195	471.1656	0.05682901	0.014227535	95.0	0.0
SPIKE	S128:G>T	1	127469	7.845045E-6	-1.0	38.0	TRUE	G	4.248512E-6	11.0	0.0043832706	0.9995965	172.89284	0.049448892	0.011630583	95.0	0.0
SPIKE	S128:G>C	0	127469	0.0	-1.0	0.0	TRUE	G	9.432625E-6	27.0	0.003439145	0.9991043	330.44644	0.044685803	0.0117735965	95.0	0.0
SPIKE	S129:C>A	3	127469	2.3535134E-5	-1.0	38.0	TRUE	C	1.4852783E-5	27.0	0.0068750903	0.99859	172.89284	0.070606515	0.017091176	95.0	0.0
SPIKE	S129:C>T	11	127469	8.629549E-5	26.1236	34.454544	TRUE	C	1.7000551E-4	385.0	0.0050457246	0.9839792	471.1656	0.05657229	0.012856085	95.0	0.0
SPIKE	S129:C>G	0	127469	0.0	-1.0	0.0	TRUE	C	3.678932E-5	102.0	0.0039032854	0.9965111	330.44644	0.046155628	0.008770326	95.0	0.0
SPIKE	D130-133:GGC>	5	127469	3.9225222E-5	-1.0	39.818184	TRUE		NaN	NaN	NaN	NaN	NaN	NaN	NaN	NaN	NaN
SPIKE	S130:G>A	15	127469	1.1767567E-4	21.102957	39.333332	TRUE	G	3.5136766E-4	793.0	0.006144818	0.967171	471.1656	0.05682901	0.014227535	95.0	0.0
SPIKE	S130:G>T	2	127469	1.569009E-5	-1.0	39.5	TRUE	G	1.1200623E-5	29.0	0.0043832706	0.99893653	172.89284	0.049448892	0.011630583	95.0	0.0
SPIKE	S130:G>C	0	127469	0.0	-1.0	0.0	TRUE	G	2.5153666E-5	72.0	0.003439145	0.99761325	330.44644	0.044685803	0.0117735965	95.0	0.0
SPIKE	S131:G>A	7	127469	5.4915312E-5	11.410683	38.285713	TRUE	G	1.949581E-4	440.0	0.006144818	0.98164946	471.1656	0.05682901	0.014227535	95.0	0.0
SPIKE	S131:G>C	1	127469	7.845045E-6	4.2596874	40.0	TRUE	G	6.74258E-5	193.0	0.003439145	0.99361503	330.44644	0.044685803	0.0117735965	95.0	0.0
SPIKE	S131:G>T	0	127469	0.0	-1.0	0.0	TRUE	G	6.677612E-5	6.0	0.0043832706	0.99367636	172.89284	0.049448892	0.011630583	95.0	1.0
SPIKE	S132:C>A	1	127469	7.845045E-6	-1.0	40.0	TRUE	C	1.430268E-5	26.0	0.0068750903	0.99864215	172.89284	0.070606515	0.017091176	95.0	0.0
SPIKE	S132:C>T	18	127469	1.4121081E-4	45.363	38.166668	TRUE	C	1.4086171E-4	319.0	0.0050457246	0.98670727	471.1656	0.05657229	0.012856085	95.0	0.0
SPIKE	S132:C>G	0	127469	0.0	-1.0	0.0	TRUE	C	2.5968931E-5	72.0	0.0039032854	0.997536	330.44644	0.046155628	0.008770326	95.0	0.0
SPIKE	S133:A>G	0	127469	0.0	-1.0	0.0	TRUE	A	4.3720807E-5	106.0	0.0042683478	0.99585515	1045.5072	0.052801292	0.011242797	95.0	0.0
SPIKE	S133:A>C	0	127469	0.0	-1.0	0.0	TRUE	A	1.4863593E-4	308.0	0.0050923345	0.98597884	435.6487	0.061829377	0.021005323	95.0	0.0
SPIKE	S133:A>T	0	127469	0.0	-1.0	0.0	TRUE	A	7.576981E-5	3.0	0.0063608713	0.9928277	148.3971	0.06550081	0.013280973	95.0	1.0
SPIKE	S134:G>A	0	127469	0.0	-1.0	0.0	TRUE	G	3.9922103E-4	901.0	0.006144818	0.9627842	471.1656	0.05682901	0.014227535	95.0	0.0
SPIKE	S134:G>C	0	127469	0.0	-1.0	0.0	TRUE	G	4.157342E-5	119.0	0.003439145	0.9960583	330.44644	0.044685803	0.0117735965	95.0	0.0
SPIKE	S134:G>T	0	127469	0.0	-1.0	0.0	TRUE	G	8.806007E-5	228.0	0.0043832706	0.9916692	172.89284	0.049448892	0.011630583	95.0	0.0
SPIKE	S135:C>A	0	127469	0.0	-1.0	0.0	TRUE	C	1.595299E-5	29.0	0.0068750903	0.9984856	172.89284	0.070606515	0.017091176	95.0	0.0
SPIKE	S135:C>G	0	127469	0.0	-1.0	0.0	TRUE	C	8.656311E-5	240.0	0.0039032854	0.9918102	330.44644	0.046155628	0.008770326	95.0	0.0
SPIKE	S135:C>T	0	127469	0.0	-1.0	0.0	TRUE	C	1.3291341E-4	301.0	0.0050457246	0.9874526	471.1656	0.05657229	0.012856085	95.0	0.0
SPIKE	S136:C>A	0	127468	0.0	-1.0	0.0	TRUE	C	1.3092556E-4	238.0	0.0068750903	0.9876391	172.89148	0.070606515	0.017091176	95.0	0.0
SPIKE	S136:C>G	0	127468	0.0	-1.0	0.0	TRUE	C	2.488709E-5	69.0	0.0039032854	0.9976385	330.44385	0.046155628	0.008770326	95.0	0.0
SPIKE	S136:C>T	0	127468	0.0	-1.0	0.0	TRUE	C	2.5876367E-4	586.0	0.0050457246	0.9757171	471.1619	0.05657229	0.012856085	95.0	0.0
SPIKE	S137:T>A	0	127468	0.0	-1.0	0.0	TRUE	T	4.0935694E-5	84.0	0.0064217774	0.99611866	148.39594	0.06252043	0.008865055	95.0	0.0
SPIKE	S137:T>G	0	127468	0.0	-1.0	0.0	TRUE	T	1.1129584E-4	336.0	0.002539756	0.9894826	435.6453	0.042329706	0.010681565	95.0	0.0
SPIKE	S137:T>C	0	127468	0.0	-1.0	0.0	TRUE	T	3.853597E-5	89.0	0.004386019	0.99634576	1045.499	0.055435307	0.015540419	95.0	0.0
SPIKE	S138:G>A	0	127468	0.0	-1.0	0.0	TRUE	G	4.1384614E-4	934.0	0.006144818	0.9614474	471.1619	0.05682901	0.014227535	95.0	0.0
SPIKE	S138:G>C	0	127468	0.0	-1.0	0.0	TRUE	G	1.154436E-4	7.0	0.003439145	0.98909277	330.44385	0.044685803	0.0117735965	95.0	1.0
SPIKE	S138:G>T	0	127468	0.0	-1.0	0.0	TRUE	G	1.7225921E-4	446.0	0.0043832706	0.9837685	172.89148	0.049448892	0.011630583	95.0	0.0
SPIKE	S139:A>G	0	127468	0.0	-1.0	0.0	TRUE	A	6.764404E-5	164.0	0.0042683478	0.9935944	1045.499	0.052801292	0.011242797	95.0	0.0
SPIKE	S139:A>C	0	127468	0.0	-1.0	0.0	TRUE	A	5.3084673E-6	11.0	0.0050923345	0.9994958	435.6453	0.061829377	0.021005323	95.0	0.0
SPIKE	S139:A>T	0	127468	0.0	-1.0	0.0	TRUE	A	5.861599E-4	1148.0	0.0063608713	0.94583684	148.39594	0.06550081	0.013280973	95.0	0.0
SPIKE	S140:T>A	0	127468	0.0	-1.0	0.0	TRUE	T	1.1695913E-4	240.0	0.0064217774	0.9889504	148.39594	0.06252043	0.008865055	95.0	0.0
SPIKE	S140:T>G	0	127468	0.0	-1.0	0.0	TRUE	T	9.639015E-5	291.0	0.002539756	0.9908847	435.6453	0.042329706	0.010681565	95.0	0.0
SPIKE	S140:T>C	0	127468	0.0	-1.0	0.0	TRUE	T	2.8144248E-5	65.0	0.004386019	0.9973299	1045.499	0.055435307	0.015540419	95.0	0.0
SPIKE	S141:T>A	0	127468	0.0	-1.0	0.0	TRUE	T	7.831388E-4	1607.0	0.0064217774	0.928302	148.39594	0.06252043	0.008865055	95.0	0.0
SPIKE	S141:T>G	0	127468	0.0	-1.0	0.0	TRUE	T	6.624753E-5	200.0	0.002539756	0.99372625	435.6453	0.042329706	0.010681565	95.0	0.0
SPIKE	S141:T>C	0	127468	0.0	-1.0	0.0	TRUE	T	2.0090662E-4	464.0	0.004386019	0.98109484	1045.499	0.055435307	0.015540419	95.0	0.0
SPIKE	S142:A>G	0	127468	0.0	-1.0	0.0	TRUE	A	0.0011276756	2734.0	0.0042683478	0.8984096	1045.499	0.052801292	0.011242797	95.0	0.0
SPIKE	S142:A>C	0	127468	0.0	-1.0	0.0	TRUE	A	2.7700549E-4	574.0	0.0050923345	0.9740277	435.6453	0.061829377	0.021005323	95.0	0.0
SPIKE	S142:A>T	0	127468	0.0	-1.0	0.0	TRUE	A	9.1396E-5	179.0	0.0063608713	0.99135494	148.39594	0.06550081	0.013280973	95.0	0.0
SPIKE	S143:G>A	0	127468	0.0	-1.0	0.0	TRUE	G	1.6305715E-4	368.0	0.006144818	0.9846289	471.1619	0.05682901	0.014227535	95.0	0.0
SPIKE	S143:G>C	0	127468	0.0	-1.0	0.0	TRUE	G	0.0015361325	4397.0	0.003439145	0.86421597	330.44385	0.044685803	0.0117735965	95.0	0.0
SPIKE	S143:G>T	0	127468	0.0	-1.0	0.0	TRUE	G	1.1200711E-5	29.0	0.0043832706	0.9989365	172.89148	0.049448892	0.011630583	95.0	0.0
SPIKE	S144:C>A	0	127468	0.0	-1.0	0.0	TRUE	C	9.510888E-5	2.0	0.0068750903	0.99100536	172.89148	0.070606515	0.017091176	95.0	1.0
SPIKE	S144:C>G	0	127468	0.0	-1.0	0.0	TRUE	C	2.4273928E-4	673.0	0.0039032854	0.9772036	330.44385	0.046155628	0.008770326	95.0	0.0
SPIKE	S144:C>T	0	127468	0.0	-1.0	0.0	TRUE	C	6.5353284E-5	148.0	0.0050457246	0.99381065	471.1619	0.05657229	0.012856085	95.0	0.0
SPIKE	S145:C>A	0	127468	0.0	-1.0	0.0	TRUE	C	8.251611E-6	15.0	0.0068750903	0.9992164	172.89148	0.070606515	0.017091176	95.0	0.0
SPIKE	S145:C>G	0	127468	0.0	-1.0	0.0	TRUE	C	1.2082862E-4	335.0	0.0039032854	0.9885869	330.44385	0.046155628	0.008770326	95.0	0.0
SPIKE	S145:C>T	0	127468	0.0	-1.0	0.0	TRUE	C	2.5390633E-4	575.0	0.0050457246	0.9761675	471.1619	0.05657229	0.012856085	95.0	0.0
SPIKE	S146:C>A	0	127468	0.0	-1.0	0.0	TRUE	C	9.510888E-5	4.0	0.0068750903	0.99100536	172.89148	0.070606515	0.017091176	95.0	1.0
SPIKE	S146:C>G	0	127468	0.0	-1.0	0.0	TRUE	C	0.0018896153	5239.0	0.0039032854	0.8356767	330.44385	0.046155628	0.008770326	95.0	0.0
SPIKE	S146:C>T	0	127468	0.0	-1.0	0.0	TRUE	C	2.728941E-4	618.0	0.0050457246	0.9744082	471.1619	0.05657229	0.012856085	95.0	0.0
SPIKE	S147:G>A	0	127468	0.0	-1.0	0.0	TRUE	G	1.5286608E-4	345.0	0.006144818	0.98558265	471.1619	0.05682901	0.014227535	95.0	0.0
SPIKE	S147:G>C	0	127468	0.0	-1.0	0.0	TRUE	G	3.6682718E-4	1050.0	0.003439145	0.96575165	330.44385	0.044685803	0.0117735965	95.0	0.0
SPIKE	S147:G>T	0	127468	0.0	-1.0	0.0	TRUE	G	0.0018473448	4783.0	0.0043832706	0.83903927	172.89148	0.049448892	0.011630583	95.0	0.0
SPIKE	S148:T>A	0	127468	0.0	-1.0	0.0	TRUE	T	4.873297E-6	10.0	0.0064217774	0.99953717	148.39594	0.06252043	0.008865055	95.0	0.0
SPIKE	S148:T>G	0	127468	0.0	-1.0	0.0	TRUE	T	0.0026485762	7996.0	0.002539756	0.77754426	435.6453	0.042329706	0.010681565	95.0	0.0
SPIKE	S148:T>C	0	127468	0.0	-1.0	0.0	TRUE	T	2.6109203E-4	603.0	0.004386019	0.97550136	1045.499	0.055435307	0.015540419	95.0	0.0
SPIKE	S149:G>A	0	127468	0.0	-1.0	0.0	TRUE	G	1.0634162E-4	240.0	0.006144818	0.9899484	471.1619	0.05682901	0.014227535	95.0	0.0
SPIKE	S149:G>C	0	127468	0.0	-1.0	0.0	TRUE	G	0.0017387609	4977.0	0.003439145	0.84773916	330.44385	0.044685803	0.0117735965	95.0	0.0
SPIKE	S149:G>T	0	127468	0.0	-1.0	0.0	TRUE	G	5.1948125E-4	1345.0	0.0043832706	0.95184726	172.89148	0.049448892	0.011630583	95.0	0.0
SPIKE	S150:C>A	0	127467	0.0	-1.0	0.0	TRUE	C	9.510888E-5	5.0	0.0068750903	0.99100536	172.89012	0.070606515	0.017091176	95.0	1.0
SPIKE	S150:C>G	0	127467	0.0	-1.0	0.0	TRUE	C	9.024345E-4	2502.0	0.0039032854	0.91784084	330.44125	0.046155628	0.008770326	95.0	0.0
SPIKE	S150:C>T	0	127467	0.0	-1.0	0.0	TRUE	C	0.0029811047	6751.0	0.0050457246	0.7533654	471.1582	0.05657229	0.012856085	95.0	0.0
SPIKE	S151:T>A	0	127440	0.0	-1.0	0.0	TRUE	T	7.231774E-5	4.0	0.0064217774	0.99315333	148.36333	0.06252043	0.008865055	95.0	1.0
SPIKE	S151:T>G	0	127440	0.0	-1.0	0.0	TRUE	T	0.0030361286	9164.0	0.002539756	0.74943763	435.5496	0.042329706	0.010681565	95.0	0.0
SPIKE	S151:T>C	0	127440	0.0	-1.0	0.0	TRUE	T	5.638748E-4	1302.0	0.004386019	0.9478414	1045.2694	0.055435307	0.015540419	95.0	0.0
SPIKE	S152:G>A	0	127383	0.0	-1.0	0.0	TRUE	G	1.7380722E-4	392.0	0.006144818	0.98362386	470.84772	0.05682901	0.014227535	95.0	0.0
SPIKE	S152:G>C	0	127383	0.0	-1.0	0.0	TRUE	G	3.4959235E-6	10.0	0.003439145	0.99966794	330.22348	0.044685803	0.0117735965	95.0	0.0
SPIKE	S152:G>T	0	127383	0.0	-1.0	0.0	TRUE	G	3.6214033E-4	937.0	0.0043832706	0.96618176	172.77618	0.049448892	0.011630583	95.0	0.0
SPIKE	S153:G>A	0	127067	0.0	-1.0	0.0	TRUE	G	5.4227585E-5	122.0	0.006144818	0.9948616	469.6797	0.05682901	0.014227535	95.0	0.0
SPIKE	S153:G>C	0	127067	0.0	-1.0	0.0	TRUE	G	4.5560028E-6	13.0	0.003439145	0.9995673	329.4043	0.044685803	0.0117735965	95.0	0.0
SPIKE	S153:G>T	0	127067	0.0	-1.0	0.0	TRUE	G	3.874503E-6	10.0	0.0043832706	0.999632	172.34758	0.049448892	0.011630583	95.0	0.0
