#pipeline_block
reference	mutation	count	coverage	freq	score	cqs	has.reference	ancestral.allele	error.rate	minor.count.local	minor.fdr	minor.recall	minor.count.global	read.fraction.in.minors	q.filtered.read.fraction	mig.size	global.est
SPIKE	S0:T>A	0	435012	0.0	-1.0	0.0	TRUE	T	3.471632E-5	62.0	0.002177442	0.998855	57.151985	0.24411242	0.007185278	33.0	0.0
SPIKE	S0:T>G	0	435012	0.0	-1.0	0.0	TRUE	T	5.845484E-6	20.0	0.0012203323	0.9998071	264.08237	0.12729813	0.0067789233	33.0	0.0
SPIKE	S0:T>C	0	435012	0.0	-1.0	0.0	TRUE	T	9.574054E-5	252.0	0.001845717	0.99684554	317.7364	0.16557658	0.019646406	33.0	0.0
SPIKE	S1:A>G	0	435293	0.0	-1.0	0.0	TRUE	A	1.342377E-4	414.0	0.0019076116	0.99557996	317.94162	0.14141163	0.014295754	33.0	0.0
SPIKE	S1:A>C	0	435293	0.0	-1.0	0.0	TRUE	A	8.701972E-6	17.0	0.0013898561	0.9997129	264.25296	0.22312818	0.03317102	33.0	0.0
SPIKE	S1:A>T	0	435293	0.0	-1.0	0.0	TRUE	A	7.4161464E-5	117.0	0.0021637403	0.9975557	57.188904	0.27651253	0.009942058	33.0	0.0
SPIKE	S2:G>A	0	435585	0.0	-1.0	0.0	TRUE	G	1.0647982E-4	334.0	0.0022908982	0.9964923	329.57425	0.13918416	0.014246943	33.0	0.0
SPIKE	S2:G>C	0	435585	0.0	-1.0	0.0	TRUE	G	1.2270146E-5	35.0	0.0016815909	0.99959517	183.69957	0.15296268	0.0072448626	33.0	0.0
SPIKE	S2:G>T	0	435585	0.0	-1.0	0.0	TRUE	G	1.178453E-5	29.0	0.001838093	0.9996112	89.752235	0.17733163	0.007192563	33.0	0.0
SPIKE	S3:C>A	0	435951	0.0	-1.0	0.0	TRUE	C	8.9730775E-6	14.0	0.0029783673	0.99970394	89.82765	0.28025058	0.014105877	33.0	0.0
SPIKE	S3:C>G	0	435951	0.0	-1.0	0.0	TRUE	C	3.4665565E-5	100.0	0.0019463097	0.99885666	183.85393	0.1514196	0.006508526	33.0	0.0
SPIKE	S3:C>T	0	435951	0.0	-1.0	0.0	TRUE	C	1.8899233E-4	599.0	0.0019068761	0.99378264	329.85117	0.13781103	0.012701945	33.0	0.0
SPIKE	S4:G>A	140	436221	3.2093824E-4	367.15384	39.74286	TRUE	G	1.031412E-4	324.0	0.0022908982	0.9966021	330.05545	0.13918416	0.014246943	33.0	0.0
SPIKE	S4:G>C	7	436221	1.6046912E-5	22.321487	39.714287	TRUE	G	2.2404125E-5	64.0	0.0016815909	0.99926096	183.96779	0.15296268	0.0072448626	33.0	0.0
SPIKE	S4:G>T	2	436221	4.584832E-6	7.269987	34.0	TRUE	G	1.7042366E-5	42.0	0.001838093	0.99943775	89.883286	0.17733163	0.007192563	33.0	0.0
SPIKE	S5:T>A	13	436461	2.978502E-5	31.537222	40.0	TRUE	T	3.2001717E-5	4.0	0.002177442	0.9989445	57.342354	0.24411242	0.007185278	33.0	1.0
SPIKE	S5:T>G	1	436461	2.2911554E-6	2.0412	40.0	TRUE	T	3.4956465E-5	120.0	0.0012203323	0.9988471	264.962	0.12729813	0.0067789233	33.0	0.0
SPIKE	S5:T>C	51	436461	1.16848925E-4	84.47999	39.882355	TRUE	T	1.8478681E-4	488.0	0.001845717	0.99392056	318.79474	0.16557658	0.019646406	33.0	0.0
SPIKE	I6:>G	1	436660	2.2901113E-6	-1.0	39.96804	TRUE		NaN	NaN	NaN	NaN	NaN	NaN	NaN	NaN	NaN
SPIKE	S6:G>A	120	436660	2.7481336E-4	349.43903	39.766666	TRUE	G	4.1660227E-5	131.0	0.0022908982	0.9986262	330.38763	0.13918416	0.014246943	33.0	0.0
SPIKE	S6:G>C	4	436660	9.160445E-6	5.449171	40.0	TRUE	G	6.4400585E-5	2.0	0.0016815909	0.99787706	184.15292	0.15296268	0.0072448626	33.0	1.0
SPIKE	S6:G>T	3	436660	6.870334E-6	10.280287	36.0	TRUE	G	2.5132487E-5	62.0	0.001838093	0.99917096	89.97374	0.17733163	0.007192563	33.0	0.0
SPIKE	S7:A>C	18	436813	4.1207564E-5	20.304775	40.0	TRUE	A	1.3526597E-4	9.0	0.0013898561	0.99554616	265.1757	0.22312818	0.03317102	33.0	1.0
SPIKE	D7-8:A>	356	436813	8.1499404E-4	-1.0	39.966557	TRUE		NaN	NaN	NaN	NaN	NaN	NaN	NaN	NaN	NaN
SPIKE	I7:>A	8	436813	1.8314473E-5	-1.0	39.966557	TRUE		NaN	NaN	NaN	NaN	NaN	NaN	NaN	NaN	NaN
SPIKE	S7:A>G	0	436813	0.0	-1.0	0.0	TRUE	A	7.367076E-5	228.0	0.0019076116	0.9975718	319.05185	0.14141163	0.014295754	33.0	0.0
SPIKE	S7:A>T	0	436813	0.0	-1.0	0.0	TRUE	A	8.211488E-6	13.0	0.0021637403	0.99972904	57.3886	0.27651253	0.009942058	33.0	0.0
SPIKE	S8:A>G	1	436840	2.2891677E-6	0.57991946	40.0	TRUE	A	9.0144174E-5	279.0	0.0019076116	0.99702966	319.07156	0.14141163	0.014295754	33.0	0.0
SPIKE	S8:A>C	26	436840	5.951836E-5	-1.0	39.653847	TRUE	A	7.651019E-6	15.0	0.0013898561	0.9997476	265.19208	0.22312818	0.03317102	33.0	0.0
SPIKE	S8:A>T	0	436840	0.0	-1.0	0.0	TRUE	A	1.0105823E-5	16.0	0.0021637403	0.9996666	57.392147	0.27651253	0.009942058	33.0	0.0
SPIKE	I9:>G	3	436860	6.8671884E-6	-1.0	39.95507	TRUE		NaN	NaN	NaN	NaN	NaN	NaN	NaN	NaN	NaN
SPIKE	S9:G>A	139	436860	3.1817975E-4	406.0013	39.834534	TRUE	G	4.5455614E-5	143.0	0.0022908982	0.99850106	330.53894	0.13918416	0.014246943	33.0	0.0
SPIKE	S9:G>C	2	436860	4.5781258E-6	2.2639637	39.0	TRUE	G	6.4400585E-5	0.0	0.0016815909	0.99787706	184.23727	0.15296268	0.0072448626	33.0	1.0
SPIKE	S9:G>T	4	436860	9.1562515E-6	-1.0	35.25	TRUE	G	5.6724793E-6	14.0	0.001838093	0.99981284	90.014946	0.17733163	0.007192563	33.0	0.0
SPIKE	D9-10:G>	148	436860	3.387813E-4	-1.0	39.95507	TRUE		NaN	NaN	NaN	NaN	NaN	NaN	NaN	NaN	NaN
SPIKE	D9-11:GA>	30	436860	6.8671885E-5	-1.0	39.95507	TRUE		NaN	NaN	NaN	NaN	NaN	NaN	NaN	NaN	NaN
SPIKE	S10:A>G	4	436862	9.15621E-6	0.7240611	40.0	TRUE	A	1.660637E-4	514.0	0.0019076116	0.9945349	319.08765	0.14141163	0.014295754	33.0	0.0
SPIKE	S10:A>C	26	436862	5.951536E-5	79.51719	39.73077	TRUE	A	1.6321352E-5	32.0	0.0013898561	0.99946153	265.20544	0.22312818	0.03317102	33.0	0.0
SPIKE	D10-11:A>	131	436862	2.9986587E-4	-1.0	39.910645	TRUE		NaN	NaN	NaN	NaN	NaN	NaN	NaN	NaN	NaN
SPIKE	I10:>A	1	436862	2.2890524E-6	-1.0	39.910645	TRUE		NaN	NaN	NaN	NaN	NaN	NaN	NaN	NaN	NaN
SPIKE	D10-12:AC>	12	436862	2.7468628E-5	-1.0	39.910645	TRUE		NaN	NaN	NaN	NaN	NaN	NaN	NaN	NaN	NaN
SPIKE	S10:A>T	0	436862	0.0	-1.0	0.0	TRUE	A	6.3158213E-6	10.0	0.0021637403	0.9997916	57.39504	0.27651253	0.009942058	33.0	0.0
SPIKE	I11:>C	2	436865	4.5780735E-6	-1.0	39.921745	TRUE		NaN	NaN	NaN	NaN	NaN	NaN	NaN	NaN	NaN
SPIKE	S11:C>G	8	436865	1.8312294E-5	-1.0	40.0	TRUE	C	5.880817E-6	17.0	0.0019463097	0.9998059	184.23938	0.1514196	0.006508526	33.0	0.0
SPIKE	S11:C>T	27	436865	6.180399E-5	54.85469	39.77778	TRUE	C	9.130736E-5	290.0	0.0019068761	0.9969914	330.54272	0.13781103	0.012701945	33.0	0.0
SPIKE	D11-13:CG>	1	436865	2.2890367E-6	-1.0	39.921745	TRUE		NaN	NaN	NaN	NaN	NaN	NaN	NaN	NaN	NaN
SPIKE	D11-12:C>	130	436865	2.9757476E-4	-1.0	39.921745	TRUE		NaN	NaN	NaN	NaN	NaN	NaN	NaN	NaN	NaN
SPIKE	S11:C>A	0	436865	0.0	-1.0	0.0	TRUE	C	2.622332E-5	41.0	0.0029783673	0.999135	90.015976	0.28025058	0.014105877	33.0	0.0
SPIKE	S12:G>A	136	436868	3.1130685E-4	397.06448	39.463234	TRUE	G	4.5136916E-5	142.0	0.0022908982	0.9985116	330.54498	0.13918416	0.014246943	33.0	0.0
SPIKE	S12:G>C	4	436868	9.156084E-6	13.290587	40.0	TRUE	G	1.1884565E-5	34.0	0.0016815909	0.99960786	184.24065	0.15296268	0.0072448626	33.0	0.0
SPIKE	S12:G>T	1	436868	2.289021E-6	-1.0	37.0	TRUE	G	9.318903E-6	23.0	0.001838093	0.9996925	90.016594	0.17733163	0.007192563	33.0	0.0
SPIKE	D12-13:G>	161	436868	3.6853238E-4	-1.0	39.870735	TRUE		NaN	NaN	NaN	NaN	NaN	NaN	NaN	NaN	NaN
SPIKE	D12-14:GA>	9	436868	2.0601188E-5	-1.0	39.870735	TRUE		NaN	NaN	NaN	NaN	NaN	NaN	NaN	NaN	NaN
SPIKE	S13:A>G	6	436871	1.3734031E-5	0.08672286	40.0	TRUE	A	3.2468984E-4	1005.0	0.0019076116	0.98934245	319.0942	0.14141163	0.014295754	33.0	0.0
SPIKE	S13:A>C	20	436871	4.5780103E-5	61.455387	39.9	TRUE	A	2.4481524E-5	48.0	0.0013898561	0.9991924	265.2109	0.22312818	0.03317102	33.0	0.0
SPIKE	S13:A>T	1	436871	2.2890051E-6	2.0412	40.0	TRUE	A	4.6104546E-5	73.0	0.0021637403	0.9984797	57.39622	0.27651253	0.009942058	33.0	0.0
SPIKE	D13-14:A>	105	436871	2.4034554E-4	-1.0	39.855858	TRUE		NaN	NaN	NaN	NaN	NaN	NaN	NaN	NaN	NaN
SPIKE	I13:>A	3	436871	6.8670156E-6	-1.0	39.855858	TRUE		NaN	NaN	NaN	NaN	NaN	NaN	NaN	NaN	NaN
SPIKE	I14:>C	3	436871	6.8670156E-6	-1.0	39.955677	TRUE		NaN	NaN	NaN	NaN	NaN	NaN	NaN	NaN	NaN
SPIKE	D14-16:CA>	3	436871	6.8670156E-6	-1.0	39.955677	TRUE		NaN	NaN	NaN	NaN	NaN	NaN	NaN	NaN	NaN
SPIKE	S14:C>G	7	436871	1.6023036E-5	11.410683	40.0	TRUE	C	6.3734005E-5	3.0	0.0019463097	0.997899	184.24191	0.1514196	0.006508526	33.0	1.0
SPIKE	S14:C>T	52	436871	1.1902827E-4	132.03407	39.942307	TRUE	C	5.163518E-5	164.0	0.0019068761	0.9982975	330.54727	0.13781103	0.012701945	33.0	0.0
SPIKE	D14-15:C>	74	436871	1.6938639E-4	-1.0	39.955677	TRUE		NaN	NaN	NaN	NaN	NaN	NaN	NaN	NaN	NaN
SPIKE	S14:C>A	0	436871	0.0	-1.0	0.0	TRUE	C	1.9187532E-5	30.0	0.0029783673	0.999367	90.01721	0.28025058	0.014105877	33.0	0.0
SPIKE	S15:A>G	4	436871	9.1560205E-6	2.4537697	40.0	TRUE	A	1.0306075E-4	319.0	0.0019076116	0.9966048	319.0942	0.14141163	0.014295754	33.0	0.0
SPIKE	S15:A>C	30	436871	6.867015E-5	91.55839	39.766666	TRUE	A	2.7031681E-5	53.0	0.0013898561	0.9991084	265.2109	0.22312818	0.03317102	33.0	0.0
SPIKE	D15-16:A>	94	436871	2.151665E-4	-1.0	39.88427	TRUE		NaN	NaN	NaN	NaN	NaN	NaN	NaN	NaN	NaN
SPIKE	I15:>A	3	436871	6.8670156E-6	-1.0	39.88427	TRUE		NaN	NaN	NaN	NaN	NaN	NaN	NaN	NaN	NaN
SPIKE	S15:A>T	0	436871	0.0	-1.0	0.0	TRUE	A	1.5157659E-5	24.0	0.0021637403	0.9994999	57.39622	0.27651253	0.009942058	33.0	0.0
SPIKE	S16:G>A	131	436871	2.9985968E-4	382.17447	39.85496	TRUE	G	3.8779337E-5	122.0	0.0022908982	0.9987211	330.54727	0.13918416	0.014246943	33.0	0.0
SPIKE	S16:G>T	4	436871	9.1560205E-6	-1.0	35.75	TRUE	G	9.318839E-6	23.0	0.001838093	0.9996925	90.01721	0.17733163	0.007192563	33.0	0.0
SPIKE	S16:G>C	1	436871	2.2890051E-6	1.0720997	40.0	TRUE	G	6.4400585E-5	0.0	0.0016815909	0.99787706	184.24191	0.15296268	0.0072448626	33.0	1.0
SPIKE	D16-17:G>	36	436871	8.2404185E-5	-1.0	39.96844	TRUE		NaN	NaN	NaN	NaN	NaN	NaN	NaN	NaN	NaN
SPIKE	S17:A>G	6	436871	1.3734031E-5	0.9101343	40.0	TRUE	A	2.0709074E-4	641.0	0.0019076116	0.9931893	319.0942	0.14141163	0.014295754	33.0	0.0
SPIKE	S17:A>C	21	436871	4.806911E-5	64.46568	39.714287	TRUE	A	1.5810983E-5	31.0	0.0013898561	0.9994784	265.2109	0.22312818	0.03317102	33.0	0.0
SPIKE	D17-18:A>	26	436871	5.9514136E-5	-1.0	39.906082	TRUE		NaN	NaN	NaN	NaN	NaN	NaN	NaN	NaN	NaN
SPIKE	S17:A>T	0	436871	0.0	-1.0	0.0	TRUE	A	1.7052365E-5	27.0	0.0021637403	0.99943745	57.39622	0.27651253	0.009942058	33.0	0.0
SPIKE	S18:A>G	1	436871	2.2890051E-6	0.17304859	40.0	TRUE	A	1.2309138E-4	381.0	0.0019076116	0.9959462	319.0942	0.14141163	0.014295754	33.0	0.0
SPIKE	S18:A>C	124	436871	2.8383665E-4	-1.0	39.83871	TRUE	A	8.160508E-6	16.0	0.0013898561	0.99973077	265.2109	0.22312818	0.03317102	33.0	0.0
SPIKE	S18:A>T	0	436871	0.0	-1.0	0.0	TRUE	A	3.624968E-5	6.0	0.0021637403	0.99880445	57.39622	0.27651253	0.009942058	33.0	1.0
SPIKE	S19:C>G	8	436871	1.8312041E-5	13.595069	39.75	TRUE	C	6.3734005E-5	4.0	0.0019463097	0.997899	184.24191	0.1514196	0.006508526	33.0	1.0
SPIKE	S19:C>T	33	436871	7.553717E-5	70.57339	39.727272	TRUE	C	8.7842775E-5	279.0	0.0019068761	0.99710536	330.54727	0.13781103	0.012701945	33.0	0.0
SPIKE	S19:C>A	0	436871	0.0	-1.0	0.0	TRUE	C	2.494379E-5	39.0	0.0029783673	0.9991772	90.01721	0.28025058	0.014105877	33.0	0.0
SPIKE	S20:C>T	8	436871	1.8312041E-5	18.199682	39.75	TRUE	C	3.4003653E-5	108.0	0.0019068761	0.9988785	330.54727	0.13781103	0.012701945	33.0	0.0
SPIKE	S20:C>A	0	436871	0.0	-1.0	0.0	TRUE	C	5.7573605E-5	4.0	0.0029783673	0.9981019	90.01721	0.28025058	0.014105877	33.0	1.0
SPIKE	S20:C>G	0	436871	0.0	-1.0	0.0	TRUE	C	6.3734005E-5	1.0	0.0019463097	0.997899	184.24191	0.1514196	0.006508526	33.0	1.0
SPIKE	S21:A>C	20	436871	4.5780103E-5	61.455387	39.65	TRUE	A	1.3260825E-5	26.0	0.0013898561	0.9995625	265.2109	0.22312818	0.03317102	33.0	0.0
SPIKE	S21:A>G	0	436871	0.0	-1.0	0.0	TRUE	A	7.010716E-5	217.0	0.0019076116	0.9976891	319.0942	0.14141163	0.014295754	33.0	0.0
SPIKE	S21:A>T	0	436871	0.0	-1.0	0.0	TRUE	A	3.624968E-5	5.0	0.0021637403	0.99880445	57.39622	0.27651253	0.009942058	33.0	1.0
SPIKE	S22:A>G	0	436871	0.0	-1.0	0.0	TRUE	A	1.03091195E-4	0.0	0.0019076116	0.9966038	319.0942	0.14141163	0.014295754	33.0	1.0
SPIKE	S22:A>C	0	436871	0.0	-1.0	0.0	TRUE	A	1.3526597E-4	0.0	0.0013898561	0.99554616	265.2109	0.22312818	0.03317102	33.0	1.0
SPIKE	S22:A>T	0	436871	0.0	-1.0	0.0	TRUE	A	3.624968E-5	2.0	0.0021637403	0.99880445	57.39622	0.27651253	0.009942058	33.0	1.0
SPIKE	S23:A>T	436869	436871	0.9999954	9999.0	39.994434	TRUE	T	3.624968E-5	0.0	0.0021637403	0.99880445	57.39622	0.27651253	0.009942058	33.0	1.0
SPIKE	S23:A>G	0	436871	0.0	-1.0	0.0	TRUE	T	1.03091195E-4	2.0	0.0019076116	0.9966038	319.0942	0.14141163	0.014295754	33.0	1.0
SPIKE	S23:A>C	0	436871	0.0	-1.0	0.0	TRUE	T	1.3526597E-4	0.0	0.0013898561	0.99554616	265.2109	0.22312818	0.03317102	33.0	1.0
SPIKE	S24:A>G	436869	436871	0.9999954	9999.0	39.994434	TRUE	G	1.03091195E-4	0.0	0.0019076116	0.9966038	319.0942	0.14141163	0.014295754	33.0	1.0
SPIKE	S24:A>C	0	436871	0.0	-1.0	0.0	TRUE	G	1.3526597E-4	2.0	0.0013898561	0.99554616	265.2109	0.22312818	0.03317102	33.0	1.0
SPIKE	S24:A>T	0	436871	0.0	-1.0	0.0	TRUE	G	1.0736675E-5	17.0	0.0021637403	0.99964577	57.39622	0.27651253	0.009942058	33.0	0.0
SPIKE	S25:A>C	436869	436871	0.9999954	9999.0	39.99444	TRUE	C	1.3526597E-4	0.0	0.0013898561	0.99554616	265.2109	0.22312818	0.03317102	33.0	1.0
SPIKE	S25:A>G	0	436871	0.0	-1.0	0.0	TRUE	C	5.492266E-6	17.0	0.0019076116	0.99981874	319.0942	0.14141163	0.014295754	33.0	0.0
SPIKE	S25:A>T	0	436871	0.0	-1.0	0.0	TRUE	C	3.624968E-5	2.0	0.0021637403	0.99880445	57.39622	0.27651253	0.009942058	33.0	1.0
SPIKE	S26:T>C	3	436872	6.867E-6	0.08755532	40.0	TRUE	T	2.307662E-4	610.0	0.001845717	0.99241364	319.09494	0.16557658	0.019646406	33.0	0.0
SPIKE	S26:T>A	0	436872	0.0	-1.0	0.0	TRUE	T	3.289584E-5	59.0	0.002177442	0.998915	57.39635	0.24411242	0.007185278	33.0	0.0
SPIKE	S26:T>G	0	436872	0.0	-1.0	0.0	TRUE	T	8.7308945E-6	30.0	0.0012203323	0.99971193	265.21152	0.12729813	0.0067789233	33.0	0.0
SPIKE	S27:G>A	30	436872	6.867E-5	79.47218	39.4	TRUE	G	3.560062E-5	112.0	0.0022908982	0.99882585	330.54803	0.13918416	0.014246943	33.0	0.0
SPIKE	S27:G>C	0	436872	0.0	-1.0	0.0	TRUE	G	6.4400585E-5	0.0	0.0016815909	0.99787706	184.24234	0.15296268	0.0072448626	33.0	1.0
SPIKE	S27:G>T	0	436872	0.0	-1.0	0.0	TRUE	G	1.0534315E-5	26.0	0.001838093	0.99965245	90.01742	0.17733163	0.007192563	33.0	0.0
SPIKE	S28:G>A	28	436872	6.4092E-5	64.779274	38.25	TRUE	G	5.4036656E-5	170.0	0.0022908982	0.99821836	330.54803	0.13918416	0.014246943	33.0	0.0
SPIKE	S28:G>C	0	436872	0.0	-1.0	0.0	TRUE	G	6.4400585E-5	0.0	0.0016815909	0.99787706	184.24234	0.15296268	0.0072448626	33.0	1.0
SPIKE	S28:G>T	0	436872	0.0	-1.0	0.0	TRUE	G	4.861992E-6	12.0	0.001838093	0.99983954	90.01742	0.17733163	0.007192563	33.0	0.0
SPIKE	S29:G>A	26	436872	5.9514E-5	59.339897	39.53846	TRUE	G	5.1493756E-5	162.0	0.0022908982	0.99830216	330.54803	0.13918416	0.014246943	33.0	0.0
SPIKE	S29:G>C	0	436872	0.0	-1.0	0.0	TRUE	G	6.4400585E-5	1.0	0.0016815909	0.99787706	184.24234	0.15296268	0.0072448626	33.0	1.0
SPIKE	S29:G>T	0	436872	0.0	-1.0	0.0	TRUE	G	3.6471996E-5	2.0	0.001838093	0.9987971	90.01742	0.17733163	0.007192563	33.0	1.0
SPIKE	D30-41:ATCCATTATCG>	1	436872	2.289E-6	-1.0	39.948727	TRUE		NaN	NaN	NaN	NaN	NaN	NaN	NaN	NaN	NaN
SPIKE	S30:A>G	1	436872	2.289E-6	2.0412	40.0	TRUE	A	4.846106E-5	150.0	0.0019076116	0.99840206	319.09494	0.14141163	0.014295754	33.0	0.0
SPIKE	S30:A>C	0	436872	0.0	-1.0	0.0	TRUE	A	7.650458E-6	15.0	0.0013898561	0.9997476	265.21152	0.22312818	0.03317102	33.0	0.0
SPIKE	S30:A>T	0	436872	0.0	-1.0	0.0	TRUE	A	3.624968E-5	2.0	0.0021637403	0.99880445	57.39635	0.27651253	0.009942058	33.0	1.0
SPIKE	S31:T>A	0	436872	0.0	-1.0	0.0	TRUE	T	3.2001717E-5	0.0	0.002177442	0.9989445	57.39635	0.24411242	0.007185278	33.0	1.0
SPIKE	S31:T>G	0	436872	0.0	-1.0	0.0	TRUE	T	6.111626E-6	21.0	0.0012203323	0.99979836	265.21152	0.12729813	0.0067789233	33.0	0.0
SPIKE	S31:T>C	0	436872	0.0	-1.0	0.0	TRUE	T	1.1916616E-4	315.0	0.001845717	0.9960752	319.09494	0.16557658	0.019646406	33.0	0.0
SPIKE	S32:C>T	1	436872	2.289E-6	2.0412	40.0	TRUE	C	4.250447E-5	135.0	0.0019068761	0.99859834	330.54803	0.13781103	0.012701945	33.0	0.0
SPIKE	S32:C>A	0	436872	0.0	-1.0	0.0	TRUE	C	5.7573605E-5	3.0	0.0029783673	0.9981019	90.01742	0.28025058	0.014105877	33.0	1.0
SPIKE	S32:C>G	0	436872	0.0	-1.0	0.0	TRUE	C	6.3734005E-5	0.0	0.0019463097	0.997899	184.24234	0.1514196	0.006508526	33.0	1.0
SPIKE	S33:C>T	5	436872	1.14449995E-5	10.658173	40.0	TRUE	C	4.1559924E-5	132.0	0.0019068761	0.99862945	330.54803	0.13781103	0.012701945	33.0	0.0
SPIKE	S33:C>A	2	436872	4.578E-6	2.2639637	38.5	TRUE	C	5.7573605E-5	8.0	0.0029783673	0.9981019	90.01742	0.28025058	0.014105877	33.0	1.0
SPIKE	S33:C>G	0	436872	0.0	-1.0	0.0	TRUE	C	6.3734005E-5	0.0	0.0019463097	0.997899	184.24234	0.1514196	0.006508526	33.0	1.0
SPIKE	S34:A>G	0	436872	0.0	-1.0	0.0	TRUE	A	3.553811E-5	110.0	0.0019076116	0.99882793	319.09494	0.14141163	0.014295754	33.0	0.0
SPIKE	S34:A>C	0	436872	0.0	-1.0	0.0	TRUE	A	1.3526597E-4	7.0	0.0013898561	0.99554616	265.21152	0.22312818	0.03317102	33.0	1.0
SPIKE	S34:A>T	0	436872	0.0	-1.0	0.0	TRUE	A	3.624968E-5	1.0	0.0021637403	0.99880445	57.39635	0.27651253	0.009942058	33.0	1.0
SPIKE	S35:T>C	5	436872	1.14449995E-5	1.2043823	39.4	TRUE	T	1.5964483E-4	422.0	0.001845717	0.99474555	319.09494	0.16557658	0.019646406	33.0	0.0
SPIKE	S35:T>A	0	436872	0.0	-1.0	0.0	TRUE	T	3.2001717E-5	9.0	0.002177442	0.9989445	57.39635	0.24411242	0.007185278	33.0	1.0
SPIKE	S35:T>G	0	436872	0.0	-1.0	0.0	TRUE	T	1.3678402E-5	47.0	0.0012203323	0.99954873	265.21152	0.12729813	0.0067789233	33.0	0.0
SPIKE	S36:T>A	0	436872	0.0	-1.0	0.0	TRUE	T	3.2001717E-5	1.0	0.002177442	0.9989445	57.39635	0.24411242	0.007185278	33.0	1.0
SPIKE	S36:T>G	0	436872	0.0	-1.0	0.0	TRUE	T	7.718446E-5	2.0	0.0012203323	0.99745613	265.21152	0.12729813	0.0067789233	33.0	1.0
SPIKE	S36:T>C	0	436872	0.0	-1.0	0.0	TRUE	T	2.6103064E-5	69.0	0.001845717	0.99913895	319.09494	0.16557658	0.019646406	33.0	0.0
SPIKE	S37:A>G	2	436872	4.578E-6	3.9120662	40.0	TRUE	A	3.521504E-5	109.0	0.0019076116	0.9988386	319.09494	0.14141163	0.014295754	33.0	0.0
SPIKE	S37:A>C	0	436872	0.0	-1.0	0.0	TRUE	A	1.8769124E-4	368.0	0.0013898561	0.9938253	265.21152	0.22312818	0.03317102	33.0	0.0
SPIKE	S37:A>T	0	436872	0.0	-1.0	0.0	TRUE	A	3.624968E-5	1.0	0.0021637403	0.99880445	57.39635	0.27651253	0.009942058	33.0	1.0
SPIKE	S38:T>C	1	436872	2.289E-6	4.2596874	40.0	TRUE	T	1.3997294E-5	37.0	0.001845717	0.9995382	319.09494	0.16557658	0.019646406	33.0	0.0
SPIKE	S38:T>A	0	436872	0.0	-1.0	0.0	TRUE	T	3.2001717E-5	5.0	0.002177442	0.9989445	57.39635	0.24411242	0.007185278	33.0	1.0
SPIKE	S38:T>G	0	436872	0.0	-1.0	0.0	TRUE	T	7.718446E-5	6.0	0.0012203323	0.99745613	265.21152	0.12729813	0.0067789233	33.0	1.0
SPIKE	S39:C>T	7	436872	1.6023E-5	11.410683	39.57143	TRUE	C	6.391413E-5	203.0	0.0019068761	0.99789304	330.54803	0.13781103	0.012701945	33.0	0.0
SPIKE	S39:C>A	2	436872	4.578E-6	2.2639637	40.0	TRUE	C	5.7573605E-5	3.0	0.0029783673	0.9981019	90.01742	0.28025058	0.014105877	33.0	1.0
SPIKE	S39:C>G	1	436872	2.289E-6	1.0720997	40.0	TRUE	C	6.3734005E-5	2.0	0.0019463097	0.997899	184.24234	0.1514196	0.006508526	33.0	1.0
SPIKE	S40:G>A	19	436872	4.3491E-5	40.675655	39.31579	TRUE	G	5.4672382E-5	172.0	0.0022908982	0.99819744	330.54803	0.13918416	0.014246943	33.0	0.0
SPIKE	S40:G>C	0	436872	0.0	-1.0	0.0	TRUE	G	6.4400585E-5	0.0	0.0016815909	0.99787706	184.24234	0.15296268	0.0072448626	33.0	1.0
SPIKE	S40:G>T	0	436872	0.0	-1.0	0.0	TRUE	G	3.6471996E-5	9.0	0.001838093	0.9987971	90.01742	0.17733163	0.007192563	33.0	1.0
SPIKE	S41:G>C	1	436872	2.289E-6	1.0720997	40.0	TRUE	G	6.4400585E-5	0.0	0.0016815909	0.99787706	184.24234	0.15296268	0.0072448626	33.0	1.0
SPIKE	S41:G>A	17	436872	3.8913E-5	35.485752	38.82353	TRUE	G	6.834048E-5	215.0	0.0022908982	0.9977473	330.54803	0.13918416	0.014246943	33.0	0.0
SPIKE	S41:G>T	0	436872	0.0	-1.0	0.0	TRUE	G	3.6471996E-5	4.0	0.001838093	0.9987971	90.01742	0.17733163	0.007192563	33.0	1.0
SPIKE	S42:C>T	13	436872	2.9757E-5	11.5121565	38.692307	TRUE	C	1.445152E-4	459.0	0.0019068761	0.99524236	330.54803	0.13781103	0.012701945	33.0	0.0
SPIKE	S42:C>A	2	436872	4.578E-6	7.269987	40.0	TRUE	C	1.3431241E-5	21.0	0.0029783673	0.99955684	90.01742	0.28025058	0.014105877	33.0	0.0
SPIKE	S42:C>G	0	436872	0.0	-1.0	0.0	TRUE	C	6.3734005E-5	9.0	0.0019463097	0.997899	184.24234	0.1514196	0.006508526	33.0	1.0
SPIKE	S43:G>C	1	436872	2.289E-6	1.0720997	40.0	TRUE	G	6.4400585E-5	0.0	0.0016815909	0.99787706	184.24234	0.15296268	0.0072448626	33.0	1.0
SPIKE	S43:G>A	18	436872	4.1201998E-5	38.07082	39.555557	TRUE	G	7.120124E-5	224.0	0.0022908982	0.9976531	330.54803	0.13918416	0.014246943	33.0	0.0
SPIKE	S43:G>T	0	436872	0.0	-1.0	0.0	TRUE	G	3.6471996E-5	5.0	0.001838093	0.9987971	90.01742	0.17733163	0.007192563	33.0	1.0
SPIKE	S44:G>A	30	436872	6.867E-5	41.145775	39.766666	TRUE	G	1.5765989E-4	496.0	0.0022908982	0.99481076	330.54803	0.13918416	0.014246943	33.0	0.0
SPIKE	S44:G>C	0	436872	0.0	-1.0	0.0	TRUE	G	6.4400585E-5	7.0	0.0016815909	0.99787706	184.24234	0.15296268	0.0072448626	33.0	1.0
SPIKE	S44:G>T	0	436872	0.0	-1.0	0.0	TRUE	G	3.6471996E-5	5.0	0.001838093	0.9987971	90.01742	0.17733163	0.007192563	33.0	1.0
SPIKE	S45:C>T	3	436872	6.867E-6	10.280287	38.333332	TRUE	C	1.5742396E-5	50.0	0.0019068761	0.99948066	330.54803	0.13781103	0.012701945	33.0	0.0
SPIKE	S45:C>A	3	436872	6.867E-6	3.748162	39.333332	TRUE	C	5.7573605E-5	6.0	0.0029783673	0.9981019	90.01742	0.28025058	0.014105877	33.0	1.0
SPIKE	S45:C>G	0	436872	0.0	-1.0	0.0	TRUE	C	6.3734005E-5	1.0	0.0019463097	0.997899	184.24234	0.1514196	0.006508526	33.0	1.0
SPIKE	S46:G>T	2	436872	4.578E-6	3.9120662	34.0	TRUE	G	3.6471996E-5	5.0	0.001838093	0.9987971	90.01742	0.17733163	0.007192563	33.0	1.0
SPIKE	S46:G>A	26	436872	5.9514E-5	68.00451	39.153847	TRUE	G	4.5454366E-5	143.0	0.0022908982	0.9985011	330.54803	0.13918416	0.014246943	33.0	0.0
SPIKE	S46:G>C	0	436872	0.0	-1.0	0.0	TRUE	G	6.4400585E-5	0.0	0.0016815909	0.99787706	184.24234	0.15296268	0.0072448626	33.0	1.0
SPIKE	S47:A>G	0	436872	0.0	-1.0	0.0	TRUE	A	6.4614746E-6	20.0	0.0019076116	0.9997868	319.09494	0.14141163	0.014295754	33.0	0.0
SPIKE	S47:A>C	0	436872	0.0	-1.0	0.0	TRUE	A	1.3526597E-4	0.0	0.0013898561	0.99554616	265.21152	0.22312818	0.03317102	33.0	1.0
SPIKE	S47:A>T	0	436872	0.0	-1.0	0.0	TRUE	A	3.624968E-5	0.0	0.0021637403	0.99880445	57.39635	0.27651253	0.009942058	33.0	1.0
SPIKE	S48:A>G	2	436872	4.578E-6	7.269987	40.0	TRUE	A	1.38921705E-5	43.0	0.0019076116	0.99954164	319.09494	0.14141163	0.014295754	33.0	0.0
SPIKE	S48:A>C	0	436872	0.0	-1.0	0.0	TRUE	A	1.3526597E-4	1.0	0.0013898561	0.99554616	265.21152	0.22312818	0.03317102	33.0	1.0
SPIKE	S48:A>T	0	436872	0.0	-1.0	0.0	TRUE	A	3.624968E-5	1.0	0.0021637403	0.99880445	57.39635	0.27651253	0.009942058	33.0	1.0
SPIKE	D49-50:T>	1	436872	2.289E-6	-1.0	39.917286	TRUE		NaN	NaN	NaN	NaN	NaN	NaN	NaN	NaN	NaN
SPIKE	S49:T>A	0	436872	0.0	-1.0	0.0	TRUE	T	3.2001717E-5	1.0	0.002177442	0.9989445	57.39635	0.24411242	0.007185278	33.0	1.0
SPIKE	S49:T>G	0	436872	0.0	-1.0	0.0	TRUE	T	7.718446E-5	5.0	0.0012203323	0.99745613	265.21152	0.12729813	0.0067789233	33.0	1.0
SPIKE	S49:T>C	0	436872	0.0	-1.0	0.0	TRUE	T	1.8915263E-5	50.0	0.001845717	0.999376	319.09494	0.16557658	0.019646406	33.0	0.0
SPIKE	S50:T>A	0	436872	0.0	-1.0	0.0	TRUE	T	3.2001717E-5	3.0	0.002177442	0.9989445	57.39635	0.24411242	0.007185278	33.0	1.0
SPIKE	S50:T>G	0	436872	0.0	-1.0	0.0	TRUE	T	3.7833877E-6	13.0	0.0012203323	0.9998751	265.21152	0.12729813	0.0067789233	33.0	0.0
SPIKE	S50:T>C	0	436872	0.0	-1.0	0.0	TRUE	T	1.6267126E-5	43.0	0.001845717	0.9994633	319.09494	0.16557658	0.019646406	33.0	0.0
SPIKE	S51:T>C	2	436872	4.578E-6	7.269987	38.5	TRUE	T	1.3618989E-5	36.0	0.001845717	0.9995507	319.09494	0.16557658	0.019646406	33.0	0.0
SPIKE	S51:T>A	0	436872	0.0	-1.0	0.0	TRUE	T	8.3633495E-6	15.0	0.002177442	0.99972403	57.39635	0.24411242	0.007185278	33.0	0.0
SPIKE	S51:T>G	0	436872	0.0	-1.0	0.0	TRUE	T	7.718446E-5	2.0	0.0012203323	0.99745613	265.21152	0.12729813	0.0067789233	33.0	1.0
SPIKE	S52:A>G	12	436872	2.7468E-5	18.50573	39.083332	TRUE	A	8.0122285E-5	248.0	0.0019076116	0.99735945	319.09494	0.14141163	0.014295754	33.0	0.0
SPIKE	S52:A>C	0	436872	0.0	-1.0	0.0	TRUE	A	3.3662017E-4	660.0	0.0013898561	0.988953	265.21152	0.22312818	0.03317102	33.0	0.0
SPIKE	S52:A>T	0	436872	0.0	-1.0	0.0	TRUE	A	3.624968E-5	3.0	0.0021637403	0.99880445	57.39635	0.27651253	0.009942058	33.0	1.0
SPIKE	S53:C>T	10	436872	2.2889999E-5	14.269594	39.8	TRUE	C	7.965652E-5	253.0	0.0019068761	0.9973748	330.54803	0.13781103	0.012701945	33.0	0.0
SPIKE	S53:C>A	1	436872	2.289E-6	1.0720997	40.0	TRUE	C	5.7573605E-5	0.0	0.0029783673	0.9981019	90.01742	0.28025058	0.014105877	33.0	1.0
SPIKE	D53-54:C>	1	436872	2.289E-6	-1.0	39.84145	TRUE		NaN	NaN	NaN	NaN	NaN	NaN	NaN	NaN	NaN
SPIKE	S53:C>G	0	436872	0.0	-1.0	0.0	TRUE	C	6.3734005E-5	5.0	0.0019463097	0.997899	184.24234	0.1514196	0.006508526	33.0	1.0
SPIKE	S54:C>T	6	436875	1.3733906E-5	9.311187	40.0	TRUE	C	5.5412853E-5	176.0	0.0019068761	0.99817306	330.5503	0.13781103	0.012701945	33.0	0.0
SPIKE	S54:C>A	2	436875	4.5779684E-6	7.269987	40.0	TRUE	C	1.9187357E-5	30.0	0.0029783673	0.999367	90.018036	0.28025058	0.014105877	33.0	0.0
SPIKE	S54:C>G	0	436875	0.0	-1.0	0.0	TRUE	C	6.3734005E-5	0.0	0.0019463097	0.997899	184.2436	0.1514196	0.006508526	33.0	1.0
SPIKE	S55:A>C	2	436875	4.5779684E-6	0.28028724	40.0	TRUE	A	1.4484768E-4	284.0	0.0013898561	0.99523145	265.21335	0.22312818	0.03317102	33.0	0.0
SPIKE	S55:A>G	45	436875	1.0300429E-4	42.5397	40.0	TRUE	A	3.166101E-4	980.0	0.0019076116	0.98960626	319.09714	0.14141163	0.014295754	33.0	0.0
SPIKE	S55:A>T	0	436875	0.0	-1.0	0.0	TRUE	A	1.89469E-5	30.0	0.0021637403	0.9993749	57.396748	0.27651253	0.009942058	33.0	0.0
SPIKE	S56:C>T	8	436875	1.8311874E-5	13.595069	40.0	TRUE	C	5.7301928E-5	182.0	0.0019068761	0.99811083	330.5503	0.13781103	0.012701945	33.0	0.0
SPIKE	S56:C>A	3	436875	6.866953E-6	1.5176276	40.0	TRUE	C	1.0233257E-4	160.0	0.0029783673	0.9966287	90.018036	0.28025058	0.014105877	33.0	0.0
SPIKE	S56:C>G	0	436875	0.0	-1.0	0.0	TRUE	C	6.3734005E-5	3.0	0.0019463097	0.997899	184.2436	0.1514196	0.006508526	33.0	1.0
SPIKE	S57:C>T	8	436875	1.8311874E-5	18.199682	40.0	TRUE	C	3.5892415E-5	114.0	0.0019068761	0.99881625	330.5503	0.13781103	0.012701945	33.0	0.0
SPIKE	S57:C>A	5	436875	1.1444921E-5	16.300888	40.0	TRUE	C	2.3024828E-5	36.0	0.0029783673	0.99924046	90.018036	0.28025058	0.014105877	33.0	0.0
SPIKE	S57:C>G	0	436875	0.0	-1.0	0.0	TRUE	C	6.3734005E-5	0.0	0.0019463097	0.997899	184.2436	0.1514196	0.006508526	33.0	1.0
SPIKE	S58:A>G	11	436875	2.5178826E-5	16.357807	40.0	TRUE	A	8.496781E-5	263.0	0.0019076116	0.9972	319.09714	0.14141163	0.014295754	33.0	0.0
SPIKE	S58:A>C	0	436875	0.0	-1.0	0.0	TRUE	A	8.772466E-5	172.0	0.0013898561	0.9971093	265.21335	0.22312818	0.03317102	33.0	0.0
SPIKE	S58:A>T	0	436875	0.0	-1.0	0.0	TRUE	A	2.2104716E-5	35.0	0.0021637403	0.9992708	57.396748	0.27651253	0.009942058	33.0	0.0
SPIKE	S59:T>C	8	436875	1.8311874E-5	7.8612313	40.0	TRUE	T	1.0819456E-4	286.0	0.001845717	0.99643594	319.09714	0.16557658	0.019646406	33.0	0.0
SPIKE	S59:T>A	1	436875	2.2889842E-6	0.3166301	40.0	TRUE	T	9.534153E-5	171.0	0.002177442	0.99685866	57.396748	0.24411242	0.007185278	33.0	0.0
SPIKE	S59:T>G	0	436875	0.0	-1.0	0.0	TRUE	T	7.718446E-5	9.0	0.0012203323	0.99745613	265.21335	0.12729813	0.0067789233	33.0	1.0
SPIKE	S60:T>C	3	436875	6.866953E-6	2.3797824	40.0	TRUE	T	7.7552046E-5	205.0	0.001845717	0.99744403	319.09714	0.16557658	0.019646406	33.0	0.0
SPIKE	S60:T>A	0	436875	0.0	-1.0	0.0	TRUE	T	3.2001717E-5	0.0	0.002177442	0.9989445	57.396748	0.24411242	0.007185278	33.0	1.0
SPIKE	S60:T>G	0	436875	0.0	-1.0	0.0	TRUE	T	7.5667235E-6	26.0	0.0012203323	0.9997503	265.21335	0.12729813	0.0067789233	33.0	0.0
SPIKE	S61:G>A	17	436875	3.891273E-5	42.57172	40.0	TRUE	G	3.750754E-5	118.0	0.0022908982	0.998763	330.5503	0.13918416	0.014246943	33.0	0.0
SPIKE	S61:G>C	0	436875	0.0	-1.0	0.0	TRUE	G	6.4400585E-5	0.0	0.0016815909	0.99787706	184.2436	0.15296268	0.0072448626	33.0	1.0
SPIKE	S61:G>T	0	436875	0.0	-1.0	0.0	TRUE	G	6.725709E-5	166.0	0.001838093	0.997783	90.018036	0.17733163	0.007192563	33.0	0.0
SPIKE	S62:A>G	5	436875	1.1444921E-5	5.1061287	40.0	TRUE	A	7.172188E-5	222.0	0.0019076116	0.99763596	319.09714	0.14141163	0.014295754	33.0	0.0
SPIKE	D62-63:A>	9	436875	2.0600859E-5	-1.0	39.999996	TRUE		NaN	NaN	NaN	NaN	NaN	NaN	NaN	NaN	NaN
SPIKE	S62:A>C	0	436875	0.0	-1.0	0.0	TRUE	A	1.3526597E-4	3.0	0.0013898561	0.99554616	265.21335	0.22312818	0.03317102	33.0	1.0
SPIKE	S62:A>T	0	436875	0.0	-1.0	0.0	TRUE	A	1.0105014E-5	16.0	0.0021637403	0.9996666	57.396748	0.27651253	0.009942058	33.0	0.0
SPIKE	S63:A>G	2	436875	4.5779684E-6	3.9120662	40.0	TRUE	A	3.1337935E-5	97.0	0.0019076116	0.9989664	319.09714	0.14141163	0.014295754	33.0	0.0
SPIKE	S63:A>C	0	436875	0.0	-1.0	0.0	TRUE	A	1.3526597E-4	7.0	0.0013898561	0.99554616	265.21335	0.22312818	0.03317102	33.0	1.0
SPIKE	S63:A>T	0	436875	0.0	-1.0	0.0	TRUE	A	1.4525956E-5	23.0	0.0021637403	0.9995208	57.396748	0.27651253	0.009942058	33.0	0.0
SPIKE	S64:A>G	5	436875	1.1444921E-5	5.1061287	40.0	TRUE	A	7.592181E-5	235.0	0.0019076116	0.99749774	319.09714	0.14141163	0.014295754	33.0	0.0
SPIKE	S64:A>C	1	436875	2.2889842E-6	-1.0	40.0	TRUE	A	6.630352E-6	13.0	0.0013898561	0.99978125	265.21335	0.22312818	0.03317102	33.0	0.0
SPIKE	S64:A>T	0	436875	0.0	-1.0	0.0	TRUE	A	3.624968E-5	2.0	0.0021637403	0.99880445	57.396748	0.27651253	0.009942058	33.0	1.0
SPIKE	S65:A>G	16	436875	3.6623747E-5	14.0601015	40.0	TRUE	A	1.6928947E-4	524.0	0.0019076116	0.99442905	319.09714	0.14141163	0.014295754	33.0	0.0
SPIKE	S65:A>C	7	436875	1.602289E-5	2.5777135	40.0	TRUE	A	1.637187E-4	321.0	0.0013898561	0.99461186	265.21335	0.22312818	0.03317102	33.0	0.0
SPIKE	S65:A>T	0	436875	0.0	-1.0	0.0	TRUE	A	8.210323E-6	13.0	0.0021637403	0.9997291	57.396748	0.27651253	0.009942058	33.0	0.0
SPIKE	S66:C>A	3	436875	6.866953E-6	10.280287	40.0	TRUE	C	2.4303985E-5	38.0	0.0029783673	0.9991983	90.018036	0.28025058	0.014105877	33.0	0.0
SPIKE	S66:C>G	1	436875	2.2889842E-6	1.0720997	40.0	TRUE	C	6.3734005E-5	1.0	0.0019463097	0.997899	184.2436	0.1514196	0.006508526	33.0	1.0
SPIKE	S66:C>T	14	436875	3.204578E-5	27.870962	40.0	TRUE	C	6.2024614E-5	197.0	0.0019068761	0.99795526	330.5503	0.13781103	0.012701945	33.0	0.0
SPIKE	S67:C>A	4	436875	9.155937E-6	2.4537697	40.0	TRUE	C	1.08088774E-4	169.0	0.0029783673	0.9964394	90.018036	0.28025058	0.014105877	33.0	0.0
SPIKE	S67:C>T	5	436875	1.1444921E-5	10.658173	40.0	TRUE	C	3.116973E-5	99.0	0.0019068761	0.99897194	330.5503	0.13781103	0.012701945	33.0	0.0
SPIKE	S67:C>G	0	436875	0.0	-1.0	0.0	TRUE	C	6.3734005E-5	0.0	0.0019463097	0.997899	184.2436	0.1514196	0.006508526	33.0	1.0
SPIKE	S68:A>G	18	436875	4.1201718E-5	4.762783	40.0	TRUE	A	3.2145614E-4	995.0	0.0019076116	0.989448	319.09714	0.14141163	0.014295754	33.0	0.0
SPIKE	S68:A>C	4	436875	9.155937E-6	8.284564	40.0	TRUE	A	4.845257E-5	95.0	0.0013898561	0.99840236	265.21335	0.22312818	0.03317102	33.0	0.0
SPIKE	S68:A>T	0	436875	0.0	-1.0	0.0	TRUE	A	2.463097E-5	39.0	0.0021637403	0.9991875	57.396748	0.27651253	0.009942058	33.0	0.0
SPIKE	S69:G>A	14	436875	3.204578E-5	19.02269	40.0	TRUE	G	1.0743685E-4	338.0	0.0022908982	0.99646086	330.5503	0.13918416	0.014246943	33.0	0.0
SPIKE	S69:G>T	2	436875	4.5779684E-6	-1.0	40.0	TRUE	G	4.456795E-6	11.0	0.001838093	0.99985296	90.018036	0.17733163	0.007192563	33.0	0.0
SPIKE	S69:G>C	0	436875	0.0	-1.0	0.0	TRUE	G	6.39659E-5	183.0	0.0016815909	0.99789137	184.2436	0.15296268	0.0072448626	33.0	0.0
SPIKE	S70:C>T	34	436875	7.782546E-5	45.57892	40.0	TRUE	C	1.8827776E-4	598.0	0.0019068761	0.9938061	330.5503	0.13781103	0.012701945	33.0	0.0
SPIKE	S70:C>A	0	436875	0.0	-1.0	0.0	TRUE	C	5.7573605E-5	4.0	0.0029783673	0.9981019	90.018036	0.28025058	0.014105877	33.0	1.0
SPIKE	S70:C>G	0	436875	0.0	-1.0	0.0	TRUE	C	1.17613645E-5	34.0	0.0019463097	0.999612	184.2436	0.1514196	0.006508526	33.0	0.0
SPIKE	S71:C>A	6	436875	1.3733906E-5	19.311188	40.0	TRUE	C	1.6629043E-5	26.0	0.0029783673	0.9994514	90.018036	0.28025058	0.014105877	33.0	0.0
SPIKE	S71:C>T	8	436875	1.8311874E-5	13.595069	40.0	TRUE	C	6.0765233E-5	193.0	0.0019068761	0.99799675	330.5503	0.13781103	0.012701945	33.0	0.0
SPIKE	S71:C>G	0	436875	0.0	-1.0	0.0	TRUE	C	4.9466915E-5	143.0	0.0019463097	0.9983689	184.2436	0.1514196	0.006508526	33.0	0.0
SPIKE	S72:G>A	39	436875	8.927038E-5	79.196175	40.0	TRUE	G	9.217954E-5	290.0	0.0022908982	0.9969627	330.5503	0.13918416	0.014246943	33.0	0.0
SPIKE	S72:G>C	0	436875	0.0	-1.0	0.0	TRUE	G	1.0835753E-5	31.0	0.0016815909	0.9996425	184.2436	0.15296268	0.0072448626	33.0	0.0
SPIKE	S72:G>T	0	436875	0.0	-1.0	0.0	TRUE	G	4.9835075E-5	123.0	0.001838093	0.9983568	90.018036	0.17733163	0.007192563	33.0	0.0
SPIKE	S73:T>G	2	436875	4.5779684E-6	1.3408211	40.0	TRUE	T	7.828649E-5	269.0	0.0012203323	0.9974199	265.21335	0.12729813	0.0067789233	33.0	0.0
SPIKE	S73:T>C	20	436875	4.5779685E-5	3.923645	40.0	TRUE	T	3.9608288E-4	1047.0	0.001845717	0.9870143	319.09714	0.16557658	0.019646406	33.0	0.0
SPIKE	S73:T>A	0	436875	0.0	-1.0	0.0	TRUE	T	8.920845E-6	16.0	0.002177442	0.9997057	57.396748	0.24411242	0.007185278	33.0	0.0
SPIKE	S74:G>A	20	436875	4.5779685E-5	50.97615	40.0	TRUE	G	3.4328936E-5	108.0	0.0022908982	0.9988678	330.5503	0.13918416	0.014246943	33.0	0.0
SPIKE	S74:G>C	0	436875	0.0	-1.0	0.0	TRUE	G	6.2917275E-6	18.0	0.0016815909	0.9997924	184.2436	0.15296268	0.0072448626	33.0	0.0
SPIKE	S74:G>T	0	436875	0.0	-1.0	0.0	TRUE	G	1.5396201E-5	38.0	0.001838093	0.99949205	90.018036	0.17733163	0.007192563	33.0	0.0
SPIKE	S75:G>A	21	436875	4.806867E-5	39.648872	40.0	TRUE	G	7.3743635E-5	232.0	0.0022908982	0.99756944	330.5503	0.13918416	0.014246943	33.0	0.0
SPIKE	S75:G>T	1	436875	2.2889842E-6	1.0720997	40.0	TRUE	G	6.361062E-5	157.0	0.001838093	0.99790305	90.018036	0.17733163	0.007192563	33.0	0.0
SPIKE	S75:G>C	0	436875	0.0	-1.0	0.0	TRUE	G	6.4400585E-5	2.0	0.0016815909	0.99787706	184.2436	0.15296268	0.0072448626	33.0	1.0
SPIKE	S76:T>G	4	436875	9.155937E-6	8.284564	40.0	TRUE	T	4.7146506E-5	162.0	0.0012203323	0.9984454	265.21335	0.12729813	0.0067789233	33.0	0.0
SPIKE	S76:T>C	15	436875	3.4334764E-5	12.461487	40.0	TRUE	T	1.5510409E-4	410.0	0.001845717	0.9948946	319.09714	0.16557658	0.019646406	33.0	0.0
SPIKE	S76:T>A	0	436875	0.0	-1.0	0.0	TRUE	T	9.478397E-6	17.0	0.002177442	0.99968725	57.396748	0.24411242	0.007185278	33.0	0.0
SPIKE	S77:T>C	3	436875	6.866953E-6	6.0206	40.0	TRUE	T	3.102082E-5	82.0	0.001845717	0.9989768	319.09714	0.16557658	0.019646406	33.0	0.0
SPIKE	S77:T>A	0	436875	0.0	-1.0	0.0	TRUE	T	3.2001717E-5	4.0	0.002177442	0.9989445	57.396748	0.24411242	0.007185278	33.0	1.0
SPIKE	S77:T>G	0	436875	0.0	-1.0	0.0	TRUE	T	5.2385008E-6	18.0	0.0012203323	0.99982715	265.21335	0.12729813	0.0067789233	33.0	0.0
SPIKE	S78:T>C	2	436875	4.5779684E-6	-1.0	40.0	TRUE	T	7.1877507E-6	19.0	0.001845717	0.99976283	319.09714	0.16557658	0.019646406	33.0	0.0
SPIKE	S78:T>A	0	436875	0.0	-1.0	0.0	TRUE	T	3.2001717E-5	0.0	0.002177442	0.9989445	57.396748	0.24411242	0.007185278	33.0	1.0
SPIKE	S78:T>G	0	436875	0.0	-1.0	0.0	TRUE	T	4.947473E-5	170.0	0.0012203323	0.9983687	265.21335	0.12729813	0.0067789233	33.0	0.0
SPIKE	S79:G>A	18	436875	4.1201718E-5	45.363	40.0	TRUE	G	4.2593307E-5	134.0	0.0022908982	0.9985954	330.5503	0.13918416	0.014246943	33.0	0.0
SPIKE	S79:G>C	0	436875	0.0	-1.0	0.0	TRUE	G	6.3266816E-5	181.0	0.0016815909	0.9979144	184.2436	0.15296268	0.0072448626	33.0	0.0
SPIKE	S79:G>T	0	436875	0.0	-1.0	0.0	TRUE	G	1.0939406E-5	27.0	0.001838093	0.9996391	90.018036	0.17733163	0.007192563	33.0	0.0
SPIKE	S80:C>A	2	436875	4.5779684E-6	-1.0	40.0	TRUE	C	7.674943E-6	12.0	0.0029783673	0.99974674	90.018036	0.28025058	0.014105877	33.0	0.0
SPIKE	S80:C>T	21	436875	4.806867E-5	17.433826	40.0	TRUE	C	1.9363014E-4	615.0	0.0019068761	0.9936306	330.5503	0.13781103	0.012701945	33.0	0.0
SPIKE	S80:C>G	0	436875	0.0	-1.0	0.0	TRUE	C	6.0882358E-5	176.0	0.0019463097	0.9979929	184.2436	0.1514196	0.006508526	33.0	0.0
SPIKE	S81:G>A	30	436875	6.866953E-5	62.661636	40.0	TRUE	G	8.709378E-5	274.0	0.0022908982	0.99713004	330.5503	0.13918416	0.014246943	33.0	0.0
SPIKE	S81:G>T	1	436875	2.2889842E-6	-1.0	40.0	TRUE	G	9.723917E-6	24.0	0.001838093	0.99967915	90.018036	0.17733163	0.007192563	33.0	0.0
SPIKE	S81:G>C	0	436875	0.0	-1.0	0.0	TRUE	G	6.4400585E-5	7.0	0.0016815909	0.99787706	184.2436	0.15296268	0.0072448626	33.0	1.0
SPIKE	S82:G>A	38	436875	8.69814E-5	59.072044	40.0	TRUE	G	1.5956597E-4	502.0	0.0022908982	0.9947482	330.5503	0.13918416	0.014246943	33.0	0.0
SPIKE	S82:G>T	3	436875	6.866953E-6	6.0206	40.0	TRUE	G	3.6471996E-5	9.0	0.001838093	0.9987971	90.018036	0.17733163	0.007192563	33.0	1.0
SPIKE	S82:G>C	0	436875	0.0	-1.0	0.0	TRUE	G	5.697509E-5	163.0	0.0016815909	0.99812156	184.2436	0.15296268	0.0072448626	33.0	0.0
SPIKE	S83:C>A	8	436874	1.8311915E-5	13.595069	40.0	TRUE	C	5.7573605E-5	7.0	0.0029783673	0.9981019	90.01783	0.28025058	0.014105877	33.0	1.0
SPIKE	S83:C>T	5	436874	1.1444948E-5	7.3154635	40.0	TRUE	C	6.7691995E-5	215.0	0.0019068761	0.99776864	330.54953	0.13781103	0.012701945	33.0	0.0
SPIKE	S83:C>G	0	436874	0.0	-1.0	0.0	TRUE	C	6.122842E-5	177.0	0.0019463097	0.9979815	184.24318	0.1514196	0.006508526	33.0	0.0
SPIKE	S84:G>A	35	436874	8.011463E-5	68.852066	40.0	TRUE	G	1.07437096E-4	338.0	0.0022908982	0.99646086	330.54953	0.13918416	0.014246943	33.0	0.0
SPIKE	S84:G>C	0	436874	0.0	-1.0	0.0	TRUE	G	3.8449534E-6	11.0	0.0016815909	0.9998731	184.24318	0.15296268	0.0072448626	33.0	0.0
SPIKE	S84:G>T	0	436874	0.0	-1.0	0.0	TRUE	G	3.6471996E-5	1.0	0.001838093	0.9987971	90.01783	0.17733163	0.007192563	33.0	1.0
SPIKE	S85:A>G	0	436874	0.0	-1.0	0.0	TRUE	A	1.4538251E-5	45.0	0.0019076116	0.99952036	319.0964	0.14141163	0.014295754	33.0	0.0
SPIKE	S85:A>C	0	436874	0.0	-1.0	0.0	TRUE	A	1.3526597E-4	2.0	0.0013898561	0.99554616	265.21274	0.22312818	0.03317102	33.0	1.0
SPIKE	S85:A>T	0	436874	0.0	-1.0	0.0	TRUE	A	1.0483975E-4	166.0	0.0021637403	0.99654627	57.396614	0.27651253	0.009942058	33.0	0.0
SPIKE	S86:T>C	3	436874	6.8669683E-6	2.3797824	40.0	TRUE	T	7.1499366E-5	189.0	0.001845717	0.9976433	319.0964	0.16557658	0.019646406	33.0	0.0
SPIKE	S86:T>A	0	436874	0.0	-1.0	0.0	TRUE	T	6.690649E-6	12.0	0.002177442	0.9997792	57.396614	0.24411242	0.007185278	33.0	0.0
SPIKE	S86:T>G	0	436874	0.0	-1.0	0.0	TRUE	T	7.85777E-6	27.0	0.0012203323	0.9997407	265.21274	0.12729813	0.0067789233	33.0	0.0
SPIKE	S87:T>G	1	436874	2.2889894E-6	-1.0	40.0	TRUE	T	8.148798E-6	28.0	0.0012203323	0.9997311	265.21274	0.12729813	0.0067789233	33.0	0.0
SPIKE	S87:T>A	0	436874	0.0	-1.0	0.0	TRUE	T	3.2001717E-5	7.0	0.002177442	0.9989445	57.396614	0.24411242	0.007185278	33.0	1.0
SPIKE	S87:T>C	0	436874	0.0	-1.0	0.0	TRUE	T	2.7237855E-5	72.0	0.001845717	0.9991016	319.0964	0.16557658	0.019646406	33.0	0.0
SPIKE	S88:T>A	0	436874	0.0	-1.0	0.0	TRUE	T	1.0035973E-5	18.0	0.002177442	0.9996689	57.396614	0.24411242	0.007185278	33.0	0.0
SPIKE	S88:T>G	0	436874	0.0	-1.0	0.0	TRUE	T	7.718446E-5	2.0	0.0012203323	0.99745613	265.21274	0.12729813	0.0067789233	33.0	1.0
SPIKE	S88:T>C	0	436874	0.0	-1.0	0.0	TRUE	T	3.0264282E-5	80.0	0.001845717	0.9990018	319.0964	0.16557658	0.019646406	33.0	0.0
SPIKE	S89:A>G	2	436874	4.577979E-6	7.269987	39.0	TRUE	A	2.1645841E-5	67.0	0.0019076116	0.99928594	319.0964	0.14141163	0.014295754	33.0	0.0
SPIKE	S89:A>C	0	436874	0.0	-1.0	0.0	TRUE	A	1.3526597E-4	4.0	0.0013898561	0.99554616	265.21274	0.22312818	0.03317102	33.0	1.0
SPIKE	S89:A>T	0	436874	0.0	-1.0	0.0	TRUE	A	1.1368166E-5	18.0	0.0021637403	0.9996249	57.396614	0.27651253	0.009942058	33.0	0.0
SPIKE	S90:T>A	0	436874	0.0	-1.0	0.0	TRUE	T	3.2001717E-5	1.0	0.002177442	0.9989445	57.396614	0.24411242	0.007185278	33.0	1.0
SPIKE	S90:T>G	0	436874	0.0	-1.0	0.0	TRUE	T	7.718446E-5	7.0	0.0012203323	0.99745613	265.21274	0.12729813	0.0067789233	33.0	1.0
SPIKE	S90:T>C	0	436874	0.0	-1.0	0.0	TRUE	T	4.0478477E-5	107.0	0.001845717	0.9986651	319.0964	0.16557658	0.019646406	33.0	0.0
SPIKE	S91:C>G	1	436874	2.2889894E-6	1.0720997	40.0	TRUE	C	6.3734005E-5	0.0	0.0019463097	0.997899	184.24318	0.1514196	0.006508526	33.0	1.0
SPIKE	S91:C>A	10	436874	2.2889895E-5	18.164799	39.3	TRUE	C	5.7573605E-5	5.0	0.0029783673	0.9981019	90.01783	0.28025058	0.014105877	33.0	1.0
SPIKE	S91:C>T	7	436874	1.6022927E-5	11.410683	37.142857	TRUE	C	5.541298E-5	176.0	0.0019068761	0.99817306	330.54953	0.13781103	0.012701945	33.0	0.0
SPIKE	S92:G>A	33	436874	7.553666E-5	70.57339	38.757576	TRUE	G	8.995473E-5	283.0	0.0022908982	0.9970359	330.54953	0.13918416	0.014246943	33.0	0.0
SPIKE	S92:G>C	0	436874	0.0	-1.0	0.0	TRUE	G	6.4400585E-5	1.0	0.0016815909	0.99787706	184.24318	0.15296268	0.0072448626	33.0	1.0
SPIKE	S92:G>T	0	436874	0.0	-1.0	0.0	TRUE	G	3.6471996E-5	1.0	0.001838093	0.9987971	90.01783	0.17733163	0.007192563	33.0	1.0
SPIKE	S93:T>C	1	436874	2.2889894E-6	0.05119444	37.0	TRUE	T	1.5586105E-4	412.0	0.001845717	0.99486977	319.0964	0.16557658	0.019646406	33.0	0.0
SPIKE	S93:T>A	0	436874	0.0	-1.0	0.0	TRUE	T	6.690649E-6	12.0	0.002177442	0.9997792	57.396614	0.24411242	0.007185278	33.0	0.0
SPIKE	S93:T>G	0	436874	0.0	-1.0	0.0	TRUE	T	6.4026267E-6	22.0	0.0012203323	0.99978876	265.21274	0.12729813	0.0067789233	33.0	0.0
SPIKE	S94:C>A	3	436874	6.8669683E-6	3.748162	38.666668	TRUE	C	5.7573605E-5	6.0	0.0029783673	0.9981019	90.01783	0.28025058	0.014105877	33.0	1.0
SPIKE	S94:C>T	2	436874	4.577979E-6	2.2639637	37.5	TRUE	C	5.4783286E-5	174.0	0.0019068761	0.9981938	330.54953	0.13781103	0.012701945	33.0	0.0
SPIKE	S94:C>G	0	436874	0.0	-1.0	0.0	TRUE	C	6.3734005E-5	0.0	0.0019463097	0.997899	184.24318	0.1514196	0.006508526	33.0	1.0
SPIKE	S95:G>A	18	436874	4.1201813E-5	27.605137	37.944443	TRUE	G	9.790126E-5	308.0	0.0022908982	0.9967745	330.54953	0.13918416	0.014246943	33.0	0.0
SPIKE	S95:G>C	0	436874	0.0	-1.0	0.0	TRUE	G	6.4400585E-5	1.0	0.0016815909	0.99787706	184.24318	0.15296268	0.0072448626	33.0	1.0
SPIKE	S95:G>T	0	436874	0.0	-1.0	0.0	TRUE	G	3.6471996E-5	2.0	0.001838093	0.9987971	90.01783	0.17733163	0.007192563	33.0	1.0
SPIKE	S96:T>C	1	436874	2.2889894E-6	0.007959459	37.0	TRUE	T	2.2773872E-4	602.0	0.001845717	0.99251276	319.0964	0.16557658	0.019646406	33.0	0.0
SPIKE	S96:T>A	0	436874	0.0	-1.0	0.0	TRUE	T	1.6169068E-5	29.0	0.002177442	0.99946654	57.396614	0.24411242	0.007185278	33.0	0.0
SPIKE	S96:T>G	0	436874	0.0	-1.0	0.0	TRUE	T	6.4026267E-6	22.0	0.0012203323	0.99978876	265.21274	0.12729813	0.0067789233	33.0	0.0
SPIKE	S97:C>T	4	436874	9.155958E-6	13.290587	38.5	TRUE	C	2.1724407E-5	69.0	0.0019068761	0.9992834	330.54953	0.13781103	0.012701945	33.0	0.0
SPIKE	S97:C>A	5	436874	1.1444948E-5	7.3154635	39.2	TRUE	C	5.7573605E-5	3.0	0.0029783673	0.9981019	90.01783	0.28025058	0.014105877	33.0	1.0
SPIKE	S97:C>G	0	436874	0.0	-1.0	0.0	TRUE	C	6.3734005E-5	0.0	0.0019463097	0.997899	184.24318	0.1514196	0.006508526	33.0	1.0
SPIKE	S98:A>G	4	436874	9.155958E-6	5.449171	40.0	TRUE	A	6.816824E-5	211.0	0.0019076116	0.99775296	319.0964	0.14141163	0.014295754	33.0	0.0
SPIKE	D98-101:ATC>	1	436874	2.2889894E-6	-1.0	39.937943	TRUE		NaN	NaN	NaN	NaN	NaN	NaN	NaN	NaN	NaN
SPIKE	S98:A>C	0	436874	0.0	-1.0	0.0	TRUE	A	5.100282E-6	10.0	0.0013898561	0.9998317	265.21274	0.22312818	0.03317102	33.0	0.0
SPIKE	S98:A>T	0	436874	0.0	-1.0	0.0	TRUE	A	3.624968E-5	2.0	0.0021637403	0.99880445	57.396614	0.27651253	0.009942058	33.0	1.0
SPIKE	S99:T>A	0	436874	0.0	-1.0	0.0	TRUE	T	3.2001717E-5	7.0	0.002177442	0.9989445	57.396614	0.24411242	0.007185278	33.0	1.0
SPIKE	S99:T>G	0	436874	0.0	-1.0	0.0	TRUE	T	7.718446E-5	9.0	0.0012203323	0.99745613	265.21274	0.12729813	0.0067789233	33.0	1.0
SPIKE	S99:T>C	0	436874	0.0	-1.0	0.0	TRUE	T	3.8965263E-5	103.0	0.001845717	0.998715	319.0964	0.16557658	0.019646406	33.0	0.0
SPIKE	S100:C>T	14	436874	3.2045853E-5	19.02269	39.0	TRUE	C	1.02639955E-4	326.0	0.0019068761	0.9966186	330.54953	0.13781103	0.012701945	33.0	0.0
SPIKE	S100:C>A	2	436874	4.577979E-6	2.2639637	40.0	TRUE	C	5.7573605E-5	6.0	0.0029783673	0.9981019	90.01783	0.28025058	0.014105877	33.0	1.0
SPIKE	S100:C>G	0	436874	0.0	-1.0	0.0	TRUE	C	6.3734005E-5	1.0	0.0019463097	0.997899	184.24318	0.1514196	0.006508526	33.0	1.0
SPIKE	S101:G>A	19	436874	4.34908E-5	40.675655	39.157894	TRUE	G	6.8658024E-5	216.0	0.0022908982	0.9977369	330.54953	0.13918416	0.014246943	33.0	0.0
SPIKE	S101:G>C	0	436874	0.0	-1.0	0.0	TRUE	G	6.4400585E-5	1.0	0.0016815909	0.99787706	184.24318	0.15296268	0.0072448626	33.0	1.0
SPIKE	S101:G>T	0	436874	0.0	-1.0	0.0	TRUE	G	3.6471996E-5	4.0	0.001838093	0.9987971	90.01783	0.17733163	0.007192563	33.0	1.0
SPIKE	S102:T>C	2	436874	4.577979E-6	1.3408211	40.0	TRUE	T	7.793053E-5	206.0	0.001845717	0.9974316	319.0964	0.16557658	0.019646406	33.0	0.0
SPIKE	S102:T>A	0	436874	0.0	-1.0	0.0	TRUE	T	3.2001717E-5	3.0	0.002177442	0.9989445	57.396614	0.24411242	0.007185278	33.0	1.0
SPIKE	S102:T>G	0	436874	0.0	-1.0	0.0	TRUE	T	2.9102848E-6	10.0	0.0012203323	0.999904	265.21274	0.12729813	0.0067789233	33.0	0.0
SPIKE	S103:G>A	20	436874	4.577979E-5	61.455387	39.45	TRUE	G	2.9561095E-5	93.0	0.0022908982	0.999025	330.54953	0.13918416	0.014246943	33.0	0.0
SPIKE	S103:G>C	0	436874	0.0	-1.0	0.0	TRUE	G	6.4400585E-5	2.0	0.0016815909	0.99787706	184.24318	0.15296268	0.0072448626	33.0	1.0
SPIKE	S103:G>T	0	436874	0.0	-1.0	0.0	TRUE	G	3.6471996E-5	3.0	0.001838093	0.9987971	90.01783	0.17733163	0.007192563	33.0	1.0
SPIKE	S104:G>C	1	436874	2.2889894E-6	1.0720997	37.0	TRUE	G	6.4400585E-5	1.0	0.0016815909	0.99787706	184.24318	0.15296268	0.0072448626	33.0	1.0
SPIKE	S104:G>A	21	436874	4.806878E-5	29.991716	38.190475	TRUE	G	1.1760866E-4	370.0	0.0022908982	0.9961264	330.54953	0.13918416	0.014246943	33.0	0.0
SPIKE	S104:G>T	0	436874	0.0	-1.0	0.0	TRUE	G	3.6471996E-5	6.0	0.001838093	0.9987971	90.01783	0.17733163	0.007192563	33.0	1.0
SPIKE	S105:C>T	14	436874	3.2045853E-5	15.810462	34.642857	TRUE	C	1.3160583E-4	418.0	0.0019068761	0.99566644	330.54953	0.13781103	0.012701945	33.0	0.0
SPIKE	S105:C>A	1	436874	2.2889894E-6	-1.0	38.0	TRUE	C	9.5937E-6	15.0	0.0029783673	0.99968344	90.01783	0.28025058	0.014105877	33.0	0.0
SPIKE	S105:C>G	1	436874	2.2889894E-6	1.0720997	38.0	TRUE	C	6.3734005E-5	6.0	0.0019463097	0.997899	184.24318	0.1514196	0.006508526	33.0	1.0
SPIKE	S106:G>T	1	436874	2.2889894E-6	2.0412	40.0	TRUE	G	3.6471996E-5	8.0	0.001838093	0.9987971	90.01783	0.17733163	0.007192563	33.0	1.0
SPIKE	S106:G>A	11	436874	2.5178884E-5	13.113978	39.272728	TRUE	G	9.3769064E-5	295.0	0.0022908982	0.9969104	330.54953	0.13918416	0.014246943	33.0	0.0
SPIKE	S106:G>C	0	436874	0.0	-1.0	0.0	TRUE	G	6.4400585E-5	1.0	0.0016815909	0.99787706	184.24318	0.15296268	0.0072448626	33.0	1.0
SPIKE	S107:G>A	28	436874	6.4091706E-5	33.12886	39.07143	TRUE	G	1.8753813E-4	590.0	0.0022908982	0.9938303	330.54953	0.13918416	0.014246943	33.0	0.0
SPIKE	S107:G>C	0	436874	0.0	-1.0	0.0	TRUE	G	6.4400585E-5	5.0	0.0016815909	0.99787706	184.24318	0.15296268	0.0072448626	33.0	1.0
SPIKE	S107:G>T	0	436874	0.0	-1.0	0.0	TRUE	G	3.6471996E-5	4.0	0.001838093	0.9987971	90.01783	0.17733163	0.007192563	33.0	1.0
SPIKE	S108:C>T	9	436874	2.0600906E-5	5.7604303	39.22222	TRUE	C	1.3821761E-4	439.0	0.0019068761	0.9954492	330.54953	0.13781103	0.012701945	33.0	0.0
SPIKE	S108:C>A	1	436874	2.2889894E-6	1.0720997	40.0	TRUE	C	5.7573605E-5	4.0	0.0029783673	0.9981019	90.01783	0.28025058	0.014105877	33.0	1.0
SPIKE	S108:C>G	0	436874	0.0	-1.0	0.0	TRUE	C	6.3734005E-5	0.0	0.0019463097	0.997899	184.24318	0.1514196	0.006508526	33.0	1.0
SPIKE	S109:A>G	3	436874	6.8669683E-6	6.0206	38.0	TRUE	A	4.878391E-5	151.0	0.0019076116	0.99839145	319.0964	0.14141163	0.014295754	33.0	0.0
SPIKE	D109-121:AGCGTGACCTAT>	1	436874	2.2889894E-6	-1.0	39.93105	TRUE		NaN	NaN	NaN	NaN	NaN	NaN	NaN	NaN	NaN
SPIKE	S109:A>C	0	436874	0.0	-1.0	0.0	TRUE	A	1.3526597E-4	4.0	0.0013898561	0.99554616	265.21274	0.22312818	0.03317102	33.0	1.0
SPIKE	S109:A>T	0	436874	0.0	-1.0	0.0	TRUE	A	3.624968E-5	8.0	0.0021637403	0.99880445	57.396614	0.27651253	0.009942058	33.0	1.0
SPIKE	S110:G>A	17	436874	3.891282E-5	29.928427	38.941177	TRUE	G	8.8683286E-5	279.0	0.0022908982	0.9970777	330.54953	0.13918416	0.014246943	33.0	0.0
SPIKE	S110:G>C	0	436874	0.0	-1.0	0.0	TRUE	G	6.4400585E-5	1.0	0.0016815909	0.99787706	184.24318	0.15296268	0.0072448626	33.0	1.0
SPIKE	S110:G>T	0	436874	0.0	-1.0	0.0	TRUE	G	3.6471996E-5	2.0	0.001838093	0.9987971	90.01783	0.17733163	0.007192563	33.0	1.0
SPIKE	S111:C>T	25	436874	5.7224737E-5	38.884777	38.4	TRUE	C	1.2184559E-4	387.0	0.0019068761	0.9959872	330.54953	0.13781103	0.012701945	33.0	0.0
SPIKE	S111:C>A	3	436874	6.8669683E-6	3.748162	40.0	TRUE	C	5.7573605E-5	3.0	0.0029783673	0.9981019	90.01783	0.28025058	0.014105877	33.0	1.0
SPIKE	S111:C>G	0	436874	0.0	-1.0	0.0	TRUE	C	6.3734005E-5	1.0	0.0019463097	0.997899	184.24318	0.1514196	0.006508526	33.0	1.0
SPIKE	S112:G>A	28	436874	6.4091706E-5	64.779274	38.82143	TRUE	G	5.5625715E-5	175.0	0.0022908982	0.998166	330.54953	0.13918416	0.014246943	33.0	0.0
SPIKE	S112:G>C	0	436874	0.0	-1.0	0.0	TRUE	G	6.4400585E-5	0.0	0.0016815909	0.99787706	184.24318	0.15296268	0.0072448626	33.0	1.0
SPIKE	S112:G>T	0	436874	0.0	-1.0	0.0	TRUE	G	3.6471996E-5	1.0	0.001838093	0.9987971	90.01783	0.17733163	0.007192563	33.0	1.0
SPIKE	S113:T>C	1	436874	2.2889894E-6	0.05119444	40.0	TRUE	T	1.5472615E-4	409.0	0.001845717	0.994907	319.0964	0.16557658	0.019646406	33.0	0.0
SPIKE	S113:T>A	0	436874	0.0	-1.0	0.0	TRUE	T	3.2001717E-5	5.0	0.002177442	0.9989445	57.396614	0.24411242	0.007185278	33.0	1.0
SPIKE	S113:T>G	0	436874	0.0	-1.0	0.0	TRUE	T	5.238513E-6	18.0	0.0012203323	0.99982715	265.21274	0.12729813	0.0067789233	33.0	0.0
SPIKE	S114:G>A	24	436874	5.4935746E-5	62.301826	39.0	TRUE	G	3.4329012E-5	108.0	0.0022908982	0.9988678	330.54953	0.13918416	0.014246943	33.0	0.0
SPIKE	S114:G>C	0	436874	0.0	-1.0	0.0	TRUE	G	6.4400585E-5	4.0	0.0016815909	0.99787706	184.24318	0.15296268	0.0072448626	33.0	1.0
SPIKE	S114:G>T	0	436874	0.0	-1.0	0.0	TRUE	G	3.6471996E-5	2.0	0.001838093	0.9987971	90.01783	0.17733163	0.007192563	33.0	1.0
SPIKE	S115:A>G	16	436874	3.662383E-5	14.0601015	38.9375	TRUE	A	1.5830541E-4	490.0	0.0019076116	0.99478954	319.0964	0.14141163	0.014295754	33.0	0.0
SPIKE	S115:A>C	0	436874	0.0	-1.0	0.0	TRUE	A	1.3526597E-4	6.0	0.0013898561	0.99554616	265.21274	0.22312818	0.03317102	33.0	1.0
SPIKE	S115:A>T	0	436874	0.0	-1.0	0.0	TRUE	A	3.624968E-5	8.0	0.0021637403	0.99880445	57.396614	0.27651253	0.009942058	33.0	1.0
SPIKE	S116:C>T	3	436874	6.8669683E-6	6.0206	38.333332	TRUE	C	3.2744036E-5	104.0	0.0019068761	0.99892	330.54953	0.13781103	0.012701945	33.0	0.0
SPIKE	S116:C>A	1	436874	2.2889894E-6	1.0720997	40.0	TRUE	C	5.7573605E-5	3.0	0.0029783673	0.9981019	90.01783	0.28025058	0.014105877	33.0	1.0
SPIKE	S116:C>G	0	436874	0.0	-1.0	0.0	TRUE	C	6.3734005E-5	1.0	0.0019463097	0.997899	184.24318	0.1514196	0.006508526	33.0	1.0
SPIKE	S117:C>T	3	436874	6.8669683E-6	6.0206	40.0	TRUE	C	3.494796E-5	111.0	0.0019068761	0.99884737	330.54953	0.13781103	0.012701945	33.0	0.0
SPIKE	S117:C>A	4	436874	9.155958E-6	13.290587	39.25	TRUE	C	1.151244E-5	18.0	0.0029783673	0.99962014	90.01783	0.28025058	0.014105877	33.0	0.0
SPIKE	S117:C>G	0	436874	0.0	-1.0	0.0	TRUE	C	6.3734005E-5	0.0	0.0019463097	0.997899	184.24318	0.1514196	0.006508526	33.0	1.0
SPIKE	S118:T>C	1	436874	2.2889894E-6	0.027655387	38.0	TRUE	T	1.8915176E-4	500.0	0.001845717	0.99377745	319.0964	0.16557658	0.019646406	33.0	0.0
SPIKE	S118:T>A	1	436874	2.2889894E-6	0.3166301	40.0	TRUE	T	1.1039571E-4	198.0	0.002177442	0.9963636	57.396614	0.24411242	0.007185278	33.0	0.0
SPIKE	S118:T>G	0	436874	0.0	-1.0	0.0	TRUE	T	7.85777E-6	27.0	0.0012203323	0.9997407	265.21274	0.12729813	0.0067789233	33.0	0.0
SPIKE	S119:A>G	4	436874	9.155958E-6	3.6487768	39.5	TRUE	A	7.204511E-5	223.0	0.0019076116	0.99762535	319.0964	0.14141163	0.014295754	33.0	0.0
SPIKE	S119:A>C	0	436874	0.0	-1.0	0.0	TRUE	A	1.3526597E-4	9.0	0.0013898561	0.99554616	265.21274	0.22312818	0.03317102	33.0	1.0
SPIKE	S119:A>T	0	436874	0.0	-1.0	0.0	TRUE	A	3.624968E-5	5.0	0.0021637403	0.99880445	57.396614	0.27651253	0.009942058	33.0	1.0
SPIKE	S120:T>C	2	436874	4.577979E-6	2.2639637	39.0	TRUE	T	6.9986156E-5	185.0	0.001845717	0.9976931	319.0964	0.16557658	0.019646406	33.0	0.0
SPIKE	S120:T>A	1	436874	2.2889894E-6	2.0412	40.0	TRUE	T	3.2001717E-5	4.0	0.002177442	0.9989445	57.396614	0.24411242	0.007185278	33.0	1.0
SPIKE	S120:T>G	0	436874	0.0	-1.0	0.0	TRUE	T	7.718446E-5	9.0	0.0012203323	0.99745613	265.21274	0.12729813	0.0067789233	33.0	1.0
SPIKE	S121:G>A	22	436874	5.035777E-5	56.62427	38.636364	TRUE	G	4.9268492E-5	155.0	0.0022908982	0.9983755	330.54953	0.13918416	0.014246943	33.0	0.0
SPIKE	S121:G>C	0	436874	0.0	-1.0	0.0	TRUE	G	6.4400585E-5	0.0	0.0016815909	0.99787706	184.24318	0.15296268	0.0072448626	33.0	1.0
SPIKE	S121:G>T	0	436874	0.0	-1.0	0.0	TRUE	G	3.6471996E-5	1.0	0.001838093	0.9987971	90.01783	0.17733163	0.007192563	33.0	1.0
SPIKE	S122:T>C	4	436874	9.155958E-6	0.19524196	39.25	TRUE	T	2.3341327E-4	617.0	0.001845717	0.992327	319.0964	0.16557658	0.019646406	33.0	0.0
SPIKE	S122:T>A	0	436874	0.0	-1.0	0.0	TRUE	T	3.2001717E-5	7.0	0.002177442	0.9989445	57.396614	0.24411242	0.007185278	33.0	1.0
SPIKE	S122:T>G	0	436874	0.0	-1.0	0.0	TRUE	T	1.0185997E-5	35.0	0.0012203323	0.9996639	265.21274	0.12729813	0.0067789233	33.0	0.0
SPIKE	S123:G>A	35	436874	8.011463E-5	93.899216	38.62857	TRUE	G	4.068624E-5	128.0	0.0022908982	0.99865824	330.54953	0.13918416	0.014246943	33.0	0.0
SPIKE	S123:G>C	0	436874	0.0	-1.0	0.0	TRUE	G	6.4400585E-5	1.0	0.0016815909	0.99787706	184.24318	0.15296268	0.0072448626	33.0	1.0
SPIKE	S123:G>T	0	436874	0.0	-1.0	0.0	TRUE	G	3.6471996E-5	2.0	0.001838093	0.9987971	90.01783	0.17733163	0.007192563	33.0	1.0
SPIKE	S124:T>C	2	436874	4.577979E-6	0.095406055	40.0	TRUE	T	1.7515454E-4	463.0	0.001845717	0.9942366	319.0964	0.16557658	0.019646406	33.0	0.0
SPIKE	S124:T>A	1	436874	2.2889894E-6	2.0412	37.0	TRUE	T	3.2001717E-5	1.0	0.002177442	0.9989445	57.396614	0.24411242	0.007185278	33.0	1.0
SPIKE	S124:T>G	0	436874	0.0	-1.0	0.0	TRUE	T	7.2757125E-6	25.0	0.0012203323	0.9997599	265.21274	0.12729813	0.0067789233	33.0	0.0
SPIKE	S125:G>A	18	436874	4.1201813E-5	32.319016	38.72222	TRUE	G	9.154403E-5	288.0	0.0022908982	0.9969836	330.54953	0.13918416	0.014246943	33.0	0.0
SPIKE	S125:G>C	0	436874	0.0	-1.0	0.0	TRUE	G	6.4400585E-5	1.0	0.0016815909	0.99787706	184.24318	0.15296268	0.0072448626	33.0	1.0
SPIKE	S125:G>T	0	436874	0.0	-1.0	0.0	TRUE	G	3.6471996E-5	0.0	0.001838093	0.9987971	90.01783	0.17733163	0.007192563	33.0	1.0
SPIKE	S126:C>T	19	436874	4.34908E-5	25.73161	35.157894	TRUE	C	1.2216043E-4	388.0	0.0019068761	0.9959768	330.54953	0.13781103	0.012701945	33.0	0.0
SPIKE	S126:C>A	6	436874	1.3733937E-5	9.311187	38.5	TRUE	C	5.7573605E-5	1.0	0.0029783673	0.9981019	90.01783	0.28025058	0.014105877	33.0	1.0
SPIKE	S126:C>G	0	436874	0.0	-1.0	0.0	TRUE	C	1.1069545E-5	32.0	0.0019463097	0.99963474	184.24318	0.1514196	0.006508526	33.0	0.0
SPIKE	S127:G>A	24	436874	5.4935746E-5	62.301826	39.0	TRUE	G	4.418271E-5	139.0	0.0022908982	0.998543	330.54953	0.13918416	0.014246943	33.0	0.0
SPIKE	S127:G>C	0	436874	0.0	-1.0	0.0	TRUE	G	5.5926594E-6	16.0	0.0016815909	0.99981546	184.24318	0.15296268	0.0072448626	33.0	0.0
SPIKE	S127:G>T	0	436874	0.0	-1.0	0.0	TRUE	G	3.6471996E-5	7.0	0.001838093	0.9987971	90.01783	0.17733163	0.007192563	33.0	1.0
SPIKE	S128:G>A	22	436874	5.035777E-5	32.171776	38.545456	TRUE	G	1.2746235E-4	401.0	0.0022908982	0.9958026	330.54953	0.13918416	0.014246943	33.0	0.0
SPIKE	S128:G>C	0	436874	0.0	-1.0	0.0	TRUE	G	6.4400585E-5	2.0	0.0016815909	0.99787706	184.24318	0.15296268	0.0072448626	33.0	1.0
SPIKE	S128:G>T	0	436874	0.0	-1.0	0.0	TRUE	G	3.6471996E-5	4.0	0.001838093	0.9987971	90.01783	0.17733163	0.007192563	33.0	1.0
SPIKE	S129:C>A	2	436874	4.577979E-6	7.269987	39.0	TRUE	C	1.27916E-5	20.0	0.0029783673	0.99957794	90.01783	0.28025058	0.014105877	33.0	0.0
SPIKE	S129:C>T	10	436874	2.2889895E-5	11.277932	33.4	TRUE	C	9.445394E-5	300.0	0.0019068761	0.99688786	330.54953	0.13781103	0.012701945	33.0	0.0
SPIKE	S129:C>G	0	436874	0.0	-1.0	0.0	TRUE	C	7.2643884E-6	21.0	0.0019463097	0.9997603	184.24318	0.1514196	0.006508526	33.0	0.0
SPIKE	D130-133:GGC>	1	436874	2.2889894E-6	-1.0	39.95968	TRUE		NaN	NaN	NaN	NaN	NaN	NaN	NaN	NaN	NaN
SPIKE	S130:G>A	12	436874	2.7467873E-5	18.50573	39.083332	TRUE	G	7.247236E-5	228.0	0.0022908982	0.9976113	330.54953	0.13918416	0.014246943	33.0	0.0
SPIKE	S130:G>C	0	436874	0.0	-1.0	0.0	TRUE	G	5.5926594E-6	16.0	0.0016815909	0.99981546	184.24318	0.15296268	0.0072448626	33.0	0.0
SPIKE	S130:G>T	0	436874	0.0	-1.0	0.0	TRUE	G	3.6471996E-5	4.0	0.001838093	0.9987971	90.01783	0.17733163	0.007192563	33.0	1.0
SPIKE	S131:G>A	34	436874	7.782564E-5	41.608364	38.82353	TRUE	G	2.091527E-4	658.0	0.0022908982	0.99312174	330.54953	0.13918416	0.014246943	33.0	0.0
SPIKE	S131:G>T	1	436874	2.2889894E-6	2.0412	40.0	TRUE	G	3.6471996E-5	2.0	0.001838093	0.9987971	90.01783	0.17733163	0.007192563	33.0	1.0
SPIKE	S131:G>C	0	436874	0.0	-1.0	0.0	TRUE	G	4.893577E-6	14.0	0.0016815909	0.99983853	184.24318	0.15296268	0.0072448626	33.0	0.0
SPIKE	S132:C>A	1	436874	2.2889894E-6	1.0720997	38.0	TRUE	C	5.7573605E-5	2.0	0.0029783673	0.9981019	90.01783	0.28025058	0.014105877	33.0	1.0
SPIKE	S132:C>T	20	436874	4.577979E-5	24.17939	39.05	TRUE	C	1.5081147E-4	479.0	0.0019068761	0.9950356	330.54953	0.13781103	0.012701945	33.0	0.0
SPIKE	S132:C>G	0	436874	0.0	-1.0	0.0	TRUE	C	5.5347723E-6	16.0	0.0019463097	0.9998174	184.24318	0.1514196	0.006508526	33.0	0.0
SPIKE	S133:A>G	0	436874	0.0	-1.0	0.0	TRUE	A	2.8753431E-5	89.0	0.0019076116	0.9990516	319.0964	0.14141163	0.014295754	33.0	0.0
SPIKE	S133:A>C	0	436874	0.0	-1.0	0.0	TRUE	A	2.601144E-5	51.0	0.0013898561	0.999142	265.21274	0.22312818	0.03317102	33.0	0.0
SPIKE	S133:A>T	0	436874	0.0	-1.0	0.0	TRUE	A	3.624968E-5	4.0	0.0021637403	0.99880445	57.396614	0.27651253	0.009942058	33.0	1.0
SPIKE	S134:G>A	0	436874	0.0	-1.0	0.0	TRUE	G	1.3540889E-4	426.0	0.0022908982	0.99554145	330.54953	0.13918416	0.014246943	33.0	0.0
SPIKE	S134:G>C	0	436874	0.0	-1.0	0.0	TRUE	G	4.928531E-5	141.0	0.0016815909	0.9983749	184.24318	0.15296268	0.0072448626	33.0	0.0
SPIKE	S134:G>T	0	436874	0.0	-1.0	0.0	TRUE	G	1.0534267E-5	26.0	0.001838093	0.99965245	90.01783	0.17733163	0.007192563	33.0	0.0
SPIKE	S135:C>A	0	436874	0.0	-1.0	0.0	TRUE	C	4.47706E-5	70.0	0.0029783673	0.99852365	90.01783	0.28025058	0.014105877	33.0	0.0
SPIKE	S135:C>G	0	436874	0.0	-1.0	0.0	TRUE	C	1.1415468E-5	33.0	0.0019463097	0.99962336	184.24318	0.1514196	0.006508526	33.0	0.0
SPIKE	S135:C>T	0	436874	0.0	-1.0	0.0	TRUE	C	1.3318006E-4	423.0	0.0019068761	0.9956147	330.54953	0.13781103	0.012701945	33.0	0.0
SPIKE	S136:C>A	0	436874	0.0	-1.0	0.0	TRUE	C	2.23853E-5	35.0	0.0029783673	0.99926156	90.01783	0.28025058	0.014105877	33.0	0.0
SPIKE	S136:C>G	0	436874	0.0	-1.0	0.0	TRUE	C	7.2643884E-6	21.0	0.0019463097	0.9997603	184.24318	0.1514196	0.006508526	33.0	0.0
SPIKE	S136:C>T	0	436874	0.0	-1.0	0.0	TRUE	C	1.2719799E-4	404.0	0.0019068761	0.9958113	330.54953	0.13781103	0.012701945	33.0	0.0
SPIKE	S137:T>A	0	436874	0.0	-1.0	0.0	TRUE	T	9.478419E-6	17.0	0.002177442	0.99968725	57.396614	0.24411242	0.007185278	33.0	0.0
SPIKE	S137:T>G	0	436874	0.0	-1.0	0.0	TRUE	T	9.691249E-5	333.0	0.0012203323	0.996807	265.21274	0.12729813	0.0067789233	33.0	0.0
SPIKE	S137:T>C	0	436874	0.0	-1.0	0.0	TRUE	T	2.7994462E-5	74.0	0.001845717	0.9990766	319.0964	0.16557658	0.019646406	33.0	0.0
SPIKE	S138:G>A	0	436874	0.0	-1.0	0.0	TRUE	G	1.8435951E-4	580.0	0.0022908982	0.99393463	330.54953	0.13918416	0.014246943	33.0	0.0
SPIKE	S138:G>C	0	436874	0.0	-1.0	0.0	TRUE	G	6.4400585E-5	8.0	0.0016815909	0.99787706	184.24318	0.15296268	0.0072448626	33.0	1.0
SPIKE	S138:G>T	0	436874	0.0	-1.0	0.0	TRUE	G	4.7809368E-5	118.0	0.001838093	0.9984235	90.01783	0.17733163	0.007192563	33.0	0.0
SPIKE	S139:A>G	0	436874	0.0	-1.0	0.0	TRUE	A	4.1353247E-5	128.0	0.0019076116	0.99863625	319.0964	0.14141163	0.014295754	33.0	0.0
SPIKE	S139:A>C	0	436874	0.0	-1.0	0.0	TRUE	A	1.3526597E-4	3.0	0.0013898561	0.99554616	265.21274	0.22312818	0.03317102	33.0	1.0
SPIKE	S139:A>T	0	436874	0.0	-1.0	0.0	TRUE	A	4.7241044E-4	748.0	0.0021637403	0.98453134	57.396614	0.27651253	0.009942058	33.0	0.0
SPIKE	S140:T>A	0	436874	0.0	-1.0	0.0	TRUE	T	1.0537772E-4	189.0	0.002177442	0.99652857	57.396614	0.24411242	0.007185278	33.0	0.0
SPIKE	S140:T>G	0	436874	0.0	-1.0	0.0	TRUE	T	2.2991251E-5	79.0	0.0012203323	0.9992416	265.21274	0.12729813	0.0067789233	33.0	0.0
SPIKE	S140:T>C	0	436874	0.0	-1.0	0.0	TRUE	T	6.8094637E-6	18.0	0.001845717	0.9997753	319.0964	0.16557658	0.019646406	33.0	0.0
SPIKE	S141:T>A	0	436874	0.0	-1.0	0.0	TRUE	T	7.0697855E-4	1268.0	0.002177442	0.97693974	57.396614	0.24411242	0.007185278	33.0	0.0
SPIKE	S141:T>G	0	436874	0.0	-1.0	0.0	TRUE	T	3.4923418E-5	120.0	0.0012203323	0.9988482	265.21274	0.12729813	0.0067789233	33.0	0.0
SPIKE	S141:T>C	0	436874	0.0	-1.0	0.0	TRUE	T	2.6102944E-5	69.0	0.001845717	0.99913895	319.0964	0.16557658	0.019646406	33.0	0.0
SPIKE	S142:A>G	0	436874	0.0	-1.0	0.0	TRUE	A	5.9800677E-4	1851.0	0.0019076116	0.9804592	319.0964	0.14141163	0.014295754	33.0	0.0
SPIKE	S142:A>C	0	436874	0.0	-1.0	0.0	TRUE	A	8.568474E-5	168.0	0.0013898561	0.9971764	265.21274	0.22312818	0.03317102	33.0	0.0
SPIKE	S142:A>T	0	436874	0.0	-1.0	0.0	TRUE	A	1.7052249E-4	270.0	0.0021637403	0.9943886	57.396614	0.27651253	0.009942058	33.0	0.0
SPIKE	S143:G>A	0	436874	0.0	-1.0	0.0	TRUE	G	1.427197E-4	449.0	0.0022908982	0.9953013	330.54953	0.13918416	0.014246943	33.0	0.0
SPIKE	S143:G>C	0	436874	0.0	-1.0	0.0	TRUE	G	9.5634477E-4	2736.0	0.0016815909	0.9689334	184.24318	0.15296268	0.0072448626	33.0	0.0
SPIKE	S143:G>T	0	436874	0.0	-1.0	0.0	TRUE	G	1.1344596E-5	28.0	0.001838093	0.9996257	90.01783	0.17733163	0.007192563	33.0	0.0
SPIKE	S144:C>A	0	436874	0.0	-1.0	0.0	TRUE	C	7.67496E-6	12.0	0.0029783673	0.99974674	90.01783	0.28025058	0.014105877	33.0	0.0
SPIKE	S144:C>G	0	436874	0.0	-1.0	0.0	TRUE	C	1.4252038E-4	412.0	0.0019463097	0.99530786	184.24318	0.1514196	0.006508526	33.0	0.0
SPIKE	S144:C>T	0	436874	0.0	-1.0	0.0	TRUE	C	8.847186E-5	281.0	0.0019068761	0.9970847	330.54953	0.13781103	0.012701945	33.0	0.0
SPIKE	S145:C>A	0	436874	0.0	-1.0	0.0	TRUE	C	5.7573605E-5	5.0	0.0029783673	0.9981019	90.01783	0.28025058	0.014105877	33.0	1.0
SPIKE	S145:C>G	0	436874	0.0	-1.0	0.0	TRUE	C	8.786451E-5	254.0	0.0019463097	0.99710464	184.24318	0.1514196	0.006508526	33.0	0.0
SPIKE	S145:C>T	0	436874	0.0	-1.0	0.0	TRUE	C	1.1460412E-4	364.0	0.0019068761	0.9962252	330.54953	0.13781103	0.012701945	33.0	0.0
SPIKE	S146:C>A	0	436874	0.0	-1.0	0.0	TRUE	C	5.7573605E-5	7.0	0.0029783673	0.9981019	90.01783	0.28025058	0.014105877	33.0	1.0
SPIKE	S146:C>G	0	436874	0.0	-1.0	0.0	TRUE	C	0.0013124329	3794.0	0.0019463097	0.9576142	184.24318	0.1514196	0.006508526	33.0	0.0
SPIKE	S146:C>T	0	436874	0.0	-1.0	0.0	TRUE	C	1.5207085E-4	483.0	0.0019068761	0.9949942	330.54953	0.13781103	0.012701945	33.0	0.0
SPIKE	S147:G>A	0	436874	0.0	-1.0	0.0	TRUE	G	5.6261437E-5	177.0	0.0022908982	0.9981451	330.54953	0.13918416	0.014246943	33.0	0.0
SPIKE	S147:G>C	0	436874	0.0	-1.0	0.0	TRUE	G	2.597091E-4	743.0	0.0016815909	0.9914662	184.24318	0.15296268	0.0072448626	33.0	0.0
SPIKE	S147:G>T	0	436874	0.0	-1.0	0.0	TRUE	G	0.0016486128	4069.0	0.001838093	0.9470492	90.01783	0.17733163	0.007192563	33.0	0.0
SPIKE	S148:T>A	0	436874	0.0	-1.0	0.0	TRUE	T	3.2001717E-5	5.0	0.002177442	0.9989445	57.396614	0.24411242	0.007185278	33.0	1.0
SPIKE	S148:T>G	0	436874	0.0	-1.0	0.0	TRUE	T	0.0019888887	6834.0	0.0012203323	0.9364742	265.21274	0.12729813	0.0067789233	33.0	0.0
SPIKE	S148:T>C	0	436874	0.0	-1.0	0.0	TRUE	T	1.2370525E-4	327.0	0.001845717	0.995926	319.0964	0.16557658	0.019646406	33.0	0.0
SPIKE	S149:G>A	0	436874	0.0	-1.0	0.0	TRUE	G	5.467213E-5	172.0	0.0022908982	0.99819744	330.54953	0.13918416	0.014246943	33.0	0.0
SPIKE	S149:G>C	0	436874	0.0	-1.0	0.0	TRUE	G	0.0015589538	4460.0	0.0016815909	0.94985545	184.24318	0.15296268	0.0072448626	33.0	0.0
SPIKE	S149:G>T	0	436874	0.0	-1.0	0.0	TRUE	G	5.226617E-4	1290.0	0.001838093	0.9829001	90.01783	0.17733163	0.007192563	33.0	0.0
SPIKE	S150:C>A	0	436870	0.0	-1.0	0.0	TRUE	C	9.593788E-6	15.0	0.0029783673	0.99968344	90.017006	0.28025058	0.014105877	33.0	0.0
SPIKE	S150:C>G	0	436870	0.0	-1.0	0.0	TRUE	C	6.3131575E-4	1825.0	0.0019463097	0.9793821	184.2415	0.1514196	0.006508526	33.0	0.0
SPIKE	S150:C>T	0	436870	0.0	-1.0	0.0	TRUE	C	0.0017914929	5690.0	0.0019068761	0.94259435	330.5465	0.13781103	0.012701945	33.0	0.0
SPIKE	S151:T>A	0	436858	0.0	-1.0	0.0	TRUE	T	3.2001717E-5	4.0	0.002177442	0.9989445	57.394512	0.24411242	0.007185278	33.0	1.0
SPIKE	S151:T>G	0	436858	0.0	-1.0	0.0	TRUE	T	0.002140302	7354.0	0.0012203323	0.9318066	265.203	0.12729813	0.0067789233	33.0	0.0
SPIKE	S151:T>C	0	436858	0.0	-1.0	0.0	TRUE	T	4.6457374E-4	1228.0	0.001845717	0.984786	319.08472	0.16557658	0.019646406	33.0	0.0
SPIKE	S152:G>A	0	436815	0.0	-1.0	0.0	TRUE	G	3.8466405E-5	121.0	0.0022908982	0.99873143	330.50488	0.13918416	0.014246943	33.0	0.0
SPIKE	S152:G>C	0	436815	0.0	-1.0	0.0	TRUE	G	8.73971E-6	25.0	0.0016815909	0.99971163	184.21829	0.15296268	0.0072448626	33.0	0.0
SPIKE	S152:G>T	0	436815	0.0	-1.0	0.0	TRUE	G	4.538451E-4	1120.0	0.001838093	0.9851347	90.00568	0.17733163	0.007192563	33.0	0.0
SPIKE	S153:G>A	0	436516	0.0	-1.0	0.0	TRUE	G	2.481351E-5	78.0	0.0022908982	0.9991815	330.27866	0.13918416	0.014246943	33.0	0.0
SPIKE	S153:G>C	0	436516	0.0	-1.0	0.0	TRUE	G	4.5477623E-6	13.0	0.0016815909	0.9998499	184.0922	0.15296268	0.0072448626	33.0	0.0
SPIKE	S153:G>T	0	436516	0.0	-1.0	0.0	TRUE	G	7.2989355E-6	18.0	0.001838093	0.99975914	89.94407	0.17733163	0.007192563	33.0	0.0
