#pipeline_block
reference	mutation	count	coverage	freq	score	cqs	has.reference	ancestral.allele	error.rate	minor.count.local	minor.fdr	minor.recall	minor.count.global	read.fraction.in.minors	q.filtered.read.fraction	mig.size	global.est
SPIKE	S0:T>A	0	13936	0.0	-1.0	0.0	TRUE	T	4.822544E-5	0.0	0.052758854	0.9769292	6.4435325	0.11011076	0.11037687	484.0	1.0
SPIKE	S0:T>G	0	13936	0.0	-1.0	0.0	TRUE	T	2.423467E-4	4.0	0.06325814	0.8893221	23.228342	0.15521622	0.0928884	484.0	1.0
SPIKE	S0:T>C	0	13936	0.0	-1.0	0.0	TRUE	T	1.2381029E-4	27.0	0.048104398	0.94183594	35.41284	0.06713389	0.093435265	484.0	0.0
SPIKE	S1:A>G	0	13942	0.0	-1.0	0.0	TRUE	A	1.3425639E-4	43.0	0.041867487	0.9370861	35.42809	0.045432437	0.075121306	484.0	0.0
SPIKE	S1:A>C	0	13942	0.0	-1.0	0.0	TRUE	A	4.366354E-5	0.0	0.04856749	0.9790886	23.238342	0.027533464	0.07127961	484.0	1.0
SPIKE	S1:A>T	0	13942	0.0	-1.0	0.0	TRUE	A	4.0845476E-5	6.0	0.060402904	0.98042494	6.4463067	0.09401917	0.12525803	484.0	1.0
SPIKE	S2:G>A	0	13960	0.0	-1.0	0.0	TRUE	G	1.2984192E-4	36.0	0.050874375	0.93909043	27.474436	0.05304863	0.08289645	484.0	0.0
SPIKE	S2:G>C	0	13960	0.0	-1.0	0.0	TRUE	G	1.19325254E-4	0.0	0.06271447	0.94388264	11.499053	0.15455526	0.11059866	484.0	1.0
SPIKE	S2:G>T	0	13960	0.0	-1.0	0.0	TRUE	G	1.2901527E-4	2.0	0.08563983	0.93946624	11.087981	0.17764655	0.08717267	484.0	1.0
SPIKE	S3:C>A	0	13972	0.0	-1.0	0.0	TRUE	C	5.214312E-5	0.0	0.05918644	0.9750785	11.097512	0.06977927	0.11838757	484.0	1.0
SPIKE	S3:C>G	0	13972	0.0	-1.0	0.0	TRUE	C	0.0013051019	132.0	0.043732654	0.5317035	11.508937	0.14446071	0.24422777	484.0	0.0
SPIKE	S3:C>T	0	13972	0.0	-1.0	0.0	TRUE	C	3.2515192E-4	62.0	0.04730739	0.85438484	27.498053	0.07691312	0.08713558	484.0	0.0
SPIKE	S4:G>A	4	13982	2.860821E-4	-1.0	40.0	TRUE	G	1.04430306E-4	29.0	0.050874375	0.95071185	27.517733	0.05304863	0.08289645	484.0	0.0
SPIKE	S4:G>T	1	13982	7.1520524E-5	-1.0	40.0	TRUE	G	1.2901527E-4	1.0	0.08563983	0.93946624	11.105454	0.17764655	0.08717267	484.0	1.0
SPIKE	S4:G>C	0	13982	0.0	-1.0	0.0	TRUE	G	2.27934E-4	22.0	0.06271447	0.89554745	11.517175	0.15455526	0.11059866	484.0	0.0
SPIKE	S5:T>A	1	13985	7.150519E-5	-1.0	40.0	TRUE	T	4.822544E-5	0.0	0.052758854	0.9769292	6.4661884	0.11011076	0.11037687	484.0	1.0
SPIKE	S5:T>G	0	13985	0.0	-1.0	0.0	TRUE	T	3.2229698E-4	31.0	0.06325814	0.85556626	23.310015	0.15521622	0.0928884	484.0	0.0
SPIKE	S5:T>C	0	13985	0.0	-1.0	0.0	TRUE	T	2.0105798E-4	44.0	0.048104398	0.9072728	35.537354	0.06713389	0.093435265	484.0	0.0
SPIKE	S6:G>A	8	13990	5.71837E-4	-1.0	40.0	TRUE	G	6.118276E-5	17.0	0.050874375	0.9708217	27.533478	0.05304863	0.08289645	484.0	0.0
SPIKE	S6:G>T	1	13990	7.1479626E-5	-1.0	40.0	TRUE	G	2.9026612E-4	25.0	0.08563983	0.8689334	11.111809	0.17764655	0.08717267	484.0	0.0
SPIKE	S6:G>C	0	13990	0.0	-1.0	0.0	TRUE	G	1.19325254E-4	0.0	0.06271447	0.94388264	11.523764	0.15455526	0.11059866	484.0	1.0
SPIKE	S7:A>C	2	13997	1.4288776E-4	-1.0	40.0	TRUE	A	4.366354E-5	0.0	0.04856749	0.9790886	23.330015	0.027533464	0.07127961	484.0	1.0
SPIKE	D7-8:A>	10	13997	7.144388E-4	-1.0	39.999928	TRUE		NaN	NaN	NaN	NaN	NaN	NaN	NaN	NaN	NaN
SPIKE	S7:A>G	0	13997	0.0	-1.0	0.0	TRUE	A	1.1195903E-4	36.0	0.041867487	0.9472538	35.56785	0.045432437	0.075121306	484.0	0.0
SPIKE	S7:A>T	0	13997	0.0	-1.0	0.0	TRUE	A	4.0845476E-5	0.0	0.060402904	0.98042494	6.471737	0.09401917	0.12525803	484.0	1.0
SPIKE	S8:A>G	1	13999	7.143367E-5	-1.0	40.0	TRUE	A	1.0572398E-4	34.0	0.041867487	0.95011675	35.57293	0.045432437	0.075121306	484.0	0.0
SPIKE	S8:A>C	1	13999	7.143367E-5	-1.0	40.0	TRUE	A	4.366354E-5	0.0	0.04856749	0.9790886	23.33335	0.027533464	0.07127961	484.0	1.0
SPIKE	S8:A>T	1	13999	7.143367E-5	-1.0	40.0	TRUE	A	4.0845476E-5	3.0	0.060402904	0.98042494	6.472662	0.09401917	0.12525803	484.0	1.0
SPIKE	S9:G>A	2	14000	1.4285714E-4	-1.0	40.0	TRUE	G	1.6183869E-4	45.0	0.050874375	0.9246593	27.553158	0.05304863	0.08289645	484.0	0.0
SPIKE	S9:G>T	1	14000	7.142857E-5	-1.0	40.0	TRUE	G	1.2901527E-4	1.0	0.08563983	0.93946624	11.119752	0.17764655	0.08717267	484.0	1.0
SPIKE	D9-10:G>	3	14000	2.1428571E-4	-1.0	39.991287	TRUE		NaN	NaN	NaN	NaN	NaN	NaN	NaN	NaN	NaN
SPIKE	S9:G>C	0	14000	0.0	-1.0	0.0	TRUE	G	1.19325254E-4	0.0	0.06271447	0.94388264	11.5320015	0.15455526	0.11059866	484.0	1.0
SPIKE	S10:A>G	1	14000	7.142857E-5	-1.0	40.0	TRUE	A	2.33198E-4	75.0	0.041867487	0.8932687	35.57547	0.045432437	0.075121306	484.0	0.0
SPIKE	S10:A>C	1	14000	7.142857E-5	-1.0	40.0	TRUE	A	4.366354E-5	3.0	0.04856749	0.9790886	23.335016	0.027533464	0.07127961	484.0	1.0
SPIKE	D10-11:A>	3	14000	2.1428571E-4	-1.0	39.991287	TRUE		NaN	NaN	NaN	NaN	NaN	NaN	NaN	NaN	NaN
SPIKE	S10:A>T	0	14000	0.0	-1.0	0.0	TRUE	A	4.0845476E-5	0.0	0.060402904	0.98042494	6.473124	0.09401917	0.12525803	484.0	1.0
SPIKE	S11:C>A	1	14000	7.142857E-5	-1.0	40.0	TRUE	C	1.07852386E-4	23.0	0.05918644	0.9491385	11.119752	0.06977927	0.11838757	484.0	0.0
SPIKE	S11:C>T	1	14000	7.142857E-5	-1.0	40.0	TRUE	C	1.936542E-4	37.0	0.04730739	0.9105298	27.553158	0.07691312	0.08713558	484.0	0.0
SPIKE	D11-12:C>	1	14000	7.142857E-5	-1.0	39.994427	TRUE		NaN	NaN	NaN	NaN	NaN	NaN	NaN	NaN	NaN
SPIKE	S11:C>G	0	14000	0.0	-1.0	0.0	TRUE	C	1.13790426E-4	0.0	0.043732654	0.9464146	11.5320015	0.14446071	0.24422777	484.0	1.0
SPIKE	S12:G>A	1	14000	7.142857E-5	-1.0	40.0	TRUE	G	3.9560568E-5	11.0	0.050874375	0.9810348	27.553158	0.05304863	0.08289645	484.0	0.0
SPIKE	S12:G>T	3	14000	2.1428571E-4	-1.0	40.0	TRUE	G	1.2901527E-4	0.0	0.08563983	0.93946624	11.119752	0.17764655	0.08717267	484.0	1.0
SPIKE	D12-13:G>	2	14000	1.4285714E-4	-1.0	39.994144	TRUE		NaN	NaN	NaN	NaN	NaN	NaN	NaN	NaN	NaN
SPIKE	S12:G>C	0	14000	0.0	-1.0	0.0	TRUE	G	2.690302E-4	26.0	0.06271447	0.8779105	11.5320015	0.15455526	0.11059866	484.0	0.0
SPIKE	S13:A>G	1	14000	7.142857E-5	4.2596874	40.0	TRUE	A	4.25975E-4	137.0	0.041867487	0.81369317	35.57547	0.045432437	0.075121306	484.0	0.0
SPIKE	D13-14:A>	2	14000	1.4285714E-4	-1.0	39.994144	TRUE		NaN	NaN	NaN	NaN	NaN	NaN	NaN	NaN	NaN
SPIKE	I13:>A	1	14000	7.142857E-5	-1.0	39.994144	TRUE		NaN	NaN	NaN	NaN	NaN	NaN	NaN	NaN	NaN
SPIKE	S13:A>C	0	14000	0.0	-1.0	0.0	TRUE	A	4.366354E-5	3.0	0.04856749	0.9790886	23.335016	0.027533464	0.07127961	484.0	1.0
SPIKE	S13:A>T	0	14000	0.0	-1.0	0.0	TRUE	A	4.0845476E-5	3.0	0.060402904	0.98042494	6.473124	0.09401917	0.12525803	484.0	1.0
SPIKE	S14:C>A	2	14000	1.4285714E-4	-1.0	40.0	TRUE	C	1.359878E-4	29.0	0.05918644	0.9363012	11.119752	0.06977927	0.11838757	484.0	0.0
SPIKE	S14:C>G	1	14000	7.142857E-5	-1.0	40.0	TRUE	C	1.13790426E-4	0.0	0.043732654	0.9464146	11.5320015	0.14446071	0.24422777	484.0	1.0
SPIKE	S14:C>T	2	14000	1.4285714E-4	-1.0	40.0	TRUE	C	8.374236E-5	16.0	0.04730739	0.9602791	27.553158	0.07691312	0.08713558	484.0	0.0
SPIKE	S15:A>C	1	14000	7.142857E-5	-1.0	40.0	TRUE	A	5.6134788E-5	30.0	0.04856749	0.9731965	23.335016	0.027533464	0.07127961	484.0	0.0
SPIKE	S15:A>G	0	14000	0.0	-1.0	0.0	TRUE	A	1.0260712E-4	33.0	0.041867487	0.95155114	35.57547	0.045432437	0.075121306	484.0	0.0
SPIKE	S15:A>T	0	14000	0.0	-1.0	0.0	TRUE	A	4.0845476E-5	1.0	0.060402904	0.98042494	6.473124	0.09401917	0.12525803	484.0	1.0
SPIKE	S16:G>A	3	14000	2.1428571E-4	-1.0	40.0	TRUE	G	1.4385661E-4	40.0	0.050874375	0.93274206	27.553158	0.05304863	0.08289645	484.0	0.0
SPIKE	S16:G>T	2	14000	1.4285714E-4	-1.0	40.0	TRUE	G	1.2901527E-4	0.0	0.08563983	0.93946624	11.119752	0.17764655	0.08717267	484.0	1.0
SPIKE	S16:G>C	0	14000	0.0	-1.0	0.0	TRUE	G	1.19325254E-4	0.0	0.06271447	0.94388264	11.5320015	0.15455526	0.11059866	484.0	1.0
SPIKE	S17:A>C	1	14000	7.142857E-5	-1.0	40.0	TRUE	A	4.366354E-5	2.0	0.04856749	0.9790886	23.335016	0.027533464	0.07127961	484.0	1.0
SPIKE	S17:A>G	0	14000	0.0	-1.0	0.0	TRUE	A	4.3219363E-4	139.0	0.041867487	0.8112478	35.57547	0.045432437	0.075121306	484.0	0.0
SPIKE	S17:A>T	0	14000	0.0	-1.0	0.0	TRUE	A	4.0845476E-5	1.0	0.060402904	0.98042494	6.473124	0.09401917	0.12525803	484.0	1.0
SPIKE	S18:A>G	0	14000	0.0	-1.0	0.0	TRUE	A	1.368095E-4	44.0	0.041867487	0.9359289	35.57547	0.045432437	0.075121306	484.0	0.0
SPIKE	S18:A>C	0	14000	0.0	-1.0	0.0	TRUE	A	4.366354E-5	0.0	0.04856749	0.9790886	23.335016	0.027533464	0.07127961	484.0	1.0
SPIKE	S18:A>T	0	14000	0.0	-1.0	0.0	TRUE	A	4.0845476E-5	2.0	0.060402904	0.98042494	6.473124	0.09401917	0.12525803	484.0	1.0
SPIKE	S19:C>A	0	14000	0.0	-1.0	0.0	TRUE	C	1.12541624E-4	24.0	0.05918644	0.9469868	11.119752	0.06977927	0.11838757	484.0	0.0
SPIKE	S19:C>G	0	14000	0.0	-1.0	0.0	TRUE	C	1.13790426E-4	0.0	0.043732654	0.9464146	11.5320015	0.14446071	0.24422777	484.0	1.0
SPIKE	S19:C>T	0	14000	0.0	-1.0	0.0	TRUE	C	1.6748472E-4	32.0	0.04730739	0.92213595	27.553158	0.07691312	0.08713558	484.0	0.0
SPIKE	S20:C>G	1	14000	7.142857E-5	-1.0	40.0	TRUE	C	1.13790426E-4	0.0	0.043732654	0.9464146	11.5320015	0.14446071	0.24422777	484.0	1.0
SPIKE	S20:C>T	1	14000	7.142857E-5	-1.0	40.0	TRUE	C	1.0991184E-4	21.0	0.04730739	0.9481929	27.553158	0.07691312	0.08713558	484.0	0.0
SPIKE	S20:C>A	0	14000	0.0	-1.0	0.0	TRUE	C	5.214312E-5	0.0	0.05918644	0.9750785	11.119752	0.06977927	0.11838757	484.0	1.0
SPIKE	S21:A>G	0	14000	0.0	-1.0	0.0	TRUE	A	9.0169895E-5	29.0	0.041867487	0.9572964	35.57547	0.045432437	0.075121306	484.0	0.0
SPIKE	S21:A>C	0	14000	0.0	-1.0	0.0	TRUE	A	5.6134788E-5	30.0	0.04856749	0.9731965	23.335016	0.027533464	0.07127961	484.0	0.0
SPIKE	S21:A>T	0	14000	0.0	-1.0	0.0	TRUE	A	4.0845476E-5	0.0	0.060402904	0.98042494	6.473124	0.09401917	0.12525803	484.0	1.0
SPIKE	S22:A>T	14000	14000	1.0	-1.0	39.99986	FALSE	T	4.0845476E-5	0.0	0.060402904	0.98042494	6.473124	0.09401917	0.12525803	484.0	1.0
SPIKE	S22:A>G	0	14000	0.0	-1.0	0.0	FALSE	T	1.1061505E-4	0.0	0.041867487	0.9478702	35.57547	0.045432437	0.075121306	484.0	1.0
SPIKE	S22:A>C	0	14000	0.0	-1.0	0.0	FALSE	T	4.366354E-5	0.0	0.04856749	0.9790886	23.335016	0.027533464	0.07127961	484.0	1.0
SPIKE	S23:A>G	0	14000	0.0	-1.0	0.0	TRUE	A	1.1061505E-4	0.0	0.041867487	0.9478702	35.57547	0.045432437	0.075121306	484.0	1.0
SPIKE	S23:A>C	0	14000	0.0	-1.0	0.0	TRUE	A	1.8711595E-5	10.0	0.04856749	0.9909845	23.335016	0.027533464	0.07127961	484.0	0.0
SPIKE	S23:A>T	0	14000	0.0	-1.0	0.0	TRUE	A	1.7668027E-4	28.0	0.060402904	0.918041	6.473124	0.09401917	0.12525803	484.0	0.0
SPIKE	S24:A>C	14000	14000	1.0	-1.0	39.99986	FALSE	C	4.366354E-5	0.0	0.04856749	0.9790886	23.335016	0.027533464	0.07127961	484.0	1.0
SPIKE	S24:A>G	0	14000	0.0	-1.0	0.0	FALSE	C	1.1061505E-4	0.0	0.041867487	0.9478702	35.57547	0.045432437	0.075121306	484.0	1.0
SPIKE	S24:A>T	0	14000	0.0	-1.0	0.0	FALSE	C	4.0845476E-5	0.0	0.060402904	0.98042494	6.473124	0.09401917	0.12525803	484.0	1.0
SPIKE	S25:A>T	14000	14000	1.0	-1.0	39.999928	FALSE	T	4.0845476E-5	0.0	0.060402904	0.98042494	6.473124	0.09401917	0.12525803	484.0	1.0
SPIKE	S25:A>G	0	14000	0.0	-1.0	0.0	FALSE	T	1.1061505E-4	1.0	0.041867487	0.9478702	35.57547	0.045432437	0.075121306	484.0	1.0
SPIKE	S25:A>C	0	14000	0.0	-1.0	0.0	FALSE	T	8.045986E-5	43.0	0.04856749	0.96180594	23.335016	0.027533464	0.07127961	484.0	0.0
SPIKE	S26:T>A	0	14001	0.0	-1.0	0.0	TRUE	T	4.822544E-5	0.0	0.052758854	0.9769292	6.4735866	0.11011076	0.11037687	484.0	1.0
SPIKE	S26:T>G	0	14001	0.0	-1.0	0.0	TRUE	T	2.423467E-4	2.0	0.06325814	0.8893221	23.336683	0.15521622	0.0928884	484.0	1.0
SPIKE	S26:T>C	0	14001	0.0	-1.0	0.0	TRUE	T	8.672127E-5	19.0	0.048104398	0.95889556	35.57801	0.06713389	0.093435265	484.0	0.0
SPIKE	S27:G>A	0	14001	0.0	-1.0	0.0	TRUE	G	3.955774E-5	11.0	0.050874375	0.9810362	27.555126	0.05304863	0.08289645	484.0	0.0
SPIKE	S27:G>C	0	14001	0.0	-1.0	0.0	TRUE	G	1.19325254E-4	0.0	0.06271447	0.94388264	11.5328245	0.15455526	0.11059866	484.0	1.0
SPIKE	S27:G>T	0	14001	0.0	-1.0	0.0	TRUE	G	2.900381E-4	25.0	0.08563983	0.8690293	11.120545	0.17764655	0.08717267	484.0	0.0
SPIKE	S28:G>A	1	14001	7.142347E-5	-1.0	40.0	TRUE	G	8.990396E-5	25.0	0.050874375	0.95741963	27.555126	0.05304863	0.08289645	484.0	0.0
SPIKE	S28:G>T	3	14001	2.142704E-4	-1.0	40.0	TRUE	G	1.2901527E-4	0.0	0.08563983	0.93946624	11.120545	0.17764655	0.08717267	484.0	1.0
SPIKE	S28:G>C	0	14001	0.0	-1.0	0.0	TRUE	G	1.19325254E-4	0.0	0.06271447	0.94388264	11.5328245	0.15455526	0.11059866	484.0	1.0
SPIKE	S29:G>T	3	14001	2.142704E-4	-1.0	40.0	TRUE	G	1.2901527E-4	1.0	0.08563983	0.93946624	11.120545	0.17764655	0.08717267	484.0	1.0
SPIKE	S29:G>A	0	14001	0.0	-1.0	0.0	TRUE	G	5.7538535E-5	16.0	0.050874375	0.97253555	27.555126	0.05304863	0.08289645	484.0	0.0
SPIKE	S29:G>C	0	14001	0.0	-1.0	0.0	TRUE	G	1.19325254E-4	0.0	0.06271447	0.94388264	11.5328245	0.15455526	0.11059866	484.0	1.0
SPIKE	S30:A>G	1	14001	7.142347E-5	-1.0	40.0	TRUE	A	2.4561767E-4	79.0	0.041867487	0.88791525	35.57801	0.045432437	0.075121306	484.0	0.0
SPIKE	S30:A>C	0	14001	0.0	-1.0	0.0	TRUE	A	4.366354E-5	0.0	0.04856749	0.9790886	23.336683	0.027533464	0.07127961	484.0	1.0
SPIKE	S30:A>T	0	14001	0.0	-1.0	0.0	TRUE	A	4.0845476E-5	0.0	0.060402904	0.98042494	6.4735866	0.09401917	0.12525803	484.0	1.0
SPIKE	S31:T>A	0	14001	0.0	-1.0	0.0	TRUE	T	1.9368884E-4	26.0	0.052758854	0.91051453	6.4735866	0.11011076	0.11037687	484.0	0.0
SPIKE	S31:T>G	0	14001	0.0	-1.0	0.0	TRUE	T	2.423467E-4	3.0	0.06325814	0.8893221	23.336683	0.15521622	0.0928884	484.0	1.0
SPIKE	S31:T>C	0	14001	0.0	-1.0	0.0	TRUE	T	1.0954266E-4	24.0	0.048104398	0.94836235	35.57801	0.06713389	0.093435265	484.0	0.0
SPIKE	S32:C>A	2	14001	1.4284694E-4	-1.0	40.0	TRUE	C	5.214312E-5	0.0	0.05918644	0.9750785	11.120545	0.06977927	0.11838757	484.0	1.0
SPIKE	S32:C>G	0	14001	0.0	-1.0	0.0	TRUE	C	1.13790426E-4	0.0	0.043732654	0.9464146	11.5328245	0.14446071	0.24422777	484.0	1.0
SPIKE	S32:C>T	0	14001	0.0	-1.0	0.0	TRUE	C	1.9887388E-4	38.0	0.04730739	0.90823245	27.555126	0.07691312	0.08713558	484.0	0.0
SPIKE	S33:C>A	0	14001	0.0	-1.0	0.0	TRUE	C	5.214312E-5	2.0	0.05918644	0.9750785	11.120545	0.06977927	0.11838757	484.0	1.0
SPIKE	S33:C>G	0	14001	0.0	-1.0	0.0	TRUE	C	1.13790426E-4	0.0	0.043732654	0.9464146	11.5328245	0.14446071	0.24422777	484.0	1.0
SPIKE	S33:C>T	0	14001	0.0	-1.0	0.0	TRUE	C	5.7568755E-5	11.0	0.04730739	0.9725213	27.555126	0.07691312	0.08713558	484.0	0.0
SPIKE	S34:A>G	0	14001	0.0	-1.0	0.0	TRUE	A	1.1061505E-4	9.0	0.041867487	0.9478702	35.57801	0.045432437	0.075121306	484.0	1.0
SPIKE	S34:A>C	0	14001	0.0	-1.0	0.0	TRUE	A	5.425975E-5	29.0	0.04856749	0.97408015	23.336683	0.027533464	0.07127961	484.0	0.0
SPIKE	S34:A>T	0	14001	0.0	-1.0	0.0	TRUE	A	4.0845476E-5	0.0	0.060402904	0.98042494	6.4735866	0.09401917	0.12525803	484.0	1.0
SPIKE	S35:T>C	1	14001	7.142347E-5	-1.0	40.0	TRUE	T	1.3692833E-4	30.0	0.048104398	0.93587506	35.57801	0.06713389	0.093435265	484.0	0.0
SPIKE	S35:T>A	0	14001	0.0	-1.0	0.0	TRUE	T	2.1603754E-4	29.0	0.052758854	0.9007188	6.4735866	0.11011076	0.11037687	484.0	0.0
SPIKE	S35:T>G	0	14001	0.0	-1.0	0.0	TRUE	T	2.423467E-4	1.0	0.06325814	0.8893221	23.336683	0.15521622	0.0928884	484.0	1.0
SPIKE	S36:T>A	0	14001	0.0	-1.0	0.0	TRUE	T	4.822544E-5	0.0	0.052758854	0.9769292	6.4735866	0.11011076	0.11037687	484.0	1.0
SPIKE	S36:T>G	0	14001	0.0	-1.0	0.0	TRUE	T	2.423467E-4	0.0	0.06325814	0.8893221	23.336683	0.15521622	0.0928884	484.0	1.0
SPIKE	S36:T>C	0	14001	0.0	-1.0	0.0	TRUE	T	1.6238792E-4	1.0	0.048104398	0.92441356	35.57801	0.06713389	0.093435265	484.0	1.0
SPIKE	S37:A>G	1	14001	7.142347E-5	-1.0	40.0	TRUE	A	4.04181E-5	13.0	0.041867487	0.9806277	35.57801	0.045432437	0.075121306	484.0	0.0
SPIKE	S37:A>C	0	14001	0.0	-1.0	0.0	TRUE	A	4.366354E-5	0.0	0.04856749	0.9790886	23.336683	0.027533464	0.07127961	484.0	1.0
SPIKE	S37:A>T	0	14001	0.0	-1.0	0.0	TRUE	A	1.5773898E-4	25.0	0.060402904	0.9264959	6.4735866	0.09401917	0.12525803	484.0	0.0
SPIKE	S38:T>A	0	14001	0.0	-1.0	0.0	TRUE	T	1.6389055E-4	22.0	0.052758854	0.92374146	6.4735866	0.11011076	0.11037687	484.0	0.0
SPIKE	S38:T>G	0	14001	0.0	-1.0	0.0	TRUE	T	2.423467E-4	1.0	0.06325814	0.8893221	23.336683	0.15521622	0.0928884	484.0	1.0
SPIKE	S38:T>C	0	14001	0.0	-1.0	0.0	TRUE	T	1.6238792E-4	3.0	0.048104398	0.92441356	35.57801	0.06713389	0.093435265	484.0	1.0
SPIKE	S39:C>T	3	14001	2.142704E-4	-1.0	40.0	TRUE	C	2.3550855E-4	45.0	0.04730739	0.8922703	27.555126	0.07691312	0.08713558	484.0	0.0
SPIKE	S39:C>A	0	14001	0.0	-1.0	0.0	TRUE	C	5.214312E-5	1.0	0.05918644	0.9750785	11.120545	0.06977927	0.11838757	484.0	1.0
SPIKE	S39:C>G	0	14001	0.0	-1.0	0.0	TRUE	C	1.13790426E-4	0.0	0.043732654	0.9464146	11.5328245	0.14446071	0.24422777	484.0	1.0
SPIKE	S40:G>T	4	14001	2.8569388E-4	-1.0	40.0	TRUE	G	1.2901527E-4	0.0	0.08563983	0.93946624	11.120545	0.17764655	0.08717267	484.0	1.0
SPIKE	S40:G>A	0	14001	0.0	-1.0	0.0	TRUE	G	1.00692436E-4	28.0	0.050874375	0.95243335	27.555126	0.05304863	0.08289645	484.0	0.0
SPIKE	S40:G>C	0	14001	0.0	-1.0	0.0	TRUE	G	2.586644E-4	25.0	0.06271447	0.88232607	11.5328245	0.15455526	0.11059866	484.0	0.0
SPIKE	S41:G>A	1	14001	7.142347E-5	-1.0	40.0	TRUE	G	6.832701E-5	19.0	0.050874375	0.9674706	27.555126	0.05304863	0.08289645	484.0	0.0
SPIKE	S41:G>C	0	14001	0.0	-1.0	0.0	TRUE	G	1.19325254E-4	0.0	0.06271447	0.94388264	11.5328245	0.15455526	0.11059866	484.0	1.0
SPIKE	S41:G>T	0	14001	0.0	-1.0	0.0	TRUE	G	1.2901527E-4	0.0	0.08563983	0.93946624	11.120545	0.17764655	0.08717267	484.0	1.0
SPIKE	S42:C>T	1	14001	7.142347E-5	-1.0	40.0	TRUE	C	1.570057E-4	30.0	0.04730739	0.92682475	27.555126	0.07691312	0.08713558	484.0	0.0
SPIKE	S42:C>A	2	14001	1.4284694E-4	-1.0	40.0	TRUE	C	5.214312E-5	0.0	0.05918644	0.9750785	11.120545	0.06977927	0.11838757	484.0	1.0
SPIKE	S42:C>G	0	14001	0.0	-1.0	0.0	TRUE	C	2.4666643E-4	25.0	0.043732654	0.8874647	11.5328245	0.14446071	0.24422777	484.0	0.0
SPIKE	S43:G>T	2	14001	1.4284694E-4	-1.0	40.0	TRUE	G	1.2901527E-4	1.0	0.08563983	0.93946624	11.120545	0.17764655	0.08717267	484.0	1.0
SPIKE	S43:G>A	1	14001	7.142347E-5	-1.0	40.0	TRUE	G	9.90926E-5	8.0	0.050874375	0.95317113	27.555126	0.05304863	0.08289645	484.0	1.0
SPIKE	S43:G>C	0	14001	0.0	-1.0	0.0	TRUE	G	2.586644E-4	25.0	0.06271447	0.88232607	11.5328245	0.15455526	0.11059866	484.0	0.0
SPIKE	S44:G>C	1	14001	7.142347E-5	-1.0	40.0	TRUE	G	1.19325254E-4	0.0	0.06271447	0.94388264	11.5328245	0.15455526	0.11059866	484.0	1.0
SPIKE	S44:G>T	1	14001	7.142347E-5	-1.0	40.0	TRUE	G	1.2901527E-4	0.0	0.08563983	0.93946624	11.120545	0.17764655	0.08717267	484.0	1.0
SPIKE	S44:G>A	1	14001	7.142347E-5	-1.0	40.0	TRUE	G	1.3665402E-4	38.0	0.050874375	0.93599933	27.555126	0.05304863	0.08289645	484.0	0.0
SPIKE	S45:C>T	2	14001	1.4284694E-4	-1.0	40.0	TRUE	C	7.326933E-5	14.0	0.04730739	0.96515906	27.555126	0.07691312	0.08713558	484.0	0.0
SPIKE	S45:C>A	2	14001	1.4284694E-4	-1.0	40.0	TRUE	C	5.214312E-5	0.0	0.05918644	0.9750785	11.120545	0.06977927	0.11838757	484.0	1.0
SPIKE	S45:C>G	0	14001	0.0	-1.0	0.0	TRUE	C	2.4666643E-4	25.0	0.043732654	0.8874647	11.5328245	0.14446071	0.24422777	484.0	0.0
SPIKE	S46:G>T	1	14001	7.142347E-5	-1.0	40.0	TRUE	G	1.2901527E-4	1.0	0.08563983	0.93946624	11.120545	0.17764655	0.08717267	484.0	1.0
SPIKE	S46:G>A	1	14001	7.142347E-5	-1.0	40.0	TRUE	G	7.192317E-5	20.0	0.050874375	0.9657881	27.555126	0.05304863	0.08289645	484.0	0.0
SPIKE	S46:G>C	0	14001	0.0	-1.0	0.0	TRUE	G	2.6901098E-4	26.0	0.06271447	0.87791866	11.5328245	0.15455526	0.11059866	484.0	0.0
SPIKE	S47:A>G	0	14001	0.0	-1.0	0.0	TRUE	A	9.949071E-5	32.0	0.041867487	0.9529875	35.57801	0.045432437	0.075121306	484.0	0.0
SPIKE	S47:A>C	0	14001	0.0	-1.0	0.0	TRUE	A	4.366354E-5	0.0	0.04856749	0.9790886	23.336683	0.027533464	0.07127961	484.0	1.0
SPIKE	S47:A>T	0	14001	0.0	-1.0	0.0	TRUE	A	4.0845476E-5	0.0	0.060402904	0.98042494	6.4735866	0.09401917	0.12525803	484.0	1.0
SPIKE	S48:A>T	1	14001	7.142347E-5	-1.0	40.0	TRUE	A	4.0845476E-5	0.0	0.060402904	0.98042494	6.4735866	0.09401917	0.12525803	484.0	1.0
SPIKE	S48:A>G	0	14001	0.0	-1.0	0.0	TRUE	A	1.1061505E-4	5.0	0.041867487	0.9478702	35.57801	0.045432437	0.075121306	484.0	1.0
SPIKE	S48:A>C	0	14001	0.0	-1.0	0.0	TRUE	A	4.366354E-5	0.0	0.04856749	0.9790886	23.336683	0.027533464	0.07127961	484.0	1.0
SPIKE	S49:T>A	0	14001	0.0	-1.0	0.0	TRUE	T	2.0858798E-4	28.0	0.052758854	0.90397227	6.4735866	0.11011076	0.11037687	484.0	0.0
SPIKE	S49:T>G	0	14001	0.0	-1.0	0.0	TRUE	T	2.423467E-4	2.0	0.06325814	0.8893221	23.336683	0.15521622	0.0928884	484.0	1.0
SPIKE	S49:T>C	0	14001	0.0	-1.0	0.0	TRUE	T	1.6238792E-4	4.0	0.048104398	0.92441356	35.57801	0.06713389	0.093435265	484.0	1.0
SPIKE	S50:T>A	0	14001	0.0	-1.0	0.0	TRUE	T	4.822544E-5	0.0	0.052758854	0.9769292	6.4735866	0.11011076	0.11037687	484.0	1.0
SPIKE	S50:T>G	0	14001	0.0	-1.0	0.0	TRUE	T	2.423467E-4	0.0	0.06325814	0.8893221	23.336683	0.15521622	0.0928884	484.0	1.0
SPIKE	S50:T>C	0	14001	0.0	-1.0	0.0	TRUE	T	1.6238792E-4	3.0	0.048104398	0.92441356	35.57801	0.06713389	0.093435265	484.0	1.0
SPIKE	S51:T>A	0	14001	0.0	-1.0	0.0	TRUE	T	4.822544E-5	0.0	0.052758854	0.9769292	6.4735866	0.11011076	0.11037687	484.0	1.0
SPIKE	S51:T>G	0	14001	0.0	-1.0	0.0	TRUE	T	2.423467E-4	0.0	0.06325814	0.8893221	23.336683	0.15521622	0.0928884	484.0	1.0
SPIKE	S51:T>C	0	14001	0.0	-1.0	0.0	TRUE	T	1.6238792E-4	1.0	0.048104398	0.92441356	35.57801	0.06713389	0.093435265	484.0	1.0
SPIKE	S52:A>C	1	14001	7.142347E-5	-1.0	40.0	TRUE	A	4.366354E-5	1.0	0.04856749	0.9790886	23.336683	0.027533464	0.07127961	484.0	1.0
SPIKE	S52:A>G	2	14001	1.4284694E-4	-1.0	40.0	TRUE	A	7.150895E-5	23.0	0.041867487	0.9659818	35.57801	0.045432437	0.075121306	484.0	0.0
SPIKE	S52:A>T	0	14001	0.0	-1.0	0.0	TRUE	A	4.0845476E-5	8.0	0.060402904	0.98042494	6.4735866	0.09401917	0.12525803	484.0	1.0
SPIKE	S53:C>T	1	14001	7.142347E-5	-1.0	40.0	TRUE	C	1.4130514E-4	27.0	0.04730739	0.93389463	27.555126	0.07691312	0.08713558	484.0	0.0
SPIKE	S53:C>A	1	14001	7.142347E-5	-1.0	40.0	TRUE	C	6.0955692E-5	13.0	0.05918644	0.9709284	11.120545	0.06977927	0.11838757	484.0	0.0
SPIKE	S53:C>G	0	14001	0.0	-1.0	0.0	TRUE	C	1.13790426E-4	0.0	0.043732654	0.9464146	11.5328245	0.14446071	0.24422777	484.0	1.0
SPIKE	S54:C>T	1	14001	7.142347E-5	-1.0	40.0	TRUE	C	1.04670464E-4	20.0	0.04730739	0.95060134	27.555126	0.07691312	0.08713558	484.0	0.0
SPIKE	S54:C>A	0	14001	0.0	-1.0	0.0	TRUE	C	5.214312E-5	0.0	0.05918644	0.9750785	11.120545	0.06977927	0.11838757	484.0	1.0
SPIKE	S54:C>G	0	14001	0.0	-1.0	0.0	TRUE	C	1.13790426E-4	0.0	0.043732654	0.9464146	11.5328245	0.14446071	0.24422777	484.0	1.0
SPIKE	S55:A>C	1	14001	7.142347E-5	-1.0	40.0	TRUE	A	9.168027E-5	49.0	0.04856749	0.95659685	23.336683	0.027533464	0.07127961	484.0	0.0
SPIKE	S55:A>G	3	14001	2.142704E-4	10.280287	40.0	TRUE	A	3.5754472E-4	115.0	0.041867487	0.8410942	35.57801	0.045432437	0.075121306	484.0	0.0
SPIKE	S55:A>T	0	14001	0.0	-1.0	0.0	TRUE	A	4.0845476E-5	4.0	0.060402904	0.98042494	6.4735866	0.09401917	0.12525803	484.0	1.0
SPIKE	S56:C>T	1	14001	7.142347E-5	-1.0	40.0	TRUE	C	1.3083809E-4	25.0	0.04730739	0.9386378	27.555126	0.07691312	0.08713558	484.0	0.0
SPIKE	S56:C>A	0	14001	0.0	-1.0	0.0	TRUE	C	7.971129E-5	17.0	0.05918644	0.96215445	11.120545	0.06977927	0.11838757	484.0	0.0
SPIKE	S56:C>G	0	14001	0.0	-1.0	0.0	TRUE	C	1.13790426E-4	0.0	0.043732654	0.9464146	11.5328245	0.14446071	0.24422777	484.0	1.0
SPIKE	S57:C>A	0	14001	0.0	-1.0	0.0	TRUE	C	5.214312E-5	0.0	0.05918644	0.9750785	11.120545	0.06977927	0.11838757	484.0	1.0
SPIKE	S57:C>G	0	14001	0.0	-1.0	0.0	TRUE	C	1.13790426E-4	0.0	0.043732654	0.9464146	11.5328245	0.14446071	0.24422777	484.0	1.0
SPIKE	S57:C>T	0	14001	0.0	-1.0	0.0	TRUE	C	1.442104E-4	9.0	0.04730739	0.9325823	27.555126	0.07691312	0.08713558	484.0	1.0
SPIKE	S58:A>G	0	14001	0.0	-1.0	0.0	TRUE	A	1.2436339E-4	40.0	0.041867487	0.9415839	35.57801	0.045432437	0.075121306	484.0	0.0
SPIKE	S58:A>C	0	14001	0.0	-1.0	0.0	TRUE	A	5.0517698E-5	27.0	0.04856749	0.97584593	23.336683	0.027533464	0.07127961	484.0	0.0
SPIKE	S58:A>T	0	14001	0.0	-1.0	0.0	TRUE	A	4.0845476E-5	0.0	0.060402904	0.98042494	6.4735866	0.09401917	0.12525803	484.0	1.0
SPIKE	S59:T>C	1	14001	7.142347E-5	-1.0	40.0	TRUE	T	1.1867122E-4	26.0	0.048104398	0.9441815	35.57801	0.06713389	0.093435265	484.0	0.0
SPIKE	S59:T>A	0	14001	0.0	-1.0	0.0	TRUE	T	1.7878969E-4	24.0	0.052758854	0.9171042	6.4735866	0.11011076	0.11037687	484.0	0.0
SPIKE	S59:T>G	0	14001	0.0	-1.0	0.0	TRUE	T	2.423467E-4	4.0	0.06325814	0.8893221	23.336683	0.15521622	0.0928884	484.0	1.0
SPIKE	S60:T>C	2	14001	1.4284694E-4	-1.0	40.0	TRUE	T	5.0207054E-5	11.0	0.048104398	0.9759927	35.57801	0.06713389	0.093435265	484.0	0.0
SPIKE	S60:T>A	0	14001	0.0	-1.0	0.0	TRUE	T	4.822544E-5	1.0	0.052758854	0.9769292	6.4735866	0.11011076	0.11037687	484.0	1.0
SPIKE	S60:T>G	0	14001	0.0	-1.0	0.0	TRUE	T	2.423467E-4	1.0	0.06325814	0.8893221	23.336683	0.15521622	0.0928884	484.0	1.0
SPIKE	S61:G>T	1	14001	7.142347E-5	-1.0	40.0	TRUE	G	2.7843655E-4	24.0	0.08563983	0.87392277	11.120545	0.17764655	0.08717267	484.0	0.0
SPIKE	S61:G>A	0	14001	0.0	-1.0	0.0	TRUE	G	4.31539E-5	12.0	0.050874375	0.9793301	27.555126	0.05304863	0.08289645	484.0	0.0
SPIKE	S61:G>C	0	14001	0.0	-1.0	0.0	TRUE	G	1.19325254E-4	0.0	0.06271447	0.94388264	11.5328245	0.15455526	0.11059866	484.0	1.0
SPIKE	D62-63:A>	1	14001	7.142347E-5	-1.0	39.997856	TRUE		NaN	NaN	NaN	NaN	NaN	NaN	NaN	NaN	NaN
SPIKE	S62:A>G	0	14001	0.0	-1.0	0.0	TRUE	A	8.08362E-5	26.0	0.041867487	0.96163076	35.57801	0.045432437	0.075121306	484.0	0.0
SPIKE	S62:A>C	0	14001	0.0	-1.0	0.0	TRUE	A	4.366354E-5	0.0	0.04856749	0.9790886	23.336683	0.027533464	0.07127961	484.0	1.0
SPIKE	S62:A>T	0	14001	0.0	-1.0	0.0	TRUE	A	4.0845476E-5	0.0	0.060402904	0.98042494	6.4735866	0.09401917	0.12525803	484.0	1.0
SPIKE	S63:A>G	0	14001	0.0	-1.0	0.0	TRUE	A	1.1061505E-4	7.0	0.041867487	0.9478702	35.57801	0.045432437	0.075121306	484.0	1.0
SPIKE	S63:A>C	0	14001	0.0	-1.0	0.0	TRUE	A	4.366354E-5	0.0	0.04856749	0.9790886	23.336683	0.027533464	0.07127961	484.0	1.0
SPIKE	S63:A>T	0	14001	0.0	-1.0	0.0	TRUE	A	4.0845476E-5	0.0	0.060402904	0.98042494	6.4735866	0.09401917	0.12525803	484.0	1.0
SPIKE	S64:A>G	0	14001	0.0	-1.0	0.0	TRUE	A	6.2181694E-5	20.0	0.041867487	0.9703524	35.57801	0.045432437	0.075121306	484.0	0.0
SPIKE	S64:A>C	0	14001	0.0	-1.0	0.0	TRUE	A	4.366354E-5	1.0	0.04856749	0.9790886	23.336683	0.027533464	0.07127961	484.0	1.0
SPIKE	S64:A>T	0	14001	0.0	-1.0	0.0	TRUE	A	4.0845476E-5	0.0	0.060402904	0.98042494	6.4735866	0.09401917	0.12525803	484.0	1.0
SPIKE	S65:A>G	1	14001	7.142347E-5	-1.0	40.0	TRUE	A	2.1452684E-4	69.0	0.041867487	0.9013776	35.57801	0.045432437	0.075121306	484.0	0.0
SPIKE	S65:A>C	2	14001	1.4284694E-4	-1.0	40.0	TRUE	A	9.168027E-5	49.0	0.04856749	0.95659685	23.336683	0.027533464	0.07127961	484.0	0.0
SPIKE	S65:A>T	0	14001	0.0	-1.0	0.0	TRUE	A	4.0845476E-5	1.0	0.060402904	0.98042494	6.4735866	0.09401917	0.12525803	484.0	1.0
SPIKE	S66:C>A	1	14001	7.142347E-5	-1.0	40.0	TRUE	C	5.214312E-5	5.0	0.05918644	0.9750785	11.120545	0.06977927	0.11838757	484.0	1.0
SPIKE	S66:C>T	2	14001	1.4284694E-4	-1.0	40.0	TRUE	C	9.943694E-5	19.0	0.04730739	0.9530123	27.555126	0.07691312	0.08713558	484.0	0.0
SPIKE	S66:C>G	0	14001	0.0	-1.0	0.0	TRUE	C	1.13790426E-4	0.0	0.043732654	0.9464146	11.5328245	0.14446071	0.24422777	484.0	1.0
SPIKE	S67:C>A	2	14001	1.4284694E-4	-1.0	40.0	TRUE	C	7.971129E-5	17.0	0.05918644	0.96215445	11.120545	0.06977927	0.11838757	484.0	0.0
SPIKE	S67:C>G	0	14001	0.0	-1.0	0.0	TRUE	C	1.13790426E-4	0.0	0.043732654	0.9464146	11.5328245	0.14446071	0.24422777	484.0	1.0
SPIKE	S67:C>T	0	14001	0.0	-1.0	0.0	TRUE	C	7.850285E-5	15.0	0.04730739	0.9627174	27.555126	0.07691312	0.08713558	484.0	0.0
SPIKE	S68:A>G	0	14001	0.0	-1.0	0.0	TRUE	A	4.1661735E-4	134.0	0.041867487	0.81738687	35.57801	0.045432437	0.075121306	484.0	0.0
SPIKE	S68:A>C	0	14001	0.0	-1.0	0.0	TRUE	A	4.366354E-5	3.0	0.04856749	0.9790886	23.336683	0.027533464	0.07127961	484.0	1.0
SPIKE	S68:A>T	0	14001	0.0	-1.0	0.0	TRUE	A	4.0845476E-5	5.0	0.060402904	0.98042494	6.4735866	0.09401917	0.12525803	484.0	1.0
SPIKE	S69:G>A	1	14001	7.142347E-5	-1.0	40.0	TRUE	G	7.5519325E-5	21.0	0.050874375	0.9641086	27.555126	0.05304863	0.08289645	484.0	0.0
SPIKE	S69:G>C	0	14001	0.0	-1.0	0.0	TRUE	G	1.8623837E-4	18.0	0.06271447	0.9138038	11.5328245	0.15455526	0.11059866	484.0	0.0
SPIKE	S69:G>T	0	14001	0.0	-1.0	0.0	TRUE	G	1.2901527E-4	0.0	0.08563983	0.93946624	11.120545	0.17764655	0.08717267	484.0	1.0
SPIKE	S70:C>G	1	14001	7.142347E-5	-1.0	40.0	TRUE	C	1.13790426E-4	0.0	0.043732654	0.9464146	11.5328245	0.14446071	0.24422777	484.0	1.0
SPIKE	S70:C>T	11	14001	7.856582E-4	-1.0	40.0	TRUE	C	2.3550855E-4	45.0	0.04730739	0.8922703	27.555126	0.07691312	0.08713558	484.0	0.0
SPIKE	S70:C>A	0	14001	0.0	-1.0	0.0	TRUE	C	5.214312E-5	0.0	0.05918644	0.9750785	11.120545	0.06977927	0.11838757	484.0	1.0
SPIKE	S71:C>A	1	14001	7.142347E-5	-1.0	40.0	TRUE	C	5.214312E-5	4.0	0.05918644	0.9750785	11.120545	0.06977927	0.11838757	484.0	1.0
SPIKE	S71:C>T	1	14001	7.142347E-5	-1.0	40.0	TRUE	C	1.3083809E-4	25.0	0.04730739	0.9386378	27.555126	0.07691312	0.08713558	484.0	0.0
SPIKE	S71:C>G	0	14001	0.0	-1.0	0.0	TRUE	C	1.7759982E-4	18.0	0.043732654	0.91763246	11.5328245	0.14446071	0.24422777	484.0	0.0
SPIKE	S72:G>A	3	14001	2.142704E-4	-1.0	40.0	TRUE	G	6.113469E-5	17.0	0.050874375	0.97084427	27.555126	0.05304863	0.08289645	484.0	0.0
SPIKE	S72:G>T	2	14001	1.4284694E-4	-1.0	40.0	TRUE	G	1.7402285E-4	15.0	0.08563983	0.91922253	11.120545	0.17764655	0.08717267	484.0	0.0
SPIKE	S72:G>C	0	14001	0.0	-1.0	0.0	TRUE	G	1.19325254E-4	0.0	0.06271447	0.94388264	11.5328245	0.15455526	0.11059866	484.0	1.0
SPIKE	S73:T>A	0	14001	0.0	-1.0	0.0	TRUE	T	4.822544E-5	0.0	0.052758854	0.9769292	6.4735866	0.11011076	0.11037687	484.0	1.0
SPIKE	S73:T>G	0	14001	0.0	-1.0	0.0	TRUE	T	2.2846552E-4	22.0	0.06325814	0.89531714	23.336683	0.15521622	0.0928884	484.0	0.0
SPIKE	S73:T>C	0	14001	0.0	-1.0	0.0	TRUE	T	3.9709214E-4	87.0	0.048104398	0.8251479	35.57801	0.06713389	0.093435265	484.0	0.0
SPIKE	S74:G>T	3	14001	2.142704E-4	-1.0	40.0	TRUE	G	1.2901527E-4	0.0	0.08563983	0.93946624	11.120545	0.17764655	0.08717267	484.0	1.0
SPIKE	S74:G>A	0	14001	0.0	-1.0	0.0	TRUE	G	9.90926E-5	9.0	0.050874375	0.95317113	27.555126	0.05304863	0.08289645	484.0	1.0
SPIKE	S74:G>C	0	14001	0.0	-1.0	0.0	TRUE	G	1.19325254E-4	0.0	0.06271447	0.94388264	11.5328245	0.15455526	0.11059866	484.0	1.0
SPIKE	S75:G>T	1	14001	7.142347E-5	-1.0	40.0	TRUE	G	1.6242133E-4	14.0	0.08563983	0.9243986	11.120545	0.17764655	0.08717267	484.0	0.0
SPIKE	S75:G>A	0	14001	0.0	-1.0	0.0	TRUE	G	5.0346218E-5	14.0	0.050874375	0.97592694	27.555126	0.05304863	0.08289645	484.0	0.0
SPIKE	S75:G>C	0	14001	0.0	-1.0	0.0	TRUE	G	1.19325254E-4	0.0	0.06271447	0.94388264	11.5328245	0.15455526	0.11059866	484.0	1.0
SPIKE	S76:T>A	0	14001	0.0	-1.0	0.0	TRUE	T	4.822544E-5	2.0	0.052758854	0.9769292	6.4735866	0.11011076	0.11037687	484.0	1.0
SPIKE	S76:T>G	0	14001	0.0	-1.0	0.0	TRUE	T	2.423467E-4	9.0	0.06325814	0.8893221	23.336683	0.15521622	0.0928884	484.0	1.0
SPIKE	S76:T>C	0	14001	0.0	-1.0	0.0	TRUE	T	2.053925E-4	45.0	0.048104398	0.9053715	35.57801	0.06713389	0.093435265	484.0	0.0
SPIKE	S77:T>A	0	14001	0.0	-1.0	0.0	TRUE	T	4.822544E-5	0.0	0.052758854	0.9769292	6.4735866	0.11011076	0.11037687	484.0	1.0
SPIKE	S77:T>G	0	14001	0.0	-1.0	0.0	TRUE	T	2.423467E-4	0.0	0.06325814	0.8893221	23.336683	0.15521622	0.0928884	484.0	1.0
SPIKE	S77:T>C	0	14001	0.0	-1.0	0.0	TRUE	T	1.6238792E-4	5.0	0.048104398	0.92441356	35.57801	0.06713389	0.093435265	484.0	1.0
SPIKE	S78:T>A	0	14001	0.0	-1.0	0.0	TRUE	T	4.822544E-5	0.0	0.052758854	0.9769292	6.4735866	0.11011076	0.11037687	484.0	1.0
SPIKE	S78:T>G	0	14001	0.0	-1.0	0.0	TRUE	T	2.1808072E-4	21.0	0.06325814	0.8998285	23.336683	0.15521622	0.0928884	484.0	0.0
SPIKE	S78:T>C	0	14001	0.0	-1.0	0.0	TRUE	T	1.6238792E-4	1.0	0.048104398	0.92441356	35.57801	0.06713389	0.093435265	484.0	1.0
SPIKE	S79:G>A	0	14001	0.0	-1.0	0.0	TRUE	G	3.5961584E-5	10.0	0.050874375	0.9827452	27.555126	0.05304863	0.08289645	484.0	0.0
SPIKE	S79:G>C	0	14001	0.0	-1.0	0.0	TRUE	G	2.2762468E-4	22.0	0.06271447	0.89568156	11.5328245	0.15455526	0.11059866	484.0	0.0
SPIKE	S79:G>T	0	14001	0.0	-1.0	0.0	TRUE	G	1.2901527E-4	0.0	0.08563983	0.93946624	11.120545	0.17764655	0.08717267	484.0	1.0
SPIKE	S80:C>T	15	14001	0.001071352	-1.0	40.0	TRUE	C	2.3550855E-4	45.0	0.04730739	0.8922703	27.555126	0.07691312	0.08713558	484.0	0.0
SPIKE	S80:C>A	0	14001	0.0	-1.0	0.0	TRUE	C	5.214312E-5	3.0	0.05918644	0.9750785	11.120545	0.06977927	0.11838757	484.0	1.0
SPIKE	S80:C>G	0	14001	0.0	-1.0	0.0	TRUE	C	1.9733314E-4	20.0	0.043732654	0.90891	11.5328245	0.14446071	0.24422777	484.0	0.0
SPIKE	S81:G>A	2	14001	1.4284694E-4	-1.0	40.0	TRUE	G	7.192317E-5	20.0	0.050874375	0.9657881	27.555126	0.05304863	0.08289645	484.0	0.0
SPIKE	S81:G>T	4	14001	2.8569388E-4	-1.0	40.0	TRUE	G	1.2901527E-4	2.0	0.08563983	0.93946624	11.120545	0.17764655	0.08717267	484.0	1.0
SPIKE	S81:G>C	1	14001	7.142347E-5	-1.0	40.0	TRUE	G	1.19325254E-4	0.0	0.06271447	0.94388264	11.5328245	0.15455526	0.11059866	484.0	1.0
SPIKE	S82:G>T	1	14001	7.142347E-5	-1.0	40.0	TRUE	G	1.2901527E-4	3.0	0.08563983	0.93946624	11.120545	0.17764655	0.08717267	484.0	1.0
SPIKE	S82:G>A	0	14001	0.0	-1.0	0.0	TRUE	G	9.709627E-5	27.0	0.050874375	0.95409256	27.555126	0.05304863	0.08289645	484.0	0.0
SPIKE	S82:G>C	0	14001	0.0	-1.0	0.0	TRUE	G	1.6554522E-4	16.0	0.06271447	0.923002	11.5328245	0.15455526	0.11059866	484.0	0.0
SPIKE	S83:C>A	1	14001	7.142347E-5	-1.0	40.0	TRUE	C	5.214312E-5	1.0	0.05918644	0.9750785	11.120545	0.06977927	0.11838757	484.0	1.0
SPIKE	S83:C>T	1	14001	7.142347E-5	-1.0	40.0	TRUE	C	1.2560457E-4	24.0	0.04730739	0.9410184	27.555126	0.07691312	0.08713558	484.0	0.0
SPIKE	S83:C>G	0	14001	0.0	-1.0	0.0	TRUE	C	1.9733314E-4	20.0	0.043732654	0.90891	11.5328245	0.14446071	0.24422777	484.0	0.0
SPIKE	S84:G>T	1	14001	7.142347E-5	-1.0	40.0	TRUE	G	1.2901527E-4	0.0	0.08563983	0.93946624	11.120545	0.17764655	0.08717267	484.0	1.0
SPIKE	S84:G>A	0	14001	0.0	-1.0	0.0	TRUE	G	9.3500115E-5	26.0	0.050874375	0.95575464	27.555126	0.05304863	0.08289645	484.0	0.0
SPIKE	S84:G>C	0	14001	0.0	-1.0	0.0	TRUE	G	1.19325254E-4	0.0	0.06271447	0.94388264	11.5328245	0.15455526	0.11059866	484.0	1.0
SPIKE	S85:A>G	0	14001	0.0	-1.0	0.0	TRUE	A	1.1061505E-4	1.0	0.041867487	0.9478702	35.57801	0.045432437	0.075121306	484.0	1.0
SPIKE	S85:A>C	0	14001	0.0	-1.0	0.0	TRUE	A	9.3551294E-5	50.0	0.04856749	0.955731	23.336683	0.027533464	0.07127961	484.0	0.0
SPIKE	S85:A>T	0	14001	0.0	-1.0	0.0	TRUE	A	1.3250075E-4	21.0	0.060402904	0.9378827	6.4735866	0.09401917	0.12525803	484.0	0.0
SPIKE	S86:T>A	0	14001	0.0	-1.0	0.0	TRUE	T	4.822544E-5	1.0	0.052758854	0.9769292	6.4735866	0.11011076	0.11037687	484.0	1.0
SPIKE	S86:T>G	0	14001	0.0	-1.0	0.0	TRUE	T	2.423467E-4	2.0	0.06325814	0.8893221	23.336683	0.15521622	0.0928884	484.0	1.0
SPIKE	S86:T>C	0	14001	0.0	-1.0	0.0	TRUE	T	6.389988E-5	14.0	0.048104398	0.96954584	35.57801	0.06713389	0.093435265	484.0	0.0
SPIKE	S87:T>A	0	14001	0.0	-1.0	0.0	TRUE	T	4.822544E-5	0.0	0.052758854	0.9769292	6.4735866	0.11011076	0.11037687	484.0	1.0
SPIKE	S87:T>G	0	14001	0.0	-1.0	0.0	TRUE	T	2.423467E-4	1.0	0.06325814	0.8893221	23.336683	0.15521622	0.0928884	484.0	1.0
SPIKE	S87:T>C	0	14001	0.0	-1.0	0.0	TRUE	T	1.6238792E-4	6.0	0.048104398	0.92441356	35.57801	0.06713389	0.093435265	484.0	1.0
SPIKE	S88:T>A	0	14001	0.0	-1.0	0.0	TRUE	T	1.4154184E-4	19.0	0.052758854	0.93378764	6.4735866	0.11011076	0.11037687	484.0	0.0
SPIKE	S88:T>G	0	14001	0.0	-1.0	0.0	TRUE	T	2.423467E-4	0.0	0.06325814	0.8893221	23.336683	0.15521622	0.0928884	484.0	1.0
SPIKE	S88:T>C	0	14001	0.0	-1.0	0.0	TRUE	T	1.6238792E-4	2.0	0.048104398	0.92441356	35.57801	0.06713389	0.093435265	484.0	1.0
SPIKE	S89:A>G	1	14001	7.142347E-5	-1.0	40.0	TRUE	A	3.419993E-5	11.0	0.041867487	0.98358345	35.57801	0.045432437	0.075121306	484.0	0.0
SPIKE	S89:A>C	0	14001	0.0	-1.0	0.0	TRUE	A	4.366354E-5	0.0	0.04856749	0.9790886	23.336683	0.027533464	0.07127961	484.0	1.0
SPIKE	S89:A>T	0	14001	0.0	-1.0	0.0	TRUE	A	1.388103E-4	22.0	0.060402904	0.93502295	6.4735866	0.09401917	0.12525803	484.0	0.0
SPIKE	S90:T>A	0	14001	0.0	-1.0	0.0	TRUE	T	4.822544E-5	0.0	0.052758854	0.9769292	6.4735866	0.11011076	0.11037687	484.0	1.0
SPIKE	S90:T>G	0	14001	0.0	-1.0	0.0	TRUE	T	2.423467E-4	1.0	0.06325814	0.8893221	23.336683	0.15521622	0.0928884	484.0	1.0
SPIKE	S90:T>C	0	14001	0.0	-1.0	0.0	TRUE	T	1.4149261E-4	31.0	0.048104398	0.9338099	35.57801	0.06713389	0.093435265	484.0	0.0
SPIKE	S91:C>T	2	14001	1.4284694E-4	-1.0	40.0	TRUE	C	8.373638E-5	16.0	0.04730739	0.9602819	27.555126	0.07691312	0.08713558	484.0	0.0
SPIKE	S91:C>A	0	14001	0.0	-1.0	0.0	TRUE	C	5.214312E-5	0.0	0.05918644	0.9750785	11.120545	0.06977927	0.11838757	484.0	1.0
SPIKE	S91:C>G	0	14001	0.0	-1.0	0.0	TRUE	C	1.8746649E-4	19.0	0.043732654	0.9132608	11.5328245	0.14446071	0.24422777	484.0	0.0
SPIKE	S92:G>T	1	14001	7.142347E-5	-1.0	40.0	TRUE	G	2.4363199E-4	21.0	0.08563983	0.88876903	11.120545	0.17764655	0.08717267	484.0	0.0
SPIKE	S92:G>A	0	14001	0.0	-1.0	0.0	TRUE	G	7.911548E-5	22.0	0.050874375	0.96243197	27.555126	0.05304863	0.08289645	484.0	0.0
SPIKE	S92:G>C	0	14001	0.0	-1.0	0.0	TRUE	G	1.19325254E-4	0.0	0.06271447	0.94388264	11.5328245	0.15455526	0.11059866	484.0	1.0
SPIKE	S93:T>A	0	14001	0.0	-1.0	0.0	TRUE	T	4.822544E-5	1.0	0.052758854	0.9769292	6.4735866	0.11011076	0.11037687	484.0	1.0
SPIKE	S93:T>G	0	14001	0.0	-1.0	0.0	TRUE	T	2.423467E-4	2.0	0.06325814	0.8893221	23.336683	0.15521622	0.0928884	484.0	1.0
SPIKE	S93:T>C	0	14001	0.0	-1.0	0.0	TRUE	T	2.4190672E-4	53.0	0.048104398	0.88951147	35.57801	0.06713389	0.093435265	484.0	0.0
SPIKE	S94:C>A	0	14001	0.0	-1.0	0.0	TRUE	C	5.214312E-5	2.0	0.05918644	0.9750785	11.120545	0.06977927	0.11838757	484.0	1.0
SPIKE	S94:C>G	0	14001	0.0	-1.0	0.0	TRUE	C	1.5786651E-4	16.0	0.043732654	0.9264387	11.5328245	0.14446071	0.24422777	484.0	0.0
SPIKE	S94:C>T	0	14001	0.0	-1.0	0.0	TRUE	C	6.8035806E-5	13.0	0.04730739	0.96760696	27.555126	0.07691312	0.08713558	484.0	0.0
SPIKE	S95:G>A	0	14001	0.0	-1.0	0.0	TRUE	G	1.546348E-4	43.0	0.050874375	0.92788893	27.555126	0.05304863	0.08289645	484.0	0.0
SPIKE	S95:G>C	0	14001	0.0	-1.0	0.0	TRUE	G	1.19325254E-4	0.0	0.06271447	0.94388264	11.5328245	0.15455526	0.11059866	484.0	1.0
SPIKE	S95:G>T	0	14001	0.0	-1.0	0.0	TRUE	G	2.0882742E-4	18.0	0.08563983	0.90386754	11.120545	0.17764655	0.08717267	484.0	0.0
SPIKE	S96:T>C	2	14001	1.4284694E-4	7.269987	40.0	TRUE	T	3.4232083E-4	75.0	0.048104398	0.84731454	35.57801	0.06713389	0.093435265	484.0	0.0
SPIKE	S96:T>A	0	14001	0.0	-1.0	0.0	TRUE	T	4.822544E-5	2.0	0.052758854	0.9769292	6.4735866	0.11011076	0.11037687	484.0	1.0
SPIKE	S96:T>G	0	14001	0.0	-1.0	0.0	TRUE	T	2.423467E-4	1.0	0.06325814	0.8893221	23.336683	0.15521622	0.0928884	484.0	1.0
SPIKE	S97:C>A	1	14001	7.142347E-5	-1.0	40.0	TRUE	C	8.908909E-5	19.0	0.05918644	0.9577973	11.120545	0.06977927	0.11838757	484.0	0.0
SPIKE	S97:C>G	0	14001	0.0	-1.0	0.0	TRUE	C	1.13790426E-4	0.0	0.043732654	0.9464146	11.5328245	0.14446071	0.24422777	484.0	1.0
SPIKE	S97:C>T	0	14001	0.0	-1.0	0.0	TRUE	C	6.280228E-5	12.0	0.04730739	0.970061	27.555126	0.07691312	0.08713558	484.0	0.0
SPIKE	S98:A>G	1	14001	7.142347E-5	-1.0	40.0	TRUE	A	4.9745355E-5	16.0	0.041867487	0.9762108	35.57801	0.045432437	0.075121306	484.0	0.0
SPIKE	S98:A>C	0	14001	0.0	-1.0	0.0	TRUE	A	4.366354E-5	0.0	0.04856749	0.9790886	23.336683	0.027533464	0.07127961	484.0	1.0
SPIKE	S98:A>T	0	14001	0.0	-1.0	0.0	TRUE	A	1.2619118E-4	20.0	0.060402904	0.94075125	6.4735866	0.09401917	0.12525803	484.0	0.0
SPIKE	S99:T>A	0	14001	0.0	-1.0	0.0	TRUE	T	4.822544E-5	0.0	0.052758854	0.9769292	6.4735866	0.11011076	0.11037687	484.0	1.0
SPIKE	S99:T>G	0	14001	0.0	-1.0	0.0	TRUE	T	2.423467E-4	2.0	0.06325814	0.8893221	23.336683	0.15521622	0.0928884	484.0	1.0
SPIKE	S99:T>C	0	14001	0.0	-1.0	0.0	TRUE	T	1.1410694E-4	25.0	0.048104398	0.94626963	35.57801	0.06713389	0.093435265	484.0	0.0
SPIKE	S100:C>T	2	14001	1.4284694E-4	-1.0	40.0	TRUE	C	1.570057E-4	30.0	0.04730739	0.92682475	27.555126	0.07691312	0.08713558	484.0	0.0
SPIKE	S100:C>A	2	14001	1.4284694E-4	-1.0	40.0	TRUE	C	5.214312E-5	1.0	0.05918644	0.9750785	11.120545	0.06977927	0.11838757	484.0	1.0
SPIKE	S100:C>G	0	14001	0.0	-1.0	0.0	TRUE	C	2.2693312E-4	23.0	0.043732654	0.8959814	11.5328245	0.14446071	0.24422777	484.0	0.0
SPIKE	S101:G>T	2	14001	1.4284694E-4	-1.0	40.0	TRUE	G	2.0882742E-4	18.0	0.08563983	0.90386754	11.120545	0.17764655	0.08717267	484.0	0.0
SPIKE	S101:G>A	1	14001	7.142347E-5	-1.0	40.0	TRUE	G	7.5519325E-5	21.0	0.050874375	0.9641086	27.555126	0.05304863	0.08289645	484.0	0.0
SPIKE	S101:G>C	0	14001	0.0	-1.0	0.0	TRUE	G	1.19325254E-4	0.0	0.06271447	0.94388264	11.5328245	0.15455526	0.11059866	484.0	1.0
SPIKE	S102:T>A	0	14001	0.0	-1.0	0.0	TRUE	T	4.822544E-5	0.0	0.052758854	0.9769292	6.4735866	0.11011076	0.11037687	484.0	1.0
SPIKE	S102:T>G	0	14001	0.0	-1.0	0.0	TRUE	T	2.2846552E-4	22.0	0.06325814	0.89531714	23.336683	0.15521622	0.0928884	484.0	0.0
SPIKE	S102:T>C	0	14001	0.0	-1.0	0.0	TRUE	T	1.4605689E-4	32.0	0.048104398	0.9317493	35.57801	0.06713389	0.093435265	484.0	0.0
SPIKE	S103:G>T	2	14001	1.4284694E-4	-1.0	40.0	TRUE	G	1.2901527E-4	2.0	0.08563983	0.93946624	11.120545	0.17764655	0.08717267	484.0	1.0
SPIKE	S103:G>A	1	14001	7.142347E-5	-1.0	40.0	TRUE	G	9.90926E-5	6.0	0.050874375	0.95317113	27.555126	0.05304863	0.08289645	484.0	1.0
SPIKE	S103:G>C	0	14001	0.0	-1.0	0.0	TRUE	G	1.19325254E-4	0.0	0.06271447	0.94388264	11.5328245	0.15455526	0.11059866	484.0	1.0
SPIKE	S104:G>T	1	14001	7.142347E-5	-1.0	40.0	TRUE	G	1.2901527E-4	0.0	0.08563983	0.93946624	11.120545	0.17764655	0.08717267	484.0	1.0
SPIKE	S104:G>A	0	14001	0.0	-1.0	0.0	TRUE	G	1.1507707E-4	32.0	0.050874375	0.9458254	27.555126	0.05304863	0.08289645	484.0	0.0
SPIKE	S104:G>C	0	14001	0.0	-1.0	0.0	TRUE	G	1.758918E-4	17.0	0.06271447	0.9183914	11.5328245	0.15455526	0.11059866	484.0	0.0
SPIKE	S105:C>T	4	14001	2.8569388E-4	-1.0	40.0	TRUE	C	2.041074E-4	39.0	0.04730739	0.90593475	27.555126	0.07691312	0.08713558	484.0	0.0
SPIKE	S105:C>A	0	14001	0.0	-1.0	0.0	TRUE	C	5.214312E-5	4.0	0.05918644	0.9750785	11.120545	0.06977927	0.11838757	484.0	1.0
SPIKE	S105:C>G	0	14001	0.0	-1.0	0.0	TRUE	C	1.6773317E-4	17.0	0.043732654	0.9220251	11.5328245	0.14446071	0.24422777	484.0	0.0
SPIKE	S106:G>T	2	14001	1.4284694E-4	-1.0	40.0	TRUE	G	1.2901527E-4	0.0	0.08563983	0.93946624	11.120545	0.17764655	0.08717267	484.0	1.0
SPIKE	S106:G>A	1	14001	7.142347E-5	-1.0	40.0	TRUE	G	1.6542329E-4	46.0	0.050874375	0.9230565	27.555126	0.05304863	0.08289645	484.0	0.0
SPIKE	S106:G>C	0	14001	0.0	-1.0	0.0	TRUE	G	1.19325254E-4	0.0	0.06271447	0.94388264	11.5328245	0.15455526	0.11059866	484.0	1.0
SPIKE	S107:G>C	1	14001	7.142347E-5	-1.0	40.0	TRUE	G	2.172781E-4	21.0	0.06271447	0.90017813	11.5328245	0.15455526	0.11059866	484.0	0.0
SPIKE	S107:G>A	9	14001	6.4281124E-4	-1.0	40.0	TRUE	G	1.4384634E-4	40.0	0.050874375	0.9327467	27.555126	0.05304863	0.08289645	484.0	0.0
SPIKE	S107:G>T	0	14001	0.0	-1.0	0.0	TRUE	G	1.2901527E-4	0.0	0.08563983	0.93946624	11.120545	0.17764655	0.08717267	484.0	1.0
SPIKE	S108:C>A	0	14001	0.0	-1.0	0.0	TRUE	C	7.033349E-5	15.0	0.05918644	0.96653146	11.120545	0.06977927	0.11838757	484.0	0.0
SPIKE	S108:C>G	0	14001	0.0	-1.0	0.0	TRUE	C	1.13790426E-4	0.0	0.043732654	0.9464146	11.5328245	0.14446071	0.24422777	484.0	1.0
SPIKE	S108:C>T	0	14001	0.0	-1.0	0.0	TRUE	C	1.0990399E-4	21.0	0.04730739	0.9481965	27.555126	0.07691312	0.08713558	484.0	0.0
SPIKE	S109:A>G	0	14001	0.0	-1.0	0.0	TRUE	A	9.949071E-5	32.0	0.041867487	0.9529875	35.57801	0.045432437	0.075121306	484.0	0.0
SPIKE	S109:A>C	0	14001	0.0	-1.0	0.0	TRUE	A	4.366354E-5	4.0	0.04856749	0.9790886	23.336683	0.027533464	0.07127961	484.0	1.0
SPIKE	S109:A>T	0	14001	0.0	-1.0	0.0	TRUE	A	4.0845476E-5	0.0	0.060402904	0.98042494	6.4735866	0.09401917	0.12525803	484.0	1.0
SPIKE	S110:G>T	2	14001	1.4284694E-4	-1.0	40.0	TRUE	G	1.2901527E-4	3.0	0.08563983	0.93946624	11.120545	0.17764655	0.08717267	484.0	1.0
SPIKE	S110:G>A	0	14001	0.0	-1.0	0.0	TRUE	G	7.192317E-5	20.0	0.050874375	0.9657881	27.555126	0.05304863	0.08289645	484.0	0.0
SPIKE	S110:G>C	0	14001	0.0	-1.0	0.0	TRUE	G	1.758918E-4	17.0	0.06271447	0.9183914	11.5328245	0.15455526	0.11059866	484.0	0.0
SPIKE	S111:C>T	2	14001	1.4284694E-4	-1.0	40.0	TRUE	C	1.779398E-4	34.0	0.04730739	0.9174815	27.555126	0.07691312	0.08713558	484.0	0.0
SPIKE	S111:C>A	1	14001	7.142347E-5	-1.0	40.0	TRUE	C	5.214312E-5	4.0	0.05918644	0.9750785	11.120545	0.06977927	0.11838757	484.0	1.0
SPIKE	S111:C>G	0	14001	0.0	-1.0	0.0	TRUE	C	1.5786651E-4	16.0	0.043732654	0.9264387	11.5328245	0.14446071	0.24422777	484.0	0.0
SPIKE	S112:G>A	4	14001	2.8569388E-4	-1.0	40.0	TRUE	G	6.473085E-5	18.0	0.050874375	0.96915597	27.555126	0.05304863	0.08289645	484.0	0.0
SPIKE	S112:G>C	0	14001	0.0	-1.0	0.0	TRUE	G	1.19325254E-4	1.0	0.06271447	0.94388264	11.5328245	0.15455526	0.11059866	484.0	1.0
SPIKE	S112:G>T	0	14001	0.0	-1.0	0.0	TRUE	G	1.508198E-4	13.0	0.08563983	0.9296038	11.120545	0.17764655	0.08717267	484.0	0.0
SPIKE	S113:T>A	0	14001	0.0	-1.0	0.0	TRUE	T	4.822544E-5	1.0	0.052758854	0.9769292	6.4735866	0.11011076	0.11037687	484.0	1.0
SPIKE	S113:T>G	0	14001	0.0	-1.0	0.0	TRUE	T	1.8692634E-4	18.0	0.06325814	0.9134996	23.336683	0.15521622	0.0928884	484.0	0.0
SPIKE	S113:T>C	0	14001	0.0	-1.0	0.0	TRUE	T	2.053925E-4	45.0	0.048104398	0.9053715	35.57801	0.06713389	0.093435265	484.0	0.0
SPIKE	S114:G>A	0	14001	0.0	-1.0	0.0	TRUE	G	9.3500115E-5	26.0	0.050874375	0.95575464	27.555126	0.05304863	0.08289645	484.0	0.0
SPIKE	S114:G>C	0	14001	0.0	-1.0	0.0	TRUE	G	1.19325254E-4	4.0	0.06271447	0.94388264	11.5328245	0.15455526	0.11059866	484.0	1.0
SPIKE	S114:G>T	0	14001	0.0	-1.0	0.0	TRUE	G	1.2901527E-4	0.0	0.08563983	0.93946624	11.120545	0.17764655	0.08717267	484.0	1.0
SPIKE	S115:A>G	0	14001	0.0	-1.0	0.0	TRUE	A	1.8654508E-4	60.0	0.041867487	0.91366816	35.57801	0.045432437	0.075121306	484.0	0.0
SPIKE	S115:A>C	0	14001	0.0	-1.0	0.0	TRUE	A	4.116257E-5	22.0	0.04856749	0.98027444	23.336683	0.027533464	0.07127961	484.0	0.0
SPIKE	S115:A>T	0	14001	0.0	-1.0	0.0	TRUE	A	4.0845476E-5	4.0	0.060402904	0.98042494	6.4735866	0.09401917	0.12525803	484.0	1.0
SPIKE	S116:C>A	1	14001	7.142347E-5	-1.0	40.0	TRUE	C	5.214312E-5	6.0	0.05918644	0.9750785	11.120545	0.06977927	0.11838757	484.0	1.0
SPIKE	S116:C>G	0	14001	0.0	-1.0	0.0	TRUE	C	1.13790426E-4	0.0	0.043732654	0.9464146	11.5328245	0.14446071	0.24422777	484.0	1.0
SPIKE	S116:C>T	0	14001	0.0	-1.0	0.0	TRUE	C	5.2335232E-5	10.0	0.04730739	0.97498786	27.555126	0.07691312	0.08713558	484.0	0.0
SPIKE	S117:C>A	1	14001	7.142347E-5	-1.0	40.0	TRUE	C	5.214312E-5	7.0	0.05918644	0.9750785	11.120545	0.06977927	0.11838757	484.0	1.0
SPIKE	S117:C>G	0	14001	0.0	-1.0	0.0	TRUE	C	1.13790426E-4	0.0	0.043732654	0.9464146	11.5328245	0.14446071	0.24422777	484.0	1.0
SPIKE	S117:C>T	0	14001	0.0	-1.0	0.0	TRUE	C	1.8317331E-4	35.0	0.04730739	0.9151604	27.555126	0.07691312	0.08713558	484.0	0.0
SPIKE	S118:T>A	2	14001	1.4284694E-4	-1.0	40.0	TRUE	T	1.6389055E-4	22.0	0.052758854	0.92374146	6.4735866	0.11011076	0.11037687	484.0	0.0
SPIKE	S118:T>G	0	14001	0.0	-1.0	0.0	TRUE	T	2.423467E-4	4.0	0.06325814	0.8893221	23.336683	0.15521622	0.0928884	484.0	1.0
SPIKE	S118:T>C	0	14001	0.0	-1.0	0.0	TRUE	T	1.4605689E-4	32.0	0.048104398	0.9317493	35.57801	0.06713389	0.093435265	484.0	0.0
SPIKE	S119:A>G	0	14001	0.0	-1.0	0.0	TRUE	A	5.5963523E-5	18.0	0.041867487	0.9732772	35.57801	0.045432437	0.075121306	484.0	0.0
SPIKE	S119:A>C	0	14001	0.0	-1.0	0.0	TRUE	A	5.613078E-5	30.0	0.04856749	0.9731984	23.336683	0.027533464	0.07127961	484.0	0.0
SPIKE	S119:A>T	0	14001	0.0	-1.0	0.0	TRUE	A	1.4511986E-4	23.0	0.060402904	0.93217194	6.4735866	0.09401917	0.12525803	484.0	0.0
SPIKE	S120:T>A	0	14001	0.0	-1.0	0.0	TRUE	T	4.822544E-5	0.0	0.052758854	0.9769292	6.4735866	0.11011076	0.11037687	484.0	1.0
SPIKE	S120:T>G	0	14001	0.0	-1.0	0.0	TRUE	T	2.596199E-4	25.0	0.06325814	0.88191813	23.336683	0.15521622	0.0928884	484.0	0.0
SPIKE	S120:T>C	0	14001	0.0	-1.0	0.0	TRUE	T	9.584983E-5	21.0	0.048104398	0.9546683	35.57801	0.06713389	0.093435265	484.0	0.0
SPIKE	S121:G>A	0	14001	0.0	-1.0	0.0	TRUE	G	7.5519325E-5	21.0	0.050874375	0.9641086	27.555126	0.05304863	0.08289645	484.0	0.0
SPIKE	S121:G>C	0	14001	0.0	-1.0	0.0	TRUE	G	1.19325254E-4	0.0	0.06271447	0.94388264	11.5328245	0.15455526	0.11059866	484.0	1.0
SPIKE	S121:G>T	0	14001	0.0	-1.0	0.0	TRUE	G	3.480457E-4	30.0	0.08563983	0.84497005	11.120545	0.17764655	0.08717267	484.0	0.0
SPIKE	S122:T>A	0	14001	0.0	-1.0	0.0	TRUE	T	4.822544E-5	0.0	0.052758854	0.9769292	6.4735866	0.11011076	0.11037687	484.0	1.0
SPIKE	S122:T>G	0	14001	0.0	-1.0	0.0	TRUE	T	3.4269827E-4	33.0	0.06325814	0.8471598	23.336683	0.15521622	0.0928884	484.0	0.0
SPIKE	S122:T>C	0	14001	0.0	-1.0	0.0	TRUE	T	2.5103526E-4	55.0	0.048104398	0.88559014	35.57801	0.06713389	0.093435265	484.0	0.0
SPIKE	S123:G>A	0	14001	0.0	-1.0	0.0	TRUE	G	5.3942375E-5	15.0	0.050874375	0.97422975	27.555126	0.05304863	0.08289645	484.0	0.0
SPIKE	S123:G>C	0	14001	0.0	-1.0	0.0	TRUE	G	1.19325254E-4	3.0	0.06271447	0.94388264	11.5328245	0.15455526	0.11059866	484.0	1.0
SPIKE	S123:G>T	0	14001	0.0	-1.0	0.0	TRUE	G	2.3203046E-4	20.0	0.08563983	0.8937736	11.120545	0.17764655	0.08717267	484.0	0.0
SPIKE	S124:T>C	2	14001	1.4284694E-4	-1.0	40.0	TRUE	T	2.053925E-4	45.0	0.048104398	0.9053715	35.57801	0.06713389	0.093435265	484.0	0.0
SPIKE	S124:T>A	0	14001	0.0	-1.0	0.0	TRUE	T	4.822544E-5	1.0	0.052758854	0.9769292	6.4735866	0.11011076	0.11037687	484.0	1.0
SPIKE	S124:T>G	0	14001	0.0	-1.0	0.0	TRUE	T	3.2192867E-4	31.0	0.06325814	0.8557188	23.336683	0.15521622	0.0928884	484.0	0.0
SPIKE	S125:G>A	1	14001	7.142347E-5	-1.0	40.0	TRUE	G	8.2711646E-5	23.0	0.050874375	0.96075827	27.555126	0.05304863	0.08289645	484.0	0.0
SPIKE	S125:G>C	0	14001	0.0	-1.0	0.0	TRUE	G	1.5519865E-4	15.0	0.06271447	0.9276357	11.5328245	0.15455526	0.11059866	484.0	0.0
SPIKE	S125:G>T	0	14001	0.0	-1.0	0.0	TRUE	G	1.2901527E-4	3.0	0.08563983	0.93946624	11.120545	0.17764655	0.08717267	484.0	1.0
SPIKE	S126:C>T	15	14001	0.001071352	-1.0	40.0	TRUE	C	2.3550855E-4	45.0	0.04730739	0.8922703	27.555126	0.07691312	0.08713558	484.0	0.0
SPIKE	S126:C>G	1	14001	7.142347E-5	-1.0	40.0	TRUE	C	2.1706645E-4	22.0	0.043732654	0.90027034	11.5328245	0.14446071	0.24422777	484.0	0.0
SPIKE	S126:C>A	1	14001	7.142347E-5	-1.0	40.0	TRUE	C	6.564459E-5	14.0	0.05918644	0.96872747	11.120545	0.06977927	0.11838757	484.0	0.0
SPIKE	S127:G>T	8	14001	5.7138776E-4	-1.0	40.0	TRUE	G	1.2901527E-4	1.0	0.08563983	0.93946624	11.120545	0.17764655	0.08717267	484.0	1.0
SPIKE	S127:G>A	2	14001	1.4284694E-4	-1.0	40.0	TRUE	G	6.473085E-5	18.0	0.050874375	0.96915597	27.555126	0.05304863	0.08289645	484.0	0.0
SPIKE	S127:G>C	0	14001	0.0	-1.0	0.0	TRUE	G	1.19325254E-4	4.0	0.06271447	0.94388264	11.5328245	0.15455526	0.11059866	484.0	1.0
SPIKE	S128:G>A	3	14001	2.142704E-4	-1.0	40.0	TRUE	G	1.1507707E-4	32.0	0.050874375	0.9458254	27.555126	0.05304863	0.08289645	484.0	0.0
SPIKE	S128:G>T	1	14001	7.142347E-5	-1.0	40.0	TRUE	G	1.2901527E-4	1.0	0.08563983	0.93946624	11.120545	0.17764655	0.08717267	484.0	1.0
SPIKE	S128:G>C	0	14001	0.0	-1.0	0.0	TRUE	G	1.4485206E-4	14.0	0.06271447	0.93229276	11.5328245	0.15455526	0.11059866	484.0	0.0
SPIKE	S129:C>T	1	14001	7.142347E-5	-1.0	40.0	TRUE	C	1.6223923E-4	31.0	0.04730739	0.9244801	27.555126	0.07691312	0.08713558	484.0	0.0
SPIKE	S129:C>A	0	14001	0.0	-1.0	0.0	TRUE	C	2.2037826E-4	47.0	0.05918644	0.89882845	11.120545	0.06977927	0.11838757	484.0	0.0
SPIKE	S129:C>G	0	14001	0.0	-1.0	0.0	TRUE	C	1.8746649E-4	19.0	0.043732654	0.9132608	11.5328245	0.14446071	0.24422777	484.0	0.0
SPIKE	S130:G>T	1	14001	7.142347E-5	-1.0	40.0	TRUE	G	1.2901527E-4	0.0	0.08563983	0.93946624	11.120545	0.17764655	0.08717267	484.0	1.0
SPIKE	S130:G>A	0	14001	0.0	-1.0	0.0	TRUE	G	7.911548E-5	22.0	0.050874375	0.96243197	27.555126	0.05304863	0.08289645	484.0	0.0
SPIKE	S130:G>C	0	14001	0.0	-1.0	0.0	TRUE	G	1.19325254E-4	4.0	0.06271447	0.94388264	11.5328245	0.15455526	0.11059866	484.0	1.0
SPIKE	S131:G>A	8	14001	5.7138776E-4	-1.0	40.0	TRUE	G	2.0138487E-4	56.0	0.050874375	0.9071293	27.555126	0.05304863	0.08289645	484.0	0.0
SPIKE	S131:G>C	0	14001	0.0	-1.0	0.0	TRUE	G	1.4485206E-4	14.0	0.06271447	0.93229276	11.5328245	0.15455526	0.11059866	484.0	0.0
SPIKE	S131:G>T	0	14001	0.0	-1.0	0.0	TRUE	G	1.2901527E-4	0.0	0.08563983	0.93946624	11.120545	0.17764655	0.08717267	484.0	1.0
SPIKE	S132:C>A	1	14001	7.142347E-5	4.2596874	40.0	TRUE	C	4.3606764E-4	93.0	0.05918644	0.80972815	11.120545	0.06977927	0.11838757	484.0	0.0
SPIKE	S132:C>G	0	14001	0.0	-1.0	0.0	TRUE	C	1.13790426E-4	4.0	0.043732654	0.9464146	11.5328245	0.14446071	0.24422777	484.0	1.0
SPIKE	S132:C>T	0	14001	0.0	-1.0	0.0	TRUE	C	1.2560457E-4	24.0	0.04730739	0.9410184	27.555126	0.07691312	0.08713558	484.0	0.0
SPIKE	S133:A>G	0	14001	0.0	-1.0	0.0	TRUE	A	7.461803E-5	24.0	0.041867487	0.9645292	35.57801	0.045432437	0.075121306	484.0	0.0
SPIKE	S133:A>C	0	14001	0.0	-1.0	0.0	TRUE	A	3.7233415E-4	199.0	0.04856749	0.83509505	23.336683	0.027533464	0.07127961	484.0	0.0
SPIKE	S133:A>T	0	14001	0.0	-1.0	0.0	TRUE	A	4.0845476E-5	0.0	0.060402904	0.98042494	6.4735866	0.09401917	0.12525803	484.0	1.0
SPIKE	S134:G>A	0	14001	0.0	-1.0	0.0	TRUE	G	1.00692436E-4	28.0	0.050874375	0.95243335	27.555126	0.05304863	0.08289645	484.0	0.0
SPIKE	S134:G>C	0	14001	0.0	-1.0	0.0	TRUE	G	1.9658495E-4	19.0	0.06271447	0.9092392	11.5328245	0.15455526	0.11059866	484.0	0.0
SPIKE	S134:G>T	0	14001	0.0	-1.0	0.0	TRUE	G	1.2901527E-4	5.0	0.08563983	0.93946624	11.120545	0.17764655	0.08717267	484.0	1.0
SPIKE	S135:C>A	4	14001	2.8569388E-4	-1.0	40.0	TRUE	C	1.3597809E-4	29.0	0.05918644	0.9363056	11.120545	0.06977927	0.11838757	484.0	0.0
SPIKE	S135:C>G	1	14001	7.142347E-5	-1.0	40.0	TRUE	C	1.13790426E-4	6.0	0.043732654	0.9464146	11.5328245	0.14446071	0.24422777	484.0	1.0
SPIKE	S135:C>T	9	14001	6.4281124E-4	-1.0	40.0	TRUE	C	2.459756E-4	47.0	0.04730739	0.8877615	27.555126	0.07691312	0.08713558	484.0	0.0
SPIKE	S136:C>A	5	14001	3.5711736E-4	-1.0	40.0	TRUE	C	3.0008957E-4	64.0	0.05918644	0.86481184	11.120545	0.06977927	0.11838757	484.0	0.0
SPIKE	S136:C>T	14	14001	9.999286E-4	-1.0	40.0	TRUE	C	1.0990399E-4	21.0	0.04730739	0.9481965	27.555126	0.07691312	0.08713558	484.0	0.0
SPIKE	S136:C>G	0	14001	0.0	-1.0	0.0	TRUE	C	1.13790426E-4	4.0	0.043732654	0.9464146	11.5328245	0.14446071	0.24422777	484.0	1.0
SPIKE	I137:>T	1	13997	7.144388E-5	-1.0	39.064728	TRUE		NaN	NaN	NaN	NaN	NaN	NaN	NaN	NaN	NaN
SPIKE	S137:T>G	1	13997	7.144388E-5	-1.0	39.0	TRUE	T	2.423467E-4	5.0	0.06325814	0.8893221	23.330015	0.15521622	0.0928884	484.0	1.0
SPIKE	S137:T>C	5	13997	3.572194E-4	-1.0	35.8	TRUE	T	1.9632002E-4	43.0	0.048104398	0.90935576	35.56785	0.06713389	0.093435265	484.0	0.0
SPIKE	S137:T>A	0	13997	0.0	-1.0	0.0	TRUE	T	9.687209E-5	13.0	0.052758854	0.9541961	6.471737	0.11011076	0.11037687	484.0	0.0
SPIKE	I138:>G	2	13997	1.4288776E-4	-1.0	39.076015	TRUE		NaN	NaN	NaN	NaN	NaN	NaN	NaN	NaN	NaN
SPIKE	S138:G>A	3	13997	2.1433164E-4	-1.0	39.0	TRUE	G	8.633247E-5	24.0	0.050874375	0.95907605	27.547255	0.05304863	0.08289645	484.0	0.0
SPIKE	S138:G>C	0	13997	0.0	-1.0	0.0	TRUE	G	1.19325254E-4	0.0	0.06271447	0.94388264	11.529531	0.15455526	0.11059866	484.0	1.0
SPIKE	S138:G>T	0	13997	0.0	-1.0	0.0	TRUE	G	1.3925806E-4	12.0	0.08563983	0.93482035	11.117369	0.17764655	0.08717267	484.0	0.0
SPIKE	S139:A>T	1	13997	7.144388E-5	-1.0	39.0	TRUE	A	4.0845476E-5	8.0	0.060402904	0.98042494	6.471737	0.09401917	0.12525803	484.0	1.0
SPIKE	D139-140:A>	4	13997	2.8577552E-4	-1.0	38.859184	TRUE		NaN	NaN	NaN	NaN	NaN	NaN	NaN	NaN	NaN
SPIKE	I139:>T	1	13997	7.144388E-5	-1.0	38.859184	TRUE		NaN	NaN	NaN	NaN	NaN	NaN	NaN	NaN	NaN
SPIKE	S139:A>G	0	13997	0.0	-1.0	0.0	TRUE	A	1.1061505E-4	8.0	0.041867487	0.9478702	35.56785	0.045432437	0.075121306	484.0	1.0
SPIKE	S139:A>C	0	13997	0.0	-1.0	0.0	TRUE	A	0.0010143858	542.0	0.04856749	0.6120369	23.330015	0.027533464	0.07127961	484.0	0.0
SPIKE	I140:>T	4	13997	2.8577552E-4	-1.0	39.043297	TRUE		NaN	NaN	NaN	NaN	NaN	NaN	NaN	NaN	NaN
SPIKE	D140-141:T>	15	13997	0.0010716582	-1.0	39.043297	TRUE		NaN	NaN	NaN	NaN	NaN	NaN	NaN	NaN	NaN
SPIKE	S140:T>A	0	13997	0.0	-1.0	0.0	TRUE	T	8.19687E-5	11.0	0.052758854	0.9611038	6.471737	0.11011076	0.11037687	484.0	0.0
SPIKE	S140:T>G	0	13997	0.0	-1.0	0.0	TRUE	T	2.423467E-4	6.0	0.06325814	0.8893221	23.330015	0.15521622	0.0928884	484.0	1.0
SPIKE	S140:T>C	0	13997	0.0	-1.0	0.0	TRUE	T	1.6238792E-4	5.0	0.048104398	0.92441356	35.56785	0.06713389	0.093435265	484.0	1.0
SPIKE	S141:T>A	1	13997	7.144388E-5	-1.0	40.0	TRUE	T	8.19687E-5	11.0	0.052758854	0.9611038	6.471737	0.11011076	0.11037687	484.0	0.0
SPIKE	S141:T>G	1	13997	7.144388E-5	-1.0	39.0	TRUE	T	2.1814305E-4	21.0	0.06325814	0.8998014	23.330015	0.15521622	0.0928884	484.0	0.0
SPIKE	S141:T>C	1	13997	7.144388E-5	-1.0	37.0	TRUE	T	4.565582E-5	10.0	0.048104398	0.97814494	35.56785	0.06713389	0.093435265	484.0	0.0
SPIKE	I141:>GAT	1	13997	7.144388E-5	-1.0	39.103737	TRUE		NaN	NaN	NaN	NaN	NaN	NaN	NaN	NaN	NaN
SPIKE	D142-143:A>	13	13996	9.288368E-4	-1.0	38.90083	TRUE		NaN	NaN	NaN	NaN	NaN	NaN	NaN	NaN	NaN
SPIKE	D142-144:AG>	1	13996	7.144899E-5	-1.0	38.90083	TRUE		NaN	NaN	NaN	NaN	NaN	NaN	NaN	NaN	NaN
SPIKE	I142:>A	1	13996	7.144899E-5	-1.0	38.90083	TRUE		NaN	NaN	NaN	NaN	NaN	NaN	NaN	NaN	NaN
SPIKE	S142:A>G	0	13996	0.0	-1.0	0.0	TRUE	A	1.3995879E-4	45.0	0.041867487	0.9345034	35.565308	0.045432437	0.075121306	484.0	0.0
SPIKE	S142:A>C	0	13996	0.0	-1.0	0.0	TRUE	A	3.930558E-5	21.0	0.04856749	0.98115593	23.328348	0.027533464	0.07127961	484.0	0.0
SPIKE	S142:A>T	0	13996	0.0	-1.0	0.0	TRUE	A	8.205357E-5	13.0	0.060402904	0.96106434	6.471275	0.09401917	0.12525803	484.0	0.0
SPIKE	D143-145:GC>	1	13996	7.144899E-5	-1.0	38.993855	TRUE		NaN	NaN	NaN	NaN	NaN	NaN	NaN	NaN	NaN
SPIKE	I143:>G	1	13996	7.144899E-5	-1.0	38.993855	TRUE		NaN	NaN	NaN	NaN	NaN	NaN	NaN	NaN	NaN
SPIKE	S143:G>A	3	13996	2.1434696E-4	-1.0	36.666668	TRUE	G	1.1871562E-4	33.0	0.050874375	0.9441612	27.545286	0.05304863	0.08289645	484.0	0.0
SPIKE	S143:G>C	1	13996	7.144899E-5	4.2596874	37.0	TRUE	G	3.41559E-4	33.0	0.06271447	0.84762704	11.528707	0.15455526	0.11059866	484.0	0.0
SPIKE	D143-144:G>	8	13996	5.715919E-4	-1.0	38.993855	TRUE		NaN	NaN	NaN	NaN	NaN	NaN	NaN	NaN	NaN
SPIKE	S143:G>T	0	13996	0.0	-1.0	0.0	TRUE	G	1.2901527E-4	3.0	0.08563983	0.93946624	11.116574	0.17764655	0.08717267	484.0	1.0
SPIKE	S144:C>T	6	13994	4.287552E-4	-1.0	37.666668	TRUE	C	2.7751547E-4	53.0	0.04730739	0.87431246	27.54135	0.07691312	0.08713558	484.0	0.0
SPIKE	D144-145:C>	11	13994	7.8605115E-4	-1.0	39.02058	TRUE		NaN	NaN	NaN	NaN	NaN	NaN	NaN	NaN	NaN
SPIKE	I144:>C	5	13994	3.57296E-4	-1.0	39.02058	TRUE		NaN	NaN	NaN	NaN	NaN	NaN	NaN	NaN	NaN
SPIKE	S144:C>A	0	13994	0.0	-1.0	0.0	TRUE	C	7.5059914E-5	16.0	0.05918644	0.964323	11.114985	0.06977927	0.11838757	484.0	0.0
SPIKE	S144:C>G	0	13994	0.0	-1.0	0.0	TRUE	C	3.0601936E-4	31.0	0.043732654	0.86233336	11.527059	0.14446071	0.24422777	484.0	0.0
SPIKE	S145:C>G	1	13994	7.1459195E-5	-1.0	39.0	TRUE	C	1.283307E-4	13.0	0.043732654	0.93977755	11.527059	0.14446071	0.24422777	484.0	0.0
SPIKE	S145:C>T	1	13994	7.1459195E-5	-1.0	37.0	TRUE	C	1.9897337E-4	38.0	0.04730739	0.9081887	27.54135	0.07691312	0.08713558	484.0	0.0
SPIKE	S145:C>A	0	13994	0.0	-1.0	0.0	TRUE	C	5.214312E-5	3.0	0.05918644	0.9750785	11.114985	0.06977927	0.11838757	484.0	1.0
SPIKE	S146:C>T	1	13990	7.1479626E-5	4.2596874	39.0	TRUE	C	3.4044648E-4	65.0	0.04730739	0.84808356	27.533478	0.07691312	0.08713558	484.0	0.0
SPIKE	S146:C>A	0	13990	0.0	-1.0	0.0	TRUE	C	1.2669983E-4	27.0	0.05918644	0.9405197	11.111809	0.06977927	0.11838757	484.0	0.0
SPIKE	S146:C>G	0	13990	0.0	-1.0	0.0	TRUE	C	4.2459983E-4	43.0	0.043732654	0.814235	11.523764	0.14446071	0.24422777	484.0	0.0
SPIKE	S147:G>A	2	13985	1.4301037E-4	-1.0	39.0	TRUE	G	9.360709E-5	26.0	0.050874375	0.95570517	27.523638	0.05304863	0.08289645	484.0	0.0
SPIKE	S147:G>C	0	13985	0.0	-1.0	0.0	TRUE	G	4.3505337E-4	42.0	0.06271447	0.8101257	11.519646	0.15455526	0.11059866	484.0	0.0
SPIKE	S147:G>T	0	13985	0.0	-1.0	0.0	TRUE	G	5.1105104E-4	44.0	0.08563983	0.78086835	11.107838	0.17764655	0.08717267	484.0	0.0
SPIKE	S148:T>G	3	13975	2.1466905E-4	10.280287	39.0	TRUE	T	8.94754E-4	86.0	0.06325814	0.64852095	23.293346	0.15521622	0.0928884	484.0	0.0
SPIKE	S148:T>A	0	13975	0.0	-1.0	0.0	TRUE	T	4.822544E-5	0.0	0.052758854	0.9769292	6.461565	0.11011076	0.11037687	484.0	1.0
SPIKE	S148:T>C	0	13975	0.0	-1.0	0.0	TRUE	T	1.7376523E-4	38.0	0.048104398	0.91933715	35.511944	0.06713389	0.093435265	484.0	0.0
SPIKE	S149:G>A	11	13973	7.8723254E-4	-1.0	37.727272	TRUE	G	1.729615E-4	48.0	0.050874375	0.91969484	27.500021	0.05304863	0.08289645	484.0	0.0
SPIKE	S149:G>C	0	13973	0.0	-1.0	0.0	TRUE	G	4.8726355E-4	47.0	0.06271447	0.78991055	11.509761	0.15455526	0.11059866	484.0	0.0
SPIKE	S149:G>T	0	13973	0.0	-1.0	0.0	TRUE	G	6.0448813E-4	52.0	0.08563983	0.74634135	11.098307	0.17764655	0.08717267	484.0	0.0
SPIKE	S150:C>A	0	13964	0.0	-1.0	0.0	TRUE	C	5.1714556E-5	11.0	0.05918644	0.9752808	11.091158	0.06977927	0.11838757	484.0	0.0
SPIKE	S150:C>G	0	13964	0.0	-1.0	0.0	TRUE	C	6.133536E-4	62.0	0.043732654	0.7431457	11.502348	0.14446071	0.24422777	484.0	0.0
SPIKE	S150:C>T	0	13964	0.0	-1.0	0.0	TRUE	C	4.1454384E-4	79.0	0.04730739	0.81820756	27.482307	0.07691312	0.08713558	484.0	0.0
SPIKE	S151:T>A	0	13954	0.0	-1.0	0.0	TRUE	T	4.822544E-5	0.0	0.052758854	0.9769292	6.451855	0.11011076	0.11037687	484.0	1.0
SPIKE	S151:T>G	0	13954	0.0	-1.0	0.0	TRUE	T	7.814831E-4	75.0	0.06325814	0.6850676	23.258345	0.15521622	0.0928884	484.0	0.0
SPIKE	S151:T>C	0	13954	0.0	-1.0	0.0	TRUE	T	5.90775E-4	129.0	0.048104398	0.75131136	35.45858	0.06713389	0.093435265	484.0	0.0
SPIKE	S152:G>A	0	13940	0.0	-1.0	0.0	TRUE	G	8.307358E-5	23.0	0.050874375	0.96059	27.435074	0.05304863	0.08289645	484.0	0.0
SPIKE	S152:G>C	0	13940	0.0	-1.0	0.0	TRUE	G	1.19325254E-4	3.0	0.06271447	0.94388264	11.482578	0.15455526	0.11059866	484.0	1.0
SPIKE	S152:G>T	0	13940	0.0	-1.0	0.0	TRUE	G	5.1270076E-4	44.0	0.08563983	0.7802451	11.072096	0.17764655	0.08717267	484.0	0.0
SPIKE	S153:G>A	0	13903	0.0	-1.0	0.0	TRUE	G	1.2313123E-4	34.0	0.050874375	0.9421455	27.362255	0.05304863	0.08289645	484.0	0.0
SPIKE	S153:G>C	0	13903	0.0	-1.0	0.0	TRUE	G	1.19325254E-4	1.0	0.06271447	0.94388264	11.452101	0.15455526	0.11059866	484.0	1.0
SPIKE	S153:G>T	0	13903	0.0	-1.0	0.0	TRUE	G	1.2901527E-4	5.0	0.08563983	0.93946624	11.042707	0.17764655	0.08717267	484.0	1.0
