#pipeline_block
reference	mutation	count	coverage	freq	score	cqs	has.reference	ancestral.allele	error.rate	minor.count.local	minor.fdr	minor.recall	minor.count.global	read.fraction.in.minors	q.filtered.read.fraction	mig.size	global.est
SPIKE	S0:T>A	0	52300	0.0	-1.0	0.0	TRUE	T	6.822974E-4	164.0	0.0021511617	0.9213865	88.15207	0.21805538	0.06792882	120.0	0.0
SPIKE	S0:T>G	0	52300	0.0	-1.0	0.0	TRUE	T	1.8432888E-4	45.0	0.002435233	0.97812337	114.433	0.21475409	0.069562964	120.0	0.0
SPIKE	S0:T>C	0	52300	0.0	-1.0	0.0	TRUE	T	5.661152E-4	143.0	0.0031677342	0.9343223	162.71996	0.20770569	0.08041101	120.0	0.0
SPIKE	S1:A>G	0	52400	0.0	-1.0	0.0	TRUE	A	6.778883E-4	174.0	0.0030297278	0.9218741	163.03108	0.20476605	0.06981258	120.0	0.0
SPIKE	S1:A>C	0	52400	0.0	-1.0	0.0	TRUE	A	4.7871342E-4	5.0	0.00569771	0.9441732	114.6518	0.220043	0.07427947	120.0	1.0
SPIKE	S1:A>T	0	52400	0.0	-1.0	0.0	TRUE	A	9.6083997E-4	220.0	0.002187383	0.8910981	88.32062	0.2293563	0.08492134	120.0	0.0
SPIKE	S2:G>A	0	52583	0.0	-1.0	0.0	TRUE	G	0.0010275735	268.0	0.0028269773	0.88399065	146.48265	0.20218687	0.07511363	120.0	0.0
SPIKE	S2:G>C	0	52583	0.0	-1.0	0.0	TRUE	G	5.419787E-4	130.0	0.0013950381	0.9370324	152.75883	0.21952829	0.09115363	120.0	0.0
SPIKE	S2:G>T	0	52583	0.0	-1.0	0.0	TRUE	G	3.839264E-4	9.0	0.0027072001	0.954974	93.74272	0.21594	0.076018	120.0	1.0
SPIKE	S3:C>A	0	52717	0.0	-1.0	0.0	TRUE	C	3.489339E-4	8.0	0.003321034	0.9589925	93.98161	0.19637929	0.092817485	120.0	1.0
SPIKE	S3:C>G	0	52717	0.0	-1.0	0.0	TRUE	C	0.002119664	495.0	0.0012059914	0.77541286	153.14812	0.22601466	0.11065327	120.0	0.0
SPIKE	S3:C>T	0	52717	0.0	-1.0	0.0	TRUE	C	5.080666E-4	134.0	0.0030287772	0.94085336	146.85594	0.20048593	0.075510316	120.0	0.0
SPIKE	S4:G>A	92	52857	0.0017405453	252.583	40.0	TRUE	G	4.500937E-4	118.0	0.0028269773	0.94742143	147.24594	0.20218687	0.07511363	120.0	0.0
SPIKE	S4:G>C	52	52857	9.837864E-4	86.88663	40.0	TRUE	G	0.001430872	345.0	0.0013950381	0.8422279	153.55484	0.21952829	0.09115363	120.0	0.0
SPIKE	S4:G>T	6	52857	1.1351382E-4	13.113299	40.0	TRUE	G	4.1965317E-4	103.0	0.0027072001	0.9508886	94.23119	0.21594	0.076018	120.0	0.0
SPIKE	S5:T>A	12	52883	2.2691602E-4	-1.0	40.0	TRUE	T	4.5259334E-5	11.0	0.0021511617	0.9945836	89.13472	0.21805538	0.06792882	120.0	0.0
SPIKE	S5:T>G	4	52883	7.563867E-5	0.30566683	40.0	TRUE	T	0.0016892834	417.0	0.002435233	0.8165117	115.70861	0.21475409	0.069562964	120.0	0.0
SPIKE	S5:T>C	74	52883	0.0013993154	200.25494	40.0	TRUE	T	4.8940047E-4	125.0	0.0031677342	0.9429632	164.53383	0.20770569	0.08041101	120.0	0.0
SPIKE	I6:>G	1	52910	1.8900018E-5	-1.0	39.990646	TRUE		NaN	NaN	NaN	NaN	NaN	NaN	NaN	NaN	NaN
SPIKE	S6:G>A	36	52910	6.804007E-4	78.57346	40.0	TRUE	G	6.173063E-4	162.0	0.0028269773	0.92860043	147.39359	0.20218687	0.07511363	120.0	0.0
SPIKE	S6:G>C	51	52910	9.6390094E-4	154.77469	40.0	TRUE	G	1.7816192E-4	43.0	0.0013950381	0.9788475	153.7088	0.21952829	0.09115363	120.0	0.0
SPIKE	S6:G>T	9	52910	1.7010017E-4	5.7604303	40.0	TRUE	G	0.0012536282	308.0	0.0027072001	0.8603333	94.32568	0.21594	0.076018	120.0	0.0
SPIKE	S7:A>G	35	52936	6.6117576E-4	52.2076	40.0	TRUE	A	0.0013497616	350.0	0.0030297278	0.85046554	164.69873	0.20476605	0.06981258	120.0	0.0
SPIKE	S7:A>C	12	52936	2.2668883E-4	22.940357	40.0	TRUE	A	4.7871342E-4	4.0	0.00569771	0.9441732	115.82458	0.220043	0.07427947	120.0	1.0
SPIKE	S7:A>T	70	52936	0.0013223515	216.7416	40.0	TRUE	A	9.511111E-5	22.0	0.002187383	0.9886516	89.22405	0.2293563	0.08492134	120.0	0.0
SPIKE	D7-8:A>	62	52936	0.0011712257	-1.0	39.99828	TRUE		NaN	NaN	NaN	NaN	NaN	NaN	NaN	NaN	NaN
SPIKE	I7:>A	1	52936	1.8890736E-5	-1.0	39.99828	TRUE		NaN	NaN	NaN	NaN	NaN	NaN	NaN	NaN	NaN
SPIKE	S8:A>G	42	52943	7.93306E-4	94.78963	40.0	TRUE	A	6.709356E-4	174.0	0.0030297278	0.9226436	164.7205	0.20476605	0.06981258	120.0	0.0
SPIKE	S8:A>C	12	52943	2.2665886E-4	22.940357	40.0	TRUE	A	4.7871342E-4	4.0	0.00569771	0.9441732	115.83989	0.220043	0.07427947	120.0	1.0
SPIKE	S8:A>T	43	52943	8.1219425E-4	-1.0	40.0	TRUE	A	6.916257E-5	16.0	0.002187383	0.99173486	89.23585	0.2293563	0.08492134	120.0	0.0
SPIKE	S9:G>A	26	52945	4.910756E-4	26.054916	40.0	TRUE	G	0.0017021821	447.0	0.0028269773	0.81524885	147.49109	0.20218687	0.07511363	120.0	0.0
SPIKE	S9:G>C	32	52945	6.044008E-4	97.57899	40.0	TRUE	G	1.7390358E-4	42.0	0.0013950381	0.9793478	153.81049	0.21952829	0.09115363	120.0	0.0
SPIKE	S9:G>T	3	52945	5.6662575E-5	6.0206	40.0	TRUE	G	3.839264E-4	4.0	0.0027072001	0.954974	94.38808	0.21594	0.076018	120.0	1.0
SPIKE	D9-10:G>	14	52945	2.6442535E-4	-1.0	39.97892	TRUE		NaN	NaN	NaN	NaN	NaN	NaN	NaN	NaN	NaN
SPIKE	D9-11:GA>	3	52945	5.6662575E-5	-1.0	39.97892	TRUE		NaN	NaN	NaN	NaN	NaN	NaN	NaN	NaN	NaN
SPIKE	S10:A>G	48	52945	9.066012E-4	72.189384	40.0	TRUE	A	0.0016078713	417.0	0.0030297278	0.8245277	164.72673	0.20476605	0.06981258	120.0	0.0
SPIKE	S10:A>C	13	52945	2.455378E-4	25.388708	40.0	TRUE	A	4.4629787E-4	108.0	0.00569771	0.9478531	115.84427	0.220043	0.07427947	120.0	0.0
SPIKE	S10:A>T	61	52945	0.001152139	189.6489	40.0	TRUE	A	9.509494E-5	22.0	0.002187383	0.9886535	89.23922	0.2293563	0.08492134	120.0	0.0
SPIKE	D10-11:A>	23	52945	4.3441306E-4	-1.0	39.968815	TRUE		NaN	NaN	NaN	NaN	NaN	NaN	NaN	NaN	NaN
SPIKE	D10-12:AC>	2	52945	3.777505E-5	-1.0	39.968815	TRUE		NaN	NaN	NaN	NaN	NaN	NaN	NaN	NaN	NaN
SPIKE	S11:C>A	1	52946	1.8887167E-5	0.09432235	40.0	TRUE	C	0.0011311996	306.0	0.003321034	0.8730661	94.38986	0.19637929	0.092817485	120.0	0.0
SPIKE	S11:C>G	29	52946	5.4772786E-4	67.5129	40.0	TRUE	C	5.8411714E-4	137.0	0.0012059914	0.9323061	153.81339	0.22601466	0.11065327	120.0	0.0
SPIKE	S11:C>T	101	52946	0.0019076039	278.8774	40.0	TRUE	C	4.907686E-4	130.0	0.0030287772	0.9428084	147.49388	0.20048593	0.075510316	120.0	0.0
SPIKE	D11-12:C>	27	52946	5.0995353E-4	-1.0	39.969006	TRUE		NaN	NaN	NaN	NaN	NaN	NaN	NaN	NaN	NaN
SPIKE	I12:>G	2	52947	3.777362E-5	-1.0	39.968327	TRUE		NaN	NaN	NaN	NaN	NaN	NaN	NaN	NaN	NaN
SPIKE	S12:G>A	73	52947	0.0013787373	176.49983	40.0	TRUE	G	7.8822905E-4	207.0	0.0028269773	0.90974814	147.49666	0.20218687	0.07511363	120.0	0.0
SPIKE	S12:G>C	20	52947	3.7773623E-4	21.010248	40.0	TRUE	G	0.0013414912	324.0	0.0013950381	0.85131	153.8163	0.21952829	0.09115363	120.0	0.0
SPIKE	S12:G>T	13	52947	2.4552856E-4	31.537222	40.0	TRUE	G	3.839264E-4	6.0	0.0027072001	0.954974	94.39165	0.21594	0.076018	120.0	1.0
SPIKE	D12-13:G>	28	52947	5.2883074E-4	-1.0	39.968327	TRUE		NaN	NaN	NaN	NaN	NaN	NaN	NaN	NaN	NaN
SPIKE	D12-14:GA>	2	52947	3.777362E-5	-1.0	39.968327	TRUE		NaN	NaN	NaN	NaN	NaN	NaN	NaN	NaN	NaN
SPIKE	S13:A>G	30	52947	5.666043E-4	30.371662	40.0	TRUE	A	0.0017813152	462.0	0.0030297278	0.80754393	164.73296	0.20476605	0.06981258	120.0	0.0
SPIKE	S13:A>C	13	52947	2.4552856E-4	25.388708	40.0	TRUE	A	4.6280996E-4	112.0	0.00569771	0.94597685	115.84864	0.220043	0.07427947	120.0	0.0
SPIKE	S13:A>T	49	52947	9.254537E-4	148.75409	40.0	TRUE	A	9.076901E-5	21.0	0.002187383	0.9891668	89.24259	0.2293563	0.08492134	120.0	0.0
SPIKE	D13-14:A>	17	52947	3.210758E-4	-1.0	39.976505	TRUE		NaN	NaN	NaN	NaN	NaN	NaN	NaN	NaN	NaN
SPIKE	I14:>C	1	52947	1.888681E-5	-1.0	39.975014	TRUE		NaN	NaN	NaN	NaN	NaN	NaN	NaN	NaN	NaN
SPIKE	S14:C>A	4	52947	7.554724E-5	0.4730946	40.0	TRUE	C	0.001515631	410.0	0.003321034	0.83370495	94.39165	0.19637929	0.092817485	120.0	0.0
SPIKE	S14:C>G	36	52947	6.799252E-4	109.620186	40.0	TRUE	C	2.1317741E-4	50.0	0.0012059914	0.9747431	153.8163	0.22601466	0.11065327	120.0	0.0
SPIKE	S14:C>T	47	52947	8.8768016E-4	128.81238	40.0	TRUE	C	2.5670487E-4	68.0	0.0030287772	0.96966505	147.49666	0.20048593	0.075510316	120.0	0.0
SPIKE	D14-15:C>	16	52947	3.0218897E-4	-1.0	39.975014	TRUE		NaN	NaN	NaN	NaN	NaN	NaN	NaN	NaN	NaN
SPIKE	D14-16:CA>	4	52947	7.554724E-5	-1.0	39.975014	TRUE		NaN	NaN	NaN	NaN	NaN	NaN	NaN	NaN	NaN
SPIKE	S15:A>G	41	52947	7.743593E-4	84.42641	40.0	TRUE	A	8.40534E-4	218.0	0.0030297278	0.9040559	164.73296	0.20476605	0.06981258	120.0	0.0
SPIKE	S15:A>C	12	52947	2.2664174E-4	8.07949	40.0	TRUE	A	0.001285124	311.0	0.00569771	0.85708785	115.84864	0.220043	0.07427947	120.0	0.0
SPIKE	S15:A>T	32	52947	6.0437794E-4	-1.0	40.0	TRUE	A	8.2124345E-5	19.0	0.002187383	0.9901935	89.24259	0.2293563	0.08492134	120.0	0.0
SPIKE	D15-16:A>	18	52947	3.399626E-4	-1.0	39.974316	TRUE		NaN	NaN	NaN	NaN	NaN	NaN	NaN	NaN	NaN
SPIKE	S16:G>A	25	52947	4.7217027E-4	24.251211	40.0	TRUE	G	0.001667847	438.0	0.0028269773	0.8186148	147.49666	0.20218687	0.07511363	120.0	0.0
SPIKE	S16:G>T	11	52947	2.0775493E-4	26.1236	40.0	TRUE	G	3.839264E-4	6.0	0.0027072001	0.954974	94.39165	0.21594	0.076018	120.0	1.0
SPIKE	S16:G>C	66	52947	0.0012465295	189.44995	40.0	TRUE	G	3.8505768E-4	93.0	0.0013950381	0.95484436	153.8163	0.21952829	0.09115363	120.0	0.0
SPIKE	D16-17:G>	16	52947	3.0218897E-4	-1.0	39.9725	TRUE		NaN	NaN	NaN	NaN	NaN	NaN	NaN	NaN	NaN
SPIKE	D16-18:GA>	8	52947	1.5109449E-4	-1.0	39.9725	TRUE		NaN	NaN	NaN	NaN	NaN	NaN	NaN	NaN	NaN
SPIKE	S17:A>G	43	52947	8.121329E-4	56.509068	40.0	TRUE	A	0.0019162634	497.0	0.0030297278	0.79457206	164.73296	0.20476605	0.06981258	120.0	0.0
SPIKE	S17:A>T	64	52947	0.0012087559	198.6798	40.0	TRUE	A	1.1670301E-4	27.0	0.002187383	0.9860932	89.24259	0.2293563	0.08492134	120.0	0.0
SPIKE	S17:A>C	11	52947	2.0775493E-4	20.53052	40.0	TRUE	A	4.7871342E-4	8.0	0.00569771	0.9441732	115.84864	0.220043	0.07427947	120.0	1.0
SPIKE	D17-18:A>	40	52947	7.5547246E-4	-1.0	39.99118	TRUE		NaN	NaN	NaN	NaN	NaN	NaN	NaN	NaN	NaN
SPIKE	S18:A>G	40	52947	7.5547246E-4	98.05198	40.0	TRUE	A	4.20267E-4	109.0	0.0030297278	0.95081854	164.73296	0.20476605	0.06981258	120.0	0.0
SPIKE	S18:A>T	17	52947	3.210758E-4	-1.0	40.0	TRUE	A	6.0512673E-5	14.0	0.002187383	0.9927648	89.24259	0.2293563	0.08492134	120.0	0.0
SPIKE	S18:A>C	9	52947	1.699813E-4	20.808811	40.0	TRUE	A	4.049587E-4	98.0	0.00569771	0.9525668	115.84864	0.220043	0.07427947	120.0	0.0
SPIKE	S19:C>G	15	52947	2.8330216E-4	46.403885	40.0	TRUE	C	8.527096E-5	20.0	0.0012059914	0.98981965	153.8163	0.22601466	0.11065327	120.0	0.0
SPIKE	S19:C>A	3	52947	5.6660436E-5	0.6090995	40.0	TRUE	C	0.0011348749	307.0	0.003321034	0.8726812	94.39165	0.19637929	0.092817485	120.0	0.0
SPIKE	S19:C>T	33	52947	6.2326476E-4	100.58929	40.0	TRUE	C	2.4915472E-4	66.0	0.0030287772	0.970544	147.49666	0.20048593	0.075510316	120.0	0.0
SPIKE	D19-20:C>	8	52947	1.5109449E-4	-1.0	39.99815	TRUE		NaN	NaN	NaN	NaN	NaN	NaN	NaN	NaN	NaN
SPIKE	S20:C>G	22	52947	4.1550986E-4	-1.0	40.0	TRUE	C	6.395322E-5	15.0	0.0012059914	0.992355	153.8163	0.22601466	0.11065327	120.0	0.0
SPIKE	S20:C>A	10	52947	1.8886811E-4	18.164799	40.0	TRUE	C	4.36206E-4	118.0	0.003321034	0.94900167	94.39165	0.19637929	0.092817485	120.0	0.0
SPIKE	S20:C>T	39	52947	7.3658564E-4	118.651085	40.0	TRUE	C	2.4537963E-4	65.0	0.0030287772	0.97098374	147.49666	0.20048593	0.075510316	120.0	0.0
SPIKE	S21:A>G	67	52947	0.0012654164	180.02802	40.0	TRUE	A	4.6653493E-4	121.0	0.0030297278	0.9455541	164.73296	0.20476605	0.06981258	120.0	0.0
SPIKE	S21:A>T	13	52947	2.4552856E-4	31.537222	40.0	TRUE	A	3.8573626E-4	9.0	0.002187383	0.95476663	89.24259	0.2293563	0.08492134	120.0	1.0
SPIKE	S21:A>C	36	52947	6.799252E-4	54.478607	40.0	TRUE	A	0.0012892563	312.0	0.00569771	0.8566629	115.84864	0.220043	0.07427947	120.0	0.0
SPIKE	S22:A>C	5	52947	9.443406E-5	7.3154635	40.0	TRUE	A	4.3801655E-4	106.0	0.00569771	0.9487955	115.84864	0.220043	0.07427947	120.0	0.0
SPIKE	S22:A>G	0	52947	0.0	-1.0	0.0	TRUE	A	6.3515437E-4	1.0	0.0030297278	0.9266137	164.73296	0.20476605	0.06981258	120.0	1.0
SPIKE	S22:A>T	0	52947	0.0	-1.0	0.0	TRUE	A	3.8573626E-4	0.0	0.002187383	0.95476663	89.24259	0.2293563	0.08492134	120.0	1.0
SPIKE	S23:A>T	5	52947	9.443406E-5	7.3154635	40.0	TRUE	C	4.4087807E-4	102.0	0.002187383	0.94846976	89.24259	0.2293563	0.08492134	120.0	0.0
SPIKE	S23:A>C	52924	52947	0.9995656	9999.0	39.999283	TRUE	C	4.7871342E-4	0.0	0.00569771	0.9441732	115.84864	0.220043	0.07427947	120.0	1.0
SPIKE	S23:A>G	0	52947	0.0	-1.0	0.0	TRUE	C	6.3515437E-4	0.0	0.0030297278	0.9266137	164.73296	0.20476605	0.06981258	120.0	1.0
SPIKE	S24:A>G	5	52947	9.443406E-5	10.658173	40.0	TRUE	T	3.8556606E-4	100.0	0.0030297278	0.9547861	164.73296	0.20476605	0.06981258	120.0	0.0
SPIKE	S24:A>T	52922	52947	0.9995278	9999.0	39.998997	TRUE	T	3.8573626E-4	4.0	0.002187383	0.95476663	89.24259	0.2293563	0.08492134	120.0	1.0
SPIKE	D24-26:AA>	1	52947	1.888681E-5	-1.0	39.989063	TRUE		NaN	NaN	NaN	NaN	NaN	NaN	NaN	NaN	NaN
SPIKE	S24:A>C	0	52947	0.0	-1.0	0.0	TRUE	T	0.0012685951	307.0	0.00569771	0.8587895	115.84864	0.220043	0.07427947	120.0	0.0
SPIKE	S25:A>G	52926	52947	0.9996034	9999.0	39.999092	TRUE	G	6.3515437E-4	0.0	0.0030297278	0.9266137	164.73296	0.20476605	0.06981258	120.0	1.0
SPIKE	D25-26:A>	5	52947	9.443406E-5	-1.0	39.98729	TRUE		NaN	NaN	NaN	NaN	NaN	NaN	NaN	NaN	NaN
SPIKE	S25:A>C	0	52947	0.0	-1.0	0.0	TRUE	G	4.7871342E-4	2.0	0.00569771	0.9441732	115.84864	0.220043	0.07427947	120.0	1.0
SPIKE	S25:A>T	0	52947	0.0	-1.0	0.0	TRUE	G	0.0017332559	401.0	0.002187383	0.8122146	89.24259	0.2293563	0.08492134	120.0	0.0
SPIKE	S26:T>G	3	52949	5.6658293E-5	0.14445476	40.0	TRUE	T	0.0017195457	425.0	0.002435233	0.81355196	115.85302	0.21475409	0.069562964	120.0	0.0
SPIKE	S26:T>A	14	52949	2.6440536E-4	43.393585	40.0	TRUE	T	9.45152E-5	23.0	0.0021511617	0.98872226	89.245964	0.21805538	0.06792882	120.0	0.0
SPIKE	S26:T>C	53	52949	0.0010009632	116.439384	40.0	TRUE	T	7.742441E-4	198.0	0.0031677342	0.91127616	164.73918	0.20770569	0.08041101	120.0	0.0
SPIKE	S27:G>A	28	52954	5.2876084E-4	85.53779	40.0	TRUE	G	2.3605672E-4	62.0	0.0028269773	0.97207063	147.51616	0.20218687	0.07511363	120.0	0.0
SPIKE	S27:G>T	4	52954	7.553726E-5	0.7240611	40.0	TRUE	G	0.0012729208	313.0	0.0027072001	0.85834384	94.40412	0.21594	0.076018	120.0	0.0
SPIKE	S27:G>C	5	52954	9.442157E-5	-1.0	40.0	TRUE	G	5.3818152E-5	13.0	0.0013950381	0.99356264	153.83662	0.21952829	0.09115363	120.0	0.0
SPIKE	D27-28:G>	31	52954	5.8541377E-4	-1.0	39.997395	TRUE		NaN	NaN	NaN	NaN	NaN	NaN	NaN	NaN	NaN
SPIKE	S28:G>A	25	52954	4.7210787E-4	65.15026	40.0	TRUE	G	2.7793774E-4	73.0	0.0028269773	0.96719754	147.51616	0.20218687	0.07511363	120.0	0.0
SPIKE	S28:G>T	29	52954	5.4764515E-4	-1.0	40.0	TRUE	G	7.726995E-5	19.0	0.0027072001	0.99077046	94.40412	0.21594	0.076018	120.0	0.0
SPIKE	S28:G>C	46	52954	8.686785E-4	139.72319	40.0	TRUE	G	2.1941247E-4	53.0	0.0013950381	0.9740141	153.83662	0.21952829	0.09115363	120.0	0.0
SPIKE	S29:G>A	25	52954	4.7210787E-4	56.63544	40.0	TRUE	G	5.444534E-4	143.0	0.0028269773	0.93675417	147.51616	0.20218687	0.07511363	120.0	0.0
SPIKE	S29:G>T	19	52954	3.5880198E-4	58.445087	40.0	TRUE	G	1.0980466E-4	27.0	0.0027072001	0.98690987	94.40412	0.21594	0.076018	120.0	0.0
SPIKE	S29:G>C	23	52954	4.3433925E-4	-1.0	40.0	TRUE	G	7.86573E-5	19.0	0.0013950381	0.99060553	153.83662	0.21952829	0.09115363	120.0	0.0
SPIKE	S30:A>G	42	52954	7.931412E-4	68.44417	40.0	TRUE	A	0.0013300271	345.0	0.0030297278	0.85248196	164.75473	0.20476605	0.06981258	120.0	0.0
SPIKE	S30:A>T	21	52954	3.965706E-4	45.93784	40.0	TRUE	A	4.4514154E-4	103.0	0.002187383	0.94798464	89.25439	0.2293563	0.08492134	120.0	0.0
SPIKE	S30:A>C	0	52954	0.0	-1.0	0.0	TRUE	A	4.7871342E-4	2.0	0.00569771	0.9441732	115.86396	0.220043	0.07427947	120.0	1.0
SPIKE	S31:T>G	1	52955	1.8883959E-5	1.0720997	40.0	TRUE	T	4.6874015E-4	4.0	0.002435233	0.9453039	115.86614	0.21475409	0.069562964	120.0	1.0
SPIKE	S31:T>A	12	52955	2.266075E-4	9.946553	40.0	TRUE	T	0.0011176183	272.0	0.0021511617	0.8744902	89.25607	0.21805538	0.06792882	120.0	0.0
SPIKE	S31:T>C	24	52955	4.53215E-4	47.17412	40.0	TRUE	T	6.607698E-4	169.0	0.0031677342	0.9237698	164.75784	0.20770569	0.08041101	120.0	0.0
SPIKE	S32:C>T	21	52955	3.9656312E-4	26.178127	40.0	TRUE	C	0.0011663209	309.0	0.0030287772	0.8693943	147.51895	0.20048593	0.075510316	120.0	0.0
SPIKE	S32:C>A	15	52955	2.8325937E-4	-1.0	40.0	TRUE	C	5.544154E-5	15.0	0.003321034	0.9933691	94.40591	0.19637929	0.092817485	120.0	0.0
SPIKE	S32:C>G	12	52955	2.266075E-4	37.372986	40.0	TRUE	C	1.023097E-4	24.0	0.0012059914	0.9877979	153.83954	0.22601466	0.11065327	120.0	0.0
SPIKE	D32-33:C>	10	52955	1.8883958E-4	-1.0	39.996735	TRUE		NaN	NaN	NaN	NaN	NaN	NaN	NaN	NaN	NaN
SPIKE	S33:C>T	29	52955	5.476348E-4	88.54809	40.0	TRUE	C	2.0382306E-4	54.0	0.0030287772	0.97583795	147.51895	0.20048593	0.075510316	120.0	0.0
SPIKE	S33:C>A	4	52955	7.5535834E-5	8.284564	40.0	TRUE	C	3.2895312E-4	89.0	0.003321034	0.9612946	94.40591	0.19637929	0.092817485	120.0	0.0
SPIKE	S33:C>G	27	52955	5.0986686E-4	82.52749	40.0	TRUE	C	9.8046796E-5	23.0	0.0012059914	0.9883033	153.83954	0.22601466	0.11065327	120.0	0.0
SPIKE	S34:A>C	2	52955	3.7767917E-5	0.47457275	40.0	TRUE	A	0.0010824811	262.0	0.00569771	0.8781852	115.86614	0.220043	0.07427947	120.0	0.0
SPIKE	S34:A>T	17	52955	3.210273E-4	35.485752	40.0	TRUE	A	4.3216808E-4	100.0	0.002187383	0.94946164	89.25607	0.2293563	0.08492134	120.0	0.0
SPIKE	S34:A>G	52	52955	9.819658E-4	143.39166	40.0	TRUE	A	3.3153672E-4	86.0	0.0030297278	0.9609966	164.75784	0.20476605	0.06981258	120.0	0.0
SPIKE	S35:T>C	31	52955	5.854027E-4	82.3502	40.0	TRUE	T	3.3233984E-4	85.0	0.0031677342	0.960904	164.75784	0.20770569	0.08041101	120.0	0.0
SPIKE	S35:T>A	14	52955	2.643754E-4	15.810462	40.0	TRUE	T	0.0010600939	258.0	0.0021511617	0.88054764	89.25607	0.21805538	0.06792882	120.0	0.0
SPIKE	S35:T>G	3	52955	5.6651876E-5	3.748162	40.0	TRUE	T	4.6874015E-4	7.0	0.002435233	0.9453039	115.86614	0.21475409	0.069562964	120.0	1.0
SPIKE	D35-36:T>	16	52955	3.0214334E-4	-1.0	39.99677	TRUE		NaN	NaN	NaN	NaN	NaN	NaN	NaN	NaN	NaN
SPIKE	S36:T>C	36	52956	6.7980966E-4	109.620186	40.0	TRUE	T	2.0330996E-4	52.0	0.0031677342	0.975898	164.76096	0.20770569	0.08041101	120.0	0.0
SPIKE	S36:T>A	14	52956	2.643704E-4	34.27314	40.0	TRUE	T	3.9033726E-4	95.0	0.0021511617	0.9542396	89.25776	0.21805538	0.06792882	120.0	0.0
SPIKE	S36:T>G	6	52956	1.1330161E-4	9.311187	40.0	TRUE	T	4.6874015E-4	4.0	0.002435233	0.9453039	115.86833	0.21475409	0.069562964	120.0	1.0
SPIKE	S37:A>C	2	52956	3.7767204E-5	2.2639637	40.0	TRUE	A	4.7871342E-4	0.0	0.00569771	0.9441732	115.86833	0.220043	0.07427947	120.0	1.0
SPIKE	S37:A>T	5	52956	9.441801E-5	1.2043823	40.0	TRUE	A	0.0013310526	308.0	0.002187383	0.85237706	89.25776	0.2293563	0.08492134	120.0	0.0
SPIKE	S37:A>G	49	52956	9.2529645E-4	134.66039	40.0	TRUE	A	3.0454542E-4	79.0	0.0030297278	0.96411425	164.76096	0.20476605	0.06981258	120.0	0.0
SPIKE	D37-38:A>	3	52956	5.6650806E-5	-1.0	39.987595	TRUE		NaN	NaN	NaN	NaN	NaN	NaN	NaN	NaN	NaN
SPIKE	S38:T>C	30	52956	5.6650804E-4	70.25505	40.0	TRUE	T	4.8481603E-4	124.0	0.0031677342	0.94348204	164.76096	0.20770569	0.08041101	120.0	0.0
SPIKE	S38:T>A	16	52956	3.0213763E-4	19.635284	40.0	TRUE	T	9.861152E-4	240.0	0.0021511617	0.8883994	89.25776	0.21805538	0.06792882	120.0	0.0
SPIKE	S38:T>G	0	52956	0.0	-1.0	0.0	TRUE	T	4.6874015E-4	3.0	0.002435233	0.9453039	115.86833	0.21475409	0.069562964	120.0	1.0
SPIKE	S39:C>T	39	52956	7.3646044E-4	66.71591	40.0	TRUE	C	0.0011813965	313.0	0.0030287772	0.86782295	147.52173	0.20048593	0.075510316	120.0	0.0
SPIKE	S39:C>A	8	52956	1.5106882E-4	18.199682	40.0	TRUE	C	3.489339E-4	4.0	0.003321034	0.9589925	94.40769	0.19637929	0.092817485	120.0	1.0
SPIKE	S39:C>G	6	52956	1.1330161E-4	13.113299	40.0	TRUE	C	3.3250026E-4	78.0	0.0012059914	0.96088547	153.84244	0.22601466	0.11065327	120.0	0.0
SPIKE	D39-40:C>	2	52956	3.7767204E-5	-1.0	39.98812	TRUE		NaN	NaN	NaN	NaN	NaN	NaN	NaN	NaN	NaN
SPIKE	S40:G>C	21	52956	3.9655564E-4	29.991716	40.0	TRUE	G	0.0010307856	249.0	0.0013950381	0.88364995	153.84244	0.21952829	0.09115363	120.0	0.0
SPIKE	S40:G>T	4	52956	7.553441E-5	8.284564	40.0	TRUE	G	3.839264E-4	7.0	0.0027072001	0.954974	94.40769	0.21594	0.076018	120.0	1.0
SPIKE	S40:G>A	59	52956	0.0011141325	151.92128	40.0	TRUE	G	4.6067394E-4	121.0	0.0028269773	0.9462193	147.52173	0.20218687	0.07511363	120.0	0.0
SPIKE	D40-41:G>	5	52956	9.441801E-5	-1.0	39.99662	TRUE		NaN	NaN	NaN	NaN	NaN	NaN	NaN	NaN	NaN
SPIKE	S41:G>C	17	52956	3.2102122E-4	35.485752	40.0	TRUE	G	4.3466865E-4	105.0	0.0013950381	0.9491768	153.84244	0.21952829	0.09115363	120.0	0.0
SPIKE	S41:G>T	3	52956	5.6650806E-5	6.0206	40.0	TRUE	G	3.839264E-4	7.0	0.0027072001	0.954974	94.40769	0.21594	0.076018	120.0	1.0
SPIKE	S41:G>A	21	52956	3.9655564E-4	64.46568	40.0	TRUE	G	1.8655391E-4	49.0	0.0028269773	0.97786224	147.52173	0.20218687	0.07511363	120.0	0.0
SPIKE	S42:C>T	74	52957	0.0013973601	200.25494	40.0	TRUE	C	4.8689224E-4	129.0	0.0030287772	0.943247	147.52452	0.20048593	0.075510316	120.0	0.0
SPIKE	S42:C>A	10	52957	1.8883245E-4	23.451881	40.0	TRUE	C	3.489339E-4	4.0	0.003321034	0.9589925	94.40947	0.19637929	0.092817485	120.0	1.0
SPIKE	S42:C>G	16	52957	3.0213193E-4	14.0601015	40.0	TRUE	C	0.0012958739	304.0	0.0012059914	0.8559829	153.84535	0.22601466	0.11065327	120.0	0.0
SPIKE	D42-43:C>	33	52957	6.2314706E-4	-1.0	39.96418	TRUE		NaN	NaN	NaN	NaN	NaN	NaN	NaN	NaN	NaN
SPIKE	D42-44:CG>	1	52957	1.8883246E-5	-1.0	39.96418	TRUE		NaN	NaN	NaN	NaN	NaN	NaN	NaN	NaN	NaN
SPIKE	S43:G>C	15	52959	2.8323798E-4	17.695948	40.0	TRUE	G	9.313801E-4	225.0	0.0013950381	0.89425385	153.85115	0.21952829	0.09115363	120.0	0.0
SPIKE	S43:G>T	3	52959	5.6647594E-5	6.0206	40.0	TRUE	G	3.839264E-4	3.0	0.0027072001	0.954974	94.41304	0.21594	0.076018	120.0	1.0
SPIKE	S43:G>A	52	52959	9.818916E-4	143.39166	40.0	TRUE	G	3.5785866E-4	94.0	0.0028269773	0.95796597	147.53009	0.20218687	0.07511363	120.0	0.0
SPIKE	S44:G>C	27	52959	5.098283E-4	70.864174	40.0	TRUE	G	3.4357575E-4	83.0	0.0013950381	0.95960927	153.85115	0.21952829	0.09115363	120.0	0.0
SPIKE	S44:G>T	12	52959	2.2659037E-4	-1.0	40.0	TRUE	G	4.8797465E-5	12.0	0.0027072001	0.9941614	94.41304	0.21594	0.076018	120.0	0.0
SPIKE	S44:G>A	23	52959	4.3429824E-4	59.459663	40.0	TRUE	G	2.8933253E-4	76.0	0.0028269773	0.9658759	147.53009	0.20218687	0.07511363	120.0	0.0
SPIKE	S45:C>T	67	52959	0.0012651297	192.3959	39.52239	TRUE	C	3.6987316E-4	98.0	0.0030287772	0.9565858	147.53009	0.20048593	0.075510316	120.0	0.0
SPIKE	S45:C>A	9	52959	1.6994278E-4	20.808811	40.0	TRUE	C	3.489339E-4	2.0	0.003321034	0.9589925	94.41304	0.19637929	0.092817485	120.0	1.0
SPIKE	S45:C>G	24	52959	4.5318075E-4	32.386707	40.0	TRUE	C	0.0012276237	288.0	0.0012059914	0.8630222	153.85115	0.22601466	0.11065327	120.0	0.0
SPIKE	S46:G>C	45	52959	8.497139E-4	87.86624	40.0	TRUE	G	0.0010886798	263.0	0.0013950381	0.87753224	153.85115	0.21952829	0.09115363	120.0	0.0
SPIKE	S46:G>T	1	52959	1.8882532E-5	2.0412	40.0	TRUE	G	3.839264E-4	4.0	0.0027072001	0.954974	94.41304	0.21594	0.076018	120.0	1.0
SPIKE	S46:G>A	40	52959	7.5530127E-4	98.05198	40.0	TRUE	G	4.6445485E-4	122.0	0.0028269773	0.9457901	147.53009	0.20218687	0.07511363	120.0	0.0
SPIKE	D46-47:G>	1	52959	1.8882532E-5	-1.0	39.98903	TRUE		NaN	NaN	NaN	NaN	NaN	NaN	NaN	NaN	NaN
SPIKE	S47:A>T	19	52960	3.5876132E-4	58.445087	40.0	TRUE	A	1.2963818E-4	30.0	0.002187383	0.98456377	89.2645	0.2293563	0.08492134	120.0	0.0
SPIKE	S47:A>G	28	52960	5.287009E-4	45.819233	40.0	TRUE	A	9.44405E-4	245.0	0.0030297278	0.8928572	164.7734	0.20476605	0.06981258	120.0	0.0
SPIKE	D47-48:A>	3	52960	5.6646524E-5	-1.0	39.996696	TRUE		NaN	NaN	NaN	NaN	NaN	NaN	NaN	NaN	NaN
SPIKE	S47:A>C	0	52960	0.0	-1.0	0.0	TRUE	A	4.7871342E-4	0.0	0.00569771	0.9441732	115.87708	0.220043	0.07427947	120.0	1.0
SPIKE	S48:A>T	8	52960	1.5105741E-4	25.331787	40.0	TRUE	A	2.4631256E-4	57.0	0.002187383	0.970875	89.2645	0.2293563	0.08492134	120.0	0.0
SPIKE	S48:A>G	40	52960	7.55287E-4	108.40486	40.0	TRUE	A	2.8139414E-4	73.0	0.0030297278	0.96679646	164.7734	0.20476605	0.06981258	120.0	0.0
SPIKE	S48:A>C	0	52960	0.0	-1.0	0.0	TRUE	A	4.7871342E-4	2.0	0.00569771	0.9441732	115.87708	0.220043	0.07427947	120.0	1.0
SPIKE	S49:T>C	28	52960	5.287009E-4	85.53779	40.0	TRUE	T	1.8374703E-4	47.0	0.0031677342	0.9781917	164.7734	0.20770569	0.08041101	120.0	0.0
SPIKE	S49:T>G	6	52960	1.1329305E-4	9.311187	40.0	TRUE	T	4.6874015E-4	5.0	0.002435233	0.9453039	115.87708	0.21475409	0.069562964	120.0	1.0
SPIKE	S49:T>A	18	52960	3.3987916E-4	27.605137	40.0	TRUE	T	8.956536E-4	218.0	0.0021511617	0.8980959	89.2645	0.21805538	0.06792882	120.0	0.0
SPIKE	D49-50:T>	25	52960	4.7205438E-4	-1.0	39.996147	TRUE		NaN	NaN	NaN	NaN	NaN	NaN	NaN	NaN	NaN
SPIKE	D49-51:TT>	1	52960	1.8882176E-5	-1.0	39.996147	TRUE		NaN	NaN	NaN	NaN	NaN	NaN	NaN	NaN	NaN
SPIKE	S50:T>C	28	52960	5.287009E-4	85.53779	40.0	TRUE	T	1.7983753E-4	46.0	0.0031677342	0.9786507	164.7734	0.20770569	0.08041101	120.0	0.0
SPIKE	S50:T>G	2	52960	3.7764352E-5	2.2639637	40.0	TRUE	T	4.6874015E-4	8.0	0.002435233	0.9453039	115.87708	0.21475409	0.069562964	120.0	1.0
SPIKE	S50:T>A	22	52960	4.1540785E-4	-1.0	40.0	TRUE	T	6.984455E-5	17.0	0.0021511617	0.9916537	89.2645	0.21805538	0.06792882	120.0	0.0
SPIKE	D50-51:T>	1	52960	1.8882176E-5	-1.0	39.998318	TRUE		NaN	NaN	NaN	NaN	NaN	NaN	NaN	NaN	NaN
SPIKE	S51:T>C	33	52960	6.231118E-4	88.11774	40.0	TRUE	T	2.775753E-4	71.0	0.0031677342	0.9672396	164.7734	0.20770569	0.08041101	120.0	0.0
SPIKE	S51:T>G	3	52960	5.6646524E-5	3.748162	40.0	TRUE	T	4.6874015E-4	1.0	0.002435233	0.9453039	115.87708	0.21475409	0.069562964	120.0	1.0
SPIKE	S51:T>A	13	52960	2.4546828E-4	31.537222	40.0	TRUE	T	2.875952E-4	70.0	0.0021511617	0.9660773	89.2645	0.21805538	0.06792882	120.0	0.0
SPIKE	S52:A>T	7	52960	1.3217522E-4	8.459471	40.0	TRUE	A	6.741186E-4	156.0	0.002187383	0.9222912	89.2645	0.2293563	0.08492134	120.0	0.0
SPIKE	S52:A>C	5	52960	9.4410876E-5	16.300888	40.0	TRUE	A	1.445926E-4	35.0	0.00569771	0.9827986	115.87708	0.220043	0.07427947	120.0	0.0
SPIKE	S52:A>G	29	52960	5.475831E-4	76.59832	40.0	TRUE	A	3.3150543E-4	86.0	0.0030297278	0.9610002	164.7734	0.20476605	0.06981258	120.0	0.0
SPIKE	D52-53:A>	2	52960	3.7764352E-5	-1.0	39.98956	TRUE		NaN	NaN	NaN	NaN	NaN	NaN	NaN	NaN	NaN
SPIKE	S53:C>T	30	52960	5.6646526E-4	79.47218	40.0	TRUE	C	2.7173842E-4	72.0	0.0030287772	0.9679173	147.53288	0.20048593	0.075510316	120.0	0.0
SPIKE	S53:C>G	54	52960	0.0010196374	149.35994	40.0	TRUE	C	3.2395014E-4	76.0	0.0012059914	0.96187186	153.85406	0.22601466	0.11065327	120.0	0.0
SPIKE	S53:C>A	11	52960	2.0770392E-4	20.53052	40.0	TRUE	C	5.8392907E-4	158.0	0.003321034	0.93232715	94.41482	0.19637929	0.092817485	120.0	0.0
SPIKE	D53-54:C>	43	52960	8.1193354E-4	-1.0	39.996902	TRUE		NaN	NaN	NaN	NaN	NaN	NaN	NaN	NaN	NaN
SPIKE	S54:C>T	27	52960	5.098187E-4	82.52749	40.0	TRUE	C	2.0002967E-4	53.0	0.0030287772	0.97628224	147.53288	0.20048593	0.075510316	120.0	0.0
SPIKE	S54:C>G	14	52960	2.6435044E-4	-1.0	40.0	TRUE	C	4.688752E-5	11.0	0.0012059914	0.9943893	153.85406	0.22601466	0.11065327	120.0	0.0
SPIKE	S54:C>A	16	52960	3.0211481E-4	49.41419	40.0	TRUE	C	1.2565561E-4	34.0	0.003321034	0.98503447	94.41482	0.19637929	0.092817485	120.0	0.0
SPIKE	S55:A>T	16	52960	3.0211481E-4	49.41419	40.0	TRUE	A	8.6425454E-5	20.0	0.002187383	0.98968256	89.2645	0.2293563	0.08492134	120.0	0.0
SPIKE	S55:A>C	2	52960	3.7764352E-5	1.3408211	40.0	TRUE	A	6.940445E-4	168.0	0.00569771	0.9200886	115.87708	0.220043	0.07427947	120.0	0.0
SPIKE	S55:A>G	80	52960	0.001510574	196.03134	40.0	TRUE	A	7.55524E-4	196.0	0.0030297278	0.91332555	164.7734	0.20476605	0.06981258	120.0	0.0
SPIKE	D55-56:A>	2	52960	3.7764352E-5	-1.0	39.990917	TRUE		NaN	NaN	NaN	NaN	NaN	NaN	NaN	NaN	NaN
SPIKE	D55-57:AC>	1	52960	1.8882176E-5	-1.0	39.990917	TRUE		NaN	NaN	NaN	NaN	NaN	NaN	NaN	NaN	NaN
SPIKE	S56:C>T	31	52960	5.853474E-4	94.56869	40.0	TRUE	C	2.4531942E-4	65.0	0.0030287772	0.9709908	147.53288	0.20048593	0.075510316	120.0	0.0
SPIKE	S56:C>G	44	52960	8.308157E-4	133.70259	40.0	TRUE	C	2.0033758E-4	47.0	0.0012059914	0.9762462	153.85406	0.22601466	0.11065327	120.0	0.0
SPIKE	S56:C>A	7	52960	1.3217522E-4	11.410683	40.0	TRUE	C	4.3609893E-4	118.0	0.003321034	0.9490139	94.41482	0.19637929	0.092817485	120.0	0.0
SPIKE	D56-57:C>	19	52960	3.5876132E-4	-1.0	39.99713	TRUE		NaN	NaN	NaN	NaN	NaN	NaN	NaN	NaN	NaN
SPIKE	S57:C>T	38	52960	7.1752263E-4	102.594444	40.0	TRUE	C	2.528677E-4	67.0	0.0030287772	0.9701116	147.53288	0.20048593	0.075510316	120.0	0.0
SPIKE	S57:C>G	9	52960	1.6993958E-4	-1.0	40.0	TRUE	C	7.246253E-5	17.0	0.0012059914	0.9913422	153.85406	0.22601466	0.11065327	120.0	0.0
SPIKE	S57:C>A	8	52960	1.5105741E-4	25.331787	40.0	TRUE	C	8.500233E-5	23.0	0.003321034	0.9898516	94.41482	0.19637929	0.092817485	120.0	0.0
SPIKE	S58:A>T	11	52960	2.0770392E-4	34.362686	40.0	TRUE	A	1.1667437E-4	27.0	0.002187383	0.9860966	89.2645	0.2293563	0.08492134	120.0	0.0
SPIKE	S58:A>C	2	52960	3.7764352E-5	2.2639637	40.0	TRUE	A	4.337778E-4	105.0	0.00569771	0.94927824	115.87708	0.220043	0.07427947	120.0	0.0
SPIKE	S58:A>G	59	52960	0.0011140483	151.92128	40.0	TRUE	A	4.6256572E-4	120.0	0.0030297278	0.94600457	164.7734	0.20476605	0.06981258	120.0	0.0
SPIKE	D58-59:A>	1	52960	1.8882176E-5	-1.0	39.993183	TRUE		NaN	NaN	NaN	NaN	NaN	NaN	NaN	NaN	NaN
SPIKE	S59:T>C	35	52960	6.6087616E-4	93.899216	40.0	TRUE	T	3.1667043E-4	81.0	0.0031677342	0.9627125	164.7734	0.20770569	0.08041101	120.0	0.0
SPIKE	S59:T>G	2	52960	3.7764352E-5	2.2639637	40.0	TRUE	T	4.6874015E-4	1.0	0.002435233	0.9453039	115.87708	0.21475409	0.069562964	120.0	1.0
SPIKE	S59:T>A	17	52960	3.2099697E-4	35.485752	40.0	TRUE	T	4.7658634E-4	116.0	0.0021511617	0.94441426	89.2645	0.21805538	0.06792882	120.0	0.0
SPIKE	D59-60:T>	4	52960	7.5528704E-5	-1.0	39.995373	TRUE		NaN	NaN	NaN	NaN	NaN	NaN	NaN	NaN	NaN
SPIKE	S60:T>C	75	52960	0.0014161632	203.15096	40.0	TRUE	T	4.5741285E-4	117.0	0.0031677342	0.9465897	164.7734	0.20770569	0.08041101	120.0	0.0
SPIKE	S60:T>G	1	52960	1.8882176E-5	-1.0	40.0	TRUE	T	7.281269E-5	18.0	0.002435233	0.9913005	115.87708	0.21475409	0.069562964	120.0	0.0
SPIKE	S60:T>A	10	52960	1.8882175E-4	-1.0	40.0	TRUE	T	5.751904E-5	14.0	0.0021511617	0.9931215	89.2645	0.21805538	0.06792882	120.0	0.0
SPIKE	S61:G>T	6	52960	1.1329305E-4	13.113299	40.0	TRUE	G	3.944387E-4	97.0	0.0027072001	0.9537701	94.41482	0.21594	0.076018	120.0	0.0
SPIKE	S61:G>C	12	52960	2.265861E-4	37.372986	40.0	TRUE	G	9.1066555E-5	22.0	0.0013950381	0.9891315	153.85406	0.21952829	0.09115363	120.0	0.0
SPIKE	S61:G>A	32	52960	6.0422963E-4	85.232124	40.0	TRUE	G	3.1216868E-4	82.0	0.0028269773	0.9632327	147.53288	0.20218687	0.07511363	120.0	0.0
SPIKE	D61-62:G>	2	52960	3.7764352E-5	-1.0	39.988766	TRUE		NaN	NaN	NaN	NaN	NaN	NaN	NaN	NaN	NaN
SPIKE	S62:A>T	23	52960	4.3429004E-4	70.48629	40.0	TRUE	A	1.6420837E-4	38.0	0.002187383	0.9804879	89.2645	0.2293563	0.08492134	120.0	0.0
SPIKE	S62:A>G	26	52960	4.9093657E-4	59.339897	40.0	TRUE	A	5.473694E-4	142.0	0.0030297278	0.9364264	164.7734	0.20476605	0.06981258	120.0	0.0
SPIKE	D62-63:A>	27	52960	5.098187E-4	-1.0	39.99679	TRUE		NaN	NaN	NaN	NaN	NaN	NaN	NaN	NaN	NaN
SPIKE	I62:>A	3	52960	5.6646524E-5	-1.0	39.99679	TRUE		NaN	NaN	NaN	NaN	NaN	NaN	NaN	NaN	NaN
SPIKE	S62:A>C	0	52960	0.0	-1.0	0.0	TRUE	A	4.7871342E-4	3.0	0.00569771	0.9441732	115.87708	0.220043	0.07427947	120.0	1.0
SPIKE	S63:A>T	14	52960	2.6435044E-4	-1.0	40.0	TRUE	A	7.778291E-5	18.0	0.002187383	0.9907095	89.2645	0.2293563	0.08492134	120.0	0.0
SPIKE	S63:A>C	4	52960	7.5528704E-5	5.449171	40.0	TRUE	A	4.7871342E-4	3.0	0.00569771	0.9441732	115.87708	0.220043	0.07427947	120.0	1.0
SPIKE	S63:A>G	58	52960	0.0010951662	180.618	40.0	TRUE	A	2.3513756E-4	61.0	0.0030297278	0.97217786	164.7734	0.20476605	0.06981258	120.0	0.0
SPIKE	S64:A>G	40	52960	7.55287E-4	121.661385	40.0	TRUE	A	2.467017E-4	64.0	0.0030297278	0.9708297	164.7734	0.20476605	0.06981258	120.0	0.0
SPIKE	S64:A>C	5	52960	9.4410876E-5	7.3154635	40.0	TRUE	A	4.7871342E-4	6.0	0.00569771	0.9441732	115.87708	0.220043	0.07427947	120.0	1.0
SPIKE	S64:A>T	11	52960	2.0770392E-4	-1.0	40.0	TRUE	A	4.3212727E-5	10.0	0.002187383	0.99482787	89.2645	0.2293563	0.08492134	120.0	0.0
SPIKE	S65:A>G	33	52960	6.231118E-4	88.11774	40.0	TRUE	A	4.1245442E-4	107.0	0.0030297278	0.95171034	164.7734	0.20476605	0.06981258	120.0	0.0
SPIKE	S65:A>C	2	52960	3.7764352E-5	3.9120662	40.0	TRUE	A	4.0485928E-4	98.0	0.00569771	0.9525782	115.87708	0.220043	0.07427947	120.0	0.0
SPIKE	S65:A>T	4	52960	7.5528704E-5	8.284564	40.0	TRUE	A	3.8573626E-4	9.0	0.002187383	0.95476663	89.2645	0.2293563	0.08492134	120.0	1.0
SPIKE	S66:C>A	3	52960	5.6646524E-5	6.0206	40.0	TRUE	C	4.1022865E-4	111.0	0.003321034	0.9519646	94.41482	0.19637929	0.092817485	120.0	0.0
SPIKE	S66:C>G	17	52960	3.2099697E-4	-1.0	40.0	TRUE	C	5.541252E-5	13.0	0.0012059914	0.99337256	153.85406	0.22601466	0.11065327	120.0	0.0
SPIKE	S66:C>T	21	52960	3.965257E-4	64.46568	40.0	TRUE	C	1.7361066E-4	46.0	0.0030287772	0.9793822	147.53288	0.20048593	0.075510316	120.0	0.0
SPIKE	D66-67:C>	17	52960	3.2099697E-4	-1.0	39.994015	TRUE		NaN	NaN	NaN	NaN	NaN	NaN	NaN	NaN	NaN
SPIKE	S67:C>A	15	52960	2.8323263E-4	37.025364	40.0	TRUE	C	3.326178E-4	90.0	0.003321034	0.96087193	94.41482	0.19637929	0.092817485	120.0	0.0
SPIKE	S67:C>G	19	52960	3.5876132E-4	-1.0	40.0	TRUE	C	6.8200025E-5	16.0	0.0012059914	0.9918494	153.85406	0.22601466	0.11065327	120.0	0.0
SPIKE	S67:C>T	36	52960	6.797583E-4	109.620186	40.0	TRUE	C	1.7361066E-4	46.0	0.0030287772	0.9793822	147.53288	0.20048593	0.075510316	120.0	0.0
SPIKE	S68:A>G	53	52960	0.0010007552	108.69407	40.0	TRUE	A	9.790974E-4	254.0	0.0030297278	0.8891479	164.7734	0.20476605	0.06981258	120.0	0.0
SPIKE	S68:A>C	6	52960	1.1329305E-4	19.311188	40.0	TRUE	A	1.198053E-4	29.0	0.00569771	0.98572624	115.87708	0.220043	0.07427947	120.0	0.0
SPIKE	S68:A>T	10	52960	1.8882175E-4	-1.0	40.0	TRUE	A	5.617655E-5	13.0	0.002187383	0.9932815	89.2645	0.2293563	0.08492134	120.0	0.0
SPIKE	S69:G>A	25	52960	4.7205438E-4	65.15026	40.0	TRUE	G	2.817132E-4	74.0	0.0028269773	0.96675944	147.53288	0.20218687	0.07511363	120.0	0.0
SPIKE	S69:G>C	31	52960	5.853474E-4	73.00521	40.0	TRUE	G	4.5119337E-4	109.0	0.0013950381	0.94729644	153.85406	0.21952829	0.09115363	120.0	0.0
SPIKE	S69:G>T	3	52960	5.6646524E-5	6.0206	40.0	TRUE	G	3.839264E-4	5.0	0.0027072001	0.954974	94.41482	0.21594	0.076018	120.0	1.0
SPIKE	S70:C>A	14	52960	2.6435044E-4	34.27314	40.0	TRUE	C	3.489339E-4	9.0	0.003321034	0.9589925	94.41482	0.19637929	0.092817485	120.0	1.0
SPIKE	S70:C>G	7	52960	1.3217522E-4	22.321487	40.0	TRUE	C	1.7902507E-4	42.0	0.0012059914	0.9787461	153.85406	0.22601466	0.11065327	120.0	0.0
SPIKE	S70:C>T	22	52960	4.1540785E-4	56.62427	40.0	TRUE	C	3.1702817E-4	84.0	0.0030287772	0.96267116	147.53288	0.20048593	0.075510316	120.0	0.0
SPIKE	D70-71:C>	3	52960	5.6646524E-5	-1.0	39.998207	TRUE		NaN	NaN	NaN	NaN	NaN	NaN	NaN	NaN	NaN
SPIKE	S71:C>A	10	52960	1.8882175E-4	23.451881	40.0	TRUE	C	3.489339E-4	3.0	0.003321034	0.9589925	94.41482	0.19637929	0.092817485	120.0	1.0
SPIKE	S71:C>G	15	52960	2.8323263E-4	37.025364	40.0	TRUE	C	4.0067517E-4	94.0	0.0012059914	0.9530566	153.85406	0.22601466	0.11065327	120.0	0.0
SPIKE	S71:C>T	67	52960	0.0012651058	180.02802	40.0	TRUE	C	4.378008E-4	116.0	0.0030287772	0.94882005	147.53288	0.20048593	0.075510316	120.0	0.0
SPIKE	S72:G>A	69	52960	0.0013028701	185.79863	40.0	TRUE	G	4.5302528E-4	119.0	0.0028269773	0.94708824	147.53288	0.20218687	0.07511363	120.0	0.0
SPIKE	S72:G>C	21	52960	3.965257E-4	64.46568	40.0	TRUE	G	2.0696945E-4	50.0	0.0013950381	0.9754695	153.85406	0.21952829	0.09115363	120.0	0.0
SPIKE	S72:G>T	5	52960	9.4410876E-5	10.658173	40.0	TRUE	G	3.375094E-4	83.0	0.0027072001	0.9603081	94.41482	0.21594	0.076018	120.0	0.0
SPIKE	D72-73:G>	3	52960	5.6646524E-5	-1.0	39.993732	TRUE		NaN	NaN	NaN	NaN	NaN	NaN	NaN	NaN	NaN
SPIKE	S73:T>A	16	52960	3.0211481E-4	-1.0	40.0	TRUE	T	5.341054E-5	13.0	0.0021511617	0.9936112	89.2645	0.21805538	0.06792882	120.0	0.0
SPIKE	S73:T>G	4	52960	7.5528704E-5	5.449171	40.0	TRUE	T	4.3687614E-4	108.0	0.002435233	0.9489254	115.87708	0.21475409	0.069562964	120.0	0.0
SPIKE	S73:T>C	58	52960	0.0010951662	130.03065	40.0	TRUE	T	7.9363084E-4	203.0	0.0031677342	0.90915865	164.7734	0.20770569	0.08041101	120.0	0.0
SPIKE	S74:G>A	31	52960	5.853474E-4	94.56869	40.0	TRUE	G	2.284161E-4	60.0	0.0028269773	0.9729623	147.53288	0.20218687	0.07511363	120.0	0.0
SPIKE	S74:G>C	2	52960	3.7764352E-5	1.3408211	40.0	TRUE	G	6.368618E-4	3.0	0.0013950381	0.92642385	153.85406	0.21952829	0.09115363	120.0	1.0
SPIKE	D74-75:G>	3	52960	5.6646524E-5	-1.0	39.998264	TRUE		NaN	NaN	NaN	NaN	NaN	NaN	NaN	NaN	NaN
SPIKE	S74:G>T	0	52960	0.0	-1.0	0.0	TRUE	G	8.539395E-5	21.0	0.0027072001	0.98980504	94.41482	0.21594	0.076018	120.0	0.0
SPIKE	S75:G>A	22	52960	4.1540785E-4	67.47598	40.0	TRUE	G	1.8653982E-4	49.0	0.0028269773	0.9778639	147.53288	0.20218687	0.07511363	120.0	0.0
SPIKE	S75:G>C	7	52960	1.3217522E-4	-1.0	40.0	TRUE	G	7.036961E-5	17.0	0.0013950381	0.9915912	153.85406	0.21952829	0.09115363	120.0	0.0
SPIKE	S75:G>T	0	52960	0.0	-1.0	0.0	TRUE	G	3.415758E-4	84.0	0.0027072001	0.9598396	94.41482	0.21594	0.076018	120.0	0.0
SPIKE	S76:T>A	3	52960	5.6646524E-5	6.0206	40.0	TRUE	T	3.6674345E-4	8.0	0.0021511617	0.9569451	89.2645	0.21805538	0.06792882	120.0	1.0
SPIKE	S76:T>G	11	52960	2.0770392E-4	34.362686	40.0	TRUE	T	1.7798659E-4	44.0	0.002435233	0.97886807	115.87708	0.21475409	0.069562964	120.0	0.0
SPIKE	S76:T>C	20	52960	3.776435E-4	50.97615	40.0	TRUE	T	3.401275E-4	87.0	0.0031677342	0.9600064	164.7734	0.20770569	0.08041101	120.0	0.0
SPIKE	D76-77:T>	8	52960	1.5105741E-4	-1.0	39.994995	TRUE		NaN	NaN	NaN	NaN	NaN	NaN	NaN	NaN	NaN
SPIKE	S77:T>A	16	52960	3.0211481E-4	49.41419	40.0	TRUE	T	1.355806E-4	33.0	0.0021511617	0.983862	89.2645	0.21805538	0.06792882	120.0	0.0
SPIKE	S77:T>G	3	52960	5.6646524E-5	3.748162	40.0	TRUE	T	4.6874015E-4	4.0	0.002435233	0.9453039	115.87708	0.21475409	0.069562964	120.0	1.0
SPIKE	S77:T>C	40	52960	7.55287E-4	121.661385	40.0	TRUE	T	2.1111361E-4	54.0	0.0031677342	0.9749846	164.7734	0.20770569	0.08041101	120.0	0.0
SPIKE	S78:T>A	14	52960	2.6435044E-4	-1.0	40.0	TRUE	T	4.519353E-5	11.0	0.0021511617	0.9945915	89.2645	0.21805538	0.06792882	120.0	0.0
SPIKE	S78:T>G	4	52960	7.5528704E-5	8.284564	40.0	TRUE	T	3.923795E-4	97.0	0.002435233	0.9540058	115.87708	0.21475409	0.069562964	120.0	0.0
SPIKE	S78:T>C	62	52960	0.0011706948	177.67609	40.0	TRUE	T	3.9486066E-4	101.0	0.0031677342	0.95372176	164.7734	0.20770569	0.08041101	120.0	0.0
SPIKE	S79:G>A	44	52960	8.308157E-4	133.70259	40.0	TRUE	G	2.0176756E-4	53.0	0.0028269773	0.9760786	147.53288	0.20218687	0.07511363	120.0	0.0
SPIKE	S79:G>C	25	52960	4.7205438E-4	56.63544	40.0	TRUE	G	4.760297E-4	115.0	0.0013950381	0.9444774	153.85406	0.21952829	0.09115363	120.0	0.0
SPIKE	S79:G>T	2	52960	3.7764352E-5	-1.0	40.0	TRUE	G	7.726119E-5	19.0	0.0027072001	0.99077153	94.41482	0.21594	0.076018	120.0	0.0
SPIKE	D79-80:G>	1	52960	1.8882176E-5	-1.0	39.9946	TRUE		NaN	NaN	NaN	NaN	NaN	NaN	NaN	NaN	NaN
SPIKE	S80:C>G	32	52960	6.0422963E-4	67.9256	40.0	TRUE	C	6.820003E-4	160.0	0.0012059914	0.9214193	153.85406	0.22601466	0.11065327	120.0	0.0
SPIKE	S80:C>A	12	52960	2.265861E-4	28.819815	40.0	TRUE	C	3.489339E-4	6.0	0.003321034	0.9589925	94.41482	0.19637929	0.092817485	120.0	1.0
SPIKE	S80:C>T	44	52960	8.308157E-4	109.31848	40.0	TRUE	C	5.6989584E-4	151.0	0.0030287772	0.9338985	147.53288	0.20048593	0.075510316	120.0	0.0
SPIKE	D80-81:C>	13	52960	2.4546828E-4	-1.0	39.98595	TRUE		NaN	NaN	NaN	NaN	NaN	NaN	NaN	NaN	NaN
SPIKE	S81:G>A	61	52960	0.0011518127	174.73528	40.0	TRUE	G	3.5023803E-4	92.0	0.0028269773	0.9588424	147.53288	0.20218687	0.07511363	120.0	0.0
SPIKE	S81:G>T	5	52960	9.4410876E-5	10.658173	40.0	TRUE	G	3.839264E-4	4.0	0.0027072001	0.954974	94.41482	0.21594	0.076018	120.0	1.0
SPIKE	S81:G>C	22	52960	4.1540785E-4	67.47598	40.0	TRUE	G	1.8627249E-4	45.0	0.0013950381	0.97789526	153.85406	0.21952829	0.09115363	120.0	0.0
SPIKE	D81-82:G>	1	52960	1.8882176E-5	-1.0	39.99847	TRUE		NaN	NaN	NaN	NaN	NaN	NaN	NaN	NaN	NaN
SPIKE	S82:G>A	25	52960	4.7205438E-4	76.50689	40.0	TRUE	G	2.512577E-4	66.0	0.0028269773	0.97029907	147.53288	0.20218687	0.07511363	120.0	0.0
SPIKE	S82:G>T	8	52960	1.5105741E-4	18.199682	40.0	TRUE	G	3.839264E-4	7.0	0.0027072001	0.954974	94.41482	0.21594	0.076018	120.0	1.0
SPIKE	S82:G>C	27	52960	5.098187E-4	54.85469	40.0	TRUE	G	5.877932E-4	142.0	0.0013950381	0.93189496	153.85406	0.21952829	0.09115363	120.0	0.0
SPIKE	S83:C>G	32	52960	6.0422963E-4	67.9256	40.0	TRUE	C	7.2036276E-4	169.0	0.0012059914	0.91718733	153.85406	0.22601466	0.11065327	120.0	0.0
SPIKE	S83:C>A	7	52960	1.3217522E-4	15.631419	40.0	TRUE	C	3.489339E-4	5.0	0.003321034	0.9589925	94.41482	0.19637929	0.092817485	120.0	1.0
SPIKE	S83:C>T	51	52960	9.629909E-4	129.18161	40.0	TRUE	C	4.378008E-4	116.0	0.0030287772	0.94882005	147.53288	0.20048593	0.075510316	120.0	0.0
SPIKE	S84:G>A	67	52960	0.0012651058	169.35855	40.0	TRUE	G	6.395651E-4	168.0	0.0028269773	0.9261234	147.53288	0.20218687	0.07511363	120.0	0.0
SPIKE	S84:G>T	4	52960	7.5528704E-5	8.284564	40.0	TRUE	G	3.839264E-4	4.0	0.0027072001	0.954974	94.41482	0.21594	0.076018	120.0	1.0
SPIKE	S84:G>C	7	52960	1.3217522E-4	22.321487	40.0	TRUE	G	1.3659983E-4	33.0	0.0013950381	0.98374164	153.85406	0.21952829	0.09115363	120.0	0.0
SPIKE	S85:A>G	37	52960	6.986405E-4	112.630486	40.0	TRUE	A	2.15864E-4	56.0	0.0030297278	0.97442895	164.7734	0.20476605	0.06981258	120.0	0.0
SPIKE	S85:A>T	19	52960	3.5876132E-4	40.675655	40.0	TRUE	A	5.0126767E-4	116.0	0.002187383	0.9416213	89.2645	0.2293563	0.08492134	120.0	0.0
SPIKE	S85:A>C	3	52960	5.6646524E-5	-1.0	40.0	TRUE	A	6.609948E-5	16.0	0.00569771	0.99209946	115.87708	0.220043	0.07427947	120.0	0.0
SPIKE	S86:T>G	5	52960	9.4410876E-5	7.3154635	40.0	TRUE	T	4.6874015E-4	8.0	0.002435233	0.9453039	115.87708	0.21475409	0.069562964	120.0	1.0
SPIKE	S86:T>A	15	52960	2.8323263E-4	46.403885	40.0	TRUE	T	1.0682108E-4	26.0	0.0021511617	0.98726326	89.2645	0.21805538	0.06792882	120.0	0.0
SPIKE	S86:T>C	37	52960	6.986405E-4	99.69318	40.0	TRUE	T	3.1667043E-4	81.0	0.0031677342	0.9627125	164.7734	0.20770569	0.08041101	120.0	0.0
SPIKE	D86-87:T>	24	52960	4.531722E-4	-1.0	39.99713	TRUE		NaN	NaN	NaN	NaN	NaN	NaN	NaN	NaN	NaN
SPIKE	S87:T>G	2	52960	3.7764352E-5	2.2639637	40.0	TRUE	T	4.6874015E-4	3.0	0.002435233	0.9453039	115.87708	0.21475409	0.069562964	120.0	1.0
SPIKE	S87:T>A	11	52960	2.0770392E-4	-1.0	40.0	TRUE	T	5.751904E-5	14.0	0.0021511617	0.9931215	89.2645	0.21805538	0.06792882	120.0	0.0
SPIKE	S87:T>C	45	52960	8.496979E-4	136.71289	40.0	TRUE	T	1.9547557E-4	50.0	0.0031677342	0.97681594	164.7734	0.20770569	0.08041101	120.0	0.0
SPIKE	S88:T>G	5	52960	9.4410876E-5	7.3154635	40.0	TRUE	T	4.6874015E-4	2.0	0.002435233	0.9453039	115.87708	0.21475409	0.069562964	120.0	1.0
SPIKE	S88:T>A	8	52960	1.5105741E-4	13.595069	40.0	TRUE	T	5.587564E-4	136.0	0.0021511617	0.9351477	89.2645	0.21805538	0.06792882	120.0	0.0
SPIKE	S88:T>C	40	52960	7.55287E-4	121.661385	40.0	TRUE	T	1.9547557E-4	50.0	0.0031677342	0.97681594	164.7734	0.20770569	0.08041101	120.0	0.0
SPIKE	S89:A>G	43	52960	8.1193354E-4	117.13841	40.0	TRUE	A	2.6212056E-4	68.0	0.0030297278	0.9690351	164.7734	0.20476605	0.06981258	120.0	0.0
SPIKE	S89:A>T	24	52960	4.531722E-4	47.17412	40.0	TRUE	A	7.519015E-4	174.0	0.002187383	0.9137227	89.2645	0.2293563	0.08492134	120.0	0.0
SPIKE	S89:A>C	2	52960	3.7764352E-5	2.2639637	40.0	TRUE	A	4.7871342E-4	1.0	0.00569771	0.9441732	115.87708	0.220043	0.07427947	120.0	1.0
SPIKE	D89-90:A>	1	52960	1.8882176E-5	-1.0	39.99222	TRUE		NaN	NaN	NaN	NaN	NaN	NaN	NaN	NaN	NaN
SPIKE	D89-92:ATC>	1	52960	1.8882176E-5	-1.0	39.99222	TRUE		NaN	NaN	NaN	NaN	NaN	NaN	NaN	NaN	NaN
SPIKE	S90:T>G	2	52960	3.7764352E-5	2.2639637	40.0	TRUE	T	4.6874015E-4	2.0	0.002435233	0.9453039	115.87708	0.21475409	0.069562964	120.0	1.0
SPIKE	S90:T>A	16	52960	3.0211481E-4	49.41419	40.0	TRUE	T	1.9309964E-4	47.0	0.0021511617	0.9770945	89.2645	0.21805538	0.06792882	120.0	0.0
SPIKE	S90:T>C	31	52960	5.853474E-4	65.28814	40.0	TRUE	T	6.7243597E-4	172.0	0.0031677342	0.9224775	164.7734	0.20770569	0.08041101	120.0	0.0
SPIKE	S91:C>G	10	52960	1.8882175E-4	14.269594	40.0	TRUE	C	5.8822526E-4	138.0	0.0012059914	0.9318466	153.85406	0.22601466	0.11065327	120.0	0.0
SPIKE	S91:C>A	21	52960	3.965257E-4	53.79622	40.0	TRUE	C	3.489339E-4	7.0	0.003321034	0.9589925	94.41482	0.19637929	0.092817485	120.0	1.0
SPIKE	S91:C>T	62	52960	0.0011706948	177.67609	40.0	TRUE	C	4.0005933E-4	106.0	0.0030287772	0.953127	147.53288	0.20048593	0.075510316	120.0	0.0
SPIKE	D91-92:C>	1	52960	1.8882176E-5	-1.0	39.993336	TRUE		NaN	NaN	NaN	NaN	NaN	NaN	NaN	NaN	NaN
SPIKE	S92:G>A	75	52960	0.0014161632	203.15096	40.0	TRUE	G	4.68253E-4	123.0	0.0028269773	0.9453592	147.53288	0.20218687	0.07511363	120.0	0.0
SPIKE	S92:G>T	6	52960	1.1329305E-4	9.311187	40.0	TRUE	G	5.326956E-4	131.0	0.0027072001	0.9380768	94.41482	0.21594	0.076018	120.0	0.0
SPIKE	S92:G>C	41	52960	7.7416917E-4	111.31377	40.0	TRUE	G	3.1873293E-4	77.0	0.0013950381	0.9624743	153.85406	0.21952829	0.09115363	120.0	0.0
SPIKE	S93:T>A	27	52960	5.098187E-4	82.52749	40.0	TRUE	T	9.449557E-5	23.0	0.0021511617	0.9887246	89.2645	0.21805538	0.06792882	120.0	0.0
SPIKE	S93:T>C	32	52960	6.0422963E-4	61.211956	40.0	TRUE	T	8.4445445E-4	216.0	0.0031677342	0.9036307	164.7734	0.20770569	0.08041101	120.0	0.0
SPIKE	S93:T>G	0	52960	0.0	-1.0	0.0	TRUE	T	1.3753508E-4	34.0	0.002435233	0.98363125	115.87708	0.21475409	0.069562964	120.0	0.0
SPIKE	S94:C>G	27	52960	5.098187E-4	54.85469	40.0	TRUE	C	7.033128E-4	165.0	0.0012059914	0.91906583	153.85406	0.22601466	0.11065327	120.0	0.0
SPIKE	S94:C>A	10	52960	1.8882175E-4	23.451881	40.0	TRUE	C	3.489339E-4	8.0	0.003321034	0.9589925	94.41482	0.19637929	0.092817485	120.0	1.0
SPIKE	S94:C>T	61	52960	0.0011518127	157.85266	40.0	TRUE	C	4.8309052E-4	128.0	0.0030287772	0.9436774	147.53288	0.20048593	0.075510316	120.0	0.0
SPIKE	D94-95:C>	2	52960	3.7764352E-5	-1.0	39.99415	TRUE		NaN	NaN	NaN	NaN	NaN	NaN	NaN	NaN	NaN
SPIKE	S95:G>A	74	52960	0.001397281	200.25494	40.0	TRUE	G	4.644461E-4	122.0	0.0028269773	0.9457911	147.53288	0.20218687	0.07511363	120.0	0.0
SPIKE	S95:G>T	1	52960	1.8882176E-5	1.0720997	40.0	TRUE	G	5.570939E-4	137.0	0.0027072001	0.9353343	94.41482	0.21594	0.076018	120.0	0.0
SPIKE	S95:G>C	47	52960	8.874622E-4	128.81238	40.0	TRUE	G	3.7254498E-4	90.0	0.0013950381	0.95627916	153.85406	0.21952829	0.09115363	120.0	0.0
SPIKE	D95-98:GTC>	4	52960	7.5528704E-5	-1.0	39.990692	TRUE		NaN	NaN	NaN	NaN	NaN	NaN	NaN	NaN	NaN
SPIKE	S96:T>C	40	52960	7.55287E-4	81.80681	40.0	TRUE	T	8.718211E-4	223.0	0.0031677342	0.900668	164.7734	0.20770569	0.08041101	120.0	0.0
SPIKE	S96:T>A	16	52960	3.0211481E-4	49.41419	40.0	TRUE	T	8.627856E-5	21.0	0.0021511617	0.98969996	89.2645	0.21805538	0.06792882	120.0	0.0
SPIKE	S96:T>G	2	52960	3.7764352E-5	7.269987	40.0	TRUE	T	1.5371568E-4	38.0	0.002435233	0.9817232	115.87708	0.21475409	0.069562964	120.0	0.0
SPIKE	S97:C>T	36	52960	6.797583E-4	96.79472	40.0	TRUE	C	2.792867E-4	74.0	0.0030287772	0.96704096	147.53288	0.20048593	0.075510316	120.0	0.0
SPIKE	S97:C>A	6	52960	1.1329305E-4	9.311187	40.0	TRUE	C	5.0262245E-4	136.0	0.003321034	0.9414682	94.41482	0.19637929	0.092817485	120.0	0.0
SPIKE	S97:C>G	23	52960	4.3429004E-4	70.48629	40.0	TRUE	C	1.1082504E-4	26.0	0.0012059914	0.98678905	153.85406	0.22601466	0.11065327	120.0	0.0
SPIKE	D97-98:C>	1	52960	1.8882176E-5	-1.0	39.991844	TRUE		NaN	NaN	NaN	NaN	NaN	NaN	NaN	NaN	NaN
SPIKE	S98:A>C	3	52960	5.6646524E-5	10.280287	40.0	TRUE	A	1.5698625E-4	38.0	0.00569771	0.98133796	115.87708	0.220043	0.07427947	120.0	0.0
SPIKE	S98:A>T	4	52960	7.5528704E-5	3.6487768	40.0	TRUE	A	6.3090585E-4	146.0	0.002187383	0.92708623	89.2645	0.2293563	0.08492134	120.0	0.0
SPIKE	S98:A>G	81	52960	0.0015294562	220.55687	40.0	TRUE	A	5.3966E-4	140.0	0.0030297278	0.9372931	164.7734	0.20476605	0.06981258	120.0	0.0
SPIKE	D98-99:A>	1	52960	1.8882176E-5	-1.0	39.989445	TRUE		NaN	NaN	NaN	NaN	NaN	NaN	NaN	NaN	NaN
SPIKE	I98:>GTC	5	52960	9.4410876E-5	-1.0	39.989445	TRUE		NaN	NaN	NaN	NaN	NaN	NaN	NaN	NaN	NaN
SPIKE	D98-101:ATC>	3	52960	5.6646524E-5	-1.0	39.989445	TRUE		NaN	NaN	NaN	NaN	NaN	NaN	NaN	NaN	NaN
SPIKE	S99:T>C	30	52960	5.6646526E-4	56.184185	40.0	TRUE	T	7.7799277E-4	199.0	0.0031677342	0.9108663	164.7734	0.20770569	0.08041101	120.0	0.0
SPIKE	S99:T>A	11	52960	2.0770392E-4	34.362686	40.0	TRUE	T	2.0131664E-4	49.0	0.0021511617	0.9761315	89.2645	0.21805538	0.06792882	120.0	0.0
SPIKE	S99:T>G	2	52960	3.7764352E-5	2.2639637	40.0	TRUE	T	4.6874015E-4	7.0	0.002435233	0.9453039	115.87708	0.21475409	0.069562964	120.0	1.0
SPIKE	S100:C>T	72	52960	0.0013595166	194.46754	40.0	TRUE	C	5.585734E-4	148.0	0.0030287772	0.93516827	147.53288	0.20048593	0.075510316	120.0	0.0
SPIKE	S100:C>A	14	52960	2.6435044E-4	34.27314	40.0	TRUE	C	3.489339E-4	8.0	0.003321034	0.9589925	94.41482	0.19637929	0.092817485	120.0	1.0
SPIKE	S100:C>G	8	52960	1.5105741E-4	10.308654	40.0	TRUE	C	7.161003E-4	168.0	0.0012059914	0.9176566	153.85406	0.22601466	0.11065327	120.0	0.0
SPIKE	S101:G>C	35	52960	6.6087616E-4	93.899216	40.0	TRUE	G	2.525027E-4	61.0	0.0013950381	0.9701541	153.85406	0.21952829	0.09115363	120.0	0.0
SPIKE	S101:G>A	71	52960	0.0013406344	191.57625	40.0	TRUE	G	4.3779754E-4	115.0	0.0028269773	0.9488205	147.53288	0.20218687	0.07511363	120.0	0.0
SPIKE	S101:G>T	0	52960	0.0	-1.0	0.0	TRUE	G	5.570939E-4	137.0	0.0027072001	0.9353343	94.41482	0.21594	0.076018	120.0	0.0
SPIKE	S102:T>C	66	52960	0.0012462236	189.44995	39.939392	TRUE	T	4.104987E-4	105.0	0.0031677342	0.95193374	164.7734	0.20770569	0.08041101	120.0	0.0
SPIKE	S102:T>A	22	52960	4.1540785E-4	-1.0	40.0	TRUE	T	6.573604E-5	16.0	0.0021511617	0.9921427	89.2645	0.21805538	0.06792882	120.0	0.0
SPIKE	S102:T>G	3	52960	5.6646524E-5	2.3797824	40.0	TRUE	T	7.0790114E-4	175.0	0.002435233	0.9185599	115.87708	0.21475409	0.069562964	120.0	0.0
SPIKE	D102-105:TGG>	1	52960	1.8882176E-5	-1.0	39.990673	TRUE		NaN	NaN	NaN	NaN	NaN	NaN	NaN	NaN	NaN
SPIKE	S103:G>C	20	52960	3.776435E-4	61.455387	40.0	TRUE	G	1.3659983E-4	33.0	0.0013950381	0.98374164	153.85406	0.21952829	0.09115363	120.0	0.0
SPIKE	S103:G>T	3	52960	5.6646524E-5	10.280287	40.0	TRUE	G	1.3012411E-4	32.0	0.0027072001	0.98450637	94.41482	0.21594	0.076018	120.0	0.0
SPIKE	S103:G>A	34	52960	6.4199395E-4	103.59959	40.0	TRUE	G	2.3602998E-4	62.0	0.0028269773	0.97207373	147.53288	0.20218687	0.07511363	120.0	0.0
SPIKE	D103-104:G>	16	52960	3.0211481E-4	-1.0	39.992786	TRUE		NaN	NaN	NaN	NaN	NaN	NaN	NaN	NaN	NaN
SPIKE	S104:G>C	25	52960	4.7205438E-4	49.71867	40.0	TRUE	G	7.368112E-4	178.0	0.0013950381	0.91537875	153.85406	0.21952829	0.09115363	120.0	0.0
SPIKE	S104:G>T	6	52960	1.1329305E-4	-1.0	40.0	TRUE	G	4.0663785E-5	10.0	0.0027072001	0.9951322	94.41482	0.21594	0.076018	120.0	0.0
SPIKE	S104:G>A	26	52960	4.9093657E-4	68.00451	40.0	TRUE	G	3.159756E-4	83.0	0.0028269773	0.96279275	147.53288	0.20218687	0.07511363	120.0	0.0
SPIKE	S105:C>T	58	52960	0.0010951662	149.3518	40.0	TRUE	C	5.359285E-4	142.0	0.0030287772	0.9377129	147.53288	0.20048593	0.075510316	120.0	0.0
SPIKE	S105:C>A	15	52960	2.8323263E-4	-1.0	40.0	TRUE	C	4.4349043E-5	12.0	0.003321034	0.99469227	94.41482	0.19637929	0.092817485	120.0	0.0
SPIKE	S105:C>G	26	52960	4.9093657E-4	41.173767	40.0	TRUE	C	0.0010741504	252.0	0.0012059914	0.8790636	153.85406	0.22601466	0.11065327	120.0	0.0
SPIKE	D105-106:C>	20	52960	3.776435E-4	-1.0	39.973038	TRUE		NaN	NaN	NaN	NaN	NaN	NaN	NaN	NaN	NaN
SPIKE	D105-107:CG>	4	52960	7.5528704E-5	-1.0	39.973038	TRUE		NaN	NaN	NaN	NaN	NaN	NaN	NaN	NaN	NaN
SPIKE	S106:G>C	30	52960	5.6646526E-4	79.47218	40.0	TRUE	G	2.8561783E-4	69.0	0.0013950381	0.96630657	153.85406	0.21952829	0.09115363	120.0	0.0
SPIKE	S106:G>T	5	52960	9.4410876E-5	10.658173	40.0	TRUE	G	3.839264E-4	6.0	0.0027072001	0.954974	94.41482	0.21594	0.076018	120.0	1.0
SPIKE	S106:G>A	66	52960	0.0012462236	177.14546	40.0	TRUE	G	4.7205997E-4	124.0	0.0028269773	0.9449274	147.53288	0.20218687	0.07511363	120.0	0.0
SPIKE	D106-107:G>	5	52960	9.4410876E-5	-1.0	39.99103	TRUE		NaN	NaN	NaN	NaN	NaN	NaN	NaN	NaN	NaN
SPIKE	S107:G>C	37	52960	6.986405E-4	67.61125	40.0	TRUE	G	9.7275636E-4	235.0	0.0013950381	0.88982475	153.85406	0.21952829	0.09115363	120.0	0.0
SPIKE	S107:G>T	9	52960	1.6993958E-4	20.808811	40.0	TRUE	G	3.839264E-4	9.0	0.0027072001	0.954974	94.41482	0.21594	0.076018	120.0	1.0
SPIKE	S107:G>A	17	52960	3.2099697E-4	42.57172	40.0	TRUE	G	3.3881722E-4	89.0	0.0028269773	0.9601574	147.53288	0.20218687	0.07511363	120.0	0.0
SPIKE	S108:C>T	26	52960	4.9093657E-4	68.00451	40.0	TRUE	C	2.86835E-4	76.0	0.0030287772	0.9661654	147.53288	0.20048593	0.075510316	120.0	0.0
SPIKE	S108:C>A	9	52960	1.6993958E-4	12.2497015	40.0	TRUE	C	6.837144E-4	185.0	0.003321034	0.92122984	94.41482	0.19637929	0.092817485	120.0	0.0
SPIKE	S108:C>G	30	52960	5.6646526E-4	79.47218	40.0	TRUE	C	3.6231265E-4	85.0	0.0012059914	0.9574541	153.85406	0.22601466	0.11065327	120.0	0.0
SPIKE	S109:A>C	5	52960	9.4410876E-5	16.300888	40.0	TRUE	A	2.0242964E-4	49.0	0.00569771	0.9760011	115.87708	0.220043	0.07427947	120.0	0.0
SPIKE	S109:A>T	12	52960	2.265861E-4	-1.0	40.0	TRUE	A	6.914037E-5	16.0	0.002187383	0.9917375	89.2645	0.2293563	0.08492134	120.0	0.0
SPIKE	S109:A>G	51	52960	9.629909E-4	96.55884	40.0	TRUE	A	0.0011487048	298.0	0.0030297278	0.87123406	164.7734	0.20476605	0.06981258	120.0	0.0
SPIKE	S110:G>C	22	52960	4.1540785E-4	36.755787	40.0	TRUE	G	8.94108E-4	216.0	0.0013950381	0.8982625	153.85406	0.21952829	0.09115363	120.0	0.0
SPIKE	S110:G>T	5	52960	9.4410876E-5	16.300888	40.0	TRUE	G	1.1792498E-4	29.0	0.0027072001	0.9859487	94.41482	0.21594	0.076018	120.0	0.0
SPIKE	S110:G>A	28	52960	5.287009E-4	64.779274	40.0	TRUE	G	4.2637673E-4	112.0	0.0028269773	0.9501217	147.53288	0.20218687	0.07511363	120.0	0.0
SPIKE	S111:C>T	60	52960	0.0011329305	171.7956	40.0	TRUE	C	3.887369E-4	103.0	0.0030287772	0.9544229	147.53288	0.20048593	0.075510316	120.0	0.0
SPIKE	S111:C>A	7	52960	1.3217522E-4	-1.0	40.0	TRUE	C	3.6957535E-5	10.0	0.003321034	0.9955749	94.41482	0.19637929	0.092817485	120.0	0.0
SPIKE	S111:C>G	16	52960	3.0211481E-4	16.617006	40.0	TRUE	C	0.0011167754	262.0	0.0012059914	0.87457865	153.85406	0.22601466	0.11065327	120.0	0.0
SPIKE	D111-112:C>	1	52960	1.8882176E-5	-1.0	39.98767	TRUE		NaN	NaN	NaN	NaN	NaN	NaN	NaN	NaN	NaN
SPIKE	S112:G>C	37	52958	6.9866684E-4	89.651054	40.0	TRUE	G	4.305127E-4	104.0	0.0013950381	0.9496502	153.84825	0.21952829	0.09115363	120.0	0.0
SPIKE	S112:G>A	64	52958	0.0012085049	183.56096	40.0	TRUE	G	4.1877868E-4	110.0	0.0028269773	0.95098835	147.52731	0.20218687	0.07511363	120.0	0.0
SPIKE	D112-113:G>	1	52958	1.8882889E-5	-1.0	39.9912	TRUE		NaN	NaN	NaN	NaN	NaN	NaN	NaN	NaN	NaN
SPIKE	S112:G>T	0	52958	0.0	-1.0	0.0	TRUE	G	7.441754E-4	183.0	0.0027072001	0.9145702	94.411255	0.21594	0.076018	120.0	0.0
SPIKE	S113:T>C	53	52958	0.0010007931	125.077034	40.0	TRUE	T	6.372744E-4	163.0	0.0031677342	0.926378	164.76718	0.20770569	0.08041101	120.0	0.0
SPIKE	S113:T>G	1	52958	1.8882889E-5	0.17304859	40.0	TRUE	T	9.7491784E-4	241.0	0.002435233	0.88959396	115.87271	0.21475409	0.069562964	120.0	0.0
SPIKE	S113:T>A	14	52958	2.6436042E-4	-1.0	40.0	TRUE	T	7.3955845E-5	18.0	0.0021511617	0.99116457	89.26113	0.21805538	0.06792882	120.0	0.0
SPIKE	D113-115:TG>	2	52958	3.7765778E-5	-1.0	39.984516	TRUE		NaN	NaN	NaN	NaN	NaN	NaN	NaN	NaN	NaN
SPIKE	S114:G>T	3	52958	5.6648663E-5	10.280287	40.0	TRUE	G	2.0739314E-4	51.0	0.0027072001	0.97541994	94.411255	0.21594	0.076018	120.0	0.0
SPIKE	S114:G>C	28	52958	5.2872085E-4	73.72888	40.0	TRUE	G	2.6079133E-4	63.0	0.0013950381	0.96918964	153.84825	0.21952829	0.09115363	120.0	0.0
SPIKE	S114:G>A	35	52958	6.609011E-4	68.852066	40.0	TRUE	G	9.060848E-4	238.0	0.0028269773	0.8969724	147.52731	0.20218687	0.07511363	120.0	0.0
SPIKE	D114-115:G>	1	52958	1.8882889E-5	-1.0	39.988464	TRUE		NaN	NaN	NaN	NaN	NaN	NaN	NaN	NaN	NaN
SPIKE	S115:A>T	23	52958	4.3430642E-4	70.48629	39.95652	TRUE	A	2.2903612E-4	53.0	0.002187383	0.9728899	89.26113	0.2293563	0.08492134	120.0	0.0
SPIKE	S115:A>C	6	52958	1.1329733E-4	4.872041	40.0	TRUE	A	7.766982E-4	188.0	0.00569771	0.9110078	115.87271	0.220043	0.07427947	120.0	0.0
SPIKE	S115:A>G	33	52958	6.231353E-4	78.52778	40.0	TRUE	A	5.859387E-4	152.0	0.0030297278	0.9321024	164.76718	0.20476605	0.06981258	120.0	0.0
SPIKE	S116:C>T	23	52958	4.3430642E-4	70.48629	40.0	TRUE	C	2.3023153E-4	61.0	0.0030287772	0.97275037	147.52731	0.20048593	0.075510316	120.0	0.0
SPIKE	S116:C>G	66	52958	0.0012462706	189.44995	40.0	TRUE	C	3.069117E-4	72.0	0.0012059914	0.96384054	153.84825	0.22601466	0.11065327	120.0	0.0
SPIKE	S116:C>A	4	52958	7.5531556E-5	8.284564	40.0	TRUE	C	2.698002E-4	73.0	0.003321034	0.96814245	94.411255	0.19637929	0.092817485	120.0	0.0
SPIKE	D116-117:C>	4	52958	7.5531556E-5	-1.0	39.988518	TRUE		NaN	NaN	NaN	NaN	NaN	NaN	NaN	NaN	NaN
SPIKE	S117:C>T	15	52958	2.8324334E-4	17.695948	40.0	TRUE	C	9.813147E-4	260.0	0.0030287772	0.88891137	147.52731	0.20048593	0.075510316	120.0	0.0
SPIKE	S117:C>G	10	52958	1.8882888E-4	-1.0	40.0	TRUE	C	5.1151954E-5	12.0	0.0012059914	0.99388057	153.84825	0.22601466	0.11065327	120.0	0.0
SPIKE	S117:C>A	20	52958	3.7765777E-4	61.455387	40.0	TRUE	C	1.2196447E-4	33.0	0.003321034	0.98547083	94.411255	0.19637929	0.092817485	120.0	0.0
SPIKE	S118:T>C	30	52958	5.664867E-4	70.25505	40.0	TRUE	T	4.691591E-4	120.0	0.0031677342	0.94525635	164.76718	0.20770569	0.08041101	120.0	0.0
SPIKE	S118:T>G	1	52958	1.8882889E-5	4.2596874	40.0	TRUE	T	1.17313764E-4	29.0	0.002435233	0.986021	115.87271	0.21475409	0.069562964	120.0	0.0
SPIKE	S118:T>A	12	52958	2.2659465E-4	15.021913	40.0	TRUE	T	8.7514415E-4	213.0	0.0021511617	0.90030897	89.26113	0.21805538	0.06792882	120.0	0.0
SPIKE	D118-119:T>	2	52958	3.7765778E-5	-1.0	39.987083	TRUE		NaN	NaN	NaN	NaN	NaN	NaN	NaN	NaN	NaN
SPIKE	S119:A>T	14	52958	2.6436042E-4	13.149927	40.0	TRUE	A	0.0012056807	279.0	0.002187383	0.8652977	89.26113	0.2293563	0.08492134	120.0	0.0
SPIKE	S119:A>C	2	52958	3.7765778E-5	7.269987	40.0	TRUE	A	1.07415704E-4	26.0	0.00569771	0.9871928	115.87271	0.220043	0.07427947	120.0	0.0
SPIKE	S119:A>G	39	52958	7.364326E-4	105.49838	40.0	TRUE	A	3.469374E-4	90.0	0.0030297278	0.95922226	164.76718	0.20476605	0.06981258	120.0	0.0
SPIKE	D119-121:AT>	1	52958	1.8882889E-5	-1.0	39.987103	TRUE		NaN	NaN	NaN	NaN	NaN	NaN	NaN	NaN	NaN
SPIKE	S120:T>C	65	52958	0.0012273877	186.50496	40.0	TRUE	T	3.7923694E-4	97.0	0.0031677342	0.95551157	164.76718	0.20770569	0.08041101	120.0	0.0
SPIKE	S120:T>G	6	52958	1.1329733E-4	4.872041	40.0	TRUE	T	9.1828365E-4	227.0	0.002435233	0.89566034	115.87271	0.21475409	0.069562964	120.0	0.0
SPIKE	S120:T>A	8	52958	1.5106311E-4	18.199682	40.0	TRUE	T	2.8349741E-4	69.0	0.0021511617	0.9665525	89.26113	0.21805538	0.06792882	120.0	0.0
SPIKE	S121:G>T	2	52958	3.7765778E-5	0.28028724	40.0	TRUE	G	0.0011670947	287.0	0.0027072001	0.8693136	94.411255	0.21594	0.076018	120.0	0.0
SPIKE	S121:G>C	29	52958	5.4760376E-4	88.54809	40.0	TRUE	G	1.5316317E-4	37.0	0.0013950381	0.9817883	153.84825	0.21952829	0.09115363	120.0	0.0
SPIKE	S121:G>A	57	52958	0.0010763246	157.92287	40.0	TRUE	G	3.1979464E-4	84.0	0.0028269773	0.9623516	147.52731	0.20218687	0.07511363	120.0	0.0
SPIKE	S122:T>C	49	52958	9.252615E-4	123.48962	40.0	TRUE	T	5.1998463E-4	133.0	0.0031677342	0.93950874	164.76718	0.20770569	0.08041101	120.0	0.0
SPIKE	S122:T>A	23	52958	4.3430642E-4	70.48629	40.0	TRUE	T	1.273684E-4	31.0	0.0021511617	0.984832	89.26113	0.21805538	0.06792882	120.0	0.0
SPIKE	S122:T>G	0	52958	0.0	-1.0	0.0	TRUE	T	0.0010962769	271.0	0.002435233	0.8767326	115.87271	0.21475409	0.069562964	120.0	0.0
SPIKE	S123:G>T	1	52958	1.8882889E-5	0.17304859	40.0	TRUE	G	0.0010206996	251.0	0.0027072001	0.8847201	94.411255	0.21594	0.076018	120.0	0.0
SPIKE	S123:G>C	8	52958	1.5106311E-4	25.331787	40.0	TRUE	G	1.5730271E-4	38.0	0.0013950381	0.9813007	153.84825	0.21952829	0.09115363	120.0	0.0
SPIKE	S123:G>A	31	52958	5.8536953E-4	94.56869	39.935482	TRUE	G	2.1319641E-4	56.0	0.0028269773	0.9747409	147.52731	0.20218687	0.07511363	120.0	0.0
SPIKE	S124:T>C	78	52958	0.0014728652	200.54439	40.0	TRUE	T	6.2554545E-4	160.0	0.0031677342	0.92768276	164.76718	0.20770569	0.08041101	120.0	0.0
SPIKE	S124:T>A	16	52958	3.0212622E-4	49.41419	40.0	TRUE	T	9.039048E-5	22.0	0.0021511617	0.98921174	89.26113	0.21805538	0.06792882	120.0	0.0
SPIKE	D124-126:TG>	1	52958	1.8882889E-5	-1.0	39.984875	TRUE		NaN	NaN	NaN	NaN	NaN	NaN	NaN	NaN	NaN
SPIKE	S124:T>G	0	52958	0.0	-1.0	0.0	TRUE	T	0.001124594	278.0	0.002435233	0.8737585	115.87271	0.21475409	0.069562964	120.0	0.0
SPIKE	S125:G>T	2	52958	3.7765778E-5	7.269987	40.0	TRUE	G	2.2365927E-4	55.0	0.0027072001	0.97351784	94.411255	0.21594	0.076018	120.0	0.0
SPIKE	S125:G>C	30	52958	5.664867E-4	56.184185	40.0	TRUE	G	9.2311855E-4	223.0	0.0013950381	0.8951408	153.84825	0.21952829	0.09115363	120.0	0.0
SPIKE	S125:G>A	25	52958	4.7207222E-4	76.50689	40.0	TRUE	G	2.0177518E-4	53.0	0.0028269773	0.97607774	147.52731	0.20218687	0.07511363	120.0	0.0
SPIKE	D125-126:G>	1	52958	1.8882889E-5	-1.0	39.99241	TRUE		NaN	NaN	NaN	NaN	NaN	NaN	NaN	NaN	NaN
SPIKE	I126:>TG	1	52958	1.8882889E-5	-1.0	39.974	TRUE		NaN	NaN	NaN	NaN	NaN	NaN	NaN	NaN	NaN
SPIKE	S126:C>T	53	52958	0.0010007931	134.88	40.0	TRUE	C	4.8310877E-4	128.0	0.0030287772	0.9436754	147.52731	0.20048593	0.075510316	120.0	0.0
SPIKE	S126:C>G	16	52958	3.0212622E-4	14.0601015	40.0	TRUE	C	0.0013470014	316.0	0.0012059914	0.8507473	153.84825	0.22601466	0.11065327	120.0	0.0
SPIKE	S126:C>A	16	52958	3.0212622E-4	49.41419	40.0	TRUE	C	1.2935625E-4	35.0	0.003321034	0.9845971	94.411255	0.19637929	0.092817485	120.0	0.0
SPIKE	D126-127:C>	21	52958	3.9654065E-4	-1.0	39.974	TRUE		NaN	NaN	NaN	NaN	NaN	NaN	NaN	NaN	NaN
SPIKE	D126-128:CG>	1	52958	1.8882889E-5	-1.0	39.974	TRUE		NaN	NaN	NaN	NaN	NaN	NaN	NaN	NaN	NaN
SPIKE	S127:G>T	2	52958	3.7765778E-5	-1.0	40.0	TRUE	G	4.066532E-5	10.0	0.0027072001	0.995132	94.411255	0.21594	0.076018	120.0	0.0
SPIKE	S127:G>C	14	52958	2.6436042E-4	34.27314	40.0	TRUE	G	3.8911725E-4	94.0	0.0013950381	0.9543793	153.84825	0.21952829	0.09115363	120.0	0.0
SPIKE	S127:G>A	55	52958	0.0010385589	140.57306	40.0	TRUE	G	4.2639283E-4	112.0	0.0028269773	0.95011985	147.52731	0.20218687	0.07511363	120.0	0.0
SPIKE	D127-128:G>	4	52958	7.5531556E-5	-1.0	39.99139	TRUE		NaN	NaN	NaN	NaN	NaN	NaN	NaN	NaN	NaN
SPIKE	S128:G>A	17	52958	3.210091E-4	52.424488	40.0	TRUE	G	2.4365305E-4	64.0	0.0028269773	0.97118497	147.52731	0.20218687	0.07511363	120.0	0.0
SPIKE	S128:G>C	13	52958	2.4547754E-4	13.984274	40.0	TRUE	G	9.976304E-4	241.0	0.0013950381	0.8871727	153.84825	0.21952829	0.09115363	120.0	0.0
SPIKE	S128:G>T	7	52958	1.3218021E-4	-1.0	40.0	TRUE	G	4.4731853E-5	11.0	0.0027072001	0.99464655	94.411255	0.21594	0.076018	120.0	0.0
SPIKE	S129:C>A	7	52956	1.321852E-4	22.321487	40.0	TRUE	C	1.6262544E-4	44.0	0.003321034	0.98067415	94.40769	0.19637929	0.092817485	120.0	0.0
SPIKE	S129:C>G	17	52956	3.2102122E-4	15.718656	40.0	TRUE	C	0.0013982062	328.0	0.0012059914	0.8455358	153.84244	0.22601466	0.11065327	120.0	0.0
SPIKE	S129:C>T	58	52956	0.0010952489	149.3518	40.0	TRUE	C	4.6048043E-4	122.0	0.0030287772	0.9462413	147.52173	0.20048593	0.075510316	120.0	0.0
SPIKE	D129-130:C>	22	52956	4.1543922E-4	-1.0	39.973392	TRUE		NaN	NaN	NaN	NaN	NaN	NaN	NaN	NaN	NaN
SPIKE	S130:G>A	57	52956	0.0010763652	146.38963	40.0	TRUE	G	5.406256E-4	142.0	0.0028269773	0.9371845	147.52173	0.20218687	0.07511363	120.0	0.0
SPIKE	S130:G>C	8	52956	1.5106882E-4	13.595069	40.0	TRUE	G	4.2638925E-4	103.0	0.0013950381	0.9501203	153.84244	0.21952829	0.09115363	120.0	0.0
SPIKE	D130-131:G>	3	52956	5.6650806E-5	-1.0	39.983044	TRUE		NaN	NaN	NaN	NaN	NaN	NaN	NaN	NaN	NaN
SPIKE	D130-133:GGC>	12	52956	2.2660322E-4	-1.0	39.983044	TRUE		NaN	NaN	NaN	NaN	NaN	NaN	NaN	NaN	NaN
SPIKE	S130:G>T	0	52956	0.0	-1.0	0.0	TRUE	G	3.839264E-4	3.0	0.0027072001	0.954974	94.40769	0.21594	0.076018	120.0	1.0
SPIKE	S131:G>A	20	52956	3.7767203E-4	43.298504	40.0	TRUE	G	4.340234E-4	114.0	0.0028269773	0.9492503	147.52173	0.20218687	0.07511363	120.0	0.0
SPIKE	S131:G>C	39	52956	7.3646044E-4	66.71591	40.0	TRUE	G	0.0012170722	294.0	0.0013950381	0.86411566	153.84244	0.21952829	0.09115363	120.0	0.0
SPIKE	S131:G>T	9	52956	1.6995241E-4	20.808811	40.0	TRUE	G	3.839264E-4	9.0	0.0027072001	0.954974	94.40769	0.21594	0.076018	120.0	1.0
SPIKE	S132:C>A	8	52955	1.5107167E-4	4.5662546	40.0	TRUE	C	0.0011383996	308.0	0.003321034	0.8723121	94.40591	0.19637929	0.092817485	120.0	0.0
SPIKE	S132:C>G	35	52955	6.6093856E-4	84.07732	40.0	TRUE	C	5.413888E-4	127.0	0.0012059914	0.9370987	153.83954	0.22601466	0.11065327	120.0	0.0
SPIKE	S132:C>T	25	52955	4.7209894E-4	65.15026	39.64	TRUE	C	3.6235212E-4	96.0	0.0030287772	0.95744956	147.51895	0.20048593	0.075510316	120.0	0.0
SPIKE	S133:A>G	2	52952	3.7770056E-5	0.47457275	40.0	TRUE	A	0.0010833383	281.0	0.0030297278	0.8780949	164.7485	0.20476605	0.06981258	120.0	0.0
SPIKE	S133:A>C	1	52952	1.8885028E-5	0.57991946	40.0	TRUE	A	7.148086E-4	173.0	0.00569771	0.9177989	115.85958	0.220043	0.07427947	120.0	0.0
SPIKE	I133:>GGCTGATT	1	52952	1.8885028E-5	-1.0	39.988518	TRUE		NaN	NaN	NaN	NaN	NaN	NaN	NaN	NaN	NaN
SPIKE	S133:A>T	0	52952	0.0	-1.0	0.0	TRUE	A	3.8573626E-4	5.0	0.002187383	0.95476663	89.251015	0.2293563	0.08492134	120.0	1.0
SPIKE	S134:G>A	76	52952	0.0014352622	167.42252	40.0	TRUE	G	0.0011536756	303.0	0.0028269773	0.87071455	147.51059	0.20218687	0.07511363	120.0	0.0
SPIKE	S134:G>C	8	52952	1.5108022E-4	4.5662546	40.0	TRUE	G	0.0011467839	277.0	0.0013950381	0.8714349	153.83083	0.21952829	0.09115363	120.0	0.0
SPIKE	S134:G>T	1	52952	1.8885028E-5	4.2596874	40.0	TRUE	G	1.8708168E-4	46.0	0.0027072001	0.9778003	94.40056	0.21594	0.076018	120.0	0.0
SPIKE	I135:>C	9	52951	1.6996847E-4	-1.0	39.990765	TRUE		NaN	NaN	NaN	NaN	NaN	NaN	NaN	NaN	NaN
SPIKE	S135:C>A	14	52951	2.6439538E-4	34.27314	40.0	TRUE	C	3.1419244E-4	85.0	0.003321034	0.9629988	94.39877	0.19637929	0.092817485	120.0	0.0
SPIKE	S135:C>G	1	52951	1.8885385E-5	1.0720997	40.0	TRUE	C	5.158504E-4	121.0	0.0012059914	0.93997496	153.82791	0.22601466	0.11065327	120.0	0.0
SPIKE	S135:C>T	22	52951	4.1547845E-4	48.59232	40.0	TRUE	C	5.0204655E-4	133.0	0.0030287772	0.94153327	147.50781	0.20048593	0.075510316	120.0	0.0
SPIKE	D135-136:C>	35	52951	6.6098844E-4	-1.0	39.990765	TRUE		NaN	NaN	NaN	NaN	NaN	NaN	NaN	NaN	NaN
SPIKE	S136:C>A	6	52951	1.1331231E-4	9.311187	40.0	TRUE	C	4.7313687E-4	128.0	0.003321034	0.94480526	94.39877	0.19637929	0.092817485	120.0	0.0
SPIKE	S136:C>T	30	52951	5.6656153E-4	41.145775	40.0	TRUE	C	0.0013664726	362.0	0.0030287772	0.8487618	147.50781	0.20048593	0.075510316	120.0	0.0
SPIKE	S136:C>G	0	52951	0.0	-1.0	0.0	TRUE	C	2.0037164E-4	47.0	0.0012059914	0.9762422	153.82791	0.22601466	0.11065327	120.0	0.0
SPIKE	I137:>T	8	52924	1.5116016E-4	-1.0	39.4395	TRUE		NaN	NaN	NaN	NaN	NaN	NaN	NaN	NaN	NaN
SPIKE	S137:T>A	12	52924	2.2674023E-4	28.819815	39.5	TRUE	T	3.9879588E-4	97.0	0.0021511617	0.9532715	89.20383	0.21805538	0.06792882	120.0	0.0
SPIKE	S137:T>G	4	52924	7.558008E-5	0.7240611	39.5	TRUE	T	0.0013155679	325.0	0.002435233	0.85396236	115.79832	0.21475409	0.069562964	120.0	0.0
SPIKE	S137:T>C	4	52924	7.558008E-5	5.449171	36.0	TRUE	T	5.242309E-4	134.0	0.0031677342	0.9390301	164.66139	0.20770569	0.08041101	120.0	0.0
SPIKE	D137-138:T>	31	52924	5.857456E-4	-1.0	39.4395	TRUE		NaN	NaN	NaN	NaN	NaN	NaN	NaN	NaN	NaN
SPIKE	D137-139:TG>	7	52924	1.3226514E-4	-1.0	39.4395	TRUE		NaN	NaN	NaN	NaN	NaN	NaN	NaN	NaN	NaN
SPIKE	I138:>G	4	52923	7.5581505E-5	-1.0	39.41583	TRUE		NaN	NaN	NaN	NaN	NaN	NaN	NaN	NaN	NaN
SPIKE	S138:G>A	15	52923	2.8343065E-4	8.721025	38.533333	TRUE	G	0.0016000306	420.0	0.0028269773	0.82530385	147.42981	0.20218687	0.07511363	120.0	0.0
SPIKE	S138:G>C	2	52923	3.7790753E-5	7.269987	36.5	TRUE	G	8.698794E-5	21.0	0.0013950381	0.98961574	153.74657	0.21952829	0.09115363	120.0	0.0
SPIKE	D138-139:G>	14	52923	2.6453528E-4	-1.0	39.41583	TRUE		NaN	NaN	NaN	NaN	NaN	NaN	NaN	NaN	NaN
SPIKE	I138:>CT	1	52923	1.8895376E-5	-1.0	39.41583	TRUE		NaN	NaN	NaN	NaN	NaN	NaN	NaN	NaN	NaN
SPIKE	D138-140:GA>	2	52923	3.7790753E-5	-1.0	39.41583	TRUE		NaN	NaN	NaN	NaN	NaN	NaN	NaN	NaN	NaN
SPIKE	D138-142:GATT>	2	52923	3.7790753E-5	-1.0	39.41583	TRUE		NaN	NaN	NaN	NaN	NaN	NaN	NaN	NaN	NaN
SPIKE	D138-141:GAT>	1	52923	1.8895376E-5	-1.0	39.41583	TRUE		NaN	NaN	NaN	NaN	NaN	NaN	NaN	NaN	NaN
SPIKE	S138:G>T	0	52923	0.0	-1.0	0.0	TRUE	G	7.812905E-4	192.0	0.0027072001	0.91050595	94.34886	0.21594	0.076018	120.0	0.0
SPIKE	D139-141:AT>	4	52916	7.55915E-5	-1.0	39.105713	TRUE		NaN	NaN	NaN	NaN	NaN	NaN	NaN	NaN	NaN
SPIKE	D139-140:A>	17	52916	3.2126388E-4	-1.0	39.105713	TRUE		NaN	NaN	NaN	NaN	NaN	NaN	NaN	NaN	NaN
SPIKE	I139:>A	6	52916	1.1338726E-4	-1.0	39.105713	TRUE		NaN	NaN	NaN	NaN	NaN	NaN	NaN	NaN	NaN
SPIKE	D139-143:ATTA>	1	52916	1.8897876E-5	-1.0	39.105713	TRUE		NaN	NaN	NaN	NaN	NaN	NaN	NaN	NaN	NaN
SPIKE	S139:A>G	0	52916	0.0	-1.0	0.0	TRUE	A	5.555404E-4	144.0	0.0030297278	0.93550867	164.6365	0.20476605	0.06981258	120.0	0.0
SPIKE	S139:A>C	0	52916	0.0	-1.0	0.0	TRUE	A	4.258692E-4	103.0	0.00569771	0.9501796	115.780815	0.220043	0.07427947	120.0	0.0
SPIKE	S139:A>T	0	52916	0.0	-1.0	0.0	TRUE	A	0.0018769918	434.0	0.002187383	0.79832536	89.19034	0.2293563	0.08492134	120.0	0.0
SPIKE	I140:>T	10	52914	1.889859E-4	-1.0	39.452583	TRUE		NaN	NaN	NaN	NaN	NaN	NaN	NaN	NaN	NaN
SPIKE	D140-144:TTAG>	2	52914	3.779718E-5	-1.0	39.452583	TRUE		NaN	NaN	NaN	NaN	NaN	NaN	NaN	NaN	NaN
SPIKE	D140-143:TTA>	3	52914	5.669577E-5	-1.0	39.452583	TRUE		NaN	NaN	NaN	NaN	NaN	NaN	NaN	NaN	NaN
SPIKE	S140:T>A	1	52914	1.889859E-5	0.3166301	38.0	TRUE	T	9.046564E-4	220.0	0.0021511617	0.8971262	89.186966	0.21805538	0.06792882	120.0	0.0
SPIKE	S140:T>G	2	52914	3.779718E-5	3.9120662	39.0	TRUE	T	3.4008795E-4	84.0	0.002435233	0.960011	115.776436	0.21475409	0.069562964	120.0	0.0
SPIKE	S140:T>C	1	52914	1.889859E-5	4.2596874	34.0	TRUE	T	1.3303895E-4	34.0	0.0031677342	0.9841621	164.63028	0.20770569	0.08041101	120.0	0.0
SPIKE	D140-141:T>	57	52914	0.0010772196	-1.0	39.452583	TRUE		NaN	NaN	NaN	NaN	NaN	NaN	NaN	NaN	NaN
SPIKE	D140-142:TT>	2	52914	3.779718E-5	-1.0	39.452583	TRUE		NaN	NaN	NaN	NaN	NaN	NaN	NaN	NaN	NaN
SPIKE	S141:T>A	21	52900	3.9697543E-4	8.589505	39.190475	TRUE	T	0.0024966898	607.0	0.0021511617	0.74111253	89.16337	0.21805538	0.06792882	120.0	0.0
SPIKE	S141:T>G	3	52900	5.6710775E-5	6.0206	40.0	TRUE	T	4.0497375E-4	100.0	0.002435233	0.9525651	115.745804	0.21475409	0.069562964	120.0	0.0
SPIKE	S141:T>C	3	52900	5.6710775E-5	6.0206	37.0	TRUE	T	3.5616907E-4	91.0	0.0031677342	0.9581602	164.58673	0.20770569	0.08041101	120.0	0.0
SPIKE	S142:A>G	1	52893	1.8906094E-5	0.0011929893	40.0	TRUE	A	0.0023041794	597.0	0.0030297278	0.75843245	164.56494	0.20476605	0.06981258	120.0	0.0
SPIKE	D142-143:A>	24	52893	4.5374624E-4	-1.0	39.15382	TRUE		NaN	NaN	NaN	NaN	NaN	NaN	NaN	NaN	NaN
SPIKE	I142:>A	3	52893	5.671828E-5	-1.0	39.15382	TRUE		NaN	NaN	NaN	NaN	NaN	NaN	NaN	NaN	NaN
SPIKE	D142-144:AG>	1	52893	1.8906094E-5	-1.0	39.15382	TRUE		NaN	NaN	NaN	NaN	NaN	NaN	NaN	NaN	NaN
SPIKE	D142-145:AGC>	2	52893	3.7812188E-5	-1.0	39.15382	TRUE		NaN	NaN	NaN	NaN	NaN	NaN	NaN	NaN	NaN
SPIKE	S142:A>C	0	52893	0.0	-1.0	0.0	TRUE	A	6.411498E-4	155.0	0.00569771	0.9259473	115.73049	0.220043	0.07427947	120.0	0.0
SPIKE	S142:A>T	0	52893	0.0	-1.0	0.0	TRUE	A	9.778447E-4	226.0	0.002187383	0.8892816	89.15157	0.2293563	0.08492134	120.0	0.0
SPIKE	I143:>G	2	52889	3.7815047E-5	-1.0	39.307476	TRUE		NaN	NaN	NaN	NaN	NaN	NaN	NaN	NaN	NaN
SPIKE	S143:G>A	4	52889	7.5630094E-5	1.6458194	37.5	TRUE	G	0.0010788089	283.0	0.0028269773	0.8785723	147.33508	0.20218687	0.07511363	120.0	0.0
SPIKE	S143:G>C	2	52889	3.7815047E-5	2.8371948E-4	37.5	TRUE	G	0.0031501588	760.0	0.0013950381	0.68521744	153.6478	0.21952829	0.09115363	120.0	0.0
SPIKE	S143:G>T	1	52889	1.8907524E-5	4.2596874	40.0	TRUE	G	2.1580738E-4	53.0	0.0027072001	0.97443557	94.288246	0.21594	0.076018	120.0	0.0
SPIKE	D143-144:G>	19	52889	3.5924296E-4	-1.0	39.307476	TRUE		NaN	NaN	NaN	NaN	NaN	NaN	NaN	NaN	NaN
SPIKE	D143-145:GC>	1	52889	1.8907524E-5	-1.0	39.307476	TRUE		NaN	NaN	NaN	NaN	NaN	NaN	NaN	NaN	NaN
SPIKE	I144:>C	20	52885	3.7817907E-4	-1.0	39.421158	TRUE		NaN	NaN	NaN	NaN	NaN	NaN	NaN	NaN	NaN
SPIKE	S144:C>G	2	52885	3.7817907E-5	0.095406055	39.0	TRUE	C	0.0015238712	357.0	0.0012059914	0.832881	153.63618	0.22601466	0.11065327	120.0	0.0
SPIKE	S144:C>A	1	52885	1.8908953E-5	4.2596874	40.0	TRUE	C	2.0355471E-4	55.0	0.003321034	0.97586936	94.28111	0.19637929	0.092817485	120.0	0.0
SPIKE	S144:C>T	11	52885	2.0799848E-4	20.53052	37.909092	TRUE	C	5.215706E-4	138.0	0.0030287772	0.93933	147.32394	0.20048593	0.075510316	120.0	0.0
SPIKE	D144-145:C>	41	52885	7.752671E-4	-1.0	39.421158	TRUE		NaN	NaN	NaN	NaN	NaN	NaN	NaN	NaN	NaN
SPIKE	S145:C>G	2	52873	3.782649E-5	1.3408211	39.0	TRUE	C	7.428957E-4	174.0	0.0012059914	0.91471064	153.60132	0.22601466	0.11065327	120.0	0.0
SPIKE	S145:C>A	5	52873	9.4566225E-5	16.300888	37.2	TRUE	C	1.4807339E-4	40.0	0.003321034	0.98238814	94.25972	0.19637929	0.092817485	120.0	0.0
SPIKE	S145:C>T	6	52873	1.1347947E-4	6.718435	37.333332	TRUE	C	6.577818E-4	174.0	0.0030287772	0.9241011	147.29051	0.20048593	0.075510316	120.0	0.0
SPIKE	I146:>A	2	52854	3.7840087E-5	-1.0	39.2208	TRUE		NaN	NaN	NaN	NaN	NaN	NaN	NaN	NaN	NaN
SPIKE	I146:>TC	1	52854	1.8920044E-5	-1.0	39.2208	TRUE		NaN	NaN	NaN	NaN	NaN	NaN	NaN	NaN	NaN
SPIKE	S146:C>G	4	52854	7.5680175E-5	7.4926927E-4	35.5	TRUE	C	0.003664561	858.0	0.0012059914	0.6441992	153.54613	0.22601466	0.11065327	120.0	0.0
SPIKE	S146:C>A	5	52854	9.460022E-5	16.300888	39.6	TRUE	C	1.296108E-4	35.0	0.003321034	0.98456705	94.225845	0.19637929	0.092817485	120.0	0.0
SPIKE	S146:C>T	7	52854	1.3244031E-4	6.3054132	38.714287	TRUE	C	8.962662E-4	237.0	0.0030287772	0.89802986	147.2376	0.20048593	0.075510316	120.0	0.0
SPIKE	I146:>TG	1	52854	1.8920044E-5	-1.0	39.2208	TRUE		NaN	NaN	NaN	NaN	NaN	NaN	NaN	NaN	NaN
SPIKE	S147:G>A	19	52836	3.596033E-4	25.73161	38.789474	TRUE	G	9.921261E-4	260.0	0.0028269773	0.88775885	147.18744	0.20218687	0.07511363	120.0	0.0
SPIKE	S147:G>C	2	52836	3.785298E-5	0.031391714	37.0	TRUE	G	0.0018173073	438.0	0.0013950381	0.8040636	153.49384	0.21952829	0.09115363	120.0	0.0
SPIKE	S147:G>T	0	52836	0.0	-1.0	0.0	TRUE	G	0.0033096485	812.0	0.0027072001	0.6722279	94.193756	0.21594	0.076018	120.0	0.0
SPIKE	S148:T>G	4	52810	7.574323E-5	2.6003847E-5	39.25	TRUE	T	0.004738155	1168.0	0.002435233	0.5663299	115.54888	0.21475409	0.069562964	120.0	0.0
SPIKE	S148:T>A	1	52810	1.8935807E-5	2.0412	40.0	TRUE	T	3.5021466E-4	85.0	0.0021511617	0.9588451	89.01167	0.21805538	0.06792882	120.0	0.0
SPIKE	S148:T>C	2	52810	3.7871614E-5	0.7986036	38.0	TRUE	T	8.625355E-4	220.0	0.0031677342	0.9016722	164.30672	0.20770569	0.08041101	120.0	0.0
SPIKE	S149:G>A	19	52789	3.5992346E-4	19.197655	38.36842	TRUE	G	0.0013252856	347.0	0.0028269773	0.85296714	147.05652	0.20218687	0.07511363	120.0	0.0
SPIKE	S149:G>C	2	52789	3.7886683E-5	1.5428312E-4	36.0	TRUE	G	0.003426058	825.0	0.0013950381	0.6629028	153.35728	0.21952829	0.09115363	120.0	0.0
SPIKE	S149:G>T	0	52789	0.0	-1.0	0.0	TRUE	G	0.0019663435	482.0	0.0027072001	0.7898113	94.10997	0.21594	0.076018	120.0	0.0
SPIKE	S150:C>A	0	52713	0.0	-1.0	0.0	TRUE	C	1.2624441E-4	34.0	0.003321034	0.98496485	93.97448	0.19637929	0.092817485	120.0	0.0
SPIKE	S150:C>G	0	52713	0.0	-1.0	0.0	TRUE	C	0.002886388	674.0	0.0012059914	0.7072532	153.1365	0.22601466	0.11065327	120.0	0.0
SPIKE	S150:C>T	0	52713	0.0	-1.0	0.0	TRUE	C	0.0035453606	935.0	0.0030287772	0.65348005	146.8448	0.20048593	0.075510316	120.0	0.0
SPIKE	S151:T>A	0	52663	0.0	-1.0	0.0	TRUE	T	9.0896814E-5	22.0	0.0021511617	0.98915166	88.76391	0.21805538	0.06792882	120.0	0.0
SPIKE	S151:T>G	0	52663	0.0	-1.0	0.0	TRUE	T	0.0042794966	1052.0	0.002435233	0.59837383	115.22725	0.21475409	0.069562964	120.0	0.0
SPIKE	S151:T>C	0	52663	0.0	-1.0	0.0	TRUE	T	0.0019343274	492.0	0.0031677342	0.79285157	163.84935	0.20770569	0.08041101	120.0	0.0
SPIKE	S152:G>A	0	52549	0.0	-1.0	0.0	TRUE	G	0.0011855435	309.0	0.0028269773	0.86739117	146.38794	0.20218687	0.07511363	120.0	0.0
SPIKE	S152:G>C	0	52549	0.0	-1.0	0.0	TRUE	G	1.2098116E-4	29.0	0.0013950381	0.9855871	152.66006	0.21952829	0.09115363	120.0	0.0
SPIKE	S152:G>T	0	52549	0.0	-1.0	0.0	TRUE	G	0.001635175	399.0	0.0027072001	0.8218306	93.682106	0.21594	0.076018	120.0	0.0
SPIKE	S153:G>A	0	52266	0.0	-1.0	0.0	TRUE	G	0.0010338059	268.0	0.0028269773	0.88332975	145.59958	0.20218687	0.07511363	120.0	0.0
SPIKE	S153:G>C	0	52266	0.0	-1.0	0.0	TRUE	G	1.2163622E-4	29.0	0.0013950381	0.98550963	151.83792	0.21952829	0.09115363	120.0	0.0
SPIKE	S153:G>T	0	52266	0.0	-1.0	0.0	TRUE	G	1.1949081E-4	29.0	0.0027072001	0.98576343	93.17759	0.21594	0.076018	120.0	0.0
