#pipeline_block
reference	mutation	count	coverage	freq	score	cqs	has.reference	ancestral.allele	error.rate	minor.count.local	minor.fdr	minor.recall	minor.count.global	read.fraction.in.minors	q.filtered.read.fraction	mig.size	global.est
SPIKE	S0:T>A	0	110342	0.0	-1.0	0.0	TRUE	T	4.6640318E-5	8.0	0.010317853	0.9968335	19.322435	0.26911923	0.07028415	68.0	1.0
SPIKE	S0:T>G	0	110342	0.0	-1.0	0.0	TRUE	T	1.3634164E-4	5.0	0.00575932	0.9907716	51.744347	0.2924253	0.06794978	68.0	1.0
SPIKE	S0:T>C	0	110342	0.0	-1.0	0.0	TRUE	T	1.4631845E-4	79.0	0.004211921	0.99009967	96.569176	0.2052324	0.090378314	68.0	0.0
SPIKE	S1:A>G	0	110431	0.0	-1.0	0.0	TRUE	A	1.7387715E-4	116.0	0.004946685	0.98824596	96.647064	0.16635245	0.079711884	68.0	0.0
SPIKE	S1:A>C	0	110431	0.0	-1.0	0.0	TRUE	A	5.762314E-5	3.0	0.017859023	0.9960893	51.78608	0.1251126	0.08730984	68.0	1.0
SPIKE	S1:A>T	0	110431	0.0	-1.0	0.0	TRUE	A	5.678992E-5	23.0	0.009102906	0.9961457	19.33802	0.275173	0.07746361	68.0	0.0
SPIKE	S2:G>A	0	110541	0.0	-1.0	0.0	TRUE	G	1.18696335E-4	71.0	0.0050272876	0.9919611	82.3066	0.1857339	0.09101097	68.0	0.0
SPIKE	S2:G>C	0	110541	0.0	-1.0	0.0	TRUE	G	1.1943333E-4	8.0	0.0054414105	0.9919114	45.546352	0.29145062	0.08592046	68.0	1.0
SPIKE	S2:G>T	0	110541	0.0	-1.0	0.0	TRUE	G	8.32677E-5	4.0	0.0066056014	0.9943538	30.06913	0.30814663	0.06669216	68.0	1.0
SPIKE	S3:C>A	0	110665	0.0	-1.0	0.0	TRUE	C	4.5557295E-5	1.0	0.014614143	0.9969069	30.102861	0.1699629	0.11662325	68.0	1.0
SPIKE	S3:C>G	0	110665	0.0	-1.0	0.0	TRUE	C	5.2885804E-4	203.0	0.0037632233	0.9646766	45.597443	0.28939486	0.12624682	68.0	0.0
SPIKE	S3:C>T	0	110665	0.0	-1.0	0.0	TRUE	C	2.3643282E-4	136.0	0.0040307296	0.9840511	82.398926	0.19316712	0.09145571	68.0	0.0
SPIKE	S4:G>A	63	110781	5.686896E-4	180.618	40.0	TRUE	G	1.4012524E-4	84.0	0.0050272876	0.9905167	82.4853	0.1857339	0.09101097	68.0	0.0
SPIKE	S4:G>C	2	110781	1.8053637E-5	7.269987	40.0	TRUE	G	1.072788E-4	41.0	0.0054414105	0.9927316	45.64524	0.29145062	0.08592046	68.0	0.0
SPIKE	S4:G>T	3	110781	2.7080456E-5	-1.0	40.0	TRUE	G	3.0395306E-5	11.0	0.0066056014	0.99793524	30.134415	0.30814663	0.06669216	68.0	0.0
SPIKE	S5:T>A	6	110840	5.413208E-5	19.311188	40.0	TRUE	T	4.6640318E-5	1.0	0.010317853	0.9968335	19.409641	0.26911923	0.07028415	68.0	1.0
SPIKE	S5:T>G	2	110840	1.8044027E-5	3.9120662	40.0	TRUE	T	1.5738423E-4	60.0	0.00575932	0.9893549	51.97788	0.2924253	0.06794978	68.0	0.0
SPIKE	S5:T>C	70	110840	6.3154096E-4	188.68658	40.0	TRUE	T	2.0835061E-4	113.0	0.004211921	0.98593205	97.00501	0.2052324	0.090378314	68.0	0.0
SPIKE	S6:G>A	67	110893	6.0418603E-4	207.7107	40.0	TRUE	G	8.499011E-5	51.0	0.0050272876	0.99423736	82.568695	0.1857339	0.09101097	68.0	0.0
SPIKE	S6:G>C	1	110893	9.017702E-6	4.2596874	40.0	TRUE	G	1.1943333E-4	0.0	0.0054414105	0.9919114	45.691387	0.29145062	0.08592046	68.0	1.0
SPIKE	S6:G>T	1	110893	9.017702E-6	4.2596874	40.0	TRUE	G	1.1593759E-4	42.0	0.0066056014	0.99214727	30.16488	0.30814663	0.06669216	68.0	0.0
SPIKE	S7:A>G	25	110931	2.2536532E-4	76.50689	40.0	TRUE	A	1.1937479E-4	80.0	0.004946685	0.99191535	97.084656	0.16635245	0.079711884	68.0	0.0
SPIKE	S7:A>C	12	110931	1.0817535E-4	37.372986	40.0	TRUE	A	5.762314E-5	1.0	0.017859023	0.9960893	52.020554	0.1251126	0.08730984	68.0	1.0
SPIKE	D7-8:A>	101	110931	9.104759E-4	-1.0	39.999676	TRUE		NaN	NaN	NaN	NaN	NaN	NaN	NaN	NaN	NaN
SPIKE	I7:>A	4	110931	3.605845E-5	-1.0	39.999676	TRUE		NaN	NaN	NaN	NaN	NaN	NaN	NaN	NaN	NaN
SPIKE	S7:A>T	0	110931	0.0	-1.0	0.0	TRUE	A	4.7748024E-5	4.0	0.009102906	0.9967584	19.425577	0.275173	0.07746361	68.0	1.0
SPIKE	S8:A>G	40	110940	3.6055525E-4	108.40486	40.0	TRUE	A	1.5069844E-4	101.0	0.004946685	0.9898048	97.09254	0.16635245	0.079711884	68.0	0.0
SPIKE	S8:A>C	14	110940	1.2619434E-4	43.393585	40.0	TRUE	A	5.762314E-5	1.0	0.017859023	0.9960893	52.024773	0.1251126	0.08730984	68.0	1.0
SPIKE	S8:A>T	1	110940	9.013881E-6	4.2596874	40.0	TRUE	A	4.7748024E-5	2.0	0.009102906	0.9967584	19.427153	0.275173	0.07746361	68.0	1.0
SPIKE	I9:>G	1	110947	9.013313E-6	-1.0	39.980938	TRUE		NaN	NaN	NaN	NaN	NaN	NaN	NaN	NaN	NaN
SPIKE	S9:G>A	44	110947	3.9658576E-4	120.05395	40.0	TRUE	G	1.5990352E-4	96.0	0.0050272876	0.98918545	82.6089	0.1857339	0.09101097	68.0	0.0
SPIKE	S9:G>C	1	110947	9.013313E-6	4.2596874	40.0	TRUE	G	1.1943333E-4	0.0	0.0054414105	0.9919114	45.713634	0.29145062	0.08592046	68.0	1.0
SPIKE	S9:G>T	3	110947	2.7039938E-5	10.280287	40.0	TRUE	G	8.32677E-5	2.0	0.0066056014	0.9943538	30.17957	0.30814663	0.06669216	68.0	1.0
SPIKE	D9-10:G>	42	110947	3.7855914E-4	-1.0	39.980938	TRUE		NaN	NaN	NaN	NaN	NaN	NaN	NaN	NaN	NaN
SPIKE	D9-11:GA>	9	110947	8.111981E-5	-1.0	39.980938	TRUE		NaN	NaN	NaN	NaN	NaN	NaN	NaN	NaN	NaN
SPIKE	S10:A>G	57	110948	5.137542E-4	146.38963	40.0	TRUE	A	2.6258428E-4	176.0	0.004946685	0.9823027	97.09953	0.16635245	0.079711884	68.0	0.0
SPIKE	S10:A>C	6	110948	5.4079388E-5	-1.0	40.0	TRUE	A	1.2182827E-5	11.0	0.017859023	0.9991719	52.028526	0.1251126	0.08730984	68.0	0.0
SPIKE	D10-11:A>	23	110948	2.0730433E-4	-1.0	39.986897	TRUE		NaN	NaN	NaN	NaN	NaN	NaN	NaN	NaN	NaN
SPIKE	I10:>A	1	110948	9.013232E-6	-1.0	39.986897	TRUE		NaN	NaN	NaN	NaN	NaN	NaN	NaN	NaN	NaN
SPIKE	D10-12:AC>	1	110948	9.013232E-6	-1.0	39.986897	TRUE		NaN	NaN	NaN	NaN	NaN	NaN	NaN	NaN	NaN
SPIKE	S10:A>T	0	110948	0.0	-1.0	0.0	TRUE	A	4.7748024E-5	1.0	0.009102906	0.9967584	19.428555	0.275173	0.07746361	68.0	1.0
SPIKE	S11:C>G	4	110949	3.60526E-5	-1.0	40.0	TRUE	C	2.8583978E-5	11.0	0.0037632233	0.9980582	45.71446	0.28939486	0.12624682	68.0	0.0
SPIKE	S11:C>T	51	110949	4.5967067E-4	129.18161	40.0	TRUE	C	2.0288111E-4	117.0	0.0040307296	0.9862988	82.61039	0.19316712	0.09145571	68.0	0.0
SPIKE	D11-13:CG>	1	110949	9.01315E-6	-1.0	39.982666	TRUE		NaN	NaN	NaN	NaN	NaN	NaN	NaN	NaN	NaN
SPIKE	D11-12:C>	44	110949	3.965786E-4	-1.0	39.982666	TRUE		NaN	NaN	NaN	NaN	NaN	NaN	NaN	NaN	NaN
SPIKE	S11:C>A	0	110949	0.0	-1.0	0.0	TRUE	C	6.339957E-5	42.0	0.014614143	0.9956981	30.180115	0.1699629	0.11662325	68.0	0.0
SPIKE	I12:>G	2	110952	1.8025812E-5	-1.0	39.984634	TRUE		NaN	NaN	NaN	NaN	NaN	NaN	NaN	NaN	NaN
SPIKE	S12:G>A	42	110952	3.7854208E-4	127.681984	40.0	TRUE	G	7.994816E-5	48.0	0.0050272876	0.9945783	82.612625	0.1857339	0.09101097	68.0	0.0
SPIKE	S12:G>T	2	110952	1.8025812E-5	7.269987	40.0	TRUE	G	8.32677E-5	2.0	0.0066056014	0.9943538	30.18093	0.30814663	0.06669216	68.0	1.0
SPIKE	D12-13:G>	36	110952	3.2446464E-4	-1.0	39.984634	TRUE		NaN	NaN	NaN	NaN	NaN	NaN	NaN	NaN	NaN
SPIKE	D12-14:GA>	3	110952	2.7038719E-5	-1.0	39.984634	TRUE		NaN	NaN	NaN	NaN	NaN	NaN	NaN	NaN	NaN
SPIKE	S12:G>C	0	110952	0.0	-1.0	0.0	TRUE	G	1.0450094E-4	40.0	0.0054414105	0.99291915	45.7157	0.29145062	0.08592046	68.0	0.0
SPIKE	S13:A>G	63	110953	5.67808E-4	143.78299	40.0	TRUE	A	4.2518834E-4	285.0	0.004946685	0.9715012	97.10391	0.16635245	0.079711884	68.0	0.0
SPIKE	S13:A>C	10	110953	9.0128255E-5	-1.0	40.0	TRUE	A	1.6612197E-5	15.0	0.017859023	0.998871	52.03087	0.1251126	0.08730984	68.0	0.0
SPIKE	S13:A>T	5	110953	4.5064127E-5	16.300888	40.0	TRUE	A	4.7748024E-5	9.0	0.009102906	0.9967584	19.42943	0.275173	0.07746361	68.0	1.0
SPIKE	D13-14:A>	21	110953	1.8926933E-4	-1.0	39.990562	TRUE		NaN	NaN	NaN	NaN	NaN	NaN	NaN	NaN	NaN
SPIKE	D14-16:CA>	8	110954	7.210195E-5	-1.0	39.984055	TRUE		NaN	NaN	NaN	NaN	NaN	NaN	NaN	NaN	NaN
SPIKE	S14:C>G	2	110954	1.8025488E-5	7.269987	40.0	TRUE	C	1.1879102E-4	0.0	0.0037632233	0.99195474	45.716522	0.28939486	0.12624682	68.0	1.0
SPIKE	S14:C>T	27	110954	2.4334408E-4	82.52749	40.0	TRUE	C	9.016532E-5	52.0	0.0040307296	0.99388754	82.61411	0.19316712	0.09145571	68.0	0.0
SPIKE	D14-15:C>	33	110954	2.9742054E-4	-1.0	39.984055	TRUE		NaN	NaN	NaN	NaN	NaN	NaN	NaN	NaN	NaN
SPIKE	S14:C>A	0	110954	0.0	-1.0	0.0	TRUE	C	7.698173E-5	51.0	0.014614143	0.99477893	30.181475	0.1699629	0.11662325	68.0	0.0
SPIKE	S15:A>G	39	110954	3.5149703E-4	105.49838	40.0	TRUE	A	1.4769567E-4	99.0	0.004946685	0.990007	97.10479	0.16635245	0.079711884	68.0	0.0
SPIKE	S15:A>C	10	110954	9.012744E-5	31.352386	40.0	TRUE	A	6.0910843E-5	55.0	0.017859023	0.99586666	52.031338	0.1251126	0.08730984	68.0	0.0
SPIKE	D15-16:A>	29	110954	2.6136957E-4	-1.0	39.98609	TRUE		NaN	NaN	NaN	NaN	NaN	NaN	NaN	NaN	NaN
SPIKE	I15:>A	1	110954	9.012744E-6	-1.0	39.98609	TRUE		NaN	NaN	NaN	NaN	NaN	NaN	NaN	NaN	NaN
SPIKE	S15:A>T	0	110954	0.0	-1.0	0.0	TRUE	A	4.7748024E-5	0.0	0.009102906	0.9967584	19.429605	0.275173	0.07746361	68.0	1.0
SPIKE	S16:G>A	50	110954	4.506372E-4	137.5869	40.0	TRUE	G	1.4823454E-4	89.0	0.0050272876	0.9899707	82.61411	0.1857339	0.09101097	68.0	0.0
SPIKE	S16:G>T	1	110954	9.012744E-6	4.2596874	40.0	TRUE	G	8.32677E-5	1.0	0.0066056014	0.9943538	30.181475	0.30814663	0.06669216	68.0	1.0
SPIKE	S16:G>C	1	110954	9.012744E-6	4.2596874	40.0	TRUE	G	1.1943333E-4	2.0	0.0054414105	0.9919114	45.716522	0.29145062	0.08592046	68.0	1.0
SPIKE	D16-17:G>	19	110954	1.7124214E-4	-1.0	39.991665	TRUE		NaN	NaN	NaN	NaN	NaN	NaN	NaN	NaN	NaN
SPIKE	D16-18:GA>	1	110954	9.012744E-6	-1.0	39.991665	TRUE		NaN	NaN	NaN	NaN	NaN	NaN	NaN	NaN	NaN
SPIKE	S17:A>G	86	110954	7.75096E-4	203.28294	40.0	TRUE	A	4.6994077E-4	315.0	0.004946685	0.96854925	97.10479	0.16635245	0.079711884	68.0	0.0
SPIKE	S17:A>T	9	110954	8.11147E-5	-1.0	40.0	TRUE	A	2.4574882E-5	10.0	0.009102906	0.9983303	19.429605	0.275173	0.07746361	68.0	0.0
SPIKE	S17:A>C	5	110954	4.506372E-5	-1.0	40.0	TRUE	A	1.5504578E-5	14.0	0.017859023	0.99894625	52.031338	0.1251126	0.08730984	68.0	0.0
SPIKE	D17-18:A>	42	110954	3.7853525E-4	-1.0	39.999172	TRUE		NaN	NaN	NaN	NaN	NaN	NaN	NaN	NaN	NaN
SPIKE	S18:A>G	54	110954	4.8668816E-4	149.35994	40.0	TRUE	A	1.9841944E-4	133.0	0.004946685	0.9865981	97.10479	0.16635245	0.079711884	68.0	0.0
SPIKE	S18:A>T	3	110954	2.7038232E-5	10.280287	40.0	TRUE	A	4.7748024E-5	0.0	0.009102906	0.9967584	19.429605	0.275173	0.07746361	68.0	1.0
SPIKE	S18:A>C	26	110954	2.3433134E-4	79.51719	40.0	TRUE	A	5.762314E-5	8.0	0.017859023	0.9960893	52.031338	0.1251126	0.08730984	68.0	1.0
SPIKE	S19:C>G	2	110954	1.8025488E-5	7.269987	40.0	TRUE	C	1.1879102E-4	0.0	0.0037632233	0.99195474	45.716522	0.28939486	0.12624682	68.0	1.0
SPIKE	S19:C>T	49	110954	4.4162446E-4	134.66039	40.0	TRUE	C	1.5085352E-4	87.0	0.0040307296	0.9897944	82.61411	0.19316712	0.09145571	68.0	0.0
SPIKE	S19:C>A	0	110954	0.0	-1.0	0.0	TRUE	C	5.2830597E-5	35.0	0.014614143	0.99641395	30.181475	0.1699629	0.11662325	68.0	0.0
SPIKE	S20:C>G	12	110954	1.08152926E-4	37.372986	40.0	TRUE	C	1.1879102E-4	0.0	0.0037632233	0.99195474	45.716522	0.28939486	0.12624682	68.0	1.0
SPIKE	S20:C>T	42	110954	3.7853525E-4	127.681984	40.0	TRUE	C	1.0403691E-4	60.0	0.0040307296	0.99295044	82.61411	0.19316712	0.09145571	68.0	0.0
SPIKE	S20:C>A	0	110954	0.0	-1.0	0.0	TRUE	C	4.5557295E-5	8.0	0.014614143	0.9969069	30.181475	0.1699629	0.11662325	68.0	1.0
SPIKE	S21:A>G	74	110954	6.6694303E-4	189.17155	40.0	TRUE	A	2.8942386E-4	194.0	0.004946685	0.9805116	97.10479	0.16635245	0.079711884	68.0	0.0
SPIKE	S21:A>C	8	110954	7.210195E-5	25.331787	40.0	TRUE	A	7.420048E-5	67.0	0.017859023	0.9949671	52.031338	0.1251126	0.08730984	68.0	0.0
SPIKE	S21:A>T	0	110954	0.0	-1.0	0.0	TRUE	A	4.7748024E-5	2.0	0.009102906	0.9967584	19.429605	0.275173	0.07746361	68.0	1.0
SPIKE	S22:A>C	110948	110954	0.99994594	9999.0	39.9999	TRUE	C	5.762314E-5	0.0	0.017859023	0.9960893	52.031338	0.1251126	0.08730984	68.0	1.0
SPIKE	S22:A>G	0	110954	0.0	-1.0	0.0	TRUE	C	1.4486825E-4	0.0	0.004946685	0.9901973	97.10479	0.16635245	0.079711884	68.0	1.0
SPIKE	S22:A>T	0	110954	0.0	-1.0	0.0	TRUE	C	4.7748024E-5	0.0	0.009102906	0.9967584	19.429605	0.275173	0.07746361	68.0	1.0
SPIKE	S23:A>G	0	110954	0.0	-1.0	0.0	TRUE	A	1.4486825E-4	0.0	0.004946685	0.9901973	97.10479	0.16635245	0.079711884	68.0	1.0
SPIKE	S23:A>C	0	110954	0.0	-1.0	0.0	TRUE	A	5.4266024E-5	49.0	0.017859023	0.99631673	52.031338	0.1251126	0.08730984	68.0	0.0
SPIKE	S23:A>T	0	110954	0.0	-1.0	0.0	TRUE	A	4.7748024E-5	0.0	0.009102906	0.9967584	19.429605	0.275173	0.07746361	68.0	1.0
SPIKE	S24:A>G	0	110954	0.0	-1.0	0.0	TRUE	A	1.4486825E-4	7.0	0.004946685	0.9901973	97.10479	0.16635245	0.079711884	68.0	1.0
SPIKE	S24:A>C	0	110954	0.0	-1.0	0.0	TRUE	A	5.762314E-5	0.0	0.017859023	0.9960893	52.031338	0.1251126	0.08730984	68.0	1.0
SPIKE	S24:A>T	0	110954	0.0	-1.0	0.0	TRUE	A	4.7748024E-5	0.0	0.009102906	0.9967584	19.429605	0.275173	0.07746361	68.0	1.0
SPIKE	S25:A>G	110952	110954	0.999982	9999.0	39.99988	TRUE	G	1.4486825E-4	0.0	0.004946685	0.9901973	97.10479	0.16635245	0.079711884	68.0	1.0
SPIKE	S25:A>C	0	110954	0.0	-1.0	0.0	TRUE	G	5.762314E-5	0.0	0.017859023	0.9960893	52.031338	0.1251126	0.08730984	68.0	1.0
SPIKE	S25:A>T	0	110954	0.0	-1.0	0.0	TRUE	G	4.7748024E-5	7.0	0.009102906	0.9967584	19.429605	0.275173	0.07746361	68.0	1.0
SPIKE	S26:T>G	2	110954	1.8025488E-5	3.9120662	40.0	TRUE	T	1.5198177E-4	58.0	0.00575932	0.98971844	52.031338	0.2924253	0.06794978	68.0	0.0
SPIKE	S26:T>A	1	110954	9.012744E-6	4.2596874	40.0	TRUE	T	4.6640318E-5	1.0	0.010317853	0.9968335	19.429605	0.26911923	0.07028415	68.0	1.0
SPIKE	S26:T>C	69	110954	6.2187936E-4	185.79863	40.0	TRUE	T	2.5971018E-4	141.0	0.004211921	0.9824947	97.10479	0.2052324	0.090378314	68.0	0.0
SPIKE	S27:G>A	27	110954	2.4334408E-4	82.52749	40.0	TRUE	G	5.6628924E-5	34.0	0.0050272876	0.99615663	82.61411	0.1857339	0.09101097	68.0	0.0
SPIKE	D27-28:G>	4	110954	3.6050977E-5	-1.0	39.99975	TRUE		NaN	NaN	NaN	NaN	NaN	NaN	NaN	NaN	NaN
SPIKE	S27:G>C	0	110954	0.0	-1.0	0.0	TRUE	G	1.1943333E-4	0.0	0.0054414105	0.9919114	45.716522	0.29145062	0.08592046	68.0	1.0
SPIKE	S27:G>T	0	110954	0.0	-1.0	0.0	TRUE	G	1.0207935E-4	37.0	0.0066056014	0.99308264	30.181475	0.30814663	0.06669216	68.0	0.0
SPIKE	S28:G>A	35	110954	3.1544603E-4	106.609886	40.0	TRUE	G	8.827449E-5	53.0	0.0050272876	0.99401534	82.61411	0.1857339	0.09101097	68.0	0.0
SPIKE	S28:G>C	0	110954	0.0	-1.0	0.0	TRUE	G	1.1943333E-4	0.0	0.0054414105	0.9919114	45.716522	0.29145062	0.08592046	68.0	1.0
SPIKE	S28:G>T	0	110954	0.0	-1.0	0.0	TRUE	G	8.32677E-5	1.0	0.0066056014	0.9943538	30.181475	0.30814663	0.06669216	68.0	1.0
SPIKE	S29:G>A	27	110954	2.4334408E-4	82.52749	40.0	TRUE	G	7.495005E-5	45.0	0.0050272876	0.9949164	82.61411	0.1857339	0.09101097	68.0	0.0
SPIKE	S29:G>T	1	110954	9.012744E-6	4.2596874	40.0	TRUE	G	8.32677E-5	0.0	0.0066056014	0.9943538	30.181475	0.30814663	0.06669216	68.0	1.0
SPIKE	S29:G>C	0	110954	0.0	-1.0	0.0	TRUE	G	1.1943333E-4	0.0	0.0054414105	0.9919114	45.716522	0.29145062	0.08592046	68.0	1.0
SPIKE	S30:A>G	62	110954	5.587901E-4	158.5904	40.0	TRUE	A	2.6406196E-4	177.0	0.004946685	0.982204	97.10479	0.16635245	0.079711884	68.0	0.0
SPIKE	S30:A>T	2	110954	1.8025488E-5	7.269987	40.0	TRUE	A	4.7748024E-5	8.0	0.009102906	0.9967584	19.429605	0.275173	0.07746361	68.0	1.0
SPIKE	S30:A>C	4	110954	3.6050977E-5	13.290587	40.0	TRUE	A	5.762314E-5	7.0	0.017859023	0.9960893	52.031338	0.1251126	0.08730984	68.0	1.0
SPIKE	S31:T>G	1	110954	9.012744E-6	2.0412	40.0	TRUE	T	1.3634164E-4	5.0	0.00575932	0.9907716	52.031338	0.2924253	0.06794978	68.0	1.0
SPIKE	S31:T>A	1	110954	9.012744E-6	4.2596874	40.0	TRUE	T	8.1616214E-5	34.0	0.010317853	0.9944655	19.429605	0.26911923	0.07028415	68.0	0.0
SPIKE	S31:T>C	28	110954	2.5235684E-4	73.72888	40.0	TRUE	T	1.4366947E-4	78.0	0.004211921	0.99027807	97.10479	0.2052324	0.090378314	68.0	0.0
SPIKE	S32:C>T	20	110954	1.8025488E-4	50.97615	40.0	TRUE	C	1.2137639E-4	70.0	0.0040307296	0.9917804	82.61411	0.19316712	0.09145571	68.0	0.0
SPIKE	S32:C>A	0	110954	0.0	-1.0	0.0	TRUE	C	4.5557295E-5	1.0	0.014614143	0.9969069	30.181475	0.1699629	0.11662325	68.0	1.0
SPIKE	S32:C>G	0	110954	0.0	-1.0	0.0	TRUE	C	1.1879102E-4	0.0	0.0037632233	0.99195474	45.716522	0.28939486	0.12624682	68.0	1.0
SPIKE	S33:C>T	19	110954	1.7124214E-4	58.445087	40.0	TRUE	C	6.0688195E-5	35.0	0.0040307296	0.9958817	82.61411	0.19316712	0.09145571	68.0	0.0
SPIKE	S33:C>A	1	110954	9.012744E-6	4.2596874	40.0	TRUE	C	4.5557295E-5	7.0	0.014614143	0.9969069	30.181475	0.1699629	0.11662325	68.0	1.0
SPIKE	S33:C>G	0	110954	0.0	-1.0	0.0	TRUE	C	1.1879102E-4	0.0	0.0037632233	0.99195474	45.716522	0.28939486	0.12624682	68.0	1.0
SPIKE	S34:A>C	3	110954	2.7038232E-5	10.280287	40.0	TRUE	A	4.3191325E-5	39.0	0.017859023	0.9970673	52.031338	0.1251126	0.08730984	68.0	0.0
SPIKE	S34:A>G	24	110954	2.1630585E-4	73.49659	40.0	TRUE	A	6.1166895E-5	41.0	0.004946685	0.9958493	97.10479	0.16635245	0.079711884	68.0	0.0
SPIKE	S34:A>T	0	110954	0.0	-1.0	0.0	TRUE	A	4.7748024E-5	9.0	0.009102906	0.9967584	19.429605	0.275173	0.07746361	68.0	1.0
SPIKE	S35:T>C	48	110954	4.326117E-4	131.73553	40.0	TRUE	T	1.4366947E-4	78.0	0.004211921	0.99027807	97.10479	0.2052324	0.090378314	68.0	0.0
SPIKE	S35:T>A	3	110954	2.7038232E-5	10.280287	40.0	TRUE	T	9.6019074E-5	40.0	0.010317853	0.99349195	19.429605	0.26911923	0.07028415	68.0	0.0
SPIKE	S35:T>G	7	110954	6.308921E-5	15.631419	40.0	TRUE	T	1.3634164E-4	3.0	0.00575932	0.9907716	52.031338	0.2924253	0.06794978	68.0	1.0
SPIKE	S36:T>C	4	110954	3.6050977E-5	-1.0	40.0	TRUE	T	2.5786829E-5	14.0	0.004211921	0.99824804	97.10479	0.2052324	0.090378314	68.0	0.0
SPIKE	S36:T>A	0	110954	0.0	-1.0	0.0	TRUE	T	4.6640318E-5	7.0	0.010317853	0.9968335	19.429605	0.26911923	0.07028415	68.0	1.0
SPIKE	S36:T>G	0	110954	0.0	-1.0	0.0	TRUE	T	1.3634164E-4	0.0	0.00575932	0.9907716	52.031338	0.2924253	0.06794978	68.0	1.0
SPIKE	S37:A>G	22	110954	1.9828037E-4	67.47598	40.0	TRUE	A	5.221564E-5	35.0	0.004946685	0.9964556	97.10479	0.16635245	0.079711884	68.0	0.0
SPIKE	S37:A>C	0	110954	0.0	-1.0	0.0	TRUE	A	5.762314E-5	1.0	0.017859023	0.9960893	52.031338	0.1251126	0.08730984	68.0	1.0
SPIKE	S37:A>T	0	110954	0.0	-1.0	0.0	TRUE	A	9.092706E-5	37.0	0.009102906	0.99383605	19.429605	0.275173	0.07746361	68.0	0.0
SPIKE	S38:T>C	2	110954	1.8025488E-5	-1.0	40.0	TRUE	T	3.8680242E-5	21.0	0.004211921	0.9973732	97.10479	0.2052324	0.090378314	68.0	0.0
SPIKE	S38:T>A	0	110954	0.0	-1.0	0.0	TRUE	T	6.001192E-5	25.0	0.010317853	0.9959275	19.429605	0.26911923	0.07028415	68.0	0.0
SPIKE	S38:T>G	0	110954	0.0	-1.0	0.0	TRUE	T	1.3634164E-4	1.0	0.00575932	0.9907716	52.031338	0.2924253	0.06794978	68.0	1.0
SPIKE	S39:C>T	27	110954	2.4334408E-4	70.864174	40.0	TRUE	C	1.4565166E-4	84.0	0.0040307296	0.99014455	82.61411	0.19316712	0.09145571	68.0	0.0
SPIKE	S39:C>A	1	110954	9.012744E-6	4.2596874	40.0	TRUE	C	4.5557295E-5	0.0	0.014614143	0.9969069	30.181475	0.1699629	0.11662325	68.0	1.0
SPIKE	S39:C>G	0	110954	0.0	-1.0	0.0	TRUE	C	1.1879102E-4	7.0	0.0037632233	0.99195474	45.716522	0.28939486	0.12624682	68.0	1.0
SPIKE	S40:G>T	1	110954	9.012744E-6	4.2596874	40.0	TRUE	G	8.32677E-5	3.0	0.0066056014	0.9943538	30.181475	0.30814663	0.06669216	68.0	1.0
SPIKE	S40:G>A	39	110954	3.5149703E-4	105.49838	40.0	TRUE	G	1.3657563E-4	82.0	0.0050272876	0.99075586	82.61411	0.1857339	0.09101097	68.0	0.0
SPIKE	S40:G>C	0	110954	0.0	-1.0	0.0	TRUE	G	8.621172E-5	33.0	0.0054414105	0.99415475	45.716522	0.29145062	0.08592046	68.0	0.0
SPIKE	S41:G>A	31	110954	2.7939506E-4	94.56869	40.0	TRUE	G	8.4943385E-5	51.0	0.0050272876	0.9942405	82.61411	0.1857339	0.09101097	68.0	0.0
SPIKE	S41:G>C	0	110954	0.0	-1.0	0.0	TRUE	G	1.1943333E-4	7.0	0.0054414105	0.9919114	45.716522	0.29145062	0.08592046	68.0	1.0
SPIKE	S41:G>T	0	110954	0.0	-1.0	0.0	TRUE	G	8.32677E-5	4.0	0.0066056014	0.9943538	30.181475	0.30814663	0.06669216	68.0	1.0
SPIKE	S42:C>T	52	110954	4.6866268E-4	143.39166	40.0	TRUE	C	1.9246827E-4	111.0	0.0040307296	0.9869974	82.61411	0.19316712	0.09145571	68.0	0.0
SPIKE	S42:C>A	2	110954	1.8025488E-5	7.269987	40.0	TRUE	C	4.5557295E-5	4.0	0.014614143	0.9969069	30.181475	0.1699629	0.11662325	68.0	1.0
SPIKE	S42:C>G	1	110954	9.012744E-6	4.2596874	40.0	TRUE	C	9.87402E-5	38.0	0.0037632233	0.9933082	45.716522	0.28939486	0.12624682	68.0	0.0
SPIKE	S43:G>A	38	110954	3.4248427E-4	115.640785	40.0	TRUE	G	7.8281155E-5	47.0	0.0050272876	0.994691	82.61411	0.1857339	0.09101097	68.0	0.0
SPIKE	S43:G>C	0	110954	0.0	-1.0	0.0	TRUE	G	8.098677E-5	31.0	0.0054414105	0.994508	45.716522	0.29145062	0.08592046	68.0	0.0
SPIKE	S43:G>T	0	110954	0.0	-1.0	0.0	TRUE	G	8.32677E-5	0.0	0.0066056014	0.9943538	30.181475	0.30814663	0.06669216	68.0	1.0
SPIKE	S44:G>C	2	110954	1.8025488E-5	7.269987	40.0	TRUE	G	1.1943333E-4	8.0	0.0054414105	0.9919114	45.716522	0.29145062	0.08592046	68.0	1.0
SPIKE	S44:G>T	2	110954	1.8025488E-5	7.269987	40.0	TRUE	G	8.32677E-5	1.0	0.0066056014	0.9943538	30.181475	0.30814663	0.06669216	68.0	1.0
SPIKE	S44:G>A	34	110954	3.064333E-4	91.006836	40.0	TRUE	G	1.3324452E-4	80.0	0.0050272876	0.99098027	82.61411	0.1857339	0.09101097	68.0	0.0
SPIKE	S45:C>T	25	110954	2.253186E-4	76.50689	40.0	TRUE	C	7.802768E-5	45.0	0.0040307296	0.9947082	82.61411	0.19316712	0.09145571	68.0	0.0
SPIKE	S45:C>A	1	110954	9.012744E-6	4.2596874	40.0	TRUE	C	4.5557295E-5	2.0	0.014614143	0.9969069	30.181475	0.1699629	0.11662325	68.0	1.0
SPIKE	S45:C>G	0	110954	0.0	-1.0	0.0	TRUE	C	1.0653548E-4	41.0	0.0037632233	0.99278176	45.716522	0.28939486	0.12624682	68.0	0.0
SPIKE	S46:G>T	3	110954	2.7038232E-5	10.280287	40.0	TRUE	G	8.32677E-5	1.0	0.0066056014	0.9943538	30.181475	0.30814663	0.06669216	68.0	1.0
SPIKE	S46:G>A	26	110954	2.3433134E-4	79.51719	40.0	TRUE	G	7.495005E-5	45.0	0.0050272876	0.9949164	82.61411	0.1857339	0.09101097	68.0	0.0
SPIKE	S46:G>C	0	110954	0.0	-1.0	0.0	TRUE	G	8.88242E-5	34.0	0.0054414105	0.99397814	45.716522	0.29145062	0.08592046	68.0	0.0
SPIKE	S47:A>G	3	110954	2.7038232E-5	10.280287	40.0	TRUE	A	6.1166895E-5	41.0	0.004946685	0.9958493	97.10479	0.16635245	0.079711884	68.0	0.0
SPIKE	S47:A>C	0	110954	0.0	-1.0	0.0	TRUE	A	5.762314E-5	2.0	0.017859023	0.9960893	52.031338	0.1251126	0.08730984	68.0	1.0
SPIKE	S47:A>T	0	110954	0.0	-1.0	0.0	TRUE	A	4.7748024E-5	0.0	0.009102906	0.9967584	19.429605	0.275173	0.07746361	68.0	1.0
SPIKE	S48:A>C	2	110954	1.8025488E-5	7.269987	40.0	TRUE	A	5.762314E-5	0.0	0.017859023	0.9960893	52.031338	0.1251126	0.08730984	68.0	1.0
SPIKE	S48:A>G	10	110954	9.012744E-5	-1.0	40.0	TRUE	A	2.3870009E-5	16.0	0.004946685	0.99837816	97.10479	0.16635245	0.079711884	68.0	0.0
SPIKE	S48:A>T	0	110954	0.0	-1.0	0.0	TRUE	A	4.7748024E-5	7.0	0.009102906	0.9967584	19.429605	0.275173	0.07746361	68.0	1.0
SPIKE	S49:T>C	11	110954	9.914018E-5	-1.0	40.0	TRUE	T	1.8419163E-5	10.0	0.004211921	0.9987483	97.10479	0.2052324	0.090378314	68.0	0.0
SPIKE	S49:T>G	4	110954	3.6050977E-5	8.284564	40.0	TRUE	T	1.3634164E-4	1.0	0.00575932	0.9907716	52.031338	0.2924253	0.06794978	68.0	1.0
SPIKE	D49-50:T>	2	110954	1.8025488E-5	-1.0	39.99972	TRUE		NaN	NaN	NaN	NaN	NaN	NaN	NaN	NaN	NaN
SPIKE	S49:T>A	0	110954	0.0	-1.0	0.0	TRUE	T	9.121812E-5	38.0	0.010317853	0.9938164	19.429605	0.26911923	0.07028415	68.0	0.0
SPIKE	S50:T>C	10	110954	9.012744E-5	-1.0	40.0	TRUE	T	2.0261079E-5	11.0	0.004211921	0.9986232	97.10479	0.2052324	0.090378314	68.0	0.0
SPIKE	S50:T>A	0	110954	0.0	-1.0	0.0	TRUE	T	4.6640318E-5	0.0	0.010317853	0.9968335	19.429605	0.26911923	0.07028415	68.0	1.0
SPIKE	S50:T>G	0	110954	0.0	-1.0	0.0	TRUE	T	1.3634164E-4	3.0	0.00575932	0.9907716	52.031338	0.2924253	0.06794978	68.0	1.0
SPIKE	S51:T>C	7	110954	6.308921E-5	15.631419	40.0	TRUE	T	1.7885889E-4	8.0	0.004211921	0.9879113	97.10479	0.2052324	0.090378314	68.0	1.0
SPIKE	S51:T>A	0	110954	0.0	-1.0	0.0	TRUE	T	4.6640318E-5	5.0	0.010317853	0.9968335	19.429605	0.26911923	0.07028415	68.0	1.0
SPIKE	S51:T>G	0	110954	0.0	-1.0	0.0	TRUE	T	1.3634164E-4	0.0	0.00575932	0.9907716	52.031338	0.2924253	0.06794978	68.0	1.0
SPIKE	S52:A>G	18	110954	1.622294E-4	55.434788	40.0	TRUE	A	6.1166895E-5	41.0	0.004946685	0.9958493	97.10479	0.16635245	0.079711884	68.0	0.0
SPIKE	S52:A>C	0	110954	0.0	-1.0	0.0	TRUE	A	5.762314E-5	7.0	0.017859023	0.9960893	52.031338	0.1251126	0.08730984	68.0	1.0
SPIKE	S52:A>T	0	110954	0.0	-1.0	0.0	TRUE	A	4.7748024E-5	8.0	0.009102906	0.9967584	19.429605	0.275173	0.07746361	68.0	1.0
SPIKE	S53:C>T	40	110954	3.6050976E-4	121.661385	40.0	TRUE	C	1.1964244E-4	69.0	0.0040307296	0.99189734	82.61411	0.19316712	0.09145571	68.0	0.0
SPIKE	S53:C>G	2	110954	1.8025488E-5	7.269987	40.0	TRUE	C	1.1879102E-4	2.0	0.0037632233	0.99195474	45.716522	0.28939486	0.12624682	68.0	1.0
SPIKE	S53:C>A	0	110954	0.0	-1.0	0.0	TRUE	C	4.5557295E-5	9.0	0.014614143	0.9969069	30.181475	0.1699629	0.11662325	68.0	1.0
SPIKE	S54:C>T	12	110954	1.08152926E-4	37.372986	40.0	TRUE	C	7.282583E-5	42.0	0.0040307296	0.9950601	82.61411	0.19316712	0.09145571	68.0	0.0
SPIKE	S54:C>A	4	110954	3.6050977E-5	13.290587	40.0	TRUE	C	4.5557295E-5	7.0	0.014614143	0.9969069	30.181475	0.1699629	0.11662325	68.0	1.0
SPIKE	S54:C>G	0	110954	0.0	-1.0	0.0	TRUE	C	1.1879102E-4	0.0	0.0037632233	0.99195474	45.716522	0.28939486	0.12624682	68.0	1.0
SPIKE	S55:A>T	5	110954	4.506372E-5	-1.0	40.0	TRUE	A	3.4404835E-5	14.0	0.009102906	0.9976632	19.429605	0.275173	0.07746361	68.0	0.0
SPIKE	S55:A>C	4	110954	3.6050977E-5	13.290587	40.0	TRUE	A	9.745735E-5	88.0	0.017859023	0.9933948	52.031338	0.1251126	0.08730984	68.0	0.0
SPIKE	S55:A>G	77	110954	6.939813E-4	187.64404	40.0	TRUE	A	4.2070888E-4	282.0	0.004946685	0.9717971	97.10479	0.16635245	0.079711884	68.0	0.0
SPIKE	D55-56:A>	1	110954	9.012744E-6	-1.0	39.996395	TRUE		NaN	NaN	NaN	NaN	NaN	NaN	NaN	NaN	NaN
SPIKE	S56:C>T	24	110954	2.1630585E-4	73.49659	40.0	TRUE	C	8.669742E-5	50.0	0.0040307296	0.9941219	82.61411	0.19316712	0.09145571	68.0	0.0
SPIKE	S56:C>G	1	110954	9.012744E-6	4.2596874	40.0	TRUE	C	1.1879102E-4	3.0	0.0037632233	0.99195474	45.716522	0.28939486	0.12624682	68.0	1.0
SPIKE	S56:C>A	1	110954	9.012744E-6	-1.0	40.0	TRUE	C	2.7170021E-5	18.0	0.014614143	0.99815416	30.181475	0.1699629	0.11662325	68.0	0.0
SPIKE	S57:C>T	25	110954	2.253186E-4	76.50689	40.0	TRUE	C	8.3229526E-5	48.0	0.0040307296	0.9943564	82.61411	0.19316712	0.09145571	68.0	0.0
SPIKE	S57:C>A	4	110954	3.6050977E-5	13.290587	40.0	TRUE	C	4.5557295E-5	6.0	0.014614143	0.9969069	30.181475	0.1699629	0.11662325	68.0	1.0
SPIKE	S57:C>G	0	110954	0.0	-1.0	0.0	TRUE	C	1.1879102E-4	0.0	0.0037632233	0.99195474	45.716522	0.28939486	0.12624682	68.0	1.0
SPIKE	S58:A>T	1	110954	9.012744E-6	4.2596874	40.0	TRUE	A	4.7748024E-5	7.0	0.009102906	0.9967584	19.429605	0.275173	0.07746361	68.0	1.0
SPIKE	S58:A>C	2	110954	1.8025488E-5	-1.0	40.0	TRUE	A	3.8761445E-5	35.0	0.017859023	0.9973677	52.031338	0.1251126	0.08730984	68.0	0.0
SPIKE	S58:A>G	52	110954	4.6866268E-4	143.39166	40.0	TRUE	A	1.2979317E-4	87.0	0.004946685	0.9912129	97.10479	0.16635245	0.079711884	68.0	0.0
SPIKE	S59:T>C	41	110954	3.6952252E-4	111.31377	40.0	TRUE	T	1.5472097E-4	84.0	0.004211921	0.98953414	97.10479	0.2052324	0.090378314	68.0	0.0
SPIKE	S59:T>G	1	110954	9.012744E-6	2.0412	40.0	TRUE	T	1.3634164E-4	2.0	0.00575932	0.9907716	52.031338	0.2924253	0.06794978	68.0	1.0
SPIKE	S59:T>A	0	110954	0.0	-1.0	0.0	TRUE	T	8.1616214E-5	34.0	0.010317853	0.9944655	19.429605	0.26911923	0.07028415	68.0	0.0
SPIKE	S60:T>C	20	110954	1.8025488E-4	61.455387	40.0	TRUE	T	4.420599E-5	24.0	0.004211921	0.9969985	97.10479	0.2052324	0.090378314	68.0	0.0
SPIKE	S60:T>A	0	110954	0.0	-1.0	0.0	TRUE	T	4.6640318E-5	0.0	0.010317853	0.9968335	19.429605	0.26911923	0.07028415	68.0	1.0
SPIKE	S60:T>G	0	110954	0.0	-1.0	0.0	TRUE	T	1.3634164E-4	5.0	0.00575932	0.9907716	52.031338	0.2924253	0.06794978	68.0	1.0
SPIKE	S61:G>C	1	110954	9.012744E-6	4.2596874	40.0	TRUE	G	1.1943333E-4	0.0	0.0054414105	0.9919114	45.716522	0.29145062	0.08592046	68.0	1.0
SPIKE	S61:G>A	16	110954	1.442039E-4	49.41419	40.0	TRUE	G	5.6628924E-5	34.0	0.0050272876	0.99615663	82.61411	0.1857339	0.09101097	68.0	0.0
SPIKE	S61:G>T	0	110954	0.0	-1.0	0.0	TRUE	G	8.276704E-5	30.0	0.0066056014	0.9943876	30.181475	0.30814663	0.06669216	68.0	0.0
SPIKE	S62:A>G	8	110954	7.210195E-5	25.331787	40.0	TRUE	A	6.564252E-5	44.0	0.004946685	0.9955463	97.10479	0.16635245	0.079711884	68.0	0.0
SPIKE	D62-63:A>	17	110954	1.5321665E-4	-1.0	39.999386	TRUE		NaN	NaN	NaN	NaN	NaN	NaN	NaN	NaN	NaN
SPIKE	S62:A>C	0	110954	0.0	-1.0	0.0	TRUE	A	5.762314E-5	1.0	0.017859023	0.9960893	52.031338	0.1251126	0.08730984	68.0	1.0
SPIKE	S62:A>T	0	110954	0.0	-1.0	0.0	TRUE	A	4.7748024E-5	0.0	0.009102906	0.9967584	19.429605	0.275173	0.07746361	68.0	1.0
SPIKE	S63:A>T	1	110954	9.012744E-6	4.2596874	40.0	TRUE	A	4.7748024E-5	0.0	0.009102906	0.9967584	19.429605	0.275173	0.07746361	68.0	1.0
SPIKE	S63:A>G	12	110954	1.08152926E-4	-1.0	40.0	TRUE	A	2.2378132E-5	15.0	0.004946685	0.9984794	97.10479	0.16635245	0.079711884	68.0	0.0
SPIKE	S63:A>C	0	110954	0.0	-1.0	0.0	TRUE	A	5.762314E-5	1.0	0.017859023	0.9960893	52.031338	0.1251126	0.08730984	68.0	1.0
SPIKE	S64:A>G	36	110954	3.244588E-4	109.620186	40.0	TRUE	A	8.50369E-5	57.0	0.004946685	0.9942342	97.10479	0.16635245	0.079711884	68.0	0.0
SPIKE	S64:A>C	2	110954	1.8025488E-5	7.269987	40.0	TRUE	A	5.762314E-5	7.0	0.017859023	0.9960893	52.031338	0.1251126	0.08730984	68.0	1.0
SPIKE	S64:A>T	0	110954	0.0	-1.0	0.0	TRUE	A	4.7748024E-5	3.0	0.009102906	0.9967584	19.429605	0.275173	0.07746361	68.0	1.0
SPIKE	S65:A>G	68	110954	6.128666E-4	182.91243	40.0	TRUE	A	2.4019195E-4	161.0	0.004946685	0.98379964	97.10479	0.16635245	0.079711884	68.0	0.0
SPIKE	S65:A>C	12	110954	1.08152926E-4	37.372986	40.0	TRUE	A	8.527518E-5	77.0	0.017859023	0.99421805	52.031338	0.1251126	0.08730984	68.0	0.0
SPIKE	S65:A>T	2	110954	1.8025488E-5	7.269987	40.0	TRUE	A	4.7748024E-5	2.0	0.009102906	0.9967584	19.429605	0.275173	0.07746361	68.0	1.0
SPIKE	S66:C>T	34	110954	3.064333E-4	103.59959	40.0	TRUE	C	6.589004E-5	38.0	0.0040307296	0.9955295	82.61411	0.19316712	0.09145571	68.0	0.0
SPIKE	S66:C>A	0	110954	0.0	-1.0	0.0	TRUE	C	1.9622794E-5	13.0	0.014614143	0.9986665	30.181475	0.1699629	0.11662325	68.0	0.0
SPIKE	S66:C>G	0	110954	0.0	-1.0	0.0	TRUE	C	1.1879102E-4	0.0	0.0037632233	0.99195474	45.716522	0.28939486	0.12624682	68.0	1.0
SPIKE	S67:C>T	26	110954	2.3433134E-4	79.51719	40.0	TRUE	C	4.334871E-5	25.0	0.0040307296	0.9970566	82.61411	0.19316712	0.09145571	68.0	0.0
SPIKE	S67:C>A	0	110954	0.0	-1.0	0.0	TRUE	C	4.0755032E-5	27.0	0.014614143	0.9972325	30.181475	0.1699629	0.11662325	68.0	0.0
SPIKE	S67:C>G	0	110954	0.0	-1.0	0.0	TRUE	C	1.1879102E-4	0.0	0.0037632233	0.99195474	45.716522	0.28939486	0.12624682	68.0	1.0
SPIKE	S68:A>G	80	110954	7.210195E-4	206.24324	40.0	TRUE	A	3.4163948E-4	229.0	0.004946685	0.9770363	97.10479	0.16635245	0.079711884	68.0	0.0
SPIKE	S68:A>C	12	110954	1.08152926E-4	-1.0	40.0	TRUE	A	2.7686747E-5	25.0	0.017859023	0.99811906	52.031338	0.1251126	0.08730984	68.0	0.0
SPIKE	S68:A>T	5	110954	4.506372E-5	16.300888	40.0	TRUE	A	4.7748024E-5	7.0	0.009102906	0.9967584	19.429605	0.275173	0.07746361	68.0	1.0
SPIKE	S69:G>A	28	110954	2.5235684E-4	85.53779	40.0	TRUE	G	8.161227E-5	49.0	0.0050272876	0.9944657	82.61411	0.1857339	0.09101097	68.0	0.0
SPIKE	S69:G>C	1	110954	9.012744E-6	4.2596874	40.0	TRUE	G	6.792439E-5	26.0	0.0054414105	0.9953918	45.716522	0.29145062	0.08592046	68.0	0.0
SPIKE	S69:G>T	1	110954	9.012744E-6	4.2596874	40.0	TRUE	G	8.32677E-5	2.0	0.0066056014	0.9943538	30.181475	0.30814663	0.06669216	68.0	1.0
SPIKE	S70:C>T	42	110954	3.7853525E-4	114.22498	40.0	TRUE	C	1.9073432E-4	110.0	0.0040307296	0.98711383	82.61411	0.19316712	0.09145571	68.0	0.0
SPIKE	S70:C>A	0	110954	0.0	-1.0	0.0	TRUE	C	4.5557295E-5	0.0	0.014614143	0.9969069	30.181475	0.1699629	0.11662325	68.0	1.0
SPIKE	S70:C>G	0	110954	0.0	-1.0	0.0	TRUE	C	1.1879102E-4	6.0	0.0037632233	0.99195474	45.716522	0.28939486	0.12624682	68.0	1.0
SPIKE	S71:C>A	1	110954	9.012744E-6	4.2596874	40.0	TRUE	C	4.5557295E-5	3.0	0.014614143	0.9969069	30.181475	0.1699629	0.11662325	68.0	1.0
SPIKE	S71:C>T	31	110954	2.7939506E-4	82.3502	40.0	TRUE	C	1.3698192E-4	79.0	0.0040307296	0.9907285	82.61411	0.19316712	0.09145571	68.0	0.0
SPIKE	S71:C>G	0	110954	0.0	-1.0	0.0	TRUE	C	6.236223E-5	24.0	0.0037632233	0.99576837	45.716522	0.28939486	0.12624682	68.0	0.0
SPIKE	S72:G>A	33	110954	2.9742054E-4	88.11774	40.0	TRUE	G	1.3491008E-4	81.0	0.0050272876	0.9908681	82.61411	0.1857339	0.09101097	68.0	0.0
SPIKE	S72:G>T	1	110954	9.012744E-6	4.2596874	40.0	TRUE	G	4.9660222E-5	18.0	0.0066056014	0.9966288	30.181475	0.30814663	0.06669216	68.0	0.0
SPIKE	S72:G>C	0	110954	0.0	-1.0	0.0	TRUE	G	1.1943333E-4	7.0	0.0054414105	0.9919114	45.716522	0.29145062	0.08592046	68.0	1.0
SPIKE	S73:T>A	3	110954	2.7038232E-5	10.280287	40.0	TRUE	T	4.6640318E-5	1.0	0.010317853	0.9968335	19.429605	0.26911923	0.07028415	68.0	1.0
SPIKE	S73:T>G	6	110954	5.4076463E-5	19.311188	40.0	TRUE	T	1.0743539E-4	41.0	0.00575932	0.992721	52.031338	0.2924253	0.06794978	68.0	0.0
SPIKE	S73:T>C	95	110954	8.562107E-4	238.28337	40.0	TRUE	T	3.6654135E-4	199.0	0.004211921	0.9753832	97.10479	0.2052324	0.090378314	68.0	0.0
SPIKE	S74:G>A	20	110954	1.8025488E-4	61.455387	40.0	TRUE	G	4.4970027E-5	27.0	0.0050272876	0.9969467	82.61411	0.1857339	0.09101097	68.0	0.0
SPIKE	S74:G>C	0	110954	0.0	-1.0	0.0	TRUE	G	1.1943333E-4	0.0	0.0054414105	0.9919114	45.716522	0.29145062	0.08592046	68.0	1.0
SPIKE	S74:G>T	0	110954	0.0	-1.0	0.0	TRUE	G	8.32677E-5	6.0	0.0066056014	0.9943538	30.181475	0.30814663	0.06669216	68.0	1.0
SPIKE	S75:G>A	24	110954	2.1630585E-4	73.49659	40.0	TRUE	G	7.495005E-5	45.0	0.0050272876	0.9949164	82.61411	0.1857339	0.09101097	68.0	0.0
SPIKE	S75:G>C	0	110954	0.0	-1.0	0.0	TRUE	G	1.1943333E-4	0.0	0.0054414105	0.9919114	45.716522	0.29145062	0.08592046	68.0	1.0
SPIKE	S75:G>T	0	110954	0.0	-1.0	0.0	TRUE	G	4.9660222E-5	18.0	0.0066056014	0.9966288	30.181475	0.30814663	0.06669216	68.0	0.0
SPIKE	S76:T>A	3	110954	2.7038232E-5	10.280287	40.0	TRUE	T	4.6640318E-5	1.0	0.010317853	0.9968335	19.429605	0.26911923	0.07028415	68.0	1.0
SPIKE	S76:T>G	11	110954	9.914018E-5	34.362686	40.0	TRUE	T	6.0268634E-5	23.0	0.00575932	0.9959101	52.031338	0.2924253	0.06794978	68.0	0.0
SPIKE	S76:T>C	60	110954	5.4076465E-4	171.7956	40.0	TRUE	T	1.8050779E-4	98.0	0.004211921	0.9878005	97.10479	0.2052324	0.090378314	68.0	0.0
SPIKE	S77:T>C	12	110954	1.08152926E-4	-1.0	40.0	TRUE	T	3.499641E-5	19.0	0.004211921	0.9976231	97.10479	0.2052324	0.090378314	68.0	0.0
SPIKE	S77:T>A	0	110954	0.0	-1.0	0.0	TRUE	T	4.6640318E-5	1.0	0.010317853	0.9968335	19.429605	0.26911923	0.07028415	68.0	1.0
SPIKE	S77:T>G	0	110954	0.0	-1.0	0.0	TRUE	T	1.3634164E-4	1.0	0.00575932	0.9907716	52.031338	0.2924253	0.06794978	68.0	1.0
SPIKE	S78:T>G	2	110954	1.8025488E-5	7.269987	40.0	TRUE	T	7.599089E-5	29.0	0.00575932	0.9948459	52.031338	0.2924253	0.06794978	68.0	0.0
SPIKE	S78:T>C	4	110954	3.6050977E-5	8.284564	40.0	TRUE	T	1.7885889E-4	9.0	0.004211921	0.9879113	97.10479	0.2052324	0.090378314	68.0	1.0
SPIKE	S78:T>A	0	110954	0.0	-1.0	0.0	TRUE	T	4.6640318E-5	0.0	0.010317853	0.9968335	19.429605	0.26911923	0.07028415	68.0	1.0
SPIKE	S79:G>A	24	110954	2.1630585E-4	73.49659	40.0	TRUE	G	5.1632254E-5	31.0	0.0050272876	0.9964952	82.61411	0.1857339	0.09101097	68.0	0.0
SPIKE	S79:G>C	0	110954	0.0	-1.0	0.0	TRUE	G	8.359925E-5	32.0	0.0054414105	0.99433136	45.716522	0.29145062	0.08592046	68.0	0.0
SPIKE	S79:G>T	0	110954	0.0	-1.0	0.0	TRUE	G	8.32677E-5	5.0	0.0066056014	0.9943538	30.181475	0.30814663	0.06669216	68.0	1.0
SPIKE	S80:C>A	3	110954	2.7038232E-5	10.280287	40.0	TRUE	C	4.5557295E-5	0.0	0.014614143	0.9969069	30.181475	0.1699629	0.11662325	68.0	1.0
SPIKE	S80:C>T	39	110954	3.5149703E-4	105.49838	40.0	TRUE	C	1.9940406E-4	115.0	0.0040307296	0.98653203	82.61411	0.19316712	0.09145571	68.0	0.0
SPIKE	S80:C>G	0	110954	0.0	-1.0	0.0	TRUE	C	8.574807E-5	33.0	0.0037632233	0.9941861	45.716522	0.28939486	0.12624682	68.0	0.0
SPIKE	S81:G>A	36	110954	3.244588E-4	109.620186	40.0	TRUE	G	1.0659562E-4	64.0	0.0050272876	0.9927777	82.61411	0.1857339	0.09101097	68.0	0.0
SPIKE	S81:G>T	1	110954	9.012744E-6	4.2596874	40.0	TRUE	G	8.32677E-5	0.0	0.0066056014	0.9943538	30.181475	0.30814663	0.06669216	68.0	1.0
SPIKE	S81:G>C	2	110954	1.8025488E-5	7.269987	40.0	TRUE	G	1.1943333E-4	5.0	0.0054414105	0.9919114	45.716522	0.29145062	0.08592046	68.0	1.0
SPIKE	S82:G>A	53	110954	4.7767544E-4	146.37572	40.0	TRUE	G	1.2991342E-4	78.0	0.0050272876	0.9912048	82.61411	0.1857339	0.09101097	68.0	0.0
SPIKE	S82:G>T	1	110954	9.012744E-6	4.2596874	40.0	TRUE	G	8.32677E-5	2.0	0.0066056014	0.9943538	30.181475	0.30814663	0.06669216	68.0	1.0
SPIKE	S82:G>C	1	110954	9.012744E-6	4.2596874	40.0	TRUE	G	7.0536866E-5	27.0	0.0054414105	0.995215	45.716522	0.29145062	0.08592046	68.0	0.0
SPIKE	S83:C>T	42	110954	3.7853525E-4	127.681984	40.0	TRUE	C	1.144406E-4	66.0	0.0040307296	0.99224824	82.61411	0.19316712	0.09145571	68.0	0.0
SPIKE	S83:C>A	0	110954	0.0	-1.0	0.0	TRUE	C	4.5557295E-5	2.0	0.014614143	0.9969069	30.181475	0.1699629	0.11662325	68.0	1.0
SPIKE	S83:C>G	0	110954	0.0	-1.0	0.0	TRUE	C	8.055122E-5	31.0	0.0037632233	0.9945375	45.716522	0.28939486	0.12624682	68.0	0.0
SPIKE	S84:G>A	30	110954	2.7038233E-4	91.55839	40.0	TRUE	G	8.660894E-5	52.0	0.0050272876	0.9941279	82.61411	0.1857339	0.09101097	68.0	0.0
SPIKE	S84:G>T	1	110954	9.012744E-6	4.2596874	40.0	TRUE	G	8.32677E-5	0.0	0.0066056014	0.9943538	30.181475	0.30814663	0.06669216	68.0	1.0
SPIKE	S84:G>C	0	110954	0.0	-1.0	0.0	TRUE	G	1.1943333E-4	5.0	0.0054414105	0.9919114	45.716522	0.29145062	0.08592046	68.0	1.0
SPIKE	S85:A>G	4	110954	3.6050977E-5	-1.0	40.0	TRUE	A	2.3870009E-5	16.0	0.004946685	0.99837816	97.10479	0.16635245	0.079711884	68.0	0.0
SPIKE	S85:A>C	0	110954	0.0	-1.0	0.0	TRUE	A	6.866313E-5	62.0	0.017859023	0.9953418	52.031338	0.1251126	0.08730984	68.0	0.0
SPIKE	S85:A>T	0	110954	0.0	-1.0	0.0	TRUE	A	6.1437204E-5	25.0	0.009102906	0.995831	19.429605	0.275173	0.07746361	68.0	0.0
SPIKE	S86:T>G	3	110954	2.7038232E-5	6.0206	40.0	TRUE	T	1.3634164E-4	2.0	0.00575932	0.9907716	52.031338	0.2924253	0.06794978	68.0	1.0
SPIKE	S86:T>C	31	110954	2.7939506E-4	94.56869	40.0	TRUE	T	9.209581E-5	50.0	0.004211921	0.99375707	97.10479	0.2052324	0.090378314	68.0	0.0
SPIKE	S86:T>A	0	110954	0.0	-1.0	0.0	TRUE	T	4.6640318E-5	6.0	0.010317853	0.9968335	19.429605	0.26911923	0.07028415	68.0	1.0
SPIKE	S87:T>G	2	110954	1.8025488E-5	3.9120662	40.0	TRUE	T	1.3634164E-4	7.0	0.00575932	0.9907716	52.031338	0.2924253	0.06794978	68.0	1.0
SPIKE	S87:T>C	17	110954	1.5321665E-4	-1.0	40.0	TRUE	T	3.8680242E-5	21.0	0.004211921	0.9973732	97.10479	0.2052324	0.090378314	68.0	0.0
SPIKE	S87:T>A	0	110954	0.0	-1.0	0.0	TRUE	T	4.6640318E-5	0.0	0.010317853	0.9968335	19.429605	0.26911923	0.07028415	68.0	1.0
SPIKE	S88:T>C	11	110954	9.914018E-5	-1.0	40.0	TRUE	T	2.2102995E-5	12.0	0.004211921	0.99849814	97.10479	0.2052324	0.090378314	68.0	0.0
SPIKE	S88:T>A	0	110954	0.0	-1.0	0.0	TRUE	T	7.681526E-5	32.0	0.010317853	0.9947902	19.429605	0.26911923	0.07028415	68.0	0.0
SPIKE	S88:T>G	0	110954	0.0	-1.0	0.0	TRUE	T	1.3634164E-4	0.0	0.00575932	0.9907716	52.031338	0.2924253	0.06794978	68.0	1.0
SPIKE	S89:A>G	12	110954	1.08152926E-4	-1.0	40.0	TRUE	A	2.6853759E-5	18.0	0.004946685	0.9981756	97.10479	0.16635245	0.079711884	68.0	0.0
SPIKE	S89:A>C	0	110954	0.0	-1.0	0.0	TRUE	A	5.762314E-5	2.0	0.017859023	0.9960893	52.031338	0.1251126	0.08730984	68.0	1.0
SPIKE	S89:A>T	0	110954	0.0	-1.0	0.0	TRUE	A	1.0075702E-4	41.0	0.009102906	0.99317193	19.429605	0.275173	0.07746361	68.0	0.0
SPIKE	S90:T>A	1	110954	9.012744E-6	4.2596874	40.0	TRUE	T	4.6640318E-5	5.0	0.010317853	0.9968335	19.429605	0.26911923	0.07028415	68.0	1.0
SPIKE	S90:T>C	15	110954	1.3519116E-4	46.403885	40.0	TRUE	T	1.03147315E-4	56.0	0.004211921	0.9930105	97.10479	0.2052324	0.090378314	68.0	0.0
SPIKE	S90:T>G	0	110954	0.0	-1.0	0.0	TRUE	T	1.3634164E-4	4.0	0.00575932	0.9907716	52.031338	0.2924253	0.06794978	68.0	1.0
SPIKE	S91:C>A	3	110954	2.7038232E-5	10.280287	40.0	TRUE	C	4.5557295E-5	1.0	0.014614143	0.9969069	30.181475	0.1699629	0.11662325	68.0	1.0
SPIKE	S91:C>T	25	110954	2.253186E-4	76.50689	40.0	TRUE	C	1.16174546E-4	67.0	0.0040307296	0.99213123	82.61411	0.19316712	0.09145571	68.0	0.0
SPIKE	S91:C>G	0	110954	0.0	-1.0	0.0	TRUE	C	8.314964E-5	32.0	0.0037632233	0.99436176	45.716522	0.28939486	0.12624682	68.0	0.0
SPIKE	S92:G>A	42	110954	3.7853525E-4	114.22498	40.0	TRUE	G	1.3324452E-4	80.0	0.0050272876	0.99098027	82.61411	0.1857339	0.09101097	68.0	0.0
SPIKE	S92:G>T	1	110954	9.012744E-6	4.2596874	40.0	TRUE	G	9.380264E-5	34.0	0.0066056014	0.99364173	30.181475	0.30814663	0.06669216	68.0	0.0
SPIKE	S92:G>C	0	110954	0.0	-1.0	0.0	TRUE	G	1.1943333E-4	6.0	0.0054414105	0.9919114	45.716522	0.29145062	0.08592046	68.0	1.0
SPIKE	S93:T>G	4	110954	3.6050977E-5	-1.0	40.0	TRUE	T	2.6203754E-5	10.0	0.00575932	0.9982197	52.031338	0.2924253	0.06794978	68.0	0.0
SPIKE	S93:T>A	4	110954	3.6050977E-5	13.290587	40.0	TRUE	T	4.6640318E-5	0.0	0.010317853	0.9968335	19.429605	0.26911923	0.07028415	68.0	1.0
SPIKE	S93:T>C	52	110954	4.6866268E-4	132.03407	39.98077	TRUE	T	2.2471379E-4	122.0	0.004211921	0.9848356	97.10479	0.2052324	0.090378314	68.0	0.0
SPIKE	S94:C>A	1	110954	9.012744E-6	4.2596874	40.0	TRUE	C	4.5557295E-5	0.0	0.014614143	0.9969069	30.181475	0.1699629	0.11662325	68.0	1.0
SPIKE	S94:C>T	21	110954	1.8926762E-4	64.46568	40.0	TRUE	C	9.710111E-5	56.0	0.0040307296	0.9934189	82.61411	0.19316712	0.09145571	68.0	0.0
SPIKE	S94:C>G	0	110954	0.0	-1.0	0.0	TRUE	C	8.055122E-5	31.0	0.0037632233	0.9945375	45.716522	0.28939486	0.12624682	68.0	0.0
SPIKE	S95:G>A	46	110954	4.1458622E-4	125.891014	40.0	TRUE	G	1.21585625E-4	73.0	0.0050272876	0.9917663	82.61411	0.1857339	0.09101097	68.0	0.0
SPIKE	D95-98:GTC>	2	110954	1.8025488E-5	-1.0	39.99863	TRUE		NaN	NaN	NaN	NaN	NaN	NaN	NaN	NaN	NaN
SPIKE	S95:G>C	0	110954	0.0	-1.0	0.0	TRUE	G	1.1943333E-4	5.0	0.0054414105	0.9919114	45.716522	0.29145062	0.08592046	68.0	1.0
SPIKE	S95:G>T	0	110954	0.0	-1.0	0.0	TRUE	G	8.000814E-5	29.0	0.0066056014	0.99457425	30.181475	0.30814663	0.06669216	68.0	0.0
SPIKE	S96:T>C	73	110954	6.5793033E-4	186.33385	40.0	TRUE	T	3.1496768E-4	171.0	0.004211921	0.97880995	97.10479	0.2052324	0.090378314	68.0	0.0
SPIKE	S96:T>A	2	110954	1.8025488E-5	7.269987	40.0	TRUE	T	4.6640318E-5	6.0	0.010317853	0.9968335	19.429605	0.26911923	0.07028415	68.0	1.0
SPIKE	S96:T>G	0	110954	0.0	-1.0	0.0	TRUE	T	3.1444506E-5	12.0	0.00575932	0.99786407	52.031338	0.2924253	0.06794978	68.0	0.0
SPIKE	S97:C>T	15	110954	1.3519116E-4	-1.0	40.0	TRUE	C	3.6412916E-5	21.0	0.0040307296	0.997527	82.61411	0.19316712	0.09145571	68.0	0.0
SPIKE	S97:C>A	0	110954	0.0	-1.0	0.0	TRUE	C	4.9811708E-5	33.0	0.014614143	0.9966185	30.181475	0.1699629	0.11662325	68.0	0.0
SPIKE	S97:C>G	0	110954	0.0	-1.0	0.0	TRUE	C	1.1879102E-4	0.0	0.0037632233	0.99195474	45.716522	0.28939486	0.12624682	68.0	1.0
SPIKE	S98:A>C	2	110954	1.8025488E-5	7.269987	40.0	TRUE	A	5.762314E-5	6.0	0.017859023	0.9960893	52.031338	0.1251126	0.08730984	68.0	1.0
SPIKE	S98:A>G	18	110954	1.622294E-4	55.434788	40.0	TRUE	A	1.0293941E-4	69.0	0.004946685	0.9930246	97.10479	0.16635245	0.079711884	68.0	0.0
SPIKE	D98-101:ATC>	4	110954	3.6050977E-5	-1.0	39.99762	TRUE		NaN	NaN	NaN	NaN	NaN	NaN	NaN	NaN	NaN
SPIKE	S98:A>T	0	110954	0.0	-1.0	0.0	TRUE	A	8.35546E-5	34.0	0.009102906	0.9943344	19.429605	0.275173	0.07746361	68.0	0.0
SPIKE	S99:T>C	15	110954	1.3519116E-4	46.403885	40.0	TRUE	T	1.12356895E-4	61.0	0.004211921	0.99238884	97.10479	0.2052324	0.090378314	68.0	0.0
SPIKE	S99:T>A	1	110954	9.012744E-6	4.2596874	40.0	TRUE	T	4.6640318E-5	5.0	0.010317853	0.9968335	19.429605	0.26911923	0.07028415	68.0	1.0
SPIKE	S99:T>G	0	110954	0.0	-1.0	0.0	TRUE	T	1.3634164E-4	0.0	0.00575932	0.9907716	52.031338	0.2924253	0.06794978	68.0	1.0
SPIKE	S100:C>T	45	110954	4.055735E-4	122.97151	40.0	TRUE	C	1.6299116E-4	94.0	0.0040307296	0.9889778	82.61411	0.19316712	0.09145571	68.0	0.0
SPIKE	S100:C>A	2	110954	1.8025488E-5	7.269987	40.0	TRUE	C	4.5557295E-5	6.0	0.014614143	0.9969069	30.181475	0.1699629	0.11662325	68.0	1.0
SPIKE	S100:C>G	0	110954	0.0	-1.0	0.0	TRUE	C	1.0133863E-4	39.0	0.0037632233	0.99313265	45.716522	0.28939486	0.12624682	68.0	0.0
SPIKE	S101:G>A	29	110954	2.6136957E-4	88.54809	40.0	TRUE	G	9.4936724E-5	57.0	0.0050272876	0.9935651	82.61411	0.1857339	0.09101097	68.0	0.0
SPIKE	S101:G>C	0	110954	0.0	-1.0	0.0	TRUE	G	1.1943333E-4	6.0	0.0054414105	0.9919114	45.716522	0.29145062	0.08592046	68.0	1.0
SPIKE	S101:G>T	0	110954	0.0	-1.0	0.0	TRUE	G	9.1043745E-5	33.0	0.0066056014	0.9938282	30.181475	0.30814663	0.06669216	68.0	0.0
SPIKE	S102:T>C	46	110954	4.1458622E-4	125.891014	40.0	TRUE	T	1.5472097E-4	84.0	0.004211921	0.98953414	97.10479	0.2052324	0.090378314	68.0	0.0
SPIKE	S102:T>A	1	110954	9.012744E-6	4.2596874	40.0	TRUE	T	4.6640318E-5	0.0	0.010317853	0.9968335	19.429605	0.26911923	0.07028415	68.0	1.0
SPIKE	S102:T>G	1	110954	9.012744E-6	4.2596874	40.0	TRUE	T	1.0743539E-4	41.0	0.00575932	0.992721	52.031338	0.2924253	0.06794978	68.0	0.0
SPIKE	S103:G>T	1	110954	9.012744E-6	4.2596874	40.0	TRUE	G	8.32677E-5	5.0	0.0066056014	0.9943538	30.181475	0.30814663	0.06669216	68.0	1.0
SPIKE	S103:G>A	20	110954	1.8025488E-4	61.455387	40.0	TRUE	G	4.6635585E-5	28.0	0.0050272876	0.9968338	82.61411	0.1857339	0.09101097	68.0	0.0
SPIKE	S103:G>C	0	110954	0.0	-1.0	0.0	TRUE	G	1.1943333E-4	4.0	0.0054414105	0.9919114	45.716522	0.29145062	0.08592046	68.0	1.0
SPIKE	S104:G>A	27	110954	2.4334408E-4	82.52749	40.0	TRUE	G	9.4936724E-5	57.0	0.0050272876	0.9935651	82.61411	0.1857339	0.09101097	68.0	0.0
SPIKE	S104:G>C	0	110954	0.0	-1.0	0.0	TRUE	G	6.269944E-5	24.0	0.0054414105	0.99574554	45.716522	0.29145062	0.08592046	68.0	0.0
SPIKE	S104:G>T	0	110954	0.0	-1.0	0.0	TRUE	G	8.32677E-5	0.0	0.0066056014	0.9943538	30.181475	0.30814663	0.06669216	68.0	1.0
SPIKE	S105:C>T	53	110954	4.7767544E-4	134.88	40.0	TRUE	C	2.2714725E-4	131.0	0.0040307296	0.98467267	82.61411	0.19316712	0.09145571	68.0	0.0
SPIKE	S105:C>A	4	110954	3.6050977E-5	13.290587	40.0	TRUE	C	4.5557295E-5	4.0	0.014614143	0.9969069	30.181475	0.1699629	0.11662325	68.0	1.0
SPIKE	S105:C>G	0	110954	0.0	-1.0	0.0	TRUE	C	8.314964E-5	32.0	0.0037632233	0.99436176	45.716522	0.28939486	0.12624682	68.0	0.0
SPIKE	D106-109:GGC>	1	110954	9.012744E-6	-1.0	39.998917	TRUE		NaN	NaN	NaN	NaN	NaN	NaN	NaN	NaN	NaN
SPIKE	S106:G>T	1	110954	9.012744E-6	4.2596874	40.0	TRUE	G	8.32677E-5	4.0	0.0066056014	0.9943538	30.181475	0.30814663	0.06669216	68.0	1.0
SPIKE	S106:G>A	50	110954	4.506372E-4	137.5869	40.0	TRUE	G	1.4323786E-4	86.0	0.0050272876	0.9903071	82.61411	0.1857339	0.09101097	68.0	0.0
SPIKE	S106:G>C	0	110954	0.0	-1.0	0.0	TRUE	G	1.1943333E-4	6.0	0.0054414105	0.9919114	45.716522	0.29145062	0.08592046	68.0	1.0
SPIKE	S107:G>A	49	110954	4.4162446E-4	134.66039	40.0	TRUE	G	1.8987345E-4	114.0	0.0050272876	0.9871716	82.61411	0.1857339	0.09101097	68.0	0.0
SPIKE	S107:G>C	0	110954	0.0	-1.0	0.0	TRUE	G	9.666163E-5	37.0	0.0054414105	0.99344856	45.716522	0.29145062	0.08592046	68.0	0.0
SPIKE	S107:G>T	0	110954	0.0	-1.0	0.0	TRUE	G	8.32677E-5	0.0	0.0066056014	0.9943538	30.181475	0.30814663	0.06669216	68.0	1.0
SPIKE	S108:C>T	37	110954	3.3347151E-4	99.69318	40.0	TRUE	C	1.2657823E-4	73.0	0.0040307296	0.9914296	82.61411	0.19316712	0.09145571	68.0	0.0
SPIKE	S108:C>A	0	110954	0.0	-1.0	0.0	TRUE	C	4.528337E-5	30.0	0.014614143	0.9969255	30.181475	0.1699629	0.11662325	68.0	0.0
SPIKE	S108:C>G	0	110954	0.0	-1.0	0.0	TRUE	C	1.1879102E-4	5.0	0.0037632233	0.99195474	45.716522	0.28939486	0.12624682	68.0	1.0
SPIKE	S109:A>G	16	110954	1.442039E-4	49.41419	40.0	TRUE	A	1.07415035E-4	72.0	0.004946685	0.9927224	97.10479	0.16635245	0.079711884	68.0	0.0
SPIKE	S109:A>C	0	110954	0.0	-1.0	0.0	TRUE	A	1.2182169E-5	11.0	0.017859023	0.999172	52.031338	0.1251126	0.08730984	68.0	0.0
SPIKE	S109:A>T	0	110954	0.0	-1.0	0.0	TRUE	A	4.7748024E-5	0.0	0.009102906	0.9967584	19.429605	0.275173	0.07746361	68.0	1.0
SPIKE	S110:G>C	1	110954	9.012744E-6	4.2596874	40.0	TRUE	G	8.098677E-5	31.0	0.0054414105	0.994508	45.716522	0.29145062	0.08592046	68.0	0.0
SPIKE	S110:G>A	37	110954	3.3347151E-4	112.630486	40.0	TRUE	G	9.993339E-5	60.0	0.0050272876	0.99322754	82.61411	0.1857339	0.09101097	68.0	0.0
SPIKE	S110:G>T	0	110954	0.0	-1.0	0.0	TRUE	G	8.32677E-5	8.0	0.0066056014	0.9943538	30.181475	0.30814663	0.06669216	68.0	1.0
SPIKE	S111:C>T	39	110953	3.5150017E-4	118.651085	40.0	TRUE	C	1.0577181E-4	61.0	0.0040307296	0.9928333	82.613365	0.19316712	0.09145571	68.0	0.0
SPIKE	S111:C>A	0	110953	0.0	-1.0	0.0	TRUE	C	4.5557295E-5	7.0	0.014614143	0.9969069	30.181202	0.1699629	0.11662325	68.0	1.0
SPIKE	S111:C>G	0	110953	0.0	-1.0	0.0	TRUE	C	1.0653644E-4	41.0	0.0037632233	0.9927817	45.71611	0.28939486	0.12624682	68.0	0.0
SPIKE	S112:G>A	21	110945	1.8928298E-4	64.46568	40.0	TRUE	G	9.827581E-5	59.0	0.0050272876	0.99333954	82.60741	0.1857339	0.09101097	68.0	0.0
SPIKE	S112:G>C	0	110945	0.0	-1.0	0.0	TRUE	G	1.1943333E-4	4.0	0.0054414105	0.9919114	45.71281	0.29145062	0.08592046	68.0	1.0
SPIKE	S112:G>T	0	110945	0.0	-1.0	0.0	TRUE	G	6.345988E-5	23.0	0.0066056014	0.99569404	30.179026	0.30814663	0.06669216	68.0	0.0
SPIKE	S113:T>C	66	110944	5.948947E-4	177.14546	40.0	TRUE	T	2.2473405E-4	122.0	0.004211921	0.98483425	97.09603	0.2052324	0.090378314	68.0	0.0
SPIKE	S113:T>G	5	110944	4.5067784E-5	16.300888	40.0	TRUE	T	1.02203856E-4	39.0	0.00575932	0.99307424	52.02665	0.2924253	0.06794978	68.0	0.0
SPIKE	S113:T>A	0	110944	0.0	-1.0	0.0	TRUE	T	4.6640318E-5	0.0	0.010317853	0.9968335	19.427855	0.26911923	0.07028415	68.0	1.0
SPIKE	S114:G>A	28	110944	2.5237957E-4	85.53779	40.0	TRUE	G	1.0493952E-4	63.0	0.0050272876	0.9928895	82.60667	0.1857339	0.09101097	68.0	0.0
SPIKE	S114:G>C	0	110944	0.0	-1.0	0.0	TRUE	G	2.873983E-5	11.0	0.0054414105	0.9980476	45.7124	0.29145062	0.08592046	68.0	0.0
SPIKE	S114:G>T	0	110944	0.0	-1.0	0.0	TRUE	G	8.32677E-5	4.0	0.0066056014	0.9943538	30.178755	0.30814663	0.06669216	68.0	1.0
SPIKE	S115:A>T	1	110944	9.013556E-6	-1.0	40.0	TRUE	A	2.9492516E-5	12.0	0.009102906	0.9979965	19.427855	0.275173	0.07746361	68.0	0.0
SPIKE	S115:A>C	1	110944	9.013556E-6	4.2596874	40.0	TRUE	A	5.5378485E-5	50.0	0.017859023	0.99624133	52.02665	0.1251126	0.08730984	68.0	0.0
SPIKE	S115:A>G	60	110944	5.408134E-4	171.7956	40.0	TRUE	A	1.954533E-4	131.0	0.004946685	0.9867971	97.09603	0.16635245	0.079711884	68.0	0.0
SPIKE	S116:C>T	16	110944	1.442169E-4	49.41419	40.0	TRUE	C	5.202314E-5	30.0	0.0040307296	0.99646866	82.60667	0.19316712	0.09145571	68.0	0.0
SPIKE	S116:C>A	1	110944	9.013556E-6	-1.0	40.0	TRUE	C	2.2643726E-5	15.0	0.014614143	0.9984614	30.178755	0.1699629	0.11662325	68.0	0.0
SPIKE	S116:C>G	0	110944	0.0	-1.0	0.0	TRUE	C	1.1879102E-4	0.0	0.0037632233	0.99195474	45.7124	0.28939486	0.12624682	68.0	1.0
SPIKE	S117:C>T	25	110944	2.2533891E-4	65.15026	40.0	TRUE	C	1.4219659E-4	82.0	0.0040307296	0.99037725	82.60667	0.19316712	0.09145571	68.0	0.0
SPIKE	S117:C>A	0	110944	0.0	-1.0	0.0	TRUE	C	2.7172471E-5	18.0	0.014614143	0.998154	30.178755	0.1699629	0.11662325	68.0	0.0
SPIKE	S117:C>G	0	110944	0.0	-1.0	0.0	TRUE	C	1.1879102E-4	3.0	0.0037632233	0.99195474	45.7124	0.28939486	0.12624682	68.0	1.0
SPIKE	S118:T>C	41	110944	3.695558E-4	111.31377	40.0	TRUE	T	1.3447201E-4	73.0	0.004211921	0.9908976	97.09603	0.2052324	0.090378314	68.0	0.0
SPIKE	S118:T>G	1	110944	9.013556E-6	-1.0	40.0	TRUE	T	3.144734E-5	12.0	0.00575932	0.9978639	52.02665	0.2924253	0.06794978	68.0	0.0
SPIKE	S118:T>A	5	110944	4.5067784E-5	16.300888	40.0	TRUE	T	1.00829115E-4	42.0	0.010317853	0.99316704	19.427855	0.26911923	0.07028415	68.0	0.0
SPIKE	S119:A>T	2	110944	1.8027113E-5	7.269987	40.0	TRUE	A	1.15512354E-4	47.0	0.009102906	0.99217594	19.427855	0.275173	0.07746361	68.0	0.0
SPIKE	S119:A>C	2	110944	1.8027113E-5	-1.0	40.0	TRUE	A	3.101195E-5	28.0	0.017859023	0.9978934	52.02665	0.1251126	0.08730984	68.0	0.0
SPIKE	S119:A>G	43	110944	3.8758293E-4	130.69229	40.0	TRUE	A	9.847266E-5	66.0	0.004946685	0.99332625	97.09603	0.16635245	0.079711884	68.0	0.0
SPIKE	S120:T>C	36	110944	3.2448804E-4	109.620186	40.0	TRUE	T	7.552538E-5	41.0	0.004211921	0.99487746	97.09603	0.2052324	0.090378314	68.0	0.0
SPIKE	S120:T>G	4	110944	3.6054225E-5	8.284564	40.0	TRUE	T	1.2578936E-4	48.0	0.00575932	0.9914828	52.02665	0.2924253	0.06794978	68.0	0.0
SPIKE	S120:T>A	2	110944	1.8027113E-5	7.269987	40.0	TRUE	T	4.6640318E-5	6.0	0.010317853	0.9968335	19.427855	0.26911923	0.07028415	68.0	1.0
SPIKE	S121:G>A	29	110944	2.6139314E-4	88.54809	40.0	TRUE	G	6.1631144E-5	37.0	0.0050272876	0.99581784	82.60667	0.1857339	0.09101097	68.0	0.0
SPIKE	S121:G>C	0	110944	0.0	-1.0	0.0	TRUE	G	1.1943333E-4	0.0	0.0054414105	0.9919114	45.7124	0.29145062	0.08592046	68.0	1.0
SPIKE	S121:G>T	0	110944	0.0	-1.0	0.0	TRUE	G	1.5727154E-4	57.0	0.0066056014	0.98936254	30.178755	0.30814663	0.06669216	68.0	0.0
SPIKE	S122:T>C	73	110944	6.5798964E-4	186.33385	40.0	TRUE	T	2.9104901E-4	158.0	0.004211921	0.98040324	97.09603	0.2052324	0.090378314	68.0	0.0
SPIKE	S122:T>G	7	110944	6.309489E-5	15.631419	40.0	TRUE	T	1.6247793E-4	62.0	0.00575932	0.9890123	52.02665	0.2924253	0.06794978	68.0	0.0
SPIKE	S122:T>A	1	110944	9.013556E-6	4.2596874	40.0	TRUE	T	4.6640318E-5	6.0	0.010317853	0.9968335	19.427855	0.26911923	0.07028415	68.0	1.0
SPIKE	S123:G>A	20	110944	1.8027113E-4	61.455387	40.0	TRUE	G	7.49568E-5	45.0	0.0050272876	0.9949159	82.60667	0.1857339	0.09101097	68.0	0.0
SPIKE	S123:G>C	0	110944	0.0	-1.0	0.0	TRUE	G	1.1943333E-4	8.0	0.0054414105	0.9919114	45.7124	0.29145062	0.08592046	68.0	1.0
SPIKE	S123:G>T	0	110944	0.0	-1.0	0.0	TRUE	G	1.2416174E-4	45.0	0.0066056014	0.9915925	30.178755	0.30814663	0.06669216	68.0	0.0
SPIKE	D124-126:TG>	4	110944	3.6054225E-5	-1.0	39.997025	TRUE		NaN	NaN	NaN	NaN	NaN	NaN	NaN	NaN	NaN
SPIKE	S124:T>C	57	110944	5.137727E-4	146.38963	40.0	TRUE	T	2.0262906E-4	110.0	0.004211921	0.9863157	97.09603	0.2052324	0.090378314	68.0	0.0
SPIKE	S124:T>A	1	110944	9.013556E-6	4.2596874	40.0	TRUE	T	4.6640318E-5	1.0	0.010317853	0.9968335	19.427855	0.26911923	0.07028415	68.0	1.0
SPIKE	S124:T>G	0	110944	0.0	-1.0	0.0	TRUE	T	1.546161E-4	59.0	0.00575932	0.9895412	52.02665	0.2924253	0.06794978	68.0	0.0
SPIKE	S125:G>T	1	110944	9.013556E-6	-1.0	40.0	TRUE	G	2.7591499E-5	10.0	0.0066056014	0.99812555	30.178755	0.30814663	0.06669216	68.0	0.0
SPIKE	S125:G>A	35	110944	3.1547446E-4	106.609886	40.0	TRUE	G	8.994816E-5	54.0	0.0050272876	0.9939022	82.60667	0.1857339	0.09101097	68.0	0.0
SPIKE	S125:G>C	0	110944	0.0	-1.0	0.0	TRUE	G	7.838136E-5	30.0	0.0054414105	0.9946842	45.7124	0.29145062	0.08592046	68.0	0.0
SPIKE	S126:C>T	38	110944	3.4251515E-4	102.594444	40.0	TRUE	C	1.9942204E-4	115.0	0.0040307296	0.98653084	82.60667	0.19316712	0.09145571	68.0	0.0
SPIKE	S126:C>G	1	110944	9.013556E-6	2.0412	40.0	TRUE	C	1.2993303E-4	50.0	0.0037632233	0.9912035	45.7124	0.28939486	0.12624682	68.0	0.0
SPIKE	S126:C>A	1	110944	9.013556E-6	4.2596874	40.0	TRUE	C	4.679703E-5	31.0	0.014614143	0.99682283	30.178755	0.1699629	0.11662325	68.0	0.0
SPIKE	S127:G>T	1	110944	9.013556E-6	4.2596874	40.0	TRUE	G	8.32677E-5	3.0	0.0066056014	0.9943538	30.178755	0.30814663	0.06669216	68.0	1.0
SPIKE	S127:G>A	25	110944	2.2533891E-4	76.50689	40.0	TRUE	G	8.828245E-5	53.0	0.0050272876	0.9940148	82.60667	0.1857339	0.09101097	68.0	0.0
SPIKE	S127:G>C	0	110944	0.0	-1.0	0.0	TRUE	G	4.9641527E-5	19.0	0.0054414105	0.9966301	45.7124	0.29145062	0.08592046	68.0	0.0
SPIKE	S128:G>A	32	110944	2.884338E-4	97.57899	40.0	TRUE	G	1.0660523E-4	64.0	0.0050272876	0.99277705	82.60667	0.1857339	0.09101097	68.0	0.0
SPIKE	S128:G>T	2	110944	1.8027113E-5	7.269987	40.0	TRUE	G	8.32677E-5	1.0	0.0066056014	0.9943538	30.178755	0.30814663	0.06669216	68.0	1.0
SPIKE	S128:G>C	0	110944	0.0	-1.0	0.0	TRUE	G	7.0543225E-5	27.0	0.0054414105	0.9952145	45.7124	0.29145062	0.08592046	68.0	0.0
SPIKE	S129:C>A	2	110944	1.8027113E-5	7.269987	40.0	TRUE	C	8.453657E-5	56.0	0.014614143	0.994268	30.178755	0.1699629	0.11662325	68.0	0.0
SPIKE	S129:C>T	41	110944	3.695558E-4	111.31377	40.0	TRUE	C	1.5780353E-4	91.0	0.0040307296	0.9893267	82.60667	0.19316712	0.09145571	68.0	0.0
SPIKE	S129:C>G	0	110944	0.0	-1.0	0.0	TRUE	C	1.1953839E-4	46.0	0.0037632233	0.9919043	45.7124	0.28939486	0.12624682	68.0	0.0
SPIKE	D130-133:GGC>	4	110944	3.6054225E-5	-1.0	39.998405	TRUE		NaN	NaN	NaN	NaN	NaN	NaN	NaN	NaN	NaN
SPIKE	S130:G>A	24	110944	2.1632535E-4	73.49659	40.0	TRUE	G	8.328533E-5	50.0	0.0050272876	0.9943526	82.60667	0.1857339	0.09101097	68.0	0.0
SPIKE	S130:G>C	0	110944	0.0	-1.0	0.0	TRUE	G	4.9641527E-5	19.0	0.0054414105	0.9966301	45.7124	0.29145062	0.08592046	68.0	0.0
SPIKE	S130:G>T	0	110944	0.0	-1.0	0.0	TRUE	G	8.32677E-5	1.0	0.0066056014	0.9943538	30.178755	0.30814663	0.06669216	68.0	1.0
SPIKE	S131:G>A	29	110944	2.6139314E-4	76.59832	40.0	TRUE	G	1.5824214E-4	95.0	0.0050272876	0.9892972	82.60667	0.1857339	0.09101097	68.0	0.0
SPIKE	S131:G>C	0	110944	0.0	-1.0	0.0	TRUE	G	7.0543225E-5	27.0	0.0054414105	0.9952145	45.7124	0.29145062	0.08592046	68.0	0.0
SPIKE	S131:G>T	0	110944	0.0	-1.0	0.0	TRUE	G	8.32677E-5	1.0	0.0066056014	0.9943538	30.178755	0.30814663	0.06669216	68.0	1.0
SPIKE	S132:C>T	38	110944	3.4251515E-4	102.594444	40.0	TRUE	C	1.2312144E-4	71.0	0.0040307296	0.9916627	82.60667	0.19316712	0.09145571	68.0	0.0
SPIKE	S132:C>A	0	110944	0.0	-1.0	0.0	TRUE	C	1.4944859E-4	99.0	0.014614143	0.98988897	30.178755	0.1699629	0.11662325	68.0	0.0
SPIKE	S132:C>G	0	110944	0.0	-1.0	0.0	TRUE	C	6.236786E-5	24.0	0.0037632233	0.99576795	45.7124	0.28939486	0.12624682	68.0	0.0
SPIKE	S133:A>G	3	110944	2.7040669E-5	10.280287	40.0	TRUE	A	8.206055E-5	55.0	0.004946685	0.9944354	97.09603	0.16635245	0.079711884	68.0	0.0
SPIKE	S133:A>C	0	110944	0.0	-1.0	0.0	TRUE	A	2.303745E-4	208.0	0.017859023	0.9844566	52.02665	0.1251126	0.08730984	68.0	0.0
SPIKE	S133:A>T	0	110944	0.0	-1.0	0.0	TRUE	A	4.7748024E-5	0.0	0.009102906	0.9967584	19.427855	0.275173	0.07746361	68.0	1.0
SPIKE	S134:G>A	110	110944	9.914913E-4	305.23907	40.0	TRUE	G	2.515217E-4	151.0	0.0050272876	0.98304194	82.60667	0.1857339	0.09101097	68.0	0.0
SPIKE	S134:G>C	9	110944	8.112201E-5	20.808811	40.0	TRUE	G	1.3586102E-4	52.0	0.0054414105	0.990804	45.7124	0.29145062	0.08592046	68.0	0.0
SPIKE	S134:G>T	0	110944	0.0	-1.0	0.0	TRUE	G	6.07013E-5	22.0	0.0066056014	0.99588084	30.178755	0.30814663	0.06669216	68.0	0.0
SPIKE	I135:>C	11	110944	9.914912E-5	-1.0	39.998413	TRUE		NaN	NaN	NaN	NaN	NaN	NaN	NaN	NaN	NaN
SPIKE	S135:C>A	5	110944	4.5067784E-5	16.300888	40.0	TRUE	C	6.491201E-5	43.0	0.014614143	0.9955957	30.178755	0.1699629	0.11662325	68.0	0.0
SPIKE	S135:C>T	78	110944	7.030574E-4	211.84773	40.0	TRUE	C	2.6531803E-4	153.0	0.0040307296	0.98212016	82.60667	0.19316712	0.09145571	68.0	0.0
SPIKE	D135-136:C>	15	110944	1.3520334E-4	-1.0	39.998413	TRUE		NaN	NaN	NaN	NaN	NaN	NaN	NaN	NaN	NaN
SPIKE	S135:C>G	0	110944	0.0	-1.0	0.0	TRUE	C	7.0163835E-5	27.0	0.0037632233	0.9952402	45.7124	0.28939486	0.12624682	68.0	0.0
SPIKE	S136:C>A	2	110944	1.8027113E-5	7.269987	40.0	TRUE	C	1.1170904E-4	74.0	0.014614143	0.99243253	30.178755	0.1699629	0.11662325	68.0	0.0
SPIKE	S136:C>T	65	110944	5.858812E-4	174.26482	40.0	TRUE	C	2.1502898E-4	124.0	0.0040307296	0.9854844	82.60667	0.19316712	0.09145571	68.0	0.0
SPIKE	S136:C>G	0	110944	0.0	-1.0	0.0	TRUE	C	5.1973213E-5	20.0	0.0037632233	0.99647206	45.7124	0.28939486	0.12624682	68.0	0.0
SPIKE	I137:>T	8	110928	7.2118855E-5	-1.0	39.469883	TRUE		NaN	NaN	NaN	NaN	NaN	NaN	NaN	NaN	NaN
SPIKE	S137:T>G	4	110928	3.6059428E-5	8.284564	38.75	TRUE	T	1.2318652E-4	47.0	0.00575932	0.99165833	52.019146	0.2924253	0.06794978	68.0	0.0
SPIKE	S137:T>C	2	110928	1.8029714E-5	3.9120662	38.0	TRUE	T	1.381761E-4	75.0	0.004211921	0.99064803	97.08203	0.2052324	0.090378314	68.0	0.0
SPIKE	D137-139:TG>	5	110928	4.507428E-5	-1.0	39.469883	TRUE		NaN	NaN	NaN	NaN	NaN	NaN	NaN	NaN	NaN
SPIKE	D137-138:T>	36	110928	3.2453483E-4	-1.0	39.469883	TRUE		NaN	NaN	NaN	NaN	NaN	NaN	NaN	NaN	NaN
SPIKE	S137:T>A	0	110928	0.0	-1.0	0.0	TRUE	T	3.841663E-5	16.0	0.010317853	0.9973911	19.425053	0.26911923	0.07028415	68.0	0.0
SPIKE	D138-140:GA>	7	110925	6.3105705E-5	-1.0	39.429886	TRUE		NaN	NaN	NaN	NaN	NaN	NaN	NaN	NaN	NaN
SPIKE	I138:>G	11	110925	9.91661E-5	-1.0	39.429886	TRUE		NaN	NaN	NaN	NaN	NaN	NaN	NaN	NaN	NaN
SPIKE	S138:G>A	20	110925	1.80302E-4	43.298504	38.05	TRUE	G	2.0991499E-4	126.0	0.0050272876	0.98582715	82.59252	0.1857339	0.09101097	68.0	0.0
SPIKE	S138:G>C	1	110925	9.015101E-6	-1.0	39.0	TRUE	G	3.1357915E-5	12.0	0.0054414105	0.9978699	45.70457	0.29145062	0.08592046	68.0	0.0
SPIKE	D138-139:G>	35	110925	3.155285E-4	-1.0	39.429886	TRUE		NaN	NaN	NaN	NaN	NaN	NaN	NaN	NaN	NaN
SPIKE	D138-141:GAT>	1	110925	9.015101E-6	-1.0	39.429886	TRUE		NaN	NaN	NaN	NaN	NaN	NaN	NaN	NaN	NaN
SPIKE	S138:G>T	0	110925	0.0	-1.0	0.0	TRUE	G	1.8765434E-4	68.0	0.0066056014	0.9873206	30.173586	0.30814663	0.06669216	68.0	0.0
SPIKE	S139:A>G	2	110919	1.8031176E-5	3.9120662	39.0	TRUE	A	1.3580351E-4	91.0	0.004946685	0.9908079	97.07416	0.16635245	0.079711884	68.0	0.0
SPIKE	D139-140:A>	59	110919	5.319197E-4	-1.0	38.95707	TRUE		NaN	NaN	NaN	NaN	NaN	NaN	NaN	NaN	NaN
SPIKE	D139-141:AT>	11	110919	9.917147E-5	-1.0	38.95707	TRUE		NaN	NaN	NaN	NaN	NaN	NaN	NaN	NaN	NaN
SPIKE	I139:>A	5	110919	4.507794E-5	-1.0	38.95707	TRUE		NaN	NaN	NaN	NaN	NaN	NaN	NaN	NaN	NaN
SPIKE	D139-143:ATTA>	1	110919	9.015588E-6	-1.0	38.95707	TRUE		NaN	NaN	NaN	NaN	NaN	NaN	NaN	NaN	NaN
SPIKE	S139:A>C	0	110919	0.0	-1.0	0.0	TRUE	A	4.35373E-4	393.0	0.017859023	0.9708286	52.014927	0.1251126	0.08730984	68.0	0.0
SPIKE	S139:A>T	0	110919	0.0	-1.0	0.0	TRUE	A	3.7119782E-4	151.0	0.009102906	0.97507447	19.423475	0.275173	0.07746361	68.0	0.0
SPIKE	I140:>T	32	110915	2.885092E-4	-1.0	39.356915	TRUE		NaN	NaN	NaN	NaN	NaN	NaN	NaN	NaN	NaN
SPIKE	D140-142:TT>	5	110915	4.5079567E-5	-1.0	39.356915	TRUE		NaN	NaN	NaN	NaN	NaN	NaN	NaN	NaN	NaN
SPIKE	D140-144:TTAG>	1	110915	9.015913E-6	-1.0	39.356915	TRUE		NaN	NaN	NaN	NaN	NaN	NaN	NaN	NaN	NaN
SPIKE	D140-143:TTA>	2	110915	1.8031826E-5	-1.0	39.356915	TRUE		NaN	NaN	NaN	NaN	NaN	NaN	NaN	NaN	NaN
SPIKE	S140:T>G	6	110915	5.409548E-5	13.113299	39.0	TRUE	T	1.3368615E-4	51.0	0.00575932	0.9909505	52.01305	0.2924253	0.06794978	68.0	0.0
SPIKE	S140:T>C	4	110915	3.606365E-5	13.290587	37.25	TRUE	T	5.7119483E-5	31.0	0.004211921	0.99612343	97.070656	0.2052324	0.090378314	68.0	0.0
SPIKE	D140-141:T>	127	110915	0.001145021	-1.0	39.356915	TRUE		NaN	NaN	NaN	NaN	NaN	NaN	NaN	NaN	NaN
SPIKE	S140:T>A	0	110915	0.0	-1.0	0.0	TRUE	T	2.9055984E-4	121.0	0.010317853	0.98043585	19.422775	0.26911923	0.07028415	68.0	0.0
SPIKE	I141:>GAT	1	110897	9.017376E-6	-1.0	39.519238	TRUE		NaN	NaN	NaN	NaN	NaN	NaN	NaN	NaN	NaN
SPIKE	S141:T>G	7	110897	6.312164E-5	15.631419	40.0	TRUE	T	1.8614228E-4	71.0	0.00575932	0.9874221	52.00461	0.2924253	0.06794978	68.0	0.0
SPIKE	S141:T>C	1	110897	9.017376E-6	4.2596874	35.0	TRUE	T	8.6614564E-5	47.0	0.004211921	0.9941275	97.0549	0.2052324	0.090378314	68.0	0.0
SPIKE	I141:>CCTGAT	1	110897	9.017376E-6	-1.0	39.519238	TRUE		NaN	NaN	NaN	NaN	NaN	NaN	NaN	NaN	NaN
SPIKE	S141:T>A	0	110897	0.0	-1.0	0.0	TRUE	T	5.0195755E-4	209.0	0.010317853	0.9664428	19.419622	0.26911923	0.07028415	68.0	0.0
SPIKE	S142:A>G	5	110880	4.5093795E-5	2.5063212	39.4	TRUE	A	4.7771877E-4	320.0	0.004946685	0.96803707	97.04002	0.16635245	0.079711884	68.0	0.0
SPIKE	S142:A>T	2	110880	1.8037517E-5	0.7986036	39.0	TRUE	A	4.2788833E-4	174.0	0.009102906	0.97132283	19.416647	0.275173	0.07746361	68.0	0.0
SPIKE	D142-143:A>	49	110880	4.419192E-4	-1.0	39.074722	TRUE		NaN	NaN	NaN	NaN	NaN	NaN	NaN	NaN	NaN
SPIKE	I142:>A	9	110880	8.116883E-5	-1.0	39.074722	TRUE		NaN	NaN	NaN	NaN	NaN	NaN	NaN	NaN	NaN
SPIKE	D142-144:AG>	7	110880	6.3131316E-5	-1.0	39.074722	TRUE		NaN	NaN	NaN	NaN	NaN	NaN	NaN	NaN	NaN
SPIKE	D142-145:AGC>	3	110880	2.7056278E-5	-1.0	39.074722	TRUE		NaN	NaN	NaN	NaN	NaN	NaN	NaN	NaN	NaN
SPIKE	S142:A>C	0	110880	0.0	-1.0	0.0	TRUE	A	1.1303731E-4	102.0	0.017859023	0.99234295	51.996635	0.1251126	0.08730984	68.0	0.0
SPIKE	I143:>G	10	110871	9.019491E-5	-1.0	39.285152	TRUE		NaN	NaN	NaN	NaN	NaN	NaN	NaN	NaN	NaN
SPIKE	S143:G>A	23	110871	2.0744829E-4	39.112087	38.434784	TRUE	G	3.7336396E-4	224.0	0.0050272876	0.9749308	82.552315	0.1857339	0.09101097	68.0	0.0
SPIKE	D143-144:G>	59	110871	5.3215E-4	-1.0	39.285152	TRUE		NaN	NaN	NaN	NaN	NaN	NaN	NaN	NaN	NaN
SPIKE	D143-145:GC>	2	110871	1.8038982E-5	-1.0	39.285152	TRUE		NaN	NaN	NaN	NaN	NaN	NaN	NaN	NaN	NaN
SPIKE	S143:G>C	0	110871	0.0	-1.0	0.0	TRUE	G	9.6995436E-4	371.0	0.0054414105	0.93617123	45.682323	0.29145062	0.08592046	68.0	0.0
SPIKE	S143:G>T	0	110871	0.0	-1.0	0.0	TRUE	G	8.8350935E-5	32.0	0.0066056014	0.99401015	30.158897	0.30814663	0.06669216	68.0	0.0
SPIKE	I144:>C	43	110859	3.878801E-4	-1.0	39.385597	TRUE		NaN	NaN	NaN	NaN	NaN	NaN	NaN	NaN	NaN
SPIKE	I144:>AG	1	110859	9.020468E-6	-1.0	39.385597	TRUE		NaN	NaN	NaN	NaN	NaN	NaN	NaN	NaN	NaN
SPIKE	S144:C>T	32	110859	2.8865496E-4	75.76293	38.125	TRUE	C	2.4122537E-4	139.0	0.0040307296	0.9837305	82.54337	0.19316712	0.09145571	68.0	0.0
SPIKE	D144-145:C>	127	110859	0.0011455994	-1.0	39.385597	TRUE		NaN	NaN	NaN	NaN	NaN	NaN	NaN	NaN	NaN
SPIKE	S144:C>A	0	110859	0.0	-1.0	0.0	TRUE	C	7.251548E-5	48.0	0.014614143	0.99508107	30.155632	0.1699629	0.11662325	68.0	0.0
SPIKE	S144:C>G	0	110859	0.0	-1.0	0.0	TRUE	C	6.215561E-4	239.0	0.0037632233	0.95861495	45.677376	0.28939486	0.12624682	68.0	0.0
SPIKE	I145:>T	1	110839	9.022095E-6	-1.0	39.352673	TRUE		NaN	NaN	NaN	NaN	NaN	NaN	NaN	NaN	NaN
SPIKE	S145:C>A	3	110839	2.7066286E-5	-1.0	39.666668	TRUE	C	2.5687199E-5	17.0	0.014614143	0.9982548	30.150192	0.1699629	0.11662325	68.0	0.0
SPIKE	S145:C>T	38	110839	3.428396E-4	92.44626	38.07895	TRUE	C	2.603621E-4	150.0	0.0040307296	0.9824512	82.52849	0.19316712	0.09145571	68.0	0.0
SPIKE	S145:C>G	0	110839	0.0	-1.0	0.0	TRUE	C	3.0693243E-4	118.0	0.0037632233	0.9793449	45.669136	0.28939486	0.12624682	68.0	0.0
SPIKE	S146:C>T	26	110795	2.3466763E-4	46.315765	38.884617	TRUE	C	3.6986102E-4	213.0	0.0040307296	0.9751631	82.49572	0.19316712	0.09145571	68.0	0.0
SPIKE	S146:C>A	0	110795	0.0	-1.0	0.0	TRUE	C	5.2906413E-5	35.0	0.014614143	0.9964088	30.138224	0.1699629	0.11662325	68.0	0.0
SPIKE	S146:C>G	0	110795	0.0	-1.0	0.0	TRUE	C	0.0011111203	427.0	0.0037632233	0.9272276	45.65101	0.28939486	0.12624682	68.0	0.0
SPIKE	S147:G>A	36	110706	3.2518563E-4	86.86131	38.5	TRUE	G	2.2368455E-4	134.0	0.0050272876	0.9849045	82.42946	0.1857339	0.09101097	68.0	0.0
SPIKE	S147:G>C	2	110706	1.8065868E-5	0.017796258	38.5	TRUE	G	9.94965E-4	380.0	0.0054414105	0.9345804	45.614338	0.29145062	0.08592046	68.0	0.0
SPIKE	S147:G>T	0	110706	0.0	-1.0	0.0	TRUE	G	0.0011751597	425.0	0.0066056014	0.92319864	30.114014	0.30814663	0.06669216	68.0	0.0
SPIKE	S148:T>G	9	110652	8.133608E-5	0.014783077	39.444443	TRUE	T	0.0020231958	770.0	0.00575932	0.87146693	51.889717	0.2924253	0.06794978	68.0	0.0
SPIKE	S148:T>C	2	110652	1.8074685E-5	1.3408211	36.5	TRUE	T	3.139804E-4	170.0	0.004211921	0.97887564	96.840485	0.2052324	0.090378314	68.0	0.0
SPIKE	S148:T>A	0	110652	0.0	-1.0	0.0	TRUE	T	4.6640318E-5	4.0	0.010317853	0.9968335	19.37672	0.26911923	0.07028415	68.0	1.0
SPIKE	S149:G>A	31	110569	2.803679E-4	73.00521	37.935482	TRUE	G	2.0223408E-4	121.0	0.0050272876	0.9863422	82.327446	0.1857339	0.09101097	68.0	0.0
SPIKE	S149:G>C	1	110569	9.044126E-6	6.295924E-4	37.0	TRUE	G	0.0011744647	448.0	0.0054414105	0.9232423	45.557888	0.29145062	0.08592046	68.0	0.0
SPIKE	S149:G>T	0	110569	0.0	-1.0	0.0	TRUE	G	0.0012181434	440.0	0.0066056014	0.92050415	30.076748	0.30814663	0.06669216	68.0	0.0
SPIKE	S150:C>A	0	110395	0.0	-1.0	0.0	TRUE	C	2.5790512E-5	17.0	0.014614143	0.9982478	30.029415	0.1699629	0.11662325	68.0	0.0
SPIKE	S150:C>G	0	110395	0.0	-1.0	0.0	TRUE	C	0.0013345194	511.0	0.0037632233	0.9132484	45.486195	0.28939486	0.12624682	68.0	0.0
SPIKE	S150:C>T	0	110395	0.0	-1.0	0.0	TRUE	C	9.846416E-4	565.0	0.0040307296	0.9352367	82.19789	0.19316712	0.09145571	68.0	0.0
SPIKE	S151:T>A	0	110286	0.0	-1.0	0.0	TRUE	T	4.6640318E-5	9.0	0.010317853	0.9968335	19.312628	0.26911923	0.07028415	68.0	1.0
SPIKE	S151:T>G	0	110286	0.0	-1.0	0.0	TRUE	T	0.0017056519	647.0	0.00575932	0.89048916	51.718082	0.2924253	0.06794978	68.0	0.0
SPIKE	S151:T>C	0	110286	0.0	-1.0	0.0	TRUE	T	9.93247E-4	536.0	0.004211921	0.9346896	96.520164	0.2052324	0.090378314	68.0	0.0
SPIKE	S152:G>A	0	110135	0.0	-1.0	0.0	TRUE	G	1.7786188E-4	106.0	0.0050272876	0.9879782	82.0043	0.1857339	0.09101097	68.0	0.0
SPIKE	S152:G>C	0	110135	0.0	-1.0	0.0	TRUE	G	8.422092E-5	32.0	0.0054414105	0.99428934	45.379066	0.29145062	0.08592046	68.0	0.0
SPIKE	S152:G>T	0	110135	0.0	-1.0	0.0	TRUE	G	0.0011173257	402.0	0.0066056014	0.92683643	29.95869	0.30814663	0.06669216	68.0	0.0
SPIKE	S153:G>A	0	109786	0.0	-1.0	0.0	TRUE	G	1.5149485E-4	90.0	0.0050272876	0.9897512	81.74444	0.1857339	0.09101097	68.0	0.0
SPIKE	S153:G>C	0	109786	0.0	-1.0	0.0	TRUE	G	1.1943333E-4	6.0	0.0054414105	0.9919114	45.235268	0.29145062	0.08592046	68.0	1.0
SPIKE	S153:G>T	0	109786	0.0	-1.0	0.0	TRUE	G	7.528283E-5	27.0	0.0066056014	0.99489385	29.863756	0.30814663	0.06669216	68.0	0.0
