#pipeline_block
reference	mutation	count	coverage	freq	score	cqs	has.reference	ancestral.allele	error.rate	minor.count.local	minor.fdr	minor.recall	minor.count.global	read.fraction.in.minors	q.filtered.read.fraction	mig.size	global.est
SPIKE	S0:T>A	0	44975	0.0	-1.0	0.0	TRUE	T	4.532224E-5	3.0	0.037651774	0.9929547	12.509776	0.16931707	0.10811029	156.0	1.0
SPIKE	S0:T>G	0	44975	0.0	-1.0	0.0	TRUE	T	2.3092606E-4	4.0	0.023052266	0.9646167	45.03846	0.236042	0.08877295	156.0	1.0
SPIKE	S0:T>C	0	44975	0.0	-1.0	0.0	TRUE	T	1.2629786E-4	48.0	0.013712757	0.9804904	70.36976	0.11998378	0.09990889	156.0	0.0
SPIKE	S1:A>G	0	45020	0.0	-1.0	0.0	TRUE	A	2.3468606E-4	111.0	0.014122995	0.96405107	70.44016	0.09654884	0.0934102	156.0	0.0
SPIKE	S1:A>C	0	45020	0.0	-1.0	0.0	TRUE	A	3.821286E-5	4.0	0.026451623	0.9940565	45.083523	0.03919581	0.09213524	156.0	1.0
SPIKE	S1:A>T	0	45020	0.0	-1.0	0.0	TRUE	A	5.2962227E-5	14.0	0.035602823	0.99177194	12.522293	0.1765988	0.09798335	156.0	0.0
SPIKE	S2:G>A	0	45057	0.0	-1.0	0.0	TRUE	G	1.6185112E-4	64.0	0.015762739	0.9750673	54.965412	0.11577057	0.102947526	156.0	0.0
SPIKE	S2:G>C	0	45057	0.0	-1.0	0.0	TRUE	G	1.3757926E-4	2.0	0.022294486	0.9787663	28.609999	0.22161001	0.10323503	156.0	1.0
SPIKE	S2:G>T	0	45057	0.0	-1.0	0.0	TRUE	G	1.001821E-4	2.0	0.030313704	0.9844931	19.720987	0.23604374	0.085591204	156.0	1.0
SPIKE	S3:C>A	0	45110	0.0	-1.0	0.0	TRUE	C	2.793593E-5	2.0	0.035735246	0.9956515	19.744184	0.06619123	0.14089026	156.0	1.0
SPIKE	S3:C>G	0	45110	0.0	-1.0	0.0	TRUE	C	0.002038561	446.0	0.013547274	0.7275915	28.643652	0.20901883	0.29221192	156.0	0.0
SPIKE	S3:C>T	0	45110	0.0	-1.0	0.0	TRUE	C	2.99355E-4	109.0	0.012774486	0.95437425	55.030067	0.12549211	0.10361399	156.0	0.0
SPIKE	S4:G>A	27	45164	5.9782126E-4	82.52749	40.0	TRUE	G	1.5894473E-4	63.0	0.015762739	0.9755095	55.095943	0.11577057	0.102947526	156.0	0.0
SPIKE	S4:G>T	1	45164	2.2141528E-5	4.2596874	40.0	TRUE	G	1.001821E-4	3.0	0.030313704	0.9844931	19.76782	0.23604374	0.085591204	156.0	1.0
SPIKE	S4:G>C	0	45164	0.0	-1.0	0.0	TRUE	G	1.6790866E-4	35.0	0.022294486	0.9741463	28.67794	0.22161001	0.10323503	156.0	0.0
SPIKE	S5:T>A	2	45188	4.4259537E-5	-1.0	40.0	TRUE	T	4.532224E-5	0.0	0.037651774	0.9929547	12.569022	0.16931707	0.10811029	156.0	1.0
SPIKE	S5:T>C	15	45188	3.3194653E-4	46.403885	40.0	TRUE	T	2.5402388E-4	97.0	0.013712757	0.9611472	70.703026	0.11998378	0.09990889	156.0	0.0
SPIKE	S5:T>G	0	45188	0.0	-1.0	0.0	TRUE	T	2.55157E-4	50.0	0.023052266	0.9609773	45.25176	0.236042	0.08877295	156.0	0.0
SPIKE	S6:G>A	12	45217	2.6538692E-4	-1.0	40.0	TRUE	G	7.811923E-5	31.0	0.015762739	0.9878874	55.160595	0.11577057	0.102947526	156.0	0.0
SPIKE	S6:G>T	1	45217	2.2115575E-5	4.2596874	40.0	TRUE	G	1.9235595E-4	38.0	0.030313704	0.97043824	19.791018	0.23604374	0.085591204	156.0	0.0
SPIKE	S6:G>C	0	45217	0.0	-1.0	0.0	TRUE	G	1.3757926E-4	0.0	0.022294486	0.9787663	28.711594	0.22161001	0.10323503	156.0	1.0
SPIKE	S7:A>G	9	45229	1.9898737E-4	28.342087	40.0	TRUE	A	1.5362987E-4	73.0	0.014122995	0.97631866	70.76717	0.09654884	0.0934102	156.0	0.0
SPIKE	S7:A>C	3	45229	6.632913E-5	-1.0	40.0	TRUE	A	3.821286E-5	2.0	0.026451623	0.9940565	45.292816	0.03919581	0.09213524	156.0	1.0
SPIKE	D7-8:A>	33	45229	7.296204E-4	-1.0	39.99978	TRUE		NaN	NaN	NaN	NaN	NaN	NaN	NaN	NaN	NaN
SPIKE	S7:A>T	0	45229	0.0	-1.0	0.0	TRUE	A	4.7372036E-5	1.0	0.035602823	0.9926372	12.580426	0.1765988	0.09798335	156.0	1.0
SPIKE	S8:A>G	8	45232	1.7686594E-4	25.331787	40.0	TRUE	A	1.2415837E-4	59.0	0.014122995	0.9808177	70.77187	0.09654884	0.0934102	156.0	0.0
SPIKE	S8:A>C	5	45232	1.1054121E-4	-1.0	40.0	TRUE	A	3.821286E-5	3.0	0.026451623	0.9940565	45.295822	0.03919581	0.09213524	156.0	1.0
SPIKE	S8:A>T	0	45232	0.0	-1.0	0.0	TRUE	A	4.7372036E-5	2.0	0.035602823	0.9926372	12.581261	0.1765988	0.09798335	156.0	1.0
SPIKE	S9:G>A	11	45232	2.4319066E-4	34.362686	40.0	TRUE	G	1.5870578E-4	63.0	0.015762739	0.9755459	55.178894	0.11577057	0.102947526	156.0	0.0
SPIKE	D9-10:G>	12	45232	2.652989E-4	-1.0	39.987377	TRUE		NaN	NaN	NaN	NaN	NaN	NaN	NaN	NaN	NaN
SPIKE	D9-11:GA>	1	45232	2.2108243E-5	-1.0	39.987377	TRUE		NaN	NaN	NaN	NaN	NaN	NaN	NaN	NaN	NaN
SPIKE	S9:G>C	0	45232	0.0	-1.0	0.0	TRUE	G	1.3757926E-4	0.0	0.022294486	0.9787663	28.721119	0.22161001	0.10323503	156.0	1.0
SPIKE	S9:G>T	0	45232	0.0	-1.0	0.0	TRUE	G	1.001821E-4	1.0	0.030313704	0.9844931	19.797583	0.23604374	0.085591204	156.0	1.0
SPIKE	S10:A>G	21	45232	4.642731E-4	53.79622	40.0	TRUE	A	3.156569E-4	150.0	0.014122995	0.95195025	70.77187	0.09654884	0.0934102	156.0	0.0
SPIKE	S10:A>C	1	45232	2.2108243E-5	-1.0	40.0	TRUE	A	3.821286E-5	5.0	0.026451623	0.9940565	45.295822	0.03919581	0.09213524	156.0	1.0
SPIKE	D10-11:A>	13	45232	2.8740714E-4	-1.0	39.984127	TRUE		NaN	NaN	NaN	NaN	NaN	NaN	NaN	NaN	NaN
SPIKE	D10-12:AC>	2	45232	4.4216486E-5	-1.0	39.984127	TRUE		NaN	NaN	NaN	NaN	NaN	NaN	NaN	NaN	NaN
SPIKE	S10:A>T	0	45232	0.0	-1.0	0.0	TRUE	A	4.7372036E-5	3.0	0.035602823	0.9926372	12.581261	0.1765988	0.09798335	156.0	1.0
SPIKE	S11:C>T	14	45233	3.0950856E-4	43.393585	40.0	TRUE	C	1.9446245E-4	71.0	0.012774486	0.97011936	55.180115	0.12549211	0.10361399	156.0	0.0
SPIKE	D11-12:C>	17	45233	3.758318E-4	-1.0	39.981804	TRUE		NaN	NaN	NaN	NaN	NaN	NaN	NaN	NaN	NaN
SPIKE	S11:C>A	0	45233	0.0	-1.0	0.0	TRUE	C	4.9386632E-5	35.0	0.035735246	0.9923253	19.79802	0.06619123	0.14089026	156.0	0.0
SPIKE	S11:C>G	0	45233	0.0	-1.0	0.0	TRUE	C	1.3092339E-4	3.0	0.013547274	0.9797831	28.721754	0.20901883	0.29221192	156.0	1.0
SPIKE	S12:G>A	30	45233	6.632326E-4	91.55839	40.0	TRUE	G	1.0076335E-4	40.0	0.015762739	0.9844038	55.180115	0.11577057	0.102947526	156.0	0.0
SPIKE	D12-13:G>	13	45233	2.874008E-4	-1.0	39.986668	TRUE		NaN	NaN	NaN	NaN	NaN	NaN	NaN	NaN	NaN
SPIKE	S12:G>C	0	45233	0.0	-1.0	0.0	TRUE	G	1.6286244E-4	34.0	0.022294486	0.9749135	28.721754	0.22161001	0.10323503	156.0	0.0
SPIKE	S12:G>T	0	45233	0.0	-1.0	0.0	TRUE	G	1.001821E-4	3.0	0.030313704	0.9844931	19.79802	0.23604374	0.085591204	156.0	1.0
SPIKE	S13:A>G	35	45233	7.737714E-4	84.07732	40.0	TRUE	A	5.3660484E-4	255.0	0.014122995	0.9196976	70.77344	0.09654884	0.0934102	156.0	0.0
SPIKE	S13:A>C	8	45233	1.7686203E-4	-1.0	40.0	TRUE	A	1.1810542E-5	14.0	0.026451623	0.9981592	45.296825	0.03919581	0.09213524	156.0	0.0
SPIKE	S13:A>T	3	45233	6.632326E-5	-1.0	40.0	TRUE	A	4.7372036E-5	8.0	0.035602823	0.9926372	12.581539	0.1765988	0.09798335	156.0	1.0
SPIKE	D13-14:A>	6	45233	1.3264651E-4	-1.0	39.99235	TRUE		NaN	NaN	NaN	NaN	NaN	NaN	NaN	NaN	NaN
SPIKE	I14:>C	1	45233	2.2107753E-5	-1.0	39.992683	TRUE		NaN	NaN	NaN	NaN	NaN	NaN	NaN	NaN	NaN
SPIKE	S14:C>T	14	45233	3.0950856E-4	43.393585	40.0	TRUE	C	1.040785E-4	38.0	0.012774486	0.9838948	55.180115	0.12549211	0.10361399	156.0	0.0
SPIKE	D14-15:C>	5	45233	1.10538764E-4	-1.0	39.992683	TRUE		NaN	NaN	NaN	NaN	NaN	NaN	NaN	NaN	NaN
SPIKE	S14:C>A	0	45233	0.0	-1.0	0.0	TRUE	C	6.0675007E-5	43.0	0.035735246	0.99057937	19.79802	0.06619123	0.14089026	156.0	0.0
SPIKE	S14:C>G	0	45233	0.0	-1.0	0.0	TRUE	C	1.3092339E-4	1.0	0.013547274	0.9797831	28.721754	0.20901883	0.29221192	156.0	1.0
SPIKE	S15:A>G	7	45233	1.5475428E-4	22.321487	40.0	TRUE	A	1.4309463E-4	68.0	0.014122995	0.9779245	70.77344	0.09654884	0.0934102	156.0	0.0
SPIKE	S15:A>C	3	45233	6.632326E-5	-1.0	40.0	TRUE	A	3.4588014E-5	41.0	0.026451623	0.9946188	45.296825	0.03919581	0.09213524	156.0	0.0
SPIKE	D15-16:A>	9	45233	1.9896978E-4	-1.0	39.991554	TRUE		NaN	NaN	NaN	NaN	NaN	NaN	NaN	NaN	NaN
SPIKE	S15:A>T	0	45233	0.0	-1.0	0.0	TRUE	A	4.7372036E-5	0.0	0.035602823	0.9926372	12.581539	0.1765988	0.09798335	156.0	1.0
SPIKE	S16:G>A	22	45233	4.8637058E-4	67.47598	40.0	TRUE	G	1.6122135E-4	64.0	0.015762739	0.9751631	55.180115	0.11577057	0.102947526	156.0	0.0
SPIKE	S16:G>T	1	45233	2.2107753E-5	4.2596874	40.0	TRUE	G	1.001821E-4	0.0	0.030313704	0.9844931	19.79802	0.23604374	0.085591204	156.0	1.0
SPIKE	D16-17:G>	4	45233	8.8431014E-5	-1.0	39.9937	TRUE		NaN	NaN	NaN	NaN	NaN	NaN	NaN	NaN	NaN
SPIKE	S16:G>C	0	45233	0.0	-1.0	0.0	TRUE	G	1.3757926E-4	0.0	0.022294486	0.9787663	28.721754	0.22161001	0.10323503	156.0	1.0
SPIKE	S17:A>G	26	45233	5.748016E-4	59.339897	40.0	TRUE	A	4.9872685E-4	237.0	0.014122995	0.9251481	70.77344	0.09654884	0.0934102	156.0	0.0
SPIKE	S17:A>C	3	45233	6.632326E-5	-1.0	40.0	TRUE	A	3.821286E-5	9.0	0.026451623	0.9940565	45.296825	0.03919581	0.09213524	156.0	1.0
SPIKE	D17-18:A>	3	45233	6.632326E-5	-1.0	39.999447	TRUE		NaN	NaN	NaN	NaN	NaN	NaN	NaN	NaN	NaN
SPIKE	S17:A>T	0	45233	0.0	-1.0	0.0	TRUE	A	3.7652022E-5	10.0	0.035602823	0.9941435	12.581539	0.1765988	0.09798335	156.0	0.0
SPIKE	S18:A>G	14	45233	3.0950856E-4	43.393585	40.0	TRUE	A	2.525199E-4	120.0	0.014122995	0.96137273	70.77344	0.09654884	0.0934102	156.0	0.0
SPIKE	S18:A>T	1	45233	2.2107753E-5	-1.0	40.0	TRUE	A	4.7372036E-5	0.0	0.035602823	0.9926372	12.581539	0.1765988	0.09798335	156.0	1.0
SPIKE	S18:A>C	8	45233	1.7686203E-4	-1.0	40.0	TRUE	A	3.821286E-5	7.0	0.026451623	0.9940565	45.296825	0.03919581	0.09213524	156.0	1.0
SPIKE	S19:C>G	2	45233	4.4215507E-5	7.269987	40.0	TRUE	C	1.3092339E-4	0.0	0.013547274	0.9797831	28.721754	0.20901883	0.29221192	156.0	1.0
SPIKE	S19:C>T	21	45233	4.6426282E-4	64.46568	40.0	TRUE	C	1.5063993E-4	55.0	0.012774486	0.97677416	55.180115	0.12549211	0.10361399	156.0	0.0
SPIKE	D19-20:C>	1	45233	2.2107753E-5	-1.0	39.99936	TRUE		NaN	NaN	NaN	NaN	NaN	NaN	NaN	NaN	NaN
SPIKE	S19:C>A	0	45233	0.0	-1.0	0.0	TRUE	C	4.9386632E-5	35.0	0.035735246	0.9923253	19.79802	0.06619123	0.14089026	156.0	0.0
SPIKE	S20:C>G	1	45233	2.2107753E-5	4.2596874	40.0	TRUE	C	1.3092339E-4	0.0	0.013547274	0.9797831	28.721754	0.20901883	0.29221192	156.0	1.0
SPIKE	S20:C>T	7	45233	1.5475428E-4	-1.0	40.0	TRUE	C	7.12116E-5	26.0	0.012774486	0.98895246	55.180115	0.12549211	0.10361399	156.0	0.0
SPIKE	S20:C>A	0	45233	0.0	-1.0	0.0	TRUE	C	1.41104665E-5	10.0	0.035735246	0.9978012	19.79802	0.06619123	0.14089026	156.0	0.0
SPIKE	S21:A>G	8	45233	1.7686203E-4	25.331787	40.0	TRUE	A	1.3467729E-4	64.0	0.014122995	0.9792095	70.77344	0.09654884	0.0934102	156.0	0.0
SPIKE	S21:A>C	5	45233	1.10538764E-4	-1.0	40.0	TRUE	A	3.2900796E-5	39.0	0.026451623	0.9948806	45.296825	0.03919581	0.09213524	156.0	0.0
SPIKE	D21-24:AAA>	1	45233	2.2107753E-5	-1.0	39.99874	TRUE		NaN	NaN	NaN	NaN	NaN	NaN	NaN	NaN	NaN
SPIKE	D21-23:AA>	1	45233	2.2107753E-5	-1.0	39.99874	TRUE		NaN	NaN	NaN	NaN	NaN	NaN	NaN	NaN	NaN
SPIKE	S21:A>T	0	45233	0.0	-1.0	0.0	TRUE	A	4.7372036E-5	2.0	0.035602823	0.9926372	12.581539	0.1765988	0.09798335	156.0	1.0
SPIKE	S22:A>G	0	45233	0.0	-1.0	0.0	TRUE	A	1.4893085E-4	0.0	0.014122995	0.9770346	70.77344	0.09654884	0.0934102	156.0	1.0
SPIKE	S22:A>C	0	45233	0.0	-1.0	0.0	TRUE	A	3.821286E-5	0.0	0.026451623	0.9940565	45.296825	0.03919581	0.09213524	156.0	1.0
SPIKE	S22:A>T	0	45233	0.0	-1.0	0.0	TRUE	A	4.7372036E-5	1.0	0.035602823	0.9926372	12.581539	0.1765988	0.09798335	156.0	1.0
SPIKE	S23:A>T	45226	45233	0.99984527	-1.0	39.9998	TRUE	T	4.7372036E-5	0.0	0.035602823	0.9926372	12.581539	0.1765988	0.09798335	156.0	1.0
SPIKE	S23:A>G	0	45233	0.0	-1.0	0.0	TRUE	T	1.4893085E-4	1.0	0.014122995	0.9770346	70.77344	0.09654884	0.0934102	156.0	1.0
SPIKE	S23:A>C	0	45233	0.0	-1.0	0.0	TRUE	T	3.821286E-5	0.0	0.026451623	0.9940565	45.296825	0.03919581	0.09213524	156.0	1.0
SPIKE	S24:A>G	45231	45233	0.9999558	9999.0	39.999115	TRUE	G	1.4893085E-4	0.0	0.014122995	0.9770346	70.77344	0.09654884	0.0934102	156.0	1.0
SPIKE	S24:A>C	0	45233	0.0	-1.0	0.0	TRUE	G	3.821286E-5	1.0	0.026451623	0.9940565	45.296825	0.03919581	0.09213524	156.0	1.0
SPIKE	S24:A>T	0	45233	0.0	-1.0	0.0	TRUE	G	1.3178207E-4	35.0	0.035602823	0.97965187	12.581539	0.1765988	0.09798335	156.0	0.0
SPIKE	S25:A>C	45227	45233	0.9998674	-1.0	39.99967	TRUE	C	3.821286E-5	0.0	0.026451623	0.9940565	45.296825	0.03919581	0.09213524	156.0	1.0
SPIKE	S25:A>G	0	45233	0.0	-1.0	0.0	TRUE	C	7.1547314E-5	34.0	0.014122995	0.98890066	70.77344	0.09654884	0.0934102	156.0	0.0
SPIKE	S25:A>T	0	45233	0.0	-1.0	0.0	TRUE	C	4.7372036E-5	2.0	0.035602823	0.9926372	12.581539	0.1765988	0.09798335	156.0	1.0
SPIKE	S26:T>G	1	45233	2.2107753E-5	-1.0	40.0	TRUE	T	7.137288E-5	14.0	0.023052266	0.9889276	45.296825	0.236042	0.08877295	156.0	0.0
SPIKE	S26:T>A	1	45233	2.2107753E-5	-1.0	40.0	TRUE	T	4.532224E-5	5.0	0.037651774	0.9929547	12.581539	0.16931707	0.10811029	156.0	1.0
SPIKE	S26:T>C	14	45233	3.0950856E-4	34.27314	40.0	TRUE	T	4.1335923E-4	158.0	0.013712757	0.9375511	70.77344	0.11998378	0.09990889	156.0	0.0
SPIKE	S27:G>A	7	45233	1.5475428E-4	-1.0	40.0	TRUE	G	6.045801E-5	24.0	0.015762739	0.99061286	55.180115	0.11577057	0.102947526	156.0	0.0
SPIKE	S27:G>T	4	45233	8.8431014E-5	13.290587	40.0	TRUE	G	1.7710727E-4	35.0	0.030313704	0.9727495	19.79802	0.23604374	0.085591204	156.0	0.0
SPIKE	S27:G>C	0	45233	0.0	-1.0	0.0	TRUE	G	1.3757926E-4	1.0	0.022294486	0.9787663	28.721754	0.22161001	0.10323503	156.0	1.0
SPIKE	I28:>CT	1	45233	2.2107753E-5	-1.0	39.99969	TRUE		NaN	NaN	NaN	NaN	NaN	NaN	NaN	NaN	NaN
SPIKE	S28:G>A	8	45233	1.7686203E-4	-1.0	40.0	TRUE	G	6.801526E-5	27.0	0.015762739	0.9894457	55.180115	0.11577057	0.102947526	156.0	0.0
SPIKE	S28:G>T	1	45233	2.2107753E-5	4.2596874	40.0	TRUE	G	1.001821E-4	1.0	0.030313704	0.9844931	19.79802	0.23604374	0.085591204	156.0	1.0
SPIKE	I28:>CGG	1	45233	2.2107753E-5	-1.0	39.99969	TRUE		NaN	NaN	NaN	NaN	NaN	NaN	NaN	NaN	NaN
SPIKE	S28:G>C	0	45233	0.0	-1.0	0.0	TRUE	G	1.3757926E-4	0.0	0.022294486	0.9787663	28.721754	0.22161001	0.10323503	156.0	1.0
SPIKE	S29:G>A	11	45233	2.4318529E-4	34.362686	40.0	TRUE	G	1.0076335E-4	40.0	0.015762739	0.9844038	55.180115	0.11577057	0.102947526	156.0	0.0
SPIKE	S29:G>C	0	45233	0.0	-1.0	0.0	TRUE	G	1.3757926E-4	1.0	0.022294486	0.9787663	28.721754	0.22161001	0.10323503	156.0	1.0
SPIKE	S29:G>T	0	45233	0.0	-1.0	0.0	TRUE	G	1.001821E-4	0.0	0.030313704	0.9844931	19.79802	0.23604374	0.085591204	156.0	1.0
SPIKE	S30:A>G	4	45233	8.8431014E-5	13.290587	40.0	TRUE	A	1.5782495E-4	75.0	0.014122995	0.97567993	70.77344	0.09654884	0.0934102	156.0	0.0
SPIKE	S30:A>C	0	45233	0.0	-1.0	0.0	TRUE	A	3.821286E-5	2.0	0.026451623	0.9940565	45.296825	0.03919581	0.09213524	156.0	1.0
SPIKE	S30:A>T	0	45233	0.0	-1.0	0.0	TRUE	A	4.7372036E-5	1.0	0.035602823	0.9926372	12.581539	0.1765988	0.09798335	156.0	1.0
SPIKE	S31:T>C	7	45233	1.5475428E-4	22.321487	40.0	TRUE	T	1.6743665E-4	64.0	0.013712757	0.9742181	70.77344	0.11998378	0.09990889	156.0	0.0
SPIKE	S31:T>A	0	45233	0.0	-1.0	0.0	TRUE	T	1.0806843E-4	30.0	0.037651774	0.9832826	12.581539	0.16931707	0.10811029	156.0	0.0
SPIKE	S31:T>G	0	45233	0.0	-1.0	0.0	TRUE	T	2.3092606E-4	1.0	0.023052266	0.9646167	45.296825	0.236042	0.08877295	156.0	1.0
SPIKE	S32:C>T	7	45233	1.5475428E-4	22.321487	40.0	TRUE	C	2.054181E-4	75.0	0.012774486	0.96846277	55.180115	0.12549211	0.10361399	156.0	0.0
SPIKE	S32:C>A	3	45233	6.632326E-5	-1.0	40.0	TRUE	C	2.793593E-5	0.0	0.035735246	0.9956515	19.79802	0.06619123	0.14089026	156.0	1.0
SPIKE	S32:C>G	0	45233	0.0	-1.0	0.0	TRUE	C	1.3092339E-4	0.0	0.013547274	0.9797831	28.721754	0.20901883	0.29221192	156.0	1.0
SPIKE	S33:C>T	3	45233	6.632326E-5	-1.0	40.0	TRUE	C	7.395051E-5	27.0	0.012774486	0.98853	55.180115	0.12549211	0.10361399	156.0	0.0
SPIKE	S33:C>A	5	45233	1.10538764E-4	-1.0	40.0	TRUE	C	2.793593E-5	1.0	0.035735246	0.9956515	19.79802	0.06619123	0.14089026	156.0	1.0
SPIKE	S33:C>G	0	45233	0.0	-1.0	0.0	TRUE	C	1.3092339E-4	0.0	0.013547274	0.9797831	28.721754	0.20901883	0.29221192	156.0	1.0
SPIKE	S34:A>G	5	45233	1.10538764E-4	-1.0	40.0	TRUE	A	6.7338646E-5	32.0	0.014122995	0.9895502	70.77344	0.09654884	0.0934102	156.0	0.0
SPIKE	S34:A>C	0	45233	0.0	-1.0	0.0	TRUE	A	3.0369965E-5	36.0	0.026451623	0.9952735	45.296825	0.03919581	0.09213524	156.0	0.0
SPIKE	S34:A>T	0	45233	0.0	-1.0	0.0	TRUE	A	4.7372036E-5	1.0	0.035602823	0.9926372	12.581539	0.1765988	0.09798335	156.0	1.0
SPIKE	S35:T>C	7	45233	1.5475428E-4	22.321487	40.0	TRUE	T	1.6482045E-4	63.0	0.013712757	0.97461575	70.77344	0.11998378	0.09990889	156.0	0.0
SPIKE	S35:T>A	0	45233	0.0	-1.0	0.0	TRUE	T	1.4769353E-4	41.0	0.037651774	0.9772232	12.581539	0.16931707	0.10811029	156.0	0.0
SPIKE	S35:T>G	0	45233	0.0	-1.0	0.0	TRUE	T	2.3092606E-4	6.0	0.023052266	0.9646167	45.296825	0.236042	0.08877295	156.0	1.0
SPIKE	S36:T>A	0	45233	0.0	-1.0	0.0	TRUE	T	4.532224E-5	2.0	0.037651774	0.9929547	12.581539	0.16931707	0.10811029	156.0	1.0
SPIKE	S36:T>G	0	45233	0.0	-1.0	0.0	TRUE	T	2.3092606E-4	0.0	0.023052266	0.9646167	45.296825	0.236042	0.08877295	156.0	1.0
SPIKE	S36:T>C	0	45233	0.0	-1.0	0.0	TRUE	T	1.8515729E-4	8.0	0.013712757	0.97152865	70.77344	0.11998378	0.09990889	156.0	1.0
SPIKE	S37:A>G	6	45233	1.3264651E-4	-1.0	40.0	TRUE	A	9.2590635E-5	44.0	0.014122995	0.98565966	70.77344	0.09654884	0.0934102	156.0	0.0
SPIKE	S37:A>C	0	45233	0.0	-1.0	0.0	TRUE	A	3.821286E-5	1.0	0.026451623	0.9940565	45.296825	0.03919581	0.09213524	156.0	1.0
SPIKE	S37:A>T	0	45233	0.0	-1.0	0.0	TRUE	A	1.2048647E-4	32.0	0.035602823	0.9813796	12.581539	0.1765988	0.09798335	156.0	0.0
SPIKE	S38:T>C	2	45233	4.4215507E-5	-1.0	40.0	TRUE	T	2.8778175E-5	11.0	0.013712757	0.99552065	70.77344	0.11998378	0.09990889	156.0	0.0
SPIKE	S38:T>A	0	45233	0.0	-1.0	0.0	TRUE	T	1.0086387E-4	28.0	0.037651774	0.98438835	12.581539	0.16931707	0.10811029	156.0	0.0
SPIKE	S38:T>G	0	45233	0.0	-1.0	0.0	TRUE	T	2.3092606E-4	1.0	0.023052266	0.9646167	45.296825	0.236042	0.08877295	156.0	1.0
SPIKE	S39:C>T	10	45233	2.2107753E-4	31.352386	40.0	TRUE	C	1.7802902E-4	65.0	0.012774486	0.9726096	55.180115	0.12549211	0.10361399	156.0	0.0
SPIKE	S39:C>A	27	45233	5.969093E-4	-1.0	40.0	TRUE	C	2.793593E-5	1.0	0.035735246	0.9956515	19.79802	0.06619123	0.14089026	156.0	1.0
SPIKE	S39:C>G	1	45233	2.2107753E-5	4.2596874	40.0	TRUE	C	1.3092339E-4	1.0	0.013547274	0.9797831	28.721754	0.20901883	0.29221192	156.0	1.0
SPIKE	S40:G>T	1	45233	2.2107753E-5	4.2596874	40.0	TRUE	G	1.001821E-4	1.0	0.030313704	0.9844931	19.79802	0.23604374	0.085591204	156.0	1.0
SPIKE	S40:G>A	11	45233	2.4318529E-4	34.362686	40.0	TRUE	G	1.6374043E-4	65.0	0.015762739	0.97477996	55.180115	0.11577057	0.102947526	156.0	0.0
SPIKE	S40:G>C	0	45233	0.0	-1.0	0.0	TRUE	G	1.4849222E-4	31.0	0.022294486	0.97710145	28.721754	0.22161001	0.10323503	156.0	0.0
SPIKE	S41:G>A	19	45233	4.2004732E-4	-1.0	40.0	TRUE	G	7.8091594E-5	31.0	0.015762739	0.9878916	55.180115	0.11577057	0.102947526	156.0	0.0
SPIKE	S41:G>C	0	45233	0.0	-1.0	0.0	TRUE	G	1.3757926E-4	1.0	0.022294486	0.9787663	28.721754	0.22161001	0.10323503	156.0	1.0
SPIKE	S41:G>T	0	45233	0.0	-1.0	0.0	TRUE	G	1.001821E-4	1.0	0.030313704	0.9844931	19.79802	0.23604374	0.085591204	156.0	1.0
SPIKE	S42:C>T	39	45233	8.622024E-4	118.651085	40.0	TRUE	C	2.2732935E-4	83.0	0.012774486	0.9651581	55.180115	0.12549211	0.10361399	156.0	0.0
SPIKE	S42:C>A	7	45233	1.5475428E-4	-1.0	40.0	TRUE	C	2.793593E-5	2.0	0.035735246	0.9956515	19.79802	0.06619123	0.14089026	156.0	1.0
SPIKE	S42:C>G	0	45233	0.0	-1.0	0.0	TRUE	C	1.5042507E-4	33.0	0.013547274	0.9768069	28.721754	0.20901883	0.29221192	156.0	0.0
SPIKE	S43:G>A	12	45234	2.6528718E-4	-1.0	40.0	TRUE	G	8.3127925E-5	33.0	0.015762739	0.98711574	55.181335	0.11577057	0.102947526	156.0	0.0
SPIKE	S43:G>C	0	45234	0.0	-1.0	0.0	TRUE	G	1.4848895E-4	31.0	0.022294486	0.977102	28.72239	0.22161001	0.10323503	156.0	0.0
SPIKE	S43:G>T	0	45234	0.0	-1.0	0.0	TRUE	G	1.001821E-4	0.0	0.030313704	0.9844931	19.798458	0.23604374	0.085591204	156.0	1.0
SPIKE	S44:G>A	30	45234	6.632179E-4	91.55839	40.0	TRUE	G	1.6121779E-4	64.0	0.015762739	0.97516364	55.181335	0.11577057	0.102947526	156.0	0.0
SPIKE	S44:G>C	0	45234	0.0	-1.0	0.0	TRUE	G	1.3757926E-4	1.0	0.022294486	0.9787663	28.72239	0.22161001	0.10323503	156.0	1.0
SPIKE	S44:G>T	0	45234	0.0	-1.0	0.0	TRUE	G	1.001821E-4	0.0	0.030313704	0.9844931	19.798458	0.23604374	0.085591204	156.0	1.0
SPIKE	S45:C>T	15	45234	3.3160896E-4	46.403885	40.0	TRUE	C	1.06815045E-4	39.0	0.012774486	0.9834749	55.181335	0.12549211	0.10361399	156.0	0.0
SPIKE	S45:C>A	6	45234	1.3264359E-4	-1.0	40.0	TRUE	C	2.793593E-5	0.0	0.035735246	0.9956515	19.798458	0.06619123	0.14089026	156.0	1.0
SPIKE	S45:C>G	0	45234	0.0	-1.0	0.0	TRUE	C	1.4130527E-4	31.0	0.013547274	0.9781976	28.72239	0.20901883	0.29221192	156.0	0.0
SPIKE	S46:G>T	2	45234	4.421453E-5	7.269987	40.0	TRUE	G	1.001821E-4	0.0	0.030313704	0.9844931	19.798458	0.23604374	0.085591204	156.0	1.0
SPIKE	S46:G>A	10	45234	2.2107264E-4	-1.0	40.0	TRUE	G	9.824209E-5	39.0	0.015762739	0.9847911	55.181335	0.11577057	0.102947526	156.0	0.0
SPIKE	S46:G>C	0	45234	0.0	-1.0	0.0	TRUE	G	1.4848895E-4	31.0	0.022294486	0.977102	28.72239	0.22161001	0.10323503	156.0	0.0
SPIKE	S47:A>G	1	45234	2.2107264E-5	-1.0	40.0	TRUE	A	7.154573E-5	34.0	0.014122995	0.9889009	70.775	0.09654884	0.0934102	156.0	0.0
SPIKE	S47:A>C	0	45234	0.0	-1.0	0.0	TRUE	A	3.821286E-5	1.0	0.026451623	0.9940565	45.297825	0.03919581	0.09213524	156.0	1.0
SPIKE	S47:A>T	0	45234	0.0	-1.0	0.0	TRUE	A	4.7372036E-5	1.0	0.035602823	0.9926372	12.581817	0.1765988	0.09798335	156.0	1.0
SPIKE	S48:A>G	0	45234	0.0	-1.0	0.0	TRUE	A	1.4893085E-4	8.0	0.014122995	0.9770346	70.775	0.09654884	0.0934102	156.0	1.0
SPIKE	S48:A>C	0	45234	0.0	-1.0	0.0	TRUE	A	3.821286E-5	1.0	0.026451623	0.9940565	45.297825	0.03919581	0.09213524	156.0	1.0
SPIKE	S48:A>T	0	45234	0.0	-1.0	0.0	TRUE	A	4.7372036E-5	0.0	0.035602823	0.9926372	12.581817	0.1765988	0.09798335	156.0	1.0
SPIKE	S49:T>C	1	45234	2.2107264E-5	4.2596874	40.0	TRUE	T	1.8515729E-4	9.0	0.013712757	0.97152865	70.775	0.11998378	0.09990889	156.0	1.0
SPIKE	S49:T>A	0	45234	0.0	-1.0	0.0	TRUE	T	1.2247484E-4	34.0	0.037651774	0.9810753	12.581817	0.16931707	0.10811029	156.0	0.0
SPIKE	S49:T>G	0	45234	0.0	-1.0	0.0	TRUE	T	2.3092606E-4	3.0	0.023052266	0.9646167	45.297825	0.236042	0.08877295	156.0	1.0
SPIKE	S50:T>C	1	45234	2.2107264E-5	4.2596874	40.0	TRUE	T	1.8515729E-4	7.0	0.013712757	0.97152865	70.775	0.11998378	0.09990889	156.0	1.0
SPIKE	S50:T>A	0	45234	0.0	-1.0	0.0	TRUE	T	4.532224E-5	0.0	0.037651774	0.9929547	12.581817	0.16931707	0.10811029	156.0	1.0
SPIKE	S50:T>G	0	45234	0.0	-1.0	0.0	TRUE	T	2.3092606E-4	0.0	0.023052266	0.9646167	45.297825	0.236042	0.08877295	156.0	1.0
SPIKE	S51:T>C	1	45234	2.2107264E-5	4.2596874	40.0	TRUE	T	1.8515729E-4	1.0	0.013712757	0.97152865	70.775	0.11998378	0.09990889	156.0	1.0
SPIKE	S51:T>A	0	45234	0.0	-1.0	0.0	TRUE	T	4.532224E-5	0.0	0.037651774	0.9929547	12.581817	0.16931707	0.10811029	156.0	1.0
SPIKE	S51:T>G	0	45234	0.0	-1.0	0.0	TRUE	T	2.3092606E-4	0.0	0.023052266	0.9646167	45.297825	0.236042	0.08877295	156.0	1.0
SPIKE	S52:A>G	8	45234	1.7685811E-4	-1.0	40.0	TRUE	A	8.627573E-5	41.0	0.014122995	0.98663116	70.775	0.09654884	0.0934102	156.0	0.0
SPIKE	S52:A>C	0	45234	0.0	-1.0	0.0	TRUE	A	3.821286E-5	7.0	0.026451623	0.9940565	45.297825	0.03919581	0.09213524	156.0	1.0
SPIKE	S52:A>T	0	45234	0.0	-1.0	0.0	TRUE	A	4.7372036E-5	6.0	0.035602823	0.9926372	12.581817	0.1765988	0.09798335	156.0	1.0
SPIKE	S53:C>T	14	45234	3.0950172E-4	43.393585	40.0	TRUE	C	1.5063661E-4	55.0	0.012774486	0.97677463	55.181335	0.12549211	0.10361399	156.0	0.0
SPIKE	S53:C>A	2	45234	4.421453E-5	-1.0	40.0	TRUE	C	1.6932185E-5	12.0	0.035735246	0.9973621	19.798458	0.06619123	0.14089026	156.0	0.0
SPIKE	S53:C>G	0	45234	0.0	-1.0	0.0	TRUE	C	1.3092339E-4	0.0	0.013547274	0.9797831	28.72239	0.20901883	0.29221192	156.0	1.0
SPIKE	S54:C>T	13	45234	2.8739445E-4	40.383286	40.0	TRUE	C	1.20509285E-4	44.0	0.012774486	0.9813762	55.181335	0.12549211	0.10361399	156.0	0.0
SPIKE	S54:C>A	29	45234	6.4111064E-4	-1.0	40.0	TRUE	C	2.793593E-5	0.0	0.035735246	0.9956515	19.798458	0.06619123	0.14089026	156.0	1.0
SPIKE	S54:C>G	0	45234	0.0	-1.0	0.0	TRUE	C	1.3092339E-4	0.0	0.013547274	0.9797831	28.72239	0.20901883	0.29221192	156.0	1.0
SPIKE	S55:A>T	2	45234	4.421453E-5	-1.0	40.0	TRUE	A	5.2711664E-5	14.0	0.035602823	0.9918107	12.581817	0.1765988	0.09798335	156.0	0.0
SPIKE	S55:A>C	2	45234	4.421453E-5	-1.0	40.0	TRUE	A	6.495654E-5	77.0	0.026451623	0.98991793	45.297825	0.03919581	0.09213524	156.0	0.0
SPIKE	S55:A>G	42	45234	9.285051E-4	114.22498	39.92857	TRUE	A	4.7556867E-4	226.0	0.014122995	0.9284965	70.775	0.09654884	0.0934102	156.0	0.0
SPIKE	S56:C>T	6	45234	1.3264359E-4	19.311188	40.0	TRUE	C	1.1777043E-4	43.0	0.012774486	0.98179555	55.181335	0.12549211	0.10361399	156.0	0.0
SPIKE	S56:C>A	2	45234	4.421453E-5	-1.0	40.0	TRUE	C	2.3987262E-5	17.0	0.035735246	0.996265	19.798458	0.06619123	0.14089026	156.0	0.0
SPIKE	S56:C>G	0	45234	0.0	-1.0	0.0	TRUE	C	1.3092339E-4	0.0	0.013547274	0.9797831	28.72239	0.20901883	0.29221192	156.0	1.0
SPIKE	S57:C>T	9	45234	1.9896538E-4	28.342087	40.0	TRUE	C	1.1503159E-4	42.0	0.012774486	0.9822151	55.181335	0.12549211	0.10361399	156.0	0.0
SPIKE	S57:C>A	20	45234	4.4214528E-4	-1.0	40.0	TRUE	C	2.793593E-5	2.0	0.035735246	0.9956515	19.798458	0.06619123	0.14089026	156.0	1.0
SPIKE	S57:C>G	0	45234	0.0	-1.0	0.0	TRUE	C	1.3092339E-4	0.0	0.013547274	0.9797831	28.72239	0.20901883	0.29221192	156.0	1.0
SPIKE	S58:A>G	10	45234	2.2107264E-4	31.352386	40.0	TRUE	A	1.6203003E-4	77.0	0.014122995	0.9750401	70.775	0.09654884	0.0934102	156.0	0.0
SPIKE	S58:A>C	0	45234	0.0	-1.0	0.0	TRUE	A	2.6151336E-5	31.0	0.026451623	0.9959287	45.297825	0.03919581	0.09213524	156.0	0.0
SPIKE	S58:A>T	0	45234	0.0	-1.0	0.0	TRUE	A	4.7372036E-5	0.0	0.035602823	0.9926372	12.581817	0.1765988	0.09798335	156.0	1.0
SPIKE	S59:T>C	14	45234	3.0950172E-4	43.393585	40.0	TRUE	T	1.3603928E-4	52.0	0.013712757	0.97900146	70.775	0.11998378	0.09990889	156.0	0.0
SPIKE	S59:T>G	1	45234	2.2107264E-5	4.2596874	40.0	TRUE	T	2.3092606E-4	1.0	0.023052266	0.9646167	45.297825	0.236042	0.08877295	156.0	1.0
SPIKE	S59:T>A	1	45234	2.2107264E-5	-1.0	40.0	TRUE	T	9.7259435E-5	27.0	0.037651774	0.9849421	12.581817	0.16931707	0.10811029	156.0	0.0
SPIKE	S60:T>C	3	45234	6.6321794E-5	-1.0	40.0	TRUE	T	4.9706658E-5	19.0	0.013712757	0.9922758	70.775	0.11998378	0.09990889	156.0	0.0
SPIKE	S60:T>A	1	45234	2.2107264E-5	-1.0	40.0	TRUE	T	4.532224E-5	1.0	0.037651774	0.9929547	12.581817	0.16931707	0.10811029	156.0	1.0
SPIKE	S60:T>G	0	45234	0.0	-1.0	0.0	TRUE	T	2.3092606E-4	2.0	0.023052266	0.9646167	45.297825	0.236042	0.08877295	156.0	1.0
SPIKE	S61:G>T	1	45234	2.2107264E-5	4.2596874	40.0	TRUE	G	1.3662259E-4	27.0	0.030313704	0.9789124	19.798458	0.23604374	0.085591204	156.0	0.0
SPIKE	S61:G>A	5	45234	1.1053632E-4	-1.0	39.6	TRUE	G	5.5418615E-5	22.0	0.015762739	0.99139196	55.181335	0.11577057	0.102947526	156.0	0.0
SPIKE	S61:G>C	0	45234	0.0	-1.0	0.0	TRUE	G	1.3757926E-4	0.0	0.022294486	0.9787663	28.72239	0.22161001	0.10323503	156.0	1.0
SPIKE	S62:A>G	1	45234	2.2107264E-5	-1.0	40.0	TRUE	A	6.944144E-5	33.0	0.014122995	0.9892256	70.775	0.09654884	0.0934102	156.0	0.0
SPIKE	S62:A>C	0	45234	0.0	-1.0	0.0	TRUE	A	3.821286E-5	2.0	0.026451623	0.9940565	45.297825	0.03919581	0.09213524	156.0	1.0
SPIKE	S62:A>T	0	45234	0.0	-1.0	0.0	TRUE	A	4.7372036E-5	0.0	0.035602823	0.9926372	12.581817	0.1765988	0.09798335	156.0	1.0
SPIKE	S63:A>G	7	45234	1.5475086E-4	-1.0	40.0	TRUE	A	3.5772864E-5	17.0	0.014122995	0.99443495	70.775	0.09654884	0.0934102	156.0	0.0
SPIKE	S63:A>C	0	45234	0.0	-1.0	0.0	TRUE	A	3.821286E-5	2.0	0.026451623	0.9940565	45.297825	0.03919581	0.09213524	156.0	1.0
SPIKE	S63:A>T	0	45234	0.0	-1.0	0.0	TRUE	A	4.7372036E-5	1.0	0.035602823	0.9926372	12.581817	0.1765988	0.09798335	156.0	1.0
SPIKE	S64:A>G	12	45234	2.6528718E-4	37.372986	40.0	TRUE	A	1.1363145E-4	54.0	0.014122995	0.9824297	70.775	0.09654884	0.0934102	156.0	0.0
SPIKE	S64:A>C	0	45234	0.0	-1.0	0.0	TRUE	A	3.821286E-5	6.0	0.026451623	0.9940565	45.297825	0.03919581	0.09213524	156.0	1.0
SPIKE	S64:A>T	0	45234	0.0	-1.0	0.0	TRUE	A	4.7372036E-5	3.0	0.035602823	0.9926372	12.581817	0.1765988	0.09798335	156.0	1.0
SPIKE	S65:A>G	24	45234	5.3057435E-4	73.49659	40.0	TRUE	A	2.6303576E-4	125.0	0.014122995	0.9597969	70.775	0.09654884	0.0934102	156.0	0.0
SPIKE	S65:A>C	4	45234	8.842906E-5	-1.0	40.0	TRUE	A	7.2548864E-5	86.0	0.026451623	0.98874617	45.297825	0.03919581	0.09213524	156.0	0.0
SPIKE	S65:A>T	0	45234	0.0	-1.0	0.0	TRUE	A	4.7372036E-5	3.0	0.035602823	0.9926372	12.581817	0.1765988	0.09798335	156.0	1.0
SPIKE	S66:C>A	1	45234	2.2107264E-5	-1.0	40.0	TRUE	C	1.4110155E-5	10.0	0.035735246	0.99780124	19.798458	0.06619123	0.14089026	156.0	0.0
SPIKE	S66:C>T	19	45234	4.2003804E-4	58.445087	40.0	TRUE	C	1.20509285E-4	44.0	0.012774486	0.9813762	55.181335	0.12549211	0.10361399	156.0	0.0
SPIKE	S66:C>G	0	45234	0.0	-1.0	0.0	TRUE	C	1.3092339E-4	0.0	0.013547274	0.9797831	28.72239	0.20901883	0.29221192	156.0	1.0
SPIKE	S67:C>A	20	45234	4.4214528E-4	-1.0	40.0	TRUE	C	3.1042342E-5	22.0	0.035735246	0.9951691	19.798458	0.06619123	0.14089026	156.0	0.0
SPIKE	S67:C>T	13	45234	2.8739445E-4	-1.0	40.0	TRUE	C	7.668773E-5	28.0	0.012774486	0.988108	55.181335	0.12549211	0.10361399	156.0	0.0
SPIKE	S67:C>G	0	45234	0.0	-1.0	0.0	TRUE	C	1.3092339E-4	0.0	0.013547274	0.9797831	28.72239	0.20901883	0.29221192	156.0	1.0
SPIKE	S68:A>G	29	45234	6.4111064E-4	76.59832	40.0	TRUE	A	4.1454437E-4	197.0	0.014122995	0.93737775	70.775	0.09654884	0.0934102	156.0	0.0
SPIKE	S68:A>C	3	45234	6.6321794E-5	-1.0	40.0	TRUE	A	1.0966689E-5	13.0	0.026451623	0.99829066	45.297825	0.03919581	0.09213524	156.0	0.0
SPIKE	S68:A>T	4	45234	8.842906E-5	-1.0	40.0	TRUE	A	4.7372036E-5	7.0	0.035602823	0.9926372	12.581817	0.1765988	0.09798335	156.0	1.0
SPIKE	S69:G>A	26	45234	5.747889E-4	-1.0	40.0	TRUE	G	8.3127925E-5	33.0	0.015762739	0.98711574	55.181335	0.11577057	0.102947526	156.0	0.0
SPIKE	S69:G>C	0	45234	0.0	-1.0	0.0	TRUE	G	1.1974915E-4	25.0	0.022294486	0.9814925	28.72239	0.22161001	0.10323503	156.0	0.0
SPIKE	S69:G>T	0	45234	0.0	-1.0	0.0	TRUE	G	1.001821E-4	1.0	0.030313704	0.9844931	19.798458	0.23604374	0.085591204	156.0	1.0
SPIKE	S70:C>A	1	45234	2.2107264E-5	-1.0	40.0	TRUE	C	2.793593E-5	0.0	0.035735246	0.9956515	19.798458	0.06619123	0.14089026	156.0	1.0
SPIKE	S70:C>T	37	45234	8.179688E-4	112.630486	40.0	TRUE	C	2.2184664E-4	81.0	0.012774486	0.9659839	55.181335	0.12549211	0.10361399	156.0	0.0
SPIKE	S70:C>G	0	45234	0.0	-1.0	0.0	TRUE	C	1.3092339E-4	3.0	0.013547274	0.9797831	28.72239	0.20901883	0.29221192	156.0	1.0
SPIKE	S71:C>A	15	45234	3.3160896E-4	-1.0	40.0	TRUE	C	2.793593E-5	2.0	0.035735246	0.9956515	19.798458	0.06619123	0.14089026	156.0	1.0
SPIKE	S71:C>G	1	45234	2.2107264E-5	4.2596874	40.0	TRUE	C	1.0939763E-4	24.0	0.013547274	0.9830788	28.72239	0.20901883	0.29221192	156.0	0.0
SPIKE	S71:C>T	11	45234	2.4317991E-4	34.362686	40.0	TRUE	C	1.8350277E-4	67.0	0.012774486	0.9717794	55.181335	0.12549211	0.10361399	156.0	0.0
SPIKE	S72:G>A	20	45234	4.4214528E-4	61.455387	40.0	TRUE	G	1.1839432E-4	47.0	0.015762739	0.9817	55.181335	0.11577057	0.102947526	156.0	0.0
SPIKE	S72:G>C	1	45234	2.2107264E-5	4.2596874	40.0	TRUE	G	1.3757926E-4	4.0	0.022294486	0.9787663	28.72239	0.22161001	0.10323503	156.0	1.0
SPIKE	S72:G>T	0	45234	0.0	-1.0	0.0	TRUE	G	8.602163E-5	17.0	0.030313704	0.98667026	19.798458	0.23604374	0.085591204	156.0	0.0
SPIKE	S73:T>G	4	45234	8.842906E-5	13.290587	40.0	TRUE	T	1.3254672E-4	26.0	0.023052266	0.97953504	45.297825	0.236042	0.08877295	156.0	0.0
SPIKE	S73:T>C	34	45234	7.51647E-4	91.006836	40.0	TRUE	T	4.002694E-4	153.0	0.013712757	0.93946755	70.775	0.11998378	0.09990889	156.0	0.0
SPIKE	S73:T>A	0	45234	0.0	-1.0	0.0	TRUE	T	4.532224E-5	0.0	0.037651774	0.9929547	12.581817	0.16931707	0.10811029	156.0	1.0
SPIKE	S74:G>A	7	45234	1.5475086E-4	-1.0	40.0	TRUE	G	6.29757E-5	25.0	0.015762739	0.9902239	55.181335	0.11577057	0.102947526	156.0	0.0
SPIKE	S74:G>T	1	45234	2.2107264E-5	4.2596874	40.0	TRUE	G	1.001821E-4	3.0	0.030313704	0.9844931	19.798458	0.23604374	0.085591204	156.0	1.0
SPIKE	S74:G>C	0	45234	0.0	-1.0	0.0	TRUE	G	1.3757926E-4	0.0	0.022294486	0.9787663	28.72239	0.22161001	0.10323503	156.0	1.0
SPIKE	S75:G>A	14	45234	3.0950172E-4	43.393585	39.92857	TRUE	G	1.03280145E-4	41.0	0.015762739	0.9840174	55.181335	0.11577057	0.102947526	156.0	0.0
SPIKE	S75:G>T	1	45234	2.2107264E-5	-1.0	40.0	TRUE	G	9.1081725E-5	18.0	0.030313704	0.9858917	19.798458	0.23604374	0.085591204	156.0	0.0
SPIKE	S75:G>C	0	45234	0.0	-1.0	0.0	TRUE	G	1.3757926E-4	0.0	0.022294486	0.9787663	28.72239	0.22161001	0.10323503	156.0	1.0
SPIKE	S76:T>A	1	45234	2.2107264E-5	-1.0	40.0	TRUE	T	4.532224E-5	0.0	0.037651774	0.9929547	12.581817	0.16931707	0.10811029	156.0	1.0
SPIKE	S76:T>G	1	45234	2.2107264E-5	-1.0	40.0	TRUE	T	7.646926E-5	15.0	0.023052266	0.98814166	45.297825	0.236042	0.08877295	156.0	0.0
SPIKE	S76:T>C	24	45234	5.3057435E-4	73.49659	40.0	TRUE	T	2.2498802E-4	86.0	0.013712757	0.96551067	70.775	0.11998378	0.09990889	156.0	0.0
SPIKE	S77:T>C	2	45234	4.421453E-5	-1.0	40.0	TRUE	T	3.92421E-5	15.0	0.013712757	0.99389696	70.775	0.11998378	0.09990889	156.0	0.0
SPIKE	S77:T>A	0	45234	0.0	-1.0	0.0	TRUE	T	4.532224E-5	0.0	0.037651774	0.9929547	12.581817	0.16931707	0.10811029	156.0	1.0
SPIKE	S77:T>G	0	45234	0.0	-1.0	0.0	TRUE	T	2.3092606E-4	1.0	0.023052266	0.9646167	45.297825	0.236042	0.08877295	156.0	1.0
SPIKE	S78:T>C	2	45234	4.421453E-5	7.269987	40.0	TRUE	T	1.8515729E-4	1.0	0.013712757	0.97152865	70.775	0.11998378	0.09990889	156.0	1.0
SPIKE	S78:T>A	0	45234	0.0	-1.0	0.0	TRUE	T	4.532224E-5	0.0	0.037651774	0.9929547	12.581817	0.16931707	0.10811029	156.0	1.0
SPIKE	S78:T>G	0	45234	0.0	-1.0	0.0	TRUE	T	1.2744876E-4	25.0	0.023052266	0.9803143	45.297825	0.236042	0.08877295	156.0	0.0
SPIKE	S79:G>A	13	45234	2.8739445E-4	-1.0	40.0	TRUE	G	7.557084E-5	30.0	0.015762739	0.9882802	55.181335	0.11577057	0.102947526	156.0	0.0
SPIKE	S79:G>C	0	45234	0.0	-1.0	0.0	TRUE	G	1.2453912E-4	26.0	0.022294486	0.9807594	28.72239	0.22161001	0.10323503	156.0	0.0
SPIKE	S79:G>T	0	45234	0.0	-1.0	0.0	TRUE	G	1.001821E-4	1.0	0.030313704	0.9844931	19.798458	0.23604374	0.085591204	156.0	1.0
SPIKE	S80:C>A	5	45234	1.1053632E-4	-1.0	40.0	TRUE	C	2.793593E-5	1.0	0.035735246	0.9956515	19.798458	0.06619123	0.14089026	156.0	1.0
SPIKE	S80:C>T	40	45234	8.8429055E-4	121.661385	40.0	TRUE	C	2.1636894E-4	79.0	0.012774486	0.96680975	55.181335	0.12549211	0.10361399	156.0	0.0
SPIKE	S80:C>G	0	45234	0.0	-1.0	0.0	TRUE	C	1.0939763E-4	24.0	0.013547274	0.9830788	28.72239	0.20901883	0.29221192	156.0	0.0
SPIKE	S81:G>A	13	45234	2.8739445E-4	40.383286	40.0	TRUE	G	1.13356255E-4	45.0	0.015762739	0.9824719	55.181335	0.11577057	0.102947526	156.0	0.0
SPIKE	S81:G>T	2	45234	4.421453E-5	7.269987	40.0	TRUE	G	1.001821E-4	0.0	0.030313704	0.9844931	19.798458	0.23604374	0.085591204	156.0	1.0
SPIKE	S81:G>C	0	45234	0.0	-1.0	0.0	TRUE	G	1.3757926E-4	1.0	0.022294486	0.9787663	28.72239	0.22161001	0.10323503	156.0	1.0
SPIKE	S82:G>A	27	45234	5.9689616E-4	82.52749	40.0	TRUE	G	1.259514E-4	50.0	0.015762739	0.9805434	55.181335	0.11577057	0.102947526	156.0	0.0
SPIKE	S82:G>C	0	45234	0.0	-1.0	0.0	TRUE	G	1.1974915E-4	25.0	0.022294486	0.9814925	28.72239	0.22161001	0.10323503	156.0	0.0
SPIKE	S82:G>T	0	45234	0.0	-1.0	0.0	TRUE	G	1.001821E-4	1.0	0.030313704	0.9844931	19.798458	0.23604374	0.085591204	156.0	1.0
SPIKE	S83:C>G	1	45234	2.2107264E-5	4.2596874	40.0	TRUE	C	1.185141E-4	26.0	0.013547274	0.98168164	28.72239	0.20901883	0.29221192	156.0	0.0
SPIKE	S83:C>A	7	45234	1.5475086E-4	-1.0	40.0	TRUE	C	2.793593E-5	1.0	0.035735246	0.9956515	19.798458	0.06619123	0.14089026	156.0	1.0
SPIKE	S83:C>T	18	45234	3.9793077E-4	55.434788	40.0	TRUE	C	1.1503159E-4	42.0	0.012774486	0.9822151	55.181335	0.12549211	0.10361399	156.0	0.0
SPIKE	S84:G>A	6	45234	1.3264359E-4	19.311188	40.0	TRUE	G	1.4106557E-4	56.0	0.015762739	0.9782342	55.181335	0.11577057	0.102947526	156.0	0.0
SPIKE	S84:G>T	1	45234	2.2107264E-5	4.2596874	40.0	TRUE	G	1.001821E-4	0.0	0.030313704	0.9844931	19.798458	0.23604374	0.085591204	156.0	1.0
SPIKE	S84:G>C	0	45234	0.0	-1.0	0.0	TRUE	G	1.3757926E-4	1.0	0.022294486	0.9787663	28.72239	0.22161001	0.10323503	156.0	1.0
SPIKE	S85:A>T	1	45234	2.2107264E-5	-1.0	40.0	TRUE	A	9.412797E-5	25.0	0.035602823	0.9854233	12.581817	0.1765988	0.09798335	156.0	0.0
SPIKE	S85:A>G	0	45234	0.0	-1.0	0.0	TRUE	A	1.4893085E-4	9.0	0.014122995	0.9770346	70.775	0.09654884	0.0934102	156.0	1.0
SPIKE	S85:A>C	0	45234	0.0	-1.0	0.0	TRUE	A	9.8700206E-5	117.0	0.026451623	0.9847207	45.297825	0.03919581	0.09213524	156.0	0.0
SPIKE	S86:T>C	4	45234	8.842906E-5	13.290587	40.0	TRUE	T	9.9413315E-5	38.0	0.013712757	0.98461115	70.775	0.11998378	0.09990889	156.0	0.0
SPIKE	S86:T>A	0	45234	0.0	-1.0	0.0	TRUE	T	4.532224E-5	1.0	0.037651774	0.9929547	12.581817	0.16931707	0.10811029	156.0	1.0
SPIKE	S86:T>G	0	45234	0.0	-1.0	0.0	TRUE	T	2.3092606E-4	1.0	0.023052266	0.9646167	45.297825	0.236042	0.08877295	156.0	1.0
SPIKE	S87:T>C	2	45234	4.421453E-5	7.269987	40.0	TRUE	T	1.8515729E-4	8.0	0.013712757	0.97152865	70.775	0.11998378	0.09990889	156.0	1.0
SPIKE	S87:T>A	0	45234	0.0	-1.0	0.0	TRUE	T	4.532224E-5	0.0	0.037651774	0.9929547	12.581817	0.16931707	0.10811029	156.0	1.0
SPIKE	S87:T>G	0	45234	0.0	-1.0	0.0	TRUE	T	2.3092606E-4	1.0	0.023052266	0.9646167	45.297825	0.236042	0.08877295	156.0	1.0
SPIKE	S88:T>C	1	45234	2.2107264E-5	-1.0	40.0	TRUE	T	2.8777538E-5	11.0	0.013712757	0.9955208	70.775	0.11998378	0.09990889	156.0	0.0
SPIKE	S88:T>A	0	45234	0.0	-1.0	0.0	TRUE	T	9.365724E-5	26.0	0.037651774	0.9854957	12.581817	0.16931707	0.10811029	156.0	0.0
SPIKE	S88:T>G	0	45234	0.0	-1.0	0.0	TRUE	T	2.3092606E-4	0.0	0.023052266	0.9646167	45.297825	0.236042	0.08877295	156.0	1.0
SPIKE	S89:A>G	3	45234	6.6321794E-5	-1.0	40.0	TRUE	A	3.1564294E-5	15.0	0.014122995	0.9950881	70.775	0.09654884	0.0934102	156.0	0.0
SPIKE	S89:A>C	0	45234	0.0	-1.0	0.0	TRUE	A	3.821286E-5	2.0	0.026451623	0.9940565	45.297825	0.03919581	0.09213524	156.0	1.0
SPIKE	S89:A>T	0	45234	0.0	-1.0	0.0	TRUE	A	1.16718686E-4	31.0	0.035602823	0.98195666	12.581817	0.1765988	0.09798335	156.0	0.0
SPIKE	S90:T>C	1	45234	2.2107264E-5	-1.0	40.0	TRUE	T	8.633261E-5	33.0	0.013712757	0.9866224	70.775	0.11998378	0.09990889	156.0	0.0
SPIKE	S90:T>A	0	45234	0.0	-1.0	0.0	TRUE	T	4.532224E-5	1.0	0.037651774	0.9929547	12.581817	0.16931707	0.10811029	156.0	1.0
SPIKE	S90:T>G	0	45234	0.0	-1.0	0.0	TRUE	T	2.3092606E-4	0.0	0.023052266	0.9646167	45.297825	0.236042	0.08877295	156.0	1.0
SPIKE	S91:C>A	50	45234	0.0011053632	-1.0	40.0	TRUE	C	2.793593E-5	1.0	0.035735246	0.9956515	19.798458	0.06619123	0.14089026	156.0	1.0
SPIKE	S91:C>T	12	45234	2.6528718E-4	37.372986	40.0	TRUE	C	1.2598698E-4	46.0	0.012774486	0.9805379	55.181335	0.12549211	0.10361399	156.0	0.0
SPIKE	S91:C>G	0	45234	0.0	-1.0	0.0	TRUE	C	1.185141E-4	26.0	0.013547274	0.98168164	28.72239	0.20901883	0.29221192	156.0	0.0
SPIKE	S92:G>A	20	45234	4.4214528E-4	61.455387	40.0	TRUE	G	1.3350848E-4	53.0	0.015762739	0.97938806	55.181335	0.11577057	0.102947526	156.0	0.0
SPIKE	S92:G>C	0	45234	0.0	-1.0	0.0	TRUE	G	1.3757926E-4	1.0	0.022294486	0.9787663	28.72239	0.22161001	0.10323503	156.0	1.0
SPIKE	S92:G>T	0	45234	0.0	-1.0	0.0	TRUE	G	1.214423E-4	24.0	0.030313704	0.98123336	19.798458	0.23604374	0.085591204	156.0	0.0
SPIKE	S93:T>A	2	45234	4.421453E-5	-1.0	40.0	TRUE	T	4.532224E-5	2.0	0.037651774	0.9929547	12.581817	0.16931707	0.10811029	156.0	1.0
SPIKE	S93:T>C	30	45234	6.632179E-4	91.55839	40.0	TRUE	T	2.694624E-4	103.0	0.013712757	0.9588351	70.775	0.11998378	0.09990889	156.0	0.0
SPIKE	S93:T>G	0	45234	0.0	-1.0	0.0	TRUE	T	2.3092606E-4	7.0	0.023052266	0.9646167	45.297825	0.236042	0.08877295	156.0	1.0
SPIKE	S94:C>A	35	45234	7.7375426E-4	-1.0	40.0	TRUE	C	2.793593E-5	0.0	0.035735246	0.9956515	19.798458	0.06619123	0.14089026	156.0	1.0
SPIKE	S94:C>T	10	45234	2.2107264E-4	31.352386	40.0	TRUE	C	1.4242006E-4	52.0	0.012774486	0.97802746	55.181335	0.12549211	0.10361399	156.0	0.0
SPIKE	S94:C>G	0	45234	0.0	-1.0	0.0	TRUE	C	1.13955866E-4	25.0	0.013547274	0.98238	28.72239	0.20901883	0.29221192	156.0	0.0
SPIKE	S95:G>A	20	45234	4.4214528E-4	61.455387	40.0	TRUE	G	1.1839432E-4	47.0	0.015762739	0.9817	55.181335	0.11577057	0.102947526	156.0	0.0
SPIKE	S95:G>C	0	45234	0.0	-1.0	0.0	TRUE	G	1.3757926E-4	1.0	0.022294486	0.9787663	28.72239	0.22161001	0.10323503	156.0	1.0
SPIKE	S95:G>T	0	45234	0.0	-1.0	0.0	TRUE	G	1.3662259E-4	27.0	0.030313704	0.9789124	19.798458	0.23604374	0.085591204	156.0	0.0
SPIKE	S96:T>C	18	45234	3.9793077E-4	55.434788	40.0	TRUE	T	2.7469467E-4	105.0	0.013712757	0.9580528	70.775	0.11998378	0.09990889	156.0	0.0
SPIKE	S96:T>A	3	45234	6.6321794E-5	-1.0	40.0	TRUE	T	4.532224E-5	2.0	0.037651774	0.9929547	12.581817	0.16931707	0.10811029	156.0	1.0
SPIKE	S96:T>G	0	45234	0.0	-1.0	0.0	TRUE	T	2.3092606E-4	3.0	0.023052266	0.9646167	45.297825	0.236042	0.08877295	156.0	1.0
SPIKE	S97:C>T	4	45234	8.842906E-5	13.290587	40.0	TRUE	C	9.85985E-5	36.0	0.012774486	0.9847363	55.181335	0.12549211	0.10361399	156.0	0.0
SPIKE	S97:C>A	19	45234	4.2003804E-4	-1.0	40.0	TRUE	C	3.8097416E-5	27.0	0.035735246	0.9940744	19.798458	0.06619123	0.14089026	156.0	0.0
SPIKE	S97:C>G	0	45234	0.0	-1.0	0.0	TRUE	C	1.3092339E-4	0.0	0.013547274	0.9797831	28.72239	0.20901883	0.29221192	156.0	1.0
SPIKE	S98:A>C	1	45234	2.2107264E-5	-1.0	40.0	TRUE	A	3.821286E-5	4.0	0.026451623	0.9940565	45.297825	0.03919581	0.09213524	156.0	1.0
SPIKE	S98:A>G	8	45234	1.7685811E-4	-1.0	40.0	TRUE	A	9.469288E-5	45.0	0.014122995	0.9853365	70.775	0.09654884	0.0934102	156.0	0.0
SPIKE	S98:A>T	0	45234	0.0	-1.0	0.0	TRUE	A	8.6597734E-5	23.0	0.035602823	0.9865816	12.581817	0.1765988	0.09798335	156.0	0.0
SPIKE	S99:T>C	2	45234	4.421453E-5	7.269987	40.0	TRUE	T	1.1249401E-4	43.0	0.013712757	0.982604	70.775	0.11998378	0.09990889	156.0	0.0
SPIKE	S99:T>G	1	45234	2.2107264E-5	4.2596874	40.0	TRUE	T	2.3092606E-4	1.0	0.023052266	0.9646167	45.297825	0.236042	0.08877295	156.0	1.0
SPIKE	S99:T>A	0	45234	0.0	-1.0	0.0	TRUE	T	4.532224E-5	2.0	0.037651774	0.9929547	12.581817	0.16931707	0.10811029	156.0	1.0
SPIKE	S100:C>T	17	45234	3.758235E-4	52.424488	40.0	TRUE	C	1.9445816E-4	71.0	0.012774486	0.97012	55.181335	0.12549211	0.10361399	156.0	0.0
SPIKE	S100:C>A	23	45234	5.084671E-4	-1.0	40.0	TRUE	C	2.793593E-5	3.0	0.035735246	0.9956515	19.798458	0.06619123	0.14089026	156.0	1.0
SPIKE	S100:C>G	0	45234	0.0	-1.0	0.0	TRUE	C	1.4130527E-4	31.0	0.013547274	0.9781976	28.72239	0.20901883	0.29221192	156.0	0.0
SPIKE	S101:G>A	17	45234	3.758235E-4	52.424488	40.0	TRUE	G	1.2343237E-4	49.0	0.015762739	0.9809288	55.181335	0.11577057	0.102947526	156.0	0.0
SPIKE	I101:>ATC	1	45234	2.2107264E-5	-1.0	39.99967	TRUE		NaN	NaN	NaN	NaN	NaN	NaN	NaN	NaN	NaN
SPIKE	S101:G>C	0	45234	0.0	-1.0	0.0	TRUE	G	1.3757926E-4	0.0	0.022294486	0.9787663	28.72239	0.22161001	0.10323503	156.0	1.0
SPIKE	S101:G>T	0	45234	0.0	-1.0	0.0	TRUE	G	1.265024E-4	25.0	0.030313704	0.9804591	19.798458	0.23604374	0.085591204	156.0	0.0
SPIKE	S102:T>C	5	45234	1.1053632E-4	16.300888	40.0	TRUE	T	1.09877874E-4	42.0	0.013712757	0.9830051	70.775	0.11998378	0.09990889	156.0	0.0
SPIKE	S102:T>A	0	45234	0.0	-1.0	0.0	TRUE	T	4.532224E-5	1.0	0.037651774	0.9929547	12.581817	0.16931707	0.10811029	156.0	1.0
SPIKE	S102:T>G	0	45234	0.0	-1.0	0.0	TRUE	T	1.5803646E-4	31.0	0.023052266	0.97564775	45.297825	0.236042	0.08877295	156.0	0.0
SPIKE	S103:G>A	6	45234	1.3264359E-4	-1.0	40.0	TRUE	G	5.2899588E-5	21.0	0.015762739	0.9917816	55.181335	0.11577057	0.102947526	156.0	0.0
SPIKE	S103:G>C	0	45234	0.0	-1.0	0.0	TRUE	G	1.3757926E-4	0.0	0.022294486	0.9787663	28.72239	0.22161001	0.10323503	156.0	1.0
SPIKE	S103:G>T	0	45234	0.0	-1.0	0.0	TRUE	G	1.001821E-4	3.0	0.030313704	0.9844931	19.798458	0.23604374	0.085591204	156.0	1.0
SPIKE	S104:G>C	1	45234	2.2107264E-5	4.2596874	40.0	TRUE	G	1.1016922E-4	23.0	0.022294486	0.98296046	28.72239	0.22161001	0.10323503	156.0	0.0
SPIKE	S104:G>A	31	45234	6.853252E-4	-1.0	40.0	TRUE	G	8.816598E-5	35.0	0.015762739	0.9863403	55.181335	0.11577057	0.102947526	156.0	0.0
SPIKE	S104:G>T	0	45234	0.0	-1.0	0.0	TRUE	G	1.001821E-4	0.0	0.030313704	0.9844931	19.798458	0.23604374	0.085591204	156.0	1.0
SPIKE	S105:C>T	44	45234	9.7271963E-4	133.70259	40.0	TRUE	C	2.1636894E-4	79.0	0.012774486	0.96680975	55.181335	0.12549211	0.10361399	156.0	0.0
SPIKE	S105:C>A	8	45234	1.7685811E-4	-1.0	40.0	TRUE	C	1.4110155E-5	10.0	0.035735246	0.99780124	19.798458	0.06619123	0.14089026	156.0	0.0
SPIKE	S105:C>G	0	45234	0.0	-1.0	0.0	TRUE	C	1.13955866E-4	25.0	0.013547274	0.98238	28.72239	0.20901883	0.29221192	156.0	0.0
SPIKE	S106:G>A	13	45234	2.8739445E-4	40.383286	40.0	TRUE	G	2.1159835E-4	84.0	0.015762739	0.96752954	55.181335	0.11577057	0.102947526	156.0	0.0
SPIKE	S106:G>C	0	45234	0.0	-1.0	0.0	TRUE	G	1.3757926E-4	0.0	0.022294486	0.9787663	28.72239	0.22161001	0.10323503	156.0	1.0
SPIKE	S106:G>T	0	45234	0.0	-1.0	0.0	TRUE	G	1.001821E-4	0.0	0.030313704	0.9844931	19.798458	0.23604374	0.085591204	156.0	1.0
SPIKE	S107:G>A	33	45234	7.295397E-4	100.58929	40.0	TRUE	G	1.8388905E-4	73.0	0.015762739	0.9717209	55.181335	0.11577057	0.102947526	156.0	0.0
SPIKE	S107:G>C	0	45234	0.0	-1.0	0.0	TRUE	G	1.2932908E-4	27.0	0.022294486	0.98002684	28.72239	0.22161001	0.10323503	156.0	0.0
SPIKE	S107:G>T	0	45234	0.0	-1.0	0.0	TRUE	G	1.001821E-4	1.0	0.030313704	0.9844931	19.798458	0.23604374	0.085591204	156.0	1.0
SPIKE	S108:C>T	38	45234	8.4007607E-4	115.640785	40.0	TRUE	C	1.8076392E-4	66.0	0.012774486	0.97219473	55.181335	0.12549211	0.10361399	156.0	0.0
SPIKE	S108:C>A	4	45234	8.842906E-5	-1.0	40.0	TRUE	C	3.386437E-5	24.0	0.035735246	0.99473107	19.798458	0.06619123	0.14089026	156.0	0.0
SPIKE	S108:C>G	0	45234	0.0	-1.0	0.0	TRUE	C	1.3092339E-4	0.0	0.013547274	0.9797831	28.72239	0.20901883	0.29221192	156.0	1.0
SPIKE	S109:A>G	4	45234	8.842906E-5	-1.0	40.0	TRUE	A	9.0484304E-5	43.0	0.014122995	0.9859836	70.775	0.09654884	0.0934102	156.0	0.0
SPIKE	S109:A>C	0	45234	0.0	-1.0	0.0	TRUE	A	3.821286E-5	7.0	0.026451623	0.9940565	45.297825	0.03919581	0.09213524	156.0	1.0
SPIKE	S109:A>T	0	45234	0.0	-1.0	0.0	TRUE	A	4.7372036E-5	0.0	0.035602823	0.9926372	12.581817	0.1765988	0.09798335	156.0	1.0
SPIKE	S110:G>A	22	45234	4.8635982E-4	-1.0	40.0	TRUE	G	9.0685004E-5	36.0	0.015762739	0.98595273	55.181335	0.11577057	0.102947526	156.0	0.0
SPIKE	S110:G>C	0	45234	0.0	-1.0	0.0	TRUE	G	9.5799325E-5	20.0	0.022294486	0.98516643	28.72239	0.22161001	0.10323503	156.0	0.0
SPIKE	S110:G>T	0	45234	0.0	-1.0	0.0	TRUE	G	1.001821E-4	5.0	0.030313704	0.9844931	19.798458	0.23604374	0.085591204	156.0	1.0
SPIKE	S111:C>T	36	45234	7.9586153E-4	109.620186	40.0	TRUE	C	1.6433084E-4	60.0	0.012774486	0.9746902	55.181335	0.12549211	0.10361399	156.0	0.0
SPIKE	S111:C>A	3	45234	6.6321794E-5	-1.0	40.0	TRUE	C	1.83432E-5	13.0	0.035735246	0.99714255	19.798458	0.06619123	0.14089026	156.0	0.0
SPIKE	S111:C>G	0	45234	0.0	-1.0	0.0	TRUE	C	9.572293E-5	21.0	0.013547274	0.9851782	28.72239	0.20901883	0.29221192	156.0	0.0
SPIKE	S112:G>A	9	45234	1.9896538E-4	28.342087	40.0	TRUE	G	1.03280145E-4	41.0	0.015762739	0.9840174	55.181335	0.11577057	0.102947526	156.0	0.0
SPIKE	S112:G>C	0	45234	0.0	-1.0	0.0	TRUE	G	1.3757926E-4	0.0	0.022294486	0.9787663	28.72239	0.22161001	0.10323503	156.0	1.0
SPIKE	S112:G>T	0	45234	0.0	-1.0	0.0	TRUE	G	7.084134E-5	14.0	0.030313704	0.9890096	19.798458	0.23604374	0.085591204	156.0	0.0
SPIKE	S113:T>C	19	45234	4.2003804E-4	58.445087	40.0	TRUE	T	2.1975575E-4	84.0	0.013712757	0.96629906	70.775	0.11998378	0.09990889	156.0	0.0
SPIKE	S113:T>G	1	45234	2.2107264E-5	4.2596874	40.0	TRUE	T	1.1725286E-4	23.0	0.023052266	0.9818748	45.297825	0.236042	0.08877295	156.0	0.0
SPIKE	S113:T>A	0	45234	0.0	-1.0	0.0	TRUE	T	4.532224E-5	3.0	0.037651774	0.9929547	12.581817	0.16931707	0.10811029	156.0	1.0
SPIKE	S114:G>A	8	45234	1.7685811E-4	-1.0	40.0	TRUE	G	9.3204035E-5	37.0	0.015762739	0.98556536	55.181335	0.11577057	0.102947526	156.0	0.0
SPIKE	S114:G>C	0	45234	0.0	-1.0	0.0	TRUE	G	1.3757926E-4	4.0	0.022294486	0.9787663	28.72239	0.22161001	0.10323503	156.0	1.0
SPIKE	S114:G>T	0	45234	0.0	-1.0	0.0	TRUE	G	1.001821E-4	0.0	0.030313704	0.9844931	19.798458	0.23604374	0.085591204	156.0	1.0
SPIKE	S115:A>C	1	45234	2.2107264E-5	-1.0	40.0	TRUE	A	5.567704E-5	66.0	0.026451623	0.991352	45.297825	0.03919581	0.09213524	156.0	0.0
SPIKE	S115:A>G	21	45234	4.6425255E-4	64.46568	40.0	TRUE	A	1.830729E-4	87.0	0.014122995	0.9718446	70.775	0.09654884	0.0934102	156.0	0.0
SPIKE	S115:A>T	0	45234	0.0	-1.0	0.0	TRUE	A	4.7372036E-5	7.0	0.035602823	0.9926372	12.581817	0.1765988	0.09798335	156.0	1.0
SPIKE	S116:C>T	4	45234	8.842906E-5	-1.0	40.0	TRUE	C	4.6560406E-5	17.0	0.012774486	0.99276286	55.181335	0.12549211	0.10361399	156.0	0.0
SPIKE	S116:C>A	0	45234	0.0	-1.0	0.0	TRUE	C	2.793593E-5	5.0	0.035735246	0.9956515	19.798458	0.06619123	0.14089026	156.0	1.0
SPIKE	S116:C>G	0	45234	0.0	-1.0	0.0	TRUE	C	1.3092339E-4	0.0	0.013547274	0.9797831	28.72239	0.20901883	0.29221192	156.0	1.0
SPIKE	S117:C>T	12	45234	2.6528718E-4	37.372986	40.0	TRUE	C	1.6980854E-4	62.0	0.012774486	0.97385764	55.181335	0.12549211	0.10361399	156.0	0.0
SPIKE	S117:C>A	10	45234	2.2107264E-4	-1.0	40.0	TRUE	C	2.5398278E-5	18.0	0.035735246	0.9960457	19.798458	0.06619123	0.14089026	156.0	0.0
SPIKE	S117:C>G	0	45234	0.0	-1.0	0.0	TRUE	C	1.3092339E-4	0.0	0.013547274	0.9797831	28.72239	0.20901883	0.29221192	156.0	1.0
SPIKE	S118:T>C	13	45234	2.8739445E-4	40.383286	40.0	TRUE	T	1.7528137E-4	67.0	0.013712757	0.9730266	70.775	0.11998378	0.09990889	156.0	0.0
SPIKE	S118:T>G	1	45234	2.2107264E-5	4.2596874	40.0	TRUE	T	2.3092606E-4	7.0	0.023052266	0.9646167	45.297825	0.236042	0.08877295	156.0	1.0
SPIKE	S118:T>A	6	45234	1.3264359E-4	19.311188	40.0	TRUE	T	1.08066044E-4	30.0	0.037651774	0.983283	12.581817	0.16931707	0.10811029	156.0	0.0
SPIKE	S119:A>G	5	45234	1.1053632E-4	16.300888	40.0	TRUE	A	1.11527166E-4	53.0	0.014122995	0.98275226	70.775	0.09654884	0.0934102	156.0	0.0
SPIKE	S119:A>C	0	45234	0.0	-1.0	0.0	TRUE	A	6.158218E-5	73.0	0.026451623	0.9904392	45.297825	0.03919581	0.09213524	156.0	0.0
SPIKE	S119:A>T	0	45234	0.0	-1.0	0.0	TRUE	A	1.2424892E-4	33.0	0.035602823	0.9808038	12.581817	0.1765988	0.09798335	156.0	0.0
SPIKE	S120:T>C	6	45234	1.3264359E-4	-1.0	40.0	TRUE	T	8.633261E-5	33.0	0.013712757	0.9866224	70.775	0.11998378	0.09990889	156.0	0.0
SPIKE	S120:T>G	1	45234	2.2107264E-5	4.2596874	40.0	TRUE	T	1.7842826E-4	35.0	0.023052266	0.972549	45.297825	0.236042	0.08877295	156.0	0.0
SPIKE	S120:T>A	0	45234	0.0	-1.0	0.0	TRUE	T	4.532224E-5	1.0	0.037651774	0.9929547	12.581817	0.16931707	0.10811029	156.0	1.0
SPIKE	S121:G>A	7	45234	1.5475086E-4	-1.0	40.0	TRUE	G	7.557084E-5	30.0	0.015762739	0.9882802	55.181335	0.11577057	0.102947526	156.0	0.0
SPIKE	S121:G>C	0	45234	0.0	-1.0	0.0	TRUE	G	1.3757926E-4	0.0	0.022294486	0.9787663	28.72239	0.22161001	0.10323503	156.0	1.0
SPIKE	S121:G>T	0	45234	0.0	-1.0	0.0	TRUE	G	1.9228365E-4	38.0	0.030313704	0.97044915	19.798458	0.23604374	0.085591204	156.0	0.0
SPIKE	S122:T>C	16	45234	3.5371623E-4	39.792072	40.0	TRUE	T	3.0085607E-4	115.0	0.013712757	0.9541508	70.775	0.11998378	0.09990889	156.0	0.0
SPIKE	S122:T>A	0	45234	0.0	-1.0	0.0	TRUE	T	4.532224E-5	2.0	0.037651774	0.9929547	12.581817	0.16931707	0.10811029	156.0	1.0
SPIKE	S122:T>G	0	45234	0.0	-1.0	0.0	TRUE	T	3.0587704E-4	60.0	0.023052266	0.9534037	45.297825	0.236042	0.08877295	156.0	0.0
SPIKE	S123:G>A	6	45234	1.3264359E-4	-1.0	40.0	TRUE	G	5.2899588E-5	21.0	0.015762739	0.9917816	55.181335	0.11577057	0.102947526	156.0	0.0
SPIKE	S123:G>C	0	45234	0.0	-1.0	0.0	TRUE	G	1.3757926E-4	4.0	0.022294486	0.9787663	28.72239	0.22161001	0.10323503	156.0	1.0
SPIKE	S123:G>T	0	45234	0.0	-1.0	0.0	TRUE	G	1.4674278E-4	29.0	0.030313704	0.9773682	19.798458	0.23604374	0.085591204	156.0	0.0
SPIKE	S124:T>C	16	45234	3.5371623E-4	49.41419	40.0	TRUE	T	2.511494E-4	96.0	0.013712757	0.96157825	70.775	0.11998378	0.09990889	156.0	0.0
SPIKE	S124:T>A	0	45234	0.0	-1.0	0.0	TRUE	T	4.532224E-5	0.0	0.037651774	0.9929547	12.581817	0.16931707	0.10811029	156.0	1.0
SPIKE	S124:T>G	0	45234	0.0	-1.0	0.0	TRUE	T	1.9372211E-4	38.0	0.023052266	0.9702314	45.297825	0.236042	0.08877295	156.0	0.0
SPIKE	S125:G>A	34	45234	7.51647E-4	-1.0	40.0	TRUE	G	8.0608894E-5	32.0	0.015762739	0.98750377	55.181335	0.11577057	0.102947526	156.0	0.0
SPIKE	S125:G>C	0	45234	0.0	-1.0	0.0	TRUE	G	1.2453912E-4	26.0	0.022294486	0.9807594	28.72239	0.22161001	0.10323503	156.0	0.0
SPIKE	S125:G>T	0	45234	0.0	-1.0	0.0	TRUE	G	1.001821E-4	0.0	0.030313704	0.9844931	19.798458	0.23604374	0.085591204	156.0	1.0
SPIKE	S126:C>T	31	45234	6.853252E-4	94.56869	40.0	TRUE	C	1.9445816E-4	71.0	0.012774486	0.97012	55.181335	0.12549211	0.10361399	156.0	0.0
SPIKE	S126:C>G	1	45234	2.2107264E-5	4.2596874	40.0	TRUE	C	1.6865467E-4	37.0	0.013547274	0.97403294	28.72239	0.20901883	0.29221192	156.0	0.0
SPIKE	S126:C>A	10	45234	2.2107264E-4	-1.0	40.0	TRUE	C	5.0796556E-5	36.0	0.035735246	0.99210703	19.798458	0.06619123	0.14089026	156.0	0.0
SPIKE	S127:G>T	3	45234	6.6321794E-5	10.280287	40.0	TRUE	G	1.001821E-4	0.0	0.030313704	0.9844931	19.798458	0.23604374	0.085591204	156.0	1.0
SPIKE	S127:G>A	10	45234	2.2107264E-4	-1.0	40.0	TRUE	G	9.572306E-5	38.0	0.015762739	0.9851782	55.181335	0.11577057	0.102947526	156.0	0.0
SPIKE	S127:G>C	0	45234	0.0	-1.0	0.0	TRUE	G	9.5799325E-5	20.0	0.022294486	0.98516643	28.72239	0.22161001	0.10323503	156.0	0.0
SPIKE	S128:G>A	24	45234	5.3057435E-4	73.49659	40.0	TRUE	G	1.2847042E-4	51.0	0.015762739	0.9801581	55.181335	0.11577057	0.102947526	156.0	0.0
SPIKE	S128:G>T	1	45234	2.2107264E-5	4.2596874	40.0	TRUE	G	1.001821E-4	1.0	0.030313704	0.9844931	19.798458	0.23604374	0.085591204	156.0	1.0
SPIKE	S128:G>C	0	45234	0.0	-1.0	0.0	TRUE	G	8.1429425E-5	17.0	0.022294486	0.98737735	28.72239	0.22161001	0.10323503	156.0	0.0
SPIKE	S129:C>A	11	45234	2.4317991E-4	34.362686	40.0	TRUE	C	1.001821E-4	71.0	0.035735246	0.9844931	19.798458	0.06619123	0.14089026	156.0	0.0
SPIKE	S129:C>T	24	45234	5.3057435E-4	73.49659	40.0	TRUE	C	1.8076392E-4	66.0	0.012774486	0.97219473	55.181335	0.12549211	0.10361399	156.0	0.0
SPIKE	S129:C>G	0	45234	0.0	-1.0	0.0	TRUE	C	1.7777114E-4	39.0	0.013547274	0.97264874	28.72239	0.20901883	0.29221192	156.0	0.0
SPIKE	D130-133:GGC>	2	45234	4.421453E-5	-1.0	39.997723	TRUE		NaN	NaN	NaN	NaN	NaN	NaN	NaN	NaN	NaN
SPIKE	S130:G>A	7	45234	1.5475086E-4	-1.0	40.0	TRUE	G	8.816598E-5	35.0	0.015762739	0.9863403	55.181335	0.11577057	0.102947526	156.0	0.0
SPIKE	S130:G>C	0	45234	0.0	-1.0	0.0	TRUE	G	9.100936E-5	19.0	0.022294486	0.98590285	28.72239	0.22161001	0.10323503	156.0	0.0
SPIKE	S130:G>T	0	45234	0.0	-1.0	0.0	TRUE	G	1.001821E-4	1.0	0.030313704	0.9844931	19.798458	0.23604374	0.085591204	156.0	1.0
SPIKE	S131:G>A	42	45234	9.285051E-4	127.681984	40.0	TRUE	G	2.166364E-4	86.0	0.015762739	0.9667694	55.181335	0.11577057	0.102947526	156.0	0.0
SPIKE	S131:G>C	0	45234	0.0	-1.0	0.0	TRUE	G	9.100936E-5	19.0	0.022294486	0.98590285	28.72239	0.22161001	0.10323503	156.0	0.0
SPIKE	S131:G>T	0	45234	0.0	-1.0	0.0	TRUE	G	1.001821E-4	1.0	0.030313704	0.9844931	19.798458	0.23604374	0.085591204	156.0	1.0
SPIKE	S132:C>A	4	45234	8.842906E-5	13.290587	40.0	TRUE	C	1.6932185E-4	120.0	0.035735246	0.9739316	19.798458	0.06619123	0.14089026	156.0	0.0
SPIKE	S132:C>T	34	45234	7.51647E-4	103.59959	40.0	TRUE	C	1.6980854E-4	62.0	0.012774486	0.97385764	55.181335	0.12549211	0.10361399	156.0	0.0
SPIKE	S132:C>G	0	45234	0.0	-1.0	0.0	TRUE	C	8.660646E-5	19.0	0.013547274	0.98658025	28.72239	0.20901883	0.29221192	156.0	0.0
SPIKE	S133:A>G	3	45234	6.6321794E-5	-1.0	40.0	TRUE	A	7.785859E-5	37.0	0.014122995	0.9879275	70.775	0.09654884	0.0934102	156.0	0.0
SPIKE	S133:A>C	0	45234	0.0	-1.0	0.0	TRUE	A	3.7455463E-4	444.0	0.026451623	0.9432438	45.297825	0.03919581	0.09213524	156.0	0.0
SPIKE	S133:A>T	0	45234	0.0	-1.0	0.0	TRUE	A	4.7372036E-5	1.0	0.035602823	0.9926372	12.581817	0.1765988	0.09798335	156.0	1.0
SPIKE	S134:G>A	67	45234	0.0014811867	207.7107	40.0	TRUE	G	1.889271E-4	75.0	0.015762739	0.97095746	55.181335	0.11577057	0.102947526	156.0	0.0
SPIKE	S134:G>C	2	45234	4.421453E-5	7.269987	40.0	TRUE	G	1.8201872E-4	38.0	0.022294486	0.9720044	28.72239	0.22161001	0.10323503	156.0	0.0
SPIKE	S134:G>T	0	45234	0.0	-1.0	0.0	TRUE	G	5.5661058E-5	11.0	0.030313704	0.99135447	19.798458	0.23604374	0.085591204	156.0	0.0
SPIKE	S135:C>A	1	45234	2.2107264E-5	-1.0	40.0	TRUE	C	5.644062E-5	40.0	0.035735246	0.9912339	19.798458	0.06619123	0.14089026	156.0	0.0
SPIKE	S135:C>G	3	45234	6.6321794E-5	-1.0	40.0	TRUE	C	5.014058E-5	11.0	0.013547274	0.9922086	28.72239	0.20901883	0.29221192	156.0	0.0
SPIKE	S135:C>T	38	45234	8.4007607E-4	115.640785	40.0	TRUE	C	2.6019049E-4	95.0	0.012774486	0.960223	55.181335	0.12549211	0.10361399	156.0	0.0
SPIKE	D135-136:C>	6	45234	1.3264359E-4	-1.0	39.99925	TRUE		NaN	NaN	NaN	NaN	NaN	NaN	NaN	NaN	NaN
SPIKE	S136:C>T	28	45234	6.1900343E-4	85.53779	40.0	TRUE	C	1.2324813E-4	45.0	0.012774486	0.980957	55.181335	0.12549211	0.10361399	156.0	0.0
SPIKE	S136:C>A	0	45234	0.0	-1.0	0.0	TRUE	C	1.6649983E-4	118.0	0.035735246	0.97436047	19.798458	0.06619123	0.14089026	156.0	0.0
SPIKE	S136:C>G	0	45234	0.0	-1.0	0.0	TRUE	C	8.2048224E-5	18.0	0.013547274	0.98728204	28.72239	0.20901883	0.29221192	156.0	0.0
SPIKE	I137:>T	2	45221	4.422724E-5	-1.0	39.03839	TRUE		NaN	NaN	NaN	NaN	NaN	NaN	NaN	NaN	NaN
SPIKE	S137:T>G	2	45221	4.422724E-5	-1.0	37.5	TRUE	T	8.159065E-5	16.0	0.023052266	0.9873525	45.284805	0.236042	0.08877295	156.0	0.0
SPIKE	S137:T>C	3	45221	6.634086E-5	10.280287	36.333332	TRUE	T	1.7533176E-4	67.0	0.013712757	0.97301894	70.75466	0.11998378	0.09990889	156.0	0.0
SPIKE	D137-138:T>	7	45221	1.5479534E-4	-1.0	39.03839	TRUE		NaN	NaN	NaN	NaN	NaN	NaN	NaN	NaN	NaN
SPIKE	S137:T>A	0	45221	0.0	-1.0	0.0	TRUE	T	7.9271216E-5	22.0	0.037651774	0.9877098	12.578201	0.16931707	0.10811029	156.0	0.0
SPIKE	I138:>G	6	45221	1.3268171E-4	-1.0	39.035404	TRUE		NaN	NaN	NaN	NaN	NaN	NaN	NaN	NaN	NaN
SPIKE	S138:G>A	10	45221	2.211362E-4	31.352386	37.9	TRUE	G	1.4866538E-4	59.0	0.015762739	0.97707504	55.165478	0.11577057	0.102947526	156.0	0.0
SPIKE	S138:G>C	1	45221	2.211362E-5	4.2596874	37.0	TRUE	G	1.3757926E-4	4.0	0.022294486	0.9787663	28.714134	0.22161001	0.10323503	156.0	1.0
SPIKE	D138-139:G>	20	45221	4.422724E-4	-1.0	39.035404	TRUE		NaN	NaN	NaN	NaN	NaN	NaN	NaN	NaN	NaN
SPIKE	S138:G>T	0	45221	0.0	-1.0	0.0	TRUE	G	1.9233892E-4	38.0	0.030313704	0.9704408	19.792768	0.23604374	0.085591204	156.0	0.0
SPIKE	D139-141:AT>	1	45218	2.2115088E-5	-1.0	38.69227	TRUE		NaN	NaN	NaN	NaN	NaN	NaN	NaN	NaN	NaN
SPIKE	D139-140:A>	14	45218	3.096112E-4	-1.0	38.69227	TRUE		NaN	NaN	NaN	NaN	NaN	NaN	NaN	NaN	NaN
SPIKE	I139:>A	2	45218	4.4230175E-5	-1.0	38.69227	TRUE		NaN	NaN	NaN	NaN	NaN	NaN	NaN	NaN	NaN
SPIKE	D139-143:ATTA>	3	45218	6.634526E-5	-1.0	38.69227	TRUE		NaN	NaN	NaN	NaN	NaN	NaN	NaN	NaN	NaN
SPIKE	S139:A>G	0	45218	0.0	-1.0	0.0	TRUE	A	9.472638E-5	45.0	0.014122995	0.98533136	70.74996	0.09654884	0.0934102	156.0	0.0
SPIKE	S139:A>C	0	45218	0.0	-1.0	0.0	TRUE	A	6.2447856E-4	740.0	0.026451623	0.90717614	45.281803	0.03919581	0.09213524	156.0	0.0
SPIKE	S139:A>T	0	45218	0.0	-1.0	0.0	TRUE	A	2.6365157E-4	70.0	0.035602823	0.9597047	12.577367	0.1765988	0.09798335	156.0	0.0
SPIKE	I140:>T	14	45218	3.096112E-4	-1.0	38.896812	TRUE		NaN	NaN	NaN	NaN	NaN	NaN	NaN	NaN	NaN
SPIKE	D140-142:TT>	1	45218	2.2115088E-5	-1.0	38.896812	TRUE		NaN	NaN	NaN	NaN	NaN	NaN	NaN	NaN	NaN
SPIKE	I140:>GA	1	45218	2.2115088E-5	-1.0	38.896812	TRUE		NaN	NaN	NaN	NaN	NaN	NaN	NaN	NaN	NaN
SPIKE	D140-143:TTA>	3	45218	6.634526E-5	-1.0	38.896812	TRUE		NaN	NaN	NaN	NaN	NaN	NaN	NaN	NaN	NaN
SPIKE	S140:T>G	2	45218	4.4230175E-5	-1.0	39.0	TRUE	T	9.689533E-5	19.0	0.023052266	0.984998	45.281803	0.236042	0.08877295	156.0	0.0
SPIKE	S140:T>C	2	45218	4.4230175E-5	-1.0	37.5	TRUE	T	4.4490112E-5	17.0	0.013712757	0.9930836	70.74996	0.11998378	0.09990889	156.0	0.0
SPIKE	D140-141:T>	55	45218	0.0012163298	-1.0	38.896812	TRUE		NaN	NaN	NaN	NaN	NaN	NaN	NaN	NaN	NaN
SPIKE	S140:T>A	0	45218	0.0	-1.0	0.0	TRUE	T	2.4143289E-4	67.0	0.037651774	0.9630369	12.577367	0.16931707	0.10811029	156.0	0.0
SPIKE	I141:>AT	1	45210	2.2119E-5	-1.0	39.104645	TRUE		NaN	NaN	NaN	NaN	NaN	NaN	NaN	NaN	NaN
SPIKE	S141:T>G	1	45210	2.2119E-5	4.2596874	36.0	TRUE	T	2.0912693E-4	41.0	0.023052266	0.9679026	45.273792	0.236042	0.08877295	156.0	0.0
SPIKE	S141:T>A	0	45210	0.0	-1.0	0.0	TRUE	T	3.2076612E-4	89.0	0.037651774	0.95119184	12.575141	0.16931707	0.10811029	156.0	0.0
SPIKE	S141:T>C	0	45210	0.0	-1.0	0.0	TRUE	T	8.899597E-5	34.0	0.013712757	0.98621255	70.73745	0.11998378	0.09990889	156.0	0.0
SPIKE	S142:A>T	1	45200	2.2123893E-5	4.2596874	39.0	TRUE	A	2.675245E-4	71.0	0.035602823	0.95912504	12.57236	0.1765988	0.09798335	156.0	0.0
SPIKE	D142-143:A>	19	45200	4.20354E-4	-1.0	38.775352	TRUE		NaN	NaN	NaN	NaN	NaN	NaN	NaN	NaN	NaN
SPIKE	I142:>A	2	45200	4.4247787E-5	-1.0	38.775352	TRUE		NaN	NaN	NaN	NaN	NaN	NaN	NaN	NaN	NaN
SPIKE	D142-144:AG>	6	45200	1.3274336E-4	-1.0	38.775352	TRUE		NaN	NaN	NaN	NaN	NaN	NaN	NaN	NaN	NaN
SPIKE	D142-145:AGC>	5	45200	1.1061947E-4	-1.0	38.775352	TRUE		NaN	NaN	NaN	NaN	NaN	NaN	NaN	NaN	NaN
SPIKE	I142:>CTGATT	1	45200	2.2123893E-5	-1.0	38.775352	TRUE		NaN	NaN	NaN	NaN	NaN	NaN	NaN	NaN	NaN
SPIKE	S142:A>G	0	45200	0.0	-1.0	0.0	TRUE	A	3.8326817E-4	182.0	0.014122995	0.9419625	70.7218	0.09654884	0.0934102	156.0	0.0
SPIKE	S142:A>C	0	45200	0.0	-1.0	0.0	TRUE	A	7.344766E-5	87.0	0.026451623	0.9886075	45.26378	0.03919581	0.09213524	156.0	0.0
SPIKE	I143:>G	2	45193	4.425464E-5	-1.0	38.996414	TRUE		NaN	NaN	NaN	NaN	NaN	NaN	NaN	NaN	NaN
SPIKE	S143:G>A	17	45193	3.7616445E-4	52.424488	36.764706	TRUE	G	2.7230184E-4	108.0	0.015762739	0.9584105	55.131317	0.11577057	0.102947526	156.0	0.0
SPIKE	S143:G>T	1	45193	2.212732E-5	4.2596874	38.0	TRUE	G	1.001821E-4	4.0	0.030313704	0.9844931	19.780512	0.23604374	0.085591204	156.0	1.0
SPIKE	D143-144:G>	23	45193	5.089284E-4	-1.0	38.996414	TRUE		NaN	NaN	NaN	NaN	NaN	NaN	NaN	NaN	NaN
SPIKE	D143-145:GC>	3	45193	6.638196E-5	-1.0	38.996414	TRUE		NaN	NaN	NaN	NaN	NaN	NaN	NaN	NaN	NaN
SPIKE	S143:G>C	0	45193	0.0	-1.0	0.0	TRUE	G	8.198273E-4	171.0	0.022294486	0.8799475	28.696356	0.22161001	0.10323503	156.0	0.0
SPIKE	I144:>C	25	45189	5.53232E-4	-1.0	39.071964	TRUE		NaN	NaN	NaN	NaN	NaN	NaN	NaN	NaN	NaN
SPIKE	I144:>AG	1	45189	2.212928E-5	-1.0	39.071964	TRUE		NaN	NaN	NaN	NaN	NaN	NaN	NaN	NaN	NaN
SPIKE	S144:C>A	1	45189	2.212928E-5	-1.0	37.0	TRUE	C	3.6722937E-5	26.0	0.035735246	0.9942876	19.77876	0.06619123	0.14089026	156.0	0.0
SPIKE	S144:C>T	21	45189	4.6471486E-4	64.46568	37.857143	TRUE	C	2.1384282E-4	78.0	0.012774486	0.9671908	55.12644	0.12549211	0.10361399	156.0	0.0
SPIKE	D144-145:C>	59	45189	0.0013056275	-1.0	39.071964	TRUE		NaN	NaN	NaN	NaN	NaN	NaN	NaN	NaN	NaN
SPIKE	S144:C>G	0	45189	0.0	-1.0	0.0	TRUE	C	4.3346352E-4	95.0	0.013547274	0.93461525	28.693815	0.20901883	0.29221192	156.0	0.0
SPIKE	S145:C>T	15	45180	3.3200532E-4	46.403885	38.133335	TRUE	C	1.7549573E-4	64.0	0.012774486	0.972994	55.11546	0.12549211	0.10361399	156.0	0.0
SPIKE	I145:>GTG	1	45180	2.2133687E-5	-1.0	39.12862	TRUE		NaN	NaN	NaN	NaN	NaN	NaN	NaN	NaN	NaN
SPIKE	S145:C>A	0	45180	0.0	-1.0	0.0	TRUE	C	2.966674E-5	21.0	0.035735246	0.99538267	19.774822	0.06619123	0.14089026	156.0	0.0
SPIKE	S145:C>G	0	45180	0.0	-1.0	0.0	TRUE	C	2.4187518E-4	53.0	0.013547274	0.9629705	28.6881	0.20901883	0.29221192	156.0	0.0
SPIKE	S146:C>T	9	45158	1.9930024E-4	20.808811	38.333332	TRUE	C	3.3744518E-4	123.0	0.012774486	0.9487201	55.088623	0.12549211	0.10361399	156.0	0.0
SPIKE	S146:C>A	0	45158	0.0	-1.0	0.0	TRUE	C	6.501595E-5	46.0	0.035735246	0.98990875	19.765194	0.06619123	0.14089026	156.0	0.0
SPIKE	S146:C>G	0	45158	0.0	-1.0	0.0	TRUE	C	8.857858E-4	194.0	0.013547274	0.8709397	28.674131	0.20901883	0.29221192	156.0	0.0
SPIKE	S147:G>A	13	45124	2.8809503E-4	40.383286	37.23077	TRUE	G	1.6161079E-4	64.0	0.015762739	0.97510386	55.047146	0.11577057	0.102947526	156.0	0.0
SPIKE	S147:G>C	1	45124	2.2161155E-5	0.57991946	37.0	TRUE	G	7.0103985E-4	146.0	0.022294486	0.8964057	28.652542	0.22161001	0.10323503	156.0	0.0
SPIKE	S147:G>T	0	45124	0.0	-1.0	0.0	TRUE	G	9.891241E-4	195.0	0.030313704	0.857012	19.75031	0.23604374	0.085591204	156.0	0.0
SPIKE	S148:T>G	2	45101	4.4344913E-5	0.16423042	38.5	TRUE	T	0.0016617198	325.0	0.023052266	0.77164686	45.16464	0.236042	0.08877295	156.0	0.0
SPIKE	S148:T>C	2	45101	4.4344913E-5	3.9120662	36.5	TRUE	T	3.306057E-4	126.0	0.013712757	0.9497329	70.5669	0.11998378	0.09990889	156.0	0.0
SPIKE	S148:T>A	0	45101	0.0	-1.0	0.0	TRUE	T	4.532224E-5	5.0	0.037651774	0.9929547	12.544823	0.16931707	0.10811029	156.0	1.0
SPIKE	S149:G>A	13	45078	2.88389E-4	40.383286	36.53846	TRUE	G	1.6430345E-4	65.0	0.015762739	0.9746944	54.991028	0.11577057	0.102947526	156.0	0.0
SPIKE	S149:G>T	1	45078	2.218377E-5	0.3166301	40.0	TRUE	G	9.038141E-4	178.0	0.030313704	0.8684937	19.730179	0.23604374	0.085591204	156.0	0.0
SPIKE	S149:G>C	0	45078	0.0	-1.0	0.0	TRUE	G	9.6611504E-4	201.0	0.022294486	0.8600937	28.623333	0.22161001	0.10323503	156.0	0.0
SPIKE	S150:C>A	0	45009	0.0	-1.0	0.0	TRUE	C	2.793593E-5	9.0	0.035735246	0.9956515	19.699978	0.06619123	0.14089026	156.0	1.0
SPIKE	S150:C>G	0	45009	0.0	-1.0	0.0	TRUE	C	9.3452836E-4	204.0	0.013547274	0.8643423	28.57952	0.20901883	0.29221192	156.0	0.0
SPIKE	S150:C>T	0	45009	0.0	-1.0	0.0	TRUE	C	7.789685E-4	283.0	0.012774486	0.88557416	54.906857	0.12549211	0.10361399	156.0	0.0
SPIKE	S151:T>A	0	44949	0.0	-1.0	0.0	TRUE	T	4.532224E-5	5.0	0.037651774	0.9929547	12.502544	0.16931707	0.10811029	156.0	1.0
SPIKE	S151:T>G	0	44949	0.0	-1.0	0.0	TRUE	T	0.0015544731	303.0	0.023052266	0.78466547	45.012424	0.236042	0.08877295	156.0	0.0
SPIKE	S151:T>C	0	44949	0.0	-1.0	0.0	TRUE	T	7.3979644E-4	281.0	0.013712757	0.8910023	70.32908	0.11998378	0.09990889	156.0	0.0
SPIKE	S152:G>A	0	44892	0.0	-1.0	0.0	TRUE	G	1.5736955E-4	62.0	0.015762739	0.97574925	54.764126	0.11577057	0.102947526	156.0	0.0
SPIKE	S152:G>C	0	44892	0.0	-1.0	0.0	TRUE	G	1.3757926E-4	8.0	0.022294486	0.9787663	28.505228	0.22161001	0.10323503	156.0	1.0
SPIKE	S152:G>T	0	44892	0.0	-1.0	0.0	TRUE	G	7.087117E-4	139.0	0.030313704	0.89533347	19.648767	0.23604374	0.085591204	156.0	0.0
SPIKE	S153:G>A	0	44723	0.0	-1.0	0.0	TRUE	G	7.898211E-5	31.0	0.015762739	0.9877544	54.55796	0.11577057	0.102947526	156.0	0.0
SPIKE	S153:G>C	0	44723	0.0	-1.0	0.0	TRUE	G	1.3757926E-4	3.0	0.022294486	0.9787663	28.397917	0.22161001	0.10323503	156.0	1.0
SPIKE	S153:G>T	0	44723	0.0	-1.0	0.0	TRUE	G	1.001821E-4	8.0	0.030313704	0.9844931	19.574799	0.23604374	0.085591204	156.0	1.0
