#pipeline_block
reference	mutation	count	coverage	freq	score	cqs	has.reference	ancestral.allele	error.rate	minor.count.local	minor.fdr	minor.recall	minor.count.global	read.fraction.in.minors	q.filtered.read.fraction	mig.size	global.est
SPIKE	S0:T>A	0	32506	0.0	-1.0	0.0	TRUE	T	5.692634E-4	70.0	0.009112647	0.8893466	46.053238	0.26678073	0.12667373	206.0	0.0
SPIKE	S0:T>G	0	32506	0.0	-1.0	0.0	TRUE	T	1.704081E-4	22.0	0.010249949	0.96550494	136.22385	0.25439322	0.120311126	206.0	0.0
SPIKE	S0:T>C	0	32506	0.0	-1.0	0.0	TRUE	T	4.0956962E-4	67.0	0.010306446	0.9190899	101.21301	0.20077781	0.13199355	206.0	0.0
SPIKE	S1:A>G	0	32565	0.0	-1.0	0.0	TRUE	A	7.6231355E-4	121.0	0.009984752	0.8546728	101.39672	0.20723231	0.12653607	206.0	0.0
SPIKE	S1:A>C	0	32565	0.0	-1.0	0.0	TRUE	A	3.669508E-4	5.0	0.009530604	0.92719454	136.4711	0.088405065	0.11609733	206.0	1.0
SPIKE	S1:A>T	0	32565	0.0	-1.0	0.0	TRUE	A	7.282733E-4	89.0	0.008139488	0.8606871	46.136826	0.26866114	0.1362283	206.0	0.0
SPIKE	S2:G>A	0	32716	0.0	-1.0	0.0	TRUE	G	7.9226575E-4	127.0	0.009967447	0.84941554	87.19775	0.2061474	0.12520538	206.0	0.0
SPIKE	S2:G>C	0	32716	0.0	-1.0	0.0	TRUE	G	5.5000867E-4	69.0	0.005836484	0.89288116	88.77281	0.26231483	0.14333926	206.0	0.0
SPIKE	S2:G>T	0	32716	0.0	-1.0	0.0	TRUE	G	3.90283E-4	7.0	0.011667648	0.92274874	49.314426	0.2619768	0.124954104	206.0	1.0
SPIKE	S3:C>A	0	32816	0.0	-1.0	0.0	TRUE	C	3.5787545E-4	7.0	0.014522362	0.92892957	49.46516	0.24091919	0.16014099	206.0	1.0
SPIKE	S3:C>G	0	32816	0.0	-1.0	0.0	TRUE	C	0.008688471	1063.0	0.0041626333	0.16698937	89.04415	0.26934403	0.24181692	206.0	0.0
SPIKE	S3:C>T	0	32816	0.0	-1.0	0.0	TRUE	C	6.008187E-4	99.0	0.00952988	0.8835842	87.46428	0.20107242	0.13554087	206.0	0.0
SPIKE	S4:G>A	54	32903	0.0016411877	149.35994	40.0	TRUE	G	5.520544E-4	89.0	0.009967447	0.892505	87.69616	0.2061474	0.12520538	206.0	0.0
SPIKE	S4:G>C	42	32903	0.0012764793	94.78963	40.0	TRUE	G	0.0011175431	141.0	0.005836484	0.7943637	89.28022	0.26231483	0.14333926	206.0	0.0
SPIKE	S4:G>T	4	32903	1.21569465E-4	8.284564	40.0	TRUE	G	4.8789018E-4	62.0	0.011667648	0.90438026	49.5963	0.2619768	0.124954104	206.0	0.0
SPIKE	S5:T>A	7	32922	2.1262378E-4	22.321487	40.0	TRUE	T	3.7452034E-4	7.0	0.009112647	0.9257499	46.64261	0.26678073	0.12667373	206.0	1.0
SPIKE	S5:T>G	3	32922	9.112448E-5	0.96486104	40.0	TRUE	T	0.0015448852	202.0	0.010249949	0.72742355	137.9672	0.25439322	0.120311126	206.0	0.0
SPIKE	S5:T>C	45	32922	0.0013668671	122.97151	40.0	TRUE	T	6.2771654E-4	104.0	0.010306446	0.87870187	102.5083	0.20077781	0.13199355	206.0	0.0
SPIKE	S6:G>A	32	32950	9.7116845E-4	85.232124	40.0	TRUE	G	6.1320706E-4	99.0	0.009967447	0.8813322	87.82143	0.2061474	0.12520538	206.0	0.0
SPIKE	S6:G>C	24	32950	7.283763E-4	73.49659	40.0	TRUE	G	2.690941E-4	34.0	0.005836484	0.946075	89.40775	0.26231483	0.14333926	206.0	0.0
SPIKE	S6:G>T	3	32950	9.104704E-5	2.3797824	40.0	TRUE	G	0.0010136784	129.0	0.011667648	0.8115431	49.667145	0.2619768	0.124954104	206.0	0.0
SPIKE	S7:A>G	22	32970	6.672733E-4	42.137844	40.0	TRUE	A	9.7074464E-4	156.0	0.009984752	0.8187525	102.65775	0.20723231	0.12653607	206.0	0.0
SPIKE	S7:A>C	6	32970	1.8198362E-4	19.311188	40.0	TRUE	A	3.669508E-4	4.0	0.009530604	0.92719454	138.16835	0.088405065	0.11609733	206.0	1.0
SPIKE	S7:A>T	38	32970	0.0011525629	115.640785	40.0	TRUE	A	1.8589356E-4	23.0	0.008139488	0.9624299	46.710613	0.26866114	0.1362283	206.0	0.0
SPIKE	D7-8:A>	43	32970	0.001304216	-1.0	39.988354	TRUE		NaN	NaN	NaN	NaN	NaN	NaN	NaN	NaN	NaN
SPIKE	S8:A>G	31	32976	9.4007765E-4	73.00521	40.0	TRUE	A	8.959089E-4	144.0	0.009984752	0.83147234	102.67644	0.20723231	0.12653607	206.0	0.0
SPIKE	S8:A>C	5	32976	1.5162543E-4	16.300888	40.0	TRUE	A	3.669508E-4	3.0	0.009530604	0.92719454	138.1935	0.088405065	0.11609733	206.0	1.0
SPIKE	S8:A>T	29	32976	8.794275E-4	-1.0	40.0	TRUE	A	8.080858E-5	10.0	0.008139488	0.98349124	46.719116	0.26866114	0.1362283	206.0	0.0
SPIKE	S9:G>A	20	32982	6.0639135E-4	32.121147	40.0	TRUE	G	0.0013799242	223.0	0.009967447	0.75256765	87.906715	0.2061474	0.12520538	206.0	0.0
SPIKE	S9:G>C	21	32982	6.3671096E-4	64.46568	40.0	TRUE	G	1.502302E-4	19.0	0.005836484	0.9695265	89.49458	0.26231483	0.14333926	206.0	0.0
SPIKE	S9:G>T	2	32982	6.0639137E-5	7.269987	40.0	TRUE	G	3.90283E-4	1.0	0.011667648	0.92274874	49.71538	0.2619768	0.124954104	206.0	1.0
SPIKE	D9-10:G>	12	32982	3.638348E-4	-1.0	39.96498	TRUE		NaN	NaN	NaN	NaN	NaN	NaN	NaN	NaN	NaN
SPIKE	D9-11:GA>	1	32982	3.0319568E-5	-1.0	39.96498	TRUE		NaN	NaN	NaN	NaN	NaN	NaN	NaN	NaN	NaN
SPIKE	S10:A>G	34	32982	0.0010308654	66.29316	40.0	TRUE	A	0.0014307053	230.0	0.009984752	0.74473614	102.69512	0.20723231	0.12653607	206.0	0.0
SPIKE	S10:A>C	7	32982	2.1223698E-4	22.321487	40.0	TRUE	A	1.7787547E-4	67.0	0.009530604	0.96402085	138.21864	0.088405065	0.11609733	206.0	0.0
SPIKE	S10:A>T	39	32982	0.0011824631	118.651085	40.0	TRUE	A	1.3734959E-4	17.0	0.008139488	0.9721025	46.727615	0.26866114	0.1362283	206.0	0.0
SPIKE	D10-11:A>	8	32982	2.4255655E-4	-1.0	39.965828	TRUE		NaN	NaN	NaN	NaN	NaN	NaN	NaN	NaN	NaN
SPIKE	I10:>A	1	32982	3.0319568E-5	-1.0	39.965828	TRUE		NaN	NaN	NaN	NaN	NaN	NaN	NaN	NaN	NaN
SPIKE	D10-12:AC>	3	32982	9.09587E-5	-1.0	39.965828	TRUE		NaN	NaN	NaN	NaN	NaN	NaN	NaN	NaN	NaN
SPIKE	S11:C>A	4	32982	1.2127827E-4	5.449171	40.0	TRUE	C	9.4300165E-4	131.0	0.014522362	0.82344514	49.71538	0.24091919	0.16014099	206.0	0.0
SPIKE	S11:C>G	21	32982	6.3671096E-4	45.93784	40.0	TRUE	C	7.0751883E-4	87.0	0.0041626333	0.86437476	89.49458	0.26934403	0.24181692	206.0	0.0
SPIKE	S11:C>T	53	32982	0.0016069371	146.37572	40.0	TRUE	C	5.0118146E-4	83.0	0.00952988	0.90190744	87.906715	0.20107242	0.13554087	206.0	0.0
SPIKE	D11-12:C>	13	32982	3.941544E-4	-1.0	39.956097	TRUE		NaN	NaN	NaN	NaN	NaN	NaN	NaN	NaN	NaN
SPIKE	S12:G>A	57	32983	0.001728163	146.38963	40.0	TRUE	G	7.4872543E-4	121.0	0.009967447	0.8570685	87.90938	0.2061474	0.12520538	206.0	0.0
SPIKE	S12:G>C	20	32983	6.0637295E-4	37.181473	40.0	TRUE	G	0.0010990193	139.0	0.005836484	0.7974007	89.4973	0.26231483	0.14333926	206.0	0.0
SPIKE	S12:G>T	7	32983	2.1223055E-4	22.321487	40.0	TRUE	G	3.90283E-4	3.0	0.011667648	0.92274874	49.71689	0.2619768	0.124954104	206.0	1.0
SPIKE	D12-13:G>	14	32983	4.244611E-4	-1.0	39.962555	TRUE		NaN	NaN	NaN	NaN	NaN	NaN	NaN	NaN	NaN
SPIKE	D12-14:GA>	1	32983	3.031865E-5	-1.0	39.962555	TRUE		NaN	NaN	NaN	NaN	NaN	NaN	NaN	NaN	NaN
SPIKE	S13:A>G	14	32984	4.2444823E-4	13.149927	40.0	TRUE	A	0.0018909046	304.0	0.009984752	0.67737764	102.70135	0.20723231	0.12653607	206.0	0.0
SPIKE	S13:A>C	11	32984	3.3349503E-4	34.362686	40.0	TRUE	A	2.0441164E-4	77.0	0.009530604	0.95876545	138.22702	0.088405065	0.11609733	206.0	0.0
SPIKE	S13:A>T	46	32984	0.0013946156	139.72319	40.0	TRUE	A	1.6965687E-4	21.0	0.008139488	0.9656544	46.73045	0.26866114	0.1362283	206.0	0.0
SPIKE	D13-14:A>	17	32984	5.154014E-4	-1.0	39.956192	TRUE		NaN	NaN	NaN	NaN	NaN	NaN	NaN	NaN	NaN
SPIKE	I14:>C	2	32984	6.063546E-5	-1.0	39.966255	TRUE		NaN	NaN	NaN	NaN	NaN	NaN	NaN	NaN	NaN
SPIKE	S14:C>A	3	32984	9.095319E-5	1.5176276	40.0	TRUE	C	0.0014396099	200.0	0.014522362	0.7433713	49.718395	0.24091919	0.16014099	206.0	0.0
SPIKE	S14:C>G	31	32984	9.3984965E-4	-1.0	40.0	TRUE	C	1.3011052E-4	16.0	0.0041626333	0.97355324	89.50001	0.26934403	0.24181692	206.0	0.0
SPIKE	S14:C>T	38	32984	0.0011520737	115.640785	40.0	TRUE	C	2.4151859E-4	40.0	0.00952988	0.9514646	87.91205	0.20107242	0.13554087	206.0	0.0
SPIKE	D14-15:C>	9	32984	2.7285956E-4	-1.0	39.966255	TRUE		NaN	NaN	NaN	NaN	NaN	NaN	NaN	NaN	NaN
SPIKE	D14-16:CA>	2	32984	6.063546E-5	-1.0	39.966255	TRUE		NaN	NaN	NaN	NaN	NaN	NaN	NaN	NaN	NaN
SPIKE	S15:A>G	24	32984	7.276255E-4	53.942116	40.0	TRUE	A	8.645912E-4	139.0	0.009984752	0.83685386	102.70135	0.20723231	0.12653607	206.0	0.0
SPIKE	S15:A>C	8	32984	2.4254184E-4	25.331787	40.0	TRUE	A	3.4511057E-4	130.0	0.009530604	0.9313755	138.22702	0.088405065	0.11609733	206.0	0.0
SPIKE	S15:A>T	37	32984	0.001121756	-1.0	40.0	TRUE	A	8.078898E-5	10.0	0.008139488	0.9834952	46.73045	0.26866114	0.1362283	206.0	0.0
SPIKE	D15-16:A>	12	32984	3.6381275E-4	-1.0	39.961708	TRUE		NaN	NaN	NaN	NaN	NaN	NaN	NaN	NaN	NaN
SPIKE	I15:>A	1	32984	3.031773E-5	-1.0	39.961708	TRUE		NaN	NaN	NaN	NaN	NaN	NaN	NaN	NaN	NaN
SPIKE	I16:>G	1	32984	3.031773E-5	-1.0	39.958828	TRUE		NaN	NaN	NaN	NaN	NaN	NaN	NaN	NaN	NaN
SPIKE	S16:G>A	25	32984	7.5794326E-4	43.893612	40.0	TRUE	G	0.0014231539	230.0	0.009967447	0.74589556	87.91205	0.2061474	0.12520538	206.0	0.0
SPIKE	S16:G>T	8	32984	2.4254184E-4	25.331787	40.0	TRUE	G	3.90283E-4	6.0	0.011667648	0.92274874	49.718395	0.2619768	0.124954104	206.0	1.0
SPIKE	S16:G>C	69	32984	0.0020919233	198.29062	40.0	TRUE	G	4.822888E-4	61.0	0.005836484	0.9054244	89.50001	0.26231483	0.14333926	206.0	0.0
SPIKE	D16-17:G>	10	32984	3.031773E-4	-1.0	39.958828	TRUE		NaN	NaN	NaN	NaN	NaN	NaN	NaN	NaN	NaN
SPIKE	D16-18:GA>	6	32984	1.8190638E-4	-1.0	39.958828	TRUE		NaN	NaN	NaN	NaN	NaN	NaN	NaN	NaN	NaN
SPIKE	S17:A>G	28	32984	8.4889645E-4	41.079506	40.0	TRUE	A	0.0019717657	317.0	0.009984752	0.66618776	102.70135	0.20723231	0.12653607	206.0	0.0
SPIKE	S17:A>T	48	32984	0.001455251	-1.0	40.0	TRUE	A	1.05025676E-4	13.0	0.008139488	0.9785971	46.73045	0.26866114	0.1362283	206.0	0.0
SPIKE	S17:A>C	8	32984	2.4254184E-4	25.331787	40.0	TRUE	A	3.669508E-4	6.0	0.009530604	0.92719454	138.22702	0.088405065	0.11609733	206.0	1.0
SPIKE	D17-18:A>	30	32984	9.095319E-4	-1.0	39.9846	TRUE		NaN	NaN	NaN	NaN	NaN	NaN	NaN	NaN	NaN
SPIKE	S18:A>G	29	32984	8.7921415E-4	67.5129	40.0	TRUE	A	7.8995025E-4	127.0	0.009984752	0.8498208	102.70135	0.20723231	0.12653607	206.0	0.0
SPIKE	S18:A>T	14	32984	4.2444823E-4	43.393585	40.0	TRUE	A	3.7753055E-4	4.0	0.008139488	0.925176	46.73045	0.26866114	0.1362283	206.0	1.0
SPIKE	S18:A>C	11	32984	3.3349503E-4	34.362686	40.0	TRUE	A	1.7786467E-4	67.0	0.009530604	0.964023	138.22702	0.088405065	0.11609733	206.0	0.0
SPIKE	S19:C>G	15	32984	4.5476595E-4	30.383287	40.0	TRUE	C	7.2780583E-4	6.0	0.0041626333	0.8607699	89.50001	0.26934403	0.24181692	206.0	1.0
SPIKE	S19:C>A	6	32984	1.8190638E-4	6.718435	40.0	TRUE	C	9.573406E-4	133.0	0.014522362	0.82101643	49.718395	0.24091919	0.16014099	206.0	0.0
SPIKE	S19:C>T	23	32984	6.973078E-4	59.459663	40.0	TRUE	C	4.1058162E-4	68.0	0.00952988	0.9188983	87.91205	0.20107242	0.13554087	206.0	0.0
SPIKE	D19-20:C>	5	32984	1.5158865E-4	-1.0	39.99048	TRUE		NaN	NaN	NaN	NaN	NaN	NaN	NaN	NaN	NaN
SPIKE	S20:C>G	13	32984	3.9413047E-4	25.388708	40.0	TRUE	C	7.2780583E-4	6.0	0.0041626333	0.8607699	89.50001	0.26934403	0.24181692	206.0	1.0
SPIKE	S20:C>A	10	32984	3.031773E-4	23.451881	40.0	TRUE	C	5.470518E-4	76.0	0.014522362	0.8934252	49.718395	0.24091919	0.16014099	206.0	0.0
SPIKE	S20:C>T	34	32984	0.0010308028	103.59959	40.0	TRUE	C	2.6567045E-4	44.0	0.00952988	0.94674253	87.91205	0.20107242	0.13554087	206.0	0.0
SPIKE	S21:A>G	26	32984	7.8826095E-4	68.00451	40.0	TRUE	A	5.598073E-4	90.0	0.009984752	0.8910807	102.70135	0.20723231	0.12653607	206.0	0.0
SPIKE	S21:A>T	6	32984	1.8190638E-4	19.311188	40.0	TRUE	A	3.7753055E-4	5.0	0.008139488	0.925176	46.73045	0.26866114	0.1362283	206.0	1.0
SPIKE	S21:A>C	14	32984	4.2444823E-4	43.393585	40.0	TRUE	A	3.5838404E-4	135.0	0.009530604	0.9288323	138.22702	0.088405065	0.11609733	206.0	0.0
SPIKE	S22:A>C	4	32984	1.2127092E-4	13.290587	40.0	TRUE	A	1.7786467E-4	67.0	0.009530604	0.964023	138.22702	0.088405065	0.11609733	206.0	0.0
SPIKE	S22:A>G	0	32984	0.0	-1.0	0.0	TRUE	A	6.388107E-4	0.0	0.009984752	0.876696	102.70135	0.20723231	0.12653607	206.0	1.0
SPIKE	S22:A>T	0	32984	0.0	-1.0	0.0	TRUE	A	3.7753055E-4	1.0	0.008139488	0.925176	46.73045	0.26866114	0.1362283	206.0	1.0
SPIKE	S23:A>T	4	32984	1.2127092E-4	8.284564	40.0	TRUE	C	5.1704946E-4	64.0	0.008139488	0.8989641	46.73045	0.26866114	0.1362283	206.0	0.0
SPIKE	S23:A>C	32956	32984	0.9991511	9999.0	39.999725	TRUE	C	3.669508E-4	1.0	0.009530604	0.92719454	138.22702	0.088405065	0.11609733	206.0	1.0
SPIKE	S23:A>G	0	32984	0.0	-1.0	0.0	TRUE	C	6.388107E-4	1.0	0.009984752	0.876696	102.70135	0.20723231	0.12653607	206.0	1.0
SPIKE	S24:A>G	4	32984	1.2127092E-4	13.290587	40.0	TRUE	T	3.8564502E-4	62.0	0.009984752	0.9236308	102.70135	0.20723231	0.12653607	206.0	0.0
SPIKE	S24:A>T	32953	32984	0.99906015	9999.0	39.999485	TRUE	T	3.7753055E-4	7.0	0.008139488	0.925176	46.73045	0.26866114	0.1362283	206.0	1.0
SPIKE	D24-26:AA>	1	32984	3.031773E-5	-1.0	39.976505	TRUE		NaN	NaN	NaN	NaN	NaN	NaN	NaN	NaN	NaN
SPIKE	S24:A>C	0	32984	0.0	-1.0	0.0	TRUE	T	3.3183707E-4	125.0	0.009530604	0.9339257	138.22702	0.088405065	0.11609733	206.0	0.0
SPIKE	S25:A>G	32956	32984	0.9991511	9999.0	39.999485	TRUE	G	6.388107E-4	0.0	0.009984752	0.876696	102.70135	0.20723231	0.12653607	206.0	1.0
SPIKE	D25-26:A>	4	32984	1.2127092E-4	-1.0	39.975048	TRUE		NaN	NaN	NaN	NaN	NaN	NaN	NaN	NaN	NaN
SPIKE	S25:A>C	0	32984	0.0	-1.0	0.0	TRUE	G	3.669508E-4	3.0	0.009530604	0.92719454	138.22702	0.088405065	0.11609733	206.0	1.0
SPIKE	S25:A>T	0	32984	0.0	-1.0	0.0	TRUE	G	0.0015188329	188.0	0.008139488	0.73133796	46.73045	0.26866114	0.1362283	206.0	0.0
SPIKE	S26:T>G	3	32989	9.093941E-5	0.96486104	40.0	TRUE	T	0.0016180717	212.0	0.010249949	0.7165389	138.24797	0.25439322	0.120311126	206.0	0.0
SPIKE	S26:T>A	11	32989	3.3344448E-4	34.362686	40.0	TRUE	T	3.7452034E-4	4.0	0.009112647	0.9257499	46.737534	0.26678073	0.12667373	206.0	1.0
SPIKE	S26:T>C	47	32989	0.0014247174	108.480316	40.0	TRUE	T	9.5773296E-4	159.0	0.010306446	0.8209501	102.71692	0.20077781	0.13199355	206.0	0.0
SPIKE	I27:>G	1	32993	3.030946E-5	-1.0	39.990936	TRUE		NaN	NaN	NaN	NaN	NaN	NaN	NaN	NaN	NaN
SPIKE	S27:G>A	26	32993	7.8804593E-4	79.51719	40.0	TRUE	G	2.1650782E-4	35.0	0.009967447	0.95637935	87.936035	0.2061474	0.12520538	206.0	0.0
SPIKE	S27:G>T	4	32993	1.2123784E-4	3.6487768	40.0	TRUE	G	0.0010123572	129.0	0.011667648	0.811764	49.73196	0.2619768	0.124954104	206.0	0.0
SPIKE	S27:G>C	8	32993	2.4247568E-4	13.595069	40.0	TRUE	G	7.076205E-4	8.0	0.005836484	0.86435664	89.52443	0.26231483	0.14333926	206.0	1.0
SPIKE	D27-28:G>	26	32993	7.8804593E-4	-1.0	39.990936	TRUE		NaN	NaN	NaN	NaN	NaN	NaN	NaN	NaN	NaN
SPIKE	S28:G>A	21	32994	6.3647935E-4	64.46568	40.0	TRUE	G	2.845445E-4	46.0	0.009967447	0.9430687	87.9387	0.2061474	0.12520538	206.0	0.0
SPIKE	S28:G>T	22	32994	6.667879E-4	67.47598	40.0	TRUE	G	1.4125486E-4	18.0	0.011667648	0.9713208	49.733467	0.2619768	0.124954104	206.0	0.0
SPIKE	S28:G>C	39	32994	0.0011820331	118.651085	40.0	TRUE	G	1.6598353E-4	21.0	0.005836484	0.96638536	89.527145	0.26231483	0.14333926	206.0	0.0
SPIKE	S29:G>A	20	32994	6.061708E-4	50.97615	40.0	TRUE	G	5.7527475E-4	93.0	0.009967447	0.88824594	87.9387	0.2061474	0.12520538	206.0	0.0
SPIKE	S29:G>T	11	32994	3.3339395E-4	-1.0	40.0	TRUE	G	9.416991E-5	12.0	0.011667648	0.98078793	49.733467	0.2619768	0.124954104	206.0	0.0
SPIKE	S29:G>C	14	32994	4.243196E-4	27.870962	40.0	TRUE	G	7.076205E-4	8.0	0.005836484	0.86435664	89.527145	0.26231483	0.14333926	206.0	1.0
SPIKE	S30:A>G	15	32994	4.546281E-4	25.242239	40.0	TRUE	A	0.0011628026	187.0	0.009984752	0.7869919	102.73248	0.20723231	0.12653607	206.0	0.0
SPIKE	S30:A>T	10	32994	3.030854E-4	23.451881	40.0	TRUE	A	5.6535145E-4	70.0	0.008139488	0.8900636	46.744617	0.26866114	0.1362283	206.0	0.0
SPIKE	D30-31:A>	2	32994	6.0617083E-5	-1.0	39.97427	TRUE		NaN	NaN	NaN	NaN	NaN	NaN	NaN	NaN	NaN
SPIKE	I30:>A	2	32994	6.0617083E-5	-1.0	39.97427	TRUE		NaN	NaN	NaN	NaN	NaN	NaN	NaN	NaN	NaN
SPIKE	S30:A>C	0	32994	0.0	-1.0	0.0	TRUE	A	3.669508E-4	4.0	0.009530604	0.92719454	138.26892	0.088405065	0.11609733	206.0	1.0
SPIKE	S31:T>G	1	32994	3.0308542E-5	0.57991946	40.0	TRUE	T	0.0010551657	3.0	0.010249949	0.8046369	138.26892	0.25439322	0.120311126	206.0	1.0
SPIKE	S31:T>A	17	32994	5.152452E-4	35.485752	40.0	TRUE	T	8.7331375E-4	109.0	0.009112647	0.8353515	46.744617	0.26678073	0.12667373	206.0	0.0
SPIKE	S31:T>C	22	32994	6.667879E-4	56.62427	40.0	TRUE	T	6.383919E-4	106.0	0.010306446	0.8767716	102.73248	0.20077781	0.13199355	206.0	0.0
SPIKE	D31-32:T>	1	32994	3.0308542E-5	-1.0	39.976936	TRUE		NaN	NaN	NaN	NaN	NaN	NaN	NaN	NaN	NaN
SPIKE	S32:C>T	16	32994	4.8493667E-4	32.922462	40.0	TRUE	C	8.7523955E-4	145.0	0.00952988	0.8350202	87.9387	0.20107242	0.13554087	206.0	0.0
SPIKE	S32:C>A	8	32994	2.4246833E-4	-1.0	40.0	TRUE	C	8.635042E-5	12.0	0.014522362	0.98236907	49.733467	0.24091919	0.16014099	206.0	0.0
SPIKE	S32:C>G	3	32994	9.092562E-5	3.748162	40.0	TRUE	C	7.2780583E-4	8.0	0.0041626333	0.8607699	89.527145	0.26934403	0.24181692	206.0	1.0
SPIKE	D32-33:C>	9	32994	2.7277687E-4	-1.0	39.988815	TRUE		NaN	NaN	NaN	NaN	NaN	NaN	NaN	NaN	NaN
SPIKE	S33:C>T	22	32994	6.667879E-4	67.47598	40.0	TRUE	C	2.2937312E-4	38.0	0.00952988	0.95384806	87.9387	0.20107242	0.13554087	206.0	0.0
SPIKE	S33:C>A	1	32994	3.0308542E-5	2.0412	40.0	TRUE	C	4.3894793E-4	61.0	0.014522362	0.9135444	49.733467	0.24091919	0.16014099	206.0	0.0
SPIKE	S33:C>G	24	32994	7.2740496E-4	73.49659	40.0	TRUE	C	1.6258885E-4	20.0	0.0041626333	0.9670614	89.527145	0.26934403	0.24181692	206.0	0.0
SPIKE	S34:A>C	2	32994	6.0617083E-5	7.269987	40.0	TRUE	A	3.025437E-4	114.0	0.009530604	0.9395784	138.26892	0.088405065	0.11609733	206.0	0.0
SPIKE	S34:A>T	17	32994	5.152452E-4	42.57172	40.0	TRUE	A	6.1381015E-4	76.0	0.008139488	0.8812227	46.744617	0.26866114	0.1362283	206.0	0.0
SPIKE	S34:A>G	43	32994	0.0013032673	130.69229	40.0	TRUE	A	3.1712797E-4	51.0	0.009984752	0.9367598	102.73248	0.20723231	0.12653607	206.0	0.0
SPIKE	S35:T>C	24	32994	7.2740496E-4	62.301826	40.0	TRUE	T	5.4203084E-4	90.0	0.010306446	0.89434975	102.73248	0.20077781	0.13199355	206.0	0.0
SPIKE	S35:T>A	15	32994	4.546281E-4	30.383287	40.0	TRUE	T	8.973499E-4	112.0	0.009112647	0.8312256	46.744617	0.26678073	0.12667373	206.0	0.0
SPIKE	S35:T>G	1	32994	3.0308542E-5	-1.0	40.0	TRUE	T	7.631257E-5	10.0	0.010249949	0.98440254	138.26892	0.25439322	0.120311126	206.0	0.0
SPIKE	D35-36:T>	8	32994	2.4246833E-4	-1.0	39.992332	TRUE		NaN	NaN	NaN	NaN	NaN	NaN	NaN	NaN	NaN
SPIKE	S36:T>C	35	32994	0.0010607989	106.609886	40.0	TRUE	T	1.6863181E-4	28.0	0.010306446	0.9658583	102.73248	0.20077781	0.13199355	206.0	0.0
SPIKE	S36:T>A	8	32994	2.4246833E-4	18.199682	40.0	TRUE	T	5.368075E-4	67.0	0.009112647	0.8953126	46.744617	0.26678073	0.12667373	206.0	0.0
SPIKE	S36:T>G	3	32994	9.092562E-5	2.3797824	40.0	TRUE	T	0.0010551657	0.0	0.010249949	0.8046369	138.26892	0.25439322	0.120311126	206.0	1.0
SPIKE	S37:A>T	3	32994	9.092562E-5	1.5176276	40.0	TRUE	A	0.0012356967	153.0	0.008139488	0.77526253	46.744617	0.26866114	0.1362283	206.0	0.0
SPIKE	S37:A>G	45	32994	0.0013638843	136.71289	40.0	TRUE	A	2.6738242E-4	43.0	0.009984752	0.9464087	102.73248	0.20723231	0.12653607	206.0	0.0
SPIKE	D37-38:A>	1	32994	3.0308542E-5	-1.0	39.97733	TRUE		NaN	NaN	NaN	NaN	NaN	NaN	NaN	NaN	NaN
SPIKE	S37:A>C	0	32994	0.0	-1.0	0.0	TRUE	A	3.669508E-4	2.0	0.009530604	0.92719454	138.26892	0.088405065	0.11609733	206.0	1.0
SPIKE	S38:T>C	16	32994	4.8493667E-4	39.792072	40.0	TRUE	T	4.2157952E-4	70.0	0.010306446	0.91681886	102.73248	0.20077781	0.13199355	206.0	0.0
SPIKE	S38:T>A	9	32994	2.7277687E-4	15.850103	40.0	TRUE	T	7.851811E-4	98.0	0.009112647	0.85065615	46.744617	0.26678073	0.12667373	206.0	0.0
SPIKE	S38:T>G	2	32994	6.0617083E-5	1.3408211	40.0	TRUE	T	0.0010551657	2.0	0.010249949	0.8046369	138.26892	0.25439322	0.120311126	206.0	1.0
SPIKE	S39:C>T	26	32994	7.8802207E-4	59.339897	40.0	TRUE	C	8.269505E-4	137.0	0.00952988	0.84336805	87.9387	0.20107242	0.13554087	206.0	0.0
SPIKE	S39:C>A	7	32994	2.121598E-4	22.321487	40.0	TRUE	C	3.5787545E-4	2.0	0.014522362	0.92892957	49.733467	0.24091919	0.16014099	206.0	1.0
SPIKE	S39:C>G	4	32994	1.2123417E-4	8.284564	40.0	TRUE	C	5.284138E-4	65.0	0.0041626333	0.89686203	89.527145	0.26934403	0.24181692	206.0	0.0
SPIKE	D39-40:C>	1	32994	3.0308542E-5	-1.0	39.97766	TRUE		NaN	NaN	NaN	NaN	NaN	NaN	NaN	NaN	NaN
SPIKE	S40:G>C	11	32995	3.3338385E-4	20.53052	40.0	TRUE	G	7.903738E-4	100.0	0.005836484	0.8497467	89.52986	0.26231483	0.14333926	206.0	0.0
SPIKE	S40:G>T	2	32995	6.0615246E-5	7.269987	40.0	TRUE	G	3.90283E-4	3.0	0.011667648	0.92274874	49.734974	0.2619768	0.124954104	206.0	1.0
SPIKE	S40:G>A	44	32995	0.0013335354	120.05395	40.0	TRUE	G	5.010306E-4	81.0	0.009967447	0.90193546	87.94136	0.2061474	0.12520538	206.0	0.0
SPIKE	D40-41:G>	1	32995	3.0307623E-5	-1.0	39.99021	TRUE		NaN	NaN	NaN	NaN	NaN	NaN	NaN	NaN	NaN
SPIKE	S41:G>C	14	32995	4.2430672E-4	34.27314	40.0	TRUE	G	5.9278036E-4	75.0	0.005836484	0.88504857	89.52986	0.26231483	0.14333926	206.0	0.0
SPIKE	S41:G>T	4	32995	1.2123049E-4	13.290587	40.0	TRUE	G	3.90283E-4	1.0	0.011667648	0.92274874	49.734974	0.2619768	0.124954104	206.0	1.0
SPIKE	S41:G>A	18	32995	5.455372E-4	55.434788	40.0	TRUE	G	2.2268026E-4	36.0	0.009967447	0.9551641	87.94136	0.2061474	0.12520538	206.0	0.0
SPIKE	S42:C>T	48	32995	0.0014547659	131.73553	40.0	TRUE	C	6.3377497E-4	105.0	0.00952988	0.8776059	87.94136	0.20107242	0.13554087	206.0	0.0
SPIKE	S42:C>A	6	32995	1.8184574E-4	19.311188	40.0	TRUE	C	3.5787545E-4	5.0	0.014522362	0.92892957	49.734974	0.24091919	0.16014099	206.0	1.0
SPIKE	S42:C>G	10	32995	3.0307623E-4	11.277932	40.0	TRUE	C	0.0012275086	151.0	0.0041626333	0.77657133	89.52986	0.26934403	0.24181692	206.0	0.0
SPIKE	D42-43:C>	15	32995	4.5461435E-4	-1.0	39.959206	TRUE		NaN	NaN	NaN	NaN	NaN	NaN	NaN	NaN	NaN
SPIKE	S43:G>C	22	32996	6.667475E-4	48.59232	40.0	TRUE	G	6.9550786E-4	88.0	0.005836484	0.86651605	89.53257	0.26231483	0.14333926	206.0	0.0
SPIKE	S43:G>T	3	32996	9.092011E-5	10.280287	40.0	TRUE	G	3.90283E-4	3.0	0.011667648	0.92274874	49.736485	0.2619768	0.124954104	206.0	1.0
SPIKE	S43:G>A	36	32996	0.0010910414	96.79472	40.0	TRUE	G	4.0823477E-4	66.0	0.009967447	0.91934264	87.94403	0.2061474	0.12520538	206.0	0.0
SPIKE	S44:G>C	21	32996	6.3644076E-4	53.79622	40.0	TRUE	G	4.979204E-4	63.0	0.005836484	0.9025135	89.53257	0.26231483	0.14333926	206.0	0.0
SPIKE	S44:G>T	5	32996	1.5153352E-4	16.300888	40.0	TRUE	G	3.90283E-4	4.0	0.011667648	0.92274874	49.736485	0.2619768	0.124954104	206.0	1.0
SPIKE	S44:G>A	13	32996	3.9398714E-4	40.383286	40.0	TRUE	G	2.9071263E-4	47.0	0.009967447	0.94187117	87.94403	0.2061474	0.12520538	206.0	0.0
SPIKE	S45:C>T	39	32996	0.0011819615	105.49838	40.0	TRUE	C	4.1646807E-4	69.0	0.00952988	0.91778475	87.94403	0.20107242	0.13554087	206.0	0.0
SPIKE	S45:C>A	6	32996	1.8184022E-4	19.311188	40.0	TRUE	C	3.5787545E-4	2.0	0.014522362	0.92892957	49.736485	0.24091919	0.16014099	206.0	1.0
SPIKE	S45:C>G	18	32996	5.455207E-4	32.319016	40.0	TRUE	C	0.0011136662	137.0	0.0041626333	0.79499835	89.53257	0.26934403	0.24181692	206.0	0.0
SPIKE	S46:G>C	37	32996	0.001121348	89.651054	40.0	TRUE	G	7.9825334E-4	101.0	0.005836484	0.8483685	89.53257	0.26231483	0.14333926	206.0	0.0
SPIKE	S46:G>T	9	32996	2.7276034E-4	28.342087	40.0	TRUE	G	3.90283E-4	7.0	0.011667648	0.92274874	49.736485	0.2619768	0.124954104	206.0	1.0
SPIKE	S46:G>A	36	32996	0.0010910414	96.79472	40.0	TRUE	G	5.4431305E-4	88.0	0.009967447	0.8939294	87.94403	0.2061474	0.12520538	206.0	0.0
SPIKE	S47:A>C	1	32996	3.0306705E-5	4.2596874	40.0	TRUE	A	3.669508E-4	1.0	0.009530604	0.92719454	138.27731	0.088405065	0.11609733	206.0	1.0
SPIKE	S47:A>T	24	32996	7.273609E-4	73.49659	40.0	TRUE	A	3.7753055E-4	8.0	0.008139488	0.925176	46.74745	0.26866114	0.1362283	206.0	1.0
SPIKE	S47:A>G	21	32996	6.3644076E-4	53.79622	40.0	TRUE	A	5.471681E-4	88.0	0.009984752	0.8934038	102.73871	0.20723231	0.12653607	206.0	0.0
SPIKE	D47-48:A>	2	32996	6.061341E-5	-1.0	39.995907	TRUE		NaN	NaN	NaN	NaN	NaN	NaN	NaN	NaN	NaN
SPIKE	S48:A>T	9	32996	2.7276034E-4	20.808811	40.0	TRUE	A	4.3610184E-4	54.0	0.008139488	0.9140802	46.74745	0.26866114	0.1362283	206.0	0.0
SPIKE	S48:A>C	3	32996	9.092011E-5	10.280287	40.0	TRUE	A	3.669508E-4	5.0	0.009530604	0.92719454	138.27731	0.088405065	0.11609733	206.0	1.0
SPIKE	S48:A>G	33	32996	0.0010001212	100.58929	40.0	TRUE	A	1.7409892E-4	28.0	0.009984752	0.96477115	102.73871	0.20723231	0.12653607	206.0	0.0
SPIKE	S49:T>C	21	32996	6.3644076E-4	64.46568	40.0	TRUE	T	1.565772E-4	26.0	0.010306446	0.96825975	102.73871	0.20077781	0.13199355	206.0	0.0
SPIKE	S49:T>G	2	32996	6.061341E-5	1.3408211	40.0	TRUE	T	0.0010551657	2.0	0.010249949	0.8046369	138.27731	0.25439322	0.120311126	206.0	1.0
SPIKE	S49:T>A	9	32996	2.7276034E-4	20.808811	40.0	TRUE	T	6.6496007E-4	83.0	0.009112647	0.87198615	46.74745	0.26678073	0.12667373	206.0	0.0
SPIKE	D49-50:T>	15	32996	4.5460055E-4	-1.0	39.996243	TRUE		NaN	NaN	NaN	NaN	NaN	NaN	NaN	NaN	NaN
SPIKE	S50:T>C	22	32996	6.667475E-4	67.47598	40.0	TRUE	T	1.5055499E-4	25.0	0.010306446	0.9694617	102.73871	0.20077781	0.13199355	206.0	0.0
SPIKE	S50:T>G	3	32996	9.092011E-5	2.3797824	40.0	TRUE	T	0.0010551657	3.0	0.010249949	0.8046369	138.27731	0.25439322	0.120311126	206.0	1.0
SPIKE	S50:T>A	8	32996	2.4245364E-4	-1.0	40.0	TRUE	T	1.2818507E-4	16.0	0.009112647	0.9739395	46.74745	0.26678073	0.12667373	206.0	0.0
SPIKE	S51:T>C	42	32996	0.0012728815	127.681984	40.0	TRUE	T	2.7099898E-4	45.0	0.010306446	0.94570386	102.73871	0.20077781	0.13199355	206.0	0.0
SPIKE	S51:T>G	2	32996	6.061341E-5	1.3408211	40.0	TRUE	T	0.0010551657	1.0	0.010249949	0.8046369	138.27731	0.25439322	0.120311126	206.0	1.0
SPIKE	S51:T>A	18	32996	5.455207E-4	55.434788	40.0	TRUE	T	2.7239328E-4	34.0	0.009112647	0.9454323	46.74745	0.26678073	0.12667373	206.0	0.0
SPIKE	S52:A>T	9	32996	2.7276034E-4	20.808811	40.0	TRUE	A	5.572412E-4	69.0	0.008139488	0.89155185	46.74745	0.26866114	0.1362283	206.0	0.0
SPIKE	S52:A>G	28	32996	8.485877E-4	85.53779	40.0	TRUE	A	1.989702E-4	32.0	0.009984752	0.9598408	102.73871	0.20723231	0.12653607	206.0	0.0
SPIKE	D52-53:A>	1	32996	3.0306705E-5	-1.0	39.984028	TRUE		NaN	NaN	NaN	NaN	NaN	NaN	NaN	NaN	NaN
SPIKE	S52:A>C	0	32996	0.0	-1.0	0.0	TRUE	A	9.818805E-5	37.0	0.009530604	0.9799765	138.27731	0.088405065	0.11609733	206.0	0.0
SPIKE	S53:C>T	20	32996	6.0613407E-4	61.455387	40.0	TRUE	C	3.2593153E-4	54.0	0.00952988	0.9350625	87.94403	0.20107242	0.13554087	206.0	0.0
SPIKE	S53:C>G	46	32996	0.0013941084	139.72319	40.0	TRUE	C	1.950948E-4	24.0	0.0041626333	0.96060735	89.53257	0.26934403	0.24181692	206.0	0.0
SPIKE	S53:C>A	3	32996	9.092011E-5	6.0206	40.0	TRUE	C	4.748985E-4	66.0	0.014522362	0.90680385	49.736485	0.24091919	0.16014099	206.0	0.0
SPIKE	D53-54:C>	22	32996	6.667475E-4	-1.0	39.993393	TRUE		NaN	NaN	NaN	NaN	NaN	NaN	NaN	NaN	NaN
SPIKE	S54:C>T	28	32996	8.485877E-4	85.53779	40.0	TRUE	C	2.1125191E-4	35.0	0.00952988	0.9574154	87.94403	0.20107242	0.13554087	206.0	0.0
SPIKE	S54:C>G	19	32996	5.758274E-4	40.675655	40.0	TRUE	C	7.2780583E-4	4.0	0.0041626333	0.8607699	89.53257	0.26934403	0.24181692	206.0	1.0
SPIKE	S54:C>A	8	32996	2.4245364E-4	25.331787	40.0	TRUE	C	1.798858E-4	25.0	0.014522362	0.96362174	49.736485	0.24091919	0.16014099	206.0	0.0
SPIKE	S55:A>T	10	32996	3.0306703E-4	-1.0	40.0	TRUE	A	1.1306344E-4	14.0	0.008139488	0.97697806	46.74745	0.26866114	0.1362283	206.0	0.0
SPIKE	S55:A>C	2	32996	6.061341E-5	3.9120662	40.0	TRUE	A	5.466686E-4	206.0	0.009530604	0.89349574	138.27731	0.088405065	0.11609733	206.0	0.0
SPIKE	S55:A>G	39	32996	0.0011819615	86.648964	40.0	TRUE	A	0.0010570292	170.0	0.009984752	0.8043281	102.73871	0.20723231	0.12653607	206.0	0.0
SPIKE	D55-56:A>	1	32996	3.0306705E-5	-1.0	39.985394	TRUE		NaN	NaN	NaN	NaN	NaN	NaN	NaN	NaN	NaN
SPIKE	S56:C>T	17	32996	5.15214E-4	52.424488	40.0	TRUE	C	2.7764536E-4	46.0	0.00952988	0.94440997	87.94403	0.20107242	0.13554087	206.0	0.0
SPIKE	S56:C>G	21	32996	6.3644076E-4	64.46568	40.0	TRUE	C	1.4632111E-4	18.0	0.0041626333	0.9703076	89.53257	0.26934403	0.24181692	206.0	0.0
SPIKE	S56:C>A	3	32996	9.092011E-5	10.280287	40.0	TRUE	C	3.16599E-4	44.0	0.014522362	0.9368619	49.736485	0.24091919	0.16014099	206.0	0.0
SPIKE	D56-57:C>	19	32996	5.758274E-4	-1.0	39.995605	TRUE		NaN	NaN	NaN	NaN	NaN	NaN	NaN	NaN	NaN
SPIKE	S57:C>T	24	32996	7.273609E-4	73.49659	40.0	TRUE	C	2.4746652E-4	41.0	0.00952988	0.9502995	87.94403	0.20107242	0.13554087	206.0	0.0
SPIKE	S57:C>G	12	32996	3.6368045E-4	22.940357	40.0	TRUE	C	7.2780583E-4	9.0	0.0041626333	0.8607699	89.53257	0.26934403	0.24181692	206.0	1.0
SPIKE	S57:C>A	5	32996	1.5153352E-4	16.300888	40.0	TRUE	C	1.798858E-4	25.0	0.014522362	0.96362174	49.736485	0.24091919	0.16014099	206.0	0.0
SPIKE	S58:A>T	8	32996	2.4245364E-4	25.331787	40.0	TRUE	A	2.1805092E-4	27.0	0.008139488	0.95607543	46.74745	0.26866114	0.1362283	206.0	0.0
SPIKE	S58:A>C	1	32996	3.0306705E-5	-1.0	40.0	TRUE	A	9.553432E-5	36.0	0.009530604	0.9805123	138.27731	0.088405065	0.11609733	206.0	0.0
SPIKE	S58:A>G	51	32996	0.0015456419	140.515	40.0	TRUE	A	5.471681E-4	88.0	0.009984752	0.8934038	102.73871	0.20723231	0.12653607	206.0	0.0
SPIKE	D58-59:A>	1	32996	3.0306705E-5	-1.0	39.990665	TRUE		NaN	NaN	NaN	NaN	NaN	NaN	NaN	NaN	NaN
SPIKE	I59:>T	1	32996	3.0306705E-5	-1.0	39.998455	TRUE		NaN	NaN	NaN	NaN	NaN	NaN	NaN	NaN	NaN
SPIKE	S59:T>C	30	32996	9.092011E-4	91.55839	40.0	TRUE	T	3.673542E-4	61.0	0.010306446	0.9271175	102.73871	0.20077781	0.13199355	206.0	0.0
SPIKE	S59:T>G	1	32996	3.0306705E-5	0.57991946	40.0	TRUE	T	0.0010551657	2.0	0.010249949	0.8046369	138.27731	0.25439322	0.120311126	206.0	1.0
SPIKE	S59:T>A	9	32996	2.7276034E-4	28.342087	40.0	TRUE	T	2.884164E-4	36.0	0.009112647	0.9423168	46.74745	0.26678073	0.12667373	206.0	0.0
SPIKE	D59-60:T>	4	32996	1.2122682E-4	-1.0	39.998455	TRUE		NaN	NaN	NaN	NaN	NaN	NaN	NaN	NaN	NaN
SPIKE	S60:T>C	47	32996	0.001424415	142.73349	40.0	TRUE	T	3.673542E-4	61.0	0.010306446	0.9271175	102.73871	0.20077781	0.13199355	206.0	0.0
SPIKE	S60:T>G	1	32996	3.0306705E-5	4.2596874	40.0	TRUE	T	1.9076986E-4	25.0	0.010249949	0.9614636	138.27731	0.25439322	0.120311126	206.0	0.0
SPIKE	S60:T>A	15	32996	4.5460055E-4	46.403885	40.0	TRUE	T	3.7452034E-4	7.0	0.009112647	0.9257499	46.74745	0.26678073	0.12667373	206.0	1.0
SPIKE	S61:G>C	14	32996	4.2429386E-4	27.870962	40.0	TRUE	G	7.076205E-4	8.0	0.005836484	0.86435664	89.53257	0.26231483	0.14333926	206.0	1.0
SPIKE	S61:G>A	27	32996	8.18281E-4	82.52749	40.0	TRUE	G	3.2163953E-4	52.0	0.009967447	0.9358896	87.94403	0.2061474	0.12520538	206.0	0.0
SPIKE	S61:G>T	0	32996	0.0	-1.0	0.0	TRUE	G	2.824926E-4	36.0	0.011667648	0.9434674	49.736485	0.2619768	0.124954104	206.0	0.0
SPIKE	S62:A>T	19	32996	5.758274E-4	-1.0	40.0	TRUE	A	1.1306344E-4	14.0	0.008139488	0.97697806	46.74745	0.26866114	0.1362283	206.0	0.0
SPIKE	S62:A>C	3	32996	9.092011E-5	10.280287	40.0	TRUE	A	3.669508E-4	2.0	0.009530604	0.92719454	138.27731	0.088405065	0.11609733	206.0	1.0
SPIKE	S62:A>G	23	32996	6.970542E-4	70.48629	40.0	TRUE	A	3.7306914E-4	60.0	0.009984752	0.9260267	102.73871	0.20723231	0.12653607	206.0	0.0
SPIKE	D62-63:A>	20	32996	6.0613407E-4	-1.0	39.998726	TRUE		NaN	NaN	NaN	NaN	NaN	NaN	NaN	NaN	NaN
SPIKE	S63:A>T	17	32996	5.15214E-4	-1.0	40.0	TRUE	A	1.211394E-4	15.0	0.008139488	0.9753541	46.74745	0.26866114	0.1362283	206.0	0.0
SPIKE	S63:A>C	3	32996	9.092011E-5	10.280287	40.0	TRUE	A	3.669508E-4	0.0	0.009530604	0.92719454	138.27731	0.088405065	0.11609733	206.0	1.0
SPIKE	S63:A>G	32	32996	9.6981454E-4	97.57899	40.0	TRUE	A	1.9275238E-4	31.0	0.009984752	0.961071	102.73871	0.20723231	0.12653607	206.0	0.0
SPIKE	S64:A>G	23	32996	6.970542E-4	70.48629	40.0	TRUE	A	2.1140584E-4	34.0	0.009984752	0.95738506	102.73871	0.20723231	0.12653607	206.0	0.0
SPIKE	S64:A>T	9	32996	2.7276034E-4	-1.0	40.0	TRUE	A	8.07596E-5	10.0	0.008139488	0.98350114	46.74745	0.26866114	0.1362283	206.0	0.0
SPIKE	S64:A>C	0	32996	0.0	-1.0	0.0	TRUE	A	3.669508E-4	2.0	0.009530604	0.92719454	138.27731	0.088405065	0.11609733	206.0	1.0
SPIKE	S65:A>G	19	32996	5.758274E-4	48.1648	40.0	TRUE	A	6.52871E-4	105.0	0.009984752	0.8741604	102.73871	0.20723231	0.12653607	206.0	0.0
SPIKE	S65:A>C	5	32996	1.5153352E-4	16.300888	40.0	TRUE	A	2.574119E-4	97.0	0.009530604	0.94835454	138.27731	0.088405065	0.11609733	206.0	0.0
SPIKE	S65:A>T	5	32996	1.5153352E-4	16.300888	40.0	TRUE	A	3.7753055E-4	7.0	0.008139488	0.925176	46.74745	0.26866114	0.1362283	206.0	1.0
SPIKE	S66:C>A	2	32996	6.061341E-5	3.9120662	40.0	TRUE	C	6.619797E-4	92.0	0.014522362	0.87252164	49.736485	0.24091919	0.16014099	206.0	0.0
SPIKE	S66:C>G	10	32996	3.0306703E-4	18.164799	40.0	TRUE	C	7.2780583E-4	7.0	0.0041626333	0.8607699	89.53257	0.26934403	0.24181692	206.0	1.0
SPIKE	S66:C>T	17	32996	5.15214E-4	52.424488	40.0	TRUE	C	2.1125191E-4	35.0	0.00952988	0.9574154	87.94403	0.20107242	0.13554087	206.0	0.0
SPIKE	D66-67:C>	12	32996	3.6368045E-4	-1.0	39.9943	TRUE		NaN	NaN	NaN	NaN	NaN	NaN	NaN	NaN	NaN
SPIKE	S67:C>A	9	32996	2.7276034E-4	28.342087	40.0	TRUE	C	2.1586295E-4	30.0	0.014522362	0.95650643	49.736485	0.24091919	0.16014099	206.0	0.0
SPIKE	S67:C>G	11	32996	3.3337375E-4	20.53052	40.0	TRUE	C	7.2780583E-4	9.0	0.0041626333	0.8607699	89.53257	0.26934403	0.24181692	206.0	1.0
SPIKE	S67:C>T	23	32996	6.970542E-4	70.48629	40.0	TRUE	C	2.4746652E-4	41.0	0.00952988	0.9502995	87.94403	0.20107242	0.13554087	206.0	0.0
SPIKE	S68:A>G	38	32996	0.0011516548	83.94943	40.0	TRUE	A	0.0011627321	187.0	0.009984752	0.78700334	102.73871	0.20723231	0.12653607	206.0	0.0
SPIKE	S68:A>C	2	32996	6.061341E-5	-1.0	40.0	TRUE	A	7.430447E-5	28.0	0.009530604	0.9848098	138.27731	0.088405065	0.11609733	206.0	0.0
SPIKE	S68:A>T	4	32996	1.2122682E-4	13.290587	40.0	TRUE	A	3.7753055E-4	8.0	0.008139488	0.925176	46.74745	0.26866114	0.1362283	206.0	1.0
SPIKE	S69:G>A	18	32996	5.455207E-4	55.434788	40.0	TRUE	G	3.1545415E-4	51.0	0.009967447	0.9370829	87.94403	0.2061474	0.12520538	206.0	0.0
SPIKE	S69:G>C	24	32996	7.273609E-4	73.49659	40.0	TRUE	G	3.0823643E-4	39.0	0.005836484	0.9384772	89.53257	0.26231483	0.14333926	206.0	0.0
SPIKE	S69:G>T	2	32996	6.061341E-5	7.269987	40.0	TRUE	G	3.90283E-4	4.0	0.011667648	0.92274874	49.736485	0.2619768	0.124954104	206.0	1.0
SPIKE	S70:C>A	6	32996	1.8184022E-4	-1.0	40.0	TRUE	C	7.914975E-5	11.0	0.014522362	0.98382735	49.736485	0.24091919	0.16014099	206.0	0.0
SPIKE	S70:C>G	10	32996	3.0306703E-4	31.352386	40.0	TRUE	C	2.763843E-4	34.0	0.0041626333	0.9446553	89.53257	0.26934403	0.24181692	206.0	0.0
SPIKE	S70:C>T	14	32996	4.2429386E-4	34.27314	40.0	TRUE	C	4.7682575E-4	79.0	0.00952988	0.90644395	87.94403	0.20107242	0.13554087	206.0	0.0
SPIKE	S71:C>A	3	32996	9.092011E-5	10.280287	40.0	TRUE	C	3.5787545E-4	2.0	0.014522362	0.92892957	49.736485	0.24091919	0.16014099	206.0	1.0
SPIKE	S71:C>G	10	32996	3.0306703E-4	31.352386	40.0	TRUE	C	2.601264E-4	32.0	0.0041626333	0.94782436	89.53257	0.26934403	0.24181692	206.0	0.0
SPIKE	S71:C>T	55	32996	0.0016668687	171.5871	40.0	TRUE	C	3.92325E-4	65.0	0.00952988	0.92236066	87.94403	0.20107242	0.13554087	206.0	0.0
SPIKE	S72:G>A	43	32996	0.0013031883	117.13841	40.0	TRUE	G	5.010154E-4	81.0	0.009967447	0.9019383	87.94403	0.2061474	0.12520538	206.0	0.0
SPIKE	S72:G>C	17	32996	5.15214E-4	52.424488	40.0	TRUE	G	2.6081543E-4	33.0	0.005836484	0.94768983	89.53257	0.26231483	0.14333926	206.0	0.0
SPIKE	S72:G>T	2	32996	6.061341E-5	7.269987	40.0	TRUE	G	2.1971647E-4	28.0	0.011667648	0.9557474	49.736485	0.2619768	0.124954104	206.0	0.0
SPIKE	D72-73:G>	4	32996	1.2122682E-4	-1.0	39.987938	TRUE		NaN	NaN	NaN	NaN	NaN	NaN	NaN	NaN	NaN
SPIKE	S73:T>A	8	32996	2.4245364E-4	25.331787	40.0	TRUE	T	3.7452034E-4	2.0	0.009112647	0.9257499	46.74745	0.26678073	0.12667373	206.0	1.0
SPIKE	S73:T>G	1	32996	3.0306705E-5	2.0412	40.0	TRUE	T	4.196937E-4	55.0	0.010249949	0.91717505	138.27731	0.25439322	0.120311126	206.0	0.0
SPIKE	S73:T>C	60	32996	0.0018184022	144.67522	40.0	TRUE	T	9.876407E-4	164.0	0.010306446	0.8159077	102.73871	0.20077781	0.13199355	206.0	0.0
SPIKE	S74:G>A	18	32996	5.455207E-4	55.434788	40.0	TRUE	G	2.47415E-4	40.0	0.009967447	0.9503096	87.94403	0.2061474	0.12520538	206.0	0.0
SPIKE	S74:G>C	3	32996	9.092011E-5	3.748162	40.0	TRUE	G	7.076205E-4	3.0	0.005836484	0.86435664	89.53257	0.26231483	0.14333926	206.0	1.0
SPIKE	S74:G>T	2	32996	6.061341E-5	7.269987	40.0	TRUE	G	1.8048138E-4	23.0	0.011667648	0.9635035	49.736485	0.2619768	0.124954104	206.0	0.0
SPIKE	D74-75:G>	3	32996	9.092011E-5	-1.0	39.995	TRUE		NaN	NaN	NaN	NaN	NaN	NaN	NaN	NaN	NaN
SPIKE	S75:G>A	10	32996	3.0306703E-4	31.352386	40.0	TRUE	G	1.9793201E-4	32.0	0.009967447	0.96004605	87.94403	0.2061474	0.12520538	206.0	0.0
SPIKE	S75:G>C	6	32996	1.8184022E-4	9.311187	40.0	TRUE	G	7.076205E-4	8.0	0.005836484	0.86435664	89.53257	0.26231483	0.14333926	206.0	1.0
SPIKE	S75:G>T	0	32996	0.0	-1.0	0.0	TRUE	G	2.2756349E-4	29.0	0.011667648	0.9542037	49.736485	0.2619768	0.124954104	206.0	0.0
SPIKE	S76:T>A	4	32996	1.2122682E-4	13.290587	40.0	TRUE	T	3.7452034E-4	5.0	0.009112647	0.9257499	46.74745	0.26678073	0.12667373	206.0	1.0
SPIKE	S76:T>G	8	32996	2.4245364E-4	25.331787	39.375	TRUE	T	2.823394E-4	37.0	0.010249949	0.9434972	138.27731	0.25439322	0.120311126	206.0	0.0
SPIKE	S76:T>C	22	32996	6.667475E-4	56.62427	40.0	TRUE	T	4.81776E-4	80.0	0.010306446	0.9055201	102.73871	0.20077781	0.13199355	206.0	0.0
SPIKE	D76-77:T>	8	32996	2.4245364E-4	-1.0	39.99409	TRUE		NaN	NaN	NaN	NaN	NaN	NaN	NaN	NaN	NaN
SPIKE	S77:T>A	11	32996	3.3337375E-4	34.362686	40.0	TRUE	T	1.3619664E-4	17.0	0.009112647	0.97233343	46.74745	0.26678073	0.12667373	206.0	0.0
SPIKE	S77:T>C	23	32996	6.970542E-4	70.48629	40.0	TRUE	T	1.987326E-4	33.0	0.010306446	0.95988774	102.73871	0.20077781	0.13199355	206.0	0.0
SPIKE	S77:T>G	0	32996	0.0	-1.0	0.0	TRUE	T	0.0010551657	3.0	0.010249949	0.8046369	138.27731	0.25439322	0.120311126	206.0	1.0
SPIKE	S78:T>A	17	32996	5.15214E-4	52.424488	40.0	TRUE	T	3.7452034E-4	8.0	0.009112647	0.9257499	46.74745	0.26678073	0.12667373	206.0	1.0
SPIKE	S78:T>G	3	32996	9.092011E-5	10.280287	40.0	TRUE	T	3.2049336E-4	42.0	0.010249949	0.9361106	138.27731	0.25439322	0.120311126	206.0	0.0
SPIKE	S78:T>C	46	32996	0.0013941084	139.72319	40.0	TRUE	T	2.830434E-4	47.0	0.010306446	0.9433603	102.73871	0.20077781	0.13199355	206.0	0.0
SPIKE	S79:G>A	30	32996	9.092011E-4	91.55839	40.0	TRUE	G	2.4122965E-4	39.0	0.009967447	0.9515212	87.94403	0.2061474	0.12520538	206.0	0.0
SPIKE	S79:G>C	16	32996	4.8490727E-4	49.41419	40.0	TRUE	G	3.9517492E-4	50.0	0.005836484	0.9218193	89.53257	0.26231483	0.14333926	206.0	0.0
SPIKE	S79:G>T	0	32996	0.0	-1.0	0.0	TRUE	G	1.7263438E-4	22.0	0.011667648	0.96506226	49.736485	0.2619768	0.124954104	206.0	0.0
SPIKE	S80:C>G	16	32996	4.8490727E-4	39.792072	40.0	TRUE	C	5.365107E-4	66.0	0.0041626333	0.8953673	89.53257	0.26934403	0.24181692	206.0	0.0
SPIKE	S80:C>A	2	32996	6.061341E-5	7.269987	40.0	TRUE	C	3.5787545E-4	2.0	0.014522362	0.92892957	49.736485	0.24091919	0.16014099	206.0	1.0
SPIKE	S80:C>T	37	32996	0.001121348	99.69318	40.0	TRUE	C	5.1304034E-4	85.0	0.00952988	0.89970684	87.94403	0.20107242	0.13554087	206.0	0.0
SPIKE	D80-81:C>	11	32996	3.3337375E-4	-1.0	39.980694	TRUE		NaN	NaN	NaN	NaN	NaN	NaN	NaN	NaN	NaN
SPIKE	D80-82:CG>	1	32996	3.0306705E-5	-1.0	39.980694	TRUE		NaN	NaN	NaN	NaN	NaN	NaN	NaN	NaN	NaN
SPIKE	S81:G>A	34	32996	0.001030428	103.59959	40.0	TRUE	G	3.8967864E-4	63.0	0.009967447	0.9228636	87.94403	0.2061474	0.12520538	206.0	0.0
SPIKE	S81:G>T	2	32996	6.061341E-5	7.269987	40.0	TRUE	G	3.90283E-4	6.0	0.011667648	0.92274874	49.736485	0.2619768	0.124954104	206.0	1.0
SPIKE	S81:G>C	19	32996	5.758274E-4	58.445087	39.526318	TRUE	G	2.9242944E-4	37.0	0.005836484	0.9415381	89.53257	0.26231483	0.14333926	206.0	0.0
SPIKE	D81-82:G>	1	32996	3.0306705E-5	-1.0	39.991333	TRUE		NaN	NaN	NaN	NaN	NaN	NaN	NaN	NaN	NaN
SPIKE	S82:G>A	14	32996	4.2429386E-4	43.393585	40.0	TRUE	G	3.4019563E-4	55.0	0.009967447	0.9323189	87.94403	0.2061474	0.12520538	206.0	0.0
SPIKE	S82:G>T	5	32996	1.5153352E-4	16.300888	40.0	TRUE	G	3.90283E-4	6.0	0.011667648	0.92274874	49.736485	0.2619768	0.124954104	206.0	1.0
SPIKE	S82:G>C	15	32996	4.5460055E-4	37.025364	40.0	TRUE	G	4.900169E-4	62.0	0.005836484	0.9039841	89.53257	0.26231483	0.14333926	206.0	0.0
SPIKE	S83:C>G	24	32996	7.273609E-4	62.301826	40.0	TRUE	C	6.6657393E-4	82.0	0.0041626333	0.8716963	89.53257	0.26934403	0.24181692	206.0	0.0
SPIKE	S83:C>A	3	32996	9.092011E-5	10.280287	40.0	TRUE	C	3.5787545E-4	1.0	0.014522362	0.92892957	49.736485	0.24091919	0.16014099	206.0	1.0
SPIKE	S83:C>T	55	32996	0.0016668687	151.94922	40.0	TRUE	C	4.5871845E-4	76.0	0.00952988	0.90983135	87.94403	0.20107242	0.13554087	206.0	0.0
SPIKE	S84:G>A	34	32996	0.001030428	91.006836	40.0	TRUE	G	5.381277E-4	87.0	0.009967447	0.8950692	87.94403	0.2061474	0.12520538	206.0	0.0
SPIKE	S84:G>T	7	32996	2.1214693E-4	22.321487	40.0	TRUE	G	3.90283E-4	3.0	0.011667648	0.92274874	49.736485	0.2619768	0.124954104	206.0	1.0
SPIKE	S84:G>C	7	32996	2.1214693E-4	22.321487	40.0	TRUE	G	2.0549096E-4	26.0	0.005836484	0.9585523	89.53257	0.26231483	0.14333926	206.0	0.0
SPIKE	S85:A>G	22	32996	6.667475E-4	67.47598	39.772728	TRUE	A	2.984553E-4	48.0	0.009984752	0.9403701	102.73871	0.20723231	0.12653607	206.0	0.0
SPIKE	S85:A>T	15	32996	4.5460055E-4	37.025364	40.0	TRUE	A	4.7648163E-4	59.0	0.008139488	0.9065082	46.74745	0.26866114	0.1362283	206.0	0.0
SPIKE	S85:A>C	1	32996	3.0306705E-5	1.0720997	40.0	TRUE	A	8.863462E-4	334.0	0.009530604	0.8331119	138.27731	0.088405065	0.11609733	206.0	0.0
SPIKE	S86:T>G	1	32996	3.0306705E-5	0.57991946	40.0	TRUE	T	0.0010551657	3.0	0.010249949	0.8046369	138.27731	0.25439322	0.120311126	206.0	1.0
SPIKE	S86:T>A	14	32996	4.2429386E-4	43.393585	40.0	TRUE	T	2.3233544E-4	29.0	0.009112647	0.9532662	46.74745	0.26678073	0.12667373	206.0	0.0
SPIKE	S86:T>C	27	32996	8.18281E-4	82.52749	40.0	TRUE	T	2.529324E-4	42.0	0.010306446	0.9492301	102.73871	0.20077781	0.13199355	206.0	0.0
SPIKE	D86-87:T>	14	32996	4.2429386E-4	-1.0	39.993515	TRUE		NaN	NaN	NaN	NaN	NaN	NaN	NaN	NaN	NaN
SPIKE	S87:T>A	8	32996	2.4245364E-4	25.331787	40.0	TRUE	T	3.7452034E-4	9.0	0.009112647	0.9257499	46.74745	0.26678073	0.12667373	206.0	1.0
SPIKE	S87:T>C	20	32996	6.0613407E-4	61.455387	40.0	TRUE	T	1.7464379E-4	29.0	0.010306446	0.96466285	102.73871	0.20077781	0.13199355	206.0	0.0
SPIKE	S87:T>G	0	32996	0.0	-1.0	0.0	TRUE	T	0.0010551657	3.0	0.010249949	0.8046369	138.27731	0.25439322	0.120311126	206.0	1.0
SPIKE	S88:T>G	4	32996	1.2122682E-4	3.6487768	40.0	TRUE	T	0.0010551657	1.0	0.010249949	0.8046369	138.27731	0.25439322	0.120311126	206.0	1.0
SPIKE	S88:T>A	13	32996	3.9398714E-4	31.537222	40.0	TRUE	T	5.287634E-4	66.0	0.009112647	0.8967974	46.74745	0.26678073	0.12667373	206.0	0.0
SPIKE	S88:T>C	33	32996	0.0010001212	100.58929	40.0	TRUE	T	1.9271039E-4	32.0	0.010306446	0.9610793	102.73871	0.20077781	0.13199355	206.0	0.0
SPIKE	S89:A>G	28	32996	8.485877E-4	85.53779	40.0	TRUE	A	1.8653457E-4	30.0	0.009984752	0.9623028	102.73871	0.20723231	0.12653607	206.0	0.0
SPIKE	S89:A>T	14	32996	4.2429386E-4	27.870962	40.0	TRUE	A	9.2873536E-4	115.0	0.008139488	0.82586867	46.74745	0.26866114	0.1362283	206.0	0.0
SPIKE	S89:A>C	3	32996	9.092011E-5	10.280287	40.0	TRUE	A	3.669508E-4	7.0	0.009530604	0.92719454	138.27731	0.088405065	0.11609733	206.0	1.0
SPIKE	D89-90:A>	3	32996	9.092011E-5	-1.0	39.988605	TRUE		NaN	NaN	NaN	NaN	NaN	NaN	NaN	NaN	NaN
SPIKE	S90:T>G	1	32996	3.0306705E-5	0.57991946	40.0	TRUE	T	0.0010551657	5.0	0.010249949	0.8046369	138.27731	0.25439322	0.120311126	206.0	1.0
SPIKE	S90:T>A	17	32996	5.15214E-4	52.424488	40.0	TRUE	T	3.2046268E-4	40.0	0.009112647	0.9361165	46.74745	0.26678073	0.12667373	206.0	0.0
SPIKE	S90:T>C	24	32996	7.273609E-4	62.301826	40.0	TRUE	T	5.058648E-4	84.0	0.010306446	0.90103775	102.73871	0.20077781	0.13199355	206.0	0.0
SPIKE	S91:C>G	7	32996	2.1214693E-4	15.631419	40.0	TRUE	C	5.1212386E-4	63.0	0.0041626333	0.8998767	89.53257	0.26934403	0.24181692	206.0	0.0
SPIKE	S91:C>A	2	32996	6.061341E-5	7.269987	40.0	TRUE	C	3.5787545E-4	3.0	0.014522362	0.92892957	49.736485	0.24091919	0.16014099	206.0	1.0
SPIKE	S91:C>T	46	32996	0.0013941084	125.891014	40.0	TRUE	C	5.070046E-4	84.0	0.00952988	0.9008262	87.94403	0.20107242	0.13554087	206.0	0.0
SPIKE	S92:G>A	49	32996	0.0014850285	148.75409	40.0	TRUE	G	3.8349326E-4	62.0	0.009967447	0.92404026	87.94403	0.2061474	0.12520538	206.0	0.0
SPIKE	S92:G>C	28	32996	8.485877E-4	73.72888	40.0	TRUE	G	5.058239E-4	64.0	0.005836484	0.9010453	89.53257	0.26231483	0.14333926	206.0	0.0
SPIKE	S92:G>T	0	32996	0.0	-1.0	0.0	TRUE	G	4.6297399E-4	59.0	0.011667648	0.90903413	49.736485	0.2619768	0.124954104	206.0	0.0
SPIKE	S93:T>G	1	32996	3.0306705E-5	4.2596874	40.0	TRUE	T	2.747086E-4	36.0	0.010249949	0.94498146	138.27731	0.25439322	0.120311126	206.0	0.0
SPIKE	S93:T>A	14	32996	4.2429386E-4	-1.0	40.0	TRUE	T	1.12161935E-4	14.0	0.009112647	0.9771595	46.74745	0.26678073	0.12667373	206.0	0.0
SPIKE	S93:T>C	23	32996	6.970542E-4	51.26076	40.0	TRUE	T	7.2266394E-4	120.0	0.010306446	0.8616822	102.73871	0.20077781	0.13199355	206.0	0.0
SPIKE	S94:C>G	20	32996	6.0613407E-4	50.97615	40.0	TRUE	C	5.4463965E-4	67.0	0.0041626333	0.8938692	89.53257	0.26934403	0.24181692	206.0	0.0
SPIKE	S94:C>A	8	32996	2.4245364E-4	25.331787	40.0	TRUE	C	3.5787545E-4	5.0	0.014522362	0.92892957	49.736485	0.24091919	0.16014099	206.0	1.0
SPIKE	S94:C>T	57	32996	0.0017274821	157.92287	39.982456	TRUE	C	5.0096883E-4	83.0	0.00952988	0.90194696	87.94403	0.20107242	0.13554087	206.0	0.0
SPIKE	D94-95:C>	2	32996	6.061341E-5	-1.0	39.98985	TRUE		NaN	NaN	NaN	NaN	NaN	NaN	NaN	NaN	NaN
SPIKE	S95:G>A	56	32996	0.0016971754	154.93597	40.0	TRUE	G	5.566838E-4	90.0	0.009967447	0.89165425	87.94403	0.2061474	0.12520538	206.0	0.0
SPIKE	S95:G>T	1	32996	3.0306705E-5	2.0412	40.0	TRUE	G	4.7082102E-4	60.0	0.011667648	0.9075659	49.736485	0.2619768	0.124954104	206.0	0.0
SPIKE	S95:G>C	37	32996	0.001121348	99.69318	40.0	TRUE	G	4.584029E-4	58.0	0.005836484	0.90989053	89.53257	0.26231483	0.14333926	206.0	0.0
SPIKE	D95-96:G>	3	32996	9.092011E-5	-1.0	39.98406	TRUE		NaN	NaN	NaN	NaN	NaN	NaN	NaN	NaN	NaN
SPIKE	D95-98:GTC>	4	32996	1.2122682E-4	-1.0	39.98406	TRUE		NaN	NaN	NaN	NaN	NaN	NaN	NaN	NaN	NaN
SPIKE	S96:T>C	29	32996	8.788944E-4	60.04673	40.0	TRUE	T	9.63552E-4	160.0	0.010306446	0.81996655	102.73871	0.20077781	0.13199355	206.0	0.0
SPIKE	S96:T>A	10	32996	3.0306703E-4	31.352386	40.0	TRUE	T	3.7452034E-4	8.0	0.009112647	0.9257499	46.74745	0.26678073	0.12667373	206.0	1.0
SPIKE	S96:T>G	2	32996	6.061341E-5	7.269987	40.0	TRUE	T	2.5944703E-4	34.0	0.010249949	0.94795704	138.27731	0.25439322	0.120311126	206.0	0.0
SPIKE	S97:C>T	23	32996	6.970542E-4	70.48629	40.0	TRUE	C	3.3800307E-4	56.0	0.00952988	0.93274015	87.94403	0.20107242	0.13554087	206.0	0.0
SPIKE	S97:C>A	4	32996	1.2122682E-4	8.284564	40.0	TRUE	C	4.4611676E-4	62.0	0.014522362	0.91219634	49.736485	0.24091919	0.16014099	206.0	0.0
SPIKE	S97:C>G	23	32996	6.970542E-4	-1.0	40.0	TRUE	C	9.75474E-5	12.0	0.0041626333	0.9801058	89.53257	0.26934403	0.24181692	206.0	0.0
SPIKE	S98:A>C	1	32996	3.0306705E-5	-1.0	40.0	TRUE	A	9.553432E-5	36.0	0.009530604	0.9805123	138.27731	0.088405065	0.11609733	206.0	0.0
SPIKE	S98:A>T	7	32996	2.1214693E-4	15.631419	40.0	TRUE	A	5.6531717E-4	70.0	0.008139488	0.89006984	46.74745	0.26866114	0.1362283	206.0	0.0
SPIKE	S98:A>G	48	32996	0.0014547218	131.73553	40.0	TRUE	A	4.5390078E-4	73.0	0.009984752	0.9107348	102.73871	0.20723231	0.12653607	206.0	0.0
SPIKE	I98:>GTC	1	32996	3.0306705E-5	-1.0	39.988876	TRUE		NaN	NaN	NaN	NaN	NaN	NaN	NaN	NaN	NaN
SPIKE	D98-101:ATC>	1	32996	3.0306705E-5	-1.0	39.988876	TRUE		NaN	NaN	NaN	NaN	NaN	NaN	NaN	NaN	NaN
SPIKE	S99:T>C	23	32996	6.970542E-4	59.459663	40.0	TRUE	T	5.2995357E-4	88.0	0.010306446	0.8965776	102.73871	0.20077781	0.13199355	206.0	0.0
SPIKE	S99:T>A	10	32996	3.0306703E-4	31.352386	40.0	TRUE	T	3.2046268E-4	40.0	0.009112647	0.9361165	46.74745	0.26678073	0.12667373	206.0	0.0
SPIKE	S99:T>G	1	32996	3.0306705E-5	0.57991946	40.0	TRUE	T	0.0010551657	0.0	0.010249949	0.8046369	138.27731	0.25439322	0.120311126	206.0	1.0
SPIKE	S100:C>T	49	32996	0.0014850285	123.48962	40.0	TRUE	C	7.605069E-4	126.0	0.00952988	0.8549909	87.94403	0.20107242	0.13554087	206.0	0.0
SPIKE	S100:C>A	4	32996	1.2122682E-4	13.290587	40.0	TRUE	C	3.5787545E-4	9.0	0.014522362	0.92892957	49.736485	0.24091919	0.16014099	206.0	1.0
SPIKE	S100:C>G	7	32996	2.1214693E-4	15.631419	40.0	TRUE	C	6.2592915E-4	77.0	0.0041626333	0.87902546	89.53257	0.26934403	0.24181692	206.0	0.0
SPIKE	D100-101:C>	2	32996	6.061341E-5	-1.0	39.988815	TRUE		NaN	NaN	NaN	NaN	NaN	NaN	NaN	NaN	NaN
SPIKE	S101:G>C	19	32996	5.758274E-4	58.445087	40.0	TRUE	G	3.5565742E-4	45.0	0.005836484	0.92935413	89.53257	0.26231483	0.14333926	206.0	0.0
SPIKE	S101:G>T	2	32996	6.061341E-5	3.9120662	40.0	TRUE	G	4.943621E-4	63.0	0.011667648	0.90317535	49.736485	0.2619768	0.124954104	206.0	0.0
SPIKE	S101:G>A	43	32996	0.0013031883	117.13841	40.0	TRUE	G	4.762739E-4	77.0	0.009967447	0.906547	87.94403	0.2061474	0.12520538	206.0	0.0
SPIKE	S102:T>C	43	32996	0.0013031883	117.13841	40.0	TRUE	T	5.660868E-4	94.0	0.010306446	0.88992876	102.73871	0.20077781	0.13199355	206.0	0.0
SPIKE	S102:T>A	19	32996	5.758274E-4	-1.0	40.0	TRUE	T	1.2017351E-4	15.0	0.009112647	0.97554815	46.74745	0.26678073	0.12667373	206.0	0.0
SPIKE	S102:T>G	1	32996	3.0306705E-5	1.0720997	40.0	TRUE	T	7.6307944E-4	100.0	0.010249949	0.85453796	138.27731	0.25439322	0.120311126	206.0	0.0
SPIKE	D102-104:TG>	1	32996	3.0306705E-5	-1.0	39.98694	TRUE		NaN	NaN	NaN	NaN	NaN	NaN	NaN	NaN	NaN
SPIKE	S103:G>C	25	32996	7.576676E-4	-1.0	40.0	TRUE	G	1.1064898E-4	14.0	0.005836484	0.97746414	89.53257	0.26231483	0.14333926	206.0	0.0
SPIKE	S103:G>T	2	32996	6.061341E-5	7.269987	40.0	TRUE	G	2.746456E-4	35.0	0.011667648	0.94499373	49.736485	0.2619768	0.124954104	206.0	0.0
SPIKE	S103:G>A	30	32996	9.092011E-4	91.55839	40.0	TRUE	G	1.9793201E-4	32.0	0.009967447	0.96004605	87.94403	0.2061474	0.12520538	206.0	0.0
SPIKE	D103-104:G>	11	32996	3.3337375E-4	-1.0	39.991028	TRUE		NaN	NaN	NaN	NaN	NaN	NaN	NaN	NaN	NaN
SPIKE	S104:G>C	13	32996	3.9398714E-4	31.537222	40.0	TRUE	G	6.1647285E-4	78.0	0.005836484	0.88073945	89.53257	0.26231483	0.14333926	206.0	0.0
SPIKE	S104:G>T	9	32996	2.7276034E-4	28.342087	40.0	TRUE	G	3.90283E-4	7.0	0.011667648	0.92274874	49.736485	0.2619768	0.124954104	206.0	1.0
SPIKE	S104:G>A	18	32996	5.455207E-4	55.434788	40.0	TRUE	G	3.3401026E-4	54.0	0.009967447	0.9335077	87.94403	0.2061474	0.12520538	206.0	0.0
SPIKE	S105:C>T	49	32996	0.0014850285	134.66039	40.0	TRUE	C	4.8889726E-4	81.0	0.00952988	0.9041926	87.94403	0.20107242	0.13554087	206.0	0.0
SPIKE	S105:C>A	4	32996	1.2122682E-4	13.290587	40.0	TRUE	C	3.5787545E-4	9.0	0.014522362	0.92892957	49.736485	0.24091919	0.16014099	206.0	1.0
SPIKE	S105:C>G	17	32996	5.15214E-4	29.928427	40.0	TRUE	C	0.0010486345	129.0	0.0041626333	0.8057202	89.53257	0.26934403	0.24181692	206.0	0.0
SPIKE	D105-106:C>	17	32996	5.15214E-4	-1.0	39.968754	TRUE		NaN	NaN	NaN	NaN	NaN	NaN	NaN	NaN	NaN
SPIKE	D105-107:CG>	1	32996	3.0306705E-5	-1.0	39.968754	TRUE		NaN	NaN	NaN	NaN	NaN	NaN	NaN	NaN	NaN
SPIKE	S106:G>C	12	32996	3.6368045E-4	28.819815	40.0	TRUE	G	4.346924E-4	55.0	0.005836484	0.9143456	89.53257	0.26231483	0.14333926	206.0	0.0
SPIKE	S106:G>T	5	32996	1.5153352E-4	16.300888	40.0	TRUE	G	3.90283E-4	7.0	0.011667648	0.92274874	49.736485	0.2619768	0.124954104	206.0	1.0
SPIKE	S106:G>A	34	32996	0.001030428	91.006836	40.0	TRUE	G	4.6390315E-4	75.0	0.009967447	0.90886015	87.94403	0.2061474	0.12520538	206.0	0.0
SPIKE	D106-107:G>	3	32996	9.092011E-5	-1.0	39.98724	TRUE		NaN	NaN	NaN	NaN	NaN	NaN	NaN	NaN	NaN
SPIKE	S107:G>C	33	32995	0.0010001515	78.52778	40.0	TRUE	G	8.536037E-4	108.0	0.005836484	0.8387502	89.52986	0.26231483	0.14333926	206.0	0.0
SPIKE	S107:G>T	5	32995	1.5153812E-4	16.300888	40.0	TRUE	G	3.90283E-4	4.0	0.011667648	0.92274874	49.734974	0.2619768	0.124954104	206.0	1.0
SPIKE	S107:G>A	14	32995	4.2430672E-4	43.393585	40.0	TRUE	G	3.95876E-4	64.0	0.009967447	0.9216862	87.94136	0.2061474	0.12520538	206.0	0.0
SPIKE	S108:C>T	31	32995	9.395363E-4	94.56869	40.0	TRUE	C	3.1990546E-4	53.0	0.00952988	0.936224	87.94136	0.20107242	0.13554087	206.0	0.0
SPIKE	S108:C>A	5	32995	1.5153812E-4	10.658173	40.0	TRUE	C	6.2602153E-4	87.0	0.014522362	0.87900877	49.734974	0.24091919	0.16014099	206.0	0.0
SPIKE	S108:C>G	19	32995	5.7584484E-4	48.1648	40.0	TRUE	C	4.633642E-4	57.0	0.0041626333	0.90896106	89.52986	0.26934403	0.24181692	206.0	0.0
SPIKE	S109:A>C	5	32994	1.515427E-4	16.300888	40.0	TRUE	A	1.8311855E-4	69.0	0.009530604	0.9629802	138.26892	0.088405065	0.11609733	206.0	0.0
SPIKE	S109:A>T	7	32994	2.121598E-4	22.321487	40.0	TRUE	A	3.7753055E-4	5.0	0.008139488	0.925176	46.744617	0.26866114	0.1362283	206.0	1.0
SPIKE	S109:A>G	44	32994	0.0013335758	109.31848	40.0	TRUE	A	9.2651113E-4	149.0	0.009984752	0.82624716	102.73248	0.20723231	0.12653607	206.0	0.0
SPIKE	S110:G>C	16	32994	4.8493667E-4	32.922462	40.0	TRUE	G	8.141097E-4	103.0	0.005836484	0.8456019	89.527145	0.26231483	0.14333926	206.0	0.0
SPIKE	S110:G>T	1	32994	3.0308542E-5	4.2596874	40.0	TRUE	G	1.4910236E-4	19.0	0.011667648	0.96975183	49.733467	0.2619768	0.124954104	206.0	0.0
SPIKE	S110:G>A	16	32994	4.8493667E-4	39.792072	40.0	TRUE	G	5.629033E-4	91.0	0.009967447	0.8905126	87.9387	0.2061474	0.12520538	206.0	0.0
SPIKE	S111:C>T	53	32994	0.0016063526	146.37572	40.0	TRUE	C	4.2252944E-4	70.0	0.00952988	0.91663945	87.9387	0.20107242	0.13554087	206.0	0.0
SPIKE	S111:C>A	6	32994	1.8185124E-4	19.311188	40.0	TRUE	C	3.5787545E-4	7.0	0.014522362	0.92892957	49.733467	0.24091919	0.16014099	206.0	1.0
SPIKE	S111:C>G	6	32994	1.8185124E-4	6.718435	40.0	TRUE	C	0.0011706398	144.0	0.0041626333	0.7857224	89.527145	0.26934403	0.24181692	206.0	0.0
SPIKE	S112:G>T	1	32988	3.0314053E-5	2.0412	40.0	TRUE	G	6.5930927E-4	84.0	0.011667648	0.87300175	49.724422	0.2619768	0.124954104	206.0	0.0
SPIKE	S112:G>C	31	32988	9.397357E-4	82.3502	40.0	TRUE	G	5.4547365E-4	69.0	0.005836484	0.8937157	89.510864	0.26231483	0.14333926	206.0	0.0
SPIKE	S112:G>A	45	32988	0.0013641324	122.97151	40.0	TRUE	G	4.268944E-4	69.0	0.009967447	0.9158156	87.92271	0.2061474	0.12520538	206.0	0.0
SPIKE	D112-113:G>	1	32988	3.0314053E-5	-1.0	39.984844	TRUE		NaN	NaN	NaN	NaN	NaN	NaN	NaN	NaN	NaN
SPIKE	S113:T>C	41	32986	0.0012429516	111.31377	40.0	TRUE	T	5.301142E-4	88.0	0.010306446	0.8965479	102.70757	0.20077781	0.13199355	206.0	0.0
SPIKE	S113:T>G	1	32986	3.0315892E-5	0.57991946	40.0	TRUE	T	0.0010228364	134.0	0.010249949	0.81001353	138.2354	0.25439322	0.120311126	206.0	0.0
SPIKE	S113:T>A	13	32986	3.9410658E-4	-1.0	40.0	TRUE	T	8.013996E-5	10.0	0.009112647	0.98362666	46.733284	0.26678073	0.12667373	206.0	0.0
SPIKE	D113-115:TG>	1	32986	3.0315892E-5	-1.0	39.98372	TRUE		NaN	NaN	NaN	NaN	NaN	NaN	NaN	NaN	NaN
SPIKE	S114:G>T	3	32986	9.094767E-5	10.280287	40.0	TRUE	G	3.453734E-4	44.0	0.011667648	0.9313251	49.72141	0.2619768	0.124954104	206.0	0.0
SPIKE	S114:G>C	31	32986	9.3979266E-4	94.56869	40.0	TRUE	G	2.6880042E-4	34.0	0.005836484	0.9461323	89.50544	0.26231483	0.14333926	206.0	0.0
SPIKE	S114:G>A	26	32986	7.8821316E-4	59.339897	40.0	TRUE	G	7.4865733E-4	121.0	0.009967447	0.8570805	87.91737	0.2061474	0.12520538	206.0	0.0
SPIKE	S115:A>T	15	32986	4.547384E-4	46.403885	40.0	TRUE	A	2.2619544E-4	28.0	0.008139488	0.95447266	46.733284	0.26866114	0.1362283	206.0	0.0
SPIKE	S115:A>C	1	32986	3.0315892E-5	2.0412	40.0	TRUE	A	4.910891E-4	185.0	0.009530604	0.90378445	138.2354	0.088405065	0.11609733	206.0	0.0
SPIKE	S115:A>G	15	32986	4.547384E-4	30.383287	40.0	TRUE	A	7.152659E-4	115.0	0.009984752	0.8629964	102.70757	0.20723231	0.12653607	206.0	0.0
SPIKE	D115-116:A>	1	32986	3.0315892E-5	-1.0	39.985962	TRUE		NaN	NaN	NaN	NaN	NaN	NaN	NaN	NaN	NaN
SPIKE	S116:C>T	26	32986	7.8821316E-4	79.51719	40.0	TRUE	C	1.6301517E-4	27.0	0.00952988	0.96697646	87.91737	0.20107242	0.13554087	206.0	0.0
SPIKE	S116:C>G	38	32986	0.0011520039	115.640785	40.0	TRUE	C	1.8702254E-4	23.0	0.0041626333	0.96220607	89.50544	0.26934403	0.24181692	206.0	0.0
SPIKE	S116:C>A	3	32986	9.094767E-5	6.0206	40.0	TRUE	C	4.390544E-4	61.0	0.014522362	0.9135244	49.72141	0.24091919	0.16014099	206.0	0.0
SPIKE	D116-117:C>	6	32986	1.8189535E-4	-1.0	39.990875	TRUE		NaN	NaN	NaN	NaN	NaN	NaN	NaN	NaN	NaN
SPIKE	S117:C>T	13	32986	3.9410658E-4	25.388708	40.0	TRUE	C	8.513014E-4	141.0	0.00952988	0.8391481	87.91737	0.20107242	0.13554087	206.0	0.0
SPIKE	S117:C>G	4	32986	1.2126357E-4	5.449171	40.0	TRUE	C	7.2780583E-4	7.0	0.0041626333	0.8607699	89.50544	0.26934403	0.24181692	206.0	1.0
SPIKE	S117:C>A	15	32986	4.547384E-4	-1.0	40.0	TRUE	C	1.2955704E-4	18.0	0.014522362	0.9736642	49.72141	0.24091919	0.16014099	206.0	0.0
SPIKE	S118:T>C	23	32986	6.972655E-4	51.26076	40.0	TRUE	T	6.8071485E-4	113.0	0.010306446	0.8691607	102.70757	0.20077781	0.13199355	206.0	0.0
SPIKE	S118:T>G	2	32986	6.0631784E-5	-1.0	40.0	TRUE	T	1.2976283E-4	17.0	0.010249949	0.973623	138.2354	0.25439322	0.120311126	206.0	0.0
SPIKE	S118:T>A	17	32986	5.1537016E-4	35.485752	40.0	TRUE	T	8.013996E-4	100.0	0.009112647	0.84781885	46.733284	0.26678073	0.12667373	206.0	0.0
SPIKE	D118-119:T>	3	32986	9.094767E-5	-1.0	39.985237	TRUE		NaN	NaN	NaN	NaN	NaN	NaN	NaN	NaN	NaN
SPIKE	S119:A>T	11	32986	3.334748E-4	13.113978	40.0	TRUE	A	0.0012198397	151.0	0.008139488	0.7777991	46.733284	0.26866114	0.1362283	206.0	0.0
SPIKE	S119:A>C	1	32986	3.0315892E-5	1.0720997	40.0	TRUE	A	6.9814286E-4	263.0	0.009530604	0.86604583	138.2354	0.088405065	0.11609733	206.0	0.0
SPIKE	S119:A>G	26	32986	7.8821316E-4	79.51719	40.0	TRUE	A	3.9184134E-4	63.0	0.009984752	0.92245257	102.70757	0.20723231	0.12653607	206.0	0.0
SPIKE	S120:T>C	41	32986	0.0012429516	124.671684	40.0	TRUE	T	3.0120127E-4	50.0	0.010306446	0.9398383	102.70757	0.20077781	0.13199355	206.0	0.0
SPIKE	S120:T>G	3	32986	9.094767E-5	3.748162	40.0	TRUE	T	8.549081E-4	112.0	0.010249949	0.8385248	138.2354	0.25439322	0.120311126	206.0	0.0
SPIKE	S120:T>A	14	32986	4.2442247E-4	43.393585	40.0	TRUE	T	3.446018E-4	43.0	0.009112647	0.9314731	46.733284	0.26678073	0.12667373	206.0	0.0
SPIKE	D120-121:T>	2	32986	6.0631784E-5	-1.0	39.98742	TRUE		NaN	NaN	NaN	NaN	NaN	NaN	NaN	NaN	NaN
SPIKE	S121:G>T	1	32986	3.0315892E-5	0.3166301	40.0	TRUE	G	0.0013500961	172.0	0.011667648	0.7572061	49.72141	0.2619768	0.124954104	206.0	0.0
SPIKE	S121:G>C	32	32986	9.7010855E-4	97.57899	40.0	TRUE	G	1.7392967E-4	22.0	0.005836484	0.96480477	89.50544	0.26231483	0.14333926	206.0	0.0
SPIKE	S121:G>A	31	32986	9.3979266E-4	94.56869	40.0	TRUE	G	2.8461352E-4	46.0	0.009967447	0.9430553	87.91737	0.2061474	0.12520538	206.0	0.0
SPIKE	S122:T>C	37	32985	0.001121722	89.651054	40.0	TRUE	T	6.867597E-4	114.0	0.010306446	0.86807907	102.70446	0.20077781	0.13199355	206.0	0.0
SPIKE	S122:T>G	1	32985	3.031681E-5	0.3166301	40.0	TRUE	T	0.0012518676	164.0	0.010249949	0.7726843	138.23122	0.25439322	0.120311126	206.0	0.0
SPIKE	S122:T>A	10	32985	3.031681E-4	31.352386	40.0	TRUE	T	1.3624206E-4	17.0	0.009112647	0.9723243	46.731865	0.26678073	0.12667373	206.0	0.0
SPIKE	S123:G>C	15	32985	4.5475215E-4	46.403885	40.0	TRUE	G	2.0555948E-4	26.0	0.005836484	0.9585388	89.50272	0.26231483	0.14333926	206.0	0.0
SPIKE	S123:G>A	29	32985	8.791875E-4	88.54809	40.0	TRUE	G	2.4749752E-4	40.0	0.009967447	0.9502934	87.91471	0.2061474	0.12520538	206.0	0.0
SPIKE	S123:G>T	0	32985	0.0	-1.0	0.0	TRUE	G	0.0011852947	151.0	0.011667648	0.7833539	49.719902	0.2619768	0.124954104	206.0	0.0
SPIKE	S124:T>C	40	32985	0.0012126724	108.40486	40.0	TRUE	T	6.1446923E-4	102.0	0.010306446	0.8811031	102.70446	0.20077781	0.13199355	206.0	0.0
SPIKE	S124:T>G	4	32985	1.2126724E-4	2.4537697	40.0	TRUE	T	0.0012671343	166.0	0.010249949	0.77025807	138.23122	0.25439322	0.120311126	206.0	0.0
SPIKE	S124:T>A	15	32985	4.5475215E-4	-1.0	40.0	TRUE	T	1.2021358E-4	15.0	0.009112647	0.9755401	46.731865	0.26678073	0.12667373	206.0	0.0
SPIKE	D124-126:TG>	2	32985	6.063362E-5	-1.0	39.98563	TRUE		NaN	NaN	NaN	NaN	NaN	NaN	NaN	NaN	NaN
SPIKE	S125:G>T	3	32985	9.095043E-5	10.280287	40.0	TRUE	G	3.532335E-4	45.0	0.011667648	0.9298183	49.719902	0.2619768	0.124954104	206.0	0.0
SPIKE	S125:G>C	10	32985	3.031681E-4	18.164799	40.0	TRUE	G	8.538625E-4	108.0	0.005836484	0.8387055	89.50272	0.26231483	0.14333926	206.0	0.0
SPIKE	S125:G>A	24	32985	7.2760344E-4	73.49659	40.0	TRUE	G	3.2793422E-4	53.0	0.009967447	0.9346768	87.91471	0.2061474	0.12520538	206.0	0.0
SPIKE	I126:>TG	1	32984	3.031773E-5	-1.0	39.955734	TRUE		NaN	NaN	NaN	NaN	NaN	NaN	NaN	NaN	NaN
SPIKE	S126:C>T	35	32984	0.0010611205	93.899216	40.0	TRUE	C	5.675687E-4	94.0	0.00952988	0.88965714	87.91205	0.20107242	0.13554087	206.0	0.0
SPIKE	S126:C>G	11	32984	3.3349503E-4	13.113978	40.0	TRUE	C	0.0013986881	172.0	0.0041626333	0.7496643	89.50001	0.26934403	0.24181692	206.0	0.0
SPIKE	S126:C>A	10	32984	3.031773E-4	31.352386	40.0	TRUE	C	1.3676294E-4	19.0	0.014522362	0.97222	49.718395	0.24091919	0.16014099	206.0	0.0
SPIKE	D126-127:C>	22	32984	6.6699006E-4	-1.0	39.955734	TRUE		NaN	NaN	NaN	NaN	NaN	NaN	NaN	NaN	NaN
SPIKE	D126-128:CG>	4	32984	1.2127092E-4	-1.0	39.955734	TRUE		NaN	NaN	NaN	NaN	NaN	NaN	NaN	NaN	NaN
SPIKE	S127:G>C	13	32984	3.9413047E-4	31.537222	40.0	TRUE	G	6.087908E-4	77.0	0.005836484	0.8821344	89.50001	0.26231483	0.14333926	206.0	0.0
SPIKE	S127:G>A	42	32984	0.0012733446	127.681984	40.0	TRUE	G	3.0938128E-4	50.0	0.009967447	0.9382559	87.91205	0.2061474	0.12520538	206.0	0.0
SPIKE	D127-128:G>	2	32984	6.063546E-5	-1.0	39.985176	TRUE		NaN	NaN	NaN	NaN	NaN	NaN	NaN	NaN	NaN
SPIKE	S127:G>T	0	32984	0.0	-1.0	0.0	TRUE	G	3.90283E-4	7.0	0.011667648	0.92274874	49.718395	0.2619768	0.124954104	206.0	1.0
SPIKE	S128:G>A	15	32984	4.5476595E-4	37.025364	40.0	TRUE	G	4.083833E-4	66.0	0.009967447	0.91931456	87.91205	0.2061474	0.12520538	206.0	0.0
SPIKE	S128:G>C	16	32984	4.8508367E-4	32.922462	40.0	TRUE	G	8.776075E-4	111.0	0.005836484	0.83461297	89.50001	0.26231483	0.14333926	206.0	0.0
SPIKE	S128:G>T	4	32984	1.2127092E-4	13.290587	40.0	TRUE	G	3.90283E-4	7.0	0.011667648	0.92274874	49.718395	0.2619768	0.124954104	206.0	1.0
SPIKE	S129:C>A	4	32983	1.212746E-4	13.290587	40.0	TRUE	C	2.3754283E-4	33.0	0.014522362	0.95224416	49.71689	0.24091919	0.16014099	206.0	0.0
SPIKE	S129:C>G	14	32983	4.244611E-4	15.810462	40.0	TRUE	C	0.0015044485	185.0	0.0041626333	0.7335083	89.4973	0.26934403	0.24181692	206.0	0.0
SPIKE	S129:C>T	49	32983	0.0014856138	134.66039	40.0	TRUE	C	4.287085E-4	71.0	0.00952988	0.9154734	87.90938	0.20107242	0.13554087	206.0	0.0
SPIKE	D129-130:C>	15	32983	4.5477974E-4	-1.0	39.967377	TRUE		NaN	NaN	NaN	NaN	NaN	NaN	NaN	NaN	NaN
SPIKE	S130:G>A	47	32983	0.0014249765	128.81238	40.0	TRUE	G	4.8264943E-4	78.0	0.009967447	0.9053571	87.90938	0.2061474	0.12520538	206.0	0.0
SPIKE	S130:G>C	11	32983	3.3350513E-4	26.1236	40.0	TRUE	G	5.6927616E-4	72.0	0.005836484	0.8893442	89.4973	0.26231483	0.14333926	206.0	0.0
SPIKE	S130:G>T	1	32983	3.031865E-5	4.2596874	40.0	TRUE	G	3.90283E-4	2.0	0.011667648	0.92274874	49.71689	0.2619768	0.124954104	206.0	1.0
SPIKE	D130-131:G>	3	32983	9.0955946E-5	-1.0	39.975685	TRUE		NaN	NaN	NaN	NaN	NaN	NaN	NaN	NaN	NaN
SPIKE	D130-133:GGC>	12	32983	3.6382378E-4	-1.0	39.975685	TRUE		NaN	NaN	NaN	NaN	NaN	NaN	NaN	NaN	NaN
SPIKE	S131:G>A	17	32983	5.15417E-4	42.57172	40.0	TRUE	G	5.3215196E-4	86.0	0.009967447	0.8961717	87.90938	0.2061474	0.12520538	206.0	0.0
SPIKE	S131:G>C	27	32983	8.186035E-4	54.85469	40.0	TRUE	G	0.0010594862	134.0	0.005836484	0.8039211	89.4973	0.26231483	0.14333926	206.0	0.0
SPIKE	S131:G>T	4	32983	1.212746E-4	13.290587	40.0	TRUE	G	3.90283E-4	7.0	0.011667648	0.92274874	49.71689	0.2619768	0.124954104	206.0	1.0
SPIKE	I132:>C	1	32983	3.031865E-5	-1.0	39.968895	TRUE		NaN	NaN	NaN	NaN	NaN	NaN	NaN	NaN	NaN
SPIKE	S132:C>A	1	32983	3.031865E-5	0.57991946	40.0	TRUE	C	0.0010869384	151.0	0.014522362	0.79938763	49.71689	0.24091919	0.16014099	206.0	0.0
SPIKE	S132:C>G	30	32983	9.095595E-4	70.25505	40.0	TRUE	C	7.806868E-4	96.0	0.0041626333	0.85144407	89.4973	0.26934403	0.24181692	206.0	0.0
SPIKE	S132:C>T	21	32983	6.3669164E-4	64.46568	40.0	TRUE	C	3.8644148E-4	64.0	0.00952988	0.92347926	87.90938	0.20107242	0.13554087	206.0	0.0
SPIKE	S133:A>G	6	32983	1.8191189E-4	9.311187	40.0	TRUE	A	8.459567E-4	136.0	0.009984752	0.8400725	102.698235	0.20723231	0.12653607	206.0	0.0
SPIKE	S133:A>C	1	32983	3.031865E-5	0.0011929893	40.0	TRUE	A	0.0037591644	1416.0	0.009530604	0.46098587	138.22282	0.088405065	0.11609733	206.0	0.0
SPIKE	S133:A>T	0	32983	0.0	-1.0	0.0	TRUE	A	3.7753055E-4	4.0	0.008139488	0.925176	46.729034	0.26866114	0.1362283	206.0	1.0
SPIKE	S134:G>A	56	32983	0.0016978444	133.42879	40.0	TRUE	G	0.0010209891	165.0	0.009967447	0.81032187	87.90938	0.2061474	0.12520538	206.0	0.0
SPIKE	S134:G>C	3	32983	9.0955946E-5	2.3797824	40.0	TRUE	G	0.0011148325	141.0	0.005836484	0.7948074	89.4973	0.26231483	0.14333926	206.0	0.0
SPIKE	S134:G>T	1	32983	3.031865E-5	4.2596874	40.0	TRUE	G	2.2765317E-4	29.0	0.011667648	0.9541861	49.71689	0.2619768	0.124954104	206.0	0.0
SPIKE	I135:>C	2	32983	6.06373E-5	-1.0	39.989178	TRUE		NaN	NaN	NaN	NaN	NaN	NaN	NaN	NaN	NaN
SPIKE	S135:C>A	17	32983	5.15417E-4	52.424488	40.0	TRUE	C	3.815082E-4	53.0	0.014522362	0.9244182	49.71689	0.24091919	0.16014099	206.0	0.0
SPIKE	S135:C>G	3	32983	9.0955946E-5	3.748162	40.0	TRUE	C	7.481582E-4	92.0	0.0041626333	0.8571687	89.4973	0.26934403	0.24181692	206.0	0.0
SPIKE	S135:C>T	18	32983	5.457357E-4	45.363	40.0	TRUE	C	5.675859E-4	94.0	0.00952988	0.889654	87.90938	0.20107242	0.13554087	206.0	0.0
SPIKE	D135-136:C>	21	32983	6.3669164E-4	-1.0	39.989178	TRUE		NaN	NaN	NaN	NaN	NaN	NaN	NaN	NaN	NaN
SPIKE	S136:C>A	8	32983	2.425492E-4	18.199682	40.0	TRUE	C	5.758614E-4	80.0	0.014522362	0.8881386	49.71689	0.24091919	0.16014099	206.0	0.0
SPIKE	S136:C>G	2	32983	6.06373E-5	7.269987	40.0	TRUE	C	2.683611E-4	33.0	0.0041626333	0.9462179	89.4973	0.26934403	0.24181692	206.0	0.0
SPIKE	S136:C>T	20	32983	6.0637295E-4	37.181473	40.0	TRUE	C	0.0010868666	180.0	0.00952988	0.79939944	87.90938	0.20107242	0.13554087	206.0	0.0
SPIKE	I137:>T	3	32963	9.1011134E-5	-1.0	38.74013	TRUE		NaN	NaN	NaN	NaN	NaN	NaN	NaN	NaN	NaN
SPIKE	S137:T>A	22	32963	6.67415E-4	56.62427	37.81818	TRUE	T	4.6513608E-4	58.0	0.009112647	0.90862936	46.7007	0.26678073	0.12667373	206.0	0.0
SPIKE	S137:T>G	4	32963	1.2134818E-4	3.6487768	39.5	TRUE	T	0.0011686804	153.0	0.010249949	0.78603953	138.139	0.25439322	0.120311126	206.0	0.0
SPIKE	S137:T>C	2	32963	6.067409E-5	2.2639637	37.0	TRUE	T	6.872181E-4	114.0	0.010306446	0.8679971	102.63596	0.20077781	0.13199355	206.0	0.0
SPIKE	D137-138:T>	20	32963	6.067409E-4	-1.0	38.74013	TRUE		NaN	NaN	NaN	NaN	NaN	NaN	NaN	NaN	NaN
SPIKE	I138:>G	3	32959	9.102218E-5	-1.0	38.74711	TRUE		NaN	NaN	NaN	NaN	NaN	NaN	NaN	NaN	NaN
SPIKE	S138:G>A	15	32959	4.551109E-4	21.102957	37.2	TRUE	G	0.0013065793	211.0	0.009967447	0.76402456	87.84541	0.2061474	0.12520538	206.0	0.0
SPIKE	D138-139:G>	4	32959	1.2136291E-4	-1.0	38.74711	TRUE		NaN	NaN	NaN	NaN	NaN	NaN	NaN	NaN	NaN
SPIKE	D138-142:GATT>	3	32959	9.102218E-5	-1.0	38.74711	TRUE		NaN	NaN	NaN	NaN	NaN	NaN	NaN	NaN	NaN
SPIKE	S138:G>C	0	32959	0.0	-1.0	0.0	TRUE	G	7.912371E-5	10.0	0.005836484	0.98383266	89.432175	0.26231483	0.14333926	206.0	0.0
SPIKE	S138:G>T	0	32959	0.0	-1.0	0.0	TRUE	G	9.191316E-4	117.0	0.011667648	0.82750416	49.68071	0.2619768	0.124954104	206.0	0.0
SPIKE	S139:A>T	2	32956	6.0686976E-5	0.47457275	38.5	TRUE	A	0.0017465246	216.0	0.008139488	0.697827	46.69078	0.26866114	0.1362283	206.0	0.0
SPIKE	D139-140:A>	17	32956	5.158393E-4	-1.0	38.12744	TRUE		NaN	NaN	NaN	NaN	NaN	NaN	NaN	NaN	NaN
SPIKE	D139-141:AT>	3	32956	9.1030466E-5	-1.0	38.12744	TRUE		NaN	NaN	NaN	NaN	NaN	NaN	NaN	NaN	NaN
SPIKE	I139:>A	2	32956	6.0686976E-5	-1.0	38.12744	TRUE		NaN	NaN	NaN	NaN	NaN	NaN	NaN	NaN	NaN
SPIKE	S139:A>G	0	32956	0.0	-1.0	0.0	TRUE	A	4.7935316E-4	77.0	0.009984752	0.9059721	102.61417	0.20723231	0.12653607	206.0	0.0
SPIKE	S139:A>C	0	32956	0.0	-1.0	0.0	TRUE	A	0.0070143538	2640.0	0.009530604	0.23575625	138.10968	0.088405065	0.11609733	206.0	0.0
SPIKE	I140:>T	8	32956	2.427479E-4	-1.0	38.684338	TRUE		NaN	NaN	NaN	NaN	NaN	NaN	NaN	NaN	NaN
SPIKE	I140:>TT	1	32956	3.0343488E-5	-1.0	38.684338	TRUE		NaN	NaN	NaN	NaN	NaN	NaN	NaN	NaN	NaN
SPIKE	D140-143:TTA>	3	32956	9.1030466E-5	-1.0	38.684338	TRUE		NaN	NaN	NaN	NaN	NaN	NaN	NaN	NaN	NaN
SPIKE	S140:T>A	4	32956	1.2137395E-4	3.6487768	38.75	TRUE	T	9.4651233E-4	118.0	0.009112647	0.82284987	46.69078	0.26678073	0.12667373	206.0	0.0
SPIKE	S140:T>G	2	32956	6.0686976E-5	7.269987	38.0	TRUE	T	3.285224E-4	43.0	0.010249949	0.9345636	138.10968	0.25439322	0.120311126	206.0	0.0
SPIKE	S140:T>C	1	32956	3.0343488E-5	-1.0	37.0	TRUE	T	1.326492E-4	22.0	0.010306446	0.9730442	102.61417	0.20077781	0.13199355	206.0	0.0
SPIKE	D140-141:T>	51	32956	0.001547518	-1.0	38.684338	TRUE		NaN	NaN	NaN	NaN	NaN	NaN	NaN	NaN	NaN
SPIKE	S141:T>A	17	32951	5.1591755E-4	13.389667	37.82353	TRUE	T	0.00243082	303.0	0.009112647	0.6060766	46.683697	0.26678073	0.12667373	206.0	0.0
SPIKE	S141:T>G	3	32951	9.1044276E-5	6.0206	38.666668	TRUE	T	4.6611414E-4	61.0	0.010249949	0.9084463	138.08873	0.25439322	0.120311126	206.0	0.0
SPIKE	S141:T>C	1	32951	3.0348092E-5	4.2596874	40.0	TRUE	T	3.6785586E-4	61.0	0.010306446	0.9270217	102.598595	0.20077781	0.13199355	206.0	0.0
SPIKE	S142:A>T	1	32946	3.0352698E-5	0.57991946	39.0	TRUE	A	9.786742E-4	121.0	0.008139488	0.8174162	46.676613	0.26866114	0.1362283	206.0	0.0
SPIKE	D142-143:A>	14	32946	4.2493778E-4	-1.0	38.34335	TRUE		NaN	NaN	NaN	NaN	NaN	NaN	NaN	NaN	NaN
SPIKE	D142-144:AG>	1	32946	3.0352698E-5	-1.0	38.34335	TRUE		NaN	NaN	NaN	NaN	NaN	NaN	NaN	NaN	NaN
SPIKE	D142-145:AGC>	2	32946	6.0705395E-5	-1.0	38.34335	TRUE		NaN	NaN	NaN	NaN	NaN	NaN	NaN	NaN	NaN
SPIKE	S142:A>G	0	32946	0.0	-1.0	0.0	TRUE	A	0.0021110396	339.0	0.009984752	0.64734614	102.58303	0.20723231	0.12653607	206.0	0.0
SPIKE	S142:A>C	0	32946	0.0	-1.0	0.0	TRUE	A	5.926802E-4	223.0	0.009530604	0.88506687	138.06776	0.088405065	0.11609733	206.0	0.0
SPIKE	I143:>G	3	32946	9.105809E-5	-1.0	38.600407	TRUE		NaN	NaN	NaN	NaN	NaN	NaN	NaN	NaN	NaN
SPIKE	S143:G>A	18	32946	5.463486E-4	32.319016	36.444443	TRUE	G	0.0010778886	174.0	0.009967447	0.8008793	87.81077	0.2061474	0.12520538	206.0	0.0
SPIKE	D143-144:G>	17	32946	5.159959E-4	-1.0	38.600407	TRUE		NaN	NaN	NaN	NaN	NaN	NaN	NaN	NaN	NaN
SPIKE	S143:G>C	0	32946	0.0	-1.0	0.0	TRUE	G	0.0029999719	379.0	0.005836484	0.53902453	89.396904	0.26231483	0.14333926	206.0	0.0
SPIKE	S143:G>T	0	32946	0.0	-1.0	0.0	TRUE	G	1.8075529E-4	23.0	0.011667648	0.9634491	49.661114	0.2619768	0.124954104	206.0	0.0
SPIKE	I144:>C	15	32942	4.5534575E-4	-1.0	38.773357	TRUE		NaN	NaN	NaN	NaN	NaN	NaN	NaN	NaN	NaN
SPIKE	S144:C>G	5	32942	1.5178192E-4	2.5063212	37.6	TRUE	C	0.001652882	203.0	0.0041626333	0.71141905	89.38605	0.26934403	0.24181692	206.0	0.0
SPIKE	S144:C>A	2	32942	6.071277E-5	7.269987	36.0	TRUE	C	2.0180235E-4	28.0	0.014522362	0.95928097	49.655087	0.24091919	0.16014099	206.0	0.0
SPIKE	S144:C>T	7	32942	2.1249469E-4	15.631419	37.714287	TRUE	C	5.0179E-4	83.0	0.00952988	0.9017944	87.8001	0.20107242	0.13554087	206.0	0.0
SPIKE	D144-145:C>	31	32942	9.410479E-4	-1.0	38.773357	TRUE		NaN	NaN	NaN	NaN	NaN	NaN	NaN	NaN	NaN
SPIKE	S145:C>G	2	32937	6.0721984E-5	2.2639637	39.5	TRUE	C	7.492031E-4	92.0	0.0041626333	0.8569842	89.37248	0.26934403	0.24181692	206.0	0.0
SPIKE	S145:C>A	2	32937	6.0721984E-5	7.269987	38.0	TRUE	C	2.5229124E-4	35.0	0.014522362	0.9493555	49.64755	0.24091919	0.16014099	206.0	0.0
SPIKE	S145:C>T	5	32937	1.5180495E-4	10.658173	38.0	TRUE	C	6.409376E-4	106.0	0.00952988	0.87631196	87.78677	0.20107242	0.13554087	206.0	0.0
SPIKE	S146:C>G	2	32928	6.073858E-5	0.0100180255	39.0	TRUE	C	0.0035108128	431.0	0.0041626333	0.48518384	89.34806	0.26934403	0.24181692	206.0	0.0
SPIKE	S146:C>A	1	32928	3.036929E-5	4.2596874	38.0	TRUE	C	3.0283222E-4	42.0	0.014522362	0.93952256	49.633984	0.24091919	0.16014099	206.0	0.0
SPIKE	S146:C>T	6	32928	1.8221575E-4	9.311187	38.5	TRUE	C	9.1328326E-4	151.0	0.00952988	0.82850176	87.76279	0.20107242	0.13554087	206.0	0.0
SPIKE	S147:G>A	18	32903	5.470626E-4	32.319016	37.22222	TRUE	G	9.986602E-4	161.0	0.009967447	0.8140577	87.69616	0.2061474	0.12520538	206.0	0.0
SPIKE	S147:G>C	0	32903	0.0	-1.0	0.0	TRUE	G	0.0017912393	226.0	0.005836484	0.69142866	89.28022	0.26231483	0.14333926	206.0	0.0
SPIKE	S147:G>T	0	32903	0.0	-1.0	0.0	TRUE	G	0.003084725	392.0	0.011667648	0.5296953	49.5963	0.2619768	0.124954104	206.0	0.0
SPIKE	S148:T>G	4	32892	1.21610115E-4	0.0106251985	37.75	TRUE	T	0.004508749	589.0	0.010249949	0.39502653	137.84148	0.25439322	0.120311126	206.0	0.0
SPIKE	S148:T>A	5	32892	1.5201265E-4	10.658173	37.0	TRUE	T	4.8221392E-4	60.0	0.009112647	0.90543836	46.60011	0.26678073	0.12667373	206.0	0.0
SPIKE	S148:T>C	0	32892	0.0	-1.0	0.0	TRUE	T	8.51815E-4	141.0	0.010306446	0.8390593	102.41489	0.20077781	0.13199355	206.0	0.0
SPIKE	S149:G>A	17	32879	5.1704736E-4	29.928427	37.411766	TRUE	G	9.5593743E-4	154.0	0.009967447	0.8212538	87.63219	0.2061474	0.12520538	206.0	0.0
SPIKE	S149:G>C	0	32879	0.0	-1.0	0.0	TRUE	G	0.0031647175	399.0	0.005836484	0.52103823	89.2151	0.26231483	0.14333926	206.0	0.0
SPIKE	S149:G>T	0	32879	0.0	-1.0	0.0	TRUE	G	0.0021813584	277.0	0.011667648	0.63803643	49.560123	0.2619768	0.124954104	206.0	0.0
SPIKE	S150:C>A	0	32825	0.0	-1.0	0.0	TRUE	C	2.0975457E-4	29.0	0.014522362	0.9577108	49.478725	0.24091919	0.16014099	206.0	0.0
SPIKE	S150:C>G	0	32825	0.0	-1.0	0.0	TRUE	C	0.0029825235	365.0	0.0041626333	0.54096544	89.06857	0.26934403	0.24181692	206.0	0.0
SPIKE	S150:C>T	0	32825	0.0	-1.0	0.0	TRUE	C	0.0027605814	455.0	0.00952988	0.56627256	87.488266	0.20107242	0.13554087	206.0	0.0
SPIKE	S151:T>A	0	32780	0.0	-1.0	0.0	TRUE	T	1.6935152E-4	21.0	0.009112647	0.9657151	46.44143	0.26678073	0.12667373	206.0	0.0
SPIKE	S151:T>G	0	32780	0.0	-1.0	0.0	TRUE	T	0.0039480734	514.0	0.010249949	0.44339105	137.37212	0.25439322	0.120311126	206.0	0.0
SPIKE	S151:T>C	0	32780	0.0	-1.0	0.0	TRUE	T	0.0020307305	335.0	0.010306446	0.65814465	102.06616	0.20077781	0.13199355	206.0	0.0
SPIKE	S152:G>A	0	32687	0.0	-1.0	0.0	TRUE	G	9.6779637E-4	155.0	0.009967447	0.8192499	87.12045	0.2061474	0.12520538	206.0	0.0
SPIKE	S152:G>C	0	32687	0.0	-1.0	0.0	TRUE	G	9.573855E-5	12.0	0.005836484	0.9804711	88.69412	0.26231483	0.14333926	206.0	0.0
SPIKE	S152:G>T	0	32687	0.0	-1.0	0.0	TRUE	G	0.001726821	218.0	0.011667648	0.7006652	49.270714	0.2619768	0.124954104	206.0	0.0
SPIKE	S153:G>A	0	32473	0.0	-1.0	0.0	TRUE	G	7.416294E-4	118.0	0.009967447	0.85832226	86.55008	0.2061474	0.12520538	206.0	0.0
SPIKE	S153:G>C	0	32473	0.0	-1.0	0.0	TRUE	G	9.636948E-5	12.0	0.005836484	0.98034364	88.11344	0.26231483	0.14333926	206.0	0.0
SPIKE	S153:G>T	0	32473	0.0	-1.0	0.0	TRUE	G	7.973398E-5	10.0	0.011667648	0.983709	48.94814	0.2619768	0.124954104	206.0	0.0
