#pipeline_block
reference	mutation	count	coverage	freq	score	cqs	has.reference	ancestral.allele	error.rate	minor.count.local	minor.fdr	minor.recall	minor.count.global	read.fraction.in.minors	q.filtered.read.fraction	mig.size	global.est
SPIKE	S0:T>A	0	129205	0.0	-1.0	0.0	TRUE	T	4.1547977E-5	8.0	0.010011355	0.99734443	20.283304	0.26733774	0.070396245	64.0	1.0
SPIKE	S0:T>G	0	129205	0.0	-1.0	0.0	TRUE	T	1.2475849E-4	6.0	0.0056276373	0.99204725	55.702812	0.2910203	0.06799696	64.0	1.0
SPIKE	S0:T>C	0	129205	0.0	-1.0	0.0	TRUE	T	1.273073E-4	81.0	0.0039873742	0.9918854	105.08137	0.20388383	0.09032369	64.0	0.0
SPIKE	S1:A>G	0	129318	0.0	-1.0	0.0	TRUE	A	1.631149E-4	128.0	0.0046357983	0.98961496	105.17327	0.16556199	0.07955509	64.0	0.0
SPIKE	S1:A>C	0	129318	0.0	-1.0	0.0	TRUE	A	5.268109E-5	3.0	0.016288282	0.99663407	55.75153	0.124219306	0.0867892	64.0	1.0
SPIKE	S1:A>T	0	129318	0.0	-1.0	0.0	TRUE	A	5.0305553E-5	24.0	0.008805153	0.99678564	20.301043	0.2734668	0.07749157	64.0	0.0
SPIKE	S2:G>A	0	129454	0.0	-1.0	0.0	TRUE	G	1.1358178E-4	80.0	0.0047360454	0.99275714	88.95759	0.18466981	0.09077941	64.0	0.0
SPIKE	S2:G>C	0	129454	0.0	-1.0	0.0	TRUE	G	1.0561477E-4	8.0	0.0053392057	0.9932634	47.320843	0.2904776	0.08613125	64.0	1.0
SPIKE	S2:G>T	0	129454	0.0	-1.0	0.0	TRUE	G	7.4894015E-5	4.0	0.0064724023	0.9952183	31.797659	0.30689335	0.06675402	64.0	1.0
SPIKE	S3:C>A	0	129607	0.0	-1.0	0.0	TRUE	C	4.0819716E-5	1.0	0.013752563	0.9973909	31.835241	0.16850175	0.11710566	64.0	1.0
SPIKE	S3:C>G	0	129607	0.0	-1.0	0.0	TRUE	C	4.630751E-4	209.0	0.0036998156	0.9707981	47.37677	0.2882328	0.1263534	64.0	0.0
SPIKE	S3:C>T	0	129607	0.0	-1.0	0.0	TRUE	C	2.1441608E-4	145.0	0.003817006	0.9863711	89.06272	0.19238831	0.09108939	64.0	0.0
SPIKE	S4:G>A	70	129743	5.3952815E-4	201.23932	40.0	TRUE	G	1.303281E-4	92.0	0.0047360454	0.9916937	89.15618	0.18466981	0.09077941	64.0	0.0
SPIKE	S4:G>C	2	129743	1.541509E-5	7.269987	40.0	TRUE	G	1.002112E-4	45.0	0.0053392057	0.993607	47.426483	0.2904776	0.08613125	64.0	0.0
SPIKE	S4:G>T	4	129743	3.083018E-5	-1.0	40.0	TRUE	G	2.8201013E-5	12.0	0.0064724023	0.9981968	31.868647	0.30689335	0.06675402	64.0	0.0
SPIKE	S5:T>A	6	129816	4.6219266E-5	19.311188	40.0	TRUE	T	4.1547977E-5	1.0	0.010011355	0.99734443	20.379221	0.26733774	0.070396245	64.0	1.0
SPIKE	S5:T>G	2	129816	1.5406422E-5	3.9120662	40.0	TRUE	T	1.5158388E-4	68.0	0.0056276373	0.99034554	55.966225	0.2910203	0.06799696	64.0	0.0
SPIKE	S5:T>C	78	129816	6.0085044E-4	211.84773	40.0	TRUE	T	1.939729E-4	124.0	0.0039873742	0.9876625	105.57829	0.20388383	0.09032369	64.0	0.0
SPIKE	S6:G>A	73	129881	5.6205294E-4	225.77249	40.0	TRUE	G	8.207607E-5	58.0	0.0047360454	0.99476093	89.25101	0.18466981	0.09077941	64.0	0.0
SPIKE	S6:G>C	1	129881	7.699356E-6	2.0412	40.0	TRUE	G	1.0561477E-4	0.0	0.0053392057	0.9932634	47.47693	0.2904776	0.08613125	64.0	1.0
SPIKE	S6:G>T	1	129881	7.699356E-6	2.0412	40.0	TRUE	G	1.12684196E-4	48.0	0.0064724023	0.9928142	31.902544	0.30689335	0.06675402	64.0	0.0
SPIKE	S7:A>G	28	129926	2.1550729E-4	73.72888	40.0	TRUE	A	1.1034835E-4	87.0	0.0046357983	0.9929626	105.667755	0.16556199	0.07955509	64.0	0.0
SPIKE	S7:A>C	14	129926	1.0775364E-4	43.393585	40.0	TRUE	A	5.268109E-5	1.0	0.016288282	0.99663407	56.01365	0.124219306	0.0867892	64.0	1.0
SPIKE	D7-8:A>	111	129926	8.5433247E-4	-1.0	39.99972	TRUE		NaN	NaN	NaN	NaN	NaN	NaN	NaN	NaN	NaN
SPIKE	I7:>A	4	129926	3.0786756E-5	-1.0	39.99972	TRUE		NaN	NaN	NaN	NaN	NaN	NaN	NaN	NaN	NaN
SPIKE	S7:A>T	0	129926	0.0	-1.0	0.0	TRUE	A	4.25523E-5	4.0	0.008805153	0.99728036	20.39649	0.2734668	0.07749157	64.0	1.0
SPIKE	S8:A>G	43	129937	3.3092962E-4	117.13841	40.0	TRUE	A	1.395091E-4	110.0	0.0046357983	0.99111116	105.6767	0.16556199	0.07955509	64.0	0.0
SPIKE	S8:A>C	17	129937	1.3083263E-4	52.424488	40.0	TRUE	A	5.268109E-5	1.0	0.016288282	0.99663407	56.01839	0.124219306	0.0867892	64.0	1.0
SPIKE	S8:A>T	1	129937	7.696038E-6	4.2596874	40.0	TRUE	A	4.25523E-5	2.0	0.008805153	0.99728036	20.398216	0.2734668	0.07749157	64.0	1.0
SPIKE	I9:>G	1	129944	7.695623E-6	-1.0	39.980614	TRUE		NaN	NaN	NaN	NaN	NaN	NaN	NaN	NaN	NaN
SPIKE	S9:G>A	51	129944	3.9247677E-4	140.515	40.0	TRUE	G	1.4427069E-4	102.0	0.0047360454	0.99080914	89.294304	0.18466981	0.09077941	64.0	0.0
SPIKE	S9:G>C	1	129944	7.695623E-6	2.0412	40.0	TRUE	G	1.0561477E-4	0.0	0.0053392057	0.9932634	47.499958	0.2904776	0.08613125	64.0	1.0
SPIKE	S9:G>T	5	129944	3.8478112E-5	16.300888	40.0	TRUE	G	7.4894015E-5	2.0	0.0064724023	0.9952183	31.918018	0.30689335	0.06675402	64.0	1.0
SPIKE	D9-10:G>	47	129944	3.6169426E-4	-1.0	39.980614	TRUE		NaN	NaN	NaN	NaN	NaN	NaN	NaN	NaN	NaN
SPIKE	D9-11:GA>	14	129944	1.0773872E-4	-1.0	39.980614	TRUE		NaN	NaN	NaN	NaN	NaN	NaN	NaN	NaN	NaN
SPIKE	S10:A>G	66	129945	5.079072E-4	166.53848	40.0	TRUE	A	2.5617366E-4	202.0	0.0046357983	0.98373854	105.683205	0.16556199	0.07955509	64.0	0.0
SPIKE	S10:A>C	7	129945	5.3868946E-5	-1.0	40.0	TRUE	A	1.1284404E-5	12.0	0.016288282	0.99927807	56.02184	0.124219306	0.0867892	64.0	0.0
SPIKE	D10-11:A>	27	129945	2.0778022E-4	-1.0	39.986008	TRUE		NaN	NaN	NaN	NaN	NaN	NaN	NaN	NaN	NaN
SPIKE	I10:>A	1	129945	7.695564E-6	-1.0	39.986008	TRUE		NaN	NaN	NaN	NaN	NaN	NaN	NaN	NaN	NaN
SPIKE	D10-12:AC>	1	129945	7.695564E-6	-1.0	39.986008	TRUE		NaN	NaN	NaN	NaN	NaN	NaN	NaN	NaN	NaN
SPIKE	S10:A>T	0	129945	0.0	-1.0	0.0	TRUE	A	4.25523E-5	1.0	0.008805153	0.99728036	20.399473	0.2734668	0.07749157	64.0	1.0
SPIKE	S11:C>G	5	129946	3.8477523E-5	-1.0	40.0	TRUE	C	2.430879E-5	11.0	0.0036998156	0.99844545	47.50069	0.2882328	0.1263534	64.0	0.0
SPIKE	S11:C>T	54	129946	4.1555724E-4	137.75253	40.0	TRUE	C	2.0058284E-4	136.0	0.003817006	0.9872447	89.29568	0.19238831	0.09108939	64.0	0.0
SPIKE	D11-13:CG>	1	129946	7.695504E-6	-1.0	39.983322	TRUE		NaN	NaN	NaN	NaN	NaN	NaN	NaN	NaN	NaN
SPIKE	D11-12:C>	50	129946	3.8477522E-4	-1.0	39.983322	TRUE		NaN	NaN	NaN	NaN	NaN	NaN	NaN	NaN	NaN
SPIKE	S11:C>A	0	129946	0.0	-1.0	0.0	TRUE	C	5.882815E-5	46.0	0.013752563	0.9962421	31.918509	0.16850175	0.11710566	64.0	0.0
SPIKE	I12:>G	2	129949	1.5390653E-5	-1.0	39.984665	TRUE		NaN	NaN	NaN	NaN	NaN	NaN	NaN	NaN	NaN
SPIKE	S12:G>A	49	129949	3.77071E-4	148.75409	40.0	TRUE	G	7.354694E-5	52.0	0.0047360454	0.99530405	89.29774	0.18466981	0.09077941	64.0	0.0
SPIKE	S12:G>T	3	129949	2.308598E-5	10.280287	40.0	TRUE	G	7.4894015E-5	2.0	0.0064724023	0.9952183	31.919247	0.30689335	0.06675402	64.0	1.0
SPIKE	D12-13:G>	43	129949	3.3089906E-4	-1.0	39.984665	TRUE		NaN	NaN	NaN	NaN	NaN	NaN	NaN	NaN	NaN
SPIKE	D12-14:GA>	3	129949	2.308598E-5	-1.0	39.984665	TRUE		NaN	NaN	NaN	NaN	NaN	NaN	NaN	NaN	NaN
SPIKE	S12:G>C	0	129949	0.0	-1.0	0.0	TRUE	G	9.782895E-5	44.0	0.0053392057	0.9937585	47.501785	0.2904776	0.08613125	64.0	0.0
SPIKE	S13:A>G	77	129950	5.925356E-4	178.5059	40.0	TRUE	A	3.8931824E-4	307.0	0.0046357983	0.9753915	105.68727	0.16556199	0.07955509	64.0	0.0
SPIKE	S13:A>C	11	129950	8.464794E-5	-1.0	40.0	TRUE	A	1.4104962E-5	15.0	0.016288282	0.9990977	56.023994	0.124219306	0.0867892	64.0	0.0
SPIKE	S13:A>T	7	129950	5.3866872E-5	-1.0	40.0	TRUE	A	2.2944578E-5	11.0	0.008805153	0.99853265	20.400257	0.2734668	0.07749157	64.0	0.0
SPIKE	D13-14:A>	23	129950	1.7699115E-4	-1.0	39.991295	TRUE		NaN	NaN	NaN	NaN	NaN	NaN	NaN	NaN	NaN
SPIKE	D14-16:CA>	9	129951	6.925687E-5	-1.0	39.984756	TRUE		NaN	NaN	NaN	NaN	NaN	NaN	NaN	NaN	NaN
SPIKE	S14:C>G	3	129951	2.3085624E-5	6.0206	40.0	TRUE	C	1.049713E-4	0.0	0.0036998156	0.9933044	47.502518	0.2882328	0.1263534	64.0	1.0
SPIKE	S14:C>T	34	129951	2.616371E-4	103.59959	40.0	TRUE	C	8.5539396E-5	58.0	0.003817006	0.99454045	89.29911	0.19238831	0.09108939	64.0	0.0
SPIKE	D14-15:C>	37	129951	2.8472272E-4	-1.0	39.984756	TRUE		NaN	NaN	NaN	NaN	NaN	NaN	NaN	NaN	NaN
SPIKE	S14:C>A	0	129951	0.0	-1.0	0.0	TRUE	C	7.03353E-5	55.0	0.013752563	0.9955087	31.919737	0.16850175	0.11710566	64.0	0.0
SPIKE	S15:A>G	47	129951	3.6167479E-4	128.81238	40.0	TRUE	A	1.4076219E-4	111.0	0.0046357983	0.9910317	105.68809	0.16556199	0.07955509	64.0	0.0
SPIKE	S15:A>C	12	129951	9.2342496E-5	37.372986	40.0	TRUE	A	5.4538767E-5	58.0	0.016288282	0.99651563	56.024426	0.124219306	0.0867892	64.0	0.0
SPIKE	D15-16:A>	36	129951	2.770275E-4	-1.0	39.985664	TRUE		NaN	NaN	NaN	NaN	NaN	NaN	NaN	NaN	NaN
SPIKE	I15:>A	1	129951	7.695208E-6	-1.0	39.985664	TRUE		NaN	NaN	NaN	NaN	NaN	NaN	NaN	NaN	NaN
SPIKE	S15:A>T	0	129951	0.0	-1.0	0.0	TRUE	A	4.25523E-5	0.0	0.008805153	0.99728036	20.400415	0.2734668	0.07749157	64.0	1.0
SPIKE	S16:G>A	57	129951	4.3862686E-4	157.92287	40.0	TRUE	G	1.400199E-4	99.0	0.0047360454	0.99107873	89.29911	0.18466981	0.09077941	64.0	0.0
SPIKE	S16:G>T	3	129951	2.3085624E-5	10.280287	40.0	TRUE	G	7.4894015E-5	1.0	0.0064724023	0.9952183	31.919737	0.30689335	0.06675402	64.0	1.0
SPIKE	S16:G>C	1	129951	7.695208E-6	2.0412	40.0	TRUE	G	1.0561477E-4	2.0	0.0053392057	0.9932634	47.502518	0.2904776	0.08613125	64.0	1.0
SPIKE	D16-17:G>	23	129951	1.769898E-4	-1.0	39.991558	TRUE		NaN	NaN	NaN	NaN	NaN	NaN	NaN	NaN	NaN
SPIKE	D16-18:GA>	1	129951	7.695208E-6	-1.0	39.991558	TRUE		NaN	NaN	NaN	NaN	NaN	NaN	NaN	NaN	NaN
SPIKE	S17:A>G	105	129951	8.0799684E-4	256.2761	40.0	TRUE	A	4.4257662E-4	349.0	0.0046357983	0.9720725	105.68809	0.16556199	0.07955509	64.0	0.0
SPIKE	S17:A>T	9	129951	6.925687E-5	-1.0	40.0	TRUE	A	2.2944401E-5	11.0	0.008805153	0.99853265	20.400415	0.2734668	0.07749157	64.0	0.0
SPIKE	S17:A>C	5	129951	3.8476042E-5	-1.0	40.0	TRUE	A	1.316453E-5	14.0	0.016288282	0.99915785	56.024426	0.124219306	0.0867892	64.0	0.0
SPIKE	D17-18:A>	61	129951	4.694077E-4	-1.0	39.99929	TRUE		NaN	NaN	NaN	NaN	NaN	NaN	NaN	NaN	NaN
SPIKE	S18:A>G	59	129951	4.5401728E-4	151.92128	40.0	TRUE	A	1.8387854E-4	145.0	0.0046357983	0.98830074	105.68809	0.16556199	0.07955509	64.0	0.0
SPIKE	S18:A>T	3	129951	2.3085624E-5	10.280287	40.0	TRUE	A	4.25523E-5	1.0	0.008805153	0.99728036	20.400415	0.2734668	0.07749157	64.0	1.0
SPIKE	S18:A>C	31	129951	2.3855145E-4	94.56869	40.0	TRUE	A	5.268109E-5	8.0	0.016288282	0.99663407	56.024426	0.124219306	0.0867892	64.0	1.0
SPIKE	S19:C>G	2	129951	1.5390417E-5	3.9120662	40.0	TRUE	C	1.049713E-4	0.0	0.0036998156	0.9933044	47.502518	0.2882328	0.1263534	64.0	1.0
SPIKE	S19:C>T	60	129951	4.6171248E-4	171.7956	40.0	TRUE	C	1.4748171E-4	100.0	0.003817006	0.9906056	89.29911	0.19238831	0.09108939	64.0	0.0
SPIKE	D19-20:C>	1	129951	7.695208E-6	-1.0	39.999752	TRUE		NaN	NaN	NaN	NaN	NaN	NaN	NaN	NaN	NaN
SPIKE	S19:C>A	0	129951	0.0	-1.0	0.0	TRUE	C	4.9874125E-5	39.0	0.013752563	0.9968131	31.919737	0.16850175	0.11710566	64.0	0.0
SPIKE	S20:C>G	16	129951	1.2312333E-4	39.792072	40.0	TRUE	C	1.049713E-4	0.0	0.0036998156	0.9933044	47.502518	0.2882328	0.1263534	64.0	1.0
SPIKE	S20:C>T	46	129951	3.539796E-4	139.72319	40.0	TRUE	C	9.43883E-5	64.0	0.003817006	0.99397737	89.29911	0.19238831	0.09108939	64.0	0.0
SPIKE	S20:C>A	0	129951	0.0	-1.0	0.0	TRUE	C	4.0819716E-5	8.0	0.013752563	0.9973909	31.919737	0.16850175	0.11710566	64.0	1.0
SPIKE	S21:A>G	89	129951	6.8487355E-4	231.97899	40.0	TRUE	A	2.688431E-4	212.0	0.0046357983	0.9829412	105.68809	0.16556199	0.07955509	64.0	0.0
SPIKE	S21:A>C	10	129951	7.6952085E-5	31.352386	40.0	TRUE	A	6.7703295E-5	72.0	0.016288282	0.99567634	56.024426	0.124219306	0.0867892	64.0	0.0
SPIKE	S21:A>T	0	129951	0.0	-1.0	0.0	TRUE	A	4.25523E-5	3.0	0.008805153	0.99728036	20.400415	0.2734668	0.07749157	64.0	1.0
SPIKE	S22:A>C	129943	129951	0.9999384	9999.0	39.999916	TRUE	C	5.268109E-5	0.0	0.016288282	0.99663407	56.024426	0.124219306	0.0867892	64.0	1.0
SPIKE	S22:A>G	0	129951	0.0	-1.0	0.0	TRUE	C	1.34026E-4	0.0	0.0046357983	0.991459	105.68809	0.16556199	0.07955509	64.0	1.0
SPIKE	S22:A>T	0	129951	0.0	-1.0	0.0	TRUE	C	4.25523E-5	0.0	0.008805153	0.99728036	20.400415	0.2734668	0.07749157	64.0	1.0
SPIKE	S23:A>G	0	129951	0.0	-1.0	0.0	TRUE	A	1.34026E-4	0.0	0.0046357983	0.991459	105.68809	0.16556199	0.07955509	64.0	1.0
SPIKE	S23:A>C	0	129951	0.0	-1.0	0.0	TRUE	A	5.1717798E-5	55.0	0.016288282	0.9966955	56.024426	0.124219306	0.0867892	64.0	0.0
SPIKE	S23:A>T	0	129951	0.0	-1.0	0.0	TRUE	A	4.25523E-5	0.0	0.008805153	0.99728036	20.400415	0.2734668	0.07749157	64.0	1.0
SPIKE	S24:A>G	0	129951	0.0	-1.0	0.0	TRUE	A	1.34026E-4	7.0	0.0046357983	0.991459	105.68809	0.16556199	0.07955509	64.0	1.0
SPIKE	S24:A>C	0	129951	0.0	-1.0	0.0	TRUE	A	5.268109E-5	0.0	0.016288282	0.99663407	56.024426	0.124219306	0.0867892	64.0	1.0
SPIKE	S24:A>T	0	129951	0.0	-1.0	0.0	TRUE	A	4.25523E-5	0.0	0.008805153	0.99728036	20.400415	0.2734668	0.07749157	64.0	1.0
SPIKE	S25:A>G	129949	129951	0.9999846	9999.0	39.9999	TRUE	G	1.34026E-4	0.0	0.0046357983	0.991459	105.68809	0.16556199	0.07955509	64.0	1.0
SPIKE	S25:A>C	0	129951	0.0	-1.0	0.0	TRUE	G	5.268109E-5	0.0	0.016288282	0.99663407	56.024426	0.124219306	0.0867892	64.0	1.0
SPIKE	S25:A>T	0	129951	0.0	-1.0	0.0	TRUE	G	4.25523E-5	7.0	0.008805153	0.99728036	20.400415	0.2734668	0.07749157	64.0	1.0
SPIKE	S26:T>G	2	129951	1.5390417E-5	3.9120662	40.0	TRUE	T	1.3806525E-4	62.0	0.0056276373	0.9912028	56.024426	0.2910203	0.06799696	64.0	0.0
SPIKE	S26:T>A	1	129951	7.695208E-6	4.2596874	40.0	TRUE	T	4.1547977E-5	1.0	0.010011355	0.99734443	20.400415	0.26733774	0.070396245	64.0	1.0
SPIKE	S26:T>C	81	129951	6.2331185E-4	220.55687	40.0	TRUE	T	2.3752623E-4	152.0	0.0039873742	0.9849133	105.68809	0.20388383	0.09032369	64.0	0.0
SPIKE	S27:G>A	29	129951	2.2316104E-4	88.54809	40.0	TRUE	G	5.2330666E-5	37.0	0.0047360454	0.9966564	89.29911	0.18466981	0.09077941	64.0	0.0
SPIKE	S27:G>T	1	129951	7.695208E-6	4.2596874	40.0	TRUE	G	9.619924E-5	41.0	0.0064724023	0.99386215	31.919737	0.30689335	0.06675402	64.0	0.0
SPIKE	D27-28:G>	4	129951	3.0780833E-5	-1.0	39.999786	TRUE		NaN	NaN	NaN	NaN	NaN	NaN	NaN	NaN	NaN
SPIKE	S27:G>C	0	129951	0.0	-1.0	0.0	TRUE	G	1.0561477E-4	0.0	0.0053392057	0.9932634	47.502518	0.2904776	0.08613125	64.0	1.0
SPIKE	S28:G>A	37	129951	2.8472272E-4	112.630486	40.0	TRUE	G	8.0617516E-5	57.0	0.0047360454	0.9948538	89.29911	0.18466981	0.09077941	64.0	0.0
SPIKE	S28:G>C	0	129951	0.0	-1.0	0.0	TRUE	G	1.0561477E-4	0.0	0.0053392057	0.9932634	47.502518	0.2904776	0.08613125	64.0	1.0
SPIKE	S28:G>T	0	129951	0.0	-1.0	0.0	TRUE	G	7.4894015E-5	1.0	0.0064724023	0.9952183	31.919737	0.30689335	0.06675402	64.0	1.0
SPIKE	S29:G>A	37	129951	2.8472272E-4	112.630486	40.0	TRUE	G	6.647409E-5	47.0	0.0047360454	0.9957547	89.29911	0.18466981	0.09077941	64.0	0.0
SPIKE	S29:G>T	1	129951	7.695208E-6	4.2596874	40.0	TRUE	G	7.4894015E-5	0.0	0.0064724023	0.9952183	31.919737	0.30689335	0.06675402	64.0	1.0
SPIKE	S29:G>C	0	129951	0.0	-1.0	0.0	TRUE	G	1.0561477E-4	0.0	0.0053392057	0.9932634	47.502518	0.2904776	0.08613125	64.0	1.0
SPIKE	S30:A>G	71	129951	5.463598E-4	180.66544	40.0	TRUE	A	2.4855306E-4	196.0	0.0046357983	0.9842185	105.68809	0.16556199	0.07955509	64.0	0.0
SPIKE	S30:A>T	2	129951	1.5390417E-5	7.269987	40.0	TRUE	A	4.25523E-5	9.0	0.008805153	0.99728036	20.400415	0.2734668	0.07749157	64.0	1.0
SPIKE	S30:A>C	4	129951	3.0780833E-5	13.290587	40.0	TRUE	A	5.268109E-5	8.0	0.016288282	0.99663407	56.024426	0.124219306	0.0867892	64.0	1.0
SPIKE	I30:>A	1	129951	7.695208E-6	-1.0	39.999046	TRUE		NaN	NaN	NaN	NaN	NaN	NaN	NaN	NaN	NaN
SPIKE	S31:T>G	2	129951	1.5390417E-5	3.9120662	40.0	TRUE	T	1.2475849E-4	6.0	0.0056276373	0.99204725	56.024426	0.2910203	0.06799696	64.0	1.0
SPIKE	S31:T>A	1	129951	7.695208E-6	4.2596874	40.0	TRUE	T	7.942834E-5	39.0	0.010011355	0.9949295	20.400415	0.26733774	0.070396245	64.0	0.0
SPIKE	S31:T>C	37	129951	2.8472272E-4	99.69318	40.0	TRUE	T	1.3126449E-4	84.0	0.0039873742	0.99163425	105.68809	0.20388383	0.09032369	64.0	0.0
SPIKE	S32:C>T	22	129951	1.6929458E-4	56.62427	40.0	TRUE	C	1.15035735E-4	78.0	0.003817006	0.99266475	89.29911	0.19238831	0.09108939	64.0	0.0
SPIKE	S32:C>A	0	129951	0.0	-1.0	0.0	TRUE	C	4.0819716E-5	1.0	0.013752563	0.9973909	31.919737	0.16850175	0.11710566	64.0	1.0
SPIKE	S32:C>G	0	129951	0.0	-1.0	0.0	TRUE	C	1.049713E-4	0.0	0.0036998156	0.9933044	47.502518	0.2882328	0.1263534	64.0	1.0
SPIKE	S33:C>T	24	129951	1.8468499E-4	73.49659	40.0	TRUE	C	5.4568234E-5	37.0	0.003817006	0.9965137	89.29911	0.19238831	0.09108939	64.0	0.0
SPIKE	S33:C>A	1	129951	7.695208E-6	4.2596874	40.0	TRUE	C	4.0819716E-5	7.0	0.013752563	0.9973909	31.919737	0.16850175	0.11710566	64.0	1.0
SPIKE	S33:C>G	0	129951	0.0	-1.0	0.0	TRUE	C	1.049713E-4	0.0	0.0036998156	0.9933044	47.502518	0.2882328	0.1263534	64.0	1.0
SPIKE	S34:A>C	3	129951	2.3085624E-5	10.280287	40.0	TRUE	A	4.043391E-5	43.0	0.016288282	0.9974156	56.024426	0.124219306	0.0867892	64.0	0.0
SPIKE	S34:A>G	31	129951	2.3855145E-4	94.56869	40.0	TRUE	A	5.833388E-5	46.0	0.0046357983	0.9962736	105.68809	0.16556199	0.07955509	64.0	0.0
SPIKE	S34:A>T	0	129951	0.0	-1.0	0.0	TRUE	A	4.25523E-5	9.0	0.008805153	0.99728036	20.400415	0.2734668	0.07749157	64.0	1.0
SPIKE	S35:T>C	58	129951	4.4632208E-4	165.91978	40.0	TRUE	T	1.3751518E-4	88.0	0.0039873742	0.99123764	105.68809	0.20388383	0.09032369	64.0	0.0
SPIKE	S35:T>A	3	129951	2.3085624E-5	10.280287	40.0	TRUE	T	8.757484E-5	43.0	0.010011355	0.9944109	20.400415	0.26733774	0.070396245	64.0	0.0
SPIKE	S35:T>G	7	129951	5.3866457E-5	15.631419	40.0	TRUE	T	1.2475849E-4	4.0	0.0056276373	0.99204725	56.024426	0.2910203	0.06799696	64.0	1.0
SPIKE	S36:T>C	6	129951	4.6171248E-5	-1.0	40.0	TRUE	T	2.1877415E-5	14.0	0.0039873742	0.99860084	105.68809	0.20388383	0.09032369	64.0	0.0
SPIKE	S36:T>A	0	129951	0.0	-1.0	0.0	TRUE	T	4.1547977E-5	7.0	0.010011355	0.99734443	20.400415	0.26733774	0.070396245	64.0	1.0
SPIKE	S36:T>G	0	129951	0.0	-1.0	0.0	TRUE	T	1.2475849E-4	0.0	0.0056276373	0.99204725	56.024426	0.2910203	0.06799696	64.0	1.0
SPIKE	S37:A>G	29	129951	2.2316104E-4	88.54809	40.0	TRUE	A	4.8188856E-5	38.0	0.0046357983	0.99692065	105.68809	0.16556199	0.07955509	64.0	0.0
SPIKE	S37:A>C	0	129951	0.0	-1.0	0.0	TRUE	A	5.268109E-5	2.0	0.016288282	0.99663407	56.024426	0.124219306	0.0867892	64.0	1.0
SPIKE	S37:A>T	0	129951	0.0	-1.0	0.0	TRUE	A	8.134833E-5	39.0	0.008805153	0.99480724	20.400415	0.2734668	0.07749157	64.0	0.0
SPIKE	S38:T>C	3	129951	2.3085624E-5	10.280287	40.0	TRUE	T	3.4378794E-5	22.0	0.0039873742	0.9978022	105.68809	0.20388383	0.09032369	64.0	0.0
SPIKE	S38:T>A	0	129951	0.0	-1.0	0.0	TRUE	T	5.498885E-5	27.0	0.010011355	0.9964869	20.400415	0.26733774	0.070396245	64.0	0.0
SPIKE	S38:T>G	0	129951	0.0	-1.0	0.0	TRUE	T	1.2475849E-4	1.0	0.0056276373	0.99204725	56.024426	0.2910203	0.06799696	64.0	1.0
SPIKE	S39:C>T	40	129951	3.0780834E-4	108.40486	40.0	TRUE	C	1.3863281E-4	94.0	0.003817006	0.9911668	89.29911	0.19238831	0.09108939	64.0	0.0
SPIKE	S39:C>A	1	129951	7.695208E-6	4.2596874	40.0	TRUE	C	4.0819716E-5	0.0	0.013752563	0.9973909	31.919737	0.16850175	0.11710566	64.0	1.0
SPIKE	S39:C>G	0	129951	0.0	-1.0	0.0	TRUE	C	1.049713E-4	7.0	0.0036998156	0.9933044	47.502518	0.2882328	0.1263534	64.0	1.0
SPIKE	S40:G>T	2	129951	1.5390417E-5	7.269987	40.0	TRUE	G	7.4894015E-5	4.0	0.0064724023	0.9952183	31.919737	0.30689335	0.06675402	64.0	1.0
SPIKE	S40:G>A	43	129951	3.3089396E-4	117.13841	40.0	TRUE	G	1.2729081E-4	90.0	0.0047360454	0.9918865	89.29911	0.18466981	0.09077941	64.0	0.0
SPIKE	S40:G>C	0	129951	0.0	-1.0	0.0	TRUE	G	8.004064E-5	36.0	0.0053392057	0.9948905	47.502518	0.2904776	0.08613125	64.0	0.0
SPIKE	S41:G>T	1	129951	7.695208E-6	4.2596874	40.0	TRUE	G	7.4894015E-5	4.0	0.0064724023	0.9952183	31.919737	0.30689335	0.06675402	64.0	1.0
SPIKE	S41:G>A	35	129951	2.693323E-4	106.609886	40.0	TRUE	G	7.778883E-5	55.0	0.0047360454	0.99503386	89.29911	0.18466981	0.09077941	64.0	0.0
SPIKE	S41:G>C	0	129951	0.0	-1.0	0.0	TRUE	G	1.0561477E-4	7.0	0.0053392057	0.9932634	47.502518	0.2904776	0.08613125	64.0	1.0
SPIKE	S42:C>T	58	129951	4.4632208E-4	149.3518	40.0	TRUE	C	1.7845287E-4	121.0	0.003817006	0.988644	89.29911	0.19238831	0.09108939	64.0	0.0
SPIKE	S42:C>A	2	129951	1.5390417E-5	7.269987	40.0	TRUE	C	4.0819716E-5	4.0	0.013752563	0.9973909	31.919737	0.16850175	0.11710566	64.0	1.0
SPIKE	S42:C>G	1	129951	7.695208E-6	4.2596874	40.0	TRUE	C	9.060201E-5	41.0	0.0036998156	0.99421823	47.502518	0.2882328	0.1263534	64.0	0.0
SPIKE	S43:G>A	39	129951	3.001131E-4	118.651085	40.0	TRUE	G	7.35458E-5	52.0	0.0047360454	0.9953041	89.29911	0.18466981	0.09077941	64.0	0.0
SPIKE	S43:G>C	0	129951	0.0	-1.0	0.0	TRUE	G	7.559393E-5	34.0	0.0053392057	0.9951737	47.502518	0.2904776	0.08613125	64.0	0.0
SPIKE	S43:G>T	0	129951	0.0	-1.0	0.0	TRUE	G	7.4894015E-5	1.0	0.0064724023	0.9952183	31.919737	0.30689335	0.06675402	64.0	1.0
SPIKE	S44:G>C	2	129951	1.5390417E-5	3.9120662	40.0	TRUE	G	1.0561477E-4	8.0	0.0053392057	0.9932634	47.502518	0.2904776	0.08613125	64.0	1.0
SPIKE	S44:G>T	2	129951	1.5390417E-5	7.269987	40.0	TRUE	G	7.4894015E-5	1.0	0.0064724023	0.9952183	31.919737	0.30689335	0.06675402	64.0	1.0
SPIKE	S44:G>A	42	129951	3.2319874E-4	114.22498	40.0	TRUE	G	1.2729081E-4	90.0	0.0047360454	0.9918865	89.29911	0.18466981	0.09077941	64.0	0.0
SPIKE	S45:C>T	25	129951	1.923802E-4	76.50689	40.0	TRUE	C	6.9316404E-5	47.0	0.003817006	0.9955736	89.29911	0.19238831	0.09108939	64.0	0.0
SPIKE	S45:C>A	1	129951	7.695208E-6	4.2596874	40.0	TRUE	C	4.0819716E-5	2.0	0.013752563	0.9973909	31.919737	0.16850175	0.11710566	64.0	1.0
SPIKE	S45:C>G	0	129951	0.0	-1.0	0.0	TRUE	C	9.502162E-5	43.0	0.0036998156	0.9939371	47.502518	0.2882328	0.1263534	64.0	0.0
SPIKE	S46:G>T	3	129951	2.3085624E-5	10.280287	40.0	TRUE	G	7.4894015E-5	1.0	0.0064724023	0.9952183	31.919737	0.30689335	0.06675402	64.0	1.0
SPIKE	S46:G>A	26	129951	2.0007542E-4	79.51719	40.0	TRUE	G	6.9302776E-5	49.0	0.0047360454	0.9955744	89.29911	0.18466981	0.09077941	64.0	0.0
SPIKE	S46:G>C	0	129951	0.0	-1.0	0.0	TRUE	G	8.226399E-5	37.0	0.0053392057	0.99474895	47.502518	0.2904776	0.08613125	64.0	0.0
SPIKE	S47:A>G	3	129951	2.3085624E-5	10.280287	40.0	TRUE	A	5.5797624E-5	44.0	0.0046357983	0.99643534	105.68809	0.16556199	0.07955509	64.0	0.0
SPIKE	S47:A>C	0	129951	0.0	-1.0	0.0	TRUE	A	5.268109E-5	2.0	0.016288282	0.99663407	56.024426	0.124219306	0.0867892	64.0	1.0
SPIKE	S47:A>T	0	129951	0.0	-1.0	0.0	TRUE	A	4.25523E-5	0.0	0.008805153	0.99728036	20.400415	0.2734668	0.07749157	64.0	1.0
SPIKE	S48:A>C	2	129951	1.5390417E-5	7.269987	40.0	TRUE	A	5.268109E-5	1.0	0.016288282	0.99663407	56.024426	0.124219306	0.0867892	64.0	1.0
SPIKE	S48:A>G	10	129951	7.6952085E-5	-1.0	40.0	TRUE	A	2.5362557E-5	20.0	0.0046357983	0.9983781	105.68809	0.16556199	0.07955509	64.0	0.0
SPIKE	S48:A>T	0	129951	0.0	-1.0	0.0	TRUE	A	4.25523E-5	7.0	0.008805153	0.99728036	20.400415	0.2734668	0.07749157	64.0	1.0
SPIKE	S49:T>C	13	129951	1.0003771E-4	-1.0	40.0	TRUE	T	2.1877415E-5	14.0	0.0039873742	0.99860084	105.68809	0.20388383	0.09032369	64.0	0.0
SPIKE	S49:T>G	4	129951	3.0780833E-5	8.284564	40.0	TRUE	T	1.2475849E-4	1.0	0.0056276373	0.99204725	56.024426	0.2910203	0.06799696	64.0	1.0
SPIKE	S49:T>A	1	129951	7.695208E-6	4.2596874	40.0	TRUE	T	8.350159E-5	41.0	0.010011355	0.99467015	20.400415	0.26733774	0.070396245	64.0	0.0
SPIKE	D49-50:T>	3	129951	2.3085624E-5	-1.0	39.99976	TRUE		NaN	NaN	NaN	NaN	NaN	NaN	NaN	NaN	NaN
SPIKE	S50:T>C	10	129951	7.6952085E-5	-1.0	40.0	TRUE	T	1.7189397E-5	11.0	0.0039873742	0.9989005	105.68809	0.20388383	0.09032369	64.0	0.0
SPIKE	S50:T>A	0	129951	0.0	-1.0	0.0	TRUE	T	4.1547977E-5	0.0	0.010011355	0.99734443	20.400415	0.26733774	0.070396245	64.0	1.0
SPIKE	S50:T>G	0	129951	0.0	-1.0	0.0	TRUE	T	1.2475849E-4	3.0	0.0056276373	0.99204725	56.024426	0.2910203	0.06799696	64.0	1.0
SPIKE	S51:T>C	10	129951	7.6952085E-5	23.451881	40.0	TRUE	T	1.6515587E-4	8.0	0.0039873742	0.9894857	105.68809	0.20388383	0.09032369	64.0	1.0
SPIKE	S51:T>A	0	129951	0.0	-1.0	0.0	TRUE	T	4.1547977E-5	5.0	0.010011355	0.99734443	20.400415	0.26733774	0.070396245	64.0	1.0
SPIKE	S51:T>G	0	129951	0.0	-1.0	0.0	TRUE	T	1.2475849E-4	0.0	0.0056276373	0.99204725	56.024426	0.2910203	0.06799696	64.0	1.0
SPIKE	S52:A>G	21	129951	1.6159937E-4	64.46568	40.0	TRUE	A	5.4529497E-5	43.0	0.0046357983	0.99651617	105.68809	0.16556199	0.07955509	64.0	0.0
SPIKE	S52:A>C	0	129951	0.0	-1.0	0.0	TRUE	A	5.268109E-5	7.0	0.016288282	0.99663407	56.024426	0.124219306	0.0867892	64.0	1.0
SPIKE	S52:A>T	0	129951	0.0	-1.0	0.0	TRUE	A	4.25523E-5	8.0	0.008805153	0.99728036	20.400415	0.2734668	0.07749157	64.0	1.0
SPIKE	S53:C>T	44	129951	3.3858916E-4	120.05395	40.0	TRUE	C	1.1061128E-4	75.0	0.003817006	0.99294585	89.29911	0.19238831	0.09108939	64.0	0.0
SPIKE	S53:C>G	2	129951	1.5390417E-5	3.9120662	40.0	TRUE	C	1.049713E-4	2.0	0.0036998156	0.9933044	47.502518	0.2882328	0.1263534	64.0	1.0
SPIKE	S53:C>A	0	129951	0.0	-1.0	0.0	TRUE	C	1.2788237E-5	10.0	0.013752563	0.99918187	31.919737	0.16850175	0.11710566	64.0	0.0
SPIKE	S54:C>T	18	129951	1.3851374E-4	55.434788	40.0	TRUE	C	6.9316404E-5	47.0	0.003817006	0.9955736	89.29911	0.19238831	0.09108939	64.0	0.0
SPIKE	S54:C>A	4	129951	3.0780833E-5	13.290587	40.0	TRUE	C	4.0819716E-5	7.0	0.013752563	0.9973909	31.919737	0.16850175	0.11710566	64.0	1.0
SPIKE	S54:C>G	0	129951	0.0	-1.0	0.0	TRUE	C	1.049713E-4	0.0	0.0036998156	0.9933044	47.502518	0.2882328	0.1263534	64.0	1.0
SPIKE	S55:A>T	6	129951	4.6171248E-5	-1.0	40.0	TRUE	A	2.9201965E-5	14.0	0.008805153	0.9981328	20.400415	0.2734668	0.07749157	64.0	0.0
SPIKE	S55:A>C	4	129951	3.0780833E-5	13.290587	40.0	TRUE	A	8.8390414E-5	94.0	0.016288282	0.99435896	56.024426	0.124219306	0.0867892	64.0	0.0
SPIKE	S55:A>G	97	129951	7.464352E-4	233.86517	40.0	TRUE	A	4.007284E-4	316.0	0.0046357983	0.97467947	105.68809	0.16556199	0.07955509	64.0	0.0
SPIKE	D55-56:A>	1	129951	7.695208E-6	-1.0	39.99646	TRUE		NaN	NaN	NaN	NaN	NaN	NaN	NaN	NaN	NaN
SPIKE	S56:C>T	32	129951	2.4624667E-4	97.57899	40.0	TRUE	C	7.964012E-5	54.0	0.003817006	0.994916	89.29911	0.19238831	0.09108939	64.0	0.0
SPIKE	S56:C>G	1	129951	7.695208E-6	2.0412	40.0	TRUE	C	1.049713E-4	3.0	0.0036998156	0.9933044	47.502518	0.2882328	0.1263534	64.0	1.0
SPIKE	S56:C>A	1	129951	7.695208E-6	-1.0	40.0	TRUE	C	2.6855298E-5	21.0	0.013752563	0.99828273	31.919737	0.16850175	0.11710566	64.0	0.0
SPIKE	S57:C>T	28	129951	2.1546583E-4	85.53779	40.0	TRUE	C	7.669049E-5	52.0	0.003817006	0.99510384	89.29911	0.19238831	0.09108939	64.0	0.0
SPIKE	S57:C>A	5	129951	3.8476042E-5	16.300888	40.0	TRUE	C	4.0819716E-5	6.0	0.013752563	0.9973909	31.919737	0.16850175	0.11710566	64.0	1.0
SPIKE	S57:C>G	0	129951	0.0	-1.0	0.0	TRUE	C	1.049713E-4	0.0	0.0036998156	0.9933044	47.502518	0.2882328	0.1263534	64.0	1.0
SPIKE	S58:A>T	2	129951	1.5390417E-5	7.269987	40.0	TRUE	A	4.25523E-5	7.0	0.008805153	0.99728036	20.400415	0.2734668	0.07749157	64.0	1.0
SPIKE	S58:A>C	3	129951	2.3085624E-5	10.280287	40.0	TRUE	A	3.479197E-5	37.0	0.016288282	0.9977758	56.024426	0.124219306	0.0867892	64.0	0.0
SPIKE	S58:A>G	64	129951	4.9249333E-4	183.56096	40.0	TRUE	A	1.2047214E-4	95.0	0.0046357983	0.9923194	105.68809	0.16556199	0.07955509	64.0	0.0
SPIKE	S59:T>C	50	129951	3.847604E-4	137.5869	40.0	TRUE	T	1.484539E-4	95.0	0.0039873742	0.99054396	105.68809	0.20388383	0.09032369	64.0	0.0
SPIKE	S59:T>G	1	129951	7.695208E-6	2.0412	40.0	TRUE	T	1.2475849E-4	3.0	0.0056276373	0.99204725	56.024426	0.2910203	0.06799696	64.0	1.0
SPIKE	S59:T>A	0	129951	0.0	-1.0	0.0	TRUE	T	7.3318464E-5	36.0	0.010011355	0.9953186	20.400415	0.26733774	0.070396245	64.0	0.0
SPIKE	S60:T>C	24	129951	1.8468499E-4	73.49659	40.0	TRUE	T	4.2192158E-5	27.0	0.0039873742	0.99730337	105.68809	0.20388383	0.09032369	64.0	0.0
SPIKE	S60:T>A	0	129951	0.0	-1.0	0.0	TRUE	T	4.1547977E-5	0.0	0.010011355	0.99734443	20.400415	0.26733774	0.070396245	64.0	1.0
SPIKE	S60:T>G	0	129951	0.0	-1.0	0.0	TRUE	T	1.2475849E-4	5.0	0.0056276373	0.99204725	56.024426	0.2910203	0.06799696	64.0	1.0
SPIKE	S61:G>C	1	129951	7.695208E-6	2.0412	40.0	TRUE	G	1.0561477E-4	0.0	0.0053392057	0.9932634	47.502518	0.2904776	0.08613125	64.0	1.0
SPIKE	S61:G>A	17	129951	1.3081855E-4	52.424488	40.0	TRUE	G	5.6573692E-5	40.0	0.0047360454	0.9963858	89.29911	0.18466981	0.09077941	64.0	0.0
SPIKE	S61:G>T	0	129951	0.0	-1.0	0.0	TRUE	G	7.508233E-5	32.0	0.0064724023	0.99520624	31.919737	0.30689335	0.06675402	64.0	0.0
SPIKE	S62:A>G	9	129951	6.925687E-5	28.342087	40.0	TRUE	A	5.9602007E-5	47.0	0.0046357983	0.99619275	105.68809	0.16556199	0.07955509	64.0	0.0
SPIKE	D62-63:A>	19	129951	1.4620896E-4	-1.0	39.999477	TRUE		NaN	NaN	NaN	NaN	NaN	NaN	NaN	NaN	NaN
SPIKE	S62:A>C	0	129951	0.0	-1.0	0.0	TRUE	A	5.268109E-5	1.0	0.016288282	0.99663407	56.024426	0.124219306	0.0867892	64.0	1.0
SPIKE	S62:A>T	0	129951	0.0	-1.0	0.0	TRUE	A	4.25523E-5	0.0	0.008805153	0.99728036	20.400415	0.2734668	0.07749157	64.0	1.0
SPIKE	S63:A>T	1	129951	7.695208E-6	4.2596874	40.0	TRUE	A	4.25523E-5	0.0	0.008805153	0.99728036	20.400415	0.2734668	0.07749157	64.0	1.0
SPIKE	S63:A>G	15	129951	1.1542812E-4	-1.0	40.0	TRUE	A	2.0290045E-5	16.0	0.0046357983	0.9987023	105.68809	0.16556199	0.07955509	64.0	0.0
SPIKE	S63:A>C	0	129951	0.0	-1.0	0.0	TRUE	A	5.268109E-5	1.0	0.016288282	0.99663407	56.024426	0.124219306	0.0867892	64.0	1.0
SPIKE	S64:A>G	39	129951	3.001131E-4	118.651085	40.0	TRUE	A	7.4819545E-5	59.0	0.0046357983	0.995223	105.68809	0.16556199	0.07955509	64.0	0.0
SPIKE	S64:A>C	2	129951	1.5390417E-5	7.269987	40.0	TRUE	A	5.268109E-5	7.0	0.016288282	0.99663407	56.024426	0.124219306	0.0867892	64.0	1.0
SPIKE	S64:A>T	1	129951	7.695208E-6	4.2596874	40.0	TRUE	A	4.25523E-5	4.0	0.008805153	0.99728036	20.400415	0.2734668	0.07749157	64.0	1.0
SPIKE	S65:A>G	82	129951	6.310071E-4	223.46252	40.0	TRUE	A	2.2953114E-4	181.0	0.0046357983	0.98541737	105.68809	0.16556199	0.07955509	64.0	0.0
SPIKE	S65:A>C	18	129951	1.3851374E-4	55.434788	40.0	TRUE	A	8.086782E-5	86.0	0.016288282	0.9948378	56.024426	0.124219306	0.0867892	64.0	0.0
SPIKE	S65:A>T	2	129951	1.5390417E-5	7.269987	40.0	TRUE	A	4.25523E-5	2.0	0.008805153	0.99728036	20.400415	0.2734668	0.07749157	64.0	1.0
SPIKE	S66:C>T	41	129951	3.1550354E-4	124.671684	40.0	TRUE	C	6.489195E-5	44.0	0.003817006	0.9958555	89.29911	0.19238831	0.09108939	64.0	0.0
SPIKE	S66:C>A	0	129951	0.0	-1.0	0.0	TRUE	C	1.6624708E-5	13.0	0.013752563	0.9989366	31.919737	0.16850175	0.11710566	64.0	0.0
SPIKE	S66:C>G	0	129951	0.0	-1.0	0.0	TRUE	C	1.049713E-4	0.0	0.0036998156	0.9933044	47.502518	0.2882328	0.1263534	64.0	1.0
SPIKE	S67:C>T	27	129951	2.0777062E-4	82.52749	40.0	TRUE	C	4.129488E-5	28.0	0.003817006	0.99736065	89.29911	0.19238831	0.09108939	64.0	0.0
SPIKE	S67:C>A	0	129951	0.0	-1.0	0.0	TRUE	C	3.7085887E-5	29.0	0.013752563	0.99762934	31.919737	0.16850175	0.11710566	64.0	0.0
SPIKE	S67:C>G	0	129951	0.0	-1.0	0.0	TRUE	C	1.049713E-4	0.0	0.0036998156	0.9933044	47.502518	0.2882328	0.1263534	64.0	1.0
SPIKE	S68:A>G	100	129951	7.695208E-4	252.46599	40.0	TRUE	A	3.2717697E-4	258.0	0.0046357983	0.9792784	105.68809	0.16556199	0.07955509	64.0	0.0
SPIKE	S68:A>C	16	129951	1.2312333E-4	-1.0	40.0	TRUE	A	2.4448413E-5	26.0	0.016288282	0.9984365	56.024426	0.124219306	0.0867892	64.0	0.0
SPIKE	S68:A>T	5	129951	3.8476042E-5	-1.0	40.0	TRUE	A	2.0858546E-5	10.0	0.008805153	0.9986659	20.400415	0.2734668	0.07749157	64.0	0.0
SPIKE	S69:G>A	35	129951	2.693323E-4	106.609886	40.0	TRUE	G	7.637448E-5	54.0	0.0047360454	0.995124	89.29911	0.18466981	0.09077941	64.0	0.0
SPIKE	S69:G>C	1	129951	7.695208E-6	4.2596874	40.0	TRUE	G	6.225383E-5	28.0	0.0053392057	0.99602365	47.502518	0.2904776	0.08613125	64.0	0.0
SPIKE	S69:G>T	1	129951	7.695208E-6	4.2596874	40.0	TRUE	G	7.4894015E-5	2.0	0.0064724023	0.9952183	31.919737	0.30689335	0.06675402	64.0	1.0
SPIKE	S70:C>G	1	129951	7.695208E-6	2.0412	40.0	TRUE	C	1.049713E-4	6.0	0.0036998156	0.9933044	47.502518	0.2882328	0.1263534	64.0	1.0
SPIKE	S70:C>T	48	129951	3.6936998E-4	120.6484	40.0	TRUE	C	1.7402842E-4	118.0	0.003817006	0.98892397	89.29911	0.19238831	0.09108939	64.0	0.0
SPIKE	S70:C>A	0	129951	0.0	-1.0	0.0	TRUE	C	4.0819716E-5	0.0	0.013752563	0.9973909	31.919737	0.16850175	0.11710566	64.0	1.0
SPIKE	S71:C>A	2	129951	1.5390417E-5	7.269987	40.0	TRUE	C	4.0819716E-5	4.0	0.013752563	0.9973909	31.919737	0.16850175	0.11710566	64.0	1.0
SPIKE	S71:C>T	37	129951	2.8472272E-4	99.69318	40.0	TRUE	C	1.2683427E-4	86.0	0.003817006	0.99191546	89.29911	0.19238831	0.09108939	64.0	0.0
SPIKE	S71:C>G	0	129951	0.0	-1.0	0.0	TRUE	C	5.7454934E-5	26.0	0.0036998156	0.99632967	47.502518	0.2882328	0.1263534	64.0	0.0
SPIKE	S72:G>A	43	129951	3.3089396E-4	117.13841	40.0	TRUE	G	1.3436252E-4	95.0	0.0047360454	0.9914377	89.29911	0.18466981	0.09077941	64.0	0.0
SPIKE	S72:G>T	1	129951	7.695208E-6	4.2596874	40.0	TRUE	G	4.4580134E-5	19.0	0.0064724023	0.99715096	31.919737	0.30689335	0.06675402	64.0	0.0
SPIKE	S72:G>C	0	129951	0.0	-1.0	0.0	TRUE	G	1.0561477E-4	7.0	0.0053392057	0.9932634	47.502518	0.2904776	0.08613125	64.0	1.0
SPIKE	S73:T>A	4	129951	3.0780833E-5	13.290587	40.0	TRUE	T	4.1547977E-5	2.0	0.010011355	0.99734443	20.400415	0.26733774	0.070396245	64.0	1.0
SPIKE	S73:T>G	6	129951	4.6171248E-5	19.311188	40.0	TRUE	T	9.352807E-5	42.0	0.0056276373	0.9940321	56.024426	0.2910203	0.06799696	64.0	0.0
SPIKE	S73:T>C	114	129951	8.772537E-4	292.38586	40.0	TRUE	T	3.4535062E-4	221.0	0.0039873742	0.97814006	105.68809	0.20388383	0.09032369	64.0	0.0
SPIKE	S74:G>A	23	129951	1.769898E-4	70.48629	40.0	TRUE	G	4.384461E-5	31.0	0.0047360454	0.99719787	89.29911	0.18466981	0.09077941	64.0	0.0
SPIKE	S74:G>C	0	129951	0.0	-1.0	0.0	TRUE	G	1.0561477E-4	0.0	0.0053392057	0.9932634	47.502518	0.2904776	0.08613125	64.0	1.0
SPIKE	S74:G>T	0	129951	0.0	-1.0	0.0	TRUE	G	7.4894015E-5	6.0	0.0064724023	0.9952183	31.919737	0.30689335	0.06675402	64.0	1.0
SPIKE	S75:G>A	27	129951	2.0777062E-4	82.52749	40.0	TRUE	G	7.071711E-5	50.0	0.0047360454	0.99548435	89.29911	0.18466981	0.09077941	64.0	0.0
SPIKE	S75:G>C	0	129951	0.0	-1.0	0.0	TRUE	G	1.0561477E-4	0.0	0.0053392057	0.9932634	47.502518	0.2904776	0.08613125	64.0	1.0
SPIKE	S75:G>T	0	129951	0.0	-1.0	0.0	TRUE	G	4.2233813E-5	18.0	0.0064724023	0.9973007	31.919737	0.30689335	0.06675402	64.0	0.0
SPIKE	S76:T>A	5	129951	3.8476042E-5	16.300888	40.0	TRUE	T	4.1547977E-5	1.0	0.010011355	0.99734443	20.400415	0.26733774	0.070396245	64.0	1.0
SPIKE	S76:T>G	14	129951	1.07732914E-4	43.393585	40.0	TRUE	T	6.012519E-5	27.0	0.0056276373	0.9961594	56.024426	0.2910203	0.06799696	64.0	0.0
SPIKE	S76:T>C	68	129951	5.232742E-4	195.3428	40.0	TRUE	T	1.6720596E-4	107.0	0.0039873742	0.98935586	105.68809	0.20388383	0.09032369	64.0	0.0
SPIKE	S77:T>C	12	129951	9.2342496E-5	-1.0	40.0	TRUE	T	3.2816122E-5	21.0	0.0039873742	0.997902	105.68809	0.20388383	0.09032369	64.0	0.0
SPIKE	S77:T>A	0	129951	0.0	-1.0	0.0	TRUE	T	4.1547977E-5	1.0	0.010011355	0.99734443	20.400415	0.26733774	0.070396245	64.0	1.0
SPIKE	S77:T>G	0	129951	0.0	-1.0	0.0	TRUE	T	1.2475849E-4	1.0	0.0056276373	0.99204725	56.024426	0.2910203	0.06799696	64.0	1.0
SPIKE	S78:T>G	3	129951	2.3085624E-5	10.280287	40.0	TRUE	T	6.903263E-5	31.0	0.0056276373	0.99559164	56.024426	0.2910203	0.06799696	64.0	0.0
SPIKE	S78:T>C	4	129951	3.0780833E-5	-1.0	40.0	TRUE	T	1.7189397E-5	11.0	0.0039873742	0.9989005	105.68809	0.20388383	0.09032369	64.0	0.0
SPIKE	S78:T>A	0	129951	0.0	-1.0	0.0	TRUE	T	4.1547977E-5	0.0	0.010011355	0.99734443	20.400415	0.26733774	0.070396245	64.0	1.0
SPIKE	S79:G>A	29	129951	2.2316104E-4	88.54809	40.0	TRUE	G	5.0916326E-5	36.0	0.0047360454	0.99674666	89.29911	0.18466981	0.09077941	64.0	0.0
SPIKE	S79:G>C	0	129951	0.0	-1.0	0.0	TRUE	G	7.559393E-5	34.0	0.0053392057	0.9951737	47.502518	0.2904776	0.08613125	64.0	0.0
SPIKE	S79:G>T	0	129951	0.0	-1.0	0.0	TRUE	G	7.4894015E-5	5.0	0.0064724023	0.9952183	31.919737	0.30689335	0.06675402	64.0	1.0
SPIKE	S80:C>A	3	129951	2.3085624E-5	10.280287	40.0	TRUE	C	4.0819716E-5	1.0	0.013752563	0.9973909	31.919737	0.16850175	0.11710566	64.0	1.0
SPIKE	S80:C>T	50	129951	3.847604E-4	126.33406	40.0	TRUE	C	1.8730178E-4	127.0	0.003817006	0.98808426	89.29911	0.19238831	0.09108939	64.0	0.0
SPIKE	S80:C>G	0	129951	0.0	-1.0	0.0	TRUE	C	7.734318E-5	35.0	0.0036998156	0.9950623	47.502518	0.2882328	0.1263534	64.0	0.0
SPIKE	S81:G>A	44	129951	3.3858916E-4	133.70259	40.0	TRUE	G	9.617528E-5	68.0	0.0047360454	0.9938637	89.29911	0.18466981	0.09077941	64.0	0.0
SPIKE	S81:G>T	1	129951	7.695208E-6	4.2596874	40.0	TRUE	G	7.4894015E-5	0.0	0.0064724023	0.9952183	31.919737	0.30689335	0.06675402	64.0	1.0
SPIKE	S81:G>C	2	129951	1.5390417E-5	3.9120662	40.0	TRUE	G	1.0561477E-4	5.0	0.0053392057	0.9932634	47.502518	0.2904776	0.08613125	64.0	1.0
SPIKE	S82:G>A	58	129951	4.4632208E-4	165.91978	40.0	TRUE	G	1.1456173E-4	81.0	0.0047360454	0.99269485	89.29911	0.18466981	0.09077941	64.0	0.0
SPIKE	S82:G>T	1	129951	7.695208E-6	4.2596874	40.0	TRUE	G	7.4894015E-5	2.0	0.0064724023	0.9952183	31.919737	0.30689335	0.06675402	64.0	1.0
SPIKE	S82:G>C	1	129951	7.695208E-6	4.2596874	40.0	TRUE	G	6.225383E-5	28.0	0.0053392057	0.99602365	47.502518	0.2904776	0.08613125	64.0	0.0
SPIKE	S83:C>T	48	129951	3.6936998E-4	131.73553	40.0	TRUE	C	1.1356092E-4	77.0	0.003817006	0.99275845	89.29911	0.19238831	0.09108939	64.0	0.0
SPIKE	S83:C>A	0	129951	0.0	-1.0	0.0	TRUE	C	4.0819716E-5	3.0	0.013752563	0.9973909	31.919737	0.16850175	0.11710566	64.0	1.0
SPIKE	S83:C>G	0	129951	0.0	-1.0	0.0	TRUE	C	7.292357E-5	33.0	0.0036998156	0.99534374	47.502518	0.2882328	0.1263534	64.0	0.0
SPIKE	S84:G>A	35	129951	2.693323E-4	106.609886	40.0	TRUE	G	7.778883E-5	55.0	0.0047360454	0.99503386	89.29911	0.18466981	0.09077941	64.0	0.0
SPIKE	S84:G>T	1	129951	7.695208E-6	4.2596874	40.0	TRUE	G	7.4894015E-5	0.0	0.0064724023	0.9952183	31.919737	0.30689335	0.06675402	64.0	1.0
SPIKE	S84:G>C	0	129951	0.0	-1.0	0.0	TRUE	G	1.0561477E-4	5.0	0.0053392057	0.9932634	47.502518	0.2904776	0.08613125	64.0	1.0
SPIKE	S85:A>G	4	129951	3.0780833E-5	-1.0	40.0	TRUE	A	2.0290045E-5	16.0	0.0046357983	0.9987023	105.68809	0.16556199	0.07955509	64.0	0.0
SPIKE	S85:A>C	0	129951	0.0	-1.0	0.0	TRUE	A	7.240492E-5	77.0	0.016288282	0.9953768	56.024426	0.124219306	0.0867892	64.0	0.0
SPIKE	S85:A>T	0	129951	0.0	-1.0	0.0	TRUE	A	5.6318073E-5	27.0	0.008805153	0.99640214	20.400415	0.2734668	0.07749157	64.0	0.0
SPIKE	S86:T>G	3	129951	2.3085624E-5	6.0206	40.0	TRUE	T	1.2475849E-4	2.0	0.0056276373	0.99204725	56.024426	0.2910203	0.06799696	64.0	1.0
SPIKE	S86:T>C	34	129951	2.616371E-4	103.59959	40.0	TRUE	T	7.96963E-5	51.0	0.0039873742	0.99491245	105.68809	0.20388383	0.09032369	64.0	0.0
SPIKE	S86:T>A	0	129951	0.0	-1.0	0.0	TRUE	T	4.1547977E-5	6.0	0.010011355	0.99734443	20.400415	0.26733774	0.070396245	64.0	1.0
SPIKE	S87:T>G	2	129951	1.5390417E-5	3.9120662	40.0	TRUE	T	1.2475849E-4	7.0	0.0056276373	0.99204725	56.024426	0.2910203	0.06799696	64.0	1.0
SPIKE	S87:T>C	19	129951	1.4620896E-4	58.445087	40.0	TRUE	T	3.750414E-5	24.0	0.0039873742	0.99760264	105.68809	0.20388383	0.09032369	64.0	0.0
SPIKE	S87:T>A	0	129951	0.0	-1.0	0.0	TRUE	T	4.1547977E-5	0.0	0.010011355	0.99734443	20.400415	0.26733774	0.070396245	64.0	1.0
SPIKE	S88:T>C	13	129951	1.0003771E-4	-1.0	40.0	TRUE	T	1.875207E-5	12.0	0.0039873742	0.9988006	105.68809	0.20388383	0.09032369	64.0	0.0
SPIKE	S88:T>A	0	129951	0.0	-1.0	0.0	TRUE	T	6.9245216E-5	34.0	0.010011355	0.9955781	20.400415	0.26733774	0.070396245	64.0	0.0
SPIKE	S88:T>G	0	129951	0.0	-1.0	0.0	TRUE	T	1.2475849E-4	0.0	0.0056276373	0.99204725	56.024426	0.2910203	0.06799696	64.0	1.0
SPIKE	S89:A>G	14	129951	1.07732914E-4	-1.0	40.0	TRUE	A	2.4094428E-5	19.0	0.0046357983	0.99845916	105.68809	0.16556199	0.07955509	64.0	0.0
SPIKE	S89:A>C	0	129951	0.0	-1.0	0.0	TRUE	A	5.268109E-5	2.0	0.016288282	0.99663407	56.024426	0.124219306	0.0867892	64.0	1.0
SPIKE	S89:A>T	0	129951	0.0	-1.0	0.0	TRUE	A	8.969175E-5	43.0	0.008805153	0.99427617	20.400415	0.2734668	0.07749157	64.0	0.0
SPIKE	S90:T>A	1	129951	7.695208E-6	4.2596874	40.0	TRUE	T	4.1547977E-5	5.0	0.010011355	0.99734443	20.400415	0.26733774	0.070396245	64.0	1.0
SPIKE	S90:T>C	17	129951	1.3081855E-4	52.424488	40.0	TRUE	T	9.3760355E-5	60.0	0.0039873742	0.9940173	105.68809	0.20388383	0.09032369	64.0	0.0
SPIKE	S90:T>G	0	129951	0.0	-1.0	0.0	TRUE	T	1.2475849E-4	5.0	0.0056276373	0.99204725	56.024426	0.2910203	0.06799696	64.0	1.0
SPIKE	S91:C>A	3	129951	2.3085624E-5	10.280287	40.0	TRUE	C	4.0819716E-5	1.0	0.013752563	0.9973909	31.919737	0.16850175	0.11710566	64.0	1.0
SPIKE	S91:C>T	29	129951	2.2316104E-4	76.59832	40.0	TRUE	C	1.0618683E-4	72.0	0.003817006	0.99322706	89.29911	0.19238831	0.09108939	64.0	0.0
SPIKE	S91:C>G	0	129951	0.0	-1.0	0.0	TRUE	C	7.513337E-5	34.0	0.0036998156	0.995203	47.502518	0.2882328	0.1263534	64.0	0.0
SPIKE	S92:G>A	50	129951	3.847604E-4	137.5869	40.0	TRUE	G	1.2870516E-4	91.0	0.0047360454	0.99179673	89.29911	0.18466981	0.09077941	64.0	0.0
SPIKE	S92:G>T	1	129951	7.695208E-6	4.2596874	40.0	TRUE	G	8.21213E-5	35.0	0.0064724023	0.994758	31.919737	0.30689335	0.06675402	64.0	0.0
SPIKE	S92:G>C	0	129951	0.0	-1.0	0.0	TRUE	G	1.0561477E-4	6.0	0.0053392057	0.9932634	47.502518	0.2904776	0.08613125	64.0	1.0
SPIKE	S93:T>G	5	129951	3.8476042E-5	-1.0	40.0	TRUE	T	2.2268589E-5	10.0	0.0056276373	0.9985758	56.024426	0.2910203	0.06799696	64.0	0.0
SPIKE	S93:T>A	4	129951	3.0780833E-5	13.290587	40.0	TRUE	T	4.1547977E-5	0.0	0.010011355	0.99734443	20.400415	0.26733774	0.070396245	64.0	1.0
SPIKE	S93:T>C	53	129951	4.0784603E-4	134.88	39.981133	TRUE	T	2.0158476E-4	129.0	0.0039873742	0.9871814	105.68809	0.20388383	0.09032369	64.0	0.0
SPIKE	S94:C>A	1	129951	7.695208E-6	4.2596874	40.0	TRUE	C	4.0819716E-5	0.0	0.013752563	0.9973909	31.919737	0.16850175	0.11710566	64.0	1.0
SPIKE	S94:C>T	27	129951	2.0777062E-4	82.52749	40.0	TRUE	C	8.701421E-5	59.0	0.003817006	0.9944466	89.29911	0.19238831	0.09108939	64.0	0.0
SPIKE	S94:C>G	0	129951	0.0	-1.0	0.0	TRUE	C	7.292357E-5	33.0	0.0036998156	0.99534374	47.502518	0.2882328	0.1263534	64.0	0.0
SPIKE	S95:G>A	54	129951	4.1554123E-4	149.35994	40.0	TRUE	G	1.0890436E-4	77.0	0.0047360454	0.99305433	89.29911	0.18466981	0.09077941	64.0	0.0
SPIKE	D95-98:GTC>	2	129951	1.5390417E-5	-1.0	39.998814	TRUE		NaN	NaN	NaN	NaN	NaN	NaN	NaN	NaN	NaN
SPIKE	S95:G>C	0	129951	0.0	-1.0	0.0	TRUE	G	1.0561477E-4	5.0	0.0053392057	0.9932634	47.502518	0.2904776	0.08613125	64.0	1.0
SPIKE	S95:G>T	0	129951	0.0	-1.0	0.0	TRUE	G	7.273601E-5	31.0	0.0064724023	0.9953557	31.919737	0.30689335	0.06675402	64.0	0.0
SPIKE	S96:T>C	79	129951	6.0792145E-4	203.39282	40.0	TRUE	T	2.9221977E-4	187.0	0.0039873742	0.9814717	105.68809	0.20388383	0.09032369	64.0	0.0
SPIKE	S96:T>A	3	129951	2.3085624E-5	10.280287	40.0	TRUE	T	4.1547977E-5	6.0	0.010011355	0.99734443	20.400415	0.26733774	0.070396245	64.0	1.0
SPIKE	S96:T>G	0	129951	0.0	-1.0	0.0	TRUE	T	2.8949165E-5	13.0	0.0056276373	0.998149	56.024426	0.2910203	0.06799696	64.0	0.0
SPIKE	S97:C>T	17	129951	1.3081855E-4	52.424488	40.0	TRUE	C	3.5395613E-5	24.0	0.003817006	0.9977372	89.29911	0.19238831	0.09108939	64.0	0.0
SPIKE	S97:C>A	0	129951	0.0	-1.0	0.0	TRUE	C	4.4758828E-5	35.0	0.013752563	0.9971395	31.919737	0.16850175	0.11710566	64.0	0.0
SPIKE	S97:C>G	0	129951	0.0	-1.0	0.0	TRUE	C	1.049713E-4	0.0	0.0036998156	0.9933044	47.502518	0.2882328	0.1263534	64.0	1.0
SPIKE	S98:A>C	2	129951	1.5390417E-5	7.269987	40.0	TRUE	A	5.268109E-5	6.0	0.016288282	0.99663407	56.024426	0.124219306	0.0867892	64.0	1.0
SPIKE	S98:A>G	24	129951	1.8468499E-4	73.49659	40.0	TRUE	A	9.257333E-5	73.0	0.0046357983	0.9940928	105.68809	0.16556199	0.07955509	64.0	0.0
SPIKE	D98-101:ATC>	4	129951	3.0780833E-5	-1.0	39.99795	TRUE		NaN	NaN	NaN	NaN	NaN	NaN	NaN	NaN	NaN
SPIKE	S98:A>T	0	129951	0.0	-1.0	0.0	TRUE	A	7.5090764E-5	36.0	0.008805153	0.9952057	20.400415	0.2734668	0.07749157	64.0	0.0
SPIKE	S99:T>C	16	129951	1.2312333E-4	49.41419	40.0	TRUE	T	1.0001104E-4	64.0	0.0039873742	0.99361974	105.68809	0.20388383	0.09032369	64.0	0.0
SPIKE	S99:T>A	1	129951	7.695208E-6	4.2596874	40.0	TRUE	T	4.1547977E-5	5.0	0.010011355	0.99734443	20.400415	0.26733774	0.070396245	64.0	1.0
SPIKE	S99:T>G	1	129951	7.695208E-6	2.0412	40.0	TRUE	T	1.2475849E-4	1.0	0.0056276373	0.99204725	56.024426	0.2910203	0.06799696	64.0	1.0
SPIKE	S100:C>T	54	129951	4.1554123E-4	149.35994	40.0	TRUE	C	1.5190616E-4	103.0	0.003817006	0.9903251	89.29911	0.19238831	0.09108939	64.0	0.0
SPIKE	S100:C>A	2	129951	1.5390417E-5	7.269987	40.0	TRUE	C	4.0819716E-5	7.0	0.013752563	0.9973909	31.919737	0.16850175	0.11710566	64.0	1.0
SPIKE	S100:C>G	0	129951	0.0	-1.0	0.0	TRUE	C	9.281182E-5	42.0	0.0036998156	0.9940776	47.502518	0.2882328	0.1263534	64.0	0.0
SPIKE	S101:G>A	33	129951	2.5394186E-4	100.58929	40.0	TRUE	G	9.193225E-5	65.0	0.0047360454	0.9941336	89.29911	0.18466981	0.09077941	64.0	0.0
SPIKE	S101:G>C	0	129951	0.0	-1.0	0.0	TRUE	G	1.0561477E-4	6.0	0.0053392057	0.9932634	47.502518	0.2904776	0.08613125	64.0	1.0
SPIKE	S101:G>T	0	129951	0.0	-1.0	0.0	TRUE	G	7.977498E-5	34.0	0.0064724023	0.99490744	31.919737	0.30689335	0.06675402	64.0	0.0
SPIKE	S102:T>C	51	129951	3.924556E-4	140.515	40.0	TRUE	T	1.4532855E-4	93.0	0.0039873742	0.9907421	105.68809	0.20388383	0.09032369	64.0	0.0
SPIKE	S102:T>A	1	129951	7.695208E-6	4.2596874	40.0	TRUE	T	4.1547977E-5	0.0	0.010011355	0.99734443	20.400415	0.26733774	0.070396245	64.0	1.0
SPIKE	S102:T>G	2	129951	1.5390417E-5	7.269987	40.0	TRUE	T	9.575493E-5	43.0	0.0056276373	0.9938904	56.024426	0.2910203	0.06799696	64.0	0.0
SPIKE	S103:G>T	1	129951	7.695208E-6	4.2596874	40.0	TRUE	G	7.4894015E-5	5.0	0.0064724023	0.9952183	31.919737	0.30689335	0.06675402	64.0	1.0
SPIKE	S103:G>A	23	129951	1.769898E-4	70.48629	40.0	TRUE	G	4.5258956E-5	32.0	0.0047360454	0.9971076	89.29911	0.18466981	0.09077941	64.0	0.0
SPIKE	S103:G>C	0	129951	0.0	-1.0	0.0	TRUE	G	1.0561477E-4	4.0	0.0053392057	0.9932634	47.502518	0.2904776	0.08613125	64.0	1.0
SPIKE	S104:G>A	38	129951	2.924179E-4	115.640785	40.0	TRUE	G	9.334659E-5	66.0	0.0047360454	0.99404365	89.29911	0.18466981	0.09077941	64.0	0.0
SPIKE	S104:G>C	0	129951	0.0	-1.0	0.0	TRUE	G	5.7807127E-5	26.0	0.0053392057	0.9963072	47.502518	0.2904776	0.08613125	64.0	0.0
SPIKE	S104:G>T	0	129951	0.0	-1.0	0.0	TRUE	G	7.4894015E-5	0.0	0.0064724023	0.9952183	31.919737	0.30689335	0.06675402	64.0	1.0
SPIKE	S105:C>T	65	129951	5.0018856E-4	174.26482	40.0	TRUE	C	2.1089886E-4	143.0	0.003817006	0.9865931	89.29911	0.19238831	0.09108939	64.0	0.0
SPIKE	S105:C>A	4	129951	3.0780833E-5	13.290587	40.0	TRUE	C	4.0819716E-5	4.0	0.013752563	0.9973909	31.919737	0.16850175	0.11710566	64.0	1.0
SPIKE	S105:C>G	0	129951	0.0	-1.0	0.0	TRUE	C	7.292357E-5	33.0	0.0036998156	0.99534374	47.502518	0.2882328	0.1263534	64.0	0.0
SPIKE	D106-109:GGC>	1	129951	7.695208E-6	-1.0	39.99904	TRUE		NaN	NaN	NaN	NaN	NaN	NaN	NaN	NaN	NaN
SPIKE	S106:G>T	1	129951	7.695208E-6	4.2596874	40.0	TRUE	G	7.4894015E-5	4.0	0.0064724023	0.9952183	31.919737	0.30689335	0.06675402	64.0	1.0
SPIKE	S106:G>A	59	129951	4.5401728E-4	168.85709	40.0	TRUE	G	1.3153383E-4	93.0	0.0047360454	0.99161714	89.29911	0.18466981	0.09077941	64.0	0.0
SPIKE	S106:G>C	0	129951	0.0	-1.0	0.0	TRUE	G	1.0561477E-4	6.0	0.0053392057	0.9932634	47.502518	0.2904776	0.08613125	64.0	1.0
SPIKE	S107:G>A	54	129951	4.1554123E-4	137.75253	40.0	TRUE	G	1.7679279E-4	125.0	0.0047360454	0.988749	89.29911	0.18466981	0.09077941	64.0	0.0
SPIKE	S107:G>C	0	129951	0.0	-1.0	0.0	TRUE	G	8.6710694E-5	39.0	0.0053392057	0.9944659	47.502518	0.2904776	0.08613125	64.0	0.0
SPIKE	S107:G>T	0	129951	0.0	-1.0	0.0	TRUE	G	7.4894015E-5	0.0	0.0064724023	0.9952183	31.919737	0.30689335	0.06675402	64.0	1.0
SPIKE	S108:C>T	44	129951	3.3858916E-4	120.05395	40.0	TRUE	C	1.1356092E-4	77.0	0.003817006	0.99275845	89.29911	0.19238831	0.09108939	64.0	0.0
SPIKE	S108:C>A	0	129951	0.0	-1.0	0.0	TRUE	C	4.0922358E-5	32.0	0.013752563	0.99738437	31.919737	0.16850175	0.11710566	64.0	0.0
SPIKE	S108:C>G	0	129951	0.0	-1.0	0.0	TRUE	C	1.049713E-4	5.0	0.0036998156	0.9933044	47.502518	0.2882328	0.1263534	64.0	1.0
SPIKE	S109:A>G	18	129951	1.3851374E-4	55.434788	40.0	TRUE	A	9.891397E-5	78.0	0.0046357983	0.9936895	105.68809	0.16556199	0.07955509	64.0	0.0
SPIKE	S109:A>C	0	129951	0.0	-1.0	0.0	TRUE	A	1.5045177E-5	16.0	0.016288282	0.99903756	56.024426	0.124219306	0.0867892	64.0	0.0
SPIKE	S109:A>T	0	129951	0.0	-1.0	0.0	TRUE	A	4.25523E-5	0.0	0.008805153	0.99728036	20.400415	0.2734668	0.07749157	64.0	1.0
SPIKE	S110:G>C	1	129951	7.695208E-6	4.2596874	40.0	TRUE	G	7.337058E-5	33.0	0.0053392057	0.9953153	47.502518	0.2904776	0.08613125	64.0	0.0
SPIKE	S110:G>A	44	129951	3.3858916E-4	133.70259	40.0	TRUE	G	8.627488E-5	61.0	0.0047360454	0.9944936	89.29911	0.18466981	0.09077941	64.0	0.0
SPIKE	S110:G>T	0	129951	0.0	-1.0	0.0	TRUE	G	7.4894015E-5	9.0	0.0064724023	0.9952183	31.919737	0.30689335	0.06675402	64.0	1.0
SPIKE	S111:C>T	49	129950	3.770681E-4	148.75409	40.0	TRUE	C	1.0028834E-4	68.0	0.003817006	0.9936021	89.29842	0.19238831	0.09108939	64.0	0.0
SPIKE	S111:C>A	1	129950	7.695267E-6	4.2596874	40.0	TRUE	C	4.0819716E-5	9.0	0.013752563	0.9973909	31.919493	0.16850175	0.11710566	64.0	1.0
SPIKE	S111:C>G	0	129950	0.0	-1.0	0.0	TRUE	C	9.723217E-5	44.0	0.0036998156	0.99379647	47.50215	0.2882328	0.1263534	64.0	0.0
SPIKE	S112:G>A	29	129942	2.231765E-4	88.54809	40.0	TRUE	G	9.0524176E-5	64.0	0.0047360454	0.9942232	89.29293	0.18466981	0.09077941	64.0	0.0
SPIKE	S112:G>C	0	129942	0.0	-1.0	0.0	TRUE	G	1.0561477E-4	4.0	0.0053392057	0.9932634	47.499226	0.2904776	0.08613125	64.0	1.0
SPIKE	S112:G>T	0	129942	0.0	-1.0	0.0	TRUE	G	5.3969165E-5	23.0	0.0064724023	0.99655193	31.917526	0.30689335	0.06675402	64.0	0.0
SPIKE	S113:T>C	83	129941	6.3875143E-4	226.36942	40.0	TRUE	T	2.0628865E-4	132.0	0.0039873742	0.9868843	105.679955	0.20388383	0.09032369	64.0	0.0
SPIKE	S113:T>G	6	129941	4.6174802E-5	19.311188	40.0	TRUE	T	8.908121E-5	40.0	0.0056276373	0.994315	56.020115	0.2910203	0.06799696	64.0	0.0
SPIKE	S113:T>A	0	129941	0.0	-1.0	0.0	TRUE	T	4.1547977E-5	0.0	0.010011355	0.99734443	20.398846	0.26733774	0.070396245	64.0	1.0
SPIKE	S114:G>A	31	129941	2.3856982E-4	94.56869	40.0	TRUE	G	9.618268E-5	68.0	0.0047360454	0.9938632	89.292244	0.18466981	0.09077941	64.0	0.0
SPIKE	S114:G>C	0	129941	0.0	-1.0	0.0	TRUE	G	2.6682266E-5	12.0	0.0053392057	0.9982938	47.49886	0.2904776	0.08613125	64.0	0.0
SPIKE	S114:G>T	0	129941	0.0	-1.0	0.0	TRUE	G	7.4894015E-5	4.0	0.0064724023	0.9952183	31.917282	0.30689335	0.06675402	64.0	1.0
SPIKE	S115:A>T	1	129941	7.6958E-6	-1.0	40.0	TRUE	A	2.7118196E-5	13.0	0.008805153	0.9982659	20.398846	0.2734668	0.07749157	64.0	0.0
SPIKE	S115:A>C	1	129941	7.6958E-6	4.2596874	40.0	TRUE	A	5.0781382E-5	54.0	0.016288282	0.99675524	56.020115	0.124219306	0.0867892	64.0	0.0
SPIKE	S115:A>G	71	129941	5.4640183E-4	191.57625	40.0	TRUE	A	1.7755156E-4	140.0	0.0046357983	0.98870105	105.679955	0.16556199	0.07955509	64.0	0.0
SPIKE	S116:C>T	16	129941	1.231328E-4	49.41419	40.0	TRUE	C	5.30975E-5	36.0	0.003817006	0.99660754	89.292244	0.19238831	0.09108939	64.0	0.0
SPIKE	S116:C>A	1	129941	7.6958E-6	-1.0	40.0	TRUE	C	2.0462754E-5	16.0	0.013752563	0.99869126	31.917282	0.16850175	0.11710566	64.0	0.0
SPIKE	S116:C>G	0	129941	0.0	-1.0	0.0	TRUE	C	1.049713E-4	0.0	0.0036998156	0.9933044	47.49886	0.2882328	0.1263534	64.0	1.0
SPIKE	S117:C>T	32	129941	2.462656E-4	85.232124	40.0	TRUE	C	1.297939E-4	88.0	0.003817006	0.9917276	89.292244	0.19238831	0.09108939	64.0	0.0
SPIKE	S117:C>A	0	129941	0.0	-1.0	0.0	TRUE	C	2.5578442E-5	20.0	0.013752563	0.9983643	31.917282	0.16850175	0.11710566	64.0	0.0
SPIKE	S117:C>G	0	129941	0.0	-1.0	0.0	TRUE	C	1.049713E-4	3.0	0.0036998156	0.9933044	47.49886	0.2882328	0.1263534	64.0	1.0
SPIKE	S118:T>C	50	129941	3.8479E-4	137.5869	40.0	TRUE	T	1.2502342E-4	80.0	0.0039873742	0.99203044	105.679955	0.20388383	0.09032369	64.0	0.0
SPIKE	S118:T>G	2	129941	1.53916E-5	-1.0	40.0	TRUE	T	3.1178424E-5	14.0	0.0056276373	0.9980066	56.020115	0.2910203	0.06799696	64.0	0.0
SPIKE	S118:T>A	6	129941	4.6174802E-5	19.311188	40.0	TRUE	T	9.1655136E-5	45.0	0.010011355	0.99415123	20.398846	0.26733774	0.070396245	64.0	0.0
SPIKE	S119:A>T	2	129941	1.53916E-5	3.9120662	40.0	TRUE	A	1.0430076E-4	50.0	0.008805153	0.993347	20.398846	0.2734668	0.07749157	64.0	0.0
SPIKE	S119:A>C	3	129941	2.3087401E-5	-1.0	40.0	TRUE	A	3.2913857E-5	35.0	0.016288282	0.9978957	56.020115	0.124219306	0.0867892	64.0	0.0
SPIKE	S119:A>G	53	129941	4.078774E-4	165.5665	40.0	TRUE	A	9.2580456E-5	73.0	0.0046357983	0.99409235	105.679955	0.16556199	0.07955509	64.0	0.0
SPIKE	S120:T>C	41	129941	3.155278E-4	124.671684	40.0	TRUE	T	6.8762885E-5	44.0	0.0039873742	0.99560887	105.679955	0.20388383	0.09032369	64.0	0.0
SPIKE	S120:T>G	4	129941	3.07832E-5	8.284564	40.0	TRUE	T	1.180326E-4	53.0	0.0056276373	0.9924744	56.020115	0.2910203	0.06799696	64.0	0.0
SPIKE	S120:T>A	2	129941	1.53916E-5	7.269987	40.0	TRUE	T	4.1547977E-5	6.0	0.010011355	0.99734443	20.398846	0.26733774	0.070396245	64.0	1.0
SPIKE	S121:G>A	34	129941	2.616572E-4	103.59959	40.0	TRUE	G	5.6578046E-5	40.0	0.0047360454	0.9963856	89.292244	0.18466981	0.09077941	64.0	0.0
SPIKE	S121:G>C	0	129941	0.0	-1.0	0.0	TRUE	G	1.0561477E-4	0.0	0.0053392057	0.9932634	47.49886	0.2904776	0.08613125	64.0	1.0
SPIKE	S121:G>T	0	129941	0.0	-1.0	0.0	TRUE	G	1.4782972E-4	63.0	0.0064724023	0.99058354	31.917282	0.30689335	0.06675402	64.0	0.0
SPIKE	S122:T>C	83	129941	6.3875143E-4	214.80594	40.0	TRUE	T	2.7192594E-4	174.0	0.0039873742	0.9827473	105.679955	0.20388383	0.09032369	64.0	0.0
SPIKE	S122:T>G	7	129941	5.3870604E-5	15.631419	40.0	TRUE	T	1.4698399E-4	66.0	0.0056276373	0.9906371	56.020115	0.2910203	0.06799696	64.0	0.0
SPIKE	S122:T>A	1	129941	7.6958E-6	4.2596874	40.0	TRUE	T	4.1547977E-5	8.0	0.010011355	0.99734443	20.398846	0.26733774	0.070396245	64.0	1.0
SPIKE	S123:G>A	28	129941	2.1548242E-4	85.53779	40.0	TRUE	G	6.64792E-5	47.0	0.0047360454	0.99575436	89.292244	0.18466981	0.09077941	64.0	0.0
SPIKE	S123:G>C	0	129941	0.0	-1.0	0.0	TRUE	G	1.0561477E-4	9.0	0.0053392057	0.9932634	47.49886	0.2904776	0.08613125	64.0	1.0
SPIKE	S123:G>T	0	129941	0.0	-1.0	0.0	TRUE	G	1.1028566E-4	47.0	0.0064724023	0.9929666	31.917282	0.30689335	0.06675402	64.0	0.0
SPIKE	D124-126:TG>	4	129941	3.07832E-5	-1.0	39.997345	TRUE		NaN	NaN	NaN	NaN	NaN	NaN	NaN	NaN	NaN
SPIKE	S124:T>C	67	129941	5.1561865E-4	180.02802	40.0	TRUE	T	1.9066072E-4	122.0	0.0039873742	0.9878719	105.679955	0.20388383	0.09032369	64.0	0.0
SPIKE	S124:T>G	1	129941	7.6958E-6	2.0412	40.0	TRUE	T	1.5366508E-4	69.0	0.0056276373	0.99021363	56.020115	0.2910203	0.06799696	64.0	0.0
SPIKE	S124:T>A	1	129941	7.6958E-6	4.2596874	40.0	TRUE	T	4.1547977E-5	1.0	0.010011355	0.99734443	20.398846	0.26733774	0.070396245	64.0	1.0
SPIKE	S125:G>T	1	129941	7.6958E-6	-1.0	40.0	TRUE	G	2.8158041E-5	12.0	0.0064724023	0.9981995	31.917282	0.30689335	0.06675402	64.0	0.0
SPIKE	S125:G>A	40	129941	3.0783203E-4	121.661385	40.0	TRUE	G	7.7794815E-5	55.0	0.0047360454	0.9950335	89.292244	0.18466981	0.09077941	64.0	0.0
SPIKE	S125:G>C	0	129941	0.0	-1.0	0.0	TRUE	G	7.115271E-5	32.0	0.0053392057	0.9954566	47.49886	0.2904776	0.08613125	64.0	0.0
SPIKE	I126:>TG	1	129941	7.6958E-6	-1.0	39.999176	TRUE		NaN	NaN	NaN	NaN	NaN	NaN	NaN	NaN	NaN
SPIKE	S126:C>T	46	129941	3.5400683E-4	114.976166	40.0	TRUE	C	1.7551675E-4	119.0	0.003817006	0.9888298	89.292244	0.19238831	0.09108939	64.0	0.0
SPIKE	S126:C>G	2	129941	1.53916E-5	3.9120662	40.0	TRUE	C	1.19338656E-4	54.0	0.0036998156	0.9923914	47.49886	0.2882328	0.1263534	64.0	0.0
SPIKE	S126:C>A	2	129941	1.53916E-5	7.269987	40.0	TRUE	C	4.220443E-5	33.0	0.013752563	0.99730253	31.917282	0.16850175	0.11710566	64.0	0.0
SPIKE	S127:G>T	1	129941	7.6958E-6	4.2596874	40.0	TRUE	G	7.4894015E-5	3.0	0.0064724023	0.9952183	31.917282	0.30689335	0.06675402	64.0	1.0
SPIKE	S127:G>A	28	129941	2.1548242E-4	85.53779	40.0	TRUE	G	7.920927E-5	56.0	0.0047360454	0.99494344	89.292244	0.18466981	0.09077941	64.0	0.0
SPIKE	S127:G>C	0	129941	0.0	-1.0	0.0	TRUE	G	4.891749E-5	22.0	0.0053392057	0.99687415	47.49886	0.2904776	0.08613125	64.0	0.0
SPIKE	S128:G>A	40	129941	3.0783203E-4	121.661385	40.0	TRUE	G	1.0184049E-4	72.0	0.0047360454	0.9935034	89.292244	0.18466981	0.09077941	64.0	0.0
SPIKE	S128:G>C	1	129941	7.6958E-6	4.2596874	40.0	TRUE	G	6.225862E-5	28.0	0.0053392057	0.99602336	47.49886	0.2904776	0.08613125	64.0	0.0
SPIKE	S128:G>T	2	129941	1.53916E-5	7.269987	40.0	TRUE	G	7.4894015E-5	1.0	0.0064724023	0.9952183	31.917282	0.30689335	0.06675402	64.0	1.0
SPIKE	S129:C>A	2	129941	1.53916E-5	7.269987	40.0	TRUE	C	8.568778E-5	67.0	0.013752563	0.994531	31.917282	0.16850175	0.11710566	64.0	0.0
SPIKE	S129:C>T	52	129941	4.0018163E-4	143.39166	40.0	TRUE	C	1.4306828E-4	97.0	0.003817006	0.99088544	89.292244	0.19238831	0.09108939	64.0	0.0
SPIKE	S129:C>G	0	129941	0.0	-1.0	0.0	TRUE	C	1.1049876E-4	50.0	0.0036998156	0.992953	47.49886	0.2882328	0.1263534	64.0	0.0
SPIKE	D130-133:GGC>	4	129941	3.07832E-5	-1.0	39.998592	TRUE		NaN	NaN	NaN	NaN	NaN	NaN	NaN	NaN	NaN
SPIKE	S130:G>A	29	129941	2.2317821E-4	88.54809	40.0	TRUE	G	7.920927E-5	56.0	0.0047360454	0.99494344	89.292244	0.18466981	0.09077941	64.0	0.0
SPIKE	S130:G>C	0	129941	0.0	-1.0	0.0	TRUE	G	4.891749E-5	22.0	0.0053392057	0.99687415	47.49886	0.2904776	0.08613125	64.0	0.0
SPIKE	S130:G>T	0	129941	0.0	-1.0	0.0	TRUE	G	7.4894015E-5	1.0	0.0064724023	0.9952183	31.917282	0.30689335	0.06675402	64.0	1.0
SPIKE	S131:G>A	37	129941	2.847446E-4	99.69318	40.0	TRUE	G	1.5134628E-4	107.0	0.0047360454	0.9903606	89.292244	0.18466981	0.09077941	64.0	0.0
SPIKE	S131:G>C	0	129941	0.0	-1.0	0.0	TRUE	G	6.0035098E-5	27.0	0.0053392057	0.9961651	47.49886	0.2904776	0.08613125	64.0	0.0
SPIKE	S131:G>T	0	129941	0.0	-1.0	0.0	TRUE	G	7.4894015E-5	2.0	0.0064724023	0.9952183	31.917282	0.30689335	0.06675402	64.0	1.0
SPIKE	S132:C>T	43	129941	3.3091943E-4	117.13841	40.0	TRUE	C	1.1356966E-4	77.0	0.003817006	0.9927579	89.292244	0.19238831	0.09108939	64.0	0.0
SPIKE	S132:C>A	0	129941	0.0	-1.0	0.0	TRUE	C	1.4323927E-4	112.0	0.013752563	0.9908746	31.917282	0.16850175	0.11710566	64.0	0.0
SPIKE	S132:C>G	0	129941	0.0	-1.0	0.0	TRUE	C	6.1879306E-5	28.0	0.0036998156	0.99604756	47.49886	0.2882328	0.1263534	64.0	0.0
SPIKE	S133:A>G	6	129941	4.6174802E-5	19.311188	40.0	TRUE	A	7.736175E-5	61.0	0.0046357983	0.9950611	105.679955	0.16556199	0.07955509	64.0	0.0
SPIKE	S133:A>C	0	129941	0.0	-1.0	0.0	TRUE	A	2.2945661E-4	244.0	0.016288282	0.9854221	56.020115	0.124219306	0.0867892	64.0	0.0
SPIKE	S133:A>T	0	129941	0.0	-1.0	0.0	TRUE	A	4.25523E-5	0.0	0.008805153	0.99728036	20.398846	0.2734668	0.07749157	64.0	1.0
SPIKE	S134:G>A	135	129941	0.001038933	378.7394	40.0	TRUE	G	2.1782548E-4	154.0	0.0047360454	0.98615587	89.292244	0.18466981	0.09077941	64.0	0.0
SPIKE	S134:G>C	11	129941	8.46538E-5	26.1236	40.0	TRUE	G	1.2896428E-4	58.0	0.0053392057	0.9917803	47.49886	0.2904776	0.08613125	64.0	0.0
SPIKE	S134:G>T	0	129941	0.0	-1.0	0.0	TRUE	G	5.8662587E-5	25.0	0.0064724023	0.99625266	31.917282	0.30689335	0.06675402	64.0	0.0
SPIKE	I135:>C	13	129941	1.0004541E-4	-1.0	39.9986	TRUE		NaN	NaN	NaN	NaN	NaN	NaN	NaN	NaN	NaN
SPIKE	S135:C>A	7	129941	5.3870604E-5	22.321487	40.0	TRUE	C	5.7551493E-5	45.0	0.013752563	0.99632347	31.917282	0.16850175	0.11710566	64.0	0.0
SPIKE	S135:C>T	90	129941	6.9262204E-4	234.8469	40.0	TRUE	C	2.4336355E-4	165.0	0.003817006	0.9845454	89.292244	0.19238831	0.09108939	64.0	0.0
SPIKE	D135-136:C>	18	129941	1.3852441E-4	-1.0	39.9986	TRUE		NaN	NaN	NaN	NaN	NaN	NaN	NaN	NaN	NaN
SPIKE	S135:C>G	0	129941	0.0	-1.0	0.0	TRUE	C	6.629925E-5	30.0	0.0036998156	0.99576586	47.49886	0.2882328	0.1263534	64.0	0.0
SPIKE	S136:C>A	3	129941	2.3087401E-5	6.0206	40.0	TRUE	C	1.0615053E-4	83.0	0.013752563	0.9932294	31.917282	0.16850175	0.11710566	64.0	0.0
SPIKE	S136:C>T	88	129941	6.772304E-4	240.92157	40.0	TRUE	C	1.9174098E-4	130.0	0.003817006	0.9878036	89.292244	0.19238831	0.09108939	64.0	0.0
SPIKE	S136:C>G	0	129941	0.0	-1.0	0.0	TRUE	C	5.082943E-5	23.0	0.0036998156	0.9967522	47.49886	0.2882328	0.1263534	64.0	0.0
SPIKE	I137:>T	11	129921	8.466683E-5	-1.0	39.484188	TRUE		NaN	NaN	NaN	NaN	NaN	NaN	NaN	NaN	NaN
SPIKE	S137:T>G	6	129921	4.618191E-5	13.113299	39.166668	TRUE	T	1.069139E-4	48.0	0.0056276373	0.9931809	56.011494	0.2910203	0.06799696	64.0	0.0
SPIKE	S137:T>C	4	129921	3.078794E-5	8.284564	39.0	TRUE	T	1.312948E-4	84.0	0.0039873742	0.99163234	105.66369	0.20388383	0.09032369	64.0	0.0
SPIKE	D137-139:TG>	5	129921	3.8484926E-5	-1.0	39.484188	TRUE		NaN	NaN	NaN	NaN	NaN	NaN	NaN	NaN	NaN
SPIKE	D137-138:T>	43	129921	3.3097036E-4	-1.0	39.484188	TRUE		NaN	NaN	NaN	NaN	NaN	NaN	NaN	NaN	NaN
SPIKE	S137:T>A	0	129921	0.0	-1.0	0.0	TRUE	T	3.870479E-5	19.0	0.010011355	0.99752593	20.395706	0.26733774	0.070396245	64.0	0.0
SPIKE	D138-140:GA>	7	129918	5.388014E-5	-1.0	39.447536	TRUE		NaN	NaN	NaN	NaN	NaN	NaN	NaN	NaN	NaN
SPIKE	I138:>G	14	129918	1.0776028E-4	-1.0	39.447536	TRUE		NaN	NaN	NaN	NaN	NaN	NaN	NaN	NaN	NaN
SPIKE	S138:G>A	32	129918	2.463092E-4	75.76293	38.1875	TRUE	G	1.8674061E-4	132.0	0.0047360454	0.9881197	89.276436	0.18466981	0.09077941	64.0	0.0
SPIKE	S138:G>C	2	129918	1.5394326E-5	-1.0	37.0	TRUE	G	2.668699E-5	12.0	0.0053392057	0.9982935	47.49045	0.2904776	0.08613125	64.0	0.0
SPIKE	D138-139:G>	45	129918	3.4637234E-4	-1.0	39.447536	TRUE		NaN	NaN	NaN	NaN	NaN	NaN	NaN	NaN	NaN
SPIKE	D138-141:GAT>	1	129918	7.697163E-6	-1.0	39.447536	TRUE		NaN	NaN	NaN	NaN	NaN	NaN	NaN	NaN	NaN
SPIKE	S138:G>T	0	129918	0.0	-1.0	0.0	TRUE	G	1.7601892E-4	75.0	0.0064724023	0.988798	31.911633	0.30689335	0.06675402	64.0	0.0
SPIKE	S139:A>G	3	129912	2.3092554E-5	6.0206	39.333332	TRUE	A	1.1797129E-4	93.0	0.0046357983	0.99247825	105.656364	0.16556199	0.07955509	64.0	0.0
SPIKE	S139:A>T	1	129912	7.697518E-6	0.3166301	40.0	TRUE	A	3.2340453E-4	155.0	0.008805153	0.97951484	20.394293	0.2734668	0.07749157	64.0	0.0
SPIKE	D139-140:A>	69	129912	5.311288E-4	-1.0	38.987747	TRUE		NaN	NaN	NaN	NaN	NaN	NaN	NaN	NaN	NaN
SPIKE	D139-141:AT>	12	129912	9.237022E-5	-1.0	38.987747	TRUE		NaN	NaN	NaN	NaN	NaN	NaN	NaN	NaN	NaN
SPIKE	I139:>A	6	129912	4.618511E-5	-1.0	38.987747	TRUE		NaN	NaN	NaN	NaN	NaN	NaN	NaN	NaN	NaN
SPIKE	D139-143:ATTA>	1	129912	7.697518E-6	-1.0	38.987747	TRUE		NaN	NaN	NaN	NaN	NaN	NaN	NaN	NaN	NaN
SPIKE	S139:A>C	0	129912	0.0	-1.0	0.0	TRUE	A	4.185696E-4	445.0	0.016288282	0.9735672	56.007614	0.124219306	0.0867892	64.0	0.0
SPIKE	I140:>T	36	129908	2.771192E-4	-1.0	39.37605	TRUE		NaN	NaN	NaN	NaN	NaN	NaN	NaN	NaN	NaN
SPIKE	D140-142:TT>	5	129908	3.8488775E-5	-1.0	39.37605	TRUE		NaN	NaN	NaN	NaN	NaN	NaN	NaN	NaN	NaN
SPIKE	D140-144:TTAG>	1	129908	7.697755E-6	-1.0	39.37605	TRUE		NaN	NaN	NaN	NaN	NaN	NaN	NaN	NaN	NaN
SPIKE	D140-143:TTA>	2	129908	1.539551E-5	-1.0	39.37605	TRUE		NaN	NaN	NaN	NaN	NaN	NaN	NaN	NaN	NaN
SPIKE	S140:T>A	1	129908	7.697755E-6	0.57991946	40.0	TRUE	T	2.5669957E-4	126.0	0.010011355	0.98370546	20.393665	0.26733774	0.070396245	64.0	0.0
SPIKE	S140:T>G	7	129908	5.3884287E-5	15.631419	39.142857	TRUE	T	1.20290184E-4	54.0	0.0056276373	0.99233097	56.00589	0.2910203	0.06799696	64.0	0.0
SPIKE	S140:T>C	4	129908	3.079102E-5	13.290587	37.25	TRUE	T	5.314845E-5	34.0	0.0039873742	0.99660426	105.653114	0.20388383	0.09032369	64.0	0.0
SPIKE	D140-141:T>	146	129908	0.0011238722	-1.0	39.37605	TRUE		NaN	NaN	NaN	NaN	NaN	NaN	NaN	NaN	NaN
SPIKE	I141:>GAT	2	129886	1.5398118E-5	-1.0	39.537487	TRUE		NaN	NaN	NaN	NaN	NaN	NaN	NaN	NaN	NaN
SPIKE	S141:T>G	11	129886	8.468965E-5	20.53052	39.636364	TRUE	T	1.7155394E-4	77.0	0.0056276373	0.9890806	55.996403	0.2910203	0.06799696	64.0	0.0
SPIKE	S141:T>C	1	129886	7.699059E-6	4.2596874	35.0	TRUE	T	8.129964E-5	52.0	0.0039873742	0.99481034	105.63522	0.20388383	0.09032369	64.0	0.0
SPIKE	I141:>CCTGAT	1	129886	7.699059E-6	-1.0	39.537487	TRUE		NaN	NaN	NaN	NaN	NaN	NaN	NaN	NaN	NaN
SPIKE	S141:T>A	0	129886	0.0	-1.0	0.0	TRUE	T	4.3198038E-4	212.0	0.010011355	0.97273195	20.390211	0.26733774	0.070396245	64.0	0.0
SPIKE	S142:A>G	6	129867	4.6201112E-5	3.5300503	39.166668	TRUE	A	4.1367707E-4	326.0	0.0046357983	0.97387207	105.61977	0.16556199	0.07955509	64.0	0.0
SPIKE	S142:A>T	3	129867	2.3100556E-5	1.5176276	39.333332	TRUE	A	3.6943506E-4	177.0	0.008805153	0.9766335	20.387228	0.2734668	0.07749157	64.0	0.0
SPIKE	D142-143:A>	58	129867	4.4661076E-4	-1.0	39.104015	TRUE		NaN	NaN	NaN	NaN	NaN	NaN	NaN	NaN	NaN
SPIKE	I142:>A	10	129867	7.700185E-5	-1.0	39.104015	TRUE		NaN	NaN	NaN	NaN	NaN	NaN	NaN	NaN	NaN
SPIKE	D142-144:AG>	9	129867	6.930167E-5	-1.0	39.104015	TRUE		NaN	NaN	NaN	NaN	NaN	NaN	NaN	NaN	NaN
SPIKE	D142-145:AGC>	4	129867	3.0800744E-5	-1.0	39.104015	TRUE		NaN	NaN	NaN	NaN	NaN	NaN	NaN	NaN	NaN
SPIKE	S142:A>C	0	129867	0.0	-1.0	0.0	TRUE	A	1.1479368E-4	122.0	0.016288282	0.99268013	55.988213	0.124219306	0.0867892	64.0	0.0
SPIKE	I143:>G	13	129857	1.0011012E-4	-1.0	39.314976	TRUE		NaN	NaN	NaN	NaN	NaN	NaN	NaN	NaN	NaN
SPIKE	S143:G>A	29	129857	2.2332258E-4	53.69229	37.931034	TRUE	G	3.297803E-4	233.0	0.0047360454	0.97911525	89.23452	0.18466981	0.09077941	64.0	0.0
SPIKE	D143-144:G>	67	129857	5.159522E-4	-1.0	39.314976	TRUE		NaN	NaN	NaN	NaN	NaN	NaN	NaN	NaN	NaN
SPIKE	D143-145:GC>	3	129857	2.3102335E-5	-1.0	39.314976	TRUE		NaN	NaN	NaN	NaN	NaN	NaN	NaN	NaN	NaN
SPIKE	S143:G>C	0	129857	0.0	-1.0	0.0	TRUE	G	8.499349E-4	382.0	0.0053392057	0.9470571	47.468155	0.2904776	0.08613125	64.0	0.0
SPIKE	S143:G>T	0	129857	0.0	-1.0	0.0	TRUE	G	7.513668E-5	32.0	0.0064724023	0.9952028	31.896648	0.30689335	0.06675402	64.0	0.0
SPIKE	I144:>C	54	129842	4.1589007E-4	-1.0	39.408997	TRUE		NaN	NaN	NaN	NaN	NaN	NaN	NaN	NaN	NaN
SPIKE	I144:>AG	1	129842	7.701668E-6	-1.0	39.408997	TRUE		NaN	NaN	NaN	NaN	NaN	NaN	NaN	NaN	NaN
SPIKE	S144:C>G	1	129842	7.701668E-6	0.05119444	40.0	TRUE	C	5.4185675E-4	245.0	0.0036998156	0.96591556	47.462673	0.2882328	0.1263534	64.0	0.0
SPIKE	S144:C>T	35	129842	2.695584E-4	84.07732	38.285713	TRUE	C	2.243604E-4	152.0	0.003817006	0.9857435	89.22421	0.19238831	0.09108939	64.0	0.0
SPIKE	D144-145:C>	144	129842	0.0011090402	-1.0	39.408997	TRUE		NaN	NaN	NaN	NaN	NaN	NaN	NaN	NaN	NaN
SPIKE	S144:C>A	0	129842	0.0	-1.0	0.0	TRUE	C	6.783455E-5	53.0	0.013752563	0.995668	31.892963	0.16850175	0.11710566	64.0	0.0
SPIKE	I145:>T	1	129820	7.702974E-6	-1.0	39.37628	TRUE		NaN	NaN	NaN	NaN	NaN	NaN	NaN	NaN	NaN
SPIKE	S145:C>A	3	129820	2.310892E-5	-1.0	39.666668	TRUE	C	2.176194E-5	17.0	0.013752563	0.99860823	31.88756	0.16850175	0.11710566	64.0	0.0
SPIKE	S145:C>T	56	129820	4.313665E-4	143.42717	38.214287	TRUE	C	2.3620886E-4	160.0	0.003817006	0.9849963	89.20909	0.19238831	0.09108939	64.0	0.0
SPIKE	S145:C>G	0	129820	0.0	-1.0	0.0	TRUE	C	2.6986827E-4	122.0	0.0036998156	0.9828767	47.45463	0.2882328	0.1263534	64.0	0.0
SPIKE	S146:C>A	1	129770	7.705941E-6	4.2596874	40.0	TRUE	C	4.8663078E-5	38.0	0.013752563	0.9968904	31.875278	0.16850175	0.11710566	64.0	0.0
SPIKE	S146:C>T	40	129770	3.0823765E-4	81.80681	39.05	TRUE	C	3.3377355E-4	226.0	0.003817006	0.978865	89.174736	0.19238831	0.09108939	64.0	0.0
SPIKE	S146:C>G	0	129770	0.0	-1.0	0.0	TRUE	C	9.62606E-4	435.0	0.0036998156	0.94025254	47.43635	0.2882328	0.1263534	64.0	0.0
SPIKE	S147:G>A	52	129676	4.0099942E-4	132.03407	38.23077	TRUE	G	2.0976657E-4	148.0	0.0047360454	0.98666465	89.11014	0.18466981	0.09077941	64.0	0.0
SPIKE	S147:G>C	2	129676	1.5423055E-5	0.0100180255	38.5	TRUE	G	8.734019E-4	392.0	0.0053392057	0.94563586	47.401993	0.2904776	0.08613125	64.0	0.0
SPIKE	S147:G>T	0	129676	0.0	-1.0	0.0	TRUE	G	0.0010063559	428.0	0.0064724023	0.9376235	31.85219	0.30689335	0.06675402	64.0	0.0
SPIKE	S148:T>G	10	129611	7.715394E-5	0.028009873	39.5	TRUE	T	0.0017459717	782.0	0.0056276373	0.8942748	55.877846	0.2910203	0.06799696	64.0	0.0
SPIKE	S148:T>C	2	129611	1.5430789E-5	1.3408211	36.5	TRUE	T	2.8045214E-4	179.0	0.0039873742	0.9822112	105.41157	0.20388383	0.09032369	64.0	0.0
SPIKE	S148:T>A	0	129611	0.0	-1.0	0.0	TRUE	T	4.1547977E-5	4.0	0.010011355	0.99734443	20.34704	0.26733774	0.070396245	64.0	1.0
SPIKE	S149:G>A	43	129515	3.3200788E-4	106.49548	38.046513	TRUE	G	1.8448346E-4	130.0	0.0047360454	0.9882625	88.999504	0.18466981	0.09077941	64.0	0.0
SPIKE	S149:G>C	2	129515	1.5442227E-5	0.003115717	38.5	TRUE	G	0.0010105686	453.0	0.0053392057	0.9373708	47.34314	0.2904776	0.08613125	64.0	0.0
SPIKE	S149:G>T	0	129515	0.0	-1.0	0.0	TRUE	G	0.0010641081	452.0	0.0064724023	0.93416435	31.812643	0.30689335	0.06675402	64.0	0.0
SPIKE	S150:C>A	0	129319	0.0	-1.0	0.0	TRUE	C	2.1846248E-5	17.0	0.013752563	0.9986028	31.7645	0.16850175	0.11710566	64.0	0.0
SPIKE	S150:C>G	0	129319	0.0	-1.0	0.0	TRUE	C	0.0011702587	527.0	0.0036998156	0.92783946	47.271492	0.2882328	0.1263534	64.0	0.0
SPIKE	S150:C>T	0	129319	0.0	-1.0	0.0	TRUE	C	8.5364626E-4	576.0	0.003817006	0.94683224	88.864815	0.19238831	0.09108939	64.0	0.0
SPIKE	S151:T>A	0	129188	0.0	-1.0	0.0	TRUE	T	2.0486526E-5	10.0	0.010011355	0.9986897	20.280636	0.26733774	0.070396245	64.0	0.0
SPIKE	S151:T>G	0	129188	0.0	-1.0	0.0	TRUE	T	0.0014828872	662.0	0.0056276373	0.90945953	55.695484	0.2910203	0.06799696	64.0	0.0
SPIKE	S151:T>C	0	129188	0.0	-1.0	0.0	TRUE	T	9.0069976E-4	573.0	0.0039873742	0.9439852	105.06754	0.20388383	0.09032369	64.0	0.0
SPIKE	S152:G>A	0	129021	0.0	-1.0	0.0	TRUE	G	1.6239723E-4	114.0	0.0047360454	0.9896604	88.66004	0.18466981	0.09077941	64.0	0.0
SPIKE	S152:G>C	0	129021	0.0	-1.0	0.0	TRUE	G	7.166007E-5	32.0	0.0053392057	0.9954243	47.162563	0.2904776	0.08613125	64.0	0.0
SPIKE	S152:G>T	0	129021	0.0	-1.0	0.0	TRUE	G	9.689266E-4	410.0	0.0064724023	0.93987226	31.691303	0.30689335	0.06675402	64.0	0.0
SPIKE	S153:G>A	0	128623	0.0	-1.0	0.0	TRUE	G	1.3574978E-4	95.0	0.0047360454	0.99134964	88.38654	0.18466981	0.09077941	64.0	0.0
SPIKE	S153:G>C	0	128623	0.0	-1.0	0.0	TRUE	G	1.0561477E-4	6.0	0.0053392057	0.9932634	47.01708	0.2904776	0.08613125	64.0	1.0
SPIKE	S153:G>T	0	128623	0.0	-1.0	0.0	TRUE	G	6.6375345E-5	28.0	0.0064724023	0.995761	31.593542	0.30689335	0.06675402	64.0	0.0
