#pipeline_block
reference	mutation	count	coverage	freq	score	cqs	has.reference	ancestral.allele	error.rate	minor.count.local	minor.fdr	minor.recall	minor.count.global	read.fraction.in.minors	q.filtered.read.fraction	mig.size	global.est
SPIKE	S0:T>A	0	13746	0.0	-1.0	0.0	TRUE	T	3.1064836E-5	4.0	0.16804485	0.98388433	5.0261197	0.10212044	0.068816274	523.0	1.0
SPIKE	S0:T>G	0	13746	0.0	-1.0	0.0	TRUE	T	2.0663667E-4	0.0	0.10288191	0.8975639	16.531586	0.1915224	0.07344001	523.0	1.0
SPIKE	S0:T>C	0	13746	0.0	-1.0	0.0	TRUE	T	1.3864947E-4	34.0	0.059897374	0.93005306	36.455097	0.059626643	0.07880125	523.0	0.0
SPIKE	S1:A>G	0	13760	0.0	-1.0	0.0	TRUE	A	2.0286918E-4	58.0	0.049590517	0.8993342	36.492226	0.05064024	0.067660004	523.0	0.0
SPIKE	S1:A>C	0	13760	0.0	-1.0	0.0	TRUE	A	3.7867972E-5	0.0	0.10867793	0.9803899	16.548424	0.035326388	0.08008682	523.0	1.0
SPIKE	S1:A>T	0	13760	0.0	-1.0	0.0	TRUE	A	3.4484117E-5	3.0	0.19004166	0.9821265	5.0312386	0.1164394	0.07534841	523.0	1.0
SPIKE	S2:G>A	0	13768	0.0	-1.0	0.0	TRUE	G	1.42506E-4	34.0	0.05890416	0.928179	27.902737	0.06131846	0.07441317	523.0	0.0
SPIKE	S2:G>C	0	13768	0.0	-1.0	0.0	TRUE	G	1.16096686E-4	4.0	0.109358914	0.9410881	10.083456	0.17798302	0.08245762	523.0	1.0
SPIKE	S2:G>T	0	13768	0.0	-1.0	0.0	TRUE	G	1.4103074E-4	0.0	0.15077966	0.9288955	11.989789	0.19070089	0.07041733	523.0	1.0
SPIKE	S3:C>A	0	13784	0.0	-1.0	0.0	TRUE	C	2.2049477E-5	0.0	0.0827562	0.9885344	12.003722	0.027604051	0.10163018	523.0	1.0
SPIKE	S3:C>G	0	13784	0.0	-1.0	0.0	TRUE	C	0.0010326983	94.0	0.07324528	0.5826893	10.095174	0.16340151	0.1889573	523.0	0.0
SPIKE	S3:C>T	0	13784	0.0	-1.0	0.0	TRUE	C	1.8606299E-4	38.0	0.05467968	0.9072738	27.935163	0.0713958	0.07827148	523.0	0.0
SPIKE	S4:G>A	2	13795	1.4498006E-4	-1.0	40.0	TRUE	G	1.5477654E-4	37.0	0.05890416	0.9222415	27.957455	0.06131846	0.07441317	523.0	0.0
SPIKE	S4:G>C	0	13795	0.0	-1.0	0.0	TRUE	G	1.3789255E-4	12.0	0.109358914	0.9304213	10.1032295	0.17798302	0.08245762	523.0	0.0
SPIKE	S4:G>T	0	13795	0.0	-1.0	0.0	TRUE	G	1.4103074E-4	4.0	0.15077966	0.9288955	12.013302	0.19070089	0.07041733	523.0	1.0
SPIKE	S5:T>A	1	13808	7.242178E-5	-1.0	40.0	TRUE	T	3.1064836E-5	0.0	0.16804485	0.98388433	5.0487895	0.10212044	0.068816274	523.0	1.0
SPIKE	S5:T>C	4	13808	2.8968713E-4	-1.0	40.0	TRUE	T	1.6644422E-4	41.0	0.059897374	0.916631	36.619526	0.059626643	0.07880125	523.0	0.0
SPIKE	S5:T>G	0	13808	0.0	-1.0	0.0	TRUE	T	2.4886764E-4	20.0	0.10288191	0.8779569	16.60615	0.1915224	0.07344001	523.0	0.0
SPIKE	S6:G>A	9	13813	6.5156014E-4	-1.0	40.0	TRUE	G	7.102088E-5	17.0	0.05890416	0.96353745	27.993935	0.06131846	0.07441317	523.0	0.0
SPIKE	S6:G>T	1	13813	7.239557E-5	-1.0	40.0	TRUE	G	1.641395E-4	14.0	0.15077966	0.91773653	12.028976	0.19070089	0.07041733	523.0	0.0
SPIKE	S6:G>C	0	13813	0.0	-1.0	0.0	TRUE	G	1.16096686E-4	0.0	0.109358914	0.9410881	10.116413	0.17798302	0.08245762	523.0	1.0
SPIKE	S7:A>C	1	13820	7.2358904E-5	-1.0	40.0	TRUE	A	3.7867972E-5	1.0	0.10867793	0.9803899	16.620583	0.035326388	0.08008682	523.0	1.0
SPIKE	D7-8:A>	13	13820	9.406657E-4	-1.0	39.999565	TRUE		NaN	NaN	NaN	NaN	NaN	NaN	NaN	NaN	NaN
SPIKE	I7:>A	1	13820	7.2358904E-5	-1.0	39.999565	TRUE		NaN	NaN	NaN	NaN	NaN	NaN	NaN	NaN	NaN
SPIKE	S7:A>G	0	13820	0.0	-1.0	0.0	TRUE	A	8.706397E-5	25.0	0.049590517	0.95548666	36.65135	0.05064024	0.067660004	523.0	0.0
SPIKE	S7:A>T	0	13820	0.0	-1.0	0.0	TRUE	A	3.4484117E-5	0.0	0.19004166	0.9821265	5.0531774	0.1164394	0.07534841	523.0	1.0
SPIKE	S8:A>G	3	13821	2.17061E-4	-1.0	40.0	TRUE	A	1.21880745E-4	35.0	0.049590517	0.93824553	36.654	0.05064024	0.067660004	523.0	0.0
SPIKE	S8:A>C	2	13821	1.4470733E-4	-1.0	40.0	TRUE	A	3.7867972E-5	2.0	0.10867793	0.9803899	16.621784	0.035326388	0.08008682	523.0	1.0
SPIKE	S8:A>T	0	13821	0.0	-1.0	0.0	TRUE	A	3.4484117E-5	0.0	0.19004166	0.9821265	5.0535426	0.1164394	0.07534841	523.0	1.0
SPIKE	S9:G>A	5	13823	3.6171597E-4	-1.0	40.0	TRUE	G	1.1689094E-4	28.0	0.05890416	0.9406972	28.014202	0.06131846	0.07441317	523.0	0.0
SPIKE	D9-10:G>	7	13823	5.064024E-4	-1.0	39.97902	TRUE		NaN	NaN	NaN	NaN	NaN	NaN	NaN	NaN	NaN
SPIKE	S9:G>C	0	13823	0.0	-1.0	0.0	TRUE	G	1.16096686E-4	0.0	0.109358914	0.9410881	10.123736	0.17798302	0.08245762	523.0	1.0
SPIKE	S9:G>T	0	13823	0.0	-1.0	0.0	TRUE	G	1.4103074E-4	0.0	0.15077966	0.9288955	12.037685	0.19070089	0.07041733	523.0	1.0
SPIKE	S10:A>G	2	13823	1.4468639E-4	-1.0	40.0	TRUE	A	2.4720802E-4	71.0	0.049590517	0.8787193	36.659306	0.05064024	0.067660004	523.0	0.0
SPIKE	S10:A>C	1	13823	7.2343195E-5	-1.0	40.0	TRUE	A	3.7867972E-5	4.0	0.10867793	0.9803899	16.62419	0.035326388	0.08008682	523.0	1.0
SPIKE	D10-11:A>	1	13823	7.2343195E-5	-1.0	39.993343	TRUE		NaN	NaN	NaN	NaN	NaN	NaN	NaN	NaN	NaN
SPIKE	D10-12:AC>	1	13823	7.2343195E-5	-1.0	39.993343	TRUE		NaN	NaN	NaN	NaN	NaN	NaN	NaN	NaN	NaN
SPIKE	S10:A>T	0	13823	0.0	-1.0	0.0	TRUE	A	3.4484117E-5	0.0	0.19004166	0.9821265	5.054274	0.1164394	0.07534841	523.0	1.0
SPIKE	S11:C>G	1	13823	7.2343195E-5	-1.0	40.0	TRUE	C	1.10907116E-4	4.0	0.07324528	0.9436458	10.123736	0.16340151	0.1889573	523.0	1.0
SPIKE	S11:C>T	7	13823	5.064024E-4	-1.0	40.0	TRUE	C	1.8065545E-4	37.0	0.05467968	0.9098434	28.014202	0.0713958	0.07827148	523.0	0.0
SPIKE	D11-12:C>	5	13823	3.6171597E-4	-1.0	39.981842	TRUE		NaN	NaN	NaN	NaN	NaN	NaN	NaN	NaN	NaN
SPIKE	S11:C>A	0	13823	0.0	-1.0	0.0	TRUE	C	2.1980448E-5	12.0	0.0827562	0.98857003	12.037685	0.027604051	0.10163018	523.0	0.0
SPIKE	D12-14:GA>	1	13823	7.2343195E-5	-1.0	39.97909	TRUE		NaN	NaN	NaN	NaN	NaN	NaN	NaN	NaN	NaN
SPIKE	S12:G>A	6	13823	4.3405918E-4	-1.0	40.0	TRUE	G	9.601755E-5	23.0	0.05890416	0.95102286	28.014202	0.06131846	0.07441317	523.0	0.0
SPIKE	S12:G>C	1	13823	7.2343195E-5	-1.0	40.0	TRUE	G	1.6054878E-4	14.0	0.109358914	0.9194616	10.123736	0.17798302	0.08245762	523.0	0.0
SPIKE	D12-13:G>	6	13823	4.3405918E-4	-1.0	39.97909	TRUE		NaN	NaN	NaN	NaN	NaN	NaN	NaN	NaN	NaN
SPIKE	S12:G>T	0	13823	0.0	-1.0	0.0	TRUE	G	1.4103074E-4	0.0	0.15077966	0.9288955	12.037685	0.19070089	0.07041733	523.0	1.0
SPIKE	S13:A>G	7	13823	5.064024E-4	22.321487	40.0	TRUE	A	4.9789785E-4	143.0	0.049590517	0.7707428	36.659306	0.05064024	0.067660004	523.0	0.0
SPIKE	S13:A>C	1	13823	7.2343195E-5	-1.0	40.0	TRUE	A	3.7867972E-5	9.0	0.10867793	0.9803899	16.62419	0.035326388	0.08008682	523.0	1.0
SPIKE	D13-14:A>	5	13823	3.6171597E-4	-1.0	39.981915	TRUE		NaN	NaN	NaN	NaN	NaN	NaN	NaN	NaN	NaN
SPIKE	S13:A>T	0	13823	0.0	-1.0	0.0	TRUE	A	3.4484117E-5	7.0	0.19004166	0.9821265	5.054274	0.1164394	0.07534841	523.0	1.0
SPIKE	S14:C>G	1	13823	7.2343195E-5	-1.0	40.0	TRUE	C	1.10907116E-4	0.0	0.07324528	0.9436458	10.123736	0.16340151	0.1889573	523.0	1.0
SPIKE	S14:C>T	2	13823	1.4468639E-4	-1.0	40.0	TRUE	C	7.32387E-5	15.0	0.05467968	0.96242046	28.014202	0.0713958	0.07827148	523.0	0.0
SPIKE	D14-15:C>	2	13823	1.4468639E-4	-1.0	39.993633	TRUE		NaN	NaN	NaN	NaN	NaN	NaN	NaN	NaN	NaN
SPIKE	I14:>C	1	13823	7.2343195E-5	-1.0	39.993633	TRUE		NaN	NaN	NaN	NaN	NaN	NaN	NaN	NaN	NaN
SPIKE	S14:C>A	0	13823	0.0	-1.0	0.0	TRUE	C	3.8465783E-5	21.0	0.0827562	0.9800834	12.037685	0.027604051	0.10163018	523.0	0.0
SPIKE	S15:A>G	3	13823	2.1702959E-4	-1.0	40.0	TRUE	A	1.4275392E-4	41.0	0.049590517	0.9280587	36.659306	0.05064024	0.067660004	523.0	0.0
SPIKE	D15-16:A>	9	13823	6.510888E-4	-1.0	39.97374	TRUE		NaN	NaN	NaN	NaN	NaN	NaN	NaN	NaN	NaN
SPIKE	S15:A>C	0	13823	0.0	-1.0	0.0	TRUE	A	4.3279793E-5	19.0	0.10867793	0.97761893	16.62419	0.035326388	0.08008682	523.0	0.0
SPIKE	S15:A>T	0	13823	0.0	-1.0	0.0	TRUE	A	3.4484117E-5	0.0	0.19004166	0.9821265	5.054274	0.1164394	0.07534841	523.0	1.0
SPIKE	S16:G>A	6	13823	4.3405918E-4	-1.0	40.0	TRUE	G	1.9620979E-4	47.0	0.05890416	0.9024719	28.014202	0.06131846	0.07441317	523.0	0.0
SPIKE	S16:G>T	1	13823	7.2343195E-5	-1.0	40.0	TRUE	G	1.4103074E-4	0.0	0.15077966	0.9288955	12.037685	0.19070089	0.07041733	523.0	1.0
SPIKE	D16-17:G>	4	13823	2.8937278E-4	-1.0	39.98741	TRUE		NaN	NaN	NaN	NaN	NaN	NaN	NaN	NaN	NaN
SPIKE	S16:G>C	0	13823	0.0	-1.0	0.0	TRUE	G	1.16096686E-4	0.0	0.109358914	0.9410881	10.123736	0.17798302	0.08245762	523.0	1.0
SPIKE	S17:A>G	7	13823	5.064024E-4	22.321487	40.0	TRUE	A	4.0388916E-4	116.0	0.049590517	0.80958456	36.659306	0.05064024	0.067660004	523.0	0.0
SPIKE	S17:A>C	2	13823	1.4468639E-4	-1.0	40.0	TRUE	A	3.7867972E-5	3.0	0.10867793	0.9803899	16.62419	0.035326388	0.08008682	523.0	1.0
SPIKE	D17-18:A>	4	13823	2.8937278E-4	-1.0	39.999783	TRUE		NaN	NaN	NaN	NaN	NaN	NaN	NaN	NaN	NaN
SPIKE	S17:A>T	0	13823	0.0	-1.0	0.0	TRUE	A	3.4484117E-5	4.0	0.19004166	0.9821265	5.054274	0.1164394	0.07534841	523.0	1.0
SPIKE	S18:A>G	2	13823	1.4468639E-4	-1.0	40.0	TRUE	A	2.1238999E-4	61.0	0.049590517	0.8948672	36.659306	0.05064024	0.067660004	523.0	0.0
SPIKE	S18:A>C	4	13823	2.8937278E-4	-1.0	40.0	TRUE	A	3.7867972E-5	5.0	0.10867793	0.9803899	16.62419	0.035326388	0.08008682	523.0	1.0
SPIKE	S18:A>T	0	13823	0.0	-1.0	0.0	TRUE	A	3.4484117E-5	2.0	0.19004166	0.9821265	5.054274	0.1164394	0.07534841	523.0	1.0
SPIKE	S19:C>T	2	13823	1.4468639E-4	-1.0	40.0	TRUE	C	1.464774E-4	30.0	0.05467968	0.9262532	28.014202	0.0713958	0.07827148	523.0	0.0
SPIKE	S19:C>A	0	13823	0.0	-1.0	0.0	TRUE	C	2.5643856E-5	14.0	0.0827562	0.9866778	12.037685	0.027604051	0.10163018	523.0	0.0
SPIKE	S19:C>G	0	13823	0.0	-1.0	0.0	TRUE	C	1.10907116E-4	0.0	0.07324528	0.9436458	10.123736	0.16340151	0.1889573	523.0	1.0
SPIKE	S20:C>T	5	13823	3.6171597E-4	-1.0	40.0	TRUE	C	1.0253418E-4	21.0	0.05467968	0.9477871	28.014202	0.0713958	0.07827148	523.0	0.0
SPIKE	S20:C>A	0	13823	0.0	-1.0	0.0	TRUE	C	2.2049477E-5	4.0	0.0827562	0.9885344	12.037685	0.027604051	0.10163018	523.0	1.0
SPIKE	S20:C>G	0	13823	0.0	-1.0	0.0	TRUE	C	1.10907116E-4	0.0	0.07324528	0.9436458	10.123736	0.16340151	0.1889573	523.0	1.0
SPIKE	S21:A>G	1	13823	7.2343195E-5	-1.0	40.0	TRUE	A	2.6809884E-4	77.0	0.049590517	0.8691707	36.659306	0.05064024	0.067660004	523.0	0.0
SPIKE	S21:A>C	1	13823	7.2343195E-5	-1.0	40.0	TRUE	A	7.744805E-5	34.0	0.10867793	0.960304	16.62419	0.035326388	0.08008682	523.0	0.0
SPIKE	S21:A>T	0	13823	0.0	-1.0	0.0	TRUE	A	3.4484117E-5	0.0	0.19004166	0.9821265	5.054274	0.1164394	0.07534841	523.0	1.0
SPIKE	S22:A>C	13823	13823	1.0	-1.0	39.999928	FALSE	C	3.7867972E-5	0.0	0.10867793	0.9803899	16.62419	0.035326388	0.08008682	523.0	1.0
SPIKE	S22:A>G	0	13823	0.0	-1.0	0.0	FALSE	C	1.2764048E-4	0.0	0.049590517	0.93542343	36.659306	0.05064024	0.067660004	523.0	1.0
SPIKE	S22:A>T	0	13823	0.0	-1.0	0.0	FALSE	C	3.4484117E-5	4.0	0.19004166	0.9821265	5.054274	0.1164394	0.07534841	523.0	1.0
SPIKE	S23:A>T	13822	13823	0.99992764	-1.0	40.0	TRUE	T	3.4484117E-5	0.0	0.19004166	0.9821265	5.054274	0.1164394	0.07534841	523.0	1.0
SPIKE	S23:A>G	0	13823	0.0	-1.0	0.0	TRUE	T	1.2764048E-4	0.0	0.049590517	0.93542343	36.659306	0.05064024	0.067660004	523.0	1.0
SPIKE	S23:A>C	0	13823	0.0	-1.0	0.0	TRUE	T	4.5557677E-5	20.0	0.10867793	0.976455	16.62419	0.035326388	0.08008682	523.0	0.0
SPIKE	S24:A>C	13822	13823	0.99992764	-1.0	39.999638	TRUE	C	3.7867972E-5	0.0	0.10867793	0.9803899	16.62419	0.035326388	0.08008682	523.0	1.0
SPIKE	S24:A>G	0	13823	0.0	-1.0	0.0	TRUE	C	1.2764048E-4	0.0	0.049590517	0.93542343	36.659306	0.05064024	0.067660004	523.0	1.0
SPIKE	S24:A>T	0	13823	0.0	-1.0	0.0	TRUE	C	1.0234146E-4	15.0	0.19004166	0.94788265	5.054274	0.1164394	0.07534841	523.0	0.0
SPIKE	S25:A>G	0	13823	0.0	-1.0	0.0	TRUE	A	1.2764048E-4	0.0	0.049590517	0.93542343	36.659306	0.05064024	0.067660004	523.0	1.0
SPIKE	S25:A>C	0	13823	0.0	-1.0	0.0	TRUE	A	5.466921E-5	24.0	0.10867793	0.9718129	16.62419	0.035326388	0.08008682	523.0	0.0
SPIKE	S25:A>T	0	13823	0.0	-1.0	0.0	TRUE	A	3.4484117E-5	4.0	0.19004166	0.9821265	5.054274	0.1164394	0.07534841	523.0	1.0
SPIKE	S26:T>C	2	13823	1.4468639E-4	-1.0	40.0	TRUE	T	1.3787713E-4	34.0	0.059897374	0.9304288	36.659306	0.059626643	0.07880125	523.0	0.0
SPIKE	S26:T>A	0	13823	0.0	-1.0	0.0	TRUE	T	9.219376E-5	15.0	0.16804485	0.95292664	5.054274	0.10212044	0.068816274	523.0	0.0
SPIKE	S26:T>G	0	13823	0.0	-1.0	0.0	TRUE	T	2.0663667E-4	8.0	0.10288191	0.8975639	16.62419	0.1915224	0.07344001	523.0	1.0
SPIKE	S27:G>A	2	13823	1.4468639E-4	-1.0	40.0	TRUE	G	6.679482E-5	16.0	0.05890416	0.96566945	28.014202	0.06131846	0.07441317	523.0	0.0
SPIKE	S27:G>C	0	13823	0.0	-1.0	0.0	TRUE	G	1.16096686E-4	0.0	0.109358914	0.9410881	10.123736	0.17798302	0.08245762	523.0	1.0
SPIKE	S27:G>T	0	13823	0.0	-1.0	0.0	TRUE	G	1.4058923E-4	12.0	0.15077966	0.92911	12.037685	0.19070089	0.07041733	523.0	0.0
SPIKE	S28:G>A	4	13823	2.8937278E-4	-1.0	40.0	TRUE	G	7.514417E-5	18.0	0.05890416	0.96146184	28.014202	0.06131846	0.07441317	523.0	0.0
SPIKE	S28:G>C	0	13823	0.0	-1.0	0.0	TRUE	G	1.16096686E-4	0.0	0.109358914	0.9410881	10.123736	0.17798302	0.08245762	523.0	1.0
SPIKE	S28:G>T	0	13823	0.0	-1.0	0.0	TRUE	G	1.4103074E-4	0.0	0.15077966	0.9288955	12.037685	0.19070089	0.07041733	523.0	1.0
SPIKE	S29:G>A	5	13823	3.6171597E-4	-1.0	40.0	TRUE	G	1.08541586E-4	26.0	0.05890416	0.94481397	28.014202	0.06131846	0.07441317	523.0	0.0
SPIKE	S29:G>C	0	13823	0.0	-1.0	0.0	TRUE	G	1.16096686E-4	1.0	0.109358914	0.9410881	10.123736	0.17798302	0.08245762	523.0	1.0
SPIKE	S29:G>T	0	13823	0.0	-1.0	0.0	TRUE	G	1.4103074E-4	0.0	0.15077966	0.9288955	12.037685	0.19070089	0.07041733	523.0	1.0
SPIKE	S30:A>G	1	13823	7.2343195E-5	-1.0	40.0	TRUE	A	2.8550785E-4	82.0	0.049590517	0.86129296	36.659306	0.05064024	0.067660004	523.0	0.0
SPIKE	S30:A>C	0	13823	0.0	-1.0	0.0	TRUE	A	3.7867972E-5	0.0	0.10867793	0.9803899	16.62419	0.035326388	0.08008682	523.0	1.0
SPIKE	S30:A>T	0	13823	0.0	-1.0	0.0	TRUE	A	3.4484117E-5	4.0	0.19004166	0.9821265	5.054274	0.1164394	0.07534841	523.0	1.0
SPIKE	S31:T>C	1	13823	7.2343195E-5	-1.0	40.0	TRUE	T	1.7031882E-4	42.0	0.059897374	0.9147754	36.659306	0.059626643	0.07880125	523.0	0.0
SPIKE	S31:T>A	0	13823	0.0	-1.0	0.0	TRUE	T	9.219376E-5	15.0	0.16804485	0.95292664	5.054274	0.10212044	0.068816274	523.0	0.0
SPIKE	S31:T>G	0	13823	0.0	-1.0	0.0	TRUE	T	2.0663667E-4	0.0	0.10288191	0.8975639	16.62419	0.1915224	0.07344001	523.0	1.0
SPIKE	S32:C>T	4	13823	2.8937278E-4	-1.0	40.0	TRUE	C	1.6112514E-4	33.0	0.05467968	0.91918445	28.014202	0.0713958	0.07827148	523.0	0.0
SPIKE	S32:C>A	0	13823	0.0	-1.0	0.0	TRUE	C	2.2049477E-5	0.0	0.0827562	0.9885344	12.037685	0.027604051	0.10163018	523.0	1.0
SPIKE	S32:C>G	0	13823	0.0	-1.0	0.0	TRUE	C	1.10907116E-4	0.0	0.07324528	0.9436458	10.123736	0.16340151	0.1889573	523.0	1.0
SPIKE	S33:C>T	3	13823	2.1702959E-4	-1.0	40.0	TRUE	C	8.3003855E-5	17.0	0.05467968	0.95751774	28.014202	0.0713958	0.07827148	523.0	0.0
SPIKE	S33:C>A	0	13823	0.0	-1.0	0.0	TRUE	C	2.2049477E-5	4.0	0.0827562	0.9885344	12.037685	0.027604051	0.10163018	523.0	1.0
SPIKE	S33:C>G	0	13823	0.0	-1.0	0.0	TRUE	C	1.10907116E-4	0.0	0.07324528	0.9436458	10.123736	0.16340151	0.1889573	523.0	1.0
SPIKE	S34:A>G	0	13823	0.0	-1.0	0.0	TRUE	A	5.2227046E-5	15.0	0.049590517	0.97305495	36.659306	0.05064024	0.067660004	523.0	0.0
SPIKE	S34:A>C	0	13823	0.0	-1.0	0.0	TRUE	A	3.1890373E-5	14.0	0.10867793	0.98345965	16.62419	0.035326388	0.08008682	523.0	0.0
SPIKE	S34:A>T	0	13823	0.0	-1.0	0.0	TRUE	A	3.4484117E-5	4.0	0.19004166	0.9821265	5.054274	0.1164394	0.07534841	523.0	1.0
SPIKE	S35:T>C	4	13823	2.8937278E-4	-1.0	40.0	TRUE	T	8.921461E-5	22.0	0.059897374	0.9544126	36.659306	0.059626643	0.07880125	523.0	0.0
SPIKE	S35:T>G	2	13823	1.4468639E-4	-1.0	40.0	TRUE	T	2.0663667E-4	2.0	0.10288191	0.8975639	16.62419	0.1915224	0.07344001	523.0	1.0
SPIKE	S35:T>A	0	13823	0.0	-1.0	0.0	TRUE	T	8.604751E-5	14.0	0.16804485	0.9559948	5.054274	0.10212044	0.068816274	523.0	0.0
SPIKE	S36:T>C	2	13823	1.4468639E-4	-1.0	40.0	TRUE	T	1.4866117E-4	2.0	0.059897374	0.9251959	36.659306	0.059626643	0.07880125	523.0	1.0
SPIKE	S36:T>A	0	13823	0.0	-1.0	0.0	TRUE	T	3.1064836E-5	4.0	0.16804485	0.98388433	5.054274	0.10212044	0.068816274	523.0	1.0
SPIKE	S36:T>G	0	13823	0.0	-1.0	0.0	TRUE	T	2.0663667E-4	0.0	0.10288191	0.8975639	16.62419	0.1915224	0.07344001	523.0	1.0
SPIKE	S37:A>G	0	13823	0.0	-1.0	0.0	TRUE	A	6.267246E-5	18.0	0.049590517	0.96775365	36.659306	0.05064024	0.067660004	523.0	0.0
SPIKE	S37:A>C	0	13823	0.0	-1.0	0.0	TRUE	A	3.7867972E-5	0.0	0.10867793	0.9803899	16.62419	0.035326388	0.08008682	523.0	1.0
SPIKE	S37:A>T	0	13823	0.0	-1.0	0.0	TRUE	A	9.55187E-5	14.0	0.19004166	0.951271	5.054274	0.1164394	0.07534841	523.0	0.0
SPIKE	S38:T>A	0	13823	0.0	-1.0	0.0	TRUE	T	6.146251E-5	10.0	0.16804485	0.96836627	5.054274	0.10212044	0.068816274	523.0	0.0
SPIKE	S38:T>G	0	13823	0.0	-1.0	0.0	TRUE	T	2.0663667E-4	0.0	0.10288191	0.8975639	16.62419	0.1915224	0.07344001	523.0	1.0
SPIKE	S38:T>C	0	13823	0.0	-1.0	0.0	TRUE	T	1.4866117E-4	6.0	0.059897374	0.9251959	36.659306	0.059626643	0.07880125	523.0	1.0
SPIKE	S39:C>T	4	13823	2.8937278E-4	-1.0	40.0	TRUE	C	1.2206449E-4	25.0	0.05467968	0.93815535	28.014202	0.0713958	0.07827148	523.0	0.0
SPIKE	S39:C>A	0	13823	0.0	-1.0	0.0	TRUE	C	2.2049477E-5	1.0	0.0827562	0.9885344	12.037685	0.027604051	0.10163018	523.0	1.0
SPIKE	S39:C>G	0	13823	0.0	-1.0	0.0	TRUE	C	1.10907116E-4	4.0	0.07324528	0.9436458	10.123736	0.16340151	0.1889573	523.0	1.0
SPIKE	S40:G>A	4	13823	2.8937278E-4	-1.0	40.0	TRUE	G	1.4611367E-4	35.0	0.05890416	0.9264294	28.014202	0.06131846	0.07441317	523.0	0.0
SPIKE	S40:G>C	0	13823	0.0	-1.0	0.0	TRUE	G	1.2614547E-4	11.0	0.109358914	0.93615514	10.123736	0.17798302	0.08245762	523.0	0.0
SPIKE	S40:G>T	0	13823	0.0	-1.0	0.0	TRUE	G	1.4103074E-4	1.0	0.15077966	0.9288955	12.037685	0.19070089	0.07041733	523.0	1.0
SPIKE	S41:G>A	1	13823	7.2343195E-5	-1.0	40.0	TRUE	G	1.0019223E-4	24.0	0.05890416	0.9489487	28.014202	0.06131846	0.07441317	523.0	0.0
SPIKE	S41:G>C	0	13823	0.0	-1.0	0.0	TRUE	G	1.16096686E-4	4.0	0.109358914	0.9410881	10.123736	0.17798302	0.08245762	523.0	1.0
SPIKE	S41:G>T	0	13823	0.0	-1.0	0.0	TRUE	G	1.4103074E-4	0.0	0.15077966	0.9288955	12.037685	0.19070089	0.07041733	523.0	1.0
SPIKE	S42:C>T	6	13823	4.3405918E-4	-1.0	40.0	TRUE	C	2.197161E-4	45.0	0.05467968	0.89144504	28.014202	0.0713958	0.07827148	523.0	0.0
SPIKE	S42:C>G	1	13823	7.2343195E-5	-1.0	40.0	TRUE	C	1.6432734E-4	15.0	0.07324528	0.91764635	10.123736	0.16340151	0.1889573	523.0	0.0
SPIKE	S42:C>A	0	13823	0.0	-1.0	0.0	TRUE	C	2.2049477E-5	0.0	0.0827562	0.9885344	12.037685	0.027604051	0.10163018	523.0	1.0
SPIKE	S43:G>A	8	13823	5.7874556E-4	-1.0	40.0	TRUE	G	9.601755E-5	23.0	0.05890416	0.95102286	28.014202	0.06131846	0.07441317	523.0	0.0
SPIKE	S43:G>C	0	13823	0.0	-1.0	0.0	TRUE	G	1.146777E-4	10.0	0.109358914	0.9417867	10.123736	0.17798302	0.08245762	523.0	0.0
SPIKE	S43:G>T	0	13823	0.0	-1.0	0.0	TRUE	G	1.4103074E-4	1.0	0.15077966	0.9288955	12.037685	0.19070089	0.07041733	523.0	1.0
SPIKE	S44:G>A	4	13823	2.8937278E-4	-1.0	40.0	TRUE	G	1.6281237E-4	39.0	0.05890416	0.9183737	28.014202	0.06131846	0.07441317	523.0	0.0
SPIKE	S44:G>C	0	13823	0.0	-1.0	0.0	TRUE	G	1.16096686E-4	1.0	0.109358914	0.9410881	10.123736	0.17798302	0.08245762	523.0	1.0
SPIKE	S44:G>T	0	13823	0.0	-1.0	0.0	TRUE	G	1.4103074E-4	0.0	0.15077966	0.9288955	12.037685	0.19070089	0.07041733	523.0	1.0
SPIKE	S45:C>T	2	13823	1.4468639E-4	-1.0	40.0	TRUE	C	1.1718192E-4	24.0	0.05467968	0.9405541	28.014202	0.0713958	0.07827148	523.0	0.0
SPIKE	S45:C>A	0	13823	0.0	-1.0	0.0	TRUE	C	2.2049477E-5	0.0	0.0827562	0.9885344	12.037685	0.027604051	0.10163018	523.0	1.0
SPIKE	S45:C>G	0	13823	0.0	-1.0	0.0	TRUE	C	1.2050672E-4	11.0	0.07324528	0.93891996	10.123736	0.16340151	0.1889573	523.0	0.0
SPIKE	S46:G>A	0	13823	0.0	-1.0	0.0	TRUE	G	8.349353E-5	20.0	0.05890416	0.9572726	28.014202	0.06131846	0.07441317	523.0	0.0
SPIKE	S46:G>C	0	13823	0.0	-1.0	0.0	TRUE	G	1.3761324E-4	12.0	0.109358914	0.9305572	10.123736	0.17798302	0.08245762	523.0	0.0
SPIKE	S46:G>T	0	13823	0.0	-1.0	0.0	TRUE	G	1.4103074E-4	0.0	0.15077966	0.9288955	12.037685	0.19070089	0.07041733	523.0	1.0
SPIKE	S47:A>G	0	13823	0.0	-1.0	0.0	TRUE	A	5.9190654E-5	17.0	0.049590517	0.9695175	36.659306	0.05064024	0.067660004	523.0	0.0
SPIKE	S47:A>C	0	13823	0.0	-1.0	0.0	TRUE	A	3.7867972E-5	0.0	0.10867793	0.9803899	16.62419	0.035326388	0.08008682	523.0	1.0
SPIKE	S47:A>T	0	13823	0.0	-1.0	0.0	TRUE	A	3.4484117E-5	0.0	0.19004166	0.9821265	5.054274	0.1164394	0.07534841	523.0	1.0
SPIKE	S48:A>G	0	13823	0.0	-1.0	0.0	TRUE	A	1.2764048E-4	6.0	0.049590517	0.93542343	36.659306	0.05064024	0.067660004	523.0	1.0
SPIKE	S48:A>C	0	13823	0.0	-1.0	0.0	TRUE	A	3.7867972E-5	0.0	0.10867793	0.9803899	16.62419	0.035326388	0.08008682	523.0	1.0
SPIKE	S48:A>T	0	13823	0.0	-1.0	0.0	TRUE	A	3.4484117E-5	1.0	0.19004166	0.9821265	5.054274	0.1164394	0.07534841	523.0	1.0
SPIKE	S49:T>C	1	13823	7.2343195E-5	-1.0	40.0	TRUE	T	1.4866117E-4	3.0	0.059897374	0.9251959	36.659306	0.059626643	0.07880125	523.0	1.0
SPIKE	S49:T>A	0	13823	0.0	-1.0	0.0	TRUE	T	9.219376E-5	15.0	0.16804485	0.95292664	5.054274	0.10212044	0.068816274	523.0	0.0
SPIKE	S49:T>G	0	13823	0.0	-1.0	0.0	TRUE	T	2.0663667E-4	1.0	0.10288191	0.8975639	16.62419	0.1915224	0.07344001	523.0	1.0
SPIKE	S50:T>A	0	13823	0.0	-1.0	0.0	TRUE	T	3.1064836E-5	0.0	0.16804485	0.98388433	5.054274	0.10212044	0.068816274	523.0	1.0
SPIKE	S50:T>G	0	13823	0.0	-1.0	0.0	TRUE	T	2.0663667E-4	0.0	0.10288191	0.8975639	16.62419	0.1915224	0.07344001	523.0	1.0
SPIKE	S50:T>C	0	13823	0.0	-1.0	0.0	TRUE	T	1.4866117E-4	1.0	0.059897374	0.9251959	36.659306	0.059626643	0.07880125	523.0	1.0
SPIKE	S51:T>A	0	13823	0.0	-1.0	0.0	TRUE	T	3.1064836E-5	1.0	0.16804485	0.98388433	5.054274	0.10212044	0.068816274	523.0	1.0
SPIKE	S51:T>G	0	13823	0.0	-1.0	0.0	TRUE	T	2.0663667E-4	0.0	0.10288191	0.8975639	16.62419	0.1915224	0.07344001	523.0	1.0
SPIKE	S51:T>C	0	13823	0.0	-1.0	0.0	TRUE	T	1.4866117E-4	1.0	0.059897374	0.9251959	36.659306	0.059626643	0.07880125	523.0	1.0
SPIKE	S52:A>G	3	13823	2.1702959E-4	-1.0	40.0	TRUE	A	7.659967E-5	22.0	0.049590517	0.96073025	36.659306	0.05064024	0.067660004	523.0	0.0
SPIKE	S52:A>C	0	13823	0.0	-1.0	0.0	TRUE	A	3.7867972E-5	1.0	0.10867793	0.9803899	16.62419	0.035326388	0.08008682	523.0	1.0
SPIKE	S52:A>T	0	13823	0.0	-1.0	0.0	TRUE	A	3.4484117E-5	4.0	0.19004166	0.9821265	5.054274	0.1164394	0.07534841	523.0	1.0
SPIKE	S53:C>T	5	13823	3.6171597E-4	-1.0	40.0	TRUE	C	7.32387E-5	15.0	0.05467968	0.96242046	28.014202	0.0713958	0.07827148	523.0	0.0
SPIKE	S53:C>A	0	13823	0.0	-1.0	0.0	TRUE	C	2.2049477E-5	3.0	0.0827562	0.9885344	12.037685	0.027604051	0.10163018	523.0	1.0
SPIKE	S53:C>G	0	13823	0.0	-1.0	0.0	TRUE	C	1.10907116E-4	0.0	0.07324528	0.9436458	10.123736	0.16340151	0.1889573	523.0	1.0
SPIKE	S54:C>T	2	13823	1.4468639E-4	-1.0	40.0	TRUE	C	8.3003855E-5	17.0	0.05467968	0.95751774	28.014202	0.0713958	0.07827148	523.0	0.0
SPIKE	S54:C>A	0	13823	0.0	-1.0	0.0	TRUE	C	2.2049477E-5	1.0	0.0827562	0.9885344	12.037685	0.027604051	0.10163018	523.0	1.0
SPIKE	S54:C>G	0	13823	0.0	-1.0	0.0	TRUE	C	1.10907116E-4	0.0	0.07324528	0.9436458	10.123736	0.16340151	0.1889573	523.0	1.0
SPIKE	S55:A>C	1	13823	7.2343195E-5	-1.0	40.0	TRUE	A	9.339324E-5	41.0	0.10867793	0.95232904	16.62419	0.035326388	0.08008682	523.0	0.0
SPIKE	S55:A>G	12	13823	8.6811837E-4	37.372986	40.0	TRUE	A	4.3522537E-4	125.0	0.049590517	0.79642457	36.659306	0.05064024	0.067660004	523.0	0.0
SPIKE	S55:A>T	0	13823	0.0	-1.0	0.0	TRUE	A	3.4484117E-5	1.0	0.19004166	0.9821265	5.054274	0.1164394	0.07534841	523.0	1.0
SPIKE	S56:C>T	2	13823	1.4468639E-4	-1.0	40.0	TRUE	C	1.0741675E-4	22.0	0.05467968	0.94536996	28.014202	0.0713958	0.07827148	523.0	0.0
SPIKE	S56:C>A	0	13823	0.0	-1.0	0.0	TRUE	C	2.2049477E-5	7.0	0.0827562	0.9885344	12.037685	0.027604051	0.10163018	523.0	1.0
SPIKE	S56:C>G	0	13823	0.0	-1.0	0.0	TRUE	C	1.10907116E-4	1.0	0.07324528	0.9436458	10.123736	0.16340151	0.1889573	523.0	1.0
SPIKE	S57:C>T	2	13823	1.4468639E-4	-1.0	40.0	TRUE	C	8.3003855E-5	17.0	0.05467968	0.95751774	28.014202	0.0713958	0.07827148	523.0	0.0
SPIKE	S57:C>A	0	13823	0.0	-1.0	0.0	TRUE	C	2.2049477E-5	1.0	0.0827562	0.9885344	12.037685	0.027604051	0.10163018	523.0	1.0
SPIKE	S57:C>G	0	13823	0.0	-1.0	0.0	TRUE	C	1.10907116E-4	0.0	0.07324528	0.9436458	10.123736	0.16340151	0.1889573	523.0	1.0
SPIKE	S58:A>G	2	13823	1.4468639E-4	-1.0	40.0	TRUE	A	1.1838131E-4	34.0	0.049590517	0.93996423	36.659306	0.05064024	0.067660004	523.0	0.0
SPIKE	S58:A>C	0	13823	0.0	-1.0	0.0	TRUE	A	3.644614E-5	16.0	0.10867793	0.9811192	16.62419	0.035326388	0.08008682	523.0	0.0
SPIKE	S58:A>T	0	13823	0.0	-1.0	0.0	TRUE	A	3.4484117E-5	1.0	0.19004166	0.9821265	5.054274	0.1164394	0.07534841	523.0	1.0
SPIKE	S59:T>C	2	13823	1.4468639E-4	-1.0	40.0	TRUE	T	1.0543546E-4	26.0	0.059897374	0.94635004	36.659306	0.059626643	0.07880125	523.0	0.0
SPIKE	S59:T>A	0	13823	0.0	-1.0	0.0	TRUE	T	7.375501E-5	12.0	0.16804485	0.96216065	5.054274	0.10212044	0.068816274	523.0	0.0
SPIKE	S59:T>G	0	13823	0.0	-1.0	0.0	TRUE	T	2.0663667E-4	1.0	0.10288191	0.8975639	16.62419	0.1915224	0.07344001	523.0	1.0
SPIKE	S60:T>A	0	13823	0.0	-1.0	0.0	TRUE	T	3.1064836E-5	0.0	0.16804485	0.98388433	5.054274	0.10212044	0.068816274	523.0	1.0
SPIKE	S60:T>G	0	13823	0.0	-1.0	0.0	TRUE	T	2.0663667E-4	2.0	0.10288191	0.8975639	16.62419	0.1915224	0.07344001	523.0	1.0
SPIKE	S60:T>C	0	13823	0.0	-1.0	0.0	TRUE	T	1.4866117E-4	9.0	0.059897374	0.9251959	36.659306	0.059626643	0.07880125	523.0	1.0
SPIKE	S61:G>A	2	13823	1.4468639E-4	-1.0	40.0	TRUE	G	4.1746764E-5	10.0	0.05890416	0.9784031	28.014202	0.06131846	0.07441317	523.0	0.0
SPIKE	S61:G>C	0	13823	0.0	-1.0	0.0	TRUE	G	1.16096686E-4	0.0	0.109358914	0.9410881	10.123736	0.17798302	0.08245762	523.0	1.0
SPIKE	S61:G>T	0	13823	0.0	-1.0	0.0	TRUE	G	1.4058923E-4	12.0	0.15077966	0.92911	12.037685	0.19070089	0.07041733	523.0	0.0
SPIKE	S62:A>G	1	13823	7.2343195E-5	-1.0	40.0	TRUE	A	5.2227046E-5	15.0	0.049590517	0.97305495	36.659306	0.05064024	0.067660004	523.0	0.0
SPIKE	D62-63:A>	2	13823	1.4468639E-4	-1.0	39.999348	TRUE		NaN	NaN	NaN	NaN	NaN	NaN	NaN	NaN	NaN
SPIKE	S62:A>C	0	13823	0.0	-1.0	0.0	TRUE	A	3.7867972E-5	0.0	0.10867793	0.9803899	16.62419	0.035326388	0.08008682	523.0	1.0
SPIKE	S62:A>T	0	13823	0.0	-1.0	0.0	TRUE	A	3.4484117E-5	0.0	0.19004166	0.9821265	5.054274	0.1164394	0.07534841	523.0	1.0
SPIKE	S63:A>G	1	13823	7.2343195E-5	-1.0	40.0	TRUE	A	1.2764048E-4	4.0	0.049590517	0.93542343	36.659306	0.05064024	0.067660004	523.0	1.0
SPIKE	S63:A>C	0	13823	0.0	-1.0	0.0	TRUE	A	3.7867972E-5	0.0	0.10867793	0.9803899	16.62419	0.035326388	0.08008682	523.0	1.0
SPIKE	S63:A>T	0	13823	0.0	-1.0	0.0	TRUE	A	3.4484117E-5	1.0	0.19004166	0.9821265	5.054274	0.1164394	0.07534841	523.0	1.0
SPIKE	S64:A>G	2	13823	1.4468639E-4	-1.0	40.0	TRUE	A	5.570885E-5	16.0	0.049590517	0.9712846	36.659306	0.05064024	0.067660004	523.0	0.0
SPIKE	S64:A>C	0	13823	0.0	-1.0	0.0	TRUE	A	3.7867972E-5	2.0	0.10867793	0.9803899	16.62419	0.035326388	0.08008682	523.0	1.0
SPIKE	S64:A>T	0	13823	0.0	-1.0	0.0	TRUE	A	3.4484117E-5	0.0	0.19004166	0.9821265	5.054274	0.1164394	0.07534841	523.0	1.0
SPIKE	S65:A>G	9	13823	6.510888E-4	-1.0	40.0	TRUE	A	2.0890818E-4	60.0	0.049590517	0.8964982	36.659306	0.05064024	0.067660004	523.0	0.0
SPIKE	S65:A>C	1	13823	7.2343195E-5	-1.0	40.0	TRUE	A	7.517017E-5	33.0	0.10867793	0.9614488	16.62419	0.035326388	0.08008682	523.0	0.0
SPIKE	S65:A>T	0	13823	0.0	-1.0	0.0	TRUE	A	3.4484117E-5	0.0	0.19004166	0.9821265	5.054274	0.1164394	0.07534841	523.0	1.0
SPIKE	S66:C>T	2	13823	1.4468639E-4	-1.0	40.0	TRUE	C	8.788644E-5	18.0	0.05467968	0.95507574	28.014202	0.0713958	0.07827148	523.0	0.0
SPIKE	S66:C>A	0	13823	0.0	-1.0	0.0	TRUE	C	2.2049477E-5	6.0	0.0827562	0.9885344	12.037685	0.027604051	0.10163018	523.0	1.0
SPIKE	S66:C>G	0	13823	0.0	-1.0	0.0	TRUE	C	1.10907116E-4	0.0	0.07324528	0.9436458	10.123736	0.16340151	0.1889573	523.0	1.0
SPIKE	S67:C>T	3	13823	2.1702959E-4	-1.0	40.0	TRUE	C	8.3003855E-5	17.0	0.05467968	0.95751774	28.014202	0.0713958	0.07827148	523.0	0.0
SPIKE	S67:C>A	0	13823	0.0	-1.0	0.0	TRUE	C	1.831704E-5	10.0	0.0827562	0.99046594	12.037685	0.027604051	0.10163018	523.0	0.0
SPIKE	S67:C>G	0	13823	0.0	-1.0	0.0	TRUE	C	1.10907116E-4	0.0	0.07324528	0.9436458	10.123736	0.16340151	0.1889573	523.0	1.0
SPIKE	S68:A>G	8	13823	5.7874556E-4	25.331787	40.0	TRUE	A	3.8996196E-4	112.0	0.049590517	0.81550306	36.659306	0.05064024	0.067660004	523.0	0.0
SPIKE	S68:A>C	1	13823	7.2343195E-5	-1.0	40.0	TRUE	A	2.9612489E-5	13.0	0.10867793	0.98463196	16.62419	0.035326388	0.08008682	523.0	0.0
SPIKE	S68:A>T	0	13823	0.0	-1.0	0.0	TRUE	A	3.4484117E-5	3.0	0.19004166	0.9821265	5.054274	0.1164394	0.07534841	523.0	1.0
SPIKE	S69:G>A	1	13823	7.2343195E-5	-1.0	40.0	TRUE	G	5.0096114E-5	12.0	0.05890416	0.97414	28.014202	0.06131846	0.07441317	523.0	0.0
SPIKE	S69:G>C	0	13823	0.0	-1.0	0.0	TRUE	G	1.146777E-4	10.0	0.109358914	0.9417867	10.123736	0.17798302	0.08245762	523.0	0.0
SPIKE	S69:G>T	0	13823	0.0	-1.0	0.0	TRUE	G	1.4103074E-4	0.0	0.15077966	0.9288955	12.037685	0.19070089	0.07041733	523.0	1.0
SPIKE	S70:C>T	3	13823	2.1702959E-4	-1.0	40.0	TRUE	C	2.0506835E-4	42.0	0.05467968	0.8983004	28.014202	0.0713958	0.07827148	523.0	0.0
SPIKE	S70:C>A	0	13823	0.0	-1.0	0.0	TRUE	C	2.2049477E-5	0.0	0.0827562	0.9885344	12.037685	0.027604051	0.10163018	523.0	1.0
SPIKE	S70:C>G	0	13823	0.0	-1.0	0.0	TRUE	C	1.10907116E-4	1.0	0.07324528	0.9436458	10.123736	0.16340151	0.1889573	523.0	1.0
SPIKE	S71:C>A	1	13823	7.2343195E-5	-1.0	40.0	TRUE	C	2.2049477E-5	2.0	0.0827562	0.9885344	12.037685	0.027604051	0.10163018	523.0	1.0
SPIKE	S71:C>T	1	13823	7.2343195E-5	-1.0	40.0	TRUE	C	1.2206449E-4	25.0	0.05467968	0.93815535	28.014202	0.0713958	0.07827148	523.0	0.0
SPIKE	S71:C>G	0	13823	0.0	-1.0	0.0	TRUE	C	1.0955156E-4	10.0	0.07324528	0.944315	10.123736	0.16340151	0.1889573	523.0	0.0
SPIKE	S72:G>A	4	13823	2.8937278E-4	-1.0	40.0	TRUE	G	1.1271626E-4	27.0	0.05890416	0.9427533	28.014202	0.06131846	0.07441317	523.0	0.0
SPIKE	S72:G>T	1	13823	7.2343195E-5	-1.0	40.0	TRUE	G	1.4103074E-4	5.0	0.15077966	0.9288955	12.037685	0.19070089	0.07041733	523.0	1.0
SPIKE	S72:G>C	0	13823	0.0	-1.0	0.0	TRUE	G	1.16096686E-4	1.0	0.109358914	0.9410881	10.123736	0.17798302	0.08245762	523.0	1.0
SPIKE	S73:T>C	13	13823	9.404615E-4	40.383286	40.0	TRUE	T	3.4874803E-4	86.0	0.059897374	0.8332719	36.659306	0.059626643	0.07880125	523.0	0.0
SPIKE	S73:T>A	0	13823	0.0	-1.0	0.0	TRUE	T	3.1064836E-5	0.0	0.16804485	0.98388433	5.054274	0.10212044	0.068816274	523.0	1.0
SPIKE	S73:T>G	0	13823	0.0	-1.0	0.0	TRUE	T	1.8644819E-4	15.0	0.10288191	0.9070911	16.62419	0.1915224	0.07344001	523.0	0.0
SPIKE	S74:G>A	4	13823	2.8937278E-4	-1.0	40.0	TRUE	G	1.1695022E-4	6.0	0.05890416	0.94066805	28.014202	0.06131846	0.07441317	523.0	1.0
SPIKE	S74:G>C	0	13823	0.0	-1.0	0.0	TRUE	G	1.16096686E-4	0.0	0.109358914	0.9410881	10.123736	0.17798302	0.08245762	523.0	1.0
SPIKE	S74:G>T	0	13823	0.0	-1.0	0.0	TRUE	G	1.4103074E-4	1.0	0.15077966	0.9288955	12.037685	0.19070089	0.07041733	523.0	1.0
SPIKE	S75:G>A	4	13823	2.8937278E-4	-1.0	40.0	TRUE	G	1.0019223E-4	24.0	0.05890416	0.9489487	28.014202	0.06131846	0.07441317	523.0	0.0
SPIKE	S75:G>C	0	13823	0.0	-1.0	0.0	TRUE	G	1.16096686E-4	0.0	0.109358914	0.9410881	10.123736	0.17798302	0.08245762	523.0	1.0
SPIKE	S75:G>T	0	13823	0.0	-1.0	0.0	TRUE	G	1.4103074E-4	6.0	0.15077966	0.9288955	12.037685	0.19070089	0.07041733	523.0	1.0
SPIKE	S76:T>G	1	13823	7.2343195E-5	-1.0	40.0	TRUE	T	1.242988E-4	10.0	0.10288191	0.9370597	16.62419	0.1915224	0.07344001	523.0	0.0
SPIKE	S76:T>C	4	13823	2.8937278E-4	-1.0	40.0	TRUE	T	1.3787713E-4	34.0	0.059897374	0.9304288	36.659306	0.059626643	0.07880125	523.0	0.0
SPIKE	S76:T>A	0	13823	0.0	-1.0	0.0	TRUE	T	3.1064836E-5	0.0	0.16804485	0.98388433	5.054274	0.10212044	0.068816274	523.0	1.0
SPIKE	S77:T>A	0	13823	0.0	-1.0	0.0	TRUE	T	3.1064836E-5	0.0	0.16804485	0.98388433	5.054274	0.10212044	0.068816274	523.0	1.0
SPIKE	S77:T>G	0	13823	0.0	-1.0	0.0	TRUE	T	2.0663667E-4	0.0	0.10288191	0.8975639	16.62419	0.1915224	0.07344001	523.0	1.0
SPIKE	S77:T>C	0	13823	0.0	-1.0	0.0	TRUE	T	1.4866117E-4	6.0	0.059897374	0.9251959	36.659306	0.059626643	0.07880125	523.0	1.0
SPIKE	S78:T>A	0	13823	0.0	-1.0	0.0	TRUE	T	3.1064836E-5	0.0	0.16804485	0.98388433	5.054274	0.10212044	0.068816274	523.0	1.0
SPIKE	S78:T>G	0	13823	0.0	-1.0	0.0	TRUE	T	1.242988E-4	10.0	0.10288191	0.9370597	16.62419	0.1915224	0.07344001	523.0	0.0
SPIKE	S78:T>C	0	13823	0.0	-1.0	0.0	TRUE	T	1.4866117E-4	1.0	0.059897374	0.9251959	36.659306	0.059626643	0.07880125	523.0	1.0
SPIKE	S79:G>A	3	13823	2.1702959E-4	-1.0	40.0	TRUE	G	6.262014E-5	15.0	0.05890416	0.9677802	28.014202	0.06131846	0.07441317	523.0	0.0
SPIKE	S79:G>C	0	13823	0.0	-1.0	0.0	TRUE	G	1.2614547E-4	11.0	0.109358914	0.93615514	10.123736	0.17798302	0.08245762	523.0	0.0
SPIKE	S79:G>T	0	13823	0.0	-1.0	0.0	TRUE	G	1.4103074E-4	1.0	0.15077966	0.9288955	12.037685	0.19070089	0.07041733	523.0	1.0
SPIKE	S80:C>A	1	13823	7.2343195E-5	-1.0	40.0	TRUE	C	2.2049477E-5	1.0	0.0827562	0.9885344	12.037685	0.027604051	0.10163018	523.0	1.0
SPIKE	S80:C>T	3	13823	2.1702959E-4	-1.0	40.0	TRUE	C	2.148335E-4	44.0	0.05467968	0.8937243	28.014202	0.0713958	0.07827148	523.0	0.0
SPIKE	S80:C>G	0	13823	0.0	-1.0	0.0	TRUE	C	1.10907116E-4	9.0	0.07324528	0.9436458	10.123736	0.16340151	0.1889573	523.0	1.0
SPIKE	S81:G>A	3	13823	2.1702959E-4	-1.0	40.0	TRUE	G	1.2941497E-4	31.0	0.05890416	0.9345557	28.014202	0.06131846	0.07441317	523.0	0.0
SPIKE	S81:G>C	0	13823	0.0	-1.0	0.0	TRUE	G	1.16096686E-4	1.0	0.109358914	0.9410881	10.123736	0.17798302	0.08245762	523.0	1.0
SPIKE	S81:G>T	0	13823	0.0	-1.0	0.0	TRUE	G	1.4103074E-4	1.0	0.15077966	0.9288955	12.037685	0.19070089	0.07041733	523.0	1.0
SPIKE	S82:G>A	2	13823	1.4468639E-4	-1.0	40.0	TRUE	G	1.3776432E-4	33.0	0.05890416	0.9304837	28.014202	0.06131846	0.07441317	523.0	0.0
SPIKE	S82:G>C	0	13823	0.0	-1.0	0.0	TRUE	G	1.16096686E-4	9.0	0.109358914	0.9410881	10.123736	0.17798302	0.08245762	523.0	1.0
SPIKE	S82:G>T	0	13823	0.0	-1.0	0.0	TRUE	G	1.4103074E-4	1.0	0.15077966	0.9288955	12.037685	0.19070089	0.07041733	523.0	1.0
SPIKE	S83:C>T	4	13823	2.8937278E-4	-1.0	40.0	TRUE	C	9.276901E-5	19.0	0.05467968	0.95264	28.014202	0.0713958	0.07827148	523.0	0.0
SPIKE	S83:C>A	0	13823	0.0	-1.0	0.0	TRUE	C	2.2049477E-5	2.0	0.0827562	0.9885344	12.037685	0.027604051	0.10163018	523.0	1.0
SPIKE	S83:C>G	0	13823	0.0	-1.0	0.0	TRUE	C	1.2050672E-4	11.0	0.07324528	0.93891996	10.123736	0.16340151	0.1889573	523.0	0.0
SPIKE	S84:G>A	4	13823	2.8937278E-4	-1.0	40.0	TRUE	G	1.3776432E-4	33.0	0.05890416	0.9304837	28.014202	0.06131846	0.07441317	523.0	0.0
SPIKE	S84:G>C	0	13823	0.0	-1.0	0.0	TRUE	G	1.16096686E-4	1.0	0.109358914	0.9410881	10.123736	0.17798302	0.08245762	523.0	1.0
SPIKE	S84:G>T	0	13823	0.0	-1.0	0.0	TRUE	G	1.4103074E-4	0.0	0.15077966	0.9288955	12.037685	0.19070089	0.07041733	523.0	1.0
SPIKE	S85:A>G	0	13823	0.0	-1.0	0.0	TRUE	A	1.2764048E-4	1.0	0.049590517	0.93542343	36.659306	0.05064024	0.067660004	523.0	1.0
SPIKE	S85:A>C	0	13823	0.0	-1.0	0.0	TRUE	A	5.2391326E-5	23.0	0.10867793	0.9729713	16.62419	0.035326388	0.08008682	523.0	0.0
SPIKE	S85:A>T	0	13823	0.0	-1.0	0.0	TRUE	A	3.4484117E-5	9.0	0.19004166	0.9821265	5.054274	0.1164394	0.07534841	523.0	1.0
SPIKE	S86:T>C	1	13823	7.2343195E-5	-1.0	40.0	TRUE	T	7.2993775E-5	18.0	0.059897374	0.9625438	36.659306	0.059626643	0.07880125	523.0	0.0
SPIKE	S86:T>A	0	13823	0.0	-1.0	0.0	TRUE	T	3.1064836E-5	1.0	0.16804485	0.98388433	5.054274	0.10212044	0.068816274	523.0	1.0
SPIKE	S86:T>G	0	13823	0.0	-1.0	0.0	TRUE	T	2.0663667E-4	3.0	0.10288191	0.8975639	16.62419	0.1915224	0.07344001	523.0	1.0
SPIKE	S87:T>A	0	13823	0.0	-1.0	0.0	TRUE	T	3.1064836E-5	0.0	0.16804485	0.98388433	5.054274	0.10212044	0.068816274	523.0	1.0
SPIKE	S87:T>G	0	13823	0.0	-1.0	0.0	TRUE	T	2.0663667E-4	0.0	0.10288191	0.8975639	16.62419	0.1915224	0.07344001	523.0	1.0
SPIKE	S87:T>C	0	13823	0.0	-1.0	0.0	TRUE	T	1.4866117E-4	6.0	0.059897374	0.9251959	36.659306	0.059626643	0.07880125	523.0	1.0
SPIKE	S88:T>A	0	13823	0.0	-1.0	0.0	TRUE	T	7.375501E-5	12.0	0.16804485	0.96216065	5.054274	0.10212044	0.068816274	523.0	0.0
SPIKE	S88:T>G	0	13823	0.0	-1.0	0.0	TRUE	T	2.0663667E-4	0.0	0.10288191	0.8975639	16.62419	0.1915224	0.07344001	523.0	1.0
SPIKE	S88:T>C	0	13823	0.0	-1.0	0.0	TRUE	T	1.4866117E-4	4.0	0.059897374	0.9251959	36.659306	0.059626643	0.07880125	523.0	1.0
SPIKE	S89:A>G	0	13823	0.0	-1.0	0.0	TRUE	A	1.2764048E-4	4.0	0.049590517	0.93542343	36.659306	0.05064024	0.067660004	523.0	1.0
SPIKE	S89:A>C	0	13823	0.0	-1.0	0.0	TRUE	A	3.7867972E-5	0.0	0.10867793	0.9803899	16.62419	0.035326388	0.08008682	523.0	1.0
SPIKE	S89:A>T	0	13823	0.0	-1.0	0.0	TRUE	A	8.869593E-5	13.0	0.19004166	0.9546715	5.054274	0.1164394	0.07534841	523.0	0.0
SPIKE	S90:T>A	0	13823	0.0	-1.0	0.0	TRUE	T	3.1064836E-5	1.0	0.16804485	0.98388433	5.054274	0.10212044	0.068816274	523.0	1.0
SPIKE	S90:T>G	0	13823	0.0	-1.0	0.0	TRUE	T	2.0663667E-4	1.0	0.10288191	0.8975639	16.62419	0.1915224	0.07344001	523.0	1.0
SPIKE	S90:T>C	0	13823	0.0	-1.0	0.0	TRUE	T	8.515941E-5	21.0	0.059897374	0.9564389	36.659306	0.059626643	0.07880125	523.0	0.0
SPIKE	S91:C>T	2	13823	1.4468639E-4	-1.0	40.0	TRUE	C	6.347353E-5	13.0	0.05467968	0.9673483	28.014202	0.0713958	0.07827148	523.0	0.0
SPIKE	S91:C>A	0	13823	0.0	-1.0	0.0	TRUE	C	2.2049477E-5	0.0	0.0827562	0.9885344	12.037685	0.027604051	0.10163018	523.0	1.0
SPIKE	S91:C>G	0	13823	0.0	-1.0	0.0	TRUE	C	1.3146187E-4	12.0	0.07324528	0.9335558	10.123736	0.16340151	0.1889573	523.0	0.0
SPIKE	S92:G>A	2	13823	1.4468639E-4	-1.0	40.0	TRUE	G	1.1271626E-4	27.0	0.05890416	0.9427533	28.014202	0.06131846	0.07441317	523.0	0.0
SPIKE	S92:G>C	0	13823	0.0	-1.0	0.0	TRUE	G	1.16096686E-4	1.0	0.109358914	0.9410881	10.123736	0.17798302	0.08245762	523.0	1.0
SPIKE	S92:G>T	0	13823	0.0	-1.0	0.0	TRUE	G	1.4058923E-4	12.0	0.15077966	0.92911	12.037685	0.19070089	0.07041733	523.0	0.0
SPIKE	S93:T>C	5	13823	3.6171597E-4	-1.0	40.0	TRUE	T	2.1087092E-4	52.0	0.059897374	0.89557844	36.659306	0.059626643	0.07880125	523.0	0.0
SPIKE	S93:T>A	0	13823	0.0	-1.0	0.0	TRUE	T	3.1064836E-5	1.0	0.16804485	0.98388433	5.054274	0.10212044	0.068816274	523.0	1.0
SPIKE	S93:T>G	0	13823	0.0	-1.0	0.0	TRUE	T	2.0663667E-4	3.0	0.10288191	0.8975639	16.62419	0.1915224	0.07344001	523.0	1.0
SPIKE	S94:C>T	1	13823	7.2343195E-5	-1.0	40.0	TRUE	C	9.7651595E-5	20.0	0.05467968	0.95021045	28.014202	0.0713958	0.07827148	523.0	0.0
SPIKE	S94:C>A	0	13823	0.0	-1.0	0.0	TRUE	C	2.2049477E-5	1.0	0.0827562	0.9885344	12.037685	0.027604051	0.10163018	523.0	1.0
SPIKE	S94:C>G	0	13823	0.0	-1.0	0.0	TRUE	C	1.2050672E-4	11.0	0.07324528	0.93891996	10.123736	0.16340151	0.1889573	523.0	0.0
SPIKE	S95:G>A	5	13823	3.6171597E-4	-1.0	40.0	TRUE	G	1.586377E-4	38.0	0.05890416	0.92038107	28.014202	0.06131846	0.07441317	523.0	0.0
SPIKE	S95:G>C	0	13823	0.0	-1.0	0.0	TRUE	G	1.16096686E-4	1.0	0.109358914	0.9410881	10.123736	0.17798302	0.08245762	523.0	1.0
SPIKE	S95:G>T	0	13823	0.0	-1.0	0.0	TRUE	G	1.52305E-4	13.0	0.15077966	0.9234344	12.037685	0.19070089	0.07041733	523.0	0.0
SPIKE	S96:T>C	5	13823	3.6171597E-4	-1.0	40.0	TRUE	T	2.7169904E-4	67.0	0.059897374	0.8675357	36.659306	0.059626643	0.07880125	523.0	0.0
SPIKE	S96:T>A	0	13823	0.0	-1.0	0.0	TRUE	T	3.1064836E-5	1.0	0.16804485	0.98388433	5.054274	0.10212044	0.068816274	523.0	1.0
SPIKE	S96:T>G	0	13823	0.0	-1.0	0.0	TRUE	T	2.0663667E-4	3.0	0.10288191	0.8975639	16.62419	0.1915224	0.07344001	523.0	1.0
SPIKE	S97:C>T	3	13823	2.1702959E-4	-1.0	40.0	TRUE	C	7.812127E-5	16.0	0.05467968	0.959966	28.014202	0.0713958	0.07827148	523.0	0.0
SPIKE	S97:C>A	0	13823	0.0	-1.0	0.0	TRUE	C	2.5643856E-5	14.0	0.0827562	0.9866778	12.037685	0.027604051	0.10163018	523.0	0.0
SPIKE	S97:C>G	0	13823	0.0	-1.0	0.0	TRUE	C	1.10907116E-4	0.0	0.07324528	0.9436458	10.123736	0.16340151	0.1889573	523.0	1.0
SPIKE	S98:A>G	0	13823	0.0	-1.0	0.0	TRUE	A	8.7045075E-5	25.0	0.049590517	0.95549613	36.659306	0.05064024	0.067660004	523.0	0.0
SPIKE	S98:A>C	0	13823	0.0	-1.0	0.0	TRUE	A	3.7867972E-5	2.0	0.10867793	0.9803899	16.62419	0.035326388	0.08008682	523.0	1.0
SPIKE	S98:A>T	0	13823	0.0	-1.0	0.0	TRUE	A	8.187317E-5	12.0	0.19004166	0.95808417	5.054274	0.1164394	0.07534841	523.0	0.0
SPIKE	S99:T>A	0	13823	0.0	-1.0	0.0	TRUE	T	3.1064836E-5	1.0	0.16804485	0.98388433	5.054274	0.10212044	0.068816274	523.0	1.0
SPIKE	S99:T>G	0	13823	0.0	-1.0	0.0	TRUE	T	2.0663667E-4	1.0	0.10288191	0.8975639	16.62419	0.1915224	0.07344001	523.0	1.0
SPIKE	S99:T>C	0	13823	0.0	-1.0	0.0	TRUE	T	7.7048986E-5	19.0	0.059897374	0.9605045	36.659306	0.059626643	0.07880125	523.0	0.0
SPIKE	S100:C>T	6	13823	4.3405918E-4	-1.0	40.0	TRUE	C	1.9042061E-4	39.0	0.05467968	0.90520847	28.014202	0.0713958	0.07827148	523.0	0.0
SPIKE	S100:C>A	1	13823	7.2343195E-5	-1.0	40.0	TRUE	C	2.2049477E-5	2.0	0.0827562	0.9885344	12.037685	0.027604051	0.10163018	523.0	1.0
SPIKE	S100:C>G	0	13823	0.0	-1.0	0.0	TRUE	C	1.6432734E-4	15.0	0.07324528	0.91764635	10.123736	0.16340151	0.1889573	523.0	0.0
SPIKE	S101:G>A	4	13823	2.8937278E-4	-1.0	40.0	TRUE	G	8.76682E-5	21.0	0.05890416	0.95518476	28.014202	0.06131846	0.07441317	523.0	0.0
SPIKE	S101:G>C	0	13823	0.0	-1.0	0.0	TRUE	G	1.16096686E-4	1.0	0.109358914	0.9410881	10.123736	0.17798302	0.08245762	523.0	1.0
SPIKE	S101:G>T	0	13823	0.0	-1.0	0.0	TRUE	G	1.52305E-4	13.0	0.15077966	0.9234344	12.037685	0.19070089	0.07041733	523.0	0.0
SPIKE	S102:T>C	4	13823	2.8937278E-4	-1.0	40.0	TRUE	T	1.3787713E-4	34.0	0.059897374	0.9304288	36.659306	0.059626643	0.07880125	523.0	0.0
SPIKE	S102:T>G	1	13823	7.2343195E-5	-1.0	40.0	TRUE	T	1.3672867E-4	11.0	0.10288191	0.93098783	16.62419	0.1915224	0.07344001	523.0	0.0
SPIKE	S102:T>A	0	13823	0.0	-1.0	0.0	TRUE	T	3.1064836E-5	0.0	0.16804485	0.98388433	5.054274	0.10212044	0.068816274	523.0	1.0
SPIKE	S103:G>A	6	13823	4.3405918E-4	-1.0	40.0	TRUE	G	4.592144E-5	11.0	0.05890416	0.9762692	28.014202	0.06131846	0.07441317	523.0	0.0
SPIKE	S103:G>C	0	13823	0.0	-1.0	0.0	TRUE	G	1.16096686E-4	2.0	0.109358914	0.9410881	10.123736	0.17798302	0.08245762	523.0	1.0
SPIKE	S103:G>T	0	13823	0.0	-1.0	0.0	TRUE	G	1.4103074E-4	1.0	0.15077966	0.9288955	12.037685	0.19070089	0.07041733	523.0	1.0
SPIKE	S104:G>A	6	13823	4.3405918E-4	-1.0	40.0	TRUE	G	9.601755E-5	23.0	0.05890416	0.95102286	28.014202	0.06131846	0.07441317	523.0	0.0
SPIKE	S104:G>C	0	13823	0.0	-1.0	0.0	TRUE	G	1.3761324E-4	12.0	0.109358914	0.9305572	10.123736	0.17798302	0.08245762	523.0	0.0
SPIKE	S104:G>T	0	13823	0.0	-1.0	0.0	TRUE	G	1.4103074E-4	0.0	0.15077966	0.9288955	12.037685	0.19070089	0.07041733	523.0	1.0
SPIKE	S105:C>T	6	13823	4.3405918E-4	-1.0	40.0	TRUE	C	1.9042061E-4	39.0	0.05467968	0.90520847	28.014202	0.0713958	0.07827148	523.0	0.0
SPIKE	S105:C>A	0	13823	0.0	-1.0	0.0	TRUE	C	2.2049477E-5	7.0	0.0827562	0.9885344	12.037685	0.027604051	0.10163018	523.0	1.0
SPIKE	S105:C>G	0	13823	0.0	-1.0	0.0	TRUE	C	1.4241703E-4	13.0	0.07324528	0.92822224	10.123736	0.16340151	0.1889573	523.0	0.0
SPIKE	S106:G>A	4	13823	2.8937278E-4	-1.0	40.0	TRUE	G	1.5028834E-4	36.0	0.05890416	0.92440885	28.014202	0.06131846	0.07441317	523.0	0.0
SPIKE	S106:G>C	0	13823	0.0	-1.0	0.0	TRUE	G	1.16096686E-4	1.0	0.109358914	0.9410881	10.123736	0.17798302	0.08245762	523.0	1.0
SPIKE	S106:G>T	0	13823	0.0	-1.0	0.0	TRUE	G	1.4103074E-4	0.0	0.15077966	0.9288955	12.037685	0.19070089	0.07041733	523.0	1.0
SPIKE	S107:G>A	3	13823	2.1702959E-4	-1.0	40.0	TRUE	G	1.7951107E-4	43.0	0.05890416	0.9103881	28.014202	0.06131846	0.07441317	523.0	0.0
SPIKE	S107:G>C	0	13823	0.0	-1.0	0.0	TRUE	G	1.3761324E-4	12.0	0.109358914	0.9305572	10.123736	0.17798302	0.08245762	523.0	0.0
SPIKE	S107:G>T	0	13823	0.0	-1.0	0.0	TRUE	G	1.4103074E-4	0.0	0.15077966	0.9288955	12.037685	0.19070089	0.07041733	523.0	1.0
SPIKE	S108:C>A	0	13823	0.0	-1.0	0.0	TRUE	C	2.3812152E-5	13.0	0.0827562	0.98762345	12.037685	0.027604051	0.10163018	523.0	0.0
SPIKE	S108:C>G	0	13823	0.0	-1.0	0.0	TRUE	C	1.10907116E-4	1.0	0.07324528	0.9436458	10.123736	0.16340151	0.1889573	523.0	1.0
SPIKE	S108:C>T	0	13823	0.0	-1.0	0.0	TRUE	C	1.2206449E-4	25.0	0.05467968	0.93815535	28.014202	0.0713958	0.07827148	523.0	0.0
SPIKE	S109:A>G	0	13823	0.0	-1.0	0.0	TRUE	A	9.749049E-5	28.0	0.049590517	0.9502905	36.659306	0.05064024	0.067660004	523.0	0.0
SPIKE	S109:A>C	0	13823	0.0	-1.0	0.0	TRUE	A	3.7867972E-5	1.0	0.10867793	0.9803899	16.62419	0.035326388	0.08008682	523.0	1.0
SPIKE	S109:A>T	0	13823	0.0	-1.0	0.0	TRUE	A	3.4484117E-5	0.0	0.19004166	0.9821265	5.054274	0.1164394	0.07534841	523.0	1.0
SPIKE	S110:G>A	1	13823	7.2343195E-5	-1.0	40.0	TRUE	G	8.349353E-5	20.0	0.05890416	0.9572726	28.014202	0.06131846	0.07441317	523.0	0.0
SPIKE	S110:G>C	0	13823	0.0	-1.0	0.0	TRUE	G	1.2614547E-4	11.0	0.109358914	0.93615514	10.123736	0.17798302	0.08245762	523.0	0.0
SPIKE	S110:G>T	0	13823	0.0	-1.0	0.0	TRUE	G	1.4103074E-4	3.0	0.15077966	0.9288955	12.037685	0.19070089	0.07041733	523.0	1.0
SPIKE	S111:C>T	5	13823	3.6171597E-4	-1.0	40.0	TRUE	C	1.415948E-4	29.0	0.05467968	0.9286215	28.014202	0.0713958	0.07827148	523.0	0.0
SPIKE	S111:C>A	0	13823	0.0	-1.0	0.0	TRUE	C	1.831704E-5	10.0	0.0827562	0.99046594	12.037685	0.027604051	0.10163018	523.0	0.0
SPIKE	S111:C>G	0	13823	0.0	-1.0	0.0	TRUE	C	1.5337218E-4	14.0	0.07324528	0.92291915	10.123736	0.16340151	0.1889573	523.0	0.0
SPIKE	S112:G>A	0	13822	0.0	-1.0	0.0	TRUE	G	8.767455E-5	21.0	0.05890416	0.9551816	28.012175	0.06131846	0.07441317	523.0	0.0
SPIKE	S112:G>C	0	13822	0.0	-1.0	0.0	TRUE	G	1.16096686E-4	1.0	0.109358914	0.9410881	10.123004	0.17798302	0.08245762	523.0	1.0
SPIKE	S112:G>T	0	13822	0.0	-1.0	0.0	TRUE	G	1.4103074E-4	7.0	0.15077966	0.9288955	12.036815	0.19070089	0.07041733	523.0	1.0
SPIKE	S113:T>C	1	13822	7.234843E-5	-1.0	40.0	TRUE	T	1.4194261E-4	35.0	0.059897374	0.92845255	36.656654	0.059626643	0.07880125	523.0	0.0
SPIKE	S113:T>A	0	13822	0.0	-1.0	0.0	TRUE	T	3.1064836E-5	0.0	0.16804485	0.98388433	5.0539083	0.10212044	0.068816274	523.0	1.0
SPIKE	S113:T>G	0	13822	0.0	-1.0	0.0	TRUE	T	1.9889245E-4	16.0	0.10288191	0.9012066	16.622988	0.1915224	0.07344001	523.0	0.0
SPIKE	S114:G>A	2	13822	1.4469687E-4	-1.0	40.0	TRUE	G	7.097463E-5	17.0	0.05890416	0.96356076	28.012175	0.06131846	0.07441317	523.0	0.0
SPIKE	S114:G>C	0	13822	0.0	-1.0	0.0	TRUE	G	1.16096686E-4	4.0	0.109358914	0.9410881	10.123004	0.17798302	0.08245762	523.0	1.0
SPIKE	S114:G>T	0	13822	0.0	-1.0	0.0	TRUE	G	1.4103074E-4	1.0	0.15077966	0.9288955	12.036815	0.19070089	0.07041733	523.0	1.0
SPIKE	S115:A>G	1	13822	7.234843E-5	-1.0	40.0	TRUE	A	2.5070796E-4	72.0	0.049590517	0.87711227	36.656654	0.05064024	0.067660004	523.0	0.0
SPIKE	S115:A>C	0	13822	0.0	-1.0	0.0	TRUE	A	4.1004874E-5	18.0	0.10867793	0.9787828	16.622988	0.035326388	0.08008682	523.0	0.0
SPIKE	S115:A>T	0	13822	0.0	-1.0	0.0	TRUE	A	3.4484117E-5	2.0	0.19004166	0.9821265	5.0539083	0.1164394	0.07534841	523.0	1.0
SPIKE	S116:C>T	1	13822	7.234843E-5	-1.0	40.0	TRUE	C	1.0742452E-4	22.0	0.05467968	0.9453661	28.012175	0.0713958	0.07827148	523.0	0.0
SPIKE	S116:C>A	0	13822	0.0	-1.0	0.0	TRUE	C	1.8318366E-5	10.0	0.0827562	0.9904652	12.036815	0.027604051	0.10163018	523.0	0.0
SPIKE	S116:C>G	0	13822	0.0	-1.0	0.0	TRUE	C	1.10907116E-4	0.0	0.07324528	0.9436458	10.123004	0.16340151	0.1889573	523.0	1.0
SPIKE	S117:C>T	3	13822	2.170453E-4	-1.0	40.0	TRUE	C	1.757856E-4	36.0	0.05467968	0.9121637	28.012175	0.0713958	0.07827148	523.0	0.0
SPIKE	S117:C>A	0	13822	0.0	-1.0	0.0	TRUE	C	3.2973057E-5	18.0	0.0827562	0.98290294	12.036815	0.027604051	0.10163018	523.0	0.0
SPIKE	S117:C>G	0	13822	0.0	-1.0	0.0	TRUE	C	1.10907116E-4	1.0	0.07324528	0.9436458	10.123004	0.16340151	0.1889573	523.0	1.0
SPIKE	S118:T>C	5	13822	3.6174216E-4	-1.0	40.0	TRUE	T	1.2166509E-4	30.0	0.059897374	0.93835133	36.656654	0.059626643	0.07880125	523.0	0.0
SPIKE	S118:T>A	0	13822	0.0	-1.0	0.0	TRUE	T	1.2293391E-4	20.0	0.16804485	0.9377289	5.0539083	0.10212044	0.068816274	523.0	0.0
SPIKE	S118:T>G	0	13822	0.0	-1.0	0.0	TRUE	T	2.0663667E-4	3.0	0.10288191	0.8975639	16.622988	0.1915224	0.07344001	523.0	1.0
SPIKE	S119:A>G	1	13822	7.234843E-5	-1.0	40.0	TRUE	A	9.053343E-5	26.0	0.049590517	0.9537545	36.656654	0.05064024	0.067660004	523.0	0.0
SPIKE	S119:A>C	0	13822	0.0	-1.0	0.0	TRUE	A	2.2780487E-5	10.0	0.10867793	0.9881565	16.622988	0.035326388	0.08008682	523.0	0.0
SPIKE	S119:A>T	0	13822	0.0	-1.0	0.0	TRUE	A	1.1599538E-4	17.0	0.19004166	0.9411379	5.0539083	0.1164394	0.07534841	523.0	0.0
SPIKE	S120:T>A	0	13822	0.0	-1.0	0.0	TRUE	T	3.1064836E-5	1.0	0.16804485	0.98388433	5.0539083	0.10212044	0.068816274	523.0	1.0
SPIKE	S120:T>G	0	13822	0.0	-1.0	0.0	TRUE	T	2.3618479E-4	19.0	0.10288191	0.88379985	16.622988	0.1915224	0.07344001	523.0	0.0
SPIKE	S120:T>C	0	13822	0.0	-1.0	0.0	TRUE	T	8.111006E-5	20.0	0.059897374	0.9584666	36.656654	0.059626643	0.07880125	523.0	0.0
SPIKE	S121:G>A	3	13822	2.170453E-4	-1.0	40.0	TRUE	G	5.8449696E-5	14.0	0.05890416	0.96989334	28.012175	0.06131846	0.07441317	523.0	0.0
SPIKE	S121:G>C	0	13822	0.0	-1.0	0.0	TRUE	G	1.16096686E-4	0.0	0.109358914	0.9410881	10.123004	0.17798302	0.08245762	523.0	1.0
SPIKE	S121:G>T	0	13822	0.0	-1.0	0.0	TRUE	G	2.3433233E-4	20.0	0.15077966	0.88465655	12.036815	0.19070089	0.07041733	523.0	0.0
SPIKE	S122:T>C	2	13822	1.4469687E-4	-1.0	40.0	TRUE	T	2.676632E-4	66.0	0.059897374	0.8693688	36.656654	0.059626643	0.07880125	523.0	0.0
SPIKE	S122:T>A	0	13822	0.0	-1.0	0.0	TRUE	T	3.1064836E-5	5.0	0.16804485	0.98388433	5.0539083	0.10212044	0.068816274	523.0	1.0
SPIKE	S122:T>G	0	13822	0.0	-1.0	0.0	TRUE	T	2.6104634E-4	21.0	0.10288191	0.8723826	16.622988	0.1915224	0.07344001	523.0	0.0
SPIKE	S123:G>A	3	13822	2.170453E-4	-1.0	40.0	TRUE	G	5.009974E-5	12.0	0.05890416	0.97413814	28.012175	0.06131846	0.07441317	523.0	0.0
SPIKE	S123:G>C	0	13822	0.0	-1.0	0.0	TRUE	G	1.16096686E-4	3.0	0.109358914	0.9410881	10.123004	0.17798302	0.08245762	523.0	1.0
SPIKE	S123:G>T	0	13822	0.0	-1.0	0.0	TRUE	G	2.5776555E-4	22.0	0.15077966	0.87388074	12.036815	0.19070089	0.07041733	523.0	0.0
SPIKE	S124:T>C	2	13822	1.4469687E-4	-1.0	40.0	TRUE	T	1.8655315E-4	46.0	0.059897374	0.9070413	36.656654	0.059626643	0.07880125	523.0	0.0
SPIKE	S124:T>A	0	13822	0.0	-1.0	0.0	TRUE	T	3.1064836E-5	1.0	0.16804485	0.98388433	5.0539083	0.10212044	0.068816274	523.0	1.0
SPIKE	S124:T>G	0	13822	0.0	-1.0	0.0	TRUE	T	3.3563102E-4	27.0	0.10288191	0.83900803	16.622988	0.1915224	0.07344001	523.0	0.0
SPIKE	S125:G>A	3	13822	2.170453E-4	-1.0	40.0	TRUE	G	8.3499566E-5	20.0	0.05890416	0.95726955	28.012175	0.06131846	0.07441317	523.0	0.0
SPIKE	S125:G>C	0	13822	0.0	-1.0	0.0	TRUE	G	1.376232E-4	12.0	0.109358914	0.93055236	10.123004	0.17798302	0.08245762	523.0	0.0
SPIKE	S125:G>T	0	13822	0.0	-1.0	0.0	TRUE	G	1.4103074E-4	4.0	0.15077966	0.9288955	12.036815	0.19070089	0.07041733	523.0	1.0
SPIKE	S126:C>T	5	13822	3.6174216E-4	-1.0	40.0	TRUE	C	1.9531732E-4	40.0	0.05467968	0.90289325	28.012175	0.0713958	0.07827148	523.0	0.0
SPIKE	S126:C>A	0	13822	0.0	-1.0	0.0	TRUE	C	6.777795E-5	37.0	0.0827562	0.96517307	12.036815	0.027604051	0.10163018	523.0	0.0
SPIKE	S126:C>G	0	13822	0.0	-1.0	0.0	TRUE	C	1.8625113E-4	17.0	0.07324528	0.9071846	10.123004	0.16340151	0.1889573	523.0	0.0
SPIKE	S127:G>A	2	13822	1.4469687E-4	-1.0	40.0	TRUE	G	1.1695022E-4	8.0	0.05890416	0.94066805	28.012175	0.06131846	0.07441317	523.0	1.0
SPIKE	S127:G>C	0	13822	0.0	-1.0	0.0	TRUE	G	1.16096686E-4	7.0	0.109358914	0.9410881	10.123004	0.17798302	0.08245762	523.0	1.0
SPIKE	S127:G>T	0	13822	0.0	-1.0	0.0	TRUE	G	1.4103074E-4	3.0	0.15077966	0.9288955	12.036815	0.19070089	0.07041733	523.0	1.0
SPIKE	S128:G>A	2	13822	1.4469687E-4	-1.0	40.0	TRUE	G	8.767455E-5	21.0	0.05890416	0.9551816	28.012175	0.06131846	0.07441317	523.0	0.0
SPIKE	S128:G>C	0	13822	0.0	-1.0	0.0	TRUE	G	1.16096686E-4	7.0	0.109358914	0.9410881	10.123004	0.17798302	0.08245762	523.0	1.0
SPIKE	S128:G>T	0	13822	0.0	-1.0	0.0	TRUE	G	1.4103074E-4	2.0	0.15077966	0.9288955	12.036815	0.19070089	0.07041733	523.0	1.0
SPIKE	S129:C>T	3	13822	2.170453E-4	-1.0	40.0	TRUE	C	2.0996612E-4	43.0	0.05467968	0.8960023	28.012175	0.0713958	0.07827148	523.0	0.0
SPIKE	S129:C>A	0	13822	0.0	-1.0	0.0	TRUE	C	1.2273305E-4	67.0	0.0827562	0.93782735	12.036815	0.027604051	0.10163018	523.0	0.0
SPIKE	S129:C>G	0	13822	0.0	-1.0	0.0	TRUE	C	1.5338328E-4	14.0	0.07324528	0.9229138	10.123004	0.16340151	0.1889573	523.0	0.0
SPIKE	S130:G>A	2	13822	1.4469687E-4	-1.0	40.0	TRUE	G	9.60245E-5	23.0	0.05890416	0.9510194	28.012175	0.06131846	0.07441317	523.0	0.0
SPIKE	S130:G>C	0	13822	0.0	-1.0	0.0	TRUE	G	1.16096686E-4	7.0	0.109358914	0.9410881	10.123004	0.17798302	0.08245762	523.0	1.0
SPIKE	S130:G>T	0	13822	0.0	-1.0	0.0	TRUE	G	1.4103074E-4	0.0	0.15077966	0.9288955	12.036815	0.19070089	0.07041733	523.0	1.0
SPIKE	S131:G>A	6	13822	4.340906E-4	-1.0	40.0	TRUE	G	2.504987E-4	60.0	0.05890416	0.8772083	28.012175	0.06131846	0.07441317	523.0	0.0
SPIKE	S131:G>C	0	13822	0.0	-1.0	0.0	TRUE	G	1.16096686E-4	6.0	0.109358914	0.9410881	10.123004	0.17798302	0.08245762	523.0	1.0
SPIKE	S131:G>T	0	13822	0.0	-1.0	0.0	TRUE	G	1.4103074E-4	0.0	0.15077966	0.9288955	12.036815	0.19070089	0.07041733	523.0	1.0
SPIKE	S132:C>T	3	13822	2.170453E-4	-1.0	40.0	TRUE	C	1.2695626E-4	26.0	0.05467968	0.93575823	28.012175	0.0713958	0.07827148	523.0	0.0
SPIKE	S132:C>A	0	13822	0.0	-1.0	0.0	TRUE	C	2.4180242E-4	132.0	0.0827562	0.88120705	12.036815	0.027604051	0.10163018	523.0	0.0
SPIKE	S132:C>G	0	13822	0.0	-1.0	0.0	TRUE	C	1.10907116E-4	8.0	0.07324528	0.9436458	10.123004	0.16340151	0.1889573	523.0	1.0
SPIKE	S133:A>G	0	13822	0.0	-1.0	0.0	TRUE	A	5.9194936E-5	17.0	0.049590517	0.9695154	36.656654	0.05064024	0.067660004	523.0	0.0
SPIKE	S133:A>C	0	13822	0.0	-1.0	0.0	TRUE	A	2.528634E-4	111.0	0.10867793	0.8761241	16.622988	0.035326388	0.08008682	523.0	0.0
SPIKE	S133:A>T	0	13822	0.0	-1.0	0.0	TRUE	A	3.4484117E-5	1.0	0.19004166	0.9821265	5.0539083	0.1164394	0.07534841	523.0	1.0
SPIKE	S134:G>A	14	13822	0.001012878	-1.0	40.0	TRUE	G	1.2107437E-4	29.0	0.05890416	0.9386413	28.012175	0.06131846	0.07441317	523.0	0.0
SPIKE	S134:G>C	0	13822	0.0	-1.0	0.0	TRUE	G	2.064348E-4	18.0	0.109358914	0.89765865	10.123004	0.17798302	0.08245762	523.0	0.0
SPIKE	S134:G>T	0	13822	0.0	-1.0	0.0	TRUE	G	1.4103074E-4	6.0	0.15077966	0.9288955	12.036815	0.19070089	0.07041733	523.0	1.0
SPIKE	S135:C>A	1	13822	7.234843E-5	-1.0	40.0	TRUE	C	6.777795E-5	37.0	0.0827562	0.96517307	12.036815	0.027604051	0.10163018	523.0	0.0
SPIKE	S135:C>T	9	13822	6.5113587E-4	-1.0	40.0	TRUE	C	2.0508318E-4	42.0	0.05467968	0.89829344	28.012175	0.0713958	0.07827148	523.0	0.0
SPIKE	S135:C>G	0	13822	0.0	-1.0	0.0	TRUE	C	1.2051543E-4	11.0	0.07324528	0.9389157	10.123004	0.16340151	0.1889573	523.0	0.0
SPIKE	S136:C>T	13	13822	9.405296E-4	-1.0	40.0	TRUE	C	1.3672213E-4	28.0	0.05467968	0.930991	28.012175	0.0713958	0.07827148	523.0	0.0
SPIKE	S136:C>A	0	13822	0.0	-1.0	0.0	TRUE	C	2.2897957E-4	125.0	0.0827562	0.8871366	12.036815	0.027604051	0.10163018	523.0	0.0
SPIKE	S136:C>G	0	13822	0.0	-1.0	0.0	TRUE	C	1.10907116E-4	8.0	0.07324528	0.9436458	10.123004	0.16340151	0.1889573	523.0	1.0
SPIKE	I137:>T	3	13817	2.1712383E-4	-1.0	39.09814	TRUE		NaN	NaN	NaN	NaN	NaN	NaN	NaN	NaN	NaN
SPIKE	D137-138:T>	5	13817	3.6187304E-4	-1.0	39.09814	TRUE		NaN	NaN	NaN	NaN	NaN	NaN	NaN	NaN	NaN
SPIKE	S137:T>A	0	13817	0.0	-1.0	0.0	TRUE	T	6.14892E-5	10.0	0.16804485	0.96835274	5.05208	0.10212044	0.068816274	523.0	0.0
SPIKE	S137:T>G	0	13817	0.0	-1.0	0.0	TRUE	T	1.8652916E-4	15.0	0.10288191	0.9070527	16.616974	0.1915224	0.07344001	523.0	0.0
SPIKE	S137:T>C	0	13817	0.0	-1.0	0.0	TRUE	T	1.2170912E-4	30.0	0.059897374	0.9383297	36.643394	0.059626643	0.07880125	523.0	0.0
SPIKE	S138:G>A	6	13817	4.3424766E-4	-1.0	38.333332	TRUE	G	1.04412225E-4	25.0	0.05890416	0.9468566	28.00204	0.06131846	0.07441317	523.0	0.0
SPIKE	D138-139:G>	2	13817	1.4474923E-4	-1.0	39.057247	TRUE		NaN	NaN	NaN	NaN	NaN	NaN	NaN	NaN	NaN
SPIKE	S138:G>C	0	13817	0.0	-1.0	0.0	TRUE	G	1.16096686E-4	3.0	0.109358914	0.9410881	10.119343	0.17798302	0.08245762	523.0	1.0
SPIKE	S138:G>T	0	13817	0.0	-1.0	0.0	TRUE	G	2.46138E-4	21.0	0.15077966	0.8792112	12.03246	0.19070089	0.07041733	523.0	0.0
SPIKE	D139-140:A>	2	13817	1.4474923E-4	-1.0	38.929363	TRUE		NaN	NaN	NaN	NaN	NaN	NaN	NaN	NaN	NaN
SPIKE	D139-141:AT>	2	13817	1.4474923E-4	-1.0	38.929363	TRUE		NaN	NaN	NaN	NaN	NaN	NaN	NaN	NaN	NaN
SPIKE	I139:>A	1	13817	7.237461E-5	-1.0	38.929363	TRUE		NaN	NaN	NaN	NaN	NaN	NaN	NaN	NaN	NaN
SPIKE	D139-143:ATTA>	1	13817	7.237461E-5	-1.0	38.929363	TRUE		NaN	NaN	NaN	NaN	NaN	NaN	NaN	NaN	NaN
SPIKE	S139:A>G	0	13817	0.0	-1.0	0.0	TRUE	A	5.5733042E-5	16.0	0.049590517	0.97127235	36.643394	0.05064024	0.067660004	523.0	0.0
SPIKE	S139:A>C	0	13817	0.0	-1.0	0.0	TRUE	A	5.5376615E-4	243.0	0.10867793	0.7485482	16.616974	0.035326388	0.08008682	523.0	0.0
SPIKE	S139:A>T	0	13817	0.0	-1.0	0.0	TRUE	A	1.5016599E-4	22.0	0.19004166	0.92446804	5.05208	0.1164394	0.07534841	523.0	0.0
SPIKE	D140-143:TTA>	2	13817	1.4474923E-4	-1.0	39.03286	TRUE		NaN	NaN	NaN	NaN	NaN	NaN	NaN	NaN	NaN
SPIKE	I140:>T	2	13817	1.4474923E-4	-1.0	39.03286	TRUE		NaN	NaN	NaN	NaN	NaN	NaN	NaN	NaN	NaN
SPIKE	D140-141:T>	13	13817	9.4086997E-4	-1.0	39.03286	TRUE		NaN	NaN	NaN	NaN	NaN	NaN	NaN	NaN	NaN
SPIKE	D140-142:TT>	1	13817	7.237461E-5	-1.0	39.03286	TRUE		NaN	NaN	NaN	NaN	NaN	NaN	NaN	NaN	NaN
SPIKE	S140:T>A	0	13817	0.0	-1.0	0.0	TRUE	T	9.223379E-5	15.0	0.16804485	0.9529067	5.05208	0.10212044	0.068816274	523.0	0.0
SPIKE	S140:T>G	0	13817	0.0	-1.0	0.0	TRUE	T	1.616586E-4	13.0	0.10288191	0.918928	16.616974	0.1915224	0.07344001	523.0	0.0
SPIKE	S140:T>C	0	13817	0.0	-1.0	0.0	TRUE	T	4.462668E-5	11.0	0.059897374	0.9769305	36.643394	0.059626643	0.07880125	523.0	0.0
SPIKE	S141:T>C	1	13815	7.238509E-5	-1.0	37.0	TRUE	T	7.70936E-5	19.0	0.059897374	0.96048206	36.63809	0.059626643	0.07880125	523.0	0.0
SPIKE	S141:T>A	0	13815	0.0	-1.0	0.0	TRUE	T	1.844943E-4	30.0	0.16804485	0.9080185	5.0513487	0.10212044	0.068816274	523.0	0.0
SPIKE	S141:T>G	0	13815	0.0	-1.0	0.0	TRUE	T	4.228606E-4	34.0	0.10288191	0.8015915	16.614569	0.1915224	0.07344001	523.0	0.0
SPIKE	D142-143:A>	7	13813	5.06769E-4	-1.0	38.921017	TRUE		NaN	NaN	NaN	NaN	NaN	NaN	NaN	NaN	NaN
SPIKE	D142-144:AG>	3	13813	2.1718671E-4	-1.0	38.921017	TRUE		NaN	NaN	NaN	NaN	NaN	NaN	NaN	NaN	NaN
SPIKE	I142:>A	2	13813	1.4479113E-4	-1.0	38.921017	TRUE		NaN	NaN	NaN	NaN	NaN	NaN	NaN	NaN	NaN
SPIKE	S142:A>G	0	13813	0.0	-1.0	0.0	TRUE	A	2.8919888E-4	83.0	0.049590517	0.8596319	36.632786	0.05064024	0.067660004	523.0	0.0
SPIKE	S142:A>C	0	13813	0.0	-1.0	0.0	TRUE	A	6.154739E-5	27.0	0.10867793	0.9683233	16.612164	0.035326388	0.08008682	523.0	0.0
SPIKE	S142:A>T	0	13813	0.0	-1.0	0.0	TRUE	A	9.558785E-5	14.0	0.19004166	0.9512366	5.0506177	0.1164394	0.07534841	523.0	0.0
SPIKE	D143-145:GC>	3	13810	2.1723389E-4	-1.0	38.954525	TRUE		NaN	NaN	NaN	NaN	NaN	NaN	NaN	NaN	NaN
SPIKE	S143:G>A	8	13810	5.792904E-4	-1.0	37.25	TRUE	G	1.4625122E-4	35.0	0.05890416	0.92636275	27.987856	0.06131846	0.07441317	523.0	0.0
SPIKE	D143-144:G>	13	13810	9.4134687E-4	-1.0	38.954525	TRUE		NaN	NaN	NaN	NaN	NaN	NaN	NaN	NaN	NaN
SPIKE	S143:G>C	0	13810	0.0	-1.0	0.0	TRUE	G	6.542782E-4	57.0	0.109358914	0.71021503	10.114216	0.17798302	0.08245762	523.0	0.0
SPIKE	S143:G>T	0	13810	0.0	-1.0	0.0	TRUE	G	1.4103074E-4	6.0	0.15077966	0.9288955	12.026364	0.19070089	0.07041733	523.0	1.0
SPIKE	S144:C>G	1	13808	7.242178E-5	4.2596874	40.0	TRUE	C	3.83847E-4	35.0	0.07324528	0.8181153	10.112751	0.16340151	0.1889573	523.0	0.0
SPIKE	S144:C>T	1	13808	7.242178E-5	-1.0	39.0	TRUE	C	1.9551536E-4	40.0	0.05467968	0.9027997	27.983803	0.0713958	0.07827148	523.0	0.0
SPIKE	D144-145:C>	8	13808	5.7937426E-4	-1.0	39.030273	TRUE		NaN	NaN	NaN	NaN	NaN	NaN	NaN	NaN	NaN
SPIKE	I144:>C	10	13808	7.2421785E-4	-1.0	39.030273	TRUE		NaN	NaN	NaN	NaN	NaN	NaN	NaN	NaN	NaN
SPIKE	I144:>AG	1	13808	7.242178E-5	-1.0	39.030273	TRUE		NaN	NaN	NaN	NaN	NaN	NaN	NaN	NaN	NaN
SPIKE	S144:C>A	0	13808	0.0	-1.0	0.0	TRUE	C	3.850757E-5	21.0	0.0827562	0.980062	12.024623	0.027604051	0.10163018	523.0	0.0
SPIKE	S145:C>T	1	13806	7.2432274E-5	-1.0	39.0	TRUE	C	1.3688057E-4	28.0	0.05467968	0.93091387	27.979748	0.0713958	0.07827148	523.0	0.0
SPIKE	S145:C>A	0	13806	0.0	-1.0	0.0	TRUE	C	3.117731E-5	17.0	0.0827562	0.98382646	12.022881	0.027604051	0.10163018	523.0	0.0
SPIKE	S145:C>G	0	13806	0.0	-1.0	0.0	TRUE	C	1.5356104E-4	14.0	0.07324528	0.92282796	10.111286	0.16340151	0.1889573	523.0	0.0
SPIKE	S146:C>T	4	13801	2.8983408E-4	13.290587	38.75	TRUE	C	3.3254467E-4	68.0	0.05467968	0.8403634	27.969616	0.0713958	0.07827148	523.0	0.0
SPIKE	S146:C>A	0	13801	0.0	-1.0	0.0	TRUE	C	6.788108E-5	37.0	0.0827562	0.965121	12.018527	0.027604051	0.10163018	523.0	0.0
SPIKE	S146:C>G	0	13801	0.0	-1.0	0.0	TRUE	C	8.448917E-4	77.0	0.07324528	0.6428278	10.107624	0.16340151	0.1889573	523.0	0.0
SPIKE	S147:G>A	6	13794	4.3497173E-4	-1.0	38.333332	TRUE	G	1.6315466E-4	39.0	0.05890416	0.9182093	27.95543	0.06131846	0.07441317	523.0	0.0
SPIKE	S147:G>C	0	13794	0.0	-1.0	0.0	TRUE	G	5.1713455E-4	45.0	0.109358914	0.76302737	10.102498	0.17798302	0.08245762	523.0	0.0
SPIKE	S147:G>T	0	13794	0.0	-1.0	0.0	TRUE	G	8.570492E-4	73.0	0.15077966	0.6387535	12.012431	0.19070089	0.07041733	523.0	0.0
SPIKE	S148:T>G	1	13789	7.252157E-5	2.0412	39.0	TRUE	T	0.0013581975	109.0	0.10288191	0.49147838	16.5833	0.1915224	0.07344001	523.0	0.0
SPIKE	S148:T>C	1	13789	7.252157E-5	-1.0	37.0	TRUE	T	2.0732565E-4	51.0	0.059897374	0.8972405	36.569134	0.059626643	0.07880125	523.0	0.0
SPIKE	S148:T>A	0	13789	0.0	-1.0	0.0	TRUE	T	3.1064836E-5	5.0	0.16804485	0.98388433	5.041842	0.10212044	0.068816274	523.0	1.0
SPIKE	S149:G>A	2	13783	1.4510629E-4	-1.0	38.5	TRUE	G	2.00966E-4	48.0	0.05890416	0.9002298	27.933136	0.06131846	0.07441317	523.0	0.0
SPIKE	S149:G>C	0	13783	0.0	-1.0	0.0	TRUE	G	9.200841E-4	80.0	0.109358914	0.61803883	10.094441	0.17798302	0.08245762	523.0	0.0
SPIKE	S149:G>T	0	13783	0.0	-1.0	0.0	TRUE	G	4.58241E-4	39.0	0.15077966	0.78689533	12.0028515	0.19070089	0.07041733	523.0	0.0
SPIKE	S150:C>A	0	13766	0.0	-1.0	0.0	TRUE	C	2.5750038E-5	14.0	0.0827562	0.986623	11.988047	0.027604051	0.10163018	523.0	0.0
SPIKE	S150:C>G	0	13766	0.0	-1.0	0.0	TRUE	C	6.3803E-4	58.0	0.07324528	0.716276	10.081991	0.16340151	0.1889573	523.0	0.0
SPIKE	S150:C>T	0	13766	0.0	-1.0	0.0	TRUE	C	5.049881E-4	103.0	0.05467968	0.76789004	27.898684	0.0713958	0.07827148	523.0	0.0
SPIKE	S151:T>A	0	13752	0.0	-1.0	0.0	TRUE	T	3.1064836E-5	3.0	0.16804485	0.98388433	5.0283136	0.10212044	0.068816274	523.0	1.0
SPIKE	S151:T>G	0	13752	0.0	-1.0	0.0	TRUE	T	0.0012244172	98.0	0.10288191	0.5270973	16.538801	0.1915224	0.07344001	523.0	0.0
SPIKE	S151:T>C	0	13752	0.0	-1.0	0.0	TRUE	T	4.5245225E-4	111.0	0.059897374	0.78928125	36.47101	0.059626643	0.07880125	523.0	0.0
SPIKE	S152:G>A	0	13734	0.0	-1.0	0.0	TRUE	G	1.3865707E-4	33.0	0.05890416	0.93004936	27.83383	0.06131846	0.07441317	523.0	0.0
SPIKE	S152:G>C	0	13734	0.0	-1.0	0.0	TRUE	G	1.16096686E-4	3.0	0.109358914	0.9410881	10.058555	0.17798302	0.08245762	523.0	1.0
SPIKE	S152:G>T	0	13734	0.0	-1.0	0.0	TRUE	G	3.41959E-4	29.0	0.15077966	0.8362359	11.96018	0.19070089	0.07041733	523.0	0.0
SPIKE	S153:G>A	0	13675	0.0	-1.0	0.0	TRUE	G	1.0127658E-4	24.0	0.05890416	0.9484107	27.71426	0.06131846	0.07441317	523.0	0.0
SPIKE	S153:G>C	0	13675	0.0	-1.0	0.0	TRUE	G	1.16096686E-4	4.0	0.109358914	0.9410881	10.015344	0.17798302	0.08245762	523.0	1.0
SPIKE	S153:G>T	0	13675	0.0	-1.0	0.0	TRUE	G	1.4103074E-4	3.0	0.15077966	0.9288955	11.9088	0.19070089	0.07041733	523.0	1.0
