#pipeline_block
reference	mutation	count	coverage	freq	score	cqs	has.reference	ancestral.allele	error.rate	minor.count.local	minor.fdr	minor.recall	minor.count.global	read.fraction.in.minors	q.filtered.read.fraction	mig.size	global.est
SPIKE	S0:T>A	0	1330	0.0	-1.0	0.0	TRUE	T	4.9827036E-6	1.0	0.48875	0.97417516	1.1310331	0.011460618	0.07335294	5251.0	1.0
SPIKE	S0:T>G	0	1330	0.0	-1.0	0.0	TRUE	T	2.4820125E-4	0.0	0.19849265	0.2716326	11.576321	0.035577673	0.15120259	5251.0	1.0
SPIKE	S0:T>C	0	1330	0.0	-1.0	0.0	TRUE	T	1.2667911E-4	9.0	0.089196146	0.5141748	12.339991	0.014990529	0.07069376	5251.0	1.0
SPIKE	S1:A>G	0	1330	0.0	-1.0	0.0	TRUE	A	1.514426E-4	19.0	0.06873971	0.4514796	12.339991	0.0113834785	0.055077106	5251.0	0.0
SPIKE	S1:A>C	0	1330	0.0	-1.0	0.0	TRUE	A	2.8824943E-5	0.0	0.04467064	0.8595384	11.576321	0.0034665416	0.053566173	5251.0	1.0
SPIKE	S1:A>T	0	1330	0.0	-1.0	0.0	TRUE	A	1.9651174E-5	0.0	0.4723913	0.9019571	1.1310331	0.043797858	0.12757508	5251.0	1.0
SPIKE	S2:G>A	0	1330	0.0	-1.0	0.0	TRUE	G	8.050515E-5	3.0	0.12068412	0.6552538	7.896639	0.015420133	0.07374129	5251.0	1.0
SPIKE	S2:G>C	0	1330	0.0	-1.0	0.0	TRUE	G	5.6074612E-5	0.0	0.2917767	0.74494284	3.416423	0.030823082	0.12395862	5251.0	1.0
SPIKE	S2:G>T	0	1330	0.0	-1.0	0.0	TRUE	G	5.2838448E-5	0.0	0.28954032	0.7577099	3.0962992	0.03194621	0.07791234	5251.0	1.0
SPIKE	S3:C>A	0	1332	0.0	-1.0	0.0	TRUE	C	3.0420875E-5	1.0	0.16951546	0.8523654	3.1009552	0.015734352	0.112217754	5251.0	1.0
SPIKE	S3:C>G	0	1332	0.0	-1.0	0.0	TRUE	C	0.0016885445	98.0	0.12088406	1.4102866E-4	3.4215608	0.026106251	0.505288	5251.0	0.0
SPIKE	S3:C>T	0	1332	0.0	-1.0	0.0	TRUE	C	2.4357761E-4	18.0	0.100782685	0.27830824	7.9085135	0.020044925	0.12217025	5251.0	0.0
SPIKE	S4:G>A	0	1333	0.0	-1.0	0.0	TRUE	G	8.050515E-5	7.0	0.12068412	0.6552538	7.914451	0.015420133	0.07374129	5251.0	1.0
SPIKE	S4:G>C	0	1333	0.0	-1.0	0.0	TRUE	G	5.6074612E-5	4.0	0.2917767	0.74494284	3.4241295	0.030823082	0.12395862	5251.0	1.0
SPIKE	S4:G>T	0	1333	0.0	-1.0	0.0	TRUE	G	5.2838448E-5	0.0	0.28954032	0.7577099	3.1032834	0.03194621	0.07791234	5251.0	1.0
SPIKE	S5:T>A	0	1333	0.0	-1.0	0.0	TRUE	T	4.9827036E-6	0.0	0.48875	0.97417516	1.1335843	0.011460618	0.07335294	5251.0	1.0
SPIKE	S5:T>G	0	1333	0.0	-1.0	0.0	TRUE	T	2.4820125E-4	6.0	0.19849265	0.2716326	11.602432	0.035577673	0.15120259	5251.0	1.0
SPIKE	S5:T>C	0	1333	0.0	-1.0	0.0	TRUE	T	1.2291162E-4	12.0	0.089196146	0.52444804	12.367825	0.014990529	0.07069376	5251.0	0.0
SPIKE	S6:G>A	1	1333	7.5018755E-4	-1.0	40.0	TRUE	G	8.050515E-5	5.0	0.12068412	0.6552538	7.914451	0.015420133	0.07374129	5251.0	1.0
SPIKE	S6:G>C	0	1333	0.0	-1.0	0.0	TRUE	G	5.6074612E-5	0.0	0.2917767	0.74494284	3.4241295	0.030823082	0.12395862	5251.0	1.0
SPIKE	S6:G>T	0	1333	0.0	-1.0	0.0	TRUE	G	5.2838448E-5	3.0	0.28954032	0.7577099	3.1032834	0.03194621	0.07791234	5251.0	1.0
SPIKE	D7-8:A>	1	1333	7.5018755E-4	-1.0	39.9985	TRUE		NaN	NaN	NaN	NaN	NaN	NaN	NaN	NaN	NaN
SPIKE	S7:A>G	0	1333	0.0	-1.0	0.0	TRUE	A	9.83579E-5	8.0	0.06873971	0.59661853	12.367825	0.0113834785	0.055077106	5251.0	1.0
SPIKE	S7:A>C	0	1333	0.0	-1.0	0.0	TRUE	A	2.8824943E-5	1.0	0.04467064	0.8595384	11.602432	0.0034665416	0.053566173	5251.0	1.0
SPIKE	S7:A>T	0	1333	0.0	-1.0	0.0	TRUE	A	1.9651174E-5	1.0	0.4723913	0.9019571	1.1335843	0.043797858	0.12757508	5251.0	1.0
SPIKE	S8:A>G	0	1333	0.0	-1.0	0.0	TRUE	A	9.83579E-5	9.0	0.06873971	0.59661853	12.367825	0.0113834785	0.055077106	5251.0	1.0
SPIKE	S8:A>C	0	1333	0.0	-1.0	0.0	TRUE	A	2.8824943E-5	0.0	0.04467064	0.8595384	11.602432	0.0034665416	0.053566173	5251.0	1.0
SPIKE	S8:A>T	0	1333	0.0	-1.0	0.0	TRUE	A	1.9651174E-5	1.0	0.4723913	0.9019571	1.1335843	0.043797858	0.12757508	5251.0	1.0
SPIKE	S9:G>A	1	1334	7.496252E-4	-1.0	40.0	TRUE	G	1.2197153E-4	12.0	0.12068412	0.52704334	7.920388	0.015420133	0.07374129	5251.0	0.0
SPIKE	S9:G>C	0	1334	0.0	-1.0	0.0	TRUE	G	5.6074612E-5	0.0	0.2917767	0.74494284	3.4266982	0.030823082	0.12395862	5251.0	1.0
SPIKE	S9:G>T	0	1334	0.0	-1.0	0.0	TRUE	G	5.2838448E-5	0.0	0.28954032	0.7577099	3.1056113	0.03194621	0.07791234	5251.0	1.0
SPIKE	D10-11:A>	2	1334	0.0014992504	-1.0	39.934784	TRUE		NaN	NaN	NaN	NaN	NaN	NaN	NaN	NaN	NaN
SPIKE	S10:A>G	0	1334	0.0	-1.0	0.0	TRUE	A	2.1456259E-4	27.0	0.06873971	0.32411134	12.377103	0.0113834785	0.055077106	5251.0	0.0
SPIKE	S10:A>C	0	1334	0.0	-1.0	0.0	TRUE	A	2.8824943E-5	1.0	0.04467064	0.8595384	11.611136	0.0034665416	0.053566173	5251.0	1.0
SPIKE	S10:A>T	0	1334	0.0	-1.0	0.0	TRUE	A	1.9651174E-5	0.0	0.4723913	0.9019571	1.1344347	0.043797858	0.12757508	5251.0	1.0
SPIKE	S11:C>T	1	1334	7.496252E-4	-1.0	40.0	TRUE	C	1.0701871E-4	9.0	0.100782685	0.5700933	7.920388	0.020044925	0.12217025	5251.0	1.0
SPIKE	S11:C>A	0	1334	0.0	-1.0	0.0	TRUE	C	3.0420875E-5	4.0	0.16951546	0.8523654	3.1056113	0.015734352	0.112217754	5251.0	1.0
SPIKE	S11:C>G	0	1334	0.0	-1.0	0.0	TRUE	C	5.895365E-5	0.0	0.12088406	0.7337656	3.4266982	0.026106251	0.505288	5251.0	1.0
SPIKE	S12:G>A	1	1334	7.496252E-4	-1.0	40.0	TRUE	G	8.050515E-5	4.0	0.12068412	0.6552538	7.920388	0.015420133	0.07374129	5251.0	1.0
SPIKE	S12:G>C	0	1334	0.0	-1.0	0.0	TRUE	G	5.6074612E-5	5.0	0.2917767	0.74494284	3.4266982	0.030823082	0.12395862	5251.0	1.0
SPIKE	S12:G>T	0	1334	0.0	-1.0	0.0	TRUE	G	5.2838448E-5	0.0	0.28954032	0.7577099	3.1056113	0.03194621	0.07791234	5251.0	1.0
SPIKE	D13-14:A>	1	1334	7.496252E-4	-1.0	39.964767	TRUE		NaN	NaN	NaN	NaN	NaN	NaN	NaN	NaN	NaN
SPIKE	S13:A>G	0	1334	0.0	-1.0	0.0	TRUE	A	4.9269927E-4	62.0	0.06873971	0.075233094	12.377103	0.0113834785	0.055077106	5251.0	0.0
SPIKE	S13:A>C	0	1334	0.0	-1.0	0.0	TRUE	A	2.8824943E-5	1.0	0.04467064	0.8595384	11.611136	0.0034665416	0.053566173	5251.0	1.0
SPIKE	S13:A>T	0	1334	0.0	-1.0	0.0	TRUE	A	1.9651174E-5	1.0	0.4723913	0.9019571	1.1344347	0.043797858	0.12757508	5251.0	1.0
SPIKE	S14:C>A	0	1334	0.0	-1.0	0.0	TRUE	C	3.0420875E-5	6.0	0.16951546	0.8523654	3.1056113	0.015734352	0.112217754	5251.0	1.0
SPIKE	S14:C>G	0	1334	0.0	-1.0	0.0	TRUE	C	5.895365E-5	0.0	0.12088406	0.7337656	3.4266982	0.026106251	0.505288	5251.0	1.0
SPIKE	S14:C>T	0	1334	0.0	-1.0	0.0	TRUE	C	1.0701871E-4	8.0	0.100782685	0.5700933	7.920388	0.020044925	0.12217025	5251.0	1.0
SPIKE	S15:A>G	0	1334	0.0	-1.0	0.0	TRUE	A	8.7414395E-5	11.0	0.06873971	0.63190705	12.377103	0.0113834785	0.055077106	5251.0	0.0
SPIKE	S15:A>C	0	1334	0.0	-1.0	0.0	TRUE	A	2.8824943E-5	4.0	0.04467064	0.8595384	11.611136	0.0034665416	0.053566173	5251.0	1.0
SPIKE	S15:A>T	0	1334	0.0	-1.0	0.0	TRUE	A	1.9651174E-5	0.0	0.4723913	0.9019571	1.1344347	0.043797858	0.12757508	5251.0	1.0
SPIKE	S16:G>A	0	1334	0.0	-1.0	0.0	TRUE	G	1.1180723E-4	11.0	0.12068412	0.5559373	7.920388	0.015420133	0.07374129	5251.0	0.0
SPIKE	S16:G>C	0	1334	0.0	-1.0	0.0	TRUE	G	5.6074612E-5	0.0	0.2917767	0.74494284	3.4266982	0.030823082	0.12395862	5251.0	1.0
SPIKE	S16:G>T	0	1334	0.0	-1.0	0.0	TRUE	G	5.2838448E-5	0.0	0.28954032	0.7577099	3.1056113	0.03194621	0.07791234	5251.0	1.0
SPIKE	S17:A>G	0	1334	0.0	-1.0	0.0	TRUE	A	4.7680578E-4	60.0	0.06873971	0.08178126	12.377103	0.0113834785	0.055077106	5251.0	0.0
SPIKE	S17:A>C	0	1334	0.0	-1.0	0.0	TRUE	A	2.8824943E-5	0.0	0.04467064	0.8595384	11.611136	0.0034665416	0.053566173	5251.0	1.0
SPIKE	S17:A>T	0	1334	0.0	-1.0	0.0	TRUE	A	1.9651174E-5	0.0	0.4723913	0.9019571	1.1344347	0.043797858	0.12757508	5251.0	1.0
SPIKE	S18:A>G	0	1334	0.0	-1.0	0.0	TRUE	A	1.3509498E-4	17.0	0.06873971	0.4919473	12.377103	0.0113834785	0.055077106	5251.0	0.0
SPIKE	S18:A>C	0	1334	0.0	-1.0	0.0	TRUE	A	2.8824943E-5	0.0	0.04467064	0.8595384	11.611136	0.0034665416	0.053566173	5251.0	1.0
SPIKE	S18:A>T	0	1334	0.0	-1.0	0.0	TRUE	A	1.9651174E-5	0.0	0.4723913	0.9019571	1.1344347	0.043797858	0.12757508	5251.0	1.0
SPIKE	S19:C>A	0	1334	0.0	-1.0	0.0	TRUE	C	3.0420875E-5	4.0	0.16951546	0.8523654	3.1056113	0.015734352	0.112217754	5251.0	1.0
SPIKE	S19:C>G	0	1334	0.0	-1.0	0.0	TRUE	C	5.895365E-5	0.0	0.12088406	0.7337656	3.4266982	0.026106251	0.505288	5251.0	1.0
SPIKE	S19:C>T	0	1334	0.0	-1.0	0.0	TRUE	C	1.0701871E-4	9.0	0.100782685	0.5700933	7.920388	0.020044925	0.12217025	5251.0	1.0
SPIKE	S20:C>A	0	1334	0.0	-1.0	0.0	TRUE	C	3.0420875E-5	1.0	0.16951546	0.8523654	3.1056113	0.015734352	0.112217754	5251.0	1.0
SPIKE	S20:C>G	0	1334	0.0	-1.0	0.0	TRUE	C	5.895365E-5	0.0	0.12088406	0.7337656	3.4266982	0.026106251	0.505288	5251.0	1.0
SPIKE	S20:C>T	0	1334	0.0	-1.0	0.0	TRUE	C	1.0701871E-4	4.0	0.100782685	0.5700933	7.920388	0.020044925	0.12217025	5251.0	1.0
SPIKE	S21:A>G	0	1334	0.0	-1.0	0.0	TRUE	A	1.271482E-4	16.0	0.06873971	0.5129098	12.377103	0.0113834785	0.055077106	5251.0	0.0
SPIKE	S21:A>C	0	1334	0.0	-1.0	0.0	TRUE	A	2.8824943E-5	4.0	0.04467064	0.8595384	11.611136	0.0034665416	0.053566173	5251.0	1.0
SPIKE	S21:A>T	0	1334	0.0	-1.0	0.0	TRUE	A	1.9651174E-5	1.0	0.4723913	0.9019571	1.1344347	0.043797858	0.12757508	5251.0	1.0
SPIKE	S22:A>G	1333	1334	0.99925035	-1.0	39.99925	TRUE	G	9.83579E-5	0.0	0.06873971	0.59661853	12.377103	0.0113834785	0.055077106	5251.0	1.0
SPIKE	S22:A>C	0	1334	0.0	-1.0	0.0	TRUE	G	2.8824943E-5	0.0	0.04467064	0.8595384	11.611136	0.0034665416	0.053566173	5251.0	1.0
SPIKE	S22:A>T	0	1334	0.0	-1.0	0.0	TRUE	G	1.9651174E-5	0.0	0.4723913	0.9019571	1.1344347	0.043797858	0.12757508	5251.0	1.0
SPIKE	S23:A>G	0	1334	0.0	-1.0	0.0	TRUE	A	9.83579E-5	4.0	0.06873971	0.59661853	12.377103	0.0113834785	0.055077106	5251.0	1.0
SPIKE	S23:A>C	0	1334	0.0	-1.0	0.0	TRUE	A	2.8824943E-5	0.0	0.04467064	0.8595384	11.611136	0.0034665416	0.053566173	5251.0	1.0
SPIKE	S23:A>T	0	1334	0.0	-1.0	0.0	TRUE	A	1.9651174E-5	0.0	0.4723913	0.9019571	1.1344347	0.043797858	0.12757508	5251.0	1.0
SPIKE	S24:A>G	0	1334	0.0	-1.0	0.0	TRUE	A	9.83579E-5	0.0	0.06873971	0.59661853	12.377103	0.0113834785	0.055077106	5251.0	1.0
SPIKE	S24:A>C	0	1334	0.0	-1.0	0.0	TRUE	A	2.8824943E-5	0.0	0.04467064	0.8595384	11.611136	0.0034665416	0.053566173	5251.0	1.0
SPIKE	S24:A>T	0	1334	0.0	-1.0	0.0	TRUE	A	1.9651174E-5	0.0	0.4723913	0.9019571	1.1344347	0.043797858	0.12757508	5251.0	1.0
SPIKE	S25:A>C	1334	1334	1.0	-1.0	39.99325	FALSE	C	2.8824943E-5	0.0	0.04467064	0.8595384	11.611136	0.0034665416	0.053566173	5251.0	1.0
SPIKE	S25:A>G	0	1334	0.0	-1.0	0.0	FALSE	C	9.83579E-5	0.0	0.06873971	0.59661853	12.377103	0.0113834785	0.055077106	5251.0	1.0
SPIKE	S25:A>T	0	1334	0.0	-1.0	0.0	FALSE	C	1.9651174E-5	0.0	0.4723913	0.9019571	1.1344347	0.043797858	0.12757508	5251.0	1.0
SPIKE	S26:T>A	0	1334	0.0	-1.0	0.0	TRUE	T	4.9827036E-6	0.0	0.48875	0.97417516	1.1344347	0.011460618	0.07335294	5251.0	1.0
SPIKE	S26:T>G	0	1334	0.0	-1.0	0.0	TRUE	T	2.4820125E-4	0.0	0.19849265	0.2716326	11.611136	0.035577673	0.15120259	5251.0	1.0
SPIKE	S26:T>C	0	1334	0.0	-1.0	0.0	TRUE	T	1.4328939E-4	14.0	0.089196146	0.4712283	12.377103	0.014990529	0.07069376	5251.0	0.0
SPIKE	S27:G>A	0	1334	0.0	-1.0	0.0	TRUE	G	8.050515E-5	2.0	0.12068412	0.6552538	7.920388	0.015420133	0.07374129	5251.0	1.0
SPIKE	S27:G>C	0	1334	0.0	-1.0	0.0	TRUE	G	5.6074612E-5	0.0	0.2917767	0.74494284	3.4266982	0.030823082	0.12395862	5251.0	1.0
SPIKE	S27:G>T	0	1334	0.0	-1.0	0.0	TRUE	G	5.2838448E-5	4.0	0.28954032	0.7577099	3.1056113	0.03194621	0.07791234	5251.0	1.0
SPIKE	S28:G>A	0	1334	0.0	-1.0	0.0	TRUE	G	8.050515E-5	7.0	0.12068412	0.6552538	7.920388	0.015420133	0.07374129	5251.0	1.0
SPIKE	S28:G>C	0	1334	0.0	-1.0	0.0	TRUE	G	5.6074612E-5	0.0	0.2917767	0.74494284	3.4266982	0.030823082	0.12395862	5251.0	1.0
SPIKE	S28:G>T	0	1334	0.0	-1.0	0.0	TRUE	G	5.2838448E-5	0.0	0.28954032	0.7577099	3.1056113	0.03194621	0.07791234	5251.0	1.0
SPIKE	S29:G>A	0	1334	0.0	-1.0	0.0	TRUE	G	8.050515E-5	6.0	0.12068412	0.6552538	7.920388	0.015420133	0.07374129	5251.0	1.0
SPIKE	S29:G>C	0	1334	0.0	-1.0	0.0	TRUE	G	5.6074612E-5	0.0	0.2917767	0.74494284	3.4266982	0.030823082	0.12395862	5251.0	1.0
SPIKE	S29:G>T	0	1334	0.0	-1.0	0.0	TRUE	G	5.2838448E-5	0.0	0.28954032	0.7577099	3.1056113	0.03194621	0.07791234	5251.0	1.0
SPIKE	S30:A>G	0	1334	0.0	-1.0	0.0	TRUE	A	1.5893526E-4	20.0	0.06873971	0.4340615	12.377103	0.0113834785	0.055077106	5251.0	0.0
SPIKE	S30:A>C	0	1334	0.0	-1.0	0.0	TRUE	A	2.8824943E-5	1.0	0.04467064	0.8595384	11.611136	0.0034665416	0.053566173	5251.0	1.0
SPIKE	S30:A>T	0	1334	0.0	-1.0	0.0	TRUE	A	1.9651174E-5	1.0	0.4723913	0.9019571	1.1344347	0.043797858	0.12757508	5251.0	1.0
SPIKE	S31:T>A	0	1334	0.0	-1.0	0.0	TRUE	T	4.9827036E-6	5.0	0.48875	0.97417516	1.1344347	0.011460618	0.07335294	5251.0	1.0
SPIKE	S31:T>G	0	1334	0.0	-1.0	0.0	TRUE	T	2.4820125E-4	0.0	0.19849265	0.2716326	11.611136	0.035577673	0.15120259	5251.0	1.0
SPIKE	S31:T>C	0	1334	0.0	-1.0	0.0	TRUE	T	1.2667911E-4	9.0	0.089196146	0.5141748	12.377103	0.014990529	0.07069376	5251.0	1.0
SPIKE	S32:C>A	0	1334	0.0	-1.0	0.0	TRUE	C	3.0420875E-5	0.0	0.16951546	0.8523654	3.1056113	0.015734352	0.112217754	5251.0	1.0
SPIKE	S32:C>G	0	1334	0.0	-1.0	0.0	TRUE	C	5.895365E-5	0.0	0.12088406	0.7337656	3.4266982	0.026106251	0.505288	5251.0	1.0
SPIKE	S32:C>T	0	1334	0.0	-1.0	0.0	TRUE	C	1.0701871E-4	9.0	0.100782685	0.5700933	7.920388	0.020044925	0.12217025	5251.0	1.0
SPIKE	S33:C>A	0	1334	0.0	-1.0	0.0	TRUE	C	3.0420875E-5	0.0	0.16951546	0.8523654	3.1056113	0.015734352	0.112217754	5251.0	1.0
SPIKE	S33:C>G	0	1334	0.0	-1.0	0.0	TRUE	C	5.895365E-5	0.0	0.12088406	0.7337656	3.4266982	0.026106251	0.505288	5251.0	1.0
SPIKE	S33:C>T	0	1334	0.0	-1.0	0.0	TRUE	C	1.0701871E-4	5.0	0.100782685	0.5700933	7.920388	0.020044925	0.12217025	5251.0	1.0
SPIKE	S34:A>G	0	1334	0.0	-1.0	0.0	TRUE	A	9.83579E-5	5.0	0.06873971	0.59661853	12.377103	0.0113834785	0.055077106	5251.0	1.0
SPIKE	S34:A>C	0	1334	0.0	-1.0	0.0	TRUE	A	2.8824943E-5	5.0	0.04467064	0.8595384	11.611136	0.0034665416	0.053566173	5251.0	1.0
SPIKE	S34:A>T	0	1334	0.0	-1.0	0.0	TRUE	A	1.9651174E-5	0.0	0.4723913	0.9019571	1.1344347	0.043797858	0.12757508	5251.0	1.0
SPIKE	S35:T>A	0	1334	0.0	-1.0	0.0	TRUE	T	4.9827036E-6	4.0	0.48875	0.97417516	1.1344347	0.011460618	0.07335294	5251.0	1.0
SPIKE	S35:T>G	0	1334	0.0	-1.0	0.0	TRUE	T	2.4820125E-4	0.0	0.19849265	0.2716326	11.611136	0.035577673	0.15120259	5251.0	1.0
SPIKE	S35:T>C	0	1334	0.0	-1.0	0.0	TRUE	T	1.2281947E-4	12.0	0.089196146	0.52470183	12.377103	0.014990529	0.07069376	5251.0	0.0
SPIKE	S36:T>A	0	1334	0.0	-1.0	0.0	TRUE	T	4.9827036E-6	0.0	0.48875	0.97417516	1.1344347	0.011460618	0.07335294	5251.0	1.0
SPIKE	S36:T>G	0	1334	0.0	-1.0	0.0	TRUE	T	2.4820125E-4	0.0	0.19849265	0.2716326	11.611136	0.035577673	0.15120259	5251.0	1.0
SPIKE	S36:T>C	0	1334	0.0	-1.0	0.0	TRUE	T	1.2667911E-4	2.0	0.089196146	0.5141748	12.377103	0.014990529	0.07069376	5251.0	1.0
SPIKE	S37:A>G	0	1334	0.0	-1.0	0.0	TRUE	A	9.83579E-5	7.0	0.06873971	0.59661853	12.377103	0.0113834785	0.055077106	5251.0	1.0
SPIKE	S37:A>C	0	1334	0.0	-1.0	0.0	TRUE	A	2.8824943E-5	0.0	0.04467064	0.8595384	11.611136	0.0034665416	0.053566173	5251.0	1.0
SPIKE	S37:A>T	0	1334	0.0	-1.0	0.0	TRUE	A	1.9651174E-5	4.0	0.4723913	0.9019571	1.1344347	0.043797858	0.12757508	5251.0	1.0
SPIKE	S38:T>A	0	1334	0.0	-1.0	0.0	TRUE	T	4.9827036E-6	3.0	0.48875	0.97417516	1.1344347	0.011460618	0.07335294	5251.0	1.0
SPIKE	S38:T>G	0	1334	0.0	-1.0	0.0	TRUE	T	2.4820125E-4	0.0	0.19849265	0.2716326	11.611136	0.035577673	0.15120259	5251.0	1.0
SPIKE	S38:T>C	0	1334	0.0	-1.0	0.0	TRUE	T	1.2667911E-4	3.0	0.089196146	0.5141748	12.377103	0.014990529	0.07069376	5251.0	1.0
SPIKE	S39:C>A	0	1334	0.0	-1.0	0.0	TRUE	C	3.0420875E-5	0.0	0.16951546	0.8523654	3.1056113	0.015734352	0.112217754	5251.0	1.0
SPIKE	S39:C>G	0	1334	0.0	-1.0	0.0	TRUE	C	5.895365E-5	0.0	0.12088406	0.7337656	3.4266982	0.026106251	0.505288	5251.0	1.0
SPIKE	S39:C>T	0	1334	0.0	-1.0	0.0	TRUE	C	1.0701871E-4	6.0	0.100782685	0.5700933	7.920388	0.020044925	0.12217025	5251.0	1.0
SPIKE	S40:G>A	0	1334	0.0	-1.0	0.0	TRUE	G	8.050515E-5	8.0	0.12068412	0.6552538	7.920388	0.015420133	0.07374129	5251.0	1.0
SPIKE	S40:G>C	0	1334	0.0	-1.0	0.0	TRUE	G	5.6074612E-5	4.0	0.2917767	0.74494284	3.4266982	0.030823082	0.12395862	5251.0	1.0
SPIKE	S40:G>T	0	1334	0.0	-1.0	0.0	TRUE	G	5.2838448E-5	1.0	0.28954032	0.7577099	3.1056113	0.03194621	0.07791234	5251.0	1.0
SPIKE	S41:G>A	0	1334	0.0	-1.0	0.0	TRUE	G	8.050515E-5	5.0	0.12068412	0.6552538	7.920388	0.015420133	0.07374129	5251.0	1.0
SPIKE	S41:G>C	0	1334	0.0	-1.0	0.0	TRUE	G	5.6074612E-5	0.0	0.2917767	0.74494284	3.4266982	0.030823082	0.12395862	5251.0	1.0
SPIKE	S41:G>T	0	1334	0.0	-1.0	0.0	TRUE	G	5.2838448E-5	0.0	0.28954032	0.7577099	3.1056113	0.03194621	0.07791234	5251.0	1.0
SPIKE	S42:C>A	0	1334	0.0	-1.0	0.0	TRUE	C	3.0420875E-5	1.0	0.16951546	0.8523654	3.1056113	0.015734352	0.112217754	5251.0	1.0
SPIKE	S42:C>G	0	1334	0.0	-1.0	0.0	TRUE	C	5.895365E-5	4.0	0.12088406	0.7337656	3.4266982	0.026106251	0.505288	5251.0	1.0
SPIKE	S42:C>T	0	1334	0.0	-1.0	0.0	TRUE	C	1.7565342E-4	13.0	0.100782685	0.3975812	7.920388	0.020044925	0.12217025	5251.0	0.0
SPIKE	S43:G>A	0	1334	0.0	-1.0	0.0	TRUE	G	8.050515E-5	8.0	0.12068412	0.6552538	7.920388	0.015420133	0.07374129	5251.0	1.0
SPIKE	S43:G>C	0	1334	0.0	-1.0	0.0	TRUE	G	5.6074612E-5	4.0	0.2917767	0.74494284	3.4266982	0.030823082	0.12395862	5251.0	1.0
SPIKE	S43:G>T	0	1334	0.0	-1.0	0.0	TRUE	G	5.2838448E-5	0.0	0.28954032	0.7577099	3.1056113	0.03194621	0.07791234	5251.0	1.0
SPIKE	S44:G>A	1	1334	7.496252E-4	-1.0	40.0	TRUE	G	1.9312158E-4	19.0	0.12068412	0.36273548	7.920388	0.015420133	0.07374129	5251.0	0.0
SPIKE	S44:G>C	0	1334	0.0	-1.0	0.0	TRUE	G	5.6074612E-5	0.0	0.2917767	0.74494284	3.4266982	0.030823082	0.12395862	5251.0	1.0
SPIKE	S44:G>T	0	1334	0.0	-1.0	0.0	TRUE	G	5.2838448E-5	0.0	0.28954032	0.7577099	3.1056113	0.03194621	0.07791234	5251.0	1.0
SPIKE	S45:C>A	0	1334	0.0	-1.0	0.0	TRUE	C	3.0420875E-5	0.0	0.16951546	0.8523654	3.1056113	0.015734352	0.112217754	5251.0	1.0
SPIKE	S45:C>G	0	1334	0.0	-1.0	0.0	TRUE	C	5.895365E-5	4.0	0.12088406	0.7337656	3.4266982	0.026106251	0.505288	5251.0	1.0
SPIKE	S45:C>T	0	1334	0.0	-1.0	0.0	TRUE	C	1.0701871E-4	5.0	0.100782685	0.5700933	7.920388	0.020044925	0.12217025	5251.0	1.0
SPIKE	S46:G>T	1	1334	7.496252E-4	-1.0	40.0	TRUE	G	5.2838448E-5	0.0	0.28954032	0.7577099	3.1056113	0.03194621	0.07791234	5251.0	1.0
SPIKE	S46:G>A	0	1334	0.0	-1.0	0.0	TRUE	G	8.050515E-5	9.0	0.12068412	0.6552538	7.920388	0.015420133	0.07374129	5251.0	1.0
SPIKE	S46:G>C	0	1334	0.0	-1.0	0.0	TRUE	G	5.6074612E-5	4.0	0.2917767	0.74494284	3.4266982	0.030823082	0.12395862	5251.0	1.0
SPIKE	S47:A>G	0	1334	0.0	-1.0	0.0	TRUE	A	9.83579E-5	5.0	0.06873971	0.59661853	12.377103	0.0113834785	0.055077106	5251.0	1.0
SPIKE	S47:A>C	0	1334	0.0	-1.0	0.0	TRUE	A	2.8824943E-5	0.0	0.04467064	0.8595384	11.611136	0.0034665416	0.053566173	5251.0	1.0
SPIKE	S47:A>T	0	1334	0.0	-1.0	0.0	TRUE	A	1.9651174E-5	0.0	0.4723913	0.9019571	1.1344347	0.043797858	0.12757508	5251.0	1.0
SPIKE	S48:A>G	0	1334	0.0	-1.0	0.0	TRUE	A	9.83579E-5	1.0	0.06873971	0.59661853	12.377103	0.0113834785	0.055077106	5251.0	1.0
SPIKE	S48:A>C	0	1334	0.0	-1.0	0.0	TRUE	A	2.8824943E-5	0.0	0.04467064	0.8595384	11.611136	0.0034665416	0.053566173	5251.0	1.0
SPIKE	S48:A>T	0	1334	0.0	-1.0	0.0	TRUE	A	1.9651174E-5	0.0	0.4723913	0.9019571	1.1344347	0.043797858	0.12757508	5251.0	1.0
SPIKE	S49:T>A	0	1334	0.0	-1.0	0.0	TRUE	T	4.9827036E-6	4.0	0.48875	0.97417516	1.1344347	0.011460618	0.07335294	5251.0	1.0
SPIKE	S49:T>G	0	1334	0.0	-1.0	0.0	TRUE	T	2.4820125E-4	0.0	0.19849265	0.2716326	11.611136	0.035577673	0.15120259	5251.0	1.0
SPIKE	S49:T>C	0	1334	0.0	-1.0	0.0	TRUE	T	1.2667911E-4	1.0	0.089196146	0.5141748	12.377103	0.014990529	0.07069376	5251.0	1.0
SPIKE	S50:T>A	0	1334	0.0	-1.0	0.0	TRUE	T	4.9827036E-6	0.0	0.48875	0.97417516	1.1344347	0.011460618	0.07335294	5251.0	1.0
SPIKE	S50:T>G	0	1334	0.0	-1.0	0.0	TRUE	T	2.4820125E-4	0.0	0.19849265	0.2716326	11.611136	0.035577673	0.15120259	5251.0	1.0
SPIKE	S50:T>C	0	1334	0.0	-1.0	0.0	TRUE	T	1.2667911E-4	2.0	0.089196146	0.5141748	12.377103	0.014990529	0.07069376	5251.0	1.0
SPIKE	S51:T>A	0	1334	0.0	-1.0	0.0	TRUE	T	4.9827036E-6	0.0	0.48875	0.97417516	1.1344347	0.011460618	0.07335294	5251.0	1.0
SPIKE	S51:T>G	0	1334	0.0	-1.0	0.0	TRUE	T	2.4820125E-4	0.0	0.19849265	0.2716326	11.611136	0.035577673	0.15120259	5251.0	1.0
SPIKE	S51:T>C	0	1334	0.0	-1.0	0.0	TRUE	T	1.2667911E-4	3.0	0.089196146	0.5141748	12.377103	0.014990529	0.07069376	5251.0	1.0
SPIKE	S52:A>G	0	1334	0.0	-1.0	0.0	TRUE	A	9.83579E-5	1.0	0.06873971	0.59661853	12.377103	0.0113834785	0.055077106	5251.0	1.0
SPIKE	S52:A>C	0	1334	0.0	-1.0	0.0	TRUE	A	2.8824943E-5	2.0	0.04467064	0.8595384	11.611136	0.0034665416	0.053566173	5251.0	1.0
SPIKE	S52:A>T	0	1334	0.0	-1.0	0.0	TRUE	A	1.9651174E-5	2.0	0.4723913	0.9019571	1.1344347	0.043797858	0.12757508	5251.0	1.0
SPIKE	S53:C>A	0	1334	0.0	-1.0	0.0	TRUE	C	3.0420875E-5	2.0	0.16951546	0.8523654	3.1056113	0.015734352	0.112217754	5251.0	1.0
SPIKE	S53:C>G	0	1334	0.0	-1.0	0.0	TRUE	C	5.895365E-5	0.0	0.12088406	0.7337656	3.4266982	0.026106251	0.505288	5251.0	1.0
SPIKE	S53:C>T	0	1334	0.0	-1.0	0.0	TRUE	C	1.0701871E-4	9.0	0.100782685	0.5700933	7.920388	0.020044925	0.12217025	5251.0	1.0
SPIKE	S54:C>T	1	1334	7.496252E-4	-1.0	40.0	TRUE	C	1.0701871E-4	7.0	0.100782685	0.5700933	7.920388	0.020044925	0.12217025	5251.0	1.0
SPIKE	S54:C>A	0	1334	0.0	-1.0	0.0	TRUE	C	3.0420875E-5	0.0	0.16951546	0.8523654	3.1056113	0.015734352	0.112217754	5251.0	1.0
SPIKE	S54:C>G	0	1334	0.0	-1.0	0.0	TRUE	C	5.895365E-5	0.0	0.12088406	0.7337656	3.4266982	0.026106251	0.505288	5251.0	1.0
SPIKE	S55:A>G	0	1334	0.0	-1.0	0.0	TRUE	A	4.68859E-4	59.0	0.06873971	0.08526607	12.377103	0.0113834785	0.055077106	5251.0	0.0
SPIKE	S55:A>C	0	1334	0.0	-1.0	0.0	TRUE	A	4.4685457E-5	18.0	0.04467064	0.79085284	11.611136	0.0034665416	0.053566173	5251.0	0.0
SPIKE	S55:A>T	0	1334	0.0	-1.0	0.0	TRUE	A	1.9651174E-5	0.0	0.4723913	0.9019571	1.1344347	0.043797858	0.12757508	5251.0	1.0
SPIKE	S56:C>A	0	1334	0.0	-1.0	0.0	TRUE	C	3.0420875E-5	4.0	0.16951546	0.8523654	3.1056113	0.015734352	0.112217754	5251.0	1.0
SPIKE	S56:C>G	0	1334	0.0	-1.0	0.0	TRUE	C	5.895365E-5	0.0	0.12088406	0.7337656	3.4266982	0.026106251	0.505288	5251.0	1.0
SPIKE	S56:C>T	0	1334	0.0	-1.0	0.0	TRUE	C	1.0701871E-4	8.0	0.100782685	0.5700933	7.920388	0.020044925	0.12217025	5251.0	1.0
SPIKE	S57:C>A	0	1334	0.0	-1.0	0.0	TRUE	C	3.0420875E-5	1.0	0.16951546	0.8523654	3.1056113	0.015734352	0.112217754	5251.0	1.0
SPIKE	S57:C>G	0	1334	0.0	-1.0	0.0	TRUE	C	5.895365E-5	0.0	0.12088406	0.7337656	3.4266982	0.026106251	0.505288	5251.0	1.0
SPIKE	S57:C>T	0	1334	0.0	-1.0	0.0	TRUE	C	1.0701871E-4	6.0	0.100782685	0.5700933	7.920388	0.020044925	0.12217025	5251.0	1.0
SPIKE	S58:A>G	0	1334	0.0	-1.0	0.0	TRUE	A	9.83579E-5	9.0	0.06873971	0.59661853	12.377103	0.0113834785	0.055077106	5251.0	1.0
SPIKE	S58:A>C	0	1334	0.0	-1.0	0.0	TRUE	A	2.8824943E-5	4.0	0.04467064	0.8595384	11.611136	0.0034665416	0.053566173	5251.0	1.0
SPIKE	S58:A>T	0	1334	0.0	-1.0	0.0	TRUE	A	1.9651174E-5	0.0	0.4723913	0.9019571	1.1344347	0.043797858	0.12757508	5251.0	1.0
SPIKE	S59:T>A	1	1334	7.496252E-4	-1.0	40.0	TRUE	T	4.9827036E-6	4.0	0.48875	0.97417516	1.1344347	0.011460618	0.07335294	5251.0	1.0
SPIKE	S59:T>G	0	1334	0.0	-1.0	0.0	TRUE	T	2.4820125E-4	0.0	0.19849265	0.2716326	11.611136	0.035577673	0.15120259	5251.0	1.0
SPIKE	S59:T>C	0	1334	0.0	-1.0	0.0	TRUE	T	1.3305443E-4	13.0	0.089196146	0.49724677	12.377103	0.014990529	0.07069376	5251.0	0.0
SPIKE	S60:T>C	1	1334	7.496252E-4	-1.0	40.0	TRUE	T	1.2667911E-4	3.0	0.089196146	0.5141748	12.377103	0.014990529	0.07069376	5251.0	1.0
SPIKE	S60:T>A	0	1334	0.0	-1.0	0.0	TRUE	T	4.9827036E-6	1.0	0.48875	0.97417516	1.1344347	0.011460618	0.07335294	5251.0	1.0
SPIKE	S60:T>G	0	1334	0.0	-1.0	0.0	TRUE	T	2.4820125E-4	0.0	0.19849265	0.2716326	11.611136	0.035577673	0.15120259	5251.0	1.0
SPIKE	S61:G>A	1	1334	7.496252E-4	-1.0	40.0	TRUE	G	8.050515E-5	0.0	0.12068412	0.6552538	7.920388	0.015420133	0.07374129	5251.0	1.0
SPIKE	S61:G>C	0	1334	0.0	-1.0	0.0	TRUE	G	5.6074612E-5	0.0	0.2917767	0.74494284	3.4266982	0.030823082	0.12395862	5251.0	1.0
SPIKE	S61:G>T	0	1334	0.0	-1.0	0.0	TRUE	G	5.2838448E-5	4.0	0.28954032	0.7577099	3.1056113	0.03194621	0.07791234	5251.0	1.0
SPIKE	S62:A>G	0	1334	0.0	-1.0	0.0	TRUE	A	9.83579E-5	4.0	0.06873971	0.59661853	12.377103	0.0113834785	0.055077106	5251.0	1.0
SPIKE	S62:A>C	0	1334	0.0	-1.0	0.0	TRUE	A	2.8824943E-5	0.0	0.04467064	0.8595384	11.611136	0.0034665416	0.053566173	5251.0	1.0
SPIKE	S62:A>T	0	1334	0.0	-1.0	0.0	TRUE	A	1.9651174E-5	0.0	0.4723913	0.9019571	1.1344347	0.043797858	0.12757508	5251.0	1.0
SPIKE	S63:A>G	0	1334	0.0	-1.0	0.0	TRUE	A	9.83579E-5	4.0	0.06873971	0.59661853	12.377103	0.0113834785	0.055077106	5251.0	1.0
SPIKE	S63:A>C	0	1334	0.0	-1.0	0.0	TRUE	A	2.8824943E-5	0.0	0.04467064	0.8595384	11.611136	0.0034665416	0.053566173	5251.0	1.0
SPIKE	S63:A>T	0	1334	0.0	-1.0	0.0	TRUE	A	1.9651174E-5	0.0	0.4723913	0.9019571	1.1344347	0.043797858	0.12757508	5251.0	1.0
SPIKE	S64:A>G	0	1334	0.0	-1.0	0.0	TRUE	A	7.946763E-5	10.0	0.06873971	0.65883344	12.377103	0.0113834785	0.055077106	5251.0	0.0
SPIKE	S64:A>C	0	1334	0.0	-1.0	0.0	TRUE	A	2.8824943E-5	1.0	0.04467064	0.8595384	11.611136	0.0034665416	0.053566173	5251.0	1.0
SPIKE	S64:A>T	0	1334	0.0	-1.0	0.0	TRUE	A	1.9651174E-5	0.0	0.4723913	0.9019571	1.1344347	0.043797858	0.12757508	5251.0	1.0
SPIKE	S65:A>G	0	1334	0.0	-1.0	0.0	TRUE	A	1.6688202E-4	21.0	0.06873971	0.4163215	12.377103	0.0113834785	0.055077106	5251.0	0.0
SPIKE	S65:A>C	0	1334	0.0	-1.0	0.0	TRUE	A	4.4685457E-5	18.0	0.04467064	0.79085284	11.611136	0.0034665416	0.053566173	5251.0	0.0
SPIKE	S65:A>T	0	1334	0.0	-1.0	0.0	TRUE	A	1.9651174E-5	0.0	0.4723913	0.9019571	1.1344347	0.043797858	0.12757508	5251.0	1.0
SPIKE	S66:C>A	0	1334	0.0	-1.0	0.0	TRUE	C	3.0420875E-5	1.0	0.16951546	0.8523654	3.1056113	0.015734352	0.112217754	5251.0	1.0
SPIKE	S66:C>G	0	1334	0.0	-1.0	0.0	TRUE	C	5.895365E-5	0.0	0.12088406	0.7337656	3.4266982	0.026106251	0.505288	5251.0	1.0
SPIKE	S66:C>T	0	1334	0.0	-1.0	0.0	TRUE	C	1.0701871E-4	9.0	0.100782685	0.5700933	7.920388	0.020044925	0.12217025	5251.0	1.0
SPIKE	S67:C>A	0	1334	0.0	-1.0	0.0	TRUE	C	3.0420875E-5	4.0	0.16951546	0.8523654	3.1056113	0.015734352	0.112217754	5251.0	1.0
SPIKE	S67:C>G	0	1334	0.0	-1.0	0.0	TRUE	C	5.895365E-5	0.0	0.12088406	0.7337656	3.4266982	0.026106251	0.505288	5251.0	1.0
SPIKE	S67:C>T	0	1334	0.0	-1.0	0.0	TRUE	C	1.0701871E-4	8.0	0.100782685	0.5700933	7.920388	0.020044925	0.12217025	5251.0	1.0
SPIKE	S68:A>T	1	1334	7.496252E-4	-1.0	40.0	TRUE	A	1.9651174E-5	0.0	0.4723913	0.9019571	1.1344347	0.043797858	0.12757508	5251.0	1.0
SPIKE	S68:A>G	0	1334	0.0	-1.0	0.0	TRUE	A	2.9403024E-4	37.0	0.06873971	0.21353538	12.377103	0.0113834785	0.055077106	5251.0	0.0
SPIKE	S68:A>C	0	1334	0.0	-1.0	0.0	TRUE	A	2.8824943E-5	1.0	0.04467064	0.8595384	11.611136	0.0034665416	0.053566173	5251.0	1.0
SPIKE	S69:G>A	0	1334	0.0	-1.0	0.0	TRUE	G	8.050515E-5	6.0	0.12068412	0.6552538	7.920388	0.015420133	0.07374129	5251.0	1.0
SPIKE	S69:G>C	0	1334	0.0	-1.0	0.0	TRUE	G	5.6074612E-5	4.0	0.2917767	0.74494284	3.4266982	0.030823082	0.12395862	5251.0	1.0
SPIKE	S69:G>T	0	1334	0.0	-1.0	0.0	TRUE	G	5.2838448E-5	0.0	0.28954032	0.7577099	3.1056113	0.03194621	0.07791234	5251.0	1.0
SPIKE	S70:C>A	0	1334	0.0	-1.0	0.0	TRUE	C	3.0420875E-5	1.0	0.16951546	0.8523654	3.1056113	0.015734352	0.112217754	5251.0	1.0
SPIKE	S70:C>G	0	1334	0.0	-1.0	0.0	TRUE	C	5.895365E-5	0.0	0.12088406	0.7337656	3.4266982	0.026106251	0.505288	5251.0	1.0
SPIKE	S70:C>T	0	1334	0.0	-1.0	0.0	TRUE	C	2.0267702E-4	15.0	0.100782685	0.34498408	7.920388	0.020044925	0.12217025	5251.0	0.0
SPIKE	S71:C>A	1	1334	7.496252E-4	-1.0	40.0	TRUE	C	3.0420875E-5	0.0	0.16951546	0.8523654	3.1056113	0.015734352	0.112217754	5251.0	1.0
SPIKE	S71:C>G	0	1334	0.0	-1.0	0.0	TRUE	C	5.895365E-5	4.0	0.12088406	0.7337656	3.4266982	0.026106251	0.505288	5251.0	1.0
SPIKE	S71:C>T	0	1334	0.0	-1.0	0.0	TRUE	C	1.0701871E-4	7.0	0.100782685	0.5700933	7.920388	0.020044925	0.12217025	5251.0	1.0
SPIKE	S72:G>A	0	1334	0.0	-1.0	0.0	TRUE	G	1.0164294E-4	10.0	0.12068412	0.5864153	7.920388	0.015420133	0.07374129	5251.0	0.0
SPIKE	S72:G>C	0	1334	0.0	-1.0	0.0	TRUE	G	5.6074612E-5	0.0	0.2917767	0.74494284	3.4266982	0.030823082	0.12395862	5251.0	1.0
SPIKE	S72:G>T	0	1334	0.0	-1.0	0.0	TRUE	G	5.2838448E-5	3.0	0.28954032	0.7577099	3.1056113	0.03194621	0.07791234	5251.0	1.0
SPIKE	S73:T>A	0	1334	0.0	-1.0	0.0	TRUE	T	4.9827036E-6	0.0	0.48875	0.97417516	1.1344347	0.011460618	0.07335294	5251.0	1.0
SPIKE	S73:T>G	0	1334	0.0	-1.0	0.0	TRUE	T	2.4820125E-4	6.0	0.19849265	0.2716326	11.611136	0.035577673	0.15120259	5251.0	1.0
SPIKE	S73:T>C	0	1334	0.0	-1.0	0.0	TRUE	T	3.5822348E-4	35.0	0.089196146	0.1524328	12.377103	0.014990529	0.07069376	5251.0	0.0
SPIKE	S74:G>A	0	1334	0.0	-1.0	0.0	TRUE	G	8.050515E-5	4.0	0.12068412	0.6552538	7.920388	0.015420133	0.07374129	5251.0	1.0
SPIKE	S74:G>C	0	1334	0.0	-1.0	0.0	TRUE	G	5.6074612E-5	0.0	0.2917767	0.74494284	3.4266982	0.030823082	0.12395862	5251.0	1.0
SPIKE	S74:G>T	0	1334	0.0	-1.0	0.0	TRUE	G	5.2838448E-5	0.0	0.28954032	0.7577099	3.1056113	0.03194621	0.07791234	5251.0	1.0
SPIKE	S75:G>A	0	1334	0.0	-1.0	0.0	TRUE	G	8.050515E-5	6.0	0.12068412	0.6552538	7.920388	0.015420133	0.07374129	5251.0	1.0
SPIKE	S75:G>C	0	1334	0.0	-1.0	0.0	TRUE	G	5.6074612E-5	0.0	0.2917767	0.74494284	3.4266982	0.030823082	0.12395862	5251.0	1.0
SPIKE	S75:G>T	0	1334	0.0	-1.0	0.0	TRUE	G	5.2838448E-5	4.0	0.28954032	0.7577099	3.1056113	0.03194621	0.07791234	5251.0	1.0
SPIKE	S76:T>A	0	1334	0.0	-1.0	0.0	TRUE	T	4.9827036E-6	0.0	0.48875	0.97417516	1.1344347	0.011460618	0.07335294	5251.0	1.0
SPIKE	S76:T>G	0	1334	0.0	-1.0	0.0	TRUE	T	2.4820125E-4	0.0	0.19849265	0.2716326	11.611136	0.035577673	0.15120259	5251.0	1.0
SPIKE	S76:T>C	0	1334	0.0	-1.0	0.0	TRUE	T	1.4328939E-4	14.0	0.089196146	0.4712283	12.377103	0.014990529	0.07069376	5251.0	0.0
SPIKE	S77:T>A	0	1334	0.0	-1.0	0.0	TRUE	T	4.9827036E-6	0.0	0.48875	0.97417516	1.1344347	0.011460618	0.07335294	5251.0	1.0
SPIKE	S77:T>G	0	1334	0.0	-1.0	0.0	TRUE	T	2.4820125E-4	0.0	0.19849265	0.2716326	11.611136	0.035577673	0.15120259	5251.0	1.0
SPIKE	S77:T>C	0	1334	0.0	-1.0	0.0	TRUE	T	1.2667911E-4	3.0	0.089196146	0.5141748	12.377103	0.014990529	0.07069376	5251.0	1.0
SPIKE	S78:T>A	0	1334	0.0	-1.0	0.0	TRUE	T	4.9827036E-6	0.0	0.48875	0.97417516	1.1344347	0.011460618	0.07335294	5251.0	1.0
SPIKE	S78:T>G	0	1334	0.0	-1.0	0.0	TRUE	T	2.4820125E-4	4.0	0.19849265	0.2716326	11.611136	0.035577673	0.15120259	5251.0	1.0
SPIKE	S78:T>C	0	1334	0.0	-1.0	0.0	TRUE	T	1.2667911E-4	0.0	0.089196146	0.5141748	12.377103	0.014990529	0.07069376	5251.0	1.0
SPIKE	S79:G>A	0	1334	0.0	-1.0	0.0	TRUE	G	8.050515E-5	4.0	0.12068412	0.6552538	7.920388	0.015420133	0.07374129	5251.0	1.0
SPIKE	S79:G>C	0	1334	0.0	-1.0	0.0	TRUE	G	5.6074612E-5	4.0	0.2917767	0.74494284	3.4266982	0.030823082	0.12395862	5251.0	1.0
SPIKE	S79:G>T	0	1334	0.0	-1.0	0.0	TRUE	G	5.2838448E-5	0.0	0.28954032	0.7577099	3.1056113	0.03194621	0.07791234	5251.0	1.0
SPIKE	S80:C>T	1	1334	7.496252E-4	-1.0	40.0	TRUE	C	1.7565342E-4	13.0	0.100782685	0.3975812	7.920388	0.020044925	0.12217025	5251.0	0.0
SPIKE	S80:C>A	0	1334	0.0	-1.0	0.0	TRUE	C	3.0420875E-5	0.0	0.16951546	0.8523654	3.1056113	0.015734352	0.112217754	5251.0	1.0
SPIKE	S80:C>G	0	1334	0.0	-1.0	0.0	TRUE	C	5.895365E-5	4.0	0.12088406	0.7337656	3.4266982	0.026106251	0.505288	5251.0	1.0
SPIKE	S81:G>A	1	1334	7.496252E-4	-1.0	40.0	TRUE	G	8.050515E-5	4.0	0.12068412	0.6552538	7.920388	0.015420133	0.07374129	5251.0	1.0
SPIKE	S81:G>C	0	1334	0.0	-1.0	0.0	TRUE	G	5.6074612E-5	0.0	0.2917767	0.74494284	3.4266982	0.030823082	0.12395862	5251.0	1.0
SPIKE	S81:G>T	0	1334	0.0	-1.0	0.0	TRUE	G	5.2838448E-5	0.0	0.28954032	0.7577099	3.1056113	0.03194621	0.07791234	5251.0	1.0
SPIKE	S82:G>A	0	1334	0.0	-1.0	0.0	TRUE	G	1.0164294E-4	10.0	0.12068412	0.5864153	7.920388	0.015420133	0.07374129	5251.0	0.0
SPIKE	S82:G>C	0	1334	0.0	-1.0	0.0	TRUE	G	5.6074612E-5	4.0	0.2917767	0.74494284	3.4266982	0.030823082	0.12395862	5251.0	1.0
SPIKE	S82:G>T	0	1334	0.0	-1.0	0.0	TRUE	G	5.2838448E-5	0.0	0.28954032	0.7577099	3.1056113	0.03194621	0.07791234	5251.0	1.0
SPIKE	S83:C>A	0	1334	0.0	-1.0	0.0	TRUE	C	3.0420875E-5	1.0	0.16951546	0.8523654	3.1056113	0.015734352	0.112217754	5251.0	1.0
SPIKE	S83:C>G	0	1334	0.0	-1.0	0.0	TRUE	C	5.895365E-5	4.0	0.12088406	0.7337656	3.4266982	0.026106251	0.505288	5251.0	1.0
SPIKE	S83:C>T	0	1334	0.0	-1.0	0.0	TRUE	C	1.0701871E-4	7.0	0.100782685	0.5700933	7.920388	0.020044925	0.12217025	5251.0	1.0
SPIKE	S84:G>A	0	1334	0.0	-1.0	0.0	TRUE	G	8.050515E-5	9.0	0.12068412	0.6552538	7.920388	0.015420133	0.07374129	5251.0	1.0
SPIKE	S84:G>C	0	1334	0.0	-1.0	0.0	TRUE	G	5.6074612E-5	0.0	0.2917767	0.74494284	3.4266982	0.030823082	0.12395862	5251.0	1.0
SPIKE	S84:G>T	0	1334	0.0	-1.0	0.0	TRUE	G	5.2838448E-5	0.0	0.28954032	0.7577099	3.1056113	0.03194621	0.07791234	5251.0	1.0
SPIKE	S85:A>G	0	1334	0.0	-1.0	0.0	TRUE	A	9.83579E-5	2.0	0.06873971	0.59661853	12.377103	0.0113834785	0.055077106	5251.0	1.0
SPIKE	S85:A>C	0	1334	0.0	-1.0	0.0	TRUE	A	4.7167985E-5	19.0	0.04467064	0.78061044	11.611136	0.0034665416	0.053566173	5251.0	0.0
SPIKE	S85:A>T	0	1334	0.0	-1.0	0.0	TRUE	A	1.9651174E-5	5.0	0.4723913	0.9019571	1.1344347	0.043797858	0.12757508	5251.0	1.0
SPIKE	S86:T>A	0	1334	0.0	-1.0	0.0	TRUE	T	4.9827036E-6	0.0	0.48875	0.97417516	1.1344347	0.011460618	0.07335294	5251.0	1.0
SPIKE	S86:T>G	0	1334	0.0	-1.0	0.0	TRUE	T	2.4820125E-4	2.0	0.19849265	0.2716326	11.611136	0.035577673	0.15120259	5251.0	1.0
SPIKE	S86:T>C	0	1334	0.0	-1.0	0.0	TRUE	T	1.2667911E-4	7.0	0.089196146	0.5141748	12.377103	0.014990529	0.07069376	5251.0	1.0
SPIKE	S87:T>A	0	1334	0.0	-1.0	0.0	TRUE	T	4.9827036E-6	0.0	0.48875	0.97417516	1.1344347	0.011460618	0.07335294	5251.0	1.0
SPIKE	S87:T>G	0	1334	0.0	-1.0	0.0	TRUE	T	2.4820125E-4	0.0	0.19849265	0.2716326	11.611136	0.035577673	0.15120259	5251.0	1.0
SPIKE	S87:T>C	0	1334	0.0	-1.0	0.0	TRUE	T	1.2667911E-4	0.0	0.089196146	0.5141748	12.377103	0.014990529	0.07069376	5251.0	1.0
SPIKE	S88:T>A	0	1334	0.0	-1.0	0.0	TRUE	T	4.9827036E-6	4.0	0.48875	0.97417516	1.1344347	0.011460618	0.07335294	5251.0	1.0
SPIKE	S88:T>G	0	1334	0.0	-1.0	0.0	TRUE	T	2.4820125E-4	0.0	0.19849265	0.2716326	11.611136	0.035577673	0.15120259	5251.0	1.0
SPIKE	S88:T>C	0	1334	0.0	-1.0	0.0	TRUE	T	1.2667911E-4	3.0	0.089196146	0.5141748	12.377103	0.014990529	0.07069376	5251.0	1.0
SPIKE	S89:A>G	0	1334	0.0	-1.0	0.0	TRUE	A	9.83579E-5	2.0	0.06873971	0.59661853	12.377103	0.0113834785	0.055077106	5251.0	1.0
SPIKE	S89:A>C	0	1334	0.0	-1.0	0.0	TRUE	A	2.8824943E-5	0.0	0.04467064	0.8595384	11.611136	0.0034665416	0.053566173	5251.0	1.0
SPIKE	S89:A>T	0	1334	0.0	-1.0	0.0	TRUE	A	1.9651174E-5	4.0	0.4723913	0.9019571	1.1344347	0.043797858	0.12757508	5251.0	1.0
SPIKE	S90:T>A	0	1334	0.0	-1.0	0.0	TRUE	T	4.9827036E-6	0.0	0.48875	0.97417516	1.1344347	0.011460618	0.07335294	5251.0	1.0
SPIKE	S90:T>G	0	1334	0.0	-1.0	0.0	TRUE	T	2.4820125E-4	0.0	0.19849265	0.2716326	11.611136	0.035577673	0.15120259	5251.0	1.0
SPIKE	S90:T>C	0	1334	0.0	-1.0	0.0	TRUE	T	1.2667911E-4	7.0	0.089196146	0.5141748	12.377103	0.014990529	0.07069376	5251.0	1.0
SPIKE	S91:C>A	0	1334	0.0	-1.0	0.0	TRUE	C	3.0420875E-5	0.0	0.16951546	0.8523654	3.1056113	0.015734352	0.112217754	5251.0	1.0
SPIKE	S91:C>G	0	1334	0.0	-1.0	0.0	TRUE	C	5.895365E-5	4.0	0.12088406	0.7337656	3.4266982	0.026106251	0.505288	5251.0	1.0
SPIKE	S91:C>T	0	1334	0.0	-1.0	0.0	TRUE	C	1.0701871E-4	4.0	0.100782685	0.5700933	7.920388	0.020044925	0.12217025	5251.0	1.0
SPIKE	S92:G>A	0	1334	0.0	-1.0	0.0	TRUE	G	8.050515E-5	8.0	0.12068412	0.6552538	7.920388	0.015420133	0.07374129	5251.0	1.0
SPIKE	S92:G>C	0	1334	0.0	-1.0	0.0	TRUE	G	5.6074612E-5	0.0	0.2917767	0.74494284	3.4266982	0.030823082	0.12395862	5251.0	1.0
SPIKE	S92:G>T	0	1334	0.0	-1.0	0.0	TRUE	G	5.2838448E-5	4.0	0.28954032	0.7577099	3.1056113	0.03194621	0.07791234	5251.0	1.0
SPIKE	S93:T>A	0	1334	0.0	-1.0	0.0	TRUE	T	4.9827036E-6	1.0	0.48875	0.97417516	1.1344347	0.011460618	0.07335294	5251.0	1.0
SPIKE	S93:T>G	0	1334	0.0	-1.0	0.0	TRUE	T	2.4820125E-4	0.0	0.19849265	0.2716326	11.611136	0.035577673	0.15120259	5251.0	1.0
SPIKE	S93:T>C	0	1334	0.0	-1.0	0.0	TRUE	T	1.9446417E-4	19.0	0.089196146	0.3601872	12.377103	0.014990529	0.07069376	5251.0	0.0
SPIKE	S94:C>A	0	1334	0.0	-1.0	0.0	TRUE	C	3.0420875E-5	3.0	0.16951546	0.8523654	3.1056113	0.015734352	0.112217754	5251.0	1.0
SPIKE	S94:C>G	0	1334	0.0	-1.0	0.0	TRUE	C	5.895365E-5	4.0	0.12088406	0.7337656	3.4266982	0.026106251	0.505288	5251.0	1.0
SPIKE	S94:C>T	0	1334	0.0	-1.0	0.0	TRUE	C	1.0701871E-4	5.0	0.100782685	0.5700933	7.920388	0.020044925	0.12217025	5251.0	1.0
SPIKE	S95:G>A	0	1334	0.0	-1.0	0.0	TRUE	G	8.050515E-5	5.0	0.12068412	0.6552538	7.920388	0.015420133	0.07374129	5251.0	1.0
SPIKE	S95:G>C	0	1334	0.0	-1.0	0.0	TRUE	G	5.6074612E-5	0.0	0.2917767	0.74494284	3.4266982	0.030823082	0.12395862	5251.0	1.0
SPIKE	S95:G>T	0	1334	0.0	-1.0	0.0	TRUE	G	5.2838448E-5	5.0	0.28954032	0.7577099	3.1056113	0.03194621	0.07791234	5251.0	1.0
SPIKE	S96:T>A	0	1334	0.0	-1.0	0.0	TRUE	T	4.9827036E-6	1.0	0.48875	0.97417516	1.1344347	0.011460618	0.07335294	5251.0	1.0
SPIKE	S96:T>G	0	1334	0.0	-1.0	0.0	TRUE	T	2.4820125E-4	1.0	0.19849265	0.2716326	11.611136	0.035577673	0.15120259	5251.0	1.0
SPIKE	S96:T>C	0	1334	0.0	-1.0	0.0	TRUE	T	2.1493409E-4	21.0	0.089196146	0.3234797	12.377103	0.014990529	0.07069376	5251.0	0.0
SPIKE	S97:C>A	0	1334	0.0	-1.0	0.0	TRUE	C	3.0420875E-5	5.0	0.16951546	0.8523654	3.1056113	0.015734352	0.112217754	5251.0	1.0
SPIKE	S97:C>G	0	1334	0.0	-1.0	0.0	TRUE	C	5.895365E-5	0.0	0.12088406	0.7337656	3.4266982	0.026106251	0.505288	5251.0	1.0
SPIKE	S97:C>T	0	1334	0.0	-1.0	0.0	TRUE	C	1.0701871E-4	5.0	0.100782685	0.5700933	7.920388	0.020044925	0.12217025	5251.0	1.0
SPIKE	S98:A>G	0	1334	0.0	-1.0	0.0	TRUE	A	9.83579E-5	7.0	0.06873971	0.59661853	12.377103	0.0113834785	0.055077106	5251.0	1.0
SPIKE	S98:A>C	0	1334	0.0	-1.0	0.0	TRUE	A	2.8824943E-5	0.0	0.04467064	0.8595384	11.611136	0.0034665416	0.053566173	5251.0	1.0
SPIKE	S98:A>T	0	1334	0.0	-1.0	0.0	TRUE	A	1.9651174E-5	4.0	0.4723913	0.9019571	1.1344347	0.043797858	0.12757508	5251.0	1.0
SPIKE	S99:T>A	0	1334	0.0	-1.0	0.0	TRUE	T	4.9827036E-6	0.0	0.48875	0.97417516	1.1344347	0.011460618	0.07335294	5251.0	1.0
SPIKE	S99:T>G	0	1334	0.0	-1.0	0.0	TRUE	T	2.4820125E-4	0.0	0.19849265	0.2716326	11.611136	0.035577673	0.15120259	5251.0	1.0
SPIKE	S99:T>C	0	1334	0.0	-1.0	0.0	TRUE	T	1.2667911E-4	7.0	0.089196146	0.5141748	12.377103	0.014990529	0.07069376	5251.0	1.0
SPIKE	S100:C>A	0	1334	0.0	-1.0	0.0	TRUE	C	3.0420875E-5	3.0	0.16951546	0.8523654	3.1056113	0.015734352	0.112217754	5251.0	1.0
SPIKE	S100:C>G	0	1334	0.0	-1.0	0.0	TRUE	C	5.895365E-5	7.0	0.12088406	0.7337656	3.4266982	0.026106251	0.505288	5251.0	1.0
SPIKE	S100:C>T	0	1334	0.0	-1.0	0.0	TRUE	C	1.3511801E-4	10.0	0.100782685	0.49188778	7.920388	0.020044925	0.12217025	5251.0	0.0
SPIKE	S101:G>A	0	1334	0.0	-1.0	0.0	TRUE	G	1.0164294E-4	10.0	0.12068412	0.5864153	7.920388	0.015420133	0.07374129	5251.0	0.0
SPIKE	S101:G>C	0	1334	0.0	-1.0	0.0	TRUE	G	5.6074612E-5	0.0	0.2917767	0.74494284	3.4266982	0.030823082	0.12395862	5251.0	1.0
SPIKE	S101:G>T	0	1334	0.0	-1.0	0.0	TRUE	G	5.2838448E-5	5.0	0.28954032	0.7577099	3.1056113	0.03194621	0.07791234	5251.0	1.0
SPIKE	S102:T>A	0	1334	0.0	-1.0	0.0	TRUE	T	4.9827036E-6	0.0	0.48875	0.97417516	1.1344347	0.011460618	0.07335294	5251.0	1.0
SPIKE	S102:T>G	0	1334	0.0	-1.0	0.0	TRUE	T	2.4820125E-4	6.0	0.19849265	0.2716326	11.611136	0.035577673	0.15120259	5251.0	1.0
SPIKE	S102:T>C	0	1334	0.0	-1.0	0.0	TRUE	T	1.3305443E-4	13.0	0.089196146	0.49724677	12.377103	0.014990529	0.07069376	5251.0	0.0
SPIKE	S103:G>A	0	1334	0.0	-1.0	0.0	TRUE	G	8.050515E-5	3.0	0.12068412	0.6552538	7.920388	0.015420133	0.07374129	5251.0	1.0
SPIKE	S103:G>C	0	1334	0.0	-1.0	0.0	TRUE	G	5.6074612E-5	1.0	0.2917767	0.74494284	3.4266982	0.030823082	0.12395862	5251.0	1.0
SPIKE	S103:G>T	0	1334	0.0	-1.0	0.0	TRUE	G	5.2838448E-5	0.0	0.28954032	0.7577099	3.1056113	0.03194621	0.07791234	5251.0	1.0
SPIKE	S104:G>A	1	1334	7.496252E-4	-1.0	40.0	TRUE	G	1.0164294E-4	10.0	0.12068412	0.5864153	7.920388	0.015420133	0.07374129	5251.0	0.0
SPIKE	S104:G>C	0	1334	0.0	-1.0	0.0	TRUE	G	5.6074612E-5	4.0	0.2917767	0.74494284	3.4266982	0.030823082	0.12395862	5251.0	1.0
SPIKE	S104:G>T	0	1334	0.0	-1.0	0.0	TRUE	G	5.2838448E-5	0.0	0.28954032	0.7577099	3.1056113	0.03194621	0.07791234	5251.0	1.0
SPIKE	S105:C>A	0	1334	0.0	-1.0	0.0	TRUE	C	3.0420875E-5	7.0	0.16951546	0.8523654	3.1056113	0.015734352	0.112217754	5251.0	1.0
SPIKE	S105:C>G	0	1334	0.0	-1.0	0.0	TRUE	C	5.895365E-5	4.0	0.12088406	0.7337656	3.4266982	0.026106251	0.505288	5251.0	1.0
SPIKE	S105:C>T	0	1334	0.0	-1.0	0.0	TRUE	C	2.2970063E-4	17.0	0.100782685	0.29934517	7.920388	0.020044925	0.12217025	5251.0	0.0
SPIKE	S106:G>A	0	1334	0.0	-1.0	0.0	TRUE	G	1.2197153E-4	12.0	0.12068412	0.52704334	7.920388	0.015420133	0.07374129	5251.0	0.0
SPIKE	S106:G>C	0	1334	0.0	-1.0	0.0	TRUE	G	5.6074612E-5	0.0	0.2917767	0.74494284	3.4266982	0.030823082	0.12395862	5251.0	1.0
SPIKE	S106:G>T	0	1334	0.0	-1.0	0.0	TRUE	G	5.2838448E-5	1.0	0.28954032	0.7577099	3.1056113	0.03194621	0.07791234	5251.0	1.0
SPIKE	S107:G>A	0	1334	0.0	-1.0	0.0	TRUE	G	1.4230012E-4	14.0	0.12068412	0.47368255	7.920388	0.015420133	0.07374129	5251.0	0.0
SPIKE	S107:G>C	0	1334	0.0	-1.0	0.0	TRUE	G	5.6074612E-5	5.0	0.2917767	0.74494284	3.4266982	0.030823082	0.12395862	5251.0	1.0
SPIKE	S107:G>T	0	1334	0.0	-1.0	0.0	TRUE	G	5.2838448E-5	0.0	0.28954032	0.7577099	3.1056113	0.03194621	0.07791234	5251.0	1.0
SPIKE	S108:C>A	0	1334	0.0	-1.0	0.0	TRUE	C	3.0420875E-5	7.0	0.16951546	0.8523654	3.1056113	0.015734352	0.112217754	5251.0	1.0
SPIKE	S108:C>G	0	1334	0.0	-1.0	0.0	TRUE	C	5.895365E-5	0.0	0.12088406	0.7337656	3.4266982	0.026106251	0.505288	5251.0	1.0
SPIKE	S108:C>T	0	1334	0.0	-1.0	0.0	TRUE	C	1.0701871E-4	5.0	0.100782685	0.5700933	7.920388	0.020044925	0.12217025	5251.0	1.0
SPIKE	S109:A>G	0	1334	0.0	-1.0	0.0	TRUE	A	9.83579E-5	9.0	0.06873971	0.59661853	12.377103	0.0113834785	0.055077106	5251.0	1.0
SPIKE	S109:A>C	0	1334	0.0	-1.0	0.0	TRUE	A	2.8824943E-5	0.0	0.04467064	0.8595384	11.611136	0.0034665416	0.053566173	5251.0	1.0
SPIKE	S109:A>T	0	1334	0.0	-1.0	0.0	TRUE	A	1.9651174E-5	0.0	0.4723913	0.9019571	1.1344347	0.043797858	0.12757508	5251.0	1.0
SPIKE	S110:G>A	0	1334	0.0	-1.0	0.0	TRUE	G	8.050515E-5	9.0	0.12068412	0.6552538	7.920388	0.015420133	0.07374129	5251.0	1.0
SPIKE	S110:G>C	0	1334	0.0	-1.0	0.0	TRUE	G	5.6074612E-5	5.0	0.2917767	0.74494284	3.4266982	0.030823082	0.12395862	5251.0	1.0
SPIKE	S110:G>T	0	1334	0.0	-1.0	0.0	TRUE	G	5.2838448E-5	2.0	0.28954032	0.7577099	3.1056113	0.03194621	0.07791234	5251.0	1.0
SPIKE	S111:C>A	0	1334	0.0	-1.0	0.0	TRUE	C	3.0420875E-5	4.0	0.16951546	0.8523654	3.1056113	0.015734352	0.112217754	5251.0	1.0
SPIKE	S111:C>G	0	1334	0.0	-1.0	0.0	TRUE	C	5.895365E-5	7.0	0.12088406	0.7337656	3.4266982	0.026106251	0.505288	5251.0	1.0
SPIKE	S111:C>T	0	1334	0.0	-1.0	0.0	TRUE	C	1.8916522E-4	14.0	0.100782685	0.37035006	7.920388	0.020044925	0.12217025	5251.0	0.0
SPIKE	S112:G>A	0	1334	0.0	-1.0	0.0	TRUE	G	8.050515E-5	7.0	0.12068412	0.6552538	7.920388	0.015420133	0.07374129	5251.0	1.0
SPIKE	S112:G>C	0	1334	0.0	-1.0	0.0	TRUE	G	5.6074612E-5	0.0	0.2917767	0.74494284	3.4266982	0.030823082	0.12395862	5251.0	1.0
SPIKE	S112:G>T	0	1334	0.0	-1.0	0.0	TRUE	G	5.2838448E-5	4.0	0.28954032	0.7577099	3.1056113	0.03194621	0.07791234	5251.0	1.0
SPIKE	S113:T>C	1	1334	7.496252E-4	-1.0	40.0	TRUE	T	1.3305443E-4	13.0	0.089196146	0.49724677	12.377103	0.014990529	0.07069376	5251.0	0.0
SPIKE	S113:T>A	0	1334	0.0	-1.0	0.0	TRUE	T	4.9827036E-6	1.0	0.48875	0.97417516	1.1344347	0.011460618	0.07335294	5251.0	1.0
SPIKE	S113:T>G	0	1334	0.0	-1.0	0.0	TRUE	T	2.4820125E-4	6.0	0.19849265	0.2716326	11.611136	0.035577673	0.15120259	5251.0	1.0
SPIKE	S114:G>A	0	1334	0.0	-1.0	0.0	TRUE	G	8.050515E-5	7.0	0.12068412	0.6552538	7.920388	0.015420133	0.07374129	5251.0	1.0
SPIKE	S114:G>C	0	1334	0.0	-1.0	0.0	TRUE	G	5.6074612E-5	3.0	0.2917767	0.74494284	3.4266982	0.030823082	0.12395862	5251.0	1.0
SPIKE	S114:G>T	0	1334	0.0	-1.0	0.0	TRUE	G	5.2838448E-5	0.0	0.28954032	0.7577099	3.1056113	0.03194621	0.07791234	5251.0	1.0
SPIKE	S115:A>G	0	1334	0.0	-1.0	0.0	TRUE	A	1.271482E-4	16.0	0.06873971	0.5129098	12.377103	0.0113834785	0.055077106	5251.0	0.0
SPIKE	S115:A>C	0	1334	0.0	-1.0	0.0	TRUE	A	2.8824943E-5	6.0	0.04467064	0.8595384	11.611136	0.0034665416	0.053566173	5251.0	1.0
SPIKE	S115:A>T	0	1334	0.0	-1.0	0.0	TRUE	A	1.9651174E-5	2.0	0.4723913	0.9019571	1.1344347	0.043797858	0.12757508	5251.0	1.0
SPIKE	S116:C>T	1	1334	7.496252E-4	-1.0	40.0	TRUE	C	1.0701871E-4	8.0	0.100782685	0.5700933	7.920388	0.020044925	0.12217025	5251.0	1.0
SPIKE	S116:C>A	0	1334	0.0	-1.0	0.0	TRUE	C	3.0420875E-5	4.0	0.16951546	0.8523654	3.1056113	0.015734352	0.112217754	5251.0	1.0
SPIKE	S116:C>G	0	1334	0.0	-1.0	0.0	TRUE	C	5.895365E-5	0.0	0.12088406	0.7337656	3.4266982	0.026106251	0.505288	5251.0	1.0
SPIKE	S117:C>A	0	1334	0.0	-1.0	0.0	TRUE	C	1.0775E-4	11.0	0.16951546	0.56790835	3.1056113	0.015734352	0.112217754	5251.0	0.0
SPIKE	S117:C>G	0	1334	0.0	-1.0	0.0	TRUE	C	5.895365E-5	1.0	0.12088406	0.7337656	3.4266982	0.026106251	0.505288	5251.0	1.0
SPIKE	S117:C>T	0	1334	0.0	-1.0	0.0	TRUE	C	1.7565342E-4	13.0	0.100782685	0.3975812	7.920388	0.020044925	0.12217025	5251.0	0.0
SPIKE	S118:T>A	0	1334	0.0	-1.0	0.0	TRUE	T	4.9827036E-6	5.0	0.48875	0.97417516	1.1344347	0.011460618	0.07335294	5251.0	1.0
SPIKE	S118:T>G	0	1334	0.0	-1.0	0.0	TRUE	T	2.4820125E-4	4.0	0.19849265	0.2716326	11.611136	0.035577673	0.15120259	5251.0	1.0
SPIKE	S118:T>C	0	1334	0.0	-1.0	0.0	TRUE	T	1.1258452E-4	11.0	0.089196146	0.55367285	12.377103	0.014990529	0.07069376	5251.0	0.0
SPIKE	S119:A>G	0	1334	0.0	-1.0	0.0	TRUE	A	9.83579E-5	9.0	0.06873971	0.59661853	12.377103	0.0113834785	0.055077106	5251.0	1.0
SPIKE	S119:A>C	0	1334	0.0	-1.0	0.0	TRUE	A	2.8824943E-5	6.0	0.04467064	0.8595384	11.611136	0.0034665416	0.053566173	5251.0	1.0
SPIKE	S119:A>T	0	1334	0.0	-1.0	0.0	TRUE	A	1.9651174E-5	7.0	0.4723913	0.9019571	1.1344347	0.043797858	0.12757508	5251.0	1.0
SPIKE	S120:T>A	0	1334	0.0	-1.0	0.0	TRUE	T	4.9827036E-6	1.0	0.48875	0.97417516	1.1344347	0.011460618	0.07335294	5251.0	1.0
SPIKE	S120:T>G	0	1334	0.0	-1.0	0.0	TRUE	T	2.4820125E-4	8.0	0.19849265	0.2716326	11.611136	0.035577673	0.15120259	5251.0	1.0
SPIKE	S120:T>C	0	1334	0.0	-1.0	0.0	TRUE	T	1.1258452E-4	11.0	0.089196146	0.55367285	12.377103	0.014990529	0.07069376	5251.0	0.0
SPIKE	S121:G>A	0	1334	0.0	-1.0	0.0	TRUE	G	8.050515E-5	3.0	0.12068412	0.6552538	7.920388	0.015420133	0.07374129	5251.0	1.0
SPIKE	S121:G>C	0	1334	0.0	-1.0	0.0	TRUE	G	5.6074612E-5	0.0	0.2917767	0.74494284	3.4266982	0.030823082	0.12395862	5251.0	1.0
SPIKE	S121:G>T	0	1334	0.0	-1.0	0.0	TRUE	G	1.871525E-4	11.0	0.28954032	0.37428498	3.1056113	0.03194621	0.07791234	5251.0	0.0
SPIKE	S122:T>A	0	1334	0.0	-1.0	0.0	TRUE	T	4.9827036E-6	1.0	0.48875	0.97417516	1.1344347	0.011460618	0.07335294	5251.0	1.0
SPIKE	S122:T>G	0	1334	0.0	-1.0	0.0	TRUE	T	2.9926593E-4	14.0	0.19849265	0.2077447	11.611136	0.035577673	0.15120259	5251.0	0.0
SPIKE	S122:T>C	0	1334	0.0	-1.0	0.0	TRUE	T	2.0469913E-4	20.0	0.089196146	0.3413404	12.377103	0.014990529	0.07069376	5251.0	0.0
SPIKE	S123:G>A	0	1334	0.0	-1.0	0.0	TRUE	G	8.050515E-5	3.0	0.12068412	0.6552538	7.920388	0.015420133	0.07374129	5251.0	1.0
SPIKE	S123:G>C	0	1334	0.0	-1.0	0.0	TRUE	G	5.6074612E-5	2.0	0.2917767	0.74494284	3.4266982	0.030823082	0.12395862	5251.0	1.0
SPIKE	S123:G>T	0	1334	0.0	-1.0	0.0	TRUE	G	5.2838448E-5	6.0	0.28954032	0.7577099	3.1056113	0.03194621	0.07791234	5251.0	1.0
SPIKE	S124:T>A	0	1334	0.0	-1.0	0.0	TRUE	T	4.9827036E-6	0.0	0.48875	0.97417516	1.1344347	0.011460618	0.07335294	5251.0	1.0
SPIKE	S124:T>G	0	1334	0.0	-1.0	0.0	TRUE	T	5.344034E-4	25.0	0.19849265	0.060437083	11.611136	0.035577673	0.15120259	5251.0	0.0
SPIKE	S124:T>C	0	1334	0.0	-1.0	0.0	TRUE	T	1.4328939E-4	14.0	0.089196146	0.4712283	12.377103	0.014990529	0.07069376	5251.0	0.0
SPIKE	S125:G>A	0	1334	0.0	-1.0	0.0	TRUE	G	1.0164294E-4	10.0	0.12068412	0.5864153	7.920388	0.015420133	0.07374129	5251.0	0.0
SPIKE	S125:G>C	0	1334	0.0	-1.0	0.0	TRUE	G	5.6074612E-5	4.0	0.2917767	0.74494284	3.4266982	0.030823082	0.12395862	5251.0	1.0
SPIKE	S125:G>T	0	1334	0.0	-1.0	0.0	TRUE	G	5.2838448E-5	1.0	0.28954032	0.7577099	3.1056113	0.03194621	0.07791234	5251.0	1.0
SPIKE	S126:C>T	1	1334	7.496252E-4	-1.0	40.0	TRUE	C	1.3511801E-4	10.0	0.100782685	0.49188778	7.920388	0.020044925	0.12217025	5251.0	0.0
SPIKE	S126:C>A	0	1334	0.0	-1.0	0.0	TRUE	C	1.5672727E-4	16.0	0.16951546	0.43912336	3.1056113	0.015734352	0.112217754	5251.0	0.0
SPIKE	S126:C>G	0	1334	0.0	-1.0	0.0	TRUE	C	5.895365E-5	5.0	0.12088406	0.7337656	3.4266982	0.026106251	0.505288	5251.0	1.0
SPIKE	S127:G>A	0	1334	0.0	-1.0	0.0	TRUE	G	8.050515E-5	7.0	0.12068412	0.6552538	7.920388	0.015420133	0.07374129	5251.0	1.0
SPIKE	S127:G>C	0	1334	0.0	-1.0	0.0	TRUE	G	5.6074612E-5	1.0	0.2917767	0.74494284	3.4266982	0.030823082	0.12395862	5251.0	1.0
SPIKE	S127:G>T	0	1334	0.0	-1.0	0.0	TRUE	G	5.2838448E-5	1.0	0.28954032	0.7577099	3.1056113	0.03194621	0.07791234	5251.0	1.0
SPIKE	S128:G>A	0	1334	0.0	-1.0	0.0	TRUE	G	8.050515E-5	5.0	0.12068412	0.6552538	7.920388	0.015420133	0.07374129	5251.0	1.0
SPIKE	S128:G>C	0	1334	0.0	-1.0	0.0	TRUE	G	5.6074612E-5	4.0	0.2917767	0.74494284	3.4266982	0.030823082	0.12395862	5251.0	1.0
SPIKE	S128:G>T	0	1334	0.0	-1.0	0.0	TRUE	G	5.2838448E-5	0.0	0.28954032	0.7577099	3.1056113	0.03194621	0.07791234	5251.0	1.0
SPIKE	S129:C>A	0	1334	0.0	-1.0	0.0	TRUE	C	1.8611364E-4	19.0	0.16951546	0.3763323	3.1056113	0.015734352	0.112217754	5251.0	0.0
SPIKE	S129:C>G	0	1334	0.0	-1.0	0.0	TRUE	C	5.895365E-5	7.0	0.12088406	0.7337656	3.4266982	0.026106251	0.505288	5251.0	1.0
SPIKE	S129:C>T	0	1334	0.0	-1.0	0.0	TRUE	C	1.0701871E-4	7.0	0.100782685	0.5700933	7.920388	0.020044925	0.12217025	5251.0	1.0
SPIKE	S130:G>A	0	1334	0.0	-1.0	0.0	TRUE	G	1.0164294E-4	10.0	0.12068412	0.5864153	7.920388	0.015420133	0.07374129	5251.0	0.0
SPIKE	S130:G>C	0	1334	0.0	-1.0	0.0	TRUE	G	5.6074612E-5	1.0	0.2917767	0.74494284	3.4266982	0.030823082	0.12395862	5251.0	1.0
SPIKE	S130:G>T	0	1334	0.0	-1.0	0.0	TRUE	G	5.2838448E-5	0.0	0.28954032	0.7577099	3.1056113	0.03194621	0.07791234	5251.0	1.0
SPIKE	S131:G>A	0	1334	0.0	-1.0	0.0	TRUE	G	1.6262871E-4	16.0	0.12068412	0.4257243	7.920388	0.015420133	0.07374129	5251.0	0.0
SPIKE	S131:G>C	0	1334	0.0	-1.0	0.0	TRUE	G	5.6074612E-5	5.0	0.2917767	0.74494284	3.4266982	0.030823082	0.12395862	5251.0	1.0
SPIKE	S131:G>T	0	1334	0.0	-1.0	0.0	TRUE	G	5.2838448E-5	0.0	0.28954032	0.7577099	3.1056113	0.03194621	0.07791234	5251.0	1.0
SPIKE	S132:C>A	0	1334	0.0	-1.0	0.0	TRUE	C	1.9590909E-4	20.0	0.16951546	0.3574647	3.1056113	0.015734352	0.112217754	5251.0	0.0
SPIKE	S132:C>G	0	1334	0.0	-1.0	0.0	TRUE	C	5.895365E-5	1.0	0.12088406	0.7337656	3.4266982	0.026106251	0.505288	5251.0	1.0
SPIKE	S132:C>T	0	1334	0.0	-1.0	0.0	TRUE	C	1.0701871E-4	8.0	0.100782685	0.5700933	7.920388	0.020044925	0.12217025	5251.0	1.0
SPIKE	S133:A>G	0	1334	0.0	-1.0	0.0	TRUE	A	9.83579E-5	8.0	0.06873971	0.59661853	12.377103	0.0113834785	0.055077106	5251.0	1.0
SPIKE	S133:A>C	0	1334	0.0	-1.0	0.0	TRUE	A	3.0535064E-4	123.0	0.04467064	0.201212	11.611136	0.0034665416	0.053566173	5251.0	0.0
SPIKE	S133:A>T	0	1334	0.0	-1.0	0.0	TRUE	A	1.9651174E-5	0.0	0.4723913	0.9019571	1.1344347	0.043797858	0.12757508	5251.0	1.0
SPIKE	S134:G>A	1	1334	7.496252E-4	-1.0	40.0	TRUE	G	8.050515E-5	8.0	0.12068412	0.6552538	7.920388	0.015420133	0.07374129	5251.0	1.0
SPIKE	S134:G>C	0	1334	0.0	-1.0	0.0	TRUE	G	5.6074612E-5	6.0	0.2917767	0.74494284	3.4266982	0.030823082	0.12395862	5251.0	1.0
SPIKE	S134:G>T	0	1334	0.0	-1.0	0.0	TRUE	G	5.2838448E-5	5.0	0.28954032	0.7577099	3.1056113	0.03194621	0.07791234	5251.0	1.0
SPIKE	S135:C>T	1	1334	7.496252E-4	-1.0	40.0	TRUE	C	1.0701871E-4	9.0	0.100782685	0.5700933	7.920388	0.020044925	0.12217025	5251.0	1.0
SPIKE	S135:C>A	0	1334	0.0	-1.0	0.0	TRUE	C	3.0420875E-5	5.0	0.16951546	0.8523654	3.1056113	0.015734352	0.112217754	5251.0	1.0
SPIKE	S135:C>G	0	1334	0.0	-1.0	0.0	TRUE	C	5.895365E-5	5.0	0.12088406	0.7337656	3.4266982	0.026106251	0.505288	5251.0	1.0
SPIKE	S136:C>T	1	1334	7.496252E-4	-1.0	40.0	TRUE	C	1.0701871E-4	1.0	0.100782685	0.5700933	7.920388	0.020044925	0.12217025	5251.0	1.0
SPIKE	S136:C>A	0	1334	0.0	-1.0	0.0	TRUE	C	2.0570455E-4	21.0	0.16951546	0.33954304	3.1056113	0.015734352	0.112217754	5251.0	0.0
SPIKE	S136:C>G	0	1334	0.0	-1.0	0.0	TRUE	C	5.895365E-5	1.0	0.12088406	0.7337656	3.4266982	0.026106251	0.505288	5251.0	1.0
SPIKE	S137:T>C	1	1333	7.5018755E-4	-1.0	36.0	TRUE	T	1.2291162E-4	12.0	0.089196146	0.52444804	12.367825	0.014990529	0.07069376	5251.0	0.0
SPIKE	S137:T>A	0	1333	0.0	-1.0	0.0	TRUE	T	4.9827036E-6	2.0	0.48875	0.97417516	1.1335843	0.011460618	0.07335294	5251.0	1.0
SPIKE	S137:T>G	0	1333	0.0	-1.0	0.0	TRUE	T	2.7809825E-4	13.0	0.19849265	0.23216802	11.602432	0.035577673	0.15120259	5251.0	0.0
SPIKE	S138:G>A	3	1333	0.0022505627	-1.0	36.333332	TRUE	G	8.050515E-5	4.0	0.12068412	0.6552538	7.914451	0.015420133	0.07374129	5251.0	1.0
SPIKE	S138:G>C	0	1333	0.0	-1.0	0.0	TRUE	G	5.6074612E-5	2.0	0.2917767	0.74494284	3.4241295	0.030823082	0.12395862	5251.0	1.0
SPIKE	S138:G>T	0	1333	0.0	-1.0	0.0	TRUE	G	5.2838448E-5	6.0	0.28954032	0.7577099	3.1032834	0.03194621	0.07791234	5251.0	1.0
SPIKE	S139:A>G	0	1333	0.0	-1.0	0.0	TRUE	A	9.83579E-5	3.0	0.06873971	0.59661853	12.367825	0.0113834785	0.055077106	5251.0	1.0
SPIKE	S139:A>C	0	1333	0.0	-1.0	0.0	TRUE	A	0.0010459273	421.0	0.04467064	0.004118921	11.602432	0.0034665416	0.053566173	5251.0	0.0
SPIKE	S139:A>T	0	1333	0.0	-1.0	0.0	TRUE	A	1.9651174E-5	1.0	0.4723913	0.9019571	1.1335843	0.043797858	0.12757508	5251.0	1.0
SPIKE	I140:>T	1	1333	7.5018755E-4	-1.0	39.011253	TRUE		NaN	NaN	NaN	NaN	NaN	NaN	NaN	NaN	NaN
SPIKE	D140-141:T>	2	1333	0.0015003751	-1.0	39.011253	TRUE		NaN	NaN	NaN	NaN	NaN	NaN	NaN	NaN	NaN
SPIKE	S140:T>A	0	1333	0.0	-1.0	0.0	TRUE	T	4.9827036E-6	1.0	0.48875	0.97417516	1.1335843	0.011460618	0.07335294	5251.0	1.0
SPIKE	S140:T>G	0	1333	0.0	-1.0	0.0	TRUE	T	2.4820125E-4	7.0	0.19849265	0.2716326	11.602432	0.035577673	0.15120259	5251.0	1.0
SPIKE	S140:T>C	0	1333	0.0	-1.0	0.0	TRUE	T	1.2667911E-4	2.0	0.089196146	0.5141748	12.367825	0.014990529	0.07069376	5251.0	1.0
SPIKE	S141:T>A	0	1333	0.0	-1.0	0.0	TRUE	T	4.9827036E-6	1.0	0.48875	0.97417516	1.1335843	0.011460618	0.07335294	5251.0	1.0
SPIKE	S141:T>G	0	1333	0.0	-1.0	0.0	TRUE	T	2.567061E-4	12.0	0.19849265	0.2597687	11.602432	0.035577673	0.15120259	5251.0	0.0
SPIKE	S141:T>C	0	1333	0.0	-1.0	0.0	TRUE	T	1.2667911E-4	8.0	0.089196146	0.5141748	12.367825	0.014990529	0.07069376	5251.0	1.0
SPIKE	D142-143:A>	1	1333	7.5018755E-4	-1.0	38.903976	TRUE		NaN	NaN	NaN	NaN	NaN	NaN	NaN	NaN	NaN
SPIKE	D142-144:AG>	1	1333	7.5018755E-4	-1.0	38.903976	TRUE		NaN	NaN	NaN	NaN	NaN	NaN	NaN	NaN	NaN
SPIKE	S142:A>G	0	1333	0.0	-1.0	0.0	TRUE	A	9.54327E-5	12.0	0.06873971	0.6058535	12.367825	0.0113834785	0.055077106	5251.0	0.0
SPIKE	S142:A>C	0	1333	0.0	-1.0	0.0	TRUE	A	2.8824943E-5	9.0	0.04467064	0.8595384	11.602432	0.0034665416	0.053566173	5251.0	1.0
SPIKE	S142:A>T	0	1333	0.0	-1.0	0.0	TRUE	A	1.9651174E-5	1.0	0.4723913	0.9019571	1.1335843	0.043797858	0.12757508	5251.0	1.0
SPIKE	D143-144:G>	1	1333	7.5018755E-4	-1.0	38.945988	TRUE		NaN	NaN	NaN	NaN	NaN	NaN	NaN	NaN	NaN
SPIKE	S143:G>C	1	1333	7.5018755E-4	-1.0	37.0	TRUE	G	5.6074612E-5	7.0	0.2917767	0.74494284	3.4241295	0.030823082	0.12395862	5251.0	1.0
SPIKE	S143:G>A	0	1333	0.0	-1.0	0.0	TRUE	G	8.050515E-5	5.0	0.12068412	0.6552538	7.914451	0.015420133	0.07374129	5251.0	1.0
SPIKE	S143:G>T	0	1333	0.0	-1.0	0.0	TRUE	G	5.2838448E-5	1.0	0.28954032	0.7577099	3.1032834	0.03194621	0.07791234	5251.0	1.0
SPIKE	D144-145:C>	3	1333	0.0022505627	-1.0	38.975994	TRUE		NaN	NaN	NaN	NaN	NaN	NaN	NaN	NaN	NaN
SPIKE	S144:C>A	0	1333	0.0	-1.0	0.0	TRUE	C	3.0420875E-5	4.0	0.16951546	0.8523654	3.1032834	0.015734352	0.112217754	5251.0	1.0
SPIKE	S144:C>G	0	1333	0.0	-1.0	0.0	TRUE	C	5.895365E-5	6.0	0.12088406	0.7337656	3.4241295	0.026106251	0.505288	5251.0	1.0
SPIKE	S144:C>T	0	1333	0.0	-1.0	0.0	TRUE	C	1.4874131E-4	11.0	0.100782685	0.45792922	7.914451	0.020044925	0.12217025	5251.0	0.0
SPIKE	S145:C>T	1	1333	7.5018755E-4	-1.0	39.0	TRUE	C	1.0701871E-4	9.0	0.100782685	0.5700933	7.914451	0.020044925	0.12217025	5251.0	1.0
SPIKE	S145:C>A	0	1333	0.0	-1.0	0.0	TRUE	C	3.0420875E-5	4.0	0.16951546	0.8523654	3.1032834	0.015734352	0.112217754	5251.0	1.0
SPIKE	S145:C>G	0	1333	0.0	-1.0	0.0	TRUE	C	5.895365E-5	1.0	0.12088406	0.7337656	3.4241295	0.026106251	0.505288	5251.0	1.0
SPIKE	S146:C>T	1	1332	7.5075077E-4	-1.0	39.0	TRUE	C	2.0298135E-4	15.0	0.100782685	0.34443322	7.9085135	0.020044925	0.12217025	5251.0	0.0
SPIKE	S146:C>A	0	1332	0.0	-1.0	0.0	TRUE	C	3.0420875E-5	6.0	0.16951546	0.8523654	3.1009552	0.015734352	0.112217754	5251.0	1.0
SPIKE	S146:C>G	0	1332	0.0	-1.0	0.0	TRUE	C	5.895365E-5	8.0	0.12088406	0.7337656	3.4215608	0.026106251	0.505288	5251.0	1.0
SPIKE	S147:G>A	0	1330	0.0	-1.0	0.0	TRUE	G	8.050515E-5	8.0	0.12068412	0.6552538	7.896639	0.015420133	0.07374129	5251.0	1.0
SPIKE	S147:G>C	0	1330	0.0	-1.0	0.0	TRUE	G	5.6074612E-5	9.0	0.2917767	0.74494284	3.416423	0.030823082	0.12395862	5251.0	1.0
SPIKE	S147:G>T	0	1330	0.0	-1.0	0.0	TRUE	G	5.2838448E-5	1.0	0.28954032	0.7577099	3.0962992	0.03194621	0.07791234	5251.0	1.0
SPIKE	S148:T>A	0	1330	0.0	-1.0	0.0	TRUE	T	4.9827036E-6	0.0	0.48875	0.97417516	1.1310331	0.011460618	0.07335294	5251.0	1.0
SPIKE	S148:T>G	0	1330	0.0	-1.0	0.0	TRUE	T	2.4820125E-4	6.0	0.19849265	0.2716326	11.576321	0.035577673	0.15120259	5251.0	1.0
SPIKE	S148:T>C	0	1330	0.0	-1.0	0.0	TRUE	T	1.2667911E-4	4.0	0.089196146	0.5141748	12.339991	0.014990529	0.07069376	5251.0	1.0
SPIKE	S149:G>A	0	1330	0.0	-1.0	0.0	TRUE	G	1.0194864E-4	10.0	0.12068412	0.5854747	7.896639	0.015420133	0.07374129	5251.0	0.0
SPIKE	S149:G>C	0	1330	0.0	-1.0	0.0	TRUE	G	5.6074612E-5	2.0	0.2917767	0.74494284	3.416423	0.030823082	0.12395862	5251.0	1.0
SPIKE	S149:G>T	0	1330	0.0	-1.0	0.0	TRUE	G	5.2838448E-5	4.0	0.28954032	0.7577099	3.0962992	0.03194621	0.07791234	5251.0	1.0
SPIKE	S150:C>A	0	1329	0.0	-1.0	0.0	TRUE	C	3.0420875E-5	3.0	0.16951546	0.8523654	3.093971	0.015734352	0.112217754	5251.0	1.0
SPIKE	S150:C>G	0	1329	0.0	-1.0	0.0	TRUE	C	1.8995834E-4	11.0	0.12088406	0.3688109	3.4138544	0.026106251	0.505288	5251.0	0.0
SPIKE	S150:C>T	0	1329	0.0	-1.0	0.0	TRUE	C	1.0701871E-4	8.0	0.100782685	0.5700933	7.890702	0.020044925	0.12217025	5251.0	1.0
SPIKE	S151:T>A	0	1328	0.0	-1.0	0.0	TRUE	T	4.9827036E-6	1.0	0.48875	0.97417516	1.1293323	0.011460618	0.07335294	5251.0	1.0
SPIKE	S151:T>G	0	1328	0.0	-1.0	0.0	TRUE	T	2.4820125E-4	5.0	0.19849265	0.2716326	11.558912	0.035577673	0.15120259	5251.0	1.0
SPIKE	S151:T>C	0	1328	0.0	-1.0	0.0	TRUE	T	3.7012316E-4	36.0	0.089196146	0.14319947	12.321434	0.014990529	0.07069376	5251.0	0.0
SPIKE	S152:G>A	0	1326	0.0	-1.0	0.0	TRUE	G	8.050515E-5	7.0	0.12068412	0.6552538	7.8728895	0.015420133	0.07374129	5251.0	1.0
SPIKE	S152:G>C	0	1326	0.0	-1.0	0.0	TRUE	G	5.6074612E-5	0.0	0.2917767	0.74494284	3.4061482	0.030823082	0.12395862	5251.0	1.0
SPIKE	S152:G>T	0	1326	0.0	-1.0	0.0	TRUE	G	5.2838448E-5	3.0	0.28954032	0.7577099	3.086987	0.03194621	0.07791234	5251.0	1.0
SPIKE	S153:G>A	0	1323	0.0	-1.0	0.0	TRUE	G	8.050515E-5	3.0	0.12068412	0.6552538	7.8550777	0.015420133	0.07374129	5251.0	1.0
SPIKE	S153:G>C	0	1323	0.0	-1.0	0.0	TRUE	G	5.6074612E-5	1.0	0.2917767	0.74494284	3.398442	0.030823082	0.12395862	5251.0	1.0
SPIKE	S153:G>T	0	1323	0.0	-1.0	0.0	TRUE	G	5.2838448E-5	0.0	0.28954032	0.7577099	3.0800028	0.03194621	0.07791234	5251.0	1.0
