#pipeline_block
reference	mutation	count	coverage	freq	score	cqs	has.reference	ancestral.allele	error.rate	minor.count.local	minor.fdr	minor.recall	minor.count.global	read.fraction.in.minors	q.filtered.read.fraction	mig.size	global.est
SPIKE	S0:T>A	0	126792	0.0	-1.0	0.0	TRUE	T	8.069307E-5	271.0	7.4995594E-4	0.9925236	391.2786	0.03778197	0.019480448	93.0	0.0
SPIKE	S0:T>G	0	126792	0.0	-1.0	0.0	TRUE	T	2.8549768E-5	116.0	3.3073022E-4	0.99734837	1007.0239	0.031216204	0.029405678	93.0	0.0
SPIKE	S0:T>C	0	126792	0.0	-1.0	0.0	TRUE	T	6.741504E-4	2401.0	5.5804104E-4	0.93922895	2562.1895	0.03562041	0.035993848	93.0	0.0
SPIKE	S1:A>G	0	126889	0.0	-1.0	0.0	TRUE	A	5.767442E-4	2094.0	5.506929E-4	0.9477759	2564.1497	0.034967918	0.034734398	93.0	0.0
SPIKE	S1:A>C	0	126889	0.0	-1.0	0.0	TRUE	A	2.0061841E-5	63.0	6.706776E-4	0.998136	1007.7943	0.040433895	0.062371213	93.0	0.0
SPIKE	S1:A>T	0	126889	0.0	-1.0	0.0	TRUE	A	1.4684688E-4	467.0	7.702129E-4	0.98643607	391.5779	0.039930657	0.031932794	93.0	0.0
SPIKE	S2:G>A	0	126988	0.0	-1.0	0.0	TRUE	G	3.3153506E-4	1191.0	7.269755E-4	0.9696377	1234.6246	0.03537498	0.029278468	93.0	0.0
SPIKE	S2:G>C	0	126988	0.0	-1.0	0.0	TRUE	G	1.8160119E-5	74.0	4.163464E-4	0.99831253	855.5374	0.031176727	0.024369158	93.0	0.0
SPIKE	S2:G>T	0	126988	0.0	-1.0	0.0	TRUE	G	1.5322537E-5	60.0	5.024996E-4	0.99857605	440.33807	0.032445945	0.023143454	93.0	0.0
SPIKE	S3:C>A	0	127112	0.0	-1.0	0.0	TRUE	C	1.6484653E-5	48.0	9.165055E-4	0.9984681	440.76807	0.043694153	0.03234156	93.0	0.0
SPIKE	S3:C>G	0	127112	0.0	-1.0	0.0	TRUE	C	1.0250182E-4	412.0	4.6997017E-4	0.9905126	856.3728	0.03163917	0.017158259	93.0	0.0
SPIKE	S3:C>T	0	127112	0.0	-1.0	0.0	TRUE	C	3.8505584E-4	1363.0	6.1934785E-4	0.9648234	1235.8303	0.035932172	0.02545238	93.0	0.0
SPIKE	S4:G>A	36	127258	2.8288987E-4	78.57346	39.75	TRUE	G	2.4694318E-4	889.0	7.269755E-4	0.977296	1237.2498	0.03537498	0.029278468	93.0	0.0
SPIKE	S4:G>C	5	127258	3.9290262E-5	16.300888	39.8	TRUE	G	8.522045E-5	348.0	4.163464E-4	0.99210584	857.35645	0.031176727	0.024369158	93.0	0.0
SPIKE	S4:G>T	0	127258	0.0	-1.0	0.0	TRUE	G	2.471888E-5	97.0	5.024996E-4	0.9977038	441.27432	0.032445945	0.023143454	93.0	0.0
SPIKE	S5:T>A	6	127337	4.711906E-5	-1.0	39.833332	TRUE	T	1.5713757E-5	53.0	7.4995594E-4	0.9985397	392.96045	0.03778197	0.019480448	93.0	0.0
SPIKE	S5:T>G	1	127337	7.853177E-6	2.0412	40.0	TRUE	T	1.3110993E-4	535.0	3.3073022E-4	0.9878808	1011.3525	0.031216204	0.029405678	93.0	0.0
SPIKE	S5:T>C	13	127337	1.02091304E-4	2.1318862	39.615383	TRUE	T	0.0010637916	3805.0	5.5804104E-4	0.90580374	2573.2026	0.03562041	0.035993848	93.0	0.0
SPIKE	I6:>G	1	127403	7.849108E-6	-1.0	39.882717	TRUE		NaN	NaN	NaN	NaN	NaN	NaN	NaN	NaN	NaN
SPIKE	S6:G>A	33	127403	2.590206E-4	78.52778	39.39394	TRUE	G	2.2280056E-4	803.0	7.269755E-4	0.9794927	1238.6594	0.03537498	0.029278468	93.0	0.0
SPIKE	S6:G>C	2	127403	1.5698217E-5	2.2639637	40.0	TRUE	G	2.0995489E-4	8.0	4.163464E-4	0.9806636	858.3334	0.031176727	0.024369158	93.0	1.0
SPIKE	S6:G>T	0	127403	0.0	-1.0	0.0	TRUE	G	8.170855E-5	321.0	5.024996E-4	0.9924299	441.77713	0.032445945	0.023143454	93.0	0.0
SPIKE	S7:A>G	7	127451	5.4923068E-5	0.49421513	39.285713	TRUE	A	9.3890366E-4	3424.0	5.506929E-4	0.9163856	2575.5063	0.034967918	0.034734398	93.0	0.0
SPIKE	S7:A>C	15	127451	1.1769229E-4	-1.0	40.0	TRUE	A	1.9339303E-5	61.0	6.706776E-4	0.99820304	1012.25793	0.040433895	0.062371213	93.0	0.0
SPIKE	S7:A>T	5	127451	3.9230763E-5	16.300888	40.0	TRUE	A	6.918642E-5	221.0	7.702129E-4	0.9935863	393.31226	0.039930657	0.031932794	93.0	0.0
SPIKE	D7-8:A>	103	127451	8.081537E-4	-1.0	39.721085	TRUE		NaN	NaN	NaN	NaN	NaN	NaN	NaN	NaN	NaN
SPIKE	I7:>A	1	127451	7.846153E-6	-1.0	39.721085	TRUE		NaN	NaN	NaN	NaN	NaN	NaN	NaN	NaN	NaN
SPIKE	S8:A>G	10	127462	7.845475E-5	0.8775302	39.4	TRUE	A	0.0010320469	3764.0	5.506929E-4	0.90848184	2575.7288	0.034967918	0.034734398	93.0	0.0
SPIKE	S8:A>C	12	127462	9.4145704E-5	-1.0	39.666668	TRUE	A	2.8847946E-5	91.0	6.706776E-4	0.9973207	1012.3453	0.040433895	0.062371213	93.0	0.0
SPIKE	S8:A>T	5	127462	3.9227376E-5	-1.0	40.0	TRUE	A	2.87991E-5	92.0	7.702129E-4	0.99732524	393.3462	0.039930657	0.031932794	93.0	0.0
SPIKE	S9:G>A	33	127465	2.588946E-4	78.52778	39.515152	TRUE	G	2.1991893E-4	793.0	7.269755E-4	0.9797553	1239.2622	0.03537498	0.029278468	93.0	0.0
SPIKE	S9:G>C	1	127465	7.845291E-6	1.0720997	40.0	TRUE	G	2.0995489E-4	3.0	4.163464E-4	0.9806636	858.75104	0.031176727	0.024369158	93.0	1.0
SPIKE	S9:G>T	2	127465	1.5690583E-5	-1.0	37.5	TRUE	G	1.1194478E-5	44.0	5.024996E-4	0.9989595	441.9921	0.032445945	0.023143454	93.0	0.0
SPIKE	D9-10:G>	40	127465	3.1381164E-4	-1.0	39.89222	TRUE		NaN	NaN	NaN	NaN	NaN	NaN	NaN	NaN	NaN
SPIKE	D9-11:GA>	15	127465	1.1767936E-4	-1.0	39.89222	TRUE		NaN	NaN	NaN	NaN	NaN	NaN	NaN	NaN	NaN
SPIKE	S10:A>G	11	127466	8.629752E-5	1.5978317	38.0	TRUE	A	9.818395E-4	3581.0	5.506929E-4	0.91273373	2575.8096	0.034967918	0.034734398	93.0	0.0
SPIKE	S10:A>C	10	127466	7.845229E-5	31.352386	39.9	TRUE	A	4.1844058E-5	132.0	6.706776E-4	0.99611604	1012.3771	0.040433895	0.062371213	93.0	0.0
SPIKE	S10:A>T	2	127466	1.5690459E-5	-1.0	38.5	TRUE	A	3.1928434E-5	102.0	7.702129E-4	0.9970351	393.35855	0.039930657	0.031932794	93.0	0.0
SPIKE	D10-11:A>	45	127466	3.530353E-4	-1.0	39.697376	TRUE		NaN	NaN	NaN	NaN	NaN	NaN	NaN	NaN	NaN
SPIKE	D10-12:AC>	6	127466	4.7071375E-5	-1.0	39.697376	TRUE		NaN	NaN	NaN	NaN	NaN	NaN	NaN	NaN	NaN
SPIKE	I11:>C	1	127466	7.845229E-6	-1.0	39.82833	TRUE		NaN	NaN	NaN	NaN	NaN	NaN	NaN	NaN	NaN
SPIKE	S11:C>G	1	127466	7.845229E-6	-1.0	39.0	TRUE	C	2.6794787E-5	108.0	4.6997017E-4	0.9975112	858.7578	0.03163917	0.017158259	93.0	0.0
SPIKE	S11:C>T	29	127466	2.2751166E-4	60.04673	39.62069	TRUE	C	2.54958E-4	905.0	6.1934785E-4	0.9765678	1239.272	0.035932172	0.02545238	93.0	0.0
SPIKE	D11-12:C>	37	127466	2.9027349E-4	-1.0	39.82833	TRUE		NaN	NaN	NaN	NaN	NaN	NaN	NaN	NaN	NaN
SPIKE	S11:C>A	0	127466	0.0	-1.0	0.0	TRUE	C	1.10962384E-4	324.0	9.165055E-4	0.9897336	441.99557	0.043694153	0.03234156	93.0	0.0
SPIKE	S12:G>A	48	127469	3.7656215E-4	111.23469	39.604168	TRUE	G	2.6206416E-4	945.0	7.269755E-4	0.97592264	1239.3011	0.03537498	0.029278468	93.0	0.0
SPIKE	S12:G>C	1	127469	7.845045E-6	4.2596874	40.0	TRUE	G	7.774495E-5	318.0	4.163464E-4	0.99279577	858.778	0.031176727	0.024369158	93.0	0.0
SPIKE	S12:G>T	2	127469	1.569009E-5	-1.0	40.0	TRUE	G	8.90442E-6	35.0	5.024996E-4	0.9991722	442.00598	0.032445945	0.023143454	93.0	0.0
SPIKE	D12-13:G>	56	127469	4.393225E-4	-1.0	39.758114	TRUE		NaN	NaN	NaN	NaN	NaN	NaN	NaN	NaN	NaN
SPIKE	S13:A>G	8	127469	6.276036E-5	1.9442918	39.0	TRUE	A	6.8625703E-4	2503.0	5.506929E-4	0.93817204	2575.87	0.034967918	0.034734398	93.0	0.0
SPIKE	S13:A>C	12	127469	9.414054E-5	37.372986	38.833332	TRUE	A	3.9624123E-5	125.0	6.706776E-4	0.99632174	1012.4009	0.040433895	0.062371213	93.0	0.0
SPIKE	S13:A>T	1	127469	7.845045E-6	2.0412	39.0	TRUE	A	1.2426755E-4	397.0	7.702129E-4	0.98850965	393.3678	0.039930657	0.031932794	93.0	0.0
SPIKE	D13-14:A>	31	127469	2.4319638E-4	-1.0	39.72216	TRUE		NaN	NaN	NaN	NaN	NaN	NaN	NaN	NaN	NaN
SPIKE	I13:>A	2	127469	1.569009E-5	-1.0	39.72216	TRUE		NaN	NaN	NaN	NaN	NaN	NaN	NaN	NaN	NaN
SPIKE	D14-16:CA>	2	127469	1.569009E-5	-1.0	39.872784	TRUE		NaN	NaN	NaN	NaN	NaN	NaN	NaN	NaN	NaN
SPIKE	S14:C>G	4	127469	3.138018E-5	-1.0	40.0	TRUE	C	3.9695046E-6	16.0	4.6997017E-4	0.9996309	858.778	0.03163917	0.017158259	93.0	0.0
SPIKE	S14:C>T	34	127469	2.667315E-4	91.006836	39.47059	TRUE	C	1.5691521E-4	557.0	6.1934785E-4	0.98551285	1239.3011	0.035932172	0.02545238	93.0	0.0
SPIKE	D14-15:C>	44	127469	3.4518196E-4	-1.0	39.872784	TRUE		NaN	NaN	NaN	NaN	NaN	NaN	NaN	NaN	NaN
SPIKE	S14:C>A	0	127469	0.0	-1.0	0.0	TRUE	C	1.2534345E-4	366.0	9.165055E-4	0.9884107	442.00598	0.043694153	0.03234156	93.0	0.0
SPIKE	S15:A>G	5	127469	3.9225222E-5	0.026243113	37.6	TRUE	A	0.0011797699	4303.0	5.506929E-4	0.8960863	2575.87	0.034967918	0.034734398	93.0	0.0
SPIKE	S15:A>C	14	127469	1.09830624E-4	34.27314	39.642857	TRUE	A	1.4803572E-4	467.0	6.706776E-4	0.986327	1012.4009	0.040433895	0.062371213	93.0	0.0
SPIKE	S15:A>T	1	127469	7.845045E-6	4.2596874	40.0	TRUE	A	9.734813E-5	311.0	7.702129E-4	0.9909875	393.3678	0.039930657	0.031932794	93.0	0.0
SPIKE	D15-16:A>	50	127469	3.9225223E-4	-1.0	39.566372	TRUE		NaN	NaN	NaN	NaN	NaN	NaN	NaN	NaN	NaN
SPIKE	I15:>A	2	127469	1.569009E-5	-1.0	39.566372	TRUE		NaN	NaN	NaN	NaN	NaN	NaN	NaN	NaN	NaN
SPIKE	S16:G>A	31	127469	2.4319638E-4	73.00521	39.80645	TRUE	G	2.3821493E-4	859.0	7.269755E-4	0.97808963	1239.3011	0.03537498	0.029278468	93.0	0.0
SPIKE	S16:G>T	1	127469	7.845045E-6	-1.0	40.0	TRUE	G	7.1235354E-6	28.0	5.024996E-4	0.99933773	442.00598	0.032445945	0.023143454	93.0	0.0
SPIKE	S16:G>C	3	127469	2.3535134E-5	-1.0	40.0	TRUE	G	2.9337718E-6	12.0	4.163464E-4	0.9997272	858.778	0.031176727	0.024369158	93.0	0.0
SPIKE	D16-17:G>	34	127469	2.667315E-4	-1.0	39.89665	TRUE		NaN	NaN	NaN	NaN	NaN	NaN	NaN	NaN	NaN
SPIKE	D16-18:GA>	8	127469	6.276036E-5	-1.0	39.89665	TRUE		NaN	NaN	NaN	NaN	NaN	NaN	NaN	NaN	NaN
SPIKE	S17:A>G	11	127469	8.629549E-5	2.6596303	39.454544	TRUE	A	8.529547E-4	3111.0	5.506929E-4	0.92373985	2575.87	0.034967918	0.034734398	93.0	0.0
SPIKE	S17:A>T	3	127469	2.3535134E-5	6.0206	39.0	TRUE	A	1.4461363E-4	462.0	7.702129E-4	0.986641	393.3678	0.039930657	0.031932794	93.0	0.0
SPIKE	S17:A>C	14	127469	1.09830624E-4	-1.0	39.785713	TRUE	A	2.1555523E-5	68.0	6.706776E-4	0.99799734	1012.4009	0.040433895	0.062371213	93.0	0.0
SPIKE	D17-18:A>	105	127469	8.237297E-4	-1.0	39.691486	TRUE		NaN	NaN	NaN	NaN	NaN	NaN	NaN	NaN	NaN
SPIKE	I17:>A	2	127469	1.569009E-5	-1.0	39.691486	TRUE		NaN	NaN	NaN	NaN	NaN	NaN	NaN	NaN	NaN
SPIKE	D17-19:AA>	2	127469	1.569009E-5	-1.0	39.691486	TRUE		NaN	NaN	NaN	NaN	NaN	NaN	NaN	NaN	NaN
SPIKE	S18:A>G	4	127469	3.138018E-5	0.07701976	39.75	TRUE	A	9.332876E-4	3404.0	5.506929E-4	0.91686434	2575.87	0.034967918	0.034734398	93.0	0.0
SPIKE	S18:A>C	17	127469	1.3336576E-4	52.424488	39.82353	TRUE	A	3.6454192E-5	115.0	6.706776E-4	0.9966155	1012.4009	0.040433895	0.062371213	93.0	0.0
SPIKE	S18:A>T	0	127469	0.0	-1.0	0.0	TRUE	A	1.1894627E-5	38.0	7.702129E-4	0.9988944	393.3678	0.039930657	0.031932794	93.0	0.0
SPIKE	S19:C>G	6	127469	4.707027E-5	-1.0	40.0	TRUE	C	8.6832915E-6	35.0	4.6997017E-4	0.9991928	858.778	0.03163917	0.017158259	93.0	0.0
SPIKE	S19:C>T	24	127469	1.8828108E-4	53.942116	39.833332	TRUE	C	1.8677698E-4	663.0	6.1934785E-4	0.98277974	1239.3011	0.035932172	0.02545238	93.0	0.0
SPIKE	D19-20:C>	5	127469	3.9225222E-5	-1.0	39.75256	TRUE		NaN	NaN	NaN	NaN	NaN	NaN	NaN	NaN	NaN
SPIKE	S19:C>A	0	127469	0.0	-1.0	0.0	TRUE	C	1.1438446E-4	334.0	9.165055E-4	0.9894186	442.00598	0.043694153	0.03234156	93.0	0.0
SPIKE	S20:C>G	33	127469	2.588865E-4	78.52778	39.636364	TRUE	C	2.130577E-4	6.0	4.6997017E-4	0.98038065	858.778	0.03163917	0.017158259	93.0	1.0
SPIKE	S20:C>T	20	127469	1.5690089E-4	37.181473	39.65	TRUE	C	2.535434E-4	900.0	6.1934785E-4	0.9766963	1239.3011	0.035932172	0.02545238	93.0	0.0
SPIKE	S20:C>A	0	127469	0.0	-1.0	0.0	TRUE	C	3.2192034E-5	94.0	9.165055E-4	0.9970106	442.00598	0.043694153	0.03234156	93.0	0.0
SPIKE	S21:A>G	23	127469	1.8043602E-4	20.758165	39.695652	TRUE	A	7.2683475E-4	2651.0	5.506929E-4	0.9346383	2575.87	0.034967918	0.034734398	93.0	0.0
SPIKE	S21:A>C	11	127469	8.629549E-5	26.1236	39.81818	TRUE	A	1.5025468E-4	474.0	6.706776E-4	0.9861235	1012.4009	0.040433895	0.062371213	93.0	0.0
SPIKE	S21:A>T	0	127469	0.0	-1.0	0.0	TRUE	A	1.04547515E-4	334.0	7.702129E-4	0.9903242	393.3678	0.039930657	0.031932794	93.0	0.0
SPIKE	S22:A>G	127459	127469	0.99992156	9999.0	39.963676	TRUE	G	7.062361E-4	0.0	5.506929E-4	0.9364305	2575.87	0.034967918	0.034734398	93.0	1.0
SPIKE	S22:A>C	0	127469	0.0	-1.0	0.0	TRUE	G	1.7117622E-5	54.0	6.706776E-4	0.99840933	1012.4009	0.040433895	0.062371213	93.0	0.0
SPIKE	S22:A>T	0	127469	0.0	-1.0	0.0	TRUE	G	1.2313061E-4	0.0	7.702129E-4	0.98861414	393.3678	0.039930657	0.031932794	93.0	1.0
SPIKE	S23:A>C	127459	127469	0.99992156	9999.0	39.963573	TRUE	C	3.2092398E-4	0.0	6.706776E-4	0.97059506	1012.4009	0.040433895	0.062371213	93.0	1.0
SPIKE	S23:A>G	0	127469	0.0	-1.0	0.0	TRUE	C	8.7735614E-5	320.0	5.506929E-4	0.9918738	2575.87	0.034967918	0.034734398	93.0	0.0
SPIKE	S23:A>T	0	127469	0.0	-1.0	0.0	TRUE	C	1.2313061E-4	0.0	7.702129E-4	0.98861414	393.3678	0.039930657	0.031932794	93.0	1.0
SPIKE	S24:A>G	0	127469	0.0	-1.0	0.0	TRUE	A	7.062361E-4	0.0	5.506929E-4	0.9364305	2575.87	0.034967918	0.034734398	93.0	1.0
SPIKE	S24:A>C	0	127469	0.0	-1.0	0.0	TRUE	A	9.0659996E-5	286.0	6.706776E-4	0.9916041	1012.4009	0.040433895	0.062371213	93.0	0.0
SPIKE	S24:A>T	0	127469	0.0	-1.0	0.0	TRUE	A	1.2313061E-4	0.0	7.702129E-4	0.98861414	393.3678	0.039930657	0.031932794	93.0	1.0
SPIKE	S25:A>G	0	127469	0.0	-1.0	0.0	TRUE	A	7.062361E-4	0.0	5.506929E-4	0.9364305	2575.87	0.034967918	0.034734398	93.0	1.0
SPIKE	S25:A>C	0	127469	0.0	-1.0	0.0	TRUE	A	3.2092398E-4	0.0	6.706776E-4	0.97059506	1012.4009	0.040433895	0.062371213	93.0	1.0
SPIKE	S25:A>T	0	127469	0.0	-1.0	0.0	TRUE	A	1.8154957E-5	58.0	7.702129E-4	0.998313	393.3678	0.039930657	0.031932794	93.0	0.0
SPIKE	S26:T>A	1	127469	7.845045E-6	2.0412	39.0	TRUE	T	1.1550979E-4	390.0	7.4995594E-4	0.9893151	393.3678	0.03778197	0.019480448	93.0	0.0
SPIKE	S26:T>C	15	127469	1.1767567E-4	10.437964	39.666668	TRUE	T	6.2811817E-4	2249.0	5.5804104E-4	0.9432584	2575.87	0.03562041	0.035993848	93.0	0.0
SPIKE	S26:T>G	0	127469	0.0	-1.0	0.0	TRUE	T	3.7945785E-5	155.0	3.3073022E-4	0.99647725	1012.4009	0.031216204	0.029405678	93.0	0.0
SPIKE	S27:G>A	19	127469	1.4905585E-4	40.675655	39.42105	TRUE	G	1.8164235E-4	655.0	7.269755E-4	0.9832491	1239.3011	0.03537498	0.029278468	93.0	0.0
SPIKE	S27:G>T	1	127469	7.845045E-6	4.2596874	40.0	TRUE	G	8.675449E-5	341.0	5.024996E-4	0.9919643	442.00598	0.032445945	0.023143454	93.0	0.0
SPIKE	D27-28:G>	2	127469	1.569009E-5	-1.0	39.888924	TRUE		NaN	NaN	NaN	NaN	NaN	NaN	NaN	NaN	NaN
SPIKE	S27:G>C	0	127469	0.0	-1.0	0.0	TRUE	G	2.0995489E-4	3.0	4.163464E-4	0.9806636	858.778	0.031176727	0.024369158	93.0	1.0
SPIKE	S28:G>A	12	127469	9.414054E-5	22.940357	38.583332	TRUE	G	2.0216378E-4	729.0	7.269755E-4	0.9813744	1239.3011	0.03537498	0.029278468	93.0	0.0
SPIKE	S28:G>T	3	127469	2.3535134E-5	-1.0	38.666668	TRUE	G	8.90442E-6	35.0	5.024996E-4	0.9991722	442.00598	0.032445945	0.023143454	93.0	0.0
SPIKE	S28:G>C	0	127469	0.0	-1.0	0.0	TRUE	G	6.3565058E-6	26.0	4.163464E-4	0.999409	858.778	0.031176727	0.024369158	93.0	0.0
SPIKE	S29:G>A	14	127469	1.09830624E-4	27.870962	39.857143	TRUE	G	2.2323983E-4	805.0	7.269755E-4	0.9794527	1239.3011	0.03537498	0.029278468	93.0	0.0
SPIKE	S29:G>T	1	127469	7.845045E-6	-1.0	40.0	TRUE	G	5.0882395E-6	20.0	5.024996E-4	0.9995269	442.00598	0.032445945	0.023143454	93.0	0.0
SPIKE	S29:G>C	0	127469	0.0	-1.0	0.0	TRUE	G	6.1120245E-6	25.0	4.163464E-4	0.9994317	858.778	0.031176727	0.024369158	93.0	0.0
SPIKE	S30:A>G	6	127469	4.707027E-5	0.6328768	39.833332	TRUE	A	7.9482986E-4	2899.0	5.506929E-4	0.92874676	2575.87	0.034967918	0.034734398	93.0	0.0
SPIKE	S30:A>C	0	127469	0.0	-1.0	0.0	TRUE	A	1.7434613E-5	55.0	6.706776E-4	0.9983799	1012.4009	0.040433895	0.062371213	93.0	0.0
SPIKE	S30:A>T	0	127469	0.0	-1.0	0.0	TRUE	A	2.6606403E-5	85.0	7.702129E-4	0.9975287	393.3678	0.039930657	0.031932794	93.0	0.0
SPIKE	S31:T>A	1	127469	7.845045E-6	4.2596874	39.0	TRUE	T	4.0280338E-5	136.0	7.4995594E-4	0.99626094	393.3678	0.03778197	0.019480448	93.0	0.0
SPIKE	S31:T>C	8	127469	6.276036E-5	1.4391915	39.875	TRUE	T	7.655278E-4	2741.0	5.5804104E-4	0.93128115	2575.87	0.03562041	0.035993848	93.0	0.0
SPIKE	S31:T>G	0	127469	0.0	-1.0	0.0	TRUE	T	1.7871242E-5	73.0	3.3073022E-4	0.99833935	1012.4009	0.031216204	0.029405678	93.0	0.0
SPIKE	S32:C>T	9	127469	7.0605405E-5	15.850103	39.77778	TRUE	C	2.1579361E-4	766.0	6.1934785E-4	0.9801312	1239.3011	0.035932172	0.02545238	93.0	0.0
SPIKE	S32:C>A	2	127469	1.569009E-5	-1.0	40.0	TRUE	C	1.13014585E-5	33.0	9.165055E-4	0.9989495	442.00598	0.043694153	0.03234156	93.0	0.0
SPIKE	S32:C>G	0	127469	0.0	-1.0	0.0	TRUE	C	3.9695046E-6	16.0	4.6997017E-4	0.9996309	858.778	0.03163917	0.017158259	93.0	0.0
SPIKE	S33:C>T	7	127469	5.4915312E-5	11.410683	39.857143	TRUE	C	1.9551015E-4	694.0	6.1934785E-4	0.9819819	1239.3011	0.035932172	0.02545238	93.0	0.0
SPIKE	S33:C>A	3	127469	2.3535134E-5	-1.0	39.666668	TRUE	C	1.5411078E-5	45.0	9.165055E-4	0.9985678	442.00598	0.043694153	0.03234156	93.0	0.0
SPIKE	S33:C>G	0	127469	0.0	-1.0	0.0	TRUE	C	2.130577E-4	1.0	4.6997017E-4	0.98038065	858.778	0.03163917	0.017158259	93.0	1.0
SPIKE	S34:A>G	25	127469	1.9612612E-4	30.678905	39.56	TRUE	A	5.623305E-4	2051.0	5.506929E-4	0.9490472	2575.87	0.034967918	0.034734398	93.0	0.0
SPIKE	S34:A>C	0	127469	0.0	-1.0	0.0	TRUE	A	2.028755E-5	64.0	6.706776E-4	0.99811506	1012.4009	0.040433895	0.062371213	93.0	0.0
SPIKE	S34:A>T	0	127469	0.0	-1.0	0.0	TRUE	A	1.1268594E-5	36.0	7.702129E-4	0.99895257	393.3678	0.039930657	0.031932794	93.0	0.0
SPIKE	S35:T>C	8	127469	6.276036E-5	1.4391915	39.625	TRUE	T	7.5798697E-4	2714.0	5.5804104E-4	0.9319345	2575.87	0.03562041	0.035993848	93.0	0.0
SPIKE	S35:T>G	1	127469	7.845045E-6	-1.0	40.0	TRUE	T	2.4970775E-5	102.0	3.3073022E-4	0.9976804	1012.4009	0.031216204	0.029405678	93.0	0.0
SPIKE	S35:T>A	0	127469	0.0	-1.0	0.0	TRUE	T	3.4652938E-5	117.0	7.4995594E-4	0.9967825	393.3678	0.03778197	0.019480448	93.0	0.0
SPIKE	S36:T>C	8	127469	6.276036E-5	7.8612313	39.125	TRUE	T	3.3458674E-4	1198.0	5.5804104E-4	0.96936256	2575.87	0.03562041	0.035993848	93.0	0.0
SPIKE	S36:T>A	0	127469	0.0	-1.0	0.0	TRUE	T	8.58919E-6	29.0	7.4995594E-4	0.99920154	393.3678	0.03778197	0.019480448	93.0	0.0
SPIKE	S36:T>G	0	127469	0.0	-1.0	0.0	TRUE	T	2.478474E-4	7.0	3.3073022E-4	0.9772138	1012.4009	0.031216204	0.029405678	93.0	1.0
SPIKE	S37:A>C	1	127469	7.845045E-6	4.2596874	40.0	TRUE	A	5.515678E-5	174.0	6.706776E-4	0.99488354	1012.4009	0.040433895	0.062371213	93.0	0.0
SPIKE	S37:A>T	1	127469	7.845045E-6	-1.0	40.0	TRUE	A	8.138429E-6	26.0	7.702129E-4	0.99924344	393.3678	0.039930657	0.031932794	93.0	0.0
SPIKE	S37:A>G	28	127469	2.1966125E-4	41.079506	39.607143	TRUE	A	5.0118973E-4	1828.0	5.506929E-4	0.95445895	2575.87	0.034967918	0.034734398	93.0	0.0
SPIKE	S38:T>C	6	127469	4.707027E-5	9.311187	40.0	TRUE	T	2.1644802E-4	775.0	5.5804104E-4	0.9800716	2575.87	0.03562041	0.035993848	93.0	0.0
SPIKE	S38:T>A	0	127469	0.0	-1.0	0.0	TRUE	T	2.1917243E-5	74.0	7.4995594E-4	0.9979638	393.3678	0.03778197	0.019480448	93.0	0.0
SPIKE	S38:T>G	0	127469	0.0	-1.0	0.0	TRUE	T	1.615756E-5	66.0	3.3073022E-4	0.9984985	1012.4009	0.031216204	0.029405678	93.0	0.0
SPIKE	S39:C>T	9	127469	7.0605405E-5	15.850103	40.0	TRUE	C	2.3664052E-4	840.0	6.1934785E-4	0.97823286	1239.3011	0.035932172	0.02545238	93.0	0.0
SPIKE	S39:C>A	18	127469	1.4121081E-4	-1.0	39.77778	TRUE	C	6.8493687E-6	20.0	9.165055E-4	0.9993632	442.00598	0.043694153	0.03234156	93.0	0.0
SPIKE	S39:C>G	1	127469	7.845045E-6	-1.0	40.0	TRUE	C	3.7214106E-6	15.0	4.6997017E-4	0.999654	858.778	0.03163917	0.017158259	93.0	0.0
SPIKE	S40:G>T	2	127469	1.569009E-5	-1.0	40.0	TRUE	G	1.6791191E-5	66.0	5.024996E-4	0.9984396	442.00598	0.032445945	0.023143454	93.0	0.0
SPIKE	S40:G>A	22	127469	1.7259098E-4	36.755787	39.272728	TRUE	G	3.74932E-4	1352.0	7.269755E-4	0.9657322	1239.3011	0.03537498	0.029278468	93.0	0.0
SPIKE	S40:G>C	0	127469	0.0	-1.0	0.0	TRUE	G	2.0995489E-4	6.0	4.163464E-4	0.9806636	858.778	0.031176727	0.024369158	93.0	1.0
SPIKE	S41:G>A	9	127469	7.0605405E-5	15.850103	37.666668	TRUE	G	1.7526407E-4	632.0	7.269755E-4	0.98383254	1239.3011	0.03537498	0.029278468	93.0	0.0
SPIKE	S41:G>C	0	127469	0.0	-1.0	0.0	TRUE	G	7.823392E-6	32.0	4.163464E-4	0.9992727	858.778	0.031176727	0.024369158	93.0	0.0
SPIKE	S41:G>T	0	127469	0.0	-1.0	0.0	TRUE	G	5.3426515E-6	21.0	5.024996E-4	0.99950325	442.00598	0.032445945	0.023143454	93.0	0.0
SPIKE	S42:C>T	10	127469	7.8450445E-5	14.269594	38.2	TRUE	C	2.8819434E-4	1023.0	6.1934785E-4	0.9735539	1239.3011	0.035932172	0.02545238	93.0	0.0
SPIKE	S42:C>A	6	127469	4.707027E-5	-1.0	39.833332	TRUE	C	1.8493296E-5	54.0	9.165055E-4	0.9982816	442.00598	0.043694153	0.03234156	93.0	0.0
SPIKE	S42:C>G	2	127469	1.569009E-5	-1.0	40.0	TRUE	C	1.3645172E-5	55.0	4.6997017E-4	0.9987318	858.778	0.03163917	0.017158259	93.0	0.0
SPIKE	S43:G>T	2	127469	1.569009E-5	-1.0	39.5	TRUE	G	5.0882395E-6	20.0	5.024996E-4	0.9995269	442.00598	0.032445945	0.023143454	93.0	0.0
SPIKE	S43:G>A	13	127469	1.0198558E-4	25.388708	39.53846	TRUE	G	2.4237468E-4	874.0	7.269755E-4	0.9777113	1239.3011	0.03537498	0.029278468	93.0	0.0
SPIKE	D43-44:G>	1	127469	7.845045E-6	-1.0	39.86261	TRUE		NaN	NaN	NaN	NaN	NaN	NaN	NaN	NaN	NaN
SPIKE	S43:G>C	0	127469	0.0	-1.0	0.0	TRUE	G	2.9337718E-6	12.0	4.163464E-4	0.9997272	858.778	0.031176727	0.024369158	93.0	0.0
SPIKE	S44:G>T	1	127469	7.845045E-6	-1.0	39.0	TRUE	G	4.325004E-6	17.0	5.024996E-4	0.99959785	442.00598	0.032445945	0.023143454	93.0	0.0
SPIKE	S44:G>A	12	127469	9.414054E-5	22.940357	39.75	TRUE	G	2.0188646E-4	728.0	7.269755E-4	0.9813997	1239.3011	0.03537498	0.029278468	93.0	0.0
SPIKE	S44:G>C	0	127469	0.0	-1.0	0.0	TRUE	G	9.534759E-6	39.0	4.163464E-4	0.9991137	858.778	0.031176727	0.024369158	93.0	0.0
SPIKE	D45-47:CG>	1	127469	7.845045E-6	-1.0	39.655964	TRUE		NaN	NaN	NaN	NaN	NaN	NaN	NaN	NaN	NaN
SPIKE	S45:C>T	8	127469	6.276036E-5	-1.0	37.875	TRUE	C	8.451447E-6	30.0	6.1934785E-4	0.99921435	1239.3011	0.035932172	0.02545238	93.0	0.0
SPIKE	S45:C>A	4	127469	3.138018E-5	-1.0	39.0	TRUE	C	8.561711E-6	25.0	9.165055E-4	0.9992041	442.00598	0.043694153	0.03234156	93.0	0.0
SPIKE	S45:C>G	2	127469	1.569009E-5	-1.0	39.0	TRUE	C	9.923761E-6	40.0	4.6997017E-4	0.9990775	858.778	0.03163917	0.017158259	93.0	0.0
SPIKE	S46:G>A	11	127469	8.629549E-5	20.53052	39.636364	TRUE	G	2.0549157E-4	741.0	7.269755E-4	0.98107076	1239.3011	0.03537498	0.029278468	93.0	0.0
SPIKE	S46:G>C	0	127469	0.0	-1.0	0.0	TRUE	G	2.0995489E-4	7.0	4.163464E-4	0.9806636	858.778	0.031176727	0.024369158	93.0	1.0
SPIKE	S46:G>T	0	127469	0.0	-1.0	0.0	TRUE	G	2.7985318E-6	11.0	5.024996E-4	0.99973977	442.00598	0.032445945	0.023143454	93.0	0.0
SPIKE	S47:A>C	1	127469	7.845045E-6	-1.0	40.0	TRUE	A	7.924825E-6	25.0	6.706776E-4	0.9992633	1012.4009	0.040433895	0.062371213	93.0	0.0
SPIKE	S47:A>G	12	127469	9.414054E-5	22.940357	39.666668	TRUE	A	1.8972826E-4	692.0	5.506929E-4	0.98251003	2575.87	0.034967918	0.034734398	93.0	0.0
SPIKE	D47-48:A>	1	127469	7.845045E-6	-1.0	39.84171	TRUE		NaN	NaN	NaN	NaN	NaN	NaN	NaN	NaN	NaN
SPIKE	S47:A>T	0	127469	0.0	-1.0	0.0	TRUE	A	6.26033E-6	20.0	7.702129E-4	0.99941796	393.3678	0.039930657	0.031932794	93.0	0.0
SPIKE	S48:A>T	1	127469	7.845045E-6	-1.0	40.0	TRUE	A	1.9094006E-5	61.0	7.702129E-4	0.9982258	393.3678	0.039930657	0.031932794	93.0	0.0
SPIKE	S48:A>C	2	127469	1.569009E-5	-1.0	40.0	TRUE	A	1.80686E-5	57.0	6.706776E-4	0.99832106	1012.4009	0.040433895	0.062371213	93.0	0.0
SPIKE	S48:A>G	23	127469	1.8043602E-4	30.28422	39.47826	TRUE	A	4.9296446E-4	1798.0	5.506929E-4	0.95518935	2575.87	0.034967918	0.034734398	93.0	0.0
SPIKE	S49:T>C	9	127469	7.0605405E-5	2.6251502	39.333332	TRUE	T	6.7475927E-4	2416.0	5.5804104E-4	0.9391758	2575.87	0.03562041	0.035993848	93.0	0.0
SPIKE	D49-50:T>	28	127469	2.1966125E-4	-1.0	39.70466	TRUE		NaN	NaN	NaN	NaN	NaN	NaN	NaN	NaN	NaN
SPIKE	S49:T>A	0	127469	0.0	-1.0	0.0	TRUE	T	3.4652938E-5	117.0	7.4995594E-4	0.9967825	393.3678	0.03778197	0.019480448	93.0	0.0
SPIKE	S49:T>G	0	127469	0.0	-1.0	0.0	TRUE	T	1.7381619E-5	71.0	3.3073022E-4	0.99838483	1012.4009	0.031216204	0.029405678	93.0	0.0
SPIKE	S50:T>C	5	127469	3.9225222E-5	0.8233644	39.6	TRUE	T	5.98793E-4	2144.0	5.5804104E-4	0.94583446	2575.87	0.03562041	0.035993848	93.0	0.0
SPIKE	S50:T>G	1	127469	7.845045E-6	-1.0	39.0	TRUE	T	2.2277849E-5	91.0	3.3073022E-4	0.9979303	1012.4009	0.031216204	0.029405678	93.0	0.0
SPIKE	S50:T>A	1	127469	7.845045E-6	4.2596874	38.0	TRUE	T	3.613383E-5	122.0	7.4995594E-4	0.9966452	393.3678	0.03778197	0.019480448	93.0	0.0
SPIKE	S51:T>C	10	127469	7.8450445E-5	5.5683827	39.3	TRUE	T	5.4181827E-4	1940.0	5.5804104E-4	0.95085937	2575.87	0.03562041	0.035993848	93.0	0.0
SPIKE	S51:T>A	1	127469	7.845045E-6	0.57991946	39.0	TRUE	T	2.6330308E-4	889.0	7.4995594E-4	0.97581017	393.3678	0.03778197	0.019480448	93.0	0.0
SPIKE	S51:T>G	0	127469	0.0	-1.0	0.0	TRUE	T	6.120288E-6	25.0	3.3073022E-4	0.99943095	1012.4009	0.031216204	0.029405678	93.0	0.0
SPIKE	S52:A>T	2	127469	1.569009E-5	-1.0	39.5	TRUE	A	4.382231E-6	14.0	7.702129E-4	0.99959254	393.3678	0.039930657	0.031932794	93.0	0.0
SPIKE	S52:A>C	1	127469	7.845045E-6	0.3166301	40.0	TRUE	A	3.290387E-4	1038.0	6.706776E-4	0.9698629	1012.4009	0.040433895	0.062371213	93.0	0.0
SPIKE	S52:A>G	19	127469	1.4905585E-4	29.847076	39.157894	TRUE	A	3.4134637E-4	1245.0	5.506929E-4	0.9687534	2575.87	0.034967918	0.034734398	93.0	0.0
SPIKE	S53:C>T	6	127469	4.707027E-5	9.311187	39.666668	TRUE	C	2.0170787E-4	716.0	6.1934785E-4	0.98141605	1239.3011	0.035932172	0.02545238	93.0	0.0
SPIKE	S53:C>G	1	127469	7.845045E-6	-1.0	40.0	TRUE	C	3.7214106E-6	15.0	4.6997017E-4	0.999654	858.778	0.03163917	0.017158259	93.0	0.0
SPIKE	S53:C>A	7	127469	5.4915312E-5	-1.0	39.714287	TRUE	C	6.164432E-6	18.0	9.165055E-4	0.9994269	442.00598	0.043694153	0.03234156	93.0	0.0
SPIKE	D53-54:C>	7	127469	5.4915312E-5	-1.0	39.75313	TRUE		NaN	NaN	NaN	NaN	NaN	NaN	NaN	NaN	NaN
SPIKE	S54:C>T	12	127469	9.414054E-5	15.021913	40.0	TRUE	C	3.307333E-4	1174.0	6.1934785E-4	0.96971005	1239.3011	0.035932172	0.02545238	93.0	0.0
SPIKE	S54:C>G	1	127469	7.845045E-6	1.0720997	40.0	TRUE	C	2.130577E-4	8.0	4.6997017E-4	0.98038065	858.778	0.03163917	0.017158259	93.0	1.0
SPIKE	S54:C>A	13	127469	1.0198558E-4	13.984274	40.0	TRUE	C	3.8664686E-4	1129.0	9.165055E-4	0.9646807	442.00598	0.043694153	0.03234156	93.0	0.0
SPIKE	S55:A>T	6	127469	4.707027E-5	13.113299	40.0	TRUE	A	1.6057746E-4	513.0	7.702129E-4	0.9851773	393.3678	0.039930657	0.031932794	93.0	0.0
SPIKE	S55:A>C	4	127469	3.138018E-5	0.04760854	40.0	TRUE	A	9.994789E-4	3153.0	6.706776E-4	0.91123766	1012.4009	0.040433895	0.062371213	93.0	0.0
SPIKE	S55:A>G	34	127469	2.667315E-4	31.658926	40.0	TRUE	A	9.2780415E-4	3384.0	5.506929E-4	0.91733205	2575.87	0.034967918	0.034734398	93.0	0.0
SPIKE	S56:C>T	14	127469	1.09830624E-4	27.870962	40.0	TRUE	C	2.2283649E-4	791.0	6.1934785E-4	0.97948945	1239.3011	0.035932172	0.02545238	93.0	0.0
SPIKE	S56:C>G	2	127469	1.569009E-5	-1.0	40.0	TRUE	C	6.450445E-6	26.0	4.6997017E-4	0.9994003	858.778	0.03163917	0.017158259	93.0	0.0
SPIKE	S56:C>A	5	127469	3.9225222E-5	3.5805361	40.0	TRUE	C	3.524E-4	1029.0	9.165055E-4	0.967758	442.00598	0.043694153	0.03234156	93.0	0.0
SPIKE	D56-57:C>	1	127469	7.845045E-6	-1.0	39.999992	TRUE		NaN	NaN	NaN	NaN	NaN	NaN	NaN	NaN	NaN
SPIKE	S57:C>T	15	127469	1.1767567E-4	25.242239	40.0	TRUE	C	2.9242007E-4	1038.0	6.1934785E-4	0.9731714	1239.3011	0.035932172	0.02545238	93.0	0.0
SPIKE	S57:C>A	7	127469	5.4915312E-5	4.6997046	40.0	TRUE	C	4.4897612E-4	1311.0	9.165055E-4	0.95910496	442.00598	0.043694153	0.03234156	93.0	0.0
SPIKE	S57:C>G	0	127469	0.0	-1.0	0.0	TRUE	C	2.130577E-4	7.0	4.6997017E-4	0.98038065	858.778	0.03163917	0.017158259	93.0	1.0
SPIKE	S58:A>T	3	127469	2.3535134E-5	0.96486104	40.0	TRUE	A	4.5105678E-4	1441.0	7.702129E-4	0.95891935	393.3678	0.039930657	0.031932794	93.0	0.0
SPIKE	S58:A>C	2	127469	1.569009E-5	0.28028724	40.0	TRUE	A	4.5488492E-4	1435.0	6.706776E-4	0.95857805	1012.4009	0.040433895	0.062371213	93.0	0.0
SPIKE	S58:A>G	22	127469	1.7259098E-4	21.739471	40.0	TRUE	A	6.3772826E-4	2326.0	5.506929E-4	0.9424158	2575.87	0.034967918	0.034734398	93.0	0.0
SPIKE	S59:T>C	16	127469	1.2552072E-4	5.8928747	40.0	TRUE	T	9.308661E-4	3333.0	5.5804104E-4	0.91707087	2575.87	0.03562041	0.035993848	93.0	0.0
SPIKE	S59:T>G	2	127469	1.569009E-5	-1.0	40.0	TRUE	T	2.0319358E-5	83.0	3.3073022E-4	0.9981121	1012.4009	0.031216204	0.029405678	93.0	0.0
SPIKE	S59:T>A	3	127469	2.3535134E-5	0.96486104	40.0	TRUE	T	4.0991168E-4	1384.0	7.4995594E-4	0.9625957	393.3678	0.03778197	0.019480448	93.0	0.0
SPIKE	D59-60:T>	2	127469	1.569009E-5	-1.0	39.99942	TRUE		NaN	NaN	NaN	NaN	NaN	NaN	NaN	NaN	NaN
SPIKE	S60:T>C	20	127471	1.5689843E-4	11.874259	40.0	TRUE	T	8.6354424E-4	3092.0	5.5804104E-4	0.9228306	2575.9106	0.03562041	0.035993848	93.0	0.0
SPIKE	S60:T>A	1	127471	7.844922E-6	-1.0	40.0	TRUE	T	2.1028376E-5	71.0	7.4995594E-4	0.9980463	393.37396	0.03778197	0.019480448	93.0	0.0
SPIKE	S60:T>G	0	127471	0.0	-1.0	0.0	TRUE	T	3.2094287E-4	1311.0	3.3073022E-4	0.97059333	1012.41675	0.031216204	0.029405678	93.0	0.0
SPIKE	S61:G>A	11	127471	8.629414E-5	16.357807	40.0	TRUE	G	2.775895E-4	1001.0	7.269755E-4	0.97451454	1239.3206	0.03537498	0.029278468	93.0	0.0
SPIKE	S61:G>C	0	127471	0.0	-1.0	0.0	TRUE	G	2.0995489E-4	7.0	4.163464E-4	0.9806636	858.79144	0.031176727	0.024369158	93.0	1.0
SPIKE	S61:G>T	0	127471	0.0	-1.0	0.0	TRUE	G	3.2615106E-4	1282.0	5.024996E-4	0.97012335	442.0129	0.032445945	0.023143454	93.0	0.0
SPIKE	S62:A>T	9	127471	7.060429E-5	28.342087	40.0	TRUE	A	9.9850695E-5	319.0	7.702129E-4	0.99075687	393.37396	0.039930657	0.031932794	93.0	0.0
SPIKE	S62:A>C	2	127471	1.5689844E-5	-1.0	40.0	TRUE	A	2.5042053E-5	79.0	6.706776E-4	0.9976738	1012.41675	0.040433895	0.062371213	93.0	0.0
SPIKE	S62:A>G	29	127471	2.2750272E-4	13.40212	40.0	TRUE	A	0.0012669372	4621.0	5.506929E-4	0.88885146	2575.9106	0.034967918	0.034734398	93.0	0.0
SPIKE	D62-63:A>	8	127471	6.2759376E-5	-1.0	39.99928	TRUE		NaN	NaN	NaN	NaN	NaN	NaN	NaN	NaN	NaN
SPIKE	I62:>A	1	127471	7.844922E-6	-1.0	39.99928	TRUE		NaN	NaN	NaN	NaN	NaN	NaN	NaN	NaN	NaN
SPIKE	S63:A>T	2	127471	1.5689844E-5	7.269987	40.0	TRUE	A	4.4760658E-5	143.0	7.702129E-4	0.9958459	393.37396	0.039930657	0.031932794	93.0	0.0
SPIKE	S63:A>C	1	127471	7.844922E-6	-1.0	40.0	TRUE	A	1.6483376E-5	52.0	6.706776E-4	0.9984682	1012.41675	0.040433895	0.062371213	93.0	0.0
SPIKE	S63:A>G	52	127471	4.0793594E-4	67.35605	40.0	TRUE	A	9.319021E-4	3399.0	5.506929E-4	0.9169825	2575.9106	0.034967918	0.034734398	93.0	0.0
SPIKE	S64:A>G	44	127471	3.4517655E-4	40.7284	40.0	TRUE	A	0.0011268366	4110.0	5.506929E-4	0.9005084	2575.9106	0.034967918	0.034734398	93.0	0.0
SPIKE	S64:A>C	3	127471	2.3534765E-5	-1.0	40.0	TRUE	A	3.2649765E-5	103.0	6.706776E-4	0.99696815	1012.41675	0.040433895	0.062371213	93.0	0.0
SPIKE	S64:A>T	4	127471	3.1379688E-5	13.290587	40.0	TRUE	A	4.7577763E-5	152.0	7.702129E-4	0.995585	393.37396	0.039930657	0.031932794	93.0	0.0
SPIKE	S65:A>G	46	127471	3.608664E-4	67.627106	40.0	TRUE	A	7.2517834E-4	2645.0	5.506929E-4	0.9347823	2575.9106	0.034967918	0.034734398	93.0	0.0
SPIKE	S65:A>C	9	127471	7.060429E-5	0.82383126	40.0	TRUE	A	9.78225E-4	3086.0	6.706776E-4	0.9130406	1012.41675	0.040433895	0.062371213	93.0	0.0
SPIKE	S65:A>T	1	127471	7.844922E-6	-1.0	40.0	TRUE	A	2.8797067E-5	92.0	7.702129E-4	0.9973255	393.37396	0.039930657	0.031932794	93.0	0.0
SPIKE	S66:C>A	1	127471	7.844922E-6	1.0720997	40.0	TRUE	C	1.9965596E-4	583.0	9.165055E-4	0.9816033	442.0129	0.043694153	0.03234156	93.0	0.0
SPIKE	S66:C>T	10	127471	7.8449215E-5	23.451881	40.0	TRUE	C	1.6761773E-4	595.0	6.1934785E-4	0.9845324	1239.3206	0.035932172	0.02545238	93.0	0.0
SPIKE	S66:C>G	0	127471	0.0	-1.0	0.0	TRUE	C	8.186975E-6	33.0	4.6997017E-4	0.9992389	858.79144	0.03163917	0.017158259	93.0	0.0
SPIKE	S67:C>A	12	127471	9.413906E-5	4.2324085	40.0	TRUE	C	7.83213E-4	2287.0	9.165055E-4	0.9297507	442.0129	0.043694153	0.03234156	93.0	0.0
SPIKE	S67:C>T	12	127471	9.413906E-5	28.819815	40.0	TRUE	C	1.6170181E-4	574.0	6.1934785E-4	0.9850742	1239.3206	0.035932172	0.02545238	93.0	0.0
SPIKE	S67:C>G	0	127471	0.0	-1.0	0.0	TRUE	C	2.130577E-4	6.0	4.6997017E-4	0.98038065	858.79144	0.03163917	0.017158259	93.0	1.0
SPIKE	S68:A>G	27	127471	2.1181288E-4	9.823219	40.0	TRUE	A	0.0013088852	4774.0	5.506929E-4	0.88539064	2575.9106	0.034967918	0.034734398	93.0	0.0
SPIKE	S68:A>C	5	127471	3.9224607E-5	7.3154635	40.0	TRUE	A	2.4122787E-4	761.0	6.706776E-4	0.97781557	1012.41675	0.040433895	0.062371213	93.0	0.0
SPIKE	S68:A>T	10	127471	7.8449215E-5	23.451881	40.0	TRUE	A	1.3803811E-4	441.0	7.702129E-4	0.9872445	393.37396	0.039930657	0.031932794	93.0	0.0
SPIKE	S69:G>A	17	127471	1.3336366E-4	18.435606	40.0	TRUE	G	4.794728E-4	1729.0	7.269755E-4	0.9563886	1239.3206	0.03537498	0.029278468	93.0	0.0
SPIKE	S69:G>C	1	127471	7.844922E-6	0.027655387	40.0	TRUE	G	6.515316E-4	2665.0	4.163464E-4	0.94120675	858.79144	0.031176727	0.024369158	93.0	0.0
SPIKE	S69:G>T	1	127471	7.844922E-6	-1.0	40.0	TRUE	G	1.5010071E-5	59.0	5.024996E-4	0.998605	442.0129	0.032445945	0.023143454	93.0	0.0
SPIKE	S70:C>A	11	127471	8.629414E-5	-1.0	40.0	TRUE	C	8.561577E-6	25.0	9.165055E-4	0.9992041	442.0129	0.043694153	0.03234156	93.0	0.0
SPIKE	S70:C>G	4	127471	3.1379688E-5	8.284564	40.0	TRUE	C	1.6497995E-4	665.0	4.6997017E-4	0.984774	858.79144	0.03163917	0.017158259	93.0	0.0
SPIKE	S70:C>T	8	127471	6.2759376E-5	10.308654	40.0	TRUE	C	2.555114E-4	907.0	6.1934785E-4	0.97651756	1239.3206	0.035932172	0.02545238	93.0	0.0
SPIKE	D70-71:C>	1	127471	7.844922E-6	-1.0	39.999577	TRUE		NaN	NaN	NaN	NaN	NaN	NaN	NaN	NaN	NaN
SPIKE	S71:C>A	5	127471	3.9224607E-5	16.300888	40.0	TRUE	C	8.6985616E-5	254.0	9.165055E-4	0.99194294	442.0129	0.043694153	0.03234156	93.0	0.0
SPIKE	S71:C>T	16	127471	1.2551875E-4	19.635284	40.0	TRUE	C	4.4932822E-4	1595.0	6.1934785E-4	0.95907354	1239.3206	0.035932172	0.02545238	93.0	0.0
SPIKE	S71:C>G	0	127471	0.0	-1.0	0.0	TRUE	C	4.9717264E-4	2004.0	4.6997017E-4	0.95481557	858.79144	0.03163917	0.017158259	93.0	0.0
SPIKE	S72:G>A	24	127471	1.8827812E-4	41.4919	40.0	TRUE	G	3.405394E-4	1228.0	7.269755E-4	0.96882606	1239.3206	0.03537498	0.029278468	93.0	0.0
SPIKE	S72:G>C	0	127471	0.0	-1.0	0.0	TRUE	G	1.4668629E-4	600.0	4.163464E-4	0.9864508	858.79144	0.031176727	0.024369158	93.0	0.0
SPIKE	S72:G>T	0	127471	0.0	-1.0	0.0	TRUE	G	3.2411577E-4	1274.0	5.024996E-4	0.970307	442.0129	0.032445945	0.023143454	93.0	0.0
SPIKE	S73:T>A	5	127471	3.9224607E-5	16.300888	40.0	TRUE	T	7.226653E-5	244.0	7.4995594E-4	0.99330175	393.37396	0.03778197	0.019480448	93.0	0.0
SPIKE	S73:T>C	31	127471	2.4319257E-4	23.93385	40.0	TRUE	T	0.0010056995	3601.0	5.5804104E-4	0.91071063	2575.9106	0.03562041	0.035993848	93.0	0.0
SPIKE	S73:T>G	0	127471	0.0	-1.0	0.0	TRUE	T	7.868119E-4	3214.0	3.3073022E-4	0.92943954	1012.41675	0.031216204	0.029405678	93.0	0.0
SPIKE	S74:G>A	12	127471	9.413906E-5	28.819815	40.0	TRUE	G	1.522444E-4	549.0	7.269755E-4	0.98594105	1239.3206	0.03537498	0.029278468	93.0	0.0
SPIKE	S74:G>T	2	127471	1.5689844E-5	3.9120662	40.0	TRUE	G	1.6358434E-4	643.0	5.024996E-4	0.9849018	442.0129	0.032445945	0.023143454	93.0	0.0
SPIKE	S74:G>C	0	127471	0.0	-1.0	0.0	TRUE	G	4.351693E-5	178.0	4.163464E-4	0.9959611	858.79144	0.031176727	0.024369158	93.0	0.0
SPIKE	S75:G>A	10	127471	7.8449215E-5	18.164799	40.0	TRUE	G	1.952278E-4	704.0	7.269755E-4	0.9820076	1239.3206	0.03537498	0.029278468	93.0	0.0
SPIKE	S75:G>C	0	127471	0.0	-1.0	0.0	TRUE	G	6.1119285E-6	25.0	4.163464E-4	0.9994317	858.79144	0.031176727	0.024369158	93.0	0.0
SPIKE	S75:G>T	0	127471	0.0	-1.0	0.0	TRUE	G	5.660578E-4	2225.0	5.024996E-4	0.9487183	442.0129	0.032445945	0.023143454	93.0	0.0
SPIKE	I76:>T	2	127471	1.5689844E-5	-1.0	39.999554	TRUE		NaN	NaN	NaN	NaN	NaN	NaN	NaN	NaN	NaN
SPIKE	D76-78:TT>	1	127471	7.844922E-6	-1.0	39.999554	TRUE		NaN	NaN	NaN	NaN	NaN	NaN	NaN	NaN	NaN
SPIKE	S76:T>C	16	127471	1.2551875E-4	7.06087	40.0	TRUE	T	8.317059E-4	2978.0	5.5804104E-4	0.9255671	2575.9106	0.03562041	0.035993848	93.0	0.0
SPIKE	D76-77:T>	2	127471	1.5689844E-5	-1.0	39.999554	TRUE		NaN	NaN	NaN	NaN	NaN	NaN	NaN	NaN	NaN
SPIKE	S76:T>A	0	127471	0.0	-1.0	0.0	TRUE	T	4.116823E-5	139.0	7.4995594E-4	0.9961787	393.37396	0.03778197	0.019480448	93.0	0.0
SPIKE	S76:T>G	0	127471	0.0	-1.0	0.0	TRUE	T	3.3563134E-4	1371.0	3.3073022E-4	0.9692684	1012.41675	0.031216204	0.029405678	93.0	0.0
SPIKE	S77:T>A	1	127471	7.844922E-6	-1.0	40.0	TRUE	T	1.2735495E-5	43.0	7.4995594E-4	0.9988163	393.37396	0.03778197	0.019480448	93.0	0.0
SPIKE	S77:T>G	1	127471	7.844922E-6	4.2596874	40.0	TRUE	T	4.7492693E-5	194.0	3.3073022E-4	0.9955929	1012.41675	0.031216204	0.029405678	93.0	0.0
SPIKE	S77:T>C	11	127471	8.629414E-5	8.460401	40.0	TRUE	T	4.5997972E-4	1647.0	5.5804104E-4	0.958124	2575.9106	0.03562041	0.035993848	93.0	0.0
SPIKE	S78:T>C	22	127471	1.7258828E-4	16.716995	40.0	TRUE	T	7.9819193E-4	2858.0	5.5804104E-4	0.9284564	2575.9106	0.03562041	0.035993848	93.0	0.0
SPIKE	S78:T>A	0	127471	0.0	-1.0	0.0	TRUE	T	1.3031669E-5	44.0	7.4995594E-4	0.9987888	393.37396	0.03778197	0.019480448	93.0	0.0
SPIKE	S78:T>G	0	127471	0.0	-1.0	0.0	TRUE	T	5.510621E-4	2251.0	3.3073022E-4	0.9500423	1012.41675	0.031216204	0.029405678	93.0	0.0
SPIKE	S79:G>A	19	127471	1.490535E-4	40.675655	40.0	TRUE	G	2.2767333E-4	821.0	7.269755E-4	0.97904897	1239.3206	0.03537498	0.029278468	93.0	0.0
SPIKE	S79:G>C	0	127471	0.0	-1.0	0.0	TRUE	G	6.168159E-4	2523.0	4.163464E-4	0.9442504	858.79144	0.031176727	0.024369158	93.0	0.0
SPIKE	S79:G>T	0	127471	0.0	-1.0	0.0	TRUE	G	1.5086394E-4	593.0	5.024996E-4	0.9860676	442.0129	0.032445945	0.023143454	93.0	0.0
SPIKE	S80:C>G	1	127471	7.844922E-6	0.027655387	40.0	TRUE	C	6.271719E-4	2528.0	4.6997017E-4	0.94334143	858.79144	0.03163917	0.017158259	93.0	0.0
SPIKE	S80:C>A	3	127471	2.3534765E-5	-1.0	40.0	TRUE	C	2.8081971E-5	82.0	9.165055E-4	0.99739176	442.0129	0.043694153	0.03234156	93.0	0.0
SPIKE	S80:C>T	22	127471	1.7258828E-4	24.764832	40.0	TRUE	C	5.839858E-4	2073.0	6.1934785E-4	0.9471378	1239.3206	0.035932172	0.02545238	93.0	0.0
SPIKE	D80-81:C>	1	127471	7.844922E-6	-1.0	39.99925	TRUE		NaN	NaN	NaN	NaN	NaN	NaN	NaN	NaN	NaN
SPIKE	S81:G>A	13	127471	1.01983984E-4	16.993744	40.0	TRUE	G	3.2057293E-4	1156.0	7.269755E-4	0.9706268	1239.3206	0.03537498	0.029278468	93.0	0.0
SPIKE	S81:G>T	3	127471	2.3534765E-5	10.280287	40.0	TRUE	G	4.7574293E-5	187.0	5.024996E-4	0.9955854	442.0129	0.032445945	0.023143454	93.0	0.0
SPIKE	S81:G>C	0	127471	0.0	-1.0	0.0	TRUE	G	8.727834E-5	357.0	4.163464E-4	0.99191594	858.79144	0.031176727	0.024369158	93.0	0.0
SPIKE	S82:G>A	11	127471	8.629414E-5	20.53052	40.0	TRUE	G	2.3932043E-4	863.0	7.269755E-4	0.9779891	1239.3206	0.03537498	0.029278468	93.0	0.0
SPIKE	S82:G>T	1	127471	7.844922E-6	-1.0	40.0	TRUE	G	6.8690156E-6	27.0	5.024996E-4	0.9993614	442.0129	0.032445945	0.023143454	93.0	0.0
SPIKE	S82:G>C	1	127471	7.844922E-6	0.05119444	40.0	TRUE	G	5.3980557E-4	2208.0	4.163464E-4	0.95103735	858.79144	0.031176727	0.024369158	93.0	0.0
SPIKE	S83:C>A	17	127471	1.3336366E-4	-1.0	40.0	TRUE	C	1.4040986E-5	41.0	9.165055E-4	0.998695	442.0129	0.043694153	0.03234156	93.0	0.0
SPIKE	S83:C>T	25	127471	1.9612304E-4	38.884777	40.0	TRUE	C	4.2622795E-4	1513.0	6.1934785E-4	0.96113616	1239.3206	0.035932172	0.02545238	93.0	0.0
SPIKE	S83:C>G	0	127471	0.0	-1.0	0.0	TRUE	C	6.777823E-4	2732.0	4.6997017E-4	0.9389118	858.79144	0.03163917	0.017158259	93.0	0.0
SPIKE	S84:G>A	21	127471	1.6474335E-4	13.225585	40.0	TRUE	G	8.5439894E-4	3081.0	7.269755E-4	0.9236158	1239.3206	0.03537498	0.029278468	93.0	0.0
SPIKE	S84:G>C	0	127471	0.0	-1.0	0.0	TRUE	G	9.436818E-5	386.0	4.163464E-4	0.99126214	858.79144	0.031176727	0.024369158	93.0	0.0
SPIKE	S84:G>T	0	127471	0.0	-1.0	0.0	TRUE	G	9.158688E-6	36.0	5.024996E-4	0.9991486	442.0129	0.032445945	0.023143454	93.0	0.0
SPIKE	S85:A>G	13	127471	1.01983984E-4	16.993744	40.0	TRUE	A	3.3229342E-4	1212.0	5.506929E-4	0.9695693	2575.9106	0.034967918	0.034734398	93.0	0.0
SPIKE	S85:A>C	0	127471	0.0	-1.0	0.0	TRUE	A	7.9247E-6	25.0	6.706776E-4	0.9992633	1012.41675	0.040433895	0.062371213	93.0	0.0
SPIKE	S85:A>T	0	127471	0.0	-1.0	0.0	TRUE	A	6.607675E-4	2111.0	7.702129E-4	0.9403987	393.37396	0.039930657	0.031932794	93.0	0.0
SPIKE	S86:T>C	10	127469	7.8450445E-5	0.34682032	39.4	TRUE	T	0.0012567949	4500.0	5.5804104E-4	0.8896902	2575.87	0.03562041	0.035993848	93.0	0.0
SPIKE	D86-87:T>	5	127469	3.9225222E-5	-1.0	39.59158	TRUE		NaN	NaN	NaN	NaN	NaN	NaN	NaN	NaN	NaN
SPIKE	S86:T>A	0	127469	0.0	-1.0	0.0	TRUE	T	1.3209581E-4	446.0	7.4995594E-4	0.9877902	393.3678	0.03778197	0.019480448	93.0	0.0
SPIKE	S86:T>G	0	127469	0.0	-1.0	0.0	TRUE	T	2.2277849E-5	91.0	3.3073022E-4	0.9979303	1012.4009	0.031216204	0.029405678	93.0	0.0
SPIKE	S87:T>A	1	127469	7.845045E-6	4.2596874	39.0	TRUE	T	6.0716688E-5	205.0	7.4995594E-4	0.99436927	393.3678	0.03778197	0.019480448	93.0	0.0
SPIKE	S87:T>C	5	127469	3.9225222E-5	1.2043823	39.0	TRUE	T	5.9236935E-4	2121.0	5.5804104E-4	0.9463996	2575.87	0.03562041	0.035993848	93.0	0.0
SPIKE	S87:T>G	0	127469	0.0	-1.0	0.0	TRUE	T	6.8547226E-5	280.0	3.3073022E-4	0.99364537	1012.4009	0.031216204	0.029405678	93.0	0.0
SPIKE	S88:T>A	1	127469	7.845045E-6	4.2596874	39.0	TRUE	T	6.486319E-5	219.0	7.4995594E-4	0.9939859	393.3678	0.03778197	0.019480448	93.0	0.0
SPIKE	S88:T>C	12	127469	9.414054E-5	8.07949	38.166668	TRUE	T	5.6779204E-4	2033.0	5.5804104E-4	0.9485653	2575.87	0.03562041	0.035993848	93.0	0.0
SPIKE	S88:T>G	0	127469	0.0	-1.0	0.0	TRUE	T	8.568403E-6	35.0	3.3073022E-4	0.99920344	1012.4009	0.031216204	0.029405678	93.0	0.0
SPIKE	S89:A>G	24	127469	1.8828108E-4	53.942116	39.375	TRUE	A	2.009694E-4	733.0	5.506929E-4	0.9814834	2575.87	0.034967918	0.034734398	93.0	0.0
SPIKE	S89:A>C	0	127469	0.0	-1.0	0.0	TRUE	A	3.2092398E-4	9.0	6.706776E-4	0.97059506	1012.4009	0.040433895	0.062371213	93.0	1.0
SPIKE	S89:A>T	0	127469	0.0	-1.0	0.0	TRUE	A	6.44814E-5	206.0	7.702129E-4	0.9940212	393.3678	0.039930657	0.031932794	93.0	0.0
SPIKE	S90:T>A	1	127469	7.845045E-6	-1.0	40.0	TRUE	T	2.4286675E-5	82.0	7.4995594E-4	0.9977439	393.3678	0.03778197	0.019480448	93.0	0.0
SPIKE	S90:T>C	6	127469	4.707027E-5	2.5461562	39.166668	TRUE	T	5.0299725E-4	1801.0	5.5804104E-4	0.9542985	2575.87	0.03562041	0.035993848	93.0	0.0
SPIKE	S90:T>G	0	127469	0.0	-1.0	0.0	TRUE	T	1.4199069E-5	58.0	3.3073022E-4	0.99868035	1012.4009	0.031216204	0.029405678	93.0	0.0
SPIKE	S91:C>G	1	127469	7.845045E-6	-1.0	40.0	TRUE	C	2.4809403E-6	10.0	4.6997017E-4	0.9997693	858.778	0.03163917	0.017158259	93.0	0.0
SPIKE	S91:C>A	9	127469	7.0605405E-5	-1.0	38.88889	TRUE	C	9.931585E-6	29.0	9.165055E-4	0.9990768	442.00598	0.043694153	0.03234156	93.0	0.0
SPIKE	S91:C>T	10	127469	7.8450445E-5	14.269594	39.5	TRUE	C	2.574874E-4	914.0	6.1934785E-4	0.9763381	1239.3011	0.035932172	0.02545238	93.0	0.0
SPIKE	S92:G>A	20	127469	1.5690089E-4	27.844131	39.45	TRUE	G	3.985039E-4	1437.0	7.269755E-4	0.9636175	1239.3011	0.03537498	0.029278468	93.0	0.0
SPIKE	S92:G>C	0	127469	0.0	-1.0	0.0	TRUE	G	9.779239E-6	40.0	4.163464E-4	0.99909097	858.778	0.031176727	0.024369158	93.0	0.0
SPIKE	S92:G>T	0	127469	0.0	-1.0	0.0	TRUE	G	4.325004E-6	17.0	5.024996E-4	0.99959785	442.00598	0.032445945	0.023143454	93.0	0.0
SPIKE	S93:T>C	5	127469	3.9225222E-5	3.5805361	39.4	TRUE	T	3.563712E-4	1276.0	5.5804104E-4	0.96740067	2575.87	0.03562041	0.035993848	93.0	0.0
SPIKE	S93:T>A	0	127469	0.0	-1.0	0.0	TRUE	T	6.1309045E-5	207.0	7.4995594E-4	0.9943145	393.3678	0.03778197	0.019480448	93.0	0.0
SPIKE	S93:T>G	0	127469	0.0	-1.0	0.0	TRUE	T	1.6891996E-5	69.0	3.3073022E-4	0.99843025	1012.4009	0.031216204	0.029405678	93.0	0.0
SPIKE	S94:C>A	15	127469	1.1767567E-4	-1.0	39.333332	TRUE	C	9.246648E-6	27.0	9.165055E-4	0.99914044	442.00598	0.043694153	0.03234156	93.0	0.0
SPIKE	S94:C>T	15	127469	1.1767567E-4	25.242239	39.266666	TRUE	C	2.718549E-4	965.0	6.1934785E-4	0.9750344	1239.3011	0.035932172	0.02545238	93.0	0.0
SPIKE	S94:C>G	0	127469	0.0	-1.0	0.0	TRUE	C	2.130577E-4	8.0	4.6997017E-4	0.98038065	858.778	0.03163917	0.017158259	93.0	1.0
SPIKE	S95:G>A	10	127469	7.8450445E-5	18.164799	39.0	TRUE	G	1.9550818E-4	705.0	7.269755E-4	0.98198205	1239.3011	0.03537498	0.029278468	93.0	0.0
SPIKE	S95:G>C	1	127469	7.845045E-6	-1.0	40.0	TRUE	G	1.2224049E-5	50.0	4.163464E-4	0.9988638	858.778	0.031176727	0.024369158	93.0	0.0
SPIKE	D95-98:GTC>	1	127469	7.845045E-6	-1.0	39.85096	TRUE		NaN	NaN	NaN	NaN	NaN	NaN	NaN	NaN	NaN
SPIKE	S95:G>T	0	127469	0.0	-1.0	0.0	TRUE	G	1.1245162E-4	7.0	5.024996E-4	0.9895965	442.00598	0.032445945	0.023143454	93.0	1.0
SPIKE	S96:T>C	4	127469	3.138018E-5	0.30566683	39.5	TRUE	T	7.317339E-4	2620.0	5.5804104E-4	0.93421257	2575.87	0.03562041	0.035993848	93.0	0.0
SPIKE	S96:T>A	0	127469	0.0	-1.0	0.0	TRUE	T	6.4567015E-5	218.0	7.4995594E-4	0.99401325	393.3678	0.03778197	0.019480448	93.0	0.0
SPIKE	S96:T>G	0	127469	0.0	-1.0	0.0	TRUE	T	1.9584922E-5	80.0	3.3073022E-4	0.99818027	1012.4009	0.031216204	0.029405678	93.0	0.0
SPIKE	S97:C>T	6	127469	4.707027E-5	9.311187	39.5	TRUE	C	1.8452326E-4	655.0	6.1934785E-4	0.98298573	1239.3011	0.035932172	0.02545238	93.0	0.0
SPIKE	S97:C>A	7	127469	5.4915312E-5	-1.0	38.857143	TRUE	C	6.5069003E-6	19.0	9.165055E-4	0.999395	442.00598	0.043694153	0.03234156	93.0	0.0
SPIKE	S97:C>G	0	127469	0.0	-1.0	0.0	TRUE	C	2.130577E-4	7.0	4.6997017E-4	0.98038065	858.778	0.03163917	0.017158259	93.0	1.0
SPIKE	S98:A>C	1	127469	7.845045E-6	-1.0	40.0	TRUE	A	1.6483635E-5	52.0	6.706776E-4	0.9984682	1012.4009	0.040433895	0.062371213	93.0	0.0
SPIKE	S98:A>T	1	127469	7.845045E-6	-1.0	40.0	TRUE	A	5.9473136E-6	19.0	7.702129E-4	0.99944705	393.3678	0.039930657	0.031932794	93.0	0.0
SPIKE	S98:A>G	38	127469	2.981117E-4	54.321705	39.36842	TRUE	A	6.5938797E-4	2405.0	5.506929E-4	0.94051933	2575.87	0.034967918	0.034734398	93.0	0.0
SPIKE	D98-101:ATC>	2	127469	1.569009E-5	-1.0	39.751884	TRUE		NaN	NaN	NaN	NaN	NaN	NaN	NaN	NaN	NaN
SPIKE	S99:T>C	8	127469	6.276036E-5	3.459151	38.25	TRUE	T	5.747742E-4	2058.0	5.5804104E-4	0.9479495	2575.87	0.03562041	0.035993848	93.0	0.0
SPIKE	S99:T>A	5	127469	3.9225222E-5	-1.0	39.2	TRUE	T	1.68822E-5	57.0	7.4995594E-4	0.9984312	393.3678	0.03778197	0.019480448	93.0	0.0
SPIKE	S99:T>G	0	127469	0.0	-1.0	0.0	TRUE	T	1.1995765E-5	49.0	3.3073022E-4	0.99888504	1012.4009	0.031216204	0.029405678	93.0	0.0
SPIKE	S100:C>T	7	127469	5.4915312E-5	8.459471	39.714287	TRUE	C	3.1270355E-4	1110.0	6.1934785E-4	0.9713374	1239.3011	0.035932172	0.02545238	93.0	0.0
SPIKE	S100:C>A	14	127469	1.09830624E-4	-1.0	39.57143	TRUE	C	1.8835764E-5	55.0	9.165055E-4	0.9982498	442.00598	0.043694153	0.03234156	93.0	0.0
SPIKE	S100:C>G	1	127469	7.845045E-6	-1.0	39.0	TRUE	C	2.9771284E-6	12.0	4.6997017E-4	0.99972314	858.778	0.03163917	0.017158259	93.0	0.0
SPIKE	S101:G>T	1	127469	7.845045E-6	-1.0	38.0	TRUE	G	4.070592E-6	16.0	5.024996E-4	0.9996215	442.00598	0.032445945	0.023143454	93.0	0.0
SPIKE	S101:G>A	16	127469	1.2552072E-4	27.568455	39.3125	TRUE	G	2.595683E-4	936.0	7.269755E-4	0.9761492	1239.3011	0.03537498	0.029278468	93.0	0.0
SPIKE	S101:G>C	0	127469	0.0	-1.0	0.0	TRUE	G	5.6230624E-6	23.0	4.163464E-4	0.9994772	858.778	0.031176727	0.024369158	93.0	0.0
SPIKE	D102-104:TG>	1	127469	7.845045E-6	-1.0	39.668007	TRUE		NaN	NaN	NaN	NaN	NaN	NaN	NaN	NaN	NaN
SPIKE	S102:T>C	9	127469	7.0605405E-5	4.459113	38.88889	TRUE	T	5.5801694E-4	1998.0	5.5804104E-4	0.949428	2575.87	0.03562041	0.035993848	93.0	0.0
SPIKE	S102:T>A	5	127469	3.9225222E-5	-1.0	39.2	TRUE	T	1.9251633E-5	65.0	7.4995594E-4	0.9982112	393.3678	0.03778197	0.019480448	93.0	0.0
SPIKE	S102:T>G	1	127469	7.845045E-6	-1.0	40.0	TRUE	T	2.3501907E-5	96.0	3.3073022E-4	0.9978167	1012.4009	0.031216204	0.029405678	93.0	0.0
SPIKE	S103:G>A	18	127469	1.4121081E-4	45.363	39.27778	TRUE	G	1.608436E-4	580.0	7.269755E-4	0.98515284	1239.3011	0.03537498	0.029278468	93.0	0.0
SPIKE	S103:G>C	0	127469	0.0	-1.0	0.0	TRUE	G	3.911696E-6	16.0	4.163464E-4	0.9996363	858.778	0.031176727	0.024369158	93.0	0.0
SPIKE	S103:G>T	0	127469	0.0	-1.0	0.0	TRUE	G	3.0529438E-6	12.0	5.024996E-4	0.9997161	442.00598	0.032445945	0.023143454	93.0	0.0
SPIKE	S104:G>A	14	127469	1.09830624E-4	34.27314	39.214287	TRUE	G	1.5585191E-4	562.0	7.269755E-4	0.9856103	1239.3011	0.03537498	0.029278468	93.0	0.0
SPIKE	S104:G>C	0	127469	0.0	-1.0	0.0	TRUE	G	1.1001644E-5	45.0	4.163464E-4	0.99897736	858.778	0.031176727	0.024369158	93.0	0.0
SPIKE	S104:G>T	0	127469	0.0	-1.0	0.0	TRUE	G	3.8161797E-6	15.0	5.024996E-4	0.9996452	442.00598	0.032445945	0.023143454	93.0	0.0
SPIKE	S105:C>T	13	127469	1.0198558E-4	20.706247	34.46154	TRUE	C	2.8340518E-4	1006.0	6.1934785E-4	0.97398764	1239.3011	0.035932172	0.02545238	93.0	0.0
SPIKE	S105:C>A	10	127469	7.8450445E-5	-1.0	39.3	TRUE	C	2.6712538E-5	78.0	9.165055E-4	0.99751884	442.00598	0.043694153	0.03234156	93.0	0.0
SPIKE	S105:C>G	1	127469	7.845045E-6	-1.0	40.0	TRUE	C	1.166042E-5	47.0	4.6997017E-4	0.99891615	858.778	0.03163917	0.017158259	93.0	0.0
SPIKE	D105-106:C>	1	127469	7.845045E-6	-1.0	39.813187	TRUE		NaN	NaN	NaN	NaN	NaN	NaN	NaN	NaN	NaN
SPIKE	D105-107:CG>	1	127469	7.845045E-6	-1.0	39.813187	TRUE		NaN	NaN	NaN	NaN	NaN	NaN	NaN	NaN	NaN
SPIKE	S106:G>T	1	127469	7.845045E-6	-1.0	40.0	TRUE	G	1.9844134E-5	78.0	5.024996E-4	0.9981562	442.00598	0.032445945	0.023143454	93.0	0.0
SPIKE	S106:G>A	13	127469	1.0198558E-4	13.984274	39.307693	TRUE	G	4.3067263E-4	1553.0	7.269755E-4	0.96073896	1239.3011	0.03537498	0.029278468	93.0	0.0
SPIKE	S106:G>C	0	127469	0.0	-1.0	0.0	TRUE	G	5.8675437E-6	24.0	4.163464E-4	0.99945444	858.778	0.031176727	0.024369158	93.0	0.0
SPIKE	S107:G>A	6	127469	4.707027E-5	9.311187	39.166668	TRUE	G	2.4237468E-4	874.0	7.269755E-4	0.9777113	1239.3011	0.03537498	0.029278468	93.0	0.0
SPIKE	S107:G>C	0	127469	0.0	-1.0	0.0	TRUE	G	1.1735087E-5	48.0	4.163464E-4	0.99890924	858.778	0.031176727	0.024369158	93.0	0.0
SPIKE	S107:G>T	0	127469	0.0	-1.0	0.0	TRUE	G	4.8338275E-6	19.0	5.024996E-4	0.9995506	442.00598	0.032445945	0.023143454	93.0	0.0
SPIKE	S108:C>T	11	127469	8.629549E-5	16.357807	39.545456	TRUE	C	2.665023E-4	946.0	6.1934785E-4	0.9755199	1239.3011	0.035932172	0.02545238	93.0	0.0
SPIKE	S108:C>A	3	127469	2.3535134E-5	-1.0	40.0	TRUE	C	7.191837E-6	21.0	9.165055E-4	0.99933136	442.00598	0.043694153	0.03234156	93.0	0.0
SPIKE	S108:C>G	1	127469	7.845045E-6	-1.0	40.0	TRUE	C	2.7290343E-6	11.0	4.6997017E-4	0.9997462	858.778	0.03163917	0.017158259	93.0	0.0
SPIKE	S109:A>C	4	127469	3.138018E-5	-1.0	39.75	TRUE	A	1.9653566E-5	62.0	6.706776E-4	0.9981739	1012.4009	0.040433895	0.062371213	93.0	0.0
SPIKE	S109:A>T	1	127469	7.845045E-6	-1.0	38.0	TRUE	A	1.4085743E-5	45.0	7.702129E-4	0.9986909	393.3678	0.039930657	0.031932794	93.0	0.0
SPIKE	S109:A>G	52	127469	4.079423E-4	76.4322	39.28846	TRUE	A	7.879755E-4	2874.0	5.506929E-4	0.929339	2575.87	0.034967918	0.034734398	93.0	0.0
SPIKE	S110:G>T	1	127469	7.845045E-6	-1.0	39.0	TRUE	G	4.579416E-6	18.0	5.024996E-4	0.9995742	442.00598	0.032445945	0.023143454	93.0	0.0
SPIKE	S110:G>A	13	127469	1.0198558E-4	25.388708	38.846153	TRUE	G	2.1214718E-4	765.0	7.269755E-4	0.9804637	1239.3011	0.03537498	0.029278468	93.0	0.0
SPIKE	S110:G>C	0	127469	0.0	-1.0	0.0	TRUE	G	2.0995489E-4	8.0	4.163464E-4	0.9806636	858.778	0.031176727	0.024369158	93.0	1.0
SPIKE	S111:C>T	14	127469	1.09830624E-4	27.870962	39.5	TRUE	C	2.2649879E-4	804.0	6.1934785E-4	0.9791559	1239.3011	0.035932172	0.02545238	93.0	0.0
SPIKE	S111:C>A	8	127469	6.276036E-5	-1.0	39.625	TRUE	C	6.8493687E-6	20.0	9.165055E-4	0.9993632	442.00598	0.043694153	0.03234156	93.0	0.0
SPIKE	S111:C>G	0	127469	0.0	-1.0	0.0	TRUE	C	8.6832915E-6	35.0	4.6997017E-4	0.9991928	858.778	0.03163917	0.017158259	93.0	0.0
SPIKE	S112:G>A	8	127469	6.276036E-5	13.595069	39.75	TRUE	G	1.8996185E-4	685.0	7.269755E-4	0.9824887	1239.3011	0.03537498	0.029278468	93.0	0.0
SPIKE	S112:G>C	0	127469	0.0	-1.0	0.0	TRUE	G	2.0995489E-4	9.0	4.163464E-4	0.9806636	858.778	0.031176727	0.024369158	93.0	1.0
SPIKE	S112:G>T	0	127469	0.0	-1.0	0.0	TRUE	G	1.1245162E-4	6.0	5.024996E-4	0.9895965	442.00598	0.032445945	0.023143454	93.0	1.0
SPIKE	S113:T>C	11	127469	8.629549E-5	0.6965179	39.454544	TRUE	T	0.0011710536	4193.0	5.5804104E-4	0.8968129	2575.87	0.03562041	0.035993848	93.0	0.0
SPIKE	S113:T>A	1	127469	7.845045E-6	4.2596874	38.0	TRUE	T	4.3538308E-5	147.0	7.4995594E-4	0.9959591	393.3678	0.03778197	0.019480448	93.0	0.0
SPIKE	S113:T>G	0	127469	0.0	-1.0	0.0	TRUE	T	4.651419E-5	190.0	3.3073022E-4	0.99568355	1012.4009	0.031216204	0.029405678	93.0	0.0
SPIKE	S114:G>A	9	127469	7.0605405E-5	20.808811	39.444443	TRUE	G	1.505829E-4	543.0	7.269755E-4	0.9860934	1239.3011	0.03537498	0.029278468	93.0	0.0
SPIKE	S114:G>C	0	127469	0.0	-1.0	0.0	TRUE	G	2.9337718E-6	12.0	4.163464E-4	0.9997272	858.778	0.031176727	0.024369158	93.0	0.0
SPIKE	S114:G>T	0	127469	0.0	-1.0	0.0	TRUE	G	2.7985318E-6	11.0	5.024996E-4	0.99973977	442.00598	0.032445945	0.023143454	93.0	0.0
SPIKE	S115:A>T	6	127469	4.707027E-5	19.311188	33.666668	TRUE	A	3.5370864E-5	113.0	7.702129E-4	0.9967159	393.3678	0.039930657	0.031932794	93.0	0.0
SPIKE	S115:A>C	1	127469	7.845045E-6	-1.0	39.0	TRUE	A	1.9336572E-5	61.0	6.706776E-4	0.99820334	1012.4009	0.040433895	0.062371213	93.0	0.0
SPIKE	S115:A>G	29	127469	2.275063E-4	28.539276	39.41379	TRUE	A	7.8824966E-4	2875.0	5.506929E-4	0.92931527	2575.87	0.034967918	0.034734398	93.0	0.0
SPIKE	S116:C>T	9	127469	7.0605405E-5	20.808811	39.333332	TRUE	C	1.12685964E-4	400.0	6.1934785E-4	0.9895749	1239.3011	0.035932172	0.02545238	93.0	0.0
SPIKE	S116:C>A	4	127469	3.138018E-5	8.284564	40.0	TRUE	C	1.513731E-4	5.0	9.165055E-4	0.9860209	442.00598	0.043694153	0.03234156	93.0	1.0
SPIKE	S116:C>G	0	127469	0.0	-1.0	0.0	TRUE	C	2.130577E-4	7.0	4.6997017E-4	0.98038065	858.778	0.03163917	0.017158259	93.0	1.0
SPIKE	S117:C>T	5	127469	3.9225222E-5	7.3154635	40.0	TRUE	C	2.3410509E-4	831.0	6.1934785E-4	0.97846353	1239.3011	0.035932172	0.02545238	93.0	0.0
SPIKE	S117:C>A	8	127469	6.276036E-5	-1.0	39.125	TRUE	C	2.3287854E-5	68.0	9.165055E-4	0.9978366	442.00598	0.043694153	0.03234156	93.0	0.0
SPIKE	S117:C>G	0	127469	0.0	-1.0	0.0	TRUE	C	2.4809403E-6	10.0	4.6997017E-4	0.9997693	858.778	0.03163917	0.017158259	93.0	0.0
SPIKE	S118:T>C	4	127469	3.138018E-5	0.7240611	39.0	TRUE	T	5.9041433E-4	2114.0	5.5804104E-4	0.9465717	2575.87	0.03562041	0.035993848	93.0	0.0
SPIKE	S118:T>A	2	127469	1.569009E-5	7.269987	39.5	TRUE	T	7.108295E-5	240.0	7.4995594E-4	0.99341106	393.3678	0.03778197	0.019480448	93.0	0.0
SPIKE	S118:T>G	0	127469	0.0	-1.0	0.0	TRUE	T	2.1298603E-5	87.0	3.3073022E-4	0.9980212	1012.4009	0.031216204	0.029405678	93.0	0.0
SPIKE	S119:A>T	4	127469	3.138018E-5	13.290587	38.75	TRUE	A	5.6029952E-5	179.0	7.702129E-4	0.9948028	393.3678	0.039930657	0.031932794	93.0	0.0
SPIKE	S119:A>G	19	127469	1.4905585E-4	22.22055	39.68421	TRUE	A	4.5485434E-4	1659.0	5.506929E-4	0.9585808	2575.87	0.034967918	0.034734398	93.0	0.0
SPIKE	S119:A>C	0	127469	0.0	-1.0	0.0	TRUE	A	1.6483635E-5	52.0	6.706776E-4	0.9984682	1012.4009	0.040433895	0.062371213	93.0	0.0
SPIKE	S120:T>C	7	127469	5.4915312E-5	0.49421513	39.285713	TRUE	T	8.7780145E-4	3143.0	5.5804104E-4	0.9216078	2575.87	0.03562041	0.035993848	93.0	0.0
SPIKE	S120:T>A	0	127469	0.0	-1.0	0.0	TRUE	T	1.8659275E-5	63.0	7.4995594E-4	0.9982662	393.3678	0.03778197	0.019480448	93.0	0.0
SPIKE	S120:T>G	0	127469	0.0	-1.0	0.0	TRUE	T	2.864295E-5	117.0	3.3073022E-4	0.9973397	1012.4009	0.031216204	0.029405678	93.0	0.0
SPIKE	S121:G>A	19	127469	1.4905585E-4	40.675655	39.36842	TRUE	G	2.3045007E-4	831.0	7.269755E-4	0.9787962	1239.3011	0.03537498	0.029278468	93.0	0.0
SPIKE	S121:G>C	0	127469	0.0	-1.0	0.0	TRUE	G	2.0995489E-4	5.0	4.163464E-4	0.9806636	858.778	0.031176727	0.024369158	93.0	1.0
SPIKE	S121:G>T	0	127469	0.0	-1.0	0.0	TRUE	G	5.5970636E-6	22.0	5.024996E-4	0.9994796	442.00598	0.032445945	0.023143454	93.0	0.0
SPIKE	S122:T>C	10	127469	7.8450445E-5	0.6505518	38.8	TRUE	T	0.0011235747	4023.0	5.5804104E-4	0.90078163	2575.87	0.03562041	0.035993848	93.0	0.0
SPIKE	S122:T>A	3	127469	2.3535134E-5	10.280287	39.333332	TRUE	T	5.1831317E-5	175.0	7.4995594E-4	0.9951913	393.3678	0.03778197	0.019480448	93.0	0.0
SPIKE	S122:T>G	0	127469	0.0	-1.0	0.0	TRUE	T	3.81906E-5	156.0	3.3073022E-4	0.9964546	1012.4009	0.031216204	0.029405678	93.0	0.0
SPIKE	S123:G>T	1	127469	7.845045E-6	-1.0	39.0	TRUE	G	4.070592E-6	16.0	5.024996E-4	0.9996215	442.00598	0.032445945	0.023143454	93.0	0.0
SPIKE	S123:G>A	10	127469	7.8450445E-5	23.451881	39.5	TRUE	G	1.3949024E-4	503.0	7.269755E-4	0.9871112	1239.3011	0.03537498	0.029278468	93.0	0.0
SPIKE	S123:G>C	0	127469	0.0	-1.0	0.0	TRUE	G	2.0995489E-4	5.0	4.163464E-4	0.9806636	858.778	0.031176727	0.024369158	93.0	1.0
SPIKE	D124-126:TG>	1	127469	7.845045E-6	-1.0	39.50944	TRUE		NaN	NaN	NaN	NaN	NaN	NaN	NaN	NaN	NaN
SPIKE	S124:T>C	10	127469	7.8450445E-5	0.34682032	39.7	TRUE	T	0.0012584707	4506.0	5.5804104E-4	0.8895516	2575.87	0.03562041	0.035993848	93.0	0.0
SPIKE	S124:T>G	3	127469	2.3535134E-5	10.280287	39.0	TRUE	T	3.868022E-5	158.0	3.3073022E-4	0.9964092	1012.4009	0.031216204	0.029405678	93.0	0.0
SPIKE	S124:T>A	0	127469	0.0	-1.0	0.0	TRUE	T	2.3101959E-5	78.0	7.4995594E-4	0.9978538	393.3678	0.03778197	0.019480448	93.0	0.0
SPIKE	S125:G>A	7	127469	5.4915312E-5	11.410683	39.42857	TRUE	G	1.9523087E-4	704.0	7.269755E-4	0.9820074	1239.3011	0.03537498	0.029278468	93.0	0.0
SPIKE	S125:G>C	0	127469	0.0	-1.0	0.0	TRUE	G	4.400658E-6	18.0	4.163464E-4	0.9995908	858.778	0.031176727	0.024369158	93.0	0.0
SPIKE	S125:G>T	0	127469	0.0	-1.0	0.0	TRUE	G	1.1245162E-4	6.0	5.024996E-4	0.9895965	442.00598	0.032445945	0.023143454	93.0	1.0
SPIKE	S126:C>T	6	127469	4.707027E-5	9.311187	34.666668	TRUE	C	2.1410333E-4	760.0	6.1934785E-4	0.98028535	1239.3011	0.035932172	0.02545238	93.0	0.0
SPIKE	S126:C>G	5	127469	3.9225222E-5	16.300888	40.0	TRUE	C	6.624111E-5	267.0	4.6997017E-4	0.9938585	858.778	0.03163917	0.017158259	93.0	0.0
SPIKE	S126:C>A	3	127469	2.3535134E-5	-1.0	40.0	TRUE	C	8.90418E-6	26.0	9.165055E-4	0.9991723	442.00598	0.043694153	0.03234156	93.0	0.0
SPIKE	D126-128:CG>	4	127469	3.138018E-5	-1.0	39.855007	TRUE		NaN	NaN	NaN	NaN	NaN	NaN	NaN	NaN	NaN
SPIKE	S127:G>T	1	127469	7.845045E-6	-1.0	33.0	TRUE	G	5.3426515E-6	21.0	5.024996E-4	0.99950325	442.00598	0.032445945	0.023143454	93.0	0.0
SPIKE	S127:G>A	9	127469	7.0605405E-5	12.2497015	39.0	TRUE	G	2.6400536E-4	952.0	7.269755E-4	0.97574645	1239.3011	0.03537498	0.029278468	93.0	0.0
SPIKE	S127:G>C	0	127469	0.0	-1.0	0.0	TRUE	G	3.7650072E-5	154.0	4.163464E-4	0.99650466	858.778	0.031176727	0.024369158	93.0	0.0
SPIKE	S128:G>A	11	127469	8.629549E-5	20.53052	39.272728	TRUE	G	2.2795421E-4	822.0	7.269755E-4	0.9790234	1239.3011	0.03537498	0.029278468	93.0	0.0
SPIKE	S128:G>T	1	127469	7.845045E-6	-1.0	38.0	TRUE	G	7.6323595E-6	30.0	5.024996E-4	0.99929047	442.00598	0.032445945	0.023143454	93.0	0.0
SPIKE	S128:G>C	0	127469	0.0	-1.0	0.0	TRUE	G	1.7847111E-5	73.0	4.163464E-4	0.9983416	858.778	0.031176727	0.024369158	93.0	0.0
SPIKE	S129:C>A	3	127469	2.3535134E-5	-1.0	38.0	TRUE	C	2.191798E-5	64.0	9.165055E-4	0.9979637	442.00598	0.043694153	0.03234156	93.0	0.0
SPIKE	S129:C>T	11	127469	8.629549E-5	16.357807	34.454544	TRUE	C	2.605863E-4	925.0	6.1934785E-4	0.97605675	1239.3011	0.035932172	0.02545238	93.0	0.0
SPIKE	S129:C>G	0	127469	0.0	-1.0	0.0	TRUE	C	5.656544E-5	228.0	4.6997017E-4	0.99475324	858.778	0.03163917	0.017158259	93.0	0.0
SPIKE	D130-133:GGC>	5	127469	3.9225222E-5	-1.0	39.818176	TRUE		NaN	NaN	NaN	NaN	NaN	NaN	NaN	NaN	NaN
SPIKE	S130:G>A	15	127469	1.1767567E-4	14.853437	39.333332	TRUE	G	5.196912E-4	1874.0	7.269755E-4	0.9528181	1239.3011	0.03537498	0.029278468	93.0	0.0
SPIKE	S130:G>T	2	127469	1.569009E-5	-1.0	39.5	TRUE	G	1.3738247E-5	54.0	5.024996E-4	0.99872315	442.00598	0.032445945	0.023143454	93.0	0.0
SPIKE	S130:G>C	0	127469	0.0	-1.0	0.0	TRUE	G	3.8139035E-5	156.0	4.163464E-4	0.99645936	858.778	0.031176727	0.024369158	93.0	0.0
SPIKE	S131:G>A	7	127469	5.4915312E-5	8.459471	38.285713	TRUE	G	3.0393896E-4	1096.0	7.269755E-4	0.9721294	1239.3011	0.03537498	0.029278468	93.0	0.0
SPIKE	S131:G>C	1	127469	7.845045E-6	2.0412	40.0	TRUE	G	1.1270573E-4	461.0	4.163464E-4	0.9895731	858.778	0.031176727	0.024369158	93.0	0.0
SPIKE	S131:G>T	0	127469	0.0	-1.0	0.0	TRUE	G	2.7985318E-6	11.0	5.024996E-4	0.99973977	442.00598	0.032445945	0.023143454	93.0	0.0
SPIKE	S132:C>A	1	127469	7.845045E-6	-1.0	40.0	TRUE	C	2.4315259E-5	71.0	9.165055E-4	0.9977412	442.00598	0.043694153	0.03234156	93.0	0.0
SPIKE	S132:C>T	18	127469	1.4121081E-4	32.319016	38.166668	TRUE	C	2.518531E-4	894.0	6.1934785E-4	0.97684985	1239.3011	0.035932172	0.02545238	93.0	0.0
SPIKE	S132:C>G	0	127469	0.0	-1.0	0.0	TRUE	C	3.8454575E-5	155.0	4.6997017E-4	0.9964301	858.778	0.03163917	0.017158259	93.0	0.0
SPIKE	S133:A>G	0	127469	0.0	-1.0	0.0	TRUE	A	1.8342226E-4	669.0	5.506929E-4	0.9830864	2575.87	0.034967918	0.034734398	93.0	0.0
SPIKE	S133:A>C	0	127469	0.0	-1.0	0.0	TRUE	A	2.4725453E-4	780.0	6.706776E-4	0.9772677	1012.4009	0.040433895	0.062371213	93.0	0.0
SPIKE	S133:A>T	0	127469	0.0	-1.0	0.0	TRUE	A	1.2313061E-4	8.0	7.702129E-4	0.98861414	393.3678	0.039930657	0.031932794	93.0	1.0
SPIKE	S134:G>A	0	127469	0.0	-1.0	0.0	TRUE	G	9.173632E-4	3308.0	7.269755E-4	0.9182232	1239.3011	0.03537498	0.029278468	93.0	0.0
SPIKE	S134:G>C	0	127469	0.0	-1.0	0.0	TRUE	G	8.312354E-5	340.0	4.163464E-4	0.9922993	858.778	0.031176727	0.024369158	93.0	0.0
SPIKE	S134:G>T	0	127469	0.0	-1.0	0.0	TRUE	G	1.4781336E-4	581.0	5.024996E-4	0.98634744	442.00598	0.032445945	0.023143454	93.0	0.0
SPIKE	S135:C>A	0	127469	0.0	-1.0	0.0	TRUE	C	5.445248E-5	159.0	9.165055E-4	0.99494874	442.00598	0.043694153	0.03234156	93.0	0.0
SPIKE	S135:C>G	0	127469	0.0	-1.0	0.0	TRUE	C	1.540664E-4	621.0	4.6997017E-4	0.985774	858.778	0.03163917	0.017158259	93.0	0.0
SPIKE	S135:C>T	0	127469	0.0	-1.0	0.0	TRUE	C	3.558059E-4	1263.0	6.1934785E-4	0.9674515	1239.3011	0.035932172	0.02545238	93.0	0.0
SPIKE	S136:C>A	0	127468	0.0	-1.0	0.0	TRUE	C	2.1575681E-4	630.0	9.165055E-4	0.9801346	442.0025	0.043694153	0.03234156	93.0	0.0
SPIKE	S136:C>G	0	127468	0.0	-1.0	0.0	TRUE	C	4.0935836E-5	165.0	4.6997017E-4	0.9962002	858.77124	0.03163917	0.017158259	93.0	0.0
SPIKE	S136:C>T	0	127468	0.0	-1.0	0.0	TRUE	C	6.8288227E-4	2424.0	6.1934785E-4	0.93846655	1239.2914	0.035932172	0.02545238	93.0	0.0
SPIKE	S137:T>A	0	127468	0.0	-1.0	0.0	TRUE	T	7.848804E-5	265.0	7.4995594E-4	0.99272716	393.36472	0.03778197	0.019480448	93.0	0.0
SPIKE	S137:T>G	0	127468	0.0	-1.0	0.0	TRUE	T	3.9390483E-4	1609.0	3.3073022E-4	0.9640297	1012.39294	0.031216204	0.029405678	93.0	0.0
SPIKE	S137:T>C	0	127468	0.0	-1.0	0.0	TRUE	T	1.9298936E-4	691.0	5.5804104E-4	0.98221207	2575.8499	0.03562041	0.035993848	93.0	0.0
SPIKE	S138:G>A	0	127468	0.0	-1.0	0.0	TRUE	G	9.88364E-4	3564.0	7.269755E-4	0.91218007	1239.2914	0.03537498	0.029278468	93.0	0.0
SPIKE	S138:G>C	0	127468	0.0	-1.0	0.0	TRUE	G	6.6010384E-6	27.0	4.163464E-4	0.9993863	858.77124	0.031176727	0.024369158	93.0	0.0
SPIKE	S138:G>T	0	127468	0.0	-1.0	0.0	TRUE	G	3.5058247E-4	1378.0	5.024996E-4	0.9679216	442.0025	0.032445945	0.023143454	93.0	0.0
SPIKE	S139:A>G	0	127468	0.0	-1.0	0.0	TRUE	A	2.632089E-4	960.0	5.506929E-4	0.97581875	2575.8499	0.034967918	0.034734398	93.0	0.0
SPIKE	S139:A>C	0	127468	0.0	-1.0	0.0	TRUE	A	1.5215783E-5	48.0	6.706776E-4	0.99858594	1012.39294	0.040433895	0.062371213	93.0	0.0
SPIKE	S139:A>T	0	127468	0.0	-1.0	0.0	TRUE	A	0.0012195219	3896.0	7.702129E-4	0.8927796	393.36472	0.039930657	0.031932794	93.0	0.0
SPIKE	S140:T>A	0	127468	0.0	-1.0	0.0	TRUE	T	2.769295E-4	935.0	7.4995594E-4	0.9745744	393.36472	0.03778197	0.019480448	93.0	0.0
SPIKE	S140:T>G	0	127468	0.0	-1.0	0.0	TRUE	T	2.2914539E-4	936.0	3.3073022E-4	0.9789149	1012.39294	0.031216204	0.029405678	93.0	0.0
SPIKE	S140:T>C	0	127468	0.0	-1.0	0.0	TRUE	T	1.3014911E-4	466.0	5.5804104E-4	0.9879691	2575.8499	0.03562041	0.035993848	93.0	0.0
SPIKE	S141:T>A	0	127468	0.0	-1.0	0.0	TRUE	T	0.001604414	5417.0	7.4995594E-4	0.8613878	393.36472	0.03778197	0.019480448	93.0	0.0
SPIKE	S141:T>G	0	127468	0.0	-1.0	0.0	TRUE	T	1.8483415E-4	755.0	3.3073022E-4	0.9829573	1012.39294	0.031216204	0.029405678	93.0	0.0
SPIKE	S141:T>C	0	127468	0.0	-1.0	0.0	TRUE	T	5.0886633E-4	1822.0	5.5804104E-4	0.9537778	2575.8499	0.03562041	0.035993848	93.0	0.0
SPIKE	S142:A>G	0	127468	0.0	-1.0	0.0	TRUE	A	0.0022753861	8299.0	5.506929E-4	0.8092795	2575.8499	0.034967918	0.034734398	93.0	0.0
SPIKE	S142:A>C	0	127468	0.0	-1.0	0.0	TRUE	A	5.924645E-4	1869.0	6.706776E-4	0.9463913	1012.39294	0.040433895	0.062371213	93.0	0.0
SPIKE	S142:A>T	0	127468	0.0	-1.0	0.0	TRUE	A	2.7952594E-4	893.0	7.702129E-4	0.97433907	393.36472	0.039930657	0.031932794	93.0	0.0
SPIKE	S143:G>A	0	127468	0.0	-1.0	0.0	TRUE	G	4.6145837E-4	1664.0	7.269755E-4	0.9579922	1239.2914	0.03537498	0.029278468	93.0	0.0
SPIKE	S143:G>C	0	127468	0.0	-1.0	0.0	TRUE	G	0.0027924837	11422.0	4.163464E-4	0.7712822	858.77124	0.031176727	0.024369158	93.0	0.0
SPIKE	S143:G>T	0	127468	0.0	-1.0	0.0	TRUE	G	3.2056163E-5	126.0	5.024996E-4	0.9970232	442.0025	0.032445945	0.023143454	93.0	0.0
SPIKE	S144:C>A	0	127468	0.0	-1.0	0.0	TRUE	C	9.589191E-6	28.0	9.165055E-4	0.9991086	442.0025	0.043694153	0.03234156	93.0	0.0
SPIKE	S144:C>G	0	127468	0.0	-1.0	0.0	TRUE	C	5.678917E-4	2289.0	4.6997017E-4	0.9485565	858.77124	0.03163917	0.017158259	93.0	0.0
SPIKE	S144:C>T	0	127468	0.0	-1.0	0.0	TRUE	C	2.2311995E-4	792.0	6.1934785E-4	0.97946364	1239.2914	0.035932172	0.02545238	93.0	0.0
SPIKE	S145:C>A	0	127468	0.0	-1.0	0.0	TRUE	C	2.0205796E-5	59.0	9.165055E-4	0.99812263	442.0025	0.043694153	0.03234156	93.0	0.0
SPIKE	S145:C>G	0	127468	0.0	-1.0	0.0	TRUE	C	3.1632237E-4	1275.0	4.6997017E-4	0.9710105	858.77124	0.03163917	0.017158259	93.0	0.0
SPIKE	S145:C>T	0	127468	0.0	-1.0	0.0	TRUE	C	5.597719E-4	1987.0	6.1934785E-4	0.94927305	1239.2914	0.035932172	0.02545238	93.0	0.0
SPIKE	S146:C>A	0	127468	0.0	-1.0	0.0	TRUE	C	1.4726258E-5	43.0	9.165055E-4	0.9986314	442.0025	0.043694153	0.03234156	93.0	0.0
SPIKE	S146:C>G	0	127468	0.0	-1.0	0.0	TRUE	C	0.0033272153	13411.0	4.6997017E-4	0.73386437	858.77124	0.03163917	0.017158259	93.0	0.0
SPIKE	S146:C>T	0	127468	0.0	-1.0	0.0	TRUE	C	6.110444E-4	2169.0	6.1934785E-4	0.9447574	1239.2914	0.035932172	0.02545238	93.0	0.0
SPIKE	S147:G>A	0	127468	0.0	-1.0	0.0	TRUE	G	4.2263375E-4	1524.0	7.269755E-4	0.9614575	1239.2914	0.03537498	0.029278468	93.0	0.0
SPIKE	S147:G>C	0	127468	0.0	-1.0	0.0	TRUE	G	8.43466E-4	3450.0	4.163464E-4	0.92455536	858.77124	0.031176727	0.024369158	93.0	0.0
SPIKE	S147:G>T	0	127468	0.0	-1.0	0.0	TRUE	G	0.003231312	12701.0	5.024996E-4	0.740439	442.0025	0.032445945	0.023143454	93.0	0.0
SPIKE	S148:T>A	0	127468	0.0	-1.0	0.0	TRUE	T	1.392052E-5	47.0	7.4995594E-4	0.9987062	393.36472	0.03778197	0.019480448	93.0	0.0
SPIKE	S148:T>G	0	127468	0.0	-1.0	0.0	TRUE	T	0.004506036	18406.0	3.3073022E-4	0.6576638	1012.39294	0.031216204	0.029405678	93.0	0.0
SPIKE	S148:T>C	0	127468	0.0	-1.0	0.0	TRUE	T	6.7169237E-4	2405.0	5.5804104E-4	0.9394437	2575.8499	0.03562041	0.035993848	93.0	0.0
SPIKE	S149:G>A	0	127468	0.0	-1.0	0.0	TRUE	G	3.239083E-4	1168.0	7.269755E-4	0.9703257	1239.2914	0.03537498	0.029278468	93.0	0.0
SPIKE	S149:G>C	0	127468	0.0	-1.0	0.0	TRUE	G	0.0032061487	13114.0	4.163464E-4	0.7421738	858.77124	0.031176727	0.024369158	93.0	0.0
SPIKE	S149:G>T	0	127468	0.0	-1.0	0.0	TRUE	G	0.0011613998	4565.0	5.024996E-4	0.8976185	442.0025	0.032445945	0.023143454	93.0	0.0
SPIKE	S150:C>A	0	127467	0.0	-1.0	0.0	TRUE	C	1.23290565E-5	36.0	9.165055E-4	0.99885404	441.99905	0.043694153	0.03234156	93.0	0.0
SPIKE	S150:C>G	0	127467	0.0	-1.0	0.0	TRUE	C	0.0017947404	7234.0	4.6997017E-4	0.84627503	858.7645	0.03163917	0.017158259	93.0	0.0
SPIKE	S150:C>T	0	127467	0.0	-1.0	0.0	TRUE	C	0.0045551197	16169.0	6.1934785E-4	0.65466857	1239.2817	0.035932172	0.02545238	93.0	0.0
SPIKE	S151:T>A	0	127440	0.0	-1.0	0.0	TRUE	T	1.6886042E-5	57.0	7.4995594E-4	0.99843085	393.2783	0.03778197	0.019480448	93.0	0.0
SPIKE	S151:T>G	0	127440	0.0	-1.0	0.0	TRUE	T	0.005049652	20622.0	3.3073022E-4	0.6252413	1012.17053	0.031216204	0.029405678	93.0	0.0
SPIKE	S151:T>C	0	127440	0.0	-1.0	0.0	TRUE	T	0.001282502	4591.0	5.5804104E-4	0.88756573	2575.2842	0.03562041	0.035993848	93.0	0.0
SPIKE	S152:G>A	0	127383	0.0	-1.0	0.0	TRUE	G	5.544526E-4	1998.0	7.269755E-4	0.9497428	1238.4651	0.03537498	0.029278468	93.0	0.0
SPIKE	S152:G>C	0	127383	0.0	-1.0	0.0	TRUE	G	1.9571684E-5	80.0	4.163464E-4	0.99818146	858.1986	0.031176727	0.024369158	93.0	0.0
SPIKE	S152:G>T	0	127383	0.0	-1.0	0.0	TRUE	G	8.5616513E-4	3363.0	5.024996E-4	0.9234641	441.70776	0.032445945	0.023143454	93.0	0.0
SPIKE	S153:G>A	0	127068	0.0	-1.0	0.0	TRUE	G	2.1198209E-4	762.0	7.269755E-4	0.9804787	1235.4025	0.03537498	0.029278468	93.0	0.0
SPIKE	S153:G>C	0	127068	0.0	-1.0	0.0	TRUE	G	1.1772121E-5	48.0	4.163464E-4	0.9989058	856.0764	0.031176727	0.024369158	93.0	0.0
SPIKE	S153:G>T	0	127068	0.0	-1.0	0.0	TRUE	G	2.5521485E-5	100.0	5.024996E-4	0.99762934	440.61548	0.032445945	0.023143454	93.0	0.0
