#pipeline_block
reference	mutation	count	coverage	freq	score	cqs	has.reference	ancestral.allele	error.rate	minor.count.local	minor.fdr	minor.recall	minor.count.global	read.fraction.in.minors	q.filtered.read.fraction	mig.size	global.est
SPIKE	S0:T>A	0	83653	0.0	-1.0	0.0	TRUE	T	1.4525594E-4	640.0	0.0015980526	0.97504216	940.4968	0.019016474	0.015902445	174.0	0.0
SPIKE	S0:T>G	0	83653	0.0	-1.0	0.0	TRUE	T	7.768996E-5	346.0	5.051301E-4	0.9865729	1720.4238	0.018792724	0.048877925	174.0	0.0
SPIKE	S0:T>C	0	83653	0.0	-1.0	0.0	TRUE	T	4.4848138E-4	1833.0	0.0017420544	0.92493135	1820.3813	0.020503156	0.039872028	174.0	0.0
SPIKE	S1:A>G	0	83722	0.0	-1.0	0.0	TRUE	A	2.154886E-4	988.0	0.0011979605	0.9631992	1821.8828	0.01828216	0.033613276	174.0	0.0
SPIKE	S1:A>C	0	83722	0.0	-1.0	0.0	TRUE	A	8.015105E-6	34.0	0.0010574555	0.9986063	1721.8429	0.01975738	0.110260375	174.0	0.0
SPIKE	S1:A>T	0	83722	0.0	-1.0	0.0	TRUE	A	4.019297E-4	1785.0	0.0015486409	0.9324537	941.2726	0.01888098	0.029224468	174.0	0.0
SPIKE	S2:G>A	0	83997	0.0	-1.0	0.0	TRUE	G	5.1323156E-4	2400.0	0.0014459154	0.9145691	1762.004	0.017988473	0.029434845	174.0	0.0
SPIKE	S2:G>C	0	83997	0.0	-1.0	0.0	TRUE	G	1.3411198E-4	635.0	8.8483916E-4	0.9769347	2393.0679	0.017755874	0.03232119	174.0	0.0
SPIKE	S2:G>T	0	83997	0.0	-1.0	0.0	TRUE	G	2.0927431E-5	98.0	0.0010129677	0.99636525	941.3502	0.017955346	0.03552254	174.0	0.0
SPIKE	S3:C>A	0	84157	0.0	-1.0	0.0	TRUE	C	1.6928449E-5	73.0	0.0016719528	0.9970588	943.1433	0.019548403	0.028211942	174.0	0.0
SPIKE	S3:C>G	0	84157	0.0	-1.0	0.0	TRUE	C	3.8989118E-4	1827.0	9.4798993E-4	0.93440896	2397.6262	0.017976578	0.02580799	174.0	0.0
SPIKE	S3:C>T	0	84157	0.0	-1.0	0.0	TRUE	C	3.5685278E-4	1546.0	0.0013288363	0.93979603	1765.3604	0.019451242	0.024277525	174.0	0.0
SPIKE	S4:G>A	30	84306	3.5584657E-4	62.661636	39.2	TRUE	G	3.7307275E-4	1751.0	0.0014459154	0.93714744	1768.486	0.017988473	0.029434845	174.0	0.0
SPIKE	S4:G>C	21	84306	2.4909258E-4	34.4248	38.95238	TRUE	G	5.778294E-4	2746.0	8.8483916E-4	0.9043468	2401.871	0.017755874	0.03232119	174.0	0.0
SPIKE	S4:G>T	1	84306	1.1861552E-5	-1.0	40.0	TRUE	G	1.51061395E-5	71.0	0.0010129677	0.997375	944.8132	0.017955346	0.03552254	174.0	0.0
SPIKE	S5:T>A	7	84348	8.298952E-5	-1.0	39.714287	TRUE	T	3.4889308E-5	155.0	0.0015980526	0.9939476	948.31055	0.019016474	0.015902445	174.0	0.0
SPIKE	S5:T>G	1	84348	1.1855645E-5	1.0720997	32.0	TRUE	T	3.4872838E-4	1566.0	5.051301E-4	0.9411255	1734.7173	0.018792724	0.048877925	174.0	0.0
SPIKE	S5:T>C	10	84348	1.18556454E-4	11.277932	39.4	TRUE	T	5.658707E-4	2332.0	0.0017420544	0.90623057	1835.5052	0.020503156	0.039872028	174.0	0.0
SPIKE	I6:>G	1	84381	1.1851009E-5	-1.0	39.550846	TRUE		NaN	NaN	NaN	NaN	NaN	NaN	NaN	NaN	NaN
SPIKE	S6:G>A	22	84381	2.607222E-4	67.47598	39.545456	TRUE	G	1.3347156E-4	627.0	0.0014459154	0.97704357	1770.0592	0.017988473	0.029434845	174.0	0.0
SPIKE	S6:G>C	6	84381	7.110606E-5	13.113299	36.666668	TRUE	G	1.7954396E-4	854.0	8.8483916E-4	0.9692423	2404.0078	0.017755874	0.03232119	174.0	0.0
SPIKE	S6:G>T	9	84381	1.06659085E-4	15.850103	36.555557	TRUE	G	2.9016272E-4	1365.0	0.0010129677	0.950765	945.6537	0.017955346	0.03552254	174.0	0.0
SPIKE	S7:A>G	15	84425	1.776725E-4	17.695948	39.733334	TRUE	A	5.930664E-4	2742.0	0.0011979605	0.9019524	1837.1809	0.01828216	0.033613276	174.0	0.0
SPIKE	S7:A>C	8	84425	9.475866E-5	-1.0	39.5	TRUE	A	7.4808127E-6	32.0	0.0010574555	0.9986992	1736.3009	0.01975738	0.110260375	174.0	0.0
SPIKE	S7:A>T	112	84425	0.0013266213	343.1742	39.339287	TRUE	A	1.357638E-4	608.0	0.0015486409	0.97665393	949.1763	0.01888098	0.029224468	174.0	0.0
SPIKE	D7-8:A>	80	84425	9.475866E-4	-1.0	39.5643	TRUE		NaN	NaN	NaN	NaN	NaN	NaN	NaN	NaN	NaN
SPIKE	I7:>A	2	84425	2.3689665E-5	-1.0	39.5643	TRUE		NaN	NaN	NaN	NaN	NaN	NaN	NaN	NaN	NaN
SPIKE	S8:A>G	16	84437	1.8949038E-4	39.792072	39.25	TRUE	A	2.0695984E-4	957.0	0.0011979605	0.96462965	1837.442	0.01828216	0.033613276	174.0	0.0
SPIKE	S8:A>C	22	84437	2.6054928E-4	-1.0	39.363636	TRUE	A	5.37607E-6	23.0	0.0010574555	0.999065	1736.5477	0.01975738	0.110260375	174.0	0.0
SPIKE	S8:A>T	116	84437	0.0013738053	-1.0	39.431034	TRUE	A	3.3489596E-5	150.0	0.0015486409	0.99418974	949.31116	0.01888098	0.029224468	174.0	0.0
SPIKE	S9:G>A	33	84443	3.9079617E-4	70.57339	39.575756	TRUE	G	4.264976E-4	2005.0	0.0014459154	0.92847615	1771.3597	0.017988473	0.029434845	174.0	0.0
SPIKE	S9:G>C	4	84443	4.736923E-5	13.290587	37.25	TRUE	G	1.10084264E-4	524.0	8.8483916E-4	0.9810276	2405.7742	0.017755874	0.03232119	174.0	0.0
SPIKE	S9:G>T	8	84443	9.473846E-5	-1.0	39.25	TRUE	G	9.133945E-6	43.0	0.0010129677	0.99841195	946.3485	0.017955346	0.03552254	174.0	0.0
SPIKE	D9-10:G>	24	84443	2.8421538E-4	-1.0	39.607014	TRUE		NaN	NaN	NaN	NaN	NaN	NaN	NaN	NaN	NaN
SPIKE	D9-11:GA>	8	84443	9.473846E-5	-1.0	39.607014	TRUE		NaN	NaN	NaN	NaN	NaN	NaN	NaN	NaN	NaN
SPIKE	S10:A>G	5	84444	5.9210837E-5	2.5063212	38.6	TRUE	A	6.4245216E-4	2971.0	0.0011979605	0.894235	1837.5944	0.01828216	0.033613276	174.0	0.0
SPIKE	S10:A>C	7	84444	8.2895174E-5	-1.0	38.714287	TRUE	A	1.168614E-5	50.0	0.0010574555	0.9979687	1736.6917	0.01975738	0.110260375	174.0	0.0
SPIKE	S10:A>T	88	84444	0.0010421107	270.927	39.420456	TRUE	A	7.3671006E-5	330.0	0.0015486409	0.9872631	949.3899	0.01888098	0.029224468	174.0	0.0
SPIKE	D10-11:A>	29	84444	3.4342287E-4	-1.0	39.562267	TRUE		NaN	NaN	NaN	NaN	NaN	NaN	NaN	NaN	NaN
SPIKE	D10-12:AC>	6	84444	7.105301E-5	-1.0	39.562267	TRUE		NaN	NaN	NaN	NaN	NaN	NaN	NaN	NaN	NaN
SPIKE	S11:C>G	3	84446	3.552566E-5	6.0206	39.0	TRUE	C	1.603568E-4	754.0	9.4798993E-4	0.9724836	2405.8599	0.017976578	0.02580799	174.0	0.0
SPIKE	S11:C>T	64	84446	7.578808E-4	146.48953	39.46875	TRUE	C	5.074535E-4	2206.0	0.0013288363	0.915489	1771.4227	0.019451242	0.024277525	174.0	0.0
SPIKE	D11-12:C>	34	84446	4.0262417E-4	-1.0	39.407124	TRUE		NaN	NaN	NaN	NaN	NaN	NaN	NaN	NaN	NaN
SPIKE	D11-13:CG>	1	84446	1.18418875E-5	-1.0	39.407124	TRUE		NaN	NaN	NaN	NaN	NaN	NaN	NaN	NaN	NaN
SPIKE	S11:C>A	0	84446	0.0	-1.0	0.0	TRUE	C	3.212331E-4	1390.0	0.0016719528	0.94563884	946.38214	0.019548403	0.028211942	174.0	0.0
SPIKE	I12:>G	1	84447	1.18417465E-5	-1.0	39.35626	TRUE		NaN	NaN	NaN	NaN	NaN	NaN	NaN	NaN	NaN
SPIKE	S12:G>A	31	84447	3.6709415E-4	58.691017	39.29032	TRUE	G	4.958199E-4	2331.0	0.0014459154	0.9173441	1771.4437	0.017988473	0.029434845	174.0	0.0
SPIKE	S12:G>C	9	84447	1.06575724E-4	9.52325	39.77778	TRUE	G	5.081703E-4	2419.0	8.8483916E-4	0.9153749	2405.8882	0.017755874	0.03232119	174.0	0.0
SPIKE	S12:G>T	17	84447	2.013097E-4	-1.0	38.52941	TRUE	G	1.0620364E-5	50.0	0.0010129677	0.99815375	946.3933	0.017955346	0.03552254	174.0	0.0
SPIKE	D12-13:G>	38	84447	4.4998637E-4	-1.0	39.35626	TRUE		NaN	NaN	NaN	NaN	NaN	NaN	NaN	NaN	NaN
SPIKE	D12-14:GA>	4	84447	4.7366986E-5	-1.0	39.35626	TRUE		NaN	NaN	NaN	NaN	NaN	NaN	NaN	NaN	NaN
SPIKE	S13:A>G	4	84447	4.7366986E-5	2.4537697	38.5	TRUE	A	5.388536E-4	2492.0	0.0011979605	0.91050076	1837.6595	0.01828216	0.033613276	174.0	0.0
SPIKE	S13:A>C	16	84447	1.8946794E-4	-1.0	38.9375	TRUE	A	1.6827444E-5	72.0	0.0010574555	0.99707633	1736.7533	0.01975738	0.110260375	174.0	0.0
SPIKE	S13:A>T	95	84447	0.001124966	291.99908	39.294735	TRUE	A	1.03805454E-4	465.0	0.0015486409	0.9821	949.42365	0.01888098	0.029224468	174.0	0.0
SPIKE	D13-14:A>	23	84447	2.7236016E-4	-1.0	39.558315	TRUE		NaN	NaN	NaN	NaN	NaN	NaN	NaN	NaN	NaN
SPIKE	I13:>A	2	84447	2.3683493E-5	-1.0	39.558315	TRUE		NaN	NaN	NaN	NaN	NaN	NaN	NaN	NaN	NaN
SPIKE	I14:>C	1	84447	1.18417465E-5	-1.0	39.47675	TRUE		NaN	NaN	NaN	NaN	NaN	NaN	NaN	NaN	NaN
SPIKE	S14:C>G	3	84447	3.552524E-5	6.0206	39.666668	TRUE	C	2.2670865E-4	1066.0	9.4798993E-4	0.96132064	2405.8882	0.017976578	0.02580799	174.0	0.0
SPIKE	S14:C>T	24	84447	2.8420193E-4	62.301826	38.583332	TRUE	C	2.2681018E-4	986.0	0.0013288363	0.96130365	1771.4437	0.019451242	0.024277525	174.0	0.0
SPIKE	D14-15:C>	24	84447	2.8420193E-4	-1.0	39.47675	TRUE		NaN	NaN	NaN	NaN	NaN	NaN	NaN	NaN	NaN
SPIKE	D14-16:CA>	3	84447	3.552524E-5	-1.0	39.47675	TRUE		NaN	NaN	NaN	NaN	NaN	NaN	NaN	NaN	NaN
SPIKE	S14:C>A	0	84447	0.0	-1.0	0.0	TRUE	C	3.1730058E-4	1373.0	0.0016719528	0.94628614	946.3933	0.019548403	0.028211942	174.0	0.0
SPIKE	S15:A>G	10	84447	1.1841747E-4	18.164799	38.1	TRUE	A	3.407838E-4	1576.0	0.0011979605	0.9424274	1837.6595	0.01828216	0.033613276	174.0	0.0
SPIKE	S15:A>C	10	84447	1.1841747E-4	18.164799	39.5	TRUE	A	3.3140715E-4	1418.0	0.0010574555	0.94396627	1736.7533	0.01975738	0.110260375	174.0	0.0
SPIKE	S15:A>T	56	84447	6.631378E-4	174.5974	39.607143	TRUE	A	5.7595287E-5	258.0	0.0015486409	0.99002844	949.42365	0.01888098	0.029224468	174.0	0.0
SPIKE	D15-16:A>	40	84447	4.7366988E-4	-1.0	39.45027	TRUE		NaN	NaN	NaN	NaN	NaN	NaN	NaN	NaN	NaN
SPIKE	I15:>A	1	84447	1.18417465E-5	-1.0	39.45027	TRUE		NaN	NaN	NaN	NaN	NaN	NaN	NaN	NaN	NaN
SPIKE	S16:G>A	21	84447	2.486767E-4	39.648872	39.52381	TRUE	G	4.413669E-4	2075.0	0.0014459154	0.92607707	1771.4437	0.017988473	0.029434845	174.0	0.0
SPIKE	S16:G>T	29	84447	3.4341065E-4	-1.0	39.24138	TRUE	G	1.6142953E-5	76.0	0.0010129677	0.99719507	946.3933	0.017955346	0.03552254	174.0	0.0
SPIKE	S16:G>C	11	84447	1.3025921E-4	13.113978	37.81818	TRUE	G	5.3295906E-4	2537.0	8.8483916E-4	0.9114351	2405.8882	0.017755874	0.03232119	174.0	0.0
SPIKE	D16-17:G>	32	84447	3.789359E-4	-1.0	39.44177	TRUE		NaN	NaN	NaN	NaN	NaN	NaN	NaN	NaN	NaN
SPIKE	D16-18:GA>	6	84447	7.105048E-5	-1.0	39.44177	TRUE		NaN	NaN	NaN	NaN	NaN	NaN	NaN	NaN	NaN
SPIKE	S17:A>G	13	84447	1.539427E-4	16.993744	38.076923	TRUE	A	5.4188084E-4	2506.0	0.0011979605	0.9100213	1837.6595	0.01828216	0.033613276	174.0	0.0
SPIKE	S17:A>T	109	84447	0.0012907505	334.14328	39.08257	TRUE	A	8.014228E-5	359.0	0.0015486409	0.986152	949.42365	0.01888098	0.029224468	174.0	0.0
SPIKE	S17:A>C	19	84447	2.2499319E-4	-1.0	38.894737	TRUE	A	6.7777205E-6	29.0	0.0010574555	0.9988214	1736.7533	0.01975738	0.110260375	174.0	0.0
SPIKE	D17-18:A>	54	84447	6.3945435E-4	-1.0	39.58504	TRUE		NaN	NaN	NaN	NaN	NaN	NaN	NaN	NaN	NaN
SPIKE	I17:>A	2	84447	2.3683493E-5	-1.0	39.58504	TRUE		NaN	NaN	NaN	NaN	NaN	NaN	NaN	NaN	NaN
SPIKE	S18:A>G	6	84447	7.105048E-5	13.113299	39.5	TRUE	A	2.4607359E-4	1138.0	0.0011979605	0.9580869	1837.6595	0.01828216	0.033613276	174.0	0.0
SPIKE	S18:A>T	14	84447	1.6578446E-4	-1.0	39.857143	TRUE	A	2.8797644E-5	129.0	0.0015486409	0.99500173	949.42365	0.01888098	0.029224468	174.0	0.0
SPIKE	S18:A>C	26	84447	3.078854E-4	-1.0	39.23077	TRUE	A	8.6474365E-6	37.0	0.0010574555	0.9984965	1736.7533	0.01975738	0.110260375	174.0	0.0
SPIKE	S19:C>G	2	84447	2.3683493E-5	7.269987	40.0	TRUE	C	7.400995E-5	348.0	9.4798993E-4	0.98720485	2405.8882	0.017976578	0.02580799	174.0	0.0
SPIKE	S19:C>A	1	84447	1.18417465E-5	1.0720997	40.0	TRUE	C	3.496546E-4	1513.0	0.0016719528	0.9409739	946.3933	0.019548403	0.028211942	174.0	0.0
SPIKE	S19:C>T	16	84447	1.8946794E-4	49.41419	39.125	TRUE	C	1.2076607E-4	525.0	0.0013288363	0.97920597	1771.4437	0.019451242	0.024277525	174.0	0.0
SPIKE	D19-20:C>	5	84447	5.9208734E-5	-1.0	39.49972	TRUE		NaN	NaN	NaN	NaN	NaN	NaN	NaN	NaN	NaN
SPIKE	S20:C>G	25	84447	2.9604367E-4	-1.0	39.12	TRUE	C	3.6579633E-5	172.0	9.4798993E-4	0.9936554	2405.8882	0.017976578	0.02580799	174.0	0.0
SPIKE	S20:C>A	6	84447	7.105048E-5	19.311188	39.333332	TRUE	C	6.7250156E-5	291.0	0.0016719528	0.98836666	946.3933	0.019548403	0.028211942	174.0	0.0
SPIKE	S20:C>T	20	84447	2.3683494E-4	50.97615	39.3	TRUE	C	1.6838241E-4	732.0	0.0013288363	0.9711265	1771.4437	0.019451242	0.024277525	174.0	0.0
SPIKE	S21:A>G	11	84447	1.3025921E-4	16.357807	37.363636	TRUE	A	4.5841475E-4	2120.0	0.0011979605	0.92333406	1837.6595	0.01828216	0.033613276	174.0	0.0
SPIKE	S21:A>T	2	84447	2.3683493E-5	-1.0	40.0	TRUE	A	3.7727146E-5	169.0	0.0015486409	0.99345696	949.42365	0.01888098	0.029224468	174.0	0.0
SPIKE	S21:A>C	41	84447	4.855116E-4	100.86204	39.682926	TRUE	A	3.4075574E-4	1458.0	0.0010574555	0.942432	1736.7533	0.01975738	0.110260375	174.0	0.0
SPIKE	S22:A>C	16	84447	1.8946794E-4	-1.0	39.8125	TRUE	A	9.816009E-6	42.0	0.0010574555	0.99829346	1736.7533	0.01975738	0.110260375	174.0	0.0
SPIKE	S22:A>G	0	84447	0.0	-1.0	0.0	TRUE	A	3.9736333E-4	1.0	0.0011979605	0.9331949	1837.6595	0.01828216	0.033613276	174.0	1.0
SPIKE	S22:A>T	0	84447	0.0	-1.0	0.0	TRUE	A	2.11947E-4	2.0	0.0015486409	0.963793	949.42365	0.01888098	0.029224468	174.0	1.0
SPIKE	S23:A>T	16	84447	1.8946794E-4	-1.0	39.75	TRUE	C	4.687988E-6	21.0	0.0015486409	0.9991846	949.42365	0.01888098	0.029224468	174.0	0.0
SPIKE	S23:A>C	84395	84447	0.9993842	9999.0	39.807014	TRUE	C	4.0590443E-4	1.0	0.0010574555	0.93180907	1736.7533	0.01975738	0.110260375	174.0	1.0
SPIKE	S23:A>G	0	84447	0.0	-1.0	0.0	TRUE	C	3.9736333E-4	3.0	0.0011979605	0.9331949	1837.6595	0.01828216	0.033613276	174.0	1.0
SPIKE	S24:A>G	16	84447	1.8946794E-4	-1.0	39.75	TRUE	T	4.540901E-6	21.0	0.0011979605	0.9992102	1837.6595	0.01828216	0.033613276	174.0	0.0
SPIKE	S24:A>T	84395	84447	0.9993842	9999.0	39.806942	TRUE	T	2.11947E-4	1.0	0.0015486409	0.963793	949.42365	0.01888098	0.029224468	174.0	1.0
SPIKE	D24-26:AA>	1	84447	1.18417465E-5	-1.0	39.799423	TRUE		NaN	NaN	NaN	NaN	NaN	NaN	NaN	NaN	NaN
SPIKE	S24:A>C	0	84447	0.0	-1.0	0.0	TRUE	T	3.063997E-4	1311.0	0.0010574555	0.9480827	1736.7533	0.01975738	0.110260375	174.0	0.0
SPIKE	S25:A>G	84395	84447	0.9993842	9999.0	39.806942	TRUE	G	3.9736333E-4	0.0	0.0011979605	0.9331949	1837.6595	0.01828216	0.033613276	174.0	1.0
SPIKE	D25-26:A>	16	84447	1.8946794E-4	-1.0	39.791893	TRUE		NaN	NaN	NaN	NaN	NaN	NaN	NaN	NaN	NaN
SPIKE	S25:A>C	0	84447	0.0	-1.0	0.0	TRUE	G	4.67429E-6	20.0	0.0010574555	0.999187	1736.7533	0.01975738	0.110260375	174.0	0.0
SPIKE	S25:A>T	0	84447	0.0	-1.0	0.0	TRUE	G	2.955665E-4	1324.0	0.0015486409	0.9498715	949.42365	0.01888098	0.029224468	174.0	0.0
SPIKE	S26:T>C	5	84447	5.9208734E-5	5.1061287	39.4	TRUE	T	4.352969E-4	1796.0	0.0017420544	0.92705566	1837.6595	0.020503156	0.039872028	174.0	0.0
SPIKE	S26:T>A	0	84447	0.0	-1.0	0.0	TRUE	T	6.609956E-5	294.0	0.0015980526	0.98856455	949.42365	0.019016474	0.015902445	174.0	0.0
SPIKE	S26:T>G	0	84447	0.0	-1.0	0.0	TRUE	T	3.5232323E-4	1584.0	5.051301E-4	0.94053704	1736.7533	0.018792724	0.048877925	174.0	0.0
SPIKE	S27:G>A	6	84447	7.105048E-5	13.113299	39.666668	TRUE	G	1.6144456E-4	759.0	0.0014459154	0.9722995	1771.4437	0.017988473	0.029434845	174.0	0.0
SPIKE	S27:G>T	1	84447	1.18417465E-5	1.0720997	40.0	TRUE	G	2.655091E-4	1250.0	0.0010129677	0.95485234	946.3933	0.017955346	0.03552254	174.0	0.0
SPIKE	S27:G>C	1	84447	1.18417465E-5	-1.0	39.0	TRUE	G	3.0460806E-5	145.0	8.8483916E-4	0.99471384	2405.8882	0.017755874	0.03232119	174.0	0.0
SPIKE	D27-28:G>	7	84447	8.289223E-5	-1.0	39.638447	TRUE		NaN	NaN	NaN	NaN	NaN	NaN	NaN	NaN	NaN
SPIKE	S28:G>A	5	84447	5.9208734E-5	16.300888	38.4	TRUE	G	1.13585505E-4	534.0	0.0014459154	0.9804301	1771.4437	0.017988473	0.029434845	174.0	0.0
SPIKE	S28:G>T	4	84447	4.7366986E-5	13.290587	39.5	TRUE	G	1.01743084E-4	479.0	0.0010129677	0.9824525	946.3933	0.017955346	0.03552254	174.0	0.0
SPIKE	S28:G>C	0	84447	0.0	-1.0	0.0	TRUE	G	2.483081E-4	1182.0	8.8483916E-4	0.95771444	2405.8882	0.017755874	0.03232119	174.0	0.0
SPIKE	S29:G>A	5	84447	5.9208734E-5	16.300888	39.0	TRUE	G	8.5720894E-5	403.0	0.0014459154	0.9851952	1771.4437	0.017988473	0.029434845	174.0	0.0
SPIKE	S29:G>T	4	84447	4.7366986E-5	13.290587	38.25	TRUE	G	7.6041804E-5	358.0	0.0010129677	0.98685586	946.3933	0.017955346	0.03552254	174.0	0.0
SPIKE	S29:G>C	1	84447	1.18417465E-5	4.2596874	40.0	TRUE	G	7.961824E-5	379.0	8.8483916E-4	0.98624194	2405.8882	0.017755874	0.03232119	174.0	0.0
SPIKE	S30:A>G	10	84447	1.1841747E-4	18.164799	39.3	TRUE	A	2.8369817E-4	1312.0	0.0011979605	0.9518351	1837.6595	0.01828216	0.033613276	174.0	0.0
SPIKE	S30:A>T	4	84447	4.7366986E-5	13.290587	38.5	TRUE	A	8.14817E-5	365.0	0.0015486409	0.9859222	949.42365	0.01888098	0.029224468	174.0	0.0
SPIKE	S30:A>C	1	84447	1.18417465E-5	-1.0	40.0	TRUE	A	5.3754334E-6	23.0	0.0010574555	0.9990651	1736.7533	0.01975738	0.110260375	174.0	0.0
SPIKE	S31:T>A	2	84447	2.3683493E-5	7.269987	39.5	TRUE	T	9.038103E-5	402.0	0.0015980526	0.9843967	949.42365	0.019016474	0.015902445	174.0	0.0
SPIKE	S31:T>C	1	84447	1.18417465E-5	2.0412	40.0	TRUE	T	2.1861793E-4	902.0	0.0017420544	0.9626749	1837.6595	0.020503156	0.039872028	174.0	0.0
SPIKE	S31:T>G	0	84447	0.0	-1.0	0.0	TRUE	T	3.113968E-6	14.0	5.051301E-4	0.9994583	1736.7533	0.018792724	0.048877925	174.0	0.0
SPIKE	S32:C>T	7	84447	8.289223E-5	22.321487	39.57143	TRUE	C	1.35258E-4	588.0	0.0013288363	0.9767399	1771.4437	0.019451242	0.024277525	174.0	0.0
SPIKE	S32:C>A	1	84447	1.18417465E-5	4.2596874	39.0	TRUE	C	6.933006E-5	300.0	0.0016719528	0.98800904	946.3933	0.019548403	0.028211942	174.0	0.0
SPIKE	S32:C>G	2	84447	2.3683493E-5	7.269987	39.5	TRUE	C	6.252565E-5	294.0	9.4798993E-4	0.9891795	2405.8882	0.017976578	0.02580799	174.0	0.0
SPIKE	D32-33:C>	1	84447	1.18417465E-5	-1.0	39.731133	TRUE		NaN	NaN	NaN	NaN	NaN	NaN	NaN	NaN	NaN
SPIKE	S33:C>T	13	84447	1.539427E-4	31.537222	39.615383	TRUE	C	1.909254E-4	830.0	0.0013288363	0.96732473	1771.4437	0.019451242	0.024277525	174.0	0.0
SPIKE	S33:C>A	10	84447	1.1841747E-4	-1.0	39.1	TRUE	C	7.626307E-6	33.0	0.0016719528	0.9986739	946.3933	0.019548403	0.028211942	174.0	0.0
SPIKE	S33:C>G	11	84447	1.3025921E-4	34.362686	39.545456	TRUE	C	1.3206949E-4	621.0	9.4798993E-4	0.9772819	2405.8882	0.017976578	0.02580799	174.0	0.0
SPIKE	S34:A>T	1	84447	1.18417465E-5	4.2596874	40.0	TRUE	A	5.3800246E-5	241.0	0.0015486409	0.9906824	949.42365	0.01888098	0.029224468	174.0	0.0
SPIKE	S34:A>G	16	84447	1.8946794E-4	27.568455	39.1875	TRUE	A	3.7797593E-4	1748.0	0.0011979605	0.93634826	1837.6595	0.01828216	0.033613276	174.0	0.0
SPIKE	S34:A>C	0	84447	0.0	-1.0	0.0	TRUE	A	2.1501733E-5	92.0	0.0010574555	0.9962657	1736.7533	0.01975738	0.110260375	174.0	0.0
SPIKE	S35:T>C	3	84447	3.552524E-5	6.0206	39.666668	TRUE	T	2.0625706E-4	851.0	0.0017420544	0.9647476	1837.6595	0.020503156	0.039872028	174.0	0.0
SPIKE	S35:T>A	5	84447	5.9208734E-5	16.300888	39.4	TRUE	T	6.115333E-5	272.0	0.0015980526	0.9894157	949.42365	0.019016474	0.015902445	174.0	0.0
SPIKE	D35-36:T>	7	84447	8.289223E-5	-1.0	39.718273	TRUE		NaN	NaN	NaN	NaN	NaN	NaN	NaN	NaN	NaN
SPIKE	S35:T>G	0	84447	0.0	-1.0	0.0	TRUE	T	8.229773E-6	37.0	5.051301E-4	0.9985691	1736.7533	0.018792724	0.048877925	174.0	0.0
SPIKE	S36:T>C	6	84447	7.105048E-5	9.311187	38.0	TRUE	T	2.6757672E-4	1104.0	0.0017420544	0.95450884	1837.6595	0.020503156	0.039872028	174.0	0.0
SPIKE	S36:T>A	5	84447	5.9208734E-5	-1.0	36.2	TRUE	T	4.833811E-5	215.0	0.0015980526	0.9916244	949.42365	0.019016474	0.015902445	174.0	0.0
SPIKE	S36:T>G	0	84447	0.0	-1.0	0.0	TRUE	T	6.6727885E-6	30.0	5.051301E-4	0.9988396	1736.7533	0.018792724	0.048877925	174.0	0.0
SPIKE	S37:A>C	3	84447	3.552524E-5	-1.0	40.0	TRUE	A	3.8329177E-5	164.0	0.0010574555	0.9933529	1736.7533	0.01975738	0.110260375	174.0	0.0
SPIKE	S37:A>T	1	84447	1.18417465E-5	-1.0	39.0	TRUE	A	2.9467355E-5	132.0	0.0015486409	0.9948858	949.42365	0.01888098	0.029224468	174.0	0.0
SPIKE	S37:A>G	11	84447	1.3025921E-4	26.1236	39.0	TRUE	A	2.571015E-4	1189.0	0.0011979605	0.95625025	1837.6595	0.01828216	0.033613276	174.0	0.0
SPIKE	D37-38:A>	2	84447	2.3683493E-5	-1.0	39.62406	TRUE		NaN	NaN	NaN	NaN	NaN	NaN	NaN	NaN	NaN
SPIKE	S38:T>C	4	84447	4.7366986E-5	8.284564	39.25	TRUE	T	1.7305234E-4	714.0	0.0017420544	0.9703377	1837.6595	0.020503156	0.039872028	174.0	0.0
SPIKE	S38:T>A	4	84447	4.7366986E-5	13.290587	40.0	TRUE	T	7.059613E-5	314.0	0.0015980526	0.9877914	949.42365	0.019016474	0.015902445	174.0	0.0
SPIKE	S38:T>G	0	84447	0.0	-1.0	0.0	TRUE	T	4.670952E-6	21.0	5.051301E-4	0.9991876	1736.7533	0.018792724	0.048877925	174.0	0.0
SPIKE	S39:C>T	11	84447	1.3025921E-4	20.53052	38.454544	TRUE	C	3.103113E-4	1349.0	0.0013288363	0.94743764	1771.4437	0.019451242	0.024277525	174.0	0.0
SPIKE	S39:C>A	8	84447	9.473397E-5	-1.0	39.75	TRUE	C	8.550707E-6	37.0	0.0016719528	0.9985133	946.3933	0.019548403	0.028211942	174.0	0.0
SPIKE	S39:C>G	7	84447	8.289223E-5	-1.0	39.714287	TRUE	C	3.6792302E-5	173.0	9.4798993E-4	0.9936186	2405.8882	0.017976578	0.02580799	174.0	0.0
SPIKE	D39-40:C>	2	84447	2.3683493E-5	-1.0	39.667316	TRUE		NaN	NaN	NaN	NaN	NaN	NaN	NaN	NaN	NaN
SPIKE	S40:G>A	21	84447	2.486767E-4	45.93784	39.57143	TRUE	G	3.371405E-4	1585.0	0.0014459154	0.94302505	1771.4437	0.017988473	0.029434845	174.0	0.0
SPIKE	S40:G>C	0	84447	0.0	-1.0	0.0	TRUE	G	6.911452E-5	329.0	8.8483916E-4	0.9880461	2405.8882	0.017755874	0.03232119	174.0	0.0
SPIKE	S40:G>T	0	84447	0.0	-1.0	0.0	TRUE	G	8.496291E-6	40.0	0.0010129677	0.99852276	946.3933	0.017955346	0.03552254	174.0	0.0
SPIKE	S41:G>C	6	84447	7.105048E-5	19.311188	38.333332	TRUE	G	1.3801896E-4	657.0	8.8483916E-4	0.9762708	2405.8882	0.017755874	0.03232119	174.0	0.0
SPIKE	S41:G>A	11	84447	1.3025921E-4	34.362686	38.545456	TRUE	G	7.891427E-5	371.0	0.0014459154	0.98636276	1771.4437	0.017988473	0.029434845	174.0	0.0
SPIKE	S41:G>T	0	84447	0.0	-1.0	0.0	TRUE	G	2.0391099E-5	96.0	0.0010129677	0.99645823	946.3933	0.017955346	0.03552254	174.0	0.0
SPIKE	S42:C>T	8	84447	9.473397E-5	10.308654	38.5	TRUE	C	3.7241954E-4	1619.0	0.0013288363	0.93725395	1771.4437	0.019451242	0.024277525	174.0	0.0
SPIKE	S42:C>A	12	84447	1.4210097E-4	-1.0	39.416668	TRUE	C	1.4097112E-5	61.0	0.0016719528	0.99755013	946.3933	0.019548403	0.028211942	174.0	0.0
SPIKE	S42:C>G	5	84447	5.9208734E-5	10.658173	39.6	TRUE	C	1.9416978E-4	913.0	9.4798993E-4	0.9667788	2405.8882	0.017976578	0.02580799	174.0	0.0
SPIKE	D42-43:C>	16	84447	1.8946794E-4	-1.0	39.478405	TRUE		NaN	NaN	NaN	NaN	NaN	NaN	NaN	NaN	NaN
SPIKE	D42-44:CG>	1	84447	1.18417465E-5	-1.0	39.478405	TRUE		NaN	NaN	NaN	NaN	NaN	NaN	NaN	NaN	NaN
SPIKE	S43:G>T	3	84447	3.552524E-5	-1.0	40.0	TRUE	G	1.4656102E-5	69.0	0.0010129677	0.9974531	946.3933	0.017955346	0.03552254	174.0	0.0
SPIKE	S43:G>A	18	84447	2.1315145E-4	38.07082	38.77778	TRUE	G	2.7651901E-4	1300.0	0.0014459154	0.95302486	1771.4437	0.017988473	0.029434845	174.0	0.0
SPIKE	D43-44:G>	2	84447	2.3683493E-5	-1.0	39.6211	TRUE		NaN	NaN	NaN	NaN	NaN	NaN	NaN	NaN	NaN
SPIKE	S43:G>C	0	84447	0.0	-1.0	0.0	TRUE	G	9.5793985E-5	456.0	8.8483916E-4	0.98346996	2405.8882	0.017755874	0.03232119	174.0	0.0
SPIKE	S44:G>C	1	84447	1.18417465E-5	1.0720997	39.0	TRUE	G	3.0040657E-4	1430.0	8.8483916E-4	0.9490719	2405.8882	0.017755874	0.03232119	174.0	0.0
SPIKE	S44:G>T	2	84447	2.3683493E-5	-1.0	39.5	TRUE	G	1.869184E-5	88.0	0.0010129677	0.9967529	946.3933	0.017955346	0.03552254	174.0	0.0
SPIKE	S44:G>A	9	84447	1.06575724E-4	28.342087	39.88889	TRUE	G	8.7209846E-5	410.0	0.0014459154	0.98494005	1771.4437	0.017988473	0.029434845	174.0	0.0
SPIKE	S45:C>T	14	84447	1.6578446E-4	-1.0	38.285713	TRUE	C	1.3801837E-5	60.0	0.0013288363	0.9976014	1771.4437	0.019451242	0.024277525	174.0	0.0
SPIKE	S45:C>A	10	84447	1.1841747E-4	-1.0	39.3	TRUE	C	7.164106E-6	31.0	0.0016719528	0.9987542	946.3933	0.019548403	0.028211942	174.0	0.0
SPIKE	S45:C>G	14	84447	1.6578446E-4	27.870962	39.07143	TRUE	C	3.6643434E-4	1723.0	9.4798993E-4	0.9382306	2405.8882	0.017976578	0.02580799	174.0	0.0
SPIKE	D45-47:CG>	1	84447	1.18417465E-5	-1.0	39.31588	TRUE		NaN	NaN	NaN	NaN	NaN	NaN	NaN	NaN	NaN
SPIKE	S46:G>A	16	84447	1.8946794E-4	27.568455	39.25	TRUE	G	3.7670397E-4	1771.0	0.0014459154	0.9365555	1771.4437	0.017988473	0.029434845	174.0	0.0
SPIKE	D46-47:G>	2	84447	2.3683493E-5	-1.0	39.479755	TRUE		NaN	NaN	NaN	NaN	NaN	NaN	NaN	NaN	NaN
SPIKE	S46:G>C	0	84447	0.0	-1.0	0.0	TRUE	G	2.4452675E-4	1164.0	8.8483916E-4	0.9583448	2405.8882	0.017755874	0.03232119	174.0	0.0
SPIKE	S46:G>T	0	84447	0.0	-1.0	0.0	TRUE	G	1.50809165E-5	71.0	0.0010129677	0.99737936	946.3933	0.017955346	0.03552254	174.0	0.0
SPIKE	S47:A>T	2	84447	2.3683493E-5	7.269987	38.5	TRUE	A	5.9381186E-5	266.0	0.0015486409	0.9897209	949.42365	0.01888098	0.029224468	174.0	0.0
SPIKE	S47:A>G	7	84447	8.289223E-5	22.321487	39.142857	TRUE	A	1.541744E-4	713.0	0.0011979605	0.9735303	1837.6595	0.01828216	0.033613276	174.0	0.0
SPIKE	D47-48:A>	2	84447	2.3683493E-5	-1.0	39.62932	TRUE		NaN	NaN	NaN	NaN	NaN	NaN	NaN	NaN	NaN
SPIKE	S47:A>C	0	84447	0.0	-1.0	0.0	TRUE	A	3.5057176E-6	15.0	0.0010574555	0.9993902	1736.7533	0.01975738	0.110260375	174.0	0.0
SPIKE	S48:A>T	1	84447	1.18417465E-5	2.0412	40.0	TRUE	A	1.790365E-4	802.0	0.0015486409	0.96932787	949.42365	0.01888098	0.029224468	174.0	0.0
SPIKE	S48:A>G	9	84447	1.06575724E-4	20.808811	39.555557	TRUE	A	1.6995943E-4	786.0	0.0011979605	0.97086006	1837.6595	0.01828216	0.033613276	174.0	0.0
SPIKE	S48:A>C	0	84447	0.0	-1.0	0.0	TRUE	A	9.816009E-6	42.0	0.0010574555	0.99829346	1736.7533	0.01975738	0.110260375	174.0	0.0
SPIKE	S49:T>C	1	84447	1.18417465E-5	2.0412	39.0	TRUE	T	2.0092491E-4	829.0	0.0017420544	0.96564317	1837.6595	0.020503156	0.039872028	174.0	0.0
SPIKE	S49:T>A	1	84447	1.18417465E-5	4.2596874	40.0	TRUE	T	5.9804363E-5	266.0	0.0015980526	0.989648	949.42365	0.019016474	0.015902445	174.0	0.0
SPIKE	D49-50:T>	6	84447	7.105048E-5	-1.0	39.637985	TRUE		NaN	NaN	NaN	NaN	NaN	NaN	NaN	NaN	NaN
SPIKE	D49-51:TT>	1	84447	1.18417465E-5	-1.0	39.637985	TRUE		NaN	NaN	NaN	NaN	NaN	NaN	NaN	NaN	NaN
SPIKE	S49:T>G	0	84447	0.0	-1.0	0.0	TRUE	T	8.007346E-6	36.0	5.051301E-4	0.9986077	1736.7533	0.018792724	0.048877925	174.0	0.0
SPIKE	S50:T>C	1	84447	1.18417465E-5	2.0412	39.0	TRUE	T	2.1255868E-4	877.0	0.0017420544	0.9636904	1837.6595	0.020503156	0.039872028	174.0	0.0
SPIKE	S50:T>A	3	84447	3.552524E-5	10.280287	39.0	TRUE	T	6.789818E-5	302.0	0.0015980526	0.9882552	949.42365	0.019016474	0.015902445	174.0	0.0
SPIKE	S50:T>G	0	84447	0.0	-1.0	0.0	TRUE	T	7.78492E-6	35.0	5.051301E-4	0.9986463	1736.7533	0.018792724	0.048877925	174.0	0.0
SPIKE	S51:T>C	3	84447	3.552524E-5	3.748162	39.0	TRUE	T	2.6321405E-4	1086.0	0.0017420544	0.9552337	1837.6595	0.020503156	0.039872028	174.0	0.0
SPIKE	S51:T>G	1	84447	1.18417465E-5	-1.0	39.0	TRUE	T	7.117641E-6	32.0	5.051301E-4	0.9987623	1736.7533	0.018792724	0.048877925	174.0	0.0
SPIKE	S51:T>A	8	84447	9.473397E-5	13.595069	36.625	TRUE	T	3.4825923E-4	1549.0	0.0015980526	0.94120234	949.42365	0.019016474	0.015902445	174.0	0.0
SPIKE	S52:A>T	2	84447	2.3683493E-5	-1.0	35.5	TRUE	A	3.259268E-5	146.0	0.0015486409	0.99434495	949.42365	0.01888098	0.029224468	174.0	0.0
SPIKE	S52:A>G	23	84447	2.7236016E-4	59.459663	39.0	TRUE	A	2.3072101E-4	1067.0	0.0011979605	0.96064967	1837.6595	0.01828216	0.033613276	174.0	0.0
SPIKE	D52-53:A>	1	84447	1.18417465E-5	-1.0	39.38442	TRUE		NaN	NaN	NaN	NaN	NaN	NaN	NaN	NaN	NaN
SPIKE	S52:A>C	0	84447	0.0	-1.0	0.0	TRUE	A	2.757831E-4	1180.0	0.0010574555	0.9531469	1736.7533	0.01975738	0.110260375	174.0	0.0
SPIKE	S53:C>T	11	84447	1.3025921E-4	34.362686	39.454544	TRUE	C	1.5504063E-4	674.0	0.0013288363	0.97338355	1771.4437	0.019451242	0.024277525	174.0	0.0
SPIKE	S53:C>G	22	84447	2.6051843E-4	48.59232	39.045456	TRUE	C	3.4091366E-4	1603.0	9.4798993E-4	0.9424061	2405.8882	0.017976578	0.02580799	174.0	0.0
SPIKE	S53:C>A	13	84447	1.539427E-4	-1.0	38.53846	TRUE	C	1.063061E-5	46.0	0.0016719528	0.99815196	946.3933	0.019548403	0.028211942	174.0	0.0
SPIKE	D53-54:C>	15	84447	1.776262E-4	-1.0	39.465534	TRUE		NaN	NaN	NaN	NaN	NaN	NaN	NaN	NaN	NaN
SPIKE	S54:C>T	8	84447	9.473397E-5	18.199682	40.0	TRUE	C	2.0495726E-4	891.0	0.0013288363	0.9649659	1771.4437	0.019451242	0.024277525	174.0	0.0
SPIKE	S54:C>G	7	84447	8.289223E-5	22.321487	40.0	TRUE	C	6.9543836E-5	327.0	9.4798993E-4	0.9879723	2405.8882	0.017976578	0.02580799	174.0	0.0
SPIKE	S54:C>A	15	84447	1.776262E-4	17.695948	40.0	TRUE	C	5.932342E-4	2567.0	0.0016719528	0.90192604	946.3933	0.019548403	0.028211942	174.0	0.0
SPIKE	S55:A>T	1	84447	1.18417465E-5	4.2596874	40.0	TRUE	A	6.607831E-5	296.0	0.0015486409	0.98856825	949.42365	0.01888098	0.029224468	174.0	0.0
SPIKE	S55:A>G	28	84447	3.315689E-4	41.079506	40.0	TRUE	A	7.388694E-4	3417.0	0.0011979605	0.87935793	1837.6595	0.01828216	0.033613276	174.0	0.0
SPIKE	D55-57:AC>	1	84447	1.18417465E-5	-1.0	39.99936	TRUE		NaN	NaN	NaN	NaN	NaN	NaN	NaN	NaN	NaN
SPIKE	S55:A>C	0	84447	0.0	-1.0	0.0	TRUE	A	0.0025523962	10921.0	0.0010574555	0.64139044	1736.7533	0.01975738	0.110260375	174.0	0.0
SPIKE	S56:C>T	12	84447	1.4210097E-4	37.372986	40.0	TRUE	C	1.3709824E-4	596.0	0.0013288363	0.9764272	1771.4437	0.019451242	0.024277525	174.0	0.0
SPIKE	S56:C>G	17	84447	2.013097E-4	42.57172	40.0	TRUE	C	1.780067E-4	837.0	9.4798993E-4	0.9695016	2405.8882	0.017976578	0.02580799	174.0	0.0
SPIKE	S56:C>A	7	84447	8.289223E-5	1.8890414	40.0	TRUE	C	9.401156E-4	4068.0	0.0016719528	0.84909844	946.3933	0.019548403	0.028211942	174.0	0.0
SPIKE	D56-57:C>	12	84447	1.4210097E-4	-1.0	39.999527	TRUE		NaN	NaN	NaN	NaN	NaN	NaN	NaN	NaN	NaN
SPIKE	S57:C>T	9	84447	1.06575724E-4	20.808811	40.0	TRUE	C	2.1392846E-4	930.0	0.0013288363	0.96346074	1771.4437	0.019451242	0.024277525	174.0	0.0
SPIKE	S57:C>G	5	84447	5.9208734E-5	16.300888	40.0	TRUE	C	6.6779096E-5	314.0	9.4798993E-4	0.98844767	2405.8882	0.017976578	0.02580799	174.0	0.0
SPIKE	S57:C>A	17	84447	2.013097E-4	15.718656	40.0	TRUE	C	8.18788E-4	3543.0	0.0016719528	0.8672143	946.3933	0.019548403	0.028211942	174.0	0.0
SPIKE	S58:A>T	3	84447	3.552524E-5	0.23584192	40.0	TRUE	A	9.934071E-4	4450.0	0.0015486409	0.8412614	949.42365	0.01888098	0.029224468	174.0	0.0
SPIKE	S58:A>G	17	84447	2.013097E-4	25.398207	40.0	TRUE	A	4.9387704E-4	2284.0	0.0011979605	0.9176542	1837.6595	0.01828216	0.033613276	174.0	0.0
SPIKE	S58:A>C	0	84447	0.0	-1.0	0.0	TRUE	A	0.0010000643	4279.0	0.0010574555	0.8402875	1736.7533	0.01975738	0.110260375	174.0	0.0
SPIKE	S59:T>C	4	84447	4.7366986E-5	5.449171	40.0	TRUE	T	2.6684962E-4	1101.0	0.0017420544	0.95462966	1837.6595	0.020503156	0.039872028	174.0	0.0
SPIKE	S59:T>A	5	84447	5.9208734E-5	0.5568062	40.0	TRUE	T	0.0010906426	4851.0	0.0015980526	0.82714784	949.42365	0.019016474	0.015902445	174.0	0.0
SPIKE	D59-60:T>	1	84447	1.18417465E-5	-1.0	40.0	TRUE		NaN	NaN	NaN	NaN	NaN	NaN	NaN	NaN	NaN
SPIKE	S59:T>G	0	84447	0.0	-1.0	0.0	TRUE	T	8.674625E-6	39.0	5.051301E-4	0.99849176	1736.7533	0.018792724	0.048877925	174.0	0.0
SPIKE	S60:T>C	24	84447	2.8420193E-4	32.386707	40.0	TRUE	T	7.164464E-4	2956.0	0.0017420544	0.8827955	1837.6595	0.020503156	0.039872028	174.0	0.0
SPIKE	S60:T>A	5	84447	5.9208734E-5	16.300888	40.0	TRUE	T	5.305951E-5	236.0	0.0015980526	0.99081016	949.42365	0.019016474	0.015902445	174.0	0.0
SPIKE	S60:T>G	0	84447	0.0	-1.0	0.0	TRUE	T	7.4690743E-4	3358.0	5.051301E-4	0.8781289	1736.7533	0.018792724	0.048877925	174.0	0.0
SPIKE	S61:G>C	5	84447	5.9208734E-5	-1.0	40.0	TRUE	G	4.6636545E-5	222.0	8.8483916E-4	0.9919181	2405.8882	0.017755874	0.03232119	174.0	0.0
SPIKE	S61:G>A	8	84447	9.473397E-5	7.8612313	40.0	TRUE	G	5.00074E-4	2351.0	0.0014459154	0.9166653	1771.4437	0.017988473	0.029434845	174.0	0.0
SPIKE	D61-62:G>	1	84447	1.18417465E-5	-1.0	39.999527	TRUE		NaN	NaN	NaN	NaN	NaN	NaN	NaN	NaN	NaN
SPIKE	S61:G>T	0	84447	0.0	-1.0	0.0	TRUE	G	8.791537E-4	4139.0	0.0010129677	0.8581531	946.3933	0.017955346	0.03552254	174.0	0.0
SPIKE	S62:A>T	10	84447	1.1841747E-4	23.451881	40.0	TRUE	A	1.5849866E-4	710.0	0.0015486409	0.97279805	949.42365	0.01888098	0.029224468	174.0	0.0
SPIKE	S62:A>C	1	84447	1.18417465E-5	-1.0	40.0	TRUE	A	5.609148E-6	24.0	0.0010574555	0.9990245	1736.7533	0.01975738	0.110260375	174.0	0.0
SPIKE	S62:A>G	9	84447	1.06575724E-4	1.1164881	40.0	TRUE	A	0.00139903	6470.0	0.0011979605	0.7839334	1837.6595	0.01828216	0.033613276	174.0	0.0
SPIKE	D62-63:A>	8	84447	9.473397E-5	-1.0	39.99955	TRUE		NaN	NaN	NaN	NaN	NaN	NaN	NaN	NaN	NaN
SPIKE	I62:>A	1	84447	1.18417465E-5	-1.0	39.99955	TRUE		NaN	NaN	NaN	NaN	NaN	NaN	NaN	NaN	NaN
SPIKE	S63:A>T	5	84447	5.9208734E-5	16.300888	40.0	TRUE	A	8.527674E-5	382.0	0.0015486409	0.9852714	949.42365	0.01888098	0.029224468	174.0	0.0
SPIKE	S63:A>G	13	84447	1.539427E-4	25.388708	40.0	TRUE	A	2.683456E-4	1241.0	0.0011979605	0.95438117	1837.6595	0.01828216	0.033613276	174.0	0.0
SPIKE	S63:A>C	0	84447	0.0	-1.0	0.0	TRUE	A	1.4490299E-5	62.0	0.0010574555	0.9974819	1736.7533	0.01975738	0.110260375	174.0	0.0
SPIKE	S64:A>G	9	84447	1.06575724E-4	20.808811	40.0	TRUE	A	2.132061E-4	986.0	0.0011979605	0.96358186	1837.6595	0.01828216	0.033613276	174.0	0.0
SPIKE	S64:A>C	2	84447	2.3683493E-5	-1.0	40.0	TRUE	A	1.2620583E-5	54.0	0.0010574555	0.99780643	1736.7533	0.01975738	0.110260375	174.0	0.0
SPIKE	S64:A>T	2	84447	2.3683493E-5	-1.0	40.0	TRUE	A	3.6610956E-5	164.0	0.0015486409	0.99364996	949.42365	0.01888098	0.029224468	174.0	0.0
SPIKE	S65:A>G	8	84447	9.473397E-5	25.331787	40.0	TRUE	A	1.5049842E-4	696.0	0.0011979605	0.97415316	1837.6595	0.01828216	0.033613276	174.0	0.0
SPIKE	S65:A>C	1	84447	1.18417465E-5	0.0011929893	40.0	TRUE	A	0.0015060563	6444.0	0.0010574555	0.7694696	1736.7533	0.01975738	0.110260375	174.0	0.0
SPIKE	S65:A>T	2	84447	2.3683493E-5	-1.0	40.0	TRUE	A	1.7412529E-5	78.0	0.0015486409	0.9969748	949.42365	0.01888098	0.029224468	174.0	0.0
SPIKE	S66:C>A	5	84447	5.9208734E-5	5.1061287	40.0	TRUE	C	4.1436267E-4	1793.0	0.0016719528	0.9304387	946.3933	0.019548403	0.028211942	174.0	0.0
SPIKE	S66:C>G	5	84447	5.9208734E-5	16.300888	40.0	TRUE	C	5.5932807E-5	263.0	9.4798993E-4	0.9903149	2405.8882	0.017976578	0.02580799	174.0	0.0
SPIKE	S66:C>T	13	84447	1.539427E-4	40.383286	40.0	TRUE	C	1.1547536E-4	502.0	0.0013288363	0.9801078	1771.4437	0.019451242	0.024277525	174.0	0.0
SPIKE	D66-67:C>	17	84447	2.013097E-4	-1.0	40.0	TRUE		NaN	NaN	NaN	NaN	NaN	NaN	NaN	NaN	NaN
SPIKE	S67:C>A	16	84447	1.8946794E-4	4.046042	40.0	TRUE	C	0.0015978268	6914.0	0.0016719528	0.7572803	946.3933	0.019548403	0.028211942	174.0	0.0
SPIKE	S67:C>G	4	84447	4.7366986E-5	-1.0	40.0	TRUE	C	4.104575E-5	193.0	9.4798993E-4	0.9928835	2405.8882	0.017976578	0.02580799	174.0	0.0
SPIKE	S67:C>T	7	84447	8.289223E-5	15.631419	40.0	TRUE	C	1.8080405E-4	786.0	0.0013288363	0.9690298	1771.4437	0.019451242	0.024277525	174.0	0.0
SPIKE	S68:A>G	14	84447	1.6578446E-4	2.1584768	40.0	TRUE	A	0.0016982969	7854.0	0.0011979605	0.7441567	1837.6595	0.01828216	0.033613276	174.0	0.0
SPIKE	S68:A>T	4	84447	4.7366986E-5	-1.0	40.0	TRUE	A	2.4779367E-5	111.0	0.0015486409	0.9956977	949.42365	0.01888098	0.029224468	174.0	0.0
SPIKE	S68:A>C	0	84447	0.0	-1.0	0.0	TRUE	A	4.349427E-4	1861.0	0.0010574555	0.9271128	1736.7533	0.01975738	0.110260375	174.0	0.0
SPIKE	S69:G>A	11	84447	1.3025921E-4	10.535764	40.0	TRUE	G	6.036623E-4	2838.0	0.0014459154	0.900291	1771.4437	0.017988473	0.029434845	174.0	0.0
SPIKE	S69:G>C	5	84447	5.9208734E-5	0.003697896	40.0	TRUE	G	0.0021639776	10301.0	8.8483916E-4	0.6862371	2405.8882	0.017755874	0.03232119	174.0	0.0
SPIKE	S69:G>T	1	84447	1.18417465E-5	-1.0	40.0	TRUE	G	1.784221E-5	84.0	0.0010129677	0.99690026	946.3933	0.017955346	0.03552254	174.0	0.0
SPIKE	S70:C>A	19	84447	2.2499319E-4	-1.0	40.0	TRUE	C	3.350953E-5	145.0	0.0016719528	0.9941863	946.3933	0.019548403	0.028211942	174.0	0.0
SPIKE	S70:C>G	5	84447	5.9208734E-5	3.5805361	40.0	TRUE	C	5.231738E-4	2460.0	9.4798993E-4	0.91298825	2405.8882	0.017976578	0.02580799	174.0	0.0
SPIKE	S70:C>T	4	84447	4.7366986E-5	13.290587	40.0	TRUE	C	8.8791814E-5	386.0	0.0013288363	0.98466897	1771.4437	0.019451242	0.024277525	174.0	0.0
SPIKE	D70-71:C>	2	84447	2.3683493E-5	-1.0	39.99956	TRUE		NaN	NaN	NaN	NaN	NaN	NaN	NaN	NaN	NaN
SPIKE	S71:C>A	6	84447	7.105048E-5	-1.0	40.0	TRUE	C	3.466503E-5	150.0	0.0016719528	0.9939864	946.3933	0.019548403	0.028211942	174.0	0.0
SPIKE	S71:C>G	4	84447	4.7366986E-5	0.04760854	40.0	TRUE	C	0.0014553164	6843.0	9.4798993E-4	0.77629316	2405.8882	0.017976578	0.02580799	174.0	0.0
SPIKE	S71:C>T	15	84447	1.776262E-4	21.102957	40.0	TRUE	C	5.3620135E-4	2331.0	0.0013288363	0.91092104	1771.4437	0.019451242	0.024277525	174.0	0.0
SPIKE	S72:G>A	24	84447	2.8420193E-4	36.620285	40.0	TRUE	G	5.8643305E-4	2757.0	0.0014459154	0.90299404	1771.4437	0.017988473	0.029434845	174.0	0.0
SPIKE	S72:G>C	5	84447	5.9208734E-5	2.5063212	40.0	TRUE	G	5.913598E-4	2815.0	8.8483916E-4	0.90222025	2405.8882	0.017755874	0.03232119	174.0	0.0
SPIKE	S72:G>T	4	84447	4.7366986E-5	0.4730946	40.0	TRUE	G	9.023061E-4	4248.0	0.0010129677	0.85470295	946.3933	0.017955346	0.03552254	174.0	0.0
SPIKE	D72-73:G>	1	84447	1.18417465E-5	-1.0	39.999527	TRUE		NaN	NaN	NaN	NaN	NaN	NaN	NaN	NaN	NaN
SPIKE	S73:T>A	7	84447	8.289223E-5	22.321487	40.0	TRUE	T	7.1720264E-5	319.0	0.0015980526	0.98759824	949.42365	0.019016474	0.015902445	174.0	0.0
SPIKE	S73:T>G	1	84447	1.18417465E-5	6.730357E-6	40.0	TRUE	T	0.0023457075	10546.0	5.051301E-4	0.66487706	1736.7533	0.018792724	0.048877925	174.0	0.0
SPIKE	S73:T>C	8	84447	9.473397E-5	4.5662546	40.0	TRUE	T	7.586188E-4	3130.0	0.0017420544	0.8763413	1837.6595	0.020503156	0.039872028	174.0	0.0
SPIKE	D73-75:TG>	1	84447	1.18417465E-5	-1.0	39.999077	TRUE		NaN	NaN	NaN	NaN	NaN	NaN	NaN	NaN	NaN
SPIKE	S74:G>A	15	84447	1.776262E-4	46.403885	40.0	TRUE	G	1.4251364E-4	670.0	0.0014459154	0.97550756	1771.4437	0.017988473	0.029434845	174.0	0.0
SPIKE	S74:G>C	2	84447	2.3683493E-5	-1.0	40.0	TRUE	G	3.634289E-5	173.0	8.8483916E-4	0.9936963	2405.8882	0.017755874	0.03232119	174.0	0.0
SPIKE	S74:G>T	2	84447	2.3683493E-5	2.2639637	40.0	TRUE	G	3.4622385E-4	1630.0	0.0010129677	0.9415358	946.3933	0.017955346	0.03552254	174.0	0.0
SPIKE	D74-75:G>	3	84447	3.552524E-5	-1.0	39.999527	TRUE		NaN	NaN	NaN	NaN	NaN	NaN	NaN	NaN	NaN
SPIKE	S75:G>A	5	84447	5.9208734E-5	16.300888	40.0	TRUE	G	9.380376E-5	441.0	0.0014459154	0.9838106	1771.4437	0.017988473	0.029434845	174.0	0.0
SPIKE	S75:G>C	3	84447	3.552524E-5	-1.0	40.0	TRUE	G	4.8947364E-5	233.0	8.8483916E-4	0.99151933	2405.8882	0.017755874	0.03232119	174.0	0.0
SPIKE	S75:G>T	0	84447	0.0	-1.0	0.0	TRUE	G	0.001610472	7582.0	0.0010129677	0.7556159	946.3933	0.017955346	0.03552254	174.0	0.0
SPIKE	S76:T>A	1	84447	1.18417465E-5	-1.0	40.0	TRUE	T	2.3831813E-5	106.0	0.0015980526	0.9958618	949.42365	0.019016474	0.015902445	174.0	0.0
SPIKE	S76:T>G	2	84447	2.3683493E-5	0.7986036	40.0	TRUE	T	4.9712276E-4	2235.0	5.051301E-4	0.91713613	1736.7533	0.018792724	0.048877925	174.0	0.0
SPIKE	S76:T>C	4	84447	4.7366986E-5	8.284564	40.0	TRUE	T	1.7184048E-4	709.0	0.0017420544	0.9705424	1837.6595	0.020503156	0.039872028	174.0	0.0
SPIKE	D76-77:T>	6	84447	7.105048E-5	-1.0	40.0	TRUE		NaN	NaN	NaN	NaN	NaN	NaN	NaN	NaN	NaN
SPIKE	S77:T>A	11	84447	1.3025921E-4	34.362686	40.0	TRUE	T	1.0364591E-4	461.0	0.0015980526	0.98212725	949.42365	0.019016474	0.015902445	174.0	0.0
SPIKE	S77:T>C	10	84447	1.1841747E-4	23.451881	40.0	TRUE	T	2.5497348E-4	1052.0	0.0017420544	0.95660436	1837.6595	0.020503156	0.039872028	174.0	0.0
SPIKE	S77:T>G	0	84447	0.0	-1.0	0.0	TRUE	T	3.0694828E-5	138.0	5.051301E-4	0.9946733	1736.7533	0.018792724	0.048877925	174.0	0.0
SPIKE	S78:T>A	8	84447	9.473397E-5	-1.0	40.0	TRUE	T	5.1710536E-5	230.0	0.0015980526	0.99104273	949.42365	0.019016474	0.015902445	174.0	0.0
SPIKE	S78:T>C	14	84447	1.6578446E-4	19.02269	40.0	TRUE	T	5.5163464E-4	2276.0	0.0017420544	0.90847814	1837.6595	0.020503156	0.039872028	174.0	0.0
SPIKE	S78:T>G	0	84447	0.0	-1.0	0.0	TRUE	T	0.0015294031	6876.0	5.051301E-4	0.7663501	1736.7533	0.018792724	0.048877925	174.0	0.0
SPIKE	S79:G>A	13	84447	1.539427E-4	31.537222	40.0	TRUE	G	1.6165727E-4	760.0	0.0014459154	0.9722636	1771.4437	0.017988473	0.029434845	174.0	0.0
SPIKE	S79:G>C	3	84447	3.552524E-5	6.616958E-4	40.0	TRUE	G	0.0020925524	9961.0	8.8483916E-4	0.69481885	2405.8882	0.017755874	0.03232119	174.0	0.0
SPIKE	S79:G>T	1	84447	1.18417465E-5	1.0720997	40.0	TRUE	G	2.9333445E-4	1381.0	0.0010129677	0.9502405	946.3933	0.017955346	0.03552254	174.0	0.0
SPIKE	S80:C>G	6	84447	7.105048E-5	0.0056852526	40.0	TRUE	C	0.0023385445	10996.0	9.4798993E-4	0.6657063	2405.8882	0.017976578	0.02580799	174.0	0.0
SPIKE	S80:C>A	10	84447	1.1841747E-4	-1.0	40.0	TRUE	C	1.4559313E-5	63.0	0.0016719528	0.9974699	946.3933	0.019548403	0.028211942	174.0	0.0
SPIKE	S80:C>T	12	84447	1.4210097E-4	12.223638	40.0	TRUE	C	6.305139E-4	2741.0	0.0013288363	0.8960945	1771.4437	0.019451242	0.024277525	174.0	0.0
SPIKE	D80-81:C>	13	84447	1.539427E-4	-1.0	39.993843	TRUE		NaN	NaN	NaN	NaN	NaN	NaN	NaN	NaN	NaN
SPIKE	S81:G>A	19	84447	2.2499319E-4	48.1648	40.0	TRUE	G	2.6099142E-4	1227.0	0.0014459154	0.9556032	1771.4437	0.017988473	0.029434845	174.0	0.0
SPIKE	S81:G>T	5	84447	5.9208734E-5	-1.0	40.0	TRUE	G	3.4622386E-5	163.0	0.0010129677	0.9939938	946.3933	0.017955346	0.03552254	174.0	0.0
SPIKE	S81:G>C	4	84447	4.7366986E-5	8.284564	40.0	TRUE	G	2.3591369E-4	1123.0	8.8483916E-4	0.9597821	2405.8882	0.017755874	0.03232119	174.0	0.0
SPIKE	D81-82:G>	2	84447	2.3683493E-5	-1.0	40.0	TRUE		NaN	NaN	NaN	NaN	NaN	NaN	NaN	NaN	NaN
SPIKE	S82:G>A	8	84447	9.473397E-5	25.331787	40.0	TRUE	G	8.29557E-5	390.0	0.0014459154	0.9856694	1771.4437	0.017988473	0.029434845	174.0	0.0
SPIKE	S82:G>C	5	84447	5.9208734E-5	0.003697896	40.0	TRUE	G	0.0021723807	10341.0	8.8483916E-4	0.6852344	2405.8882	0.017755874	0.03232119	174.0	0.0
SPIKE	D82-83:G>	2	84447	2.3683493E-5	-1.0	39.998104	TRUE		NaN	NaN	NaN	NaN	NaN	NaN	NaN	NaN	NaN
SPIKE	S82:G>T	0	84447	0.0	-1.0	0.0	TRUE	G	2.0815913E-5	98.0	0.0010129677	0.99638456	946.3933	0.017955346	0.03552254	174.0	0.0
SPIKE	S83:C>G	9	84447	1.06575724E-4	0.014783077	40.0	TRUE	C	0.0026175703	12308.0	9.4798993E-4	0.63415796	2405.8882	0.017976578	0.02580799	174.0	0.0
SPIKE	S83:C>A	18	84447	2.1315145E-4	-1.0	40.0	TRUE	C	1.38660125E-5	60.0	0.0016719528	0.99759024	946.3933	0.019548403	0.028211942	174.0	0.0
SPIKE	S83:C>T	11	84447	1.3025921E-4	16.357807	40.0	TRUE	C	4.3705816E-4	1900.0	0.0013288363	0.92677164	1771.4437	0.019451242	0.024277525	174.0	0.0
SPIKE	S84:G>A	13	84447	1.539427E-4	0.18194649	40.0	TRUE	G	0.0024752705	11637.0	0.0014459154	0.65005577	1771.4437	0.017988473	0.029434845	174.0	0.0
SPIKE	S84:G>T	1	84447	1.18417465E-5	-1.0	40.0	TRUE	G	2.0815913E-5	98.0	0.0010129677	0.99638456	946.3933	0.017955346	0.03552254	174.0	0.0
SPIKE	S84:G>C	1	84447	1.18417465E-5	4.2596874	40.0	TRUE	G	1.4726224E-4	701.0	8.8483916E-4	0.9747019	2405.8882	0.017755874	0.03232119	174.0	0.0
SPIKE	S85:A>G	11	84447	1.3025921E-4	16.357807	40.0	TRUE	A	4.398187E-4	2034.0	0.0011979605	0.9263266	1837.6595	0.01828216	0.033613276	174.0	0.0
SPIKE	S85:A>T	8	84447	9.473397E-5	0.1309441	40.0	TRUE	A	0.001935023	8668.0	0.0015486409	0.7141273	949.42365	0.01888098	0.029224468	174.0	0.0
SPIKE	S85:A>C	0	84447	0.0	-1.0	0.0	TRUE	A	5.3754334E-6	23.0	0.0010574555	0.9990651	1736.7533	0.01975738	0.110260375	174.0	0.0
SPIKE	S86:T>A	5	84447	5.9208734E-5	16.300888	39.4	TRUE	T	1.5333299E-4	682.0	0.0015980526	0.9736728	949.42365	0.019016474	0.015902445	174.0	0.0
SPIKE	S86:T>C	2	84447	2.3683493E-5	2.2639637	38.5	TRUE	T	2.7945286E-4	1153.0	0.0017420544	0.95253843	1837.6595	0.020503156	0.039872028	174.0	0.0
SPIKE	D86-87:T>	7	84447	8.289223E-5	-1.0	39.584213	TRUE		NaN	NaN	NaN	NaN	NaN	NaN	NaN	NaN	NaN
SPIKE	D86-88:TT>	1	84447	1.18417465E-5	-1.0	39.584213	TRUE		NaN	NaN	NaN	NaN	NaN	NaN	NaN	NaN	NaN
SPIKE	S86:T>G	0	84447	0.0	-1.0	0.0	TRUE	T	7.78492E-6	35.0	5.051301E-4	0.9986463	1736.7533	0.018792724	0.048877925	174.0	0.0
SPIKE	S87:T>A	6	84447	7.105048E-5	-1.0	39.0	TRUE	T	4.294223E-5	191.0	0.0015980526	0.9925559	949.42365	0.019016474	0.015902445	174.0	0.0
SPIKE	S87:T>C	2	84447	2.3683493E-5	3.9120662	38.5	TRUE	T	2.0407572E-4	842.0	0.0017420544	0.9651139	1837.6595	0.020503156	0.039872028	174.0	0.0
SPIKE	S87:T>G	0	84447	0.0	-1.0	0.0	TRUE	T	3.113968E-5	140.0	5.051301E-4	0.99459636	1736.7533	0.018792724	0.048877925	174.0	0.0
SPIKE	S88:T>A	2	84447	2.3683493E-5	7.269987	40.0	TRUE	T	5.7331246E-5	255.0	0.0015980526	0.990074	949.42365	0.019016474	0.015902445	174.0	0.0
SPIKE	S88:T>C	5	84447	5.9208734E-5	7.3154635	39.0	TRUE	T	2.6757672E-4	1104.0	0.0017420544	0.95450884	1837.6595	0.020503156	0.039872028	174.0	0.0
SPIKE	S88:T>G	0	84447	0.0	-1.0	0.0	TRUE	T	6.0055095E-6	27.0	5.051301E-4	0.9989556	1736.7533	0.018792724	0.048877925	174.0	0.0
SPIKE	S89:A>G	20	84447	2.3683494E-4	61.455387	38.75	TRUE	A	1.1676602E-4	540.0	0.0011979605	0.9798877	1837.6595	0.01828216	0.033613276	174.0	0.0
SPIKE	S89:A>C	1	84447	1.18417465E-5	-1.0	39.0	TRUE	A	3.739432E-6	16.0	0.0010574555	0.99934953	1736.7533	0.01975738	0.110260375	174.0	0.0
SPIKE	D89-90:A>	2	84447	2.3683493E-5	-1.0	39.485146	TRUE		NaN	NaN	NaN	NaN	NaN	NaN	NaN	NaN	NaN
SPIKE	S89:A>T	0	84447	0.0	-1.0	0.0	TRUE	A	1.3907699E-4	623.0	0.0015486409	0.9760911	949.42365	0.01888098	0.029224468	174.0	0.0
SPIKE	S90:T>A	5	84447	5.9208734E-5	16.300888	39.6	TRUE	T	8.0713406E-5	359.0	0.0015980526	0.986054	949.42365	0.019016474	0.015902445	174.0	0.0
SPIKE	S90:T>C	3	84447	3.552524E-5	6.0206	38.333332	TRUE	T	1.6481175E-4	680.0	0.0017420544	0.97173005	1837.6595	0.020503156	0.039872028	174.0	0.0
SPIKE	S90:T>G	0	84447	0.0	-1.0	0.0	TRUE	T	3.5588205E-6	16.0	5.051301E-4	0.99938095	1736.7533	0.018792724	0.048877925	174.0	0.0
SPIKE	S91:C>G	3	84447	3.552524E-5	-1.0	39.333332	TRUE	C	3.551627E-5	167.0	9.4798993E-4	0.9938392	2405.8882	0.017976578	0.02580799	174.0	0.0
SPIKE	S91:C>A	10	84447	1.1841747E-4	-1.0	38.9	TRUE	C	1.5021513E-5	65.0	0.0016719528	0.9973897	946.3933	0.019548403	0.028211942	174.0	0.0
SPIKE	S91:C>T	7	84447	8.289223E-5	8.459471	38.42857	TRUE	C	4.515501E-4	1963.0	0.0013288363	0.9244376	1771.4437	0.019451242	0.024277525	174.0	0.0
SPIKE	S92:G>A	17	84447	2.013097E-4	29.928427	38.941177	TRUE	G	4.596597E-4	2161.0	0.0014459154	0.9231341	1771.4437	0.017988473	0.029434845	174.0	0.0
SPIKE	S92:G>T	1	84447	1.18417465E-5	-1.0	34.0	TRUE	G	8.071476E-6	38.0	0.0010129677	0.99859655	946.3933	0.017955346	0.03552254	174.0	0.0
SPIKE	S92:G>C	1	84447	1.18417465E-5	2.0412	38.0	TRUE	G	2.5019876E-4	1191.0	8.8483916E-4	0.9573994	2405.8882	0.017755874	0.03232119	174.0	0.0
SPIKE	S93:T>G	1	84447	1.18417465E-5	-1.0	39.0	TRUE	T	2.5579022E-5	115.0	5.051301E-4	0.99555916	1736.7533	0.018792724	0.048877925	174.0	0.0
SPIKE	S93:T>A	6	84447	7.105048E-5	19.311188	39.5	TRUE	T	7.599201E-5	338.0	0.0015980526	0.98686445	949.42365	0.019016474	0.015902445	174.0	0.0
SPIKE	S93:T>C	5	84447	5.9208734E-5	16.300888	39.6	TRUE	T	7.998217E-5	330.0	0.0017420544	0.9861795	1837.6595	0.020503156	0.039872028	174.0	0.0
SPIKE	S94:C>G	13	84447	1.539427E-4	40.383286	39.23077	TRUE	C	1.3164413E-4	619.0	9.4798993E-4	0.9773543	2405.8882	0.017976578	0.02580799	174.0	0.0
SPIKE	S94:C>A	11	84447	1.3025921E-4	-1.0	39.363636	TRUE	C	1.5945914E-5	69.0	0.0016719528	0.9972293	946.3933	0.019548403	0.028211942	174.0	0.0
SPIKE	S94:C>T	14	84447	1.6578446E-4	19.02269	38.42857	TRUE	C	5.456326E-4	2372.0	0.0013288363	0.9094274	1771.4437	0.019451242	0.024277525	174.0	0.0
SPIKE	S95:G>A	25	84447	2.9604367E-4	49.71867	38.84	TRUE	G	3.986128E-4	1874.0	0.0014459154	0.93299204	1771.4437	0.017988473	0.029434845	174.0	0.0
SPIKE	S95:G>T	1	84447	1.18417465E-5	-1.0	40.0	TRUE	G	7.4342547E-6	35.0	0.0010129677	0.9987073	946.3933	0.017955346	0.03552254	174.0	0.0
SPIKE	S95:G>C	0	84447	0.0	-1.0	0.0	TRUE	G	2.514592E-4	1197.0	8.8483916E-4	0.9571895	2405.8882	0.017755874	0.03232119	174.0	0.0
SPIKE	S96:T>C	5	84447	5.9208734E-5	16.300888	39.6	TRUE	T	1.5414746E-4	636.0	0.0017420544	0.9735348	1837.6595	0.020503156	0.039872028	174.0	0.0
SPIKE	S96:T>A	9	84447	1.06575724E-4	28.342087	38.88889	TRUE	T	8.768308E-5	390.0	0.0015980526	0.98485893	949.42365	0.019016474	0.015902445	174.0	0.0
SPIKE	S96:T>G	1	84447	1.18417465E-5	-1.0	39.0	TRUE	T	1.1566167E-5	52.0	5.051301E-4	0.99798954	1736.7533	0.018792724	0.048877925	174.0	0.0
SPIKE	S97:C>T	5	84447	5.9208734E-5	10.658173	39.4	TRUE	C	2.1530865E-4	936.0	0.0013288363	0.96322936	1771.4437	0.019451242	0.024277525	174.0	0.0
SPIKE	S97:C>A	6	84447	7.105048E-5	-1.0	39.5	TRUE	C	6.2397053E-6	27.0	0.0016719528	0.9989149	946.3933	0.019548403	0.028211942	174.0	0.0
SPIKE	S97:C>G	8	84447	9.473397E-5	25.331787	38.75	TRUE	C	7.273392E-5	342.0	9.4798993E-4	0.987424	2405.8882	0.017976578	0.02580799	174.0	0.0
SPIKE	S98:A>C	1	84447	1.18417465E-5	-1.0	37.0	TRUE	A	1.5191443E-5	65.0	0.0010574555	0.99736017	1736.7533	0.01975738	0.110260375	174.0	0.0
SPIKE	S98:A>T	3	84447	3.552524E-5	-1.0	39.333332	TRUE	A	2.0761092E-5	93.0	0.0015486409	0.9963941	949.42365	0.01888098	0.029224468	174.0	0.0
SPIKE	S98:A>G	25	84447	2.9604367E-4	43.893612	38.84	TRUE	A	4.9733673E-4	2300.0	0.0011979605	0.917102	1837.6595	0.01828216	0.033613276	174.0	0.0
SPIKE	D98-101:ATC>	1	84447	1.18417465E-5	-1.0	39.60246	TRUE		NaN	NaN	NaN	NaN	NaN	NaN	NaN	NaN	NaN
SPIKE	S99:T>C	3	84447	3.552524E-5	6.0206	39.666668	TRUE	T	1.7353708E-4	716.0	0.0017420544	0.97025585	1837.6595	0.020503156	0.039872028	174.0	0.0
SPIKE	S99:T>A	7	84447	8.289223E-5	22.321487	39.0	TRUE	T	5.5982277E-5	249.0	0.0015980526	0.9903064	949.42365	0.019016474	0.015902445	174.0	0.0
SPIKE	S99:T>G	0	84447	0.0	-1.0	0.0	TRUE	T	7.117641E-6	32.0	5.051301E-4	0.9987623	1736.7533	0.018792724	0.048877925	174.0	0.0
SPIKE	S100:C>T	10	84447	1.1841747E-4	11.277932	39.4	TRUE	C	4.9019523E-4	2131.0	0.0013288363	0.91824234	1771.4437	0.019451242	0.024277525	174.0	0.0
SPIKE	S100:C>A	9	84447	1.06575724E-4	-1.0	39.22222	TRUE	C	1.9874618E-5	86.0	0.0016719528	0.9965478	946.3933	0.019548403	0.028211942	174.0	0.0
SPIKE	S100:C>G	2	84447	2.3683493E-5	-1.0	39.5	TRUE	C	4.955264E-5	233.0	9.4798993E-4	0.9914149	2405.8882	0.017976578	0.02580799	174.0	0.0
SPIKE	S101:G>C	1	84447	1.18417465E-5	4.2596874	40.0	TRUE	G	1.0062569E-4	479.0	8.8483916E-4	0.98264354	2405.8882	0.017755874	0.03232119	174.0	0.0
SPIKE	S101:G>T	1	84447	1.18417465E-5	-1.0	40.0	TRUE	G	5.9474037E-6	28.0	0.0010129677	0.9989657	946.3933	0.017955346	0.03552254	174.0	0.0
SPIKE	S101:G>A	14	84447	1.6578446E-4	27.870962	38.785713	TRUE	G	3.681957E-4	1731.0	0.0014459154	0.93794304	1771.4437	0.017988473	0.029434845	174.0	0.0
SPIKE	S102:T>C	5	84447	5.9208734E-5	10.658173	39.2	TRUE	T	2.3170593E-4	956.0	0.0017420544	0.9604851	1837.6595	0.020503156	0.039872028	174.0	0.0
SPIKE	S102:T>A	2	84447	2.3683493E-5	-1.0	39.5	TRUE	T	4.001946E-5	178.0	0.0015980526	0.9930608	949.42365	0.019016474	0.015902445	174.0	0.0
SPIKE	S102:T>G	0	84447	0.0	-1.0	0.0	TRUE	T	8.897051E-6	40.0	5.051301E-4	0.99845314	1736.7533	0.018792724	0.048877925	174.0	0.0
SPIKE	S103:G>A	13	84447	1.539427E-4	31.537222	39.23077	TRUE	G	1.6038104E-4	754.0	0.0014459154	0.97247946	1771.4437	0.017988473	0.029434845	174.0	0.0
SPIKE	D103-104:G>	3	84447	3.552524E-5	-1.0	39.69987	TRUE		NaN	NaN	NaN	NaN	NaN	NaN	NaN	NaN	NaN
SPIKE	S103:G>C	0	84447	0.0	-1.0	0.0	TRUE	G	7.4996606E-5	357.0	8.8483916E-4	0.9870354	2405.8882	0.017755874	0.03232119	174.0	0.0
SPIKE	S103:G>T	0	84447	0.0	-1.0	0.0	TRUE	G	3.186109E-6	15.0	0.0010129677	0.9994458	946.3933	0.017955346	0.03552254	174.0	0.0
SPIKE	S104:G>T	2	84447	2.3683493E-5	-1.0	37.5	TRUE	G	1.9116655E-5	90.0	0.0010129677	0.99667925	946.3933	0.017955346	0.03552254	174.0	0.0
SPIKE	S104:G>A	10	84447	1.1841747E-4	31.352386	38.8	TRUE	G	7.295848E-5	343.0	0.0014459154	0.98738545	1771.4437	0.017988473	0.029434845	174.0	0.0
SPIKE	S104:G>C	0	84447	0.0	-1.0	0.0	TRUE	G	9.096227E-5	433.0	8.8483916E-4	0.98429716	2405.8882	0.017755874	0.03232119	174.0	0.0
SPIKE	S105:C>T	11	84447	1.3025921E-4	20.53052	33.81818	TRUE	C	3.1859239E-4	1385.0	0.0013288363	0.9460735	1771.4437	0.019451242	0.024277525	174.0	0.0
SPIKE	S105:C>A	15	84447	1.776262E-4	-1.0	38.6	TRUE	C	2.0567919E-5	89.0	0.0016719528	0.9964276	946.3933	0.019548403	0.028211942	174.0	0.0
SPIKE	S105:C>G	9	84447	1.06575724E-4	28.342087	38.88889	TRUE	C	1.0569812E-4	497.0	9.4798993E-4	0.9817766	2405.8882	0.017976578	0.02580799	174.0	0.0
SPIKE	D105-106:C>	6	84447	7.105048E-5	-1.0	39.552002	TRUE		NaN	NaN	NaN	NaN	NaN	NaN	NaN	NaN	NaN
SPIKE	D105-107:CG>	2	84447	2.3683493E-5	-1.0	39.552002	TRUE		NaN	NaN	NaN	NaN	NaN	NaN	NaN	NaN	NaN
SPIKE	S106:G>C	1	84447	1.18417465E-5	4.2596874	38.0	TRUE	G	8.381974E-5	399.0	8.8483916E-4	0.9855212	2405.8882	0.017755874	0.03232119	174.0	0.0
SPIKE	S106:G>T	2	84447	2.3683493E-5	-1.0	39.5	TRUE	G	1.5293324E-5	72.0	0.0010129677	0.9973425	946.3933	0.017955346	0.03552254	174.0	0.0
SPIKE	S106:G>A	18	84447	2.1315145E-4	38.07082	38.944443	TRUE	G	3.6734488E-4	1727.0	0.0014459154	0.9380819	1771.4437	0.017988473	0.029434845	174.0	0.0
SPIKE	S107:G>T	1	84447	1.18417465E-5	-1.0	40.0	TRUE	G	2.272758E-5	107.0	0.0010129677	0.9960532	946.3933	0.017955346	0.03552254	174.0	0.0
SPIKE	S107:G>A	8	84447	9.473397E-5	25.331787	39.125	TRUE	G	7.9552396E-5	374.0	0.0014459154	0.98625326	1771.4437	0.017988473	0.029434845	174.0	0.0
SPIKE	S107:G>C	0	84447	0.0	-1.0	0.0	TRUE	G	2.2562004E-4	1074.0	8.8483916E-4	0.96150273	2405.8882	0.017755874	0.03232119	174.0	0.0
SPIKE	S108:C>T	8	84447	9.473397E-5	18.199682	39.375	TRUE	C	2.0058668E-4	872.0	0.0013288363	0.9657	1771.4437	0.019451242	0.024277525	174.0	0.0
SPIKE	S108:C>A	17	84447	2.013097E-4	-1.0	39.35294	TRUE	C	2.7500924E-5	119.0	0.0016719528	0.99522626	946.3933	0.019548403	0.028211942	174.0	0.0
SPIKE	S108:C>G	13	84447	1.539427E-4	40.383286	39.23077	TRUE	C	1.38875E-4	653.0	9.4798993E-4	0.97612536	2405.8882	0.017976578	0.02580799	174.0	0.0
SPIKE	D108-109:C>	1	84447	1.18417465E-5	-1.0	39.64663	TRUE		NaN	NaN	NaN	NaN	NaN	NaN	NaN	NaN	NaN
SPIKE	S109:A>T	1	84447	1.18417465E-5	-1.0	40.0	TRUE	A	2.4109655E-5	108.0	0.0015486409	0.9958137	949.42365	0.01888098	0.029224468	174.0	0.0
SPIKE	S109:A>G	10	84447	1.1841747E-4	14.269594	39.5	TRUE	A	4.6187447E-4	2136.0	0.0011979605	0.9227784	1837.6595	0.01828216	0.033613276	174.0	0.0
SPIKE	D109-112:AGC>	1	84447	1.18417465E-5	-1.0	39.62476	TRUE		NaN	NaN	NaN	NaN	NaN	NaN	NaN	NaN	NaN
SPIKE	S109:A>C	0	84447	0.0	-1.0	0.0	TRUE	A	7.712579E-6	33.0	0.0010574555	0.9986589	1736.7533	0.01975738	0.110260375	174.0	0.0
SPIKE	S110:G>C	2	84447	2.3683493E-5	7.269987	40.0	TRUE	G	1.4369098E-4	684.0	8.8483916E-4	0.97530776	2405.8882	0.017755874	0.03232119	174.0	0.0
SPIKE	S110:G>T	1	84447	1.18417465E-5	-1.0	40.0	TRUE	G	1.0620364E-5	50.0	0.0010129677	0.99815375	946.3933	0.017955346	0.03552254	174.0	0.0
SPIKE	S110:G>A	2	84447	2.3683493E-5	7.269987	39.5	TRUE	G	1.0890595E-4	512.0	0.0014459154	0.98122877	1771.4437	0.017988473	0.029434845	174.0	0.0
SPIKE	S111:C>T	8	84447	9.473397E-5	13.595069	39.0	TRUE	C	2.698259E-4	1173.0	0.0013288363	0.95413536	1771.4437	0.019451242	0.024277525	174.0	0.0
SPIKE	S111:C>A	13	84447	1.539427E-4	-1.0	39.0	TRUE	C	1.2248311E-5	53.0	0.0016719528	0.99787104	946.3933	0.019548403	0.028211942	174.0	0.0
SPIKE	S111:C>G	4	84447	4.7366986E-5	13.290587	39.0	TRUE	C	6.4227024E-5	302.0	9.4798993E-4	0.9888867	2405.8882	0.017976578	0.02580799	174.0	0.0
SPIKE	S112:G>T	2	84444	2.3684335E-5	-1.0	38.5	TRUE	G	2.506495E-5	118.0	0.0010129677	0.9956482	946.35974	0.017955346	0.03552254	174.0	0.0
SPIKE	S112:G>A	19	84444	2.2500119E-4	40.675655	38.789474	TRUE	G	3.418322E-4	1607.0	0.0014459154	0.9422555	1771.3807	0.017988473	0.029434845	174.0	0.0
SPIKE	S112:G>C	0	84444	0.0	-1.0	0.0	TRUE	G	1.785697E-4	850.0	8.8483916E-4	0.9694066	2405.8027	0.017755874	0.03232119	174.0	0.0
SPIKE	S113:T>C	4	84444	4.736867E-5	3.6487768	39.25	TRUE	T	3.9992508E-4	1650.0	0.0017420544	0.932779	1837.5944	0.020503156	0.039872028	174.0	0.0
SPIKE	S113:T>G	1	84444	1.1842168E-5	-1.0	40.0	TRUE	T	4.1150324E-5	185.0	5.051301E-4	0.99286544	1736.6917	0.018792724	0.048877925	174.0	0.0
SPIKE	S113:T>A	6	84444	7.105301E-5	-1.0	39.166668	TRUE	T	4.496728E-5	200.0	0.0015980526	0.9922062	949.3899	0.019016474	0.015902445	174.0	0.0
SPIKE	S114:G>T	2	84444	2.3684335E-5	-1.0	39.5	TRUE	G	1.3806964E-5	65.0	0.0010129677	0.9976005	946.35974	0.017955346	0.03552254	174.0	0.0
SPIKE	S114:G>C	1	84444	1.1842168E-5	4.2596874	39.0	TRUE	G	1.5356993E-4	731.0	8.8483916E-4	0.9736327	2405.8027	0.017755874	0.03232119	174.0	0.0
SPIKE	S114:G>A	12	84444	1.4210602E-4	28.819815	39.0	TRUE	G	2.3270966E-4	1094.0	0.0014459154	0.9603174	1771.3807	0.017988473	0.029434845	174.0	0.0
SPIKE	D114-115:G>	1	84444	1.1842168E-5	-1.0	39.593376	TRUE		NaN	NaN	NaN	NaN	NaN	NaN	NaN	NaN	NaN
SPIKE	S115:A>G	8	84444	9.473734E-5	18.199682	39.375	TRUE	A	1.7256037E-4	798.0	0.0011979605	0.9704208	1837.5944	0.01828216	0.033613276	174.0	0.0
SPIKE	S115:A>C	0	84444	0.0	-1.0	0.0	TRUE	A	4.6978283E-5	201.0	0.0010574555	0.9918591	1736.6917	0.01975738	0.110260375	174.0	0.0
SPIKE	S115:A>T	0	84444	0.0	-1.0	0.0	TRUE	A	5.9383296E-5	266.0	0.0015486409	0.9897205	949.3899	0.01888098	0.029224468	174.0	0.0
SPIKE	S116:C>T	6	84444	7.105301E-5	19.311188	38.833332	TRUE	C	1.3388257E-4	582.0	0.0013288363	0.97697365	1771.3807	0.019451242	0.024277525	174.0	0.0
SPIKE	S116:C>G	21	84444	2.486855E-4	45.93784	39.095238	TRUE	C	3.2072118E-4	1508.0	9.4798993E-4	0.94572306	2405.8027	0.017976578	0.02580799	174.0	0.0
SPIKE	S116:C>A	2	84444	2.3684335E-5	-1.0	39.0	TRUE	C	6.0088187E-6	26.0	0.0016719528	0.998955	946.35974	0.019548403	0.028211942	174.0	0.0
SPIKE	D116-117:C>	1	84444	1.1842168E-5	-1.0	39.60139	TRUE		NaN	NaN	NaN	NaN	NaN	NaN	NaN	NaN	NaN
SPIKE	S117:C>T	5	84444	5.9210837E-5	10.658173	39.6	TRUE	C	1.6286745E-4	708.0	0.0013288363	0.97205883	1771.3807	0.019451242	0.024277525	174.0	0.0
SPIKE	S117:C>G	2	84444	2.3684335E-5	-1.0	39.0	TRUE	C	4.3386684E-5	204.0	9.4798993E-4	0.99247915	2405.8027	0.017976578	0.02580799	174.0	0.0
SPIKE	S117:C>A	31	84444	3.671072E-4	-1.0	38.64516	TRUE	C	5.0150527E-5	217.0	0.0016719528	0.9913118	946.35974	0.019548403	0.028211942	174.0	0.0
SPIKE	S118:T>C	3	84444	3.5526504E-5	6.0206	39.333332	TRUE	T	2.186257E-4	902.0	0.0017420544	0.9626736	1837.5944	0.020503156	0.039872028	174.0	0.0
SPIKE	S118:T>A	5	84444	5.9210837E-5	16.300888	39.0	TRUE	T	1.1556591E-4	514.0	0.0015980526	0.98009235	949.3899	0.019016474	0.015902445	174.0	0.0
SPIKE	S118:T>G	0	84444	0.0	-1.0	0.0	TRUE	T	1.0231973E-5	46.0	5.051301E-4	0.9982212	1736.6917	0.018792724	0.048877925	174.0	0.0
SPIKE	S119:A>T	6	84444	7.105301E-5	19.311188	38.666668	TRUE	A	1.4912797E-4	668.0	0.0015486409	0.9743855	949.3899	0.01888098	0.029224468	174.0	0.0
SPIKE	S119:A>C	1	84444	1.1842168E-5	-1.0	40.0	TRUE	A	7.946575E-6	34.0	0.0010574555	0.99861825	1736.6917	0.01975738	0.110260375	174.0	0.0
SPIKE	S119:A>G	11	84444	1.3026384E-4	26.1236	39.090908	TRUE	A	2.2402573E-4	1036.0	0.0011979605	0.96176946	1837.5944	0.01828216	0.033613276	174.0	0.0
SPIKE	S120:T>C	7	84444	8.2895174E-5	8.459471	39.0	TRUE	T	3.9022992E-4	1610.0	0.0017420544	0.9343539	1837.5944	0.020503156	0.039872028	174.0	0.0
SPIKE	S120:T>A	2	84444	2.3684335E-5	-1.0	39.0	TRUE	T	3.709801E-5	165.0	0.0015980526	0.99356574	949.3899	0.019016474	0.015902445	174.0	0.0
SPIKE	S120:T>G	0	84444	0.0	-1.0	0.0	TRUE	T	6.9399466E-5	312.0	5.051301E-4	0.9879971	1736.6917	0.018792724	0.048877925	174.0	0.0
SPIKE	S121:G>A	7	84444	8.2895174E-5	15.631419	38.857143	TRUE	G	2.5249211E-4	1187.0	0.0014459154	0.9570175	1771.3807	0.017988473	0.029434845	174.0	0.0
SPIKE	S121:G>C	0	84444	0.0	-1.0	0.0	TRUE	G	1.7520838E-4	834.0	8.8483916E-4	0.96997374	2405.8027	0.017755874	0.03232119	174.0	0.0
SPIKE	S121:G>T	0	84444	0.0	-1.0	0.0	TRUE	G	6.117547E-5	288.0	0.0010129677	0.98941195	946.35974	0.017955346	0.03552254	174.0	0.0
SPIKE	S122:T>C	5	84444	5.9210837E-5	5.1061287	39.4	TRUE	T	3.928961E-4	1621.0	0.0017420544	0.93392056	1837.5944	0.020503156	0.039872028	174.0	0.0
SPIKE	S122:T>A	6	84444	7.105301E-5	19.311188	39.333332	TRUE	T	7.599471E-5	338.0	0.0015980526	0.986864	949.3899	0.019016474	0.015902445	174.0	0.0
SPIKE	S122:T>G	0	84444	0.0	-1.0	0.0	TRUE	T	7.696223E-5	346.0	5.051301E-4	0.98669785	1736.6917	0.018792724	0.048877925	174.0	0.0
SPIKE	S123:G>T	1	84444	1.1842168E-5	4.2596874	39.0	TRUE	G	5.756442E-5	271.0	0.0010129677	0.9900338	946.35974	0.017955346	0.03552254	174.0	0.0
SPIKE	S123:G>A	9	84444	1.0657951E-4	20.808811	39.22222	TRUE	G	2.1675607E-4	1019.0	0.0014459154	0.9629868	1771.3807	0.017988473	0.029434845	174.0	0.0
SPIKE	S123:G>C	0	84444	0.0	-1.0	0.0	TRUE	G	4.9369268E-5	235.0	8.8483916E-4	0.99144655	2405.8027	0.017755874	0.03232119	174.0	0.0
SPIKE	S124:T>C	6	84444	7.105301E-5	3.5300503	39.166668	TRUE	T	6.09098E-4	2513.0	0.0017420544	0.8994399	1837.5944	0.020503156	0.039872028	174.0	0.0
SPIKE	S124:T>G	1	84444	1.1842168E-5	4.2596874	39.0	TRUE	T	1.0565624E-4	475.0	5.051301E-4	0.98178375	1736.6917	0.018792724	0.048877925	174.0	0.0
SPIKE	S124:T>A	11	84444	1.3026384E-4	34.362686	38.18182	TRUE	T	6.857511E-5	305.0	0.0015980526	0.98813885	949.3899	0.019016474	0.015902445	174.0	0.0
SPIKE	S125:G>A	14	84444	1.6579035E-4	43.393585	38.642857	TRUE	G	1.3018127E-4	612.0	0.0014459154	0.9776031	1771.3807	0.017988473	0.029434845	174.0	0.0
SPIKE	S125:G>C	0	84444	0.0	-1.0	0.0	TRUE	G	1.5230944E-4	725.0	8.8483916E-4	0.97384626	2405.8027	0.017755874	0.03232119	174.0	0.0
SPIKE	S125:G>T	0	84444	0.0	-1.0	0.0	TRUE	G	5.7352004E-6	27.0	0.0010129677	0.9990026	946.35974	0.017955346	0.03552254	174.0	0.0
SPIKE	S126:C>T	7	84444	8.2895174E-5	15.631419	34.142857	TRUE	C	2.4844188E-4	1080.0	0.0013288363	0.95769215	1771.3807	0.019451242	0.024277525	174.0	0.0
SPIKE	S126:C>G	11	84444	1.3026384E-4	16.357807	38.909092	TRUE	C	4.6257864E-4	2175.0	9.4798993E-4	0.92266536	2405.8027	0.017976578	0.02580799	174.0	0.0
SPIKE	S126:C>A	7	84444	8.2895174E-5	-1.0	38.857143	TRUE	C	1.3404288E-5	58.0	0.0016719528	0.99767035	946.35974	0.019548403	0.028211942	174.0	0.0
SPIKE	D126-127:C>	7	84444	8.2895174E-5	-1.0	39.506714	TRUE		NaN	NaN	NaN	NaN	NaN	NaN	NaN	NaN	NaN
SPIKE	D126-128:CG>	2	84444	2.3684335E-5	-1.0	39.506714	TRUE		NaN	NaN	NaN	NaN	NaN	NaN	NaN	NaN	NaN
SPIKE	S127:G>T	2	84444	2.3684335E-5	-1.0	39.0	TRUE	G	6.16003E-6	29.0	0.0010129677	0.9989287	946.35974	0.017955346	0.03552254	174.0	0.0
SPIKE	S127:G>C	1	84444	1.1842168E-5	4.2596874	39.0	TRUE	G	9.642763E-5	459.0	8.8483916E-4	0.98336154	2405.8027	0.017755874	0.03232119	174.0	0.0
SPIKE	S127:G>A	19	84444	2.2500119E-4	48.1648	39.210526	TRUE	G	2.582354E-4	1214.0	0.0014459154	0.9560616	1771.3807	0.017988473	0.029434845	174.0	0.0
SPIKE	D127-128:G>	1	84444	1.1842168E-5	-1.0	39.60066	TRUE		NaN	NaN	NaN	NaN	NaN	NaN	NaN	NaN	NaN
SPIKE	S128:G>A	9	84444	1.0657951E-4	28.342087	39.333332	TRUE	G	8.0618796E-5	379.0	0.0014459154	0.9860703	1771.3807	0.017988473	0.029434845	174.0	0.0
SPIKE	S128:G>T	3	84444	3.5526504E-5	-1.0	39.666668	TRUE	G	1.805526E-5	85.0	0.0010129677	0.9968633	946.35974	0.017955346	0.03552254	174.0	0.0
SPIKE	D128-129:G>	2	84444	2.3684335E-5	-1.0	39.55946	TRUE		NaN	NaN	NaN	NaN	NaN	NaN	NaN	NaN	NaN
SPIKE	S128:G>C	0	84444	0.0	-1.0	0.0	TRUE	G	3.873912E-4	1844.0	8.8483916E-4	0.9348155	2405.8027	0.017755874	0.03232119	174.0	0.0
SPIKE	S129:C>A	9	84444	1.0657951E-4	-1.0	39.11111	TRUE	C	1.31731795E-5	57.0	0.0016719528	0.99771047	946.35974	0.019548403	0.028211942	174.0	0.0
SPIKE	S129:C>G	8	84444	9.473734E-5	5.998918	38.5	TRUE	C	6.503749E-4	3058.0	9.4798993E-4	0.8930031	2405.8027	0.017976578	0.02580799	174.0	0.0
SPIKE	S129:C>T	8	84444	9.473734E-5	13.595069	34.125	TRUE	C	3.0572154E-4	1329.0	0.0013288363	0.94819456	1771.3807	0.019451242	0.024277525	174.0	0.0
SPIKE	D129-130:C>	6	84444	7.105301E-5	-1.0	39.43153	TRUE		NaN	NaN	NaN	NaN	NaN	NaN	NaN	NaN	NaN
SPIKE	D129-131:CG>	1	84444	1.1842168E-5	-1.0	39.43153	TRUE		NaN	NaN	NaN	NaN	NaN	NaN	NaN	NaN	NaN
SPIKE	S130:G>A	11	84444	1.3026384E-4	13.113978	38.727272	TRUE	G	4.8413817E-4	2276.0	0.0014459154	0.91921055	1771.3807	0.017988473	0.029434845	174.0	0.0
SPIKE	D130-133:GGC>	6	84444	7.105301E-5	-1.0	39.594868	TRUE		NaN	NaN	NaN	NaN	NaN	NaN	NaN	NaN	NaN
SPIKE	S130:G>C	0	84444	0.0	-1.0	0.0	TRUE	G	9.306632E-5	443.0	8.8483916E-4	0.98393685	2405.8027	0.017755874	0.03232119	174.0	0.0
SPIKE	S130:G>T	0	84444	0.0	-1.0	0.0	TRUE	G	8.071764E-6	38.0	0.0010129677	0.9985965	946.35974	0.017955346	0.03552254	174.0	0.0
SPIKE	S131:G>A	3	84444	3.5526504E-5	10.280287	39.0	TRUE	G	1.2209812E-4	574.0	0.0014459154	0.978979	1771.3807	0.017988473	0.029434845	174.0	0.0
SPIKE	S131:G>C	1	84444	1.1842168E-5	0.05119444	40.0	TRUE	G	8.312944E-4	3957.0	8.8483916E-4	0.8653292	2405.8027	0.017755874	0.03232119	174.0	0.0
SPIKE	S131:G>T	0	84444	0.0	-1.0	0.0	TRUE	G	2.421529E-5	114.0	0.0010129677	0.9957954	946.35974	0.017955346	0.03552254	174.0	0.0
SPIKE	S132:C>A	16	84444	1.8947468E-4	27.568455	38.875	TRUE	C	4.1899955E-4	1813.0	0.0016719528	0.9296883	946.35974	0.019548403	0.028211942	174.0	0.0
SPIKE	S132:C>G	11	84444	1.3026384E-4	26.1236	38.81818	TRUE	C	1.7461015E-4	821.0	9.4798993E-4	0.9700747	2405.8027	0.017976578	0.02580799	174.0	0.0
SPIKE	S132:C>T	4	84444	4.736867E-5	8.284564	39.0	TRUE	C	1.8472114E-4	803.0	0.0013288363	0.96836954	1771.3807	0.019451242	0.024277525	174.0	0.0
SPIKE	S133:A>G	0	84443	0.0	-1.0	0.0	TRUE	A	6.697065E-4	3097.0	0.0011979605	0.89000434	1837.5725	0.01828216	0.033613276	174.0	0.0
SPIKE	S133:A>C	0	84443	0.0	-1.0	0.0	TRUE	A	1.08916116E-4	466.0	0.0010574555	0.98122704	1736.671	0.01975738	0.110260375	174.0	0.0
SPIKE	S133:A>T	0	84443	0.0	-1.0	0.0	TRUE	A	2.11947E-4	8.0	0.0015486409	0.963793	949.37866	0.01888098	0.029224468	174.0	1.0
SPIKE	S134:G>A	0	84443	0.0	-1.0	0.0	TRUE	G	4.3798433E-4	2059.0	0.0014459154	0.9266223	1771.3597	0.017988473	0.029434845	174.0	0.0
SPIKE	S134:G>C	0	84443	0.0	-1.0	0.0	TRUE	G	6.123962E-4	2915.0	8.8483916E-4	0.8989239	2405.7742	0.017755874	0.03232119	174.0	0.0
SPIKE	S134:G>T	0	84443	0.0	-1.0	0.0	TRUE	G	5.9476853E-5	280.0	0.0010129677	0.9897044	946.3485	0.017955346	0.03552254	174.0	0.0
SPIKE	S135:C>A	0	84443	0.0	-1.0	0.0	TRUE	C	5.1306677E-5	222.0	0.0016719528	0.99111235	946.3485	0.019548403	0.028211942	174.0	0.0
SPIKE	S135:C>G	0	84443	0.0	-1.0	0.0	TRUE	C	8.890122E-5	418.0	9.4798993E-4	0.9846502	2405.7742	0.017976578	0.02580799	174.0	0.0
SPIKE	S135:C>T	0	84443	0.0	-1.0	0.0	TRUE	C	1.6309942E-4	709.0	0.0013288363	0.9720196	1771.3597	0.019451242	0.024277525	174.0	0.0
SPIKE	S136:C>A	0	84443	0.0	-1.0	0.0	TRUE	C	9.9840014E-5	432.0	0.0016719528	0.98277783	946.3485	0.019548403	0.028211942	174.0	0.0
SPIKE	S136:C>G	0	84443	0.0	-1.0	0.0	TRUE	C	4.551402E-5	214.0	9.4798993E-4	0.99211186	2405.7742	0.017976578	0.02580799	174.0	0.0
SPIKE	S136:C>T	0	84443	0.0	-1.0	0.0	TRUE	C	0.001374268	5974.0	0.0013288363	0.78731835	1771.3597	0.019451242	0.024277525	174.0	0.0
SPIKE	S137:T>A	0	84443	0.0	-1.0	0.0	TRUE	T	1.6300833E-4	725.0	0.0015980526	0.972035	949.37866	0.019016474	0.015902445	174.0	0.0
SPIKE	S137:T>G	0	84443	0.0	-1.0	0.0	TRUE	T	0.0010581319	4757.0	5.051301E-4	0.83184016	1736.671	0.018792724	0.048877925	174.0	0.0
SPIKE	S137:T>C	0	84443	0.0	-1.0	0.0	TRUE	T	9.549839E-5	394.0	0.0017420544	0.98352057	1837.5725	0.020503156	0.039872028	174.0	0.0
SPIKE	S138:G>A	0	84443	0.0	-1.0	0.0	TRUE	G	0.0018527652	8710.0	0.0014459154	0.72442204	1771.3597	0.017988473	0.029434845	174.0	0.0
SPIKE	S138:G>C	0	84443	0.0	-1.0	0.0	TRUE	G	7.352957E-6	35.0	8.8483916E-4	0.9987214	2405.7742	0.017755874	0.03232119	174.0	0.0
SPIKE	S138:G>T	0	84443	0.0	-1.0	0.0	TRUE	G	2.0243373E-4	953.0	0.0010129677	0.96538967	946.3485	0.017955346	0.03552254	174.0	0.0
SPIKE	S139:A>G	0	84443	0.0	-1.0	0.0	TRUE	A	1.0898678E-4	504.0	0.0011979605	0.981215	1837.5725	0.01828216	0.033613276	174.0	0.0
SPIKE	S139:A>C	0	84443	0.0	-1.0	0.0	TRUE	A	3.272158E-6	14.0	0.0010574555	0.99943084	1736.671	0.01975738	0.110260375	174.0	0.0
SPIKE	S139:A>T	0	84443	0.0	-1.0	0.0	TRUE	A	0.0018545222	8307.0	0.0015486409	0.7242006	949.37866	0.01888098	0.029224468	174.0	0.0
SPIKE	S140:T>A	0	84443	0.0	-1.0	0.0	TRUE	T	2.0213032E-4	899.0	0.0015980526	0.96544063	949.37866	0.019016474	0.015902445	174.0	0.0
SPIKE	S140:T>G	0	84443	0.0	-1.0	0.0	TRUE	T	9.764976E-5	439.0	5.051301E-4	0.98315245	1736.671	0.018792724	0.048877925	174.0	0.0
SPIKE	S140:T>C	0	84443	0.0	-1.0	0.0	TRUE	T	4.0720126E-5	168.0	0.0017420544	0.9929397	1837.5725	0.020503156	0.039872028	174.0	0.0
SPIKE	S141:T>A	0	84443	0.0	-1.0	0.0	TRUE	T	0.0034119328	15175.0	0.0015980526	0.5522931	949.37866	0.019016474	0.015902445	174.0	0.0
SPIKE	S141:T>G	0	84443	0.0	-1.0	0.0	TRUE	T	1.105511E-4	497.0	5.051301E-4	0.9809479	1736.671	0.018792724	0.048877925	174.0	0.0
SPIKE	S141:T>C	0	84443	0.0	-1.0	0.0	TRUE	T	2.993414E-4	1235.0	0.0017420544	0.9492478	1837.5725	0.020503156	0.039872028	174.0	0.0
SPIKE	S142:A>G	0	84443	0.0	-1.0	0.0	TRUE	A	0.0032616025	15083.0	0.0011979605	0.56693035	1837.5725	0.01828216	0.033613276	174.0	0.0
SPIKE	S142:A>C	0	84443	0.0	-1.0	0.0	TRUE	A	2.944942E-4	1260.0	0.0010574555	0.95004874	1736.671	0.01975738	0.110260375	174.0	0.0
SPIKE	S142:A>T	0	84443	0.0	-1.0	0.0	TRUE	A	1.1251705E-4	504.0	0.0015486409	0.98061246	949.37866	0.01888098	0.029224468	174.0	0.0
SPIKE	S143:G>A	0	84443	0.0	-1.0	0.0	TRUE	G	2.8461535E-4	1338.0	0.0014459154	0.9516832	1771.3597	0.017988473	0.029434845	174.0	0.0
SPIKE	S143:G>C	0	84443	0.0	-1.0	0.0	TRUE	G	0.0041369833	19692.0	8.8483916E-4	0.48683253	2405.7742	0.017755874	0.03232119	174.0	0.0
SPIKE	S143:G>T	0	84443	0.0	-1.0	0.0	TRUE	G	1.3807127E-5	65.0	0.0010129677	0.99760044	946.3485	0.017955346	0.03552254	174.0	0.0
SPIKE	S144:C>A	0	84443	0.0	-1.0	0.0	TRUE	C	1.36355575E-5	59.0	0.0016719528	0.99763024	946.3485	0.019548403	0.028211942	174.0	0.0
SPIKE	S144:C>G	0	84443	0.0	-1.0	0.0	TRUE	C	4.987401E-4	2345.0	9.4798993E-4	0.91687804	2405.7742	0.017976578	0.02580799	174.0	0.0
SPIKE	S144:C>T	0	84443	0.0	-1.0	0.0	TRUE	C	8.603552E-5	374.0	0.0013288363	0.98514134	1771.3597	0.019451242	0.024277525	174.0	0.0
SPIKE	S145:C>A	0	84443	0.0	-1.0	0.0	TRUE	C	3.0506671E-5	132.0	0.0016719528	0.9947059	946.3485	0.019548403	0.028211942	174.0	0.0
SPIKE	S145:C>G	0	84443	0.0	-1.0	0.0	TRUE	C	2.8839728E-4	1356.0	9.4798993E-4	0.95105714	2405.7742	0.017976578	0.02580799	174.0	0.0
SPIKE	S145:C>T	0	84443	0.0	-1.0	0.0	TRUE	C	3.181474E-4	1383.0	0.0013288363	0.9461467	1771.3597	0.019451242	0.024277525	174.0	0.0
SPIKE	S146:C>A	0	84443	0.0	-1.0	0.0	TRUE	C	1.5484447E-5	67.0	0.0016719528	0.9973093	946.3485	0.019548403	0.028211942	174.0	0.0
SPIKE	S146:C>G	0	84443	0.0	-1.0	0.0	TRUE	C	0.004585644	21561.0	9.4798993E-4	0.45027262	2405.7742	0.017976578	0.02580799	174.0	0.0
SPIKE	S146:C>T	0	84443	0.0	-1.0	0.0	TRUE	C	5.072415E-4	2205.0	0.0013288363	0.9155228	1771.3597	0.019451242	0.024277525	174.0	0.0
SPIKE	S147:G>A	0	84443	0.0	-1.0	0.0	TRUE	G	6.1071053E-4	2871.0	0.0014459154	0.89918756	1771.3597	0.017988473	0.029434845	174.0	0.0
SPIKE	S147:G>C	0	84443	0.0	-1.0	0.0	TRUE	G	7.4222847E-4	3533.0	8.8483916E-4	0.8788441	2405.7742	0.017755874	0.03232119	174.0	0.0
SPIKE	S147:G>T	0	84443	0.0	-1.0	0.0	TRUE	G	0.0043556173	20505.0	0.0010129677	0.46866012	946.3485	0.017955346	0.03552254	174.0	0.0
SPIKE	S148:T>A	0	84443	0.0	-1.0	0.0	TRUE	T	4.5642333E-5	203.0	0.0015980526	0.9920897	949.37866	0.019016474	0.015902445	174.0	0.0
SPIKE	S148:T>G	0	84443	0.0	-1.0	0.0	TRUE	T	0.005867216	26377.0	5.051301E-4	0.36027214	1736.671	0.018792724	0.048877925	174.0	0.0
SPIKE	S148:T>C	0	84443	0.0	-1.0	0.0	TRUE	T	4.985792E-4	2057.0	0.0017420544	0.91690373	1837.5725	0.020503156	0.039872028	174.0	0.0
SPIKE	S149:G>A	0	84443	0.0	-1.0	0.0	TRUE	G	3.5651372E-4	1676.0	0.0014459154	0.9398515	1771.3597	0.017988473	0.029434845	174.0	0.0
SPIKE	S149:G>C	0	84443	0.0	-1.0	0.0	TRUE	G	0.004541186	21616.0	8.8483916E-4	0.4537693	2405.7742	0.017755874	0.03232119	174.0	0.0
SPIKE	S149:G>T	0	84443	0.0	-1.0	0.0	TRUE	G	8.398982E-4	3954.0	0.0010129677	0.8640348	946.3485	0.017955346	0.03552254	174.0	0.0
SPIKE	S150:C>A	0	84442	0.0	-1.0	0.0	TRUE	C	8.782327E-6	38.0	0.0016719528	0.99847305	946.3373	0.019548403	0.028211942	174.0	0.0
SPIKE	S150:C>G	0	84442	0.0	-1.0	0.0	TRUE	C	0.001909272	8977.0	9.4798993E-4	0.7173343	2405.7458	0.017976578	0.02580799	174.0	0.0
SPIKE	S150:C>T	0	84442	0.0	-1.0	0.0	TRUE	C	0.005414781	23538.0	0.0013288363	0.38978034	1771.3389	0.019451242	0.024277525	174.0	0.0
SPIKE	S151:T>A	0	84429	0.0	-1.0	0.0	TRUE	T	7.645796E-6	34.0	0.0015980526	0.9986705	949.22125	0.019016474	0.015902445	174.0	0.0
SPIKE	S151:T>G	0	84429	0.0	-1.0	0.0	TRUE	T	0.006096892	27405.0	5.051301E-4	0.34615827	1736.3832	0.018792724	0.048877925	174.0	0.0
SPIKE	S151:T>C	0	84429	0.0	-1.0	0.0	TRUE	T	8.2787074E-4	3415.0	0.0017420544	0.8658449	1837.268	0.020503156	0.039872028	174.0	0.0
SPIKE	S152:G>A	0	84400	0.0	-1.0	0.0	TRUE	G	4.5416938E-4	2134.0	0.0014459154	0.9240164	1770.4578	0.017988473	0.029434845	174.0	0.0
SPIKE	S152:G>C	0	84400	0.0	-1.0	0.0	TRUE	G	2.669432E-5	127.0	8.8483916E-4	0.995366	2404.5493	0.017755874	0.03232119	174.0	0.0
SPIKE	S152:G>T	0	84400	0.0	-1.0	0.0	TRUE	G	5.262133E-4	2476.0	0.0010129677	0.91250557	945.86664	0.017955346	0.03552254	174.0	0.0
SPIKE	S153:G>A	0	84055	0.0	-1.0	0.0	TRUE	G	4.5923897E-4	2149.0	0.0014459154	0.9232017	1763.2207	0.017988473	0.029434845	174.0	0.0
SPIKE	S153:G>C	0	84055	0.0	-1.0	0.0	TRUE	G	0.001186969	5624.0	8.8483916E-4	0.81339973	2394.7202	0.017755874	0.03232119	174.0	0.0
SPIKE	S153:G>T	0	84055	0.0	-1.0	0.0	TRUE	G	9.389506E-6	44.0	0.0010129677	0.99836755	942.00024	0.017955346	0.03552254	174.0	0.0
