#pipeline_block
reference	mutation	count	coverage	freq	score	cqs	has.reference	ancestral.allele	error.rate	minor.count.local	minor.fdr	minor.recall	minor.count.global	read.fraction.in.minors	q.filtered.read.fraction	mig.size	global.est
SPIKE	S0:T>A	0	56577	0.0	-1.0	0.0	TRUE	T	6.6022016E-4	180.0	5.282005E-4	0.9287231	91.43539	0.20762786	0.13190661	112.0	0.0
SPIKE	S0:T>G	0	56577	0.0	-1.0	0.0	TRUE	T	1.7082068E-4	47.0	4.6399867E-4	0.98104995	123.75556	0.20572357	0.12743737	112.0	0.0
SPIKE	S0:T>C	0	56577	0.0	-1.0	0.0	TRUE	T	5.701509E-4	174.0	7.7152316E-4	0.93813926	201.68738	0.18553065	0.13957168	112.0	0.0
SPIKE	S1:A>G	0	56691	0.0	-1.0	0.0	TRUE	A	7.668217E-4	241.0	7.3963177E-4	0.91770065	202.09377	0.1805148	0.12572728	112.0	0.0
SPIKE	S1:A>C	0	56691	0.0	-1.0	0.0	TRUE	A	4.5195717E-4	5.0	9.6122426E-4	0.9506406	124.00492	0.20681885	0.13867854	112.0	1.0
SPIKE	S1:A>T	0	56691	0.0	-1.0	0.0	TRUE	A	8.9709135E-4	230.0	5.750839E-4	0.9044084	91.61962	0.22124465	0.1323826	112.0	0.0
SPIKE	S2:G>A	0	56896	0.0	-1.0	0.0	TRUE	G	9.82035E-4	308.0	6.7397655E-4	0.89584494	173.44872	0.18153098	0.12971206	112.0	0.0
SPIKE	S2:G>C	0	56896	0.0	-1.0	0.0	TRUE	G	5.306932E-4	143.0	3.6201027E-4	0.9422943	159.67853	0.21122555	0.1483621	112.0	0.0
SPIKE	S2:G>T	0	56896	0.0	-1.0	0.0	TRUE	G	3.5955705E-5	10.0	5.236207E-4	0.99598104	97.91916	0.20468076	0.13253334	112.0	0.0
SPIKE	S3:C>A	0	57049	0.0	-1.0	0.0	TRUE	C	3.1773982E-4	8.0	6.358872E-4	0.9650389	98.18247	0.18474044	0.14813414	112.0	1.0
SPIKE	S3:C>G	0	57049	0.0	-1.0	0.0	TRUE	C	0.0016864595	443.0	3.175252E-4	0.827883	160.10793	0.21724917	0.16443336	112.0	0.0
SPIKE	S3:C>T	0	57049	0.0	-1.0	0.0	TRUE	C	5.496833E-4	176.0	7.613548E-4	0.94029224	173.91513	0.17831123	0.12313763	112.0	0.0
SPIKE	S4:G>A	104	57202	0.0018181183	287.65775	40.0	TRUE	G	5.010762E-4	158.0	6.7397655E-4	0.94542515	174.38156	0.18153098	0.12971206	112.0	0.0
SPIKE	S4:G>C	53	57202	9.2654105E-4	89.303535	40.0	TRUE	G	0.0013436291	364.0	3.6201027E-4	0.8602894	160.53731	0.21122555	0.1483621	112.0	0.0
SPIKE	S4:G>T	6	57202	1.04891435E-4	9.311187	40.0	TRUE	G	4.2200767E-4	118.0	5.236207E-4	0.9538347	98.445786	0.20468076	0.13253334	112.0	0.0
SPIKE	S5:T>A	12	57233	2.0966925E-4	-1.0	40.0	TRUE	T	3.9884333E-5	11.0	5.282005E-4	0.99554294	92.49557	0.20762786	0.13190661	112.0	0.0
SPIKE	S5:T>G	4	57233	6.988975E-5	0.30566683	40.0	TRUE	T	0.0016095854	448.0	4.6399867E-4	0.83504176	125.19048	0.20572357	0.12743737	112.0	0.0
SPIKE	S5:T>C	76	57233	0.0013279052	194.85368	40.0	TRUE	T	5.4742E-4	169.0	7.7152316E-4	0.94053066	204.0259	0.18553065	0.13957168	112.0	0.0
SPIKE	I6:>G	1	57264	1.7462979E-5	-1.0	39.99038	TRUE		NaN	NaN	NaN	NaN	NaN	NaN	NaN	NaN	NaN
SPIKE	S6:G>A	39	57264	6.810562E-4	86.648964	40.0	TRUE	G	6.0507556E-4	191.0	6.7397655E-4	0.9344768	174.57057	0.18153098	0.12971206	112.0	0.0
SPIKE	S6:G>C	52	57264	9.080749E-4	157.78499	40.0	TRUE	G	1.5855356E-4	43.0	3.6201027E-4	0.98239875	160.71132	0.21122555	0.1483621	112.0	0.0
SPIKE	S6:G>T	9	57264	1.5716681E-4	5.7604303	40.0	TRUE	G	0.0011610509	325.0	5.236207E-4	0.8780623	98.55249	0.20468076	0.13253334	112.0	0.0
SPIKE	S7:A>G	38	57294	6.6324574E-4	59.072044	40.0	TRUE	A	0.0012247062	389.0	7.3963177E-4	0.87182456	204.24335	0.1805148	0.12572728	112.0	0.0
SPIKE	S7:A>C	13	57294	2.2689985E-4	25.388708	40.0	TRUE	A	4.5195717E-4	4.0	9.6122426E-4	0.9506406	125.32391	0.20681885	0.13867854	112.0	1.0
SPIKE	S7:A>T	80	57294	0.0013963068	246.84459	40.0	TRUE	A	8.876497E-5	23.0	5.750839E-4	0.9901076	92.59415	0.22124465	0.1323826	112.0	0.0
SPIKE	D7-8:A>	65	57294	0.0011344992	-1.0	39.99745	TRUE		NaN	NaN	NaN	NaN	NaN	NaN	NaN	NaN	NaN
SPIKE	I7:>A	1	57294	1.7453835E-5	-1.0	39.99745	TRUE		NaN	NaN	NaN	NaN	NaN	NaN	NaN	NaN	NaN
SPIKE	S8:A>G	44	57302	7.678615E-4	100.248764	40.0	TRUE	A	6.7994755E-4	216.0	7.3963177E-4	0.92667335	204.27187	0.1805148	0.12572728	112.0	0.0
SPIKE	S8:A>C	14	57302	2.4431958E-4	27.870962	40.0	TRUE	A	4.5195717E-4	6.0	9.6122426E-4	0.9506406	125.341415	0.20681885	0.13867854	112.0	1.0
SPIKE	S8:A>T	49	57302	8.551185E-4	-1.0	40.0	TRUE	A	6.5599736E-5	17.0	5.750839E-4	0.9926798	92.60708	0.22124465	0.1323826	112.0	0.0
SPIKE	S9:G>A	28	57305	4.8861356E-4	29.766178	40.0	TRUE	G	0.0016081596	508.0	6.7397655E-4	0.8351751	174.69556	0.18153098	0.12971206	112.0	0.0
SPIKE	S9:G>C	35	57305	6.1076693E-4	106.609886	40.0	TRUE	G	1.5475547E-4	42.0	3.6201027E-4	0.98281676	160.82639	0.21122555	0.1483621	112.0	0.0
SPIKE	S9:G>T	4	57305	6.9801936E-5	8.284564	40.0	TRUE	G	3.5207524E-4	4.0	5.236207E-4	0.9613349	98.623055	0.20468076	0.13253334	112.0	1.0
SPIKE	D9-10:G>	15	57305	2.6175726E-4	-1.0	39.9781	TRUE		NaN	NaN	NaN	NaN	NaN	NaN	NaN	NaN	NaN
SPIKE	D9-11:GA>	4	57305	6.9801936E-5	-1.0	39.9781	TRUE		NaN	NaN	NaN	NaN	NaN	NaN	NaN	NaN	NaN
SPIKE	S10:A>G	49	57305	8.5507374E-4	69.663086	40.0	TRUE	A	0.0016651548	529.0	7.3963177E-4	0.82986075	204.28256	0.1805148	0.12572728	112.0	0.0
SPIKE	S10:A>C	14	57305	2.4430678E-4	27.870962	40.0	TRUE	A	4.3628E-4	121.0	9.6122426E-4	0.9523112	125.34798	0.20681885	0.13867854	112.0	0.0
SPIKE	S10:A>T	64	57305	0.001116831	198.6798	40.0	TRUE	A	8.874793E-5	23.0	5.750839E-4	0.99010944	92.61192	0.22124465	0.1323826	112.0	0.0
SPIKE	D10-11:A>	26	57305	4.537126E-4	-1.0	39.967316	TRUE		NaN	NaN	NaN	NaN	NaN	NaN	NaN	NaN	NaN
SPIKE	D10-12:AC>	2	57305	3.4900968E-5	-1.0	39.967316	TRUE		NaN	NaN	NaN	NaN	NaN	NaN	NaN	NaN	NaN
SPIKE	S11:C>A	1	57307	1.7449875E-5	0.09432235	40.0	TRUE	C	0.0010438139	324.0	6.358872E-4	0.8896678	98.626495	0.18474044	0.14813414	112.0	0.0
SPIKE	S11:C>G	33	57307	5.758459E-4	70.57339	40.0	TRUE	C	5.760446E-4	152.0	3.175252E-4	0.9375202	160.832	0.21724917	0.16443336	112.0	0.0
SPIKE	S11:C>T	112	57307	0.001954386	311.10526	40.0	TRUE	C	5.161172E-4	166.0	7.613548E-4	0.9438338	174.70166	0.17831123	0.12313763	112.0	0.0
SPIKE	D11-12:C>	28	57307	4.885965E-4	-1.0	39.96969	TRUE		NaN	NaN	NaN	NaN	NaN	NaN	NaN	NaN	NaN
SPIKE	I12:>G	2	57308	3.489914E-5	-1.0	39.969063	TRUE		NaN	NaN	NaN	NaN	NaN	NaN	NaN	NaN	NaN
SPIKE	S12:G>A	83	57308	0.0014483144	204.44165	40.0	TRUE	G	7.818792E-4	247.0	6.7397655E-4	0.9161543	174.7047	0.18153098	0.12971206	112.0	0.0
SPIKE	S12:G>C	24	57308	4.1878968E-4	28.673166	40.0	TRUE	G	0.001271139	345.0	3.6201027E-4	0.8673024	160.83481	0.21122555	0.1483621	112.0	0.0
SPIKE	S12:G>T	14	57308	2.44294E-4	34.27314	40.0	TRUE	G	3.5207524E-4	6.0	5.236207E-4	0.9613349	98.62822	0.20468076	0.13253334	112.0	1.0
SPIKE	D12-13:G>	29	57308	5.0603756E-4	-1.0	39.969063	TRUE		NaN	NaN	NaN	NaN	NaN	NaN	NaN	NaN	NaN
SPIKE	D12-14:GA>	2	57308	3.489914E-5	-1.0	39.969063	TRUE		NaN	NaN	NaN	NaN	NaN	NaN	NaN	NaN	NaN
SPIKE	S13:A>G	33	57308	5.758358E-4	29.892347	40.0	TRUE	A	0.0019703824	626.0	7.3963177E-4	0.801971	204.29326	0.1805148	0.12572728	112.0	0.0
SPIKE	S13:A>C	14	57308	2.44294E-4	27.870962	40.0	TRUE	A	4.7231148E-4	131.0	9.6122426E-4	0.9484759	125.35454	0.20681885	0.13867854	112.0	0.0
SPIKE	S13:A>T	54	57308	9.4227685E-4	168.5768	40.0	TRUE	A	8.874329E-5	23.0	5.750839E-4	0.99011	92.616776	0.22124465	0.1323826	112.0	0.0
SPIKE	D13-14:A>	18	57308	3.1409226E-4	-1.0	39.976566	TRUE		NaN	NaN	NaN	NaN	NaN	NaN	NaN	NaN	NaN
SPIKE	I14:>C	2	57308	3.489914E-5	-1.0	39.97309	TRUE		NaN	NaN	NaN	NaN	NaN	NaN	NaN	NaN	NaN
SPIKE	S14:C>A	4	57308	6.979828E-5	0.4730946	40.0	TRUE	C	0.0014207219	441.0	6.358872E-4	0.8528933	98.62822	0.18474044	0.14813414	112.0	0.0
SPIKE	S14:C>G	40	57308	6.9798285E-4	121.661385	40.0	TRUE	C	1.9327475E-4	51.0	3.175252E-4	0.97858584	160.83481	0.21724917	0.16443336	112.0	0.0
SPIKE	S14:C>T	49	57308	8.55029E-4	134.66039	40.0	TRUE	C	2.7049045E-4	87.0	7.613548E-4	0.97015935	174.7047	0.17831123	0.12313763	112.0	0.0
SPIKE	D14-15:C>	20	57308	3.4899142E-4	-1.0	39.97309	TRUE		NaN	NaN	NaN	NaN	NaN	NaN	NaN	NaN	NaN
SPIKE	D14-16:CA>	4	57308	6.979828E-5	-1.0	39.97309	TRUE		NaN	NaN	NaN	NaN	NaN	NaN	NaN	NaN	NaN
SPIKE	S15:A>G	47	57308	8.201298E-4	100.31186	40.0	TRUE	A	8.246649E-4	262.0	7.3963177E-4	0.9117746	204.29326	0.1805148	0.12572728	112.0	0.0
SPIKE	S15:A>C	16	57308	2.7919313E-4	14.0601015	40.0	TRUE	A	0.001204214	334.0	9.6122426E-4	0.87382776	125.35454	0.20681885	0.13867854	112.0	0.0
SPIKE	S15:A>T	34	57308	5.932854E-4	-1.0	40.0	TRUE	A	7.3309675E-5	19.0	5.750839E-4	0.99182296	92.616776	0.22124465	0.1323826	112.0	0.0
SPIKE	D15-16:A>	22	57308	3.8389055E-4	-1.0	39.972446	TRUE		NaN	NaN	NaN	NaN	NaN	NaN	NaN	NaN	NaN
SPIKE	S16:G>A	28	57308	4.88588E-4	29.766178	40.0	TRUE	G	0.0015669238	495.0	6.7397655E-4	0.8390412	174.7047	0.18153098	0.12971206	112.0	0.0
SPIKE	S16:G>T	11	57308	1.9194528E-4	26.1236	40.0	TRUE	G	3.5207524E-4	6.0	5.236207E-4	0.9613349	98.62822	0.20468076	0.13253334	112.0	1.0
SPIKE	S16:G>C	74	57308	0.0012912683	213.04248	40.0	TRUE	G	3.4633934E-4	94.0	3.6201027E-4	0.9619527	160.83481	0.21122555	0.1483621	112.0	0.0
SPIKE	D16-17:G>	17	57308	2.966427E-4	-1.0	39.97292	TRUE		NaN	NaN	NaN	NaN	NaN	NaN	NaN	NaN	NaN
SPIKE	D16-18:GA>	8	57308	1.3959657E-4	-1.0	39.97292	TRUE		NaN	NaN	NaN	NaN	NaN	NaN	NaN	NaN	NaN
SPIKE	S17:A>G	47	57308	8.201298E-4	56.824978	40.0	TRUE	A	0.0020648097	656.0	7.3963177E-4	0.79353416	204.29326	0.1805148	0.12572728	112.0	0.0
SPIKE	S17:A>T	75	57308	0.0013087178	231.79309	40.0	TRUE	A	1.11893714E-4	29.0	5.750839E-4	0.9875461	92.616776	0.22124465	0.1323826	112.0	0.0
SPIKE	S17:A>C	11	57308	1.9194528E-4	-1.0	40.0	TRUE	A	3.9659742E-5	11.0	9.6122426E-4	0.995568	125.35454	0.20681885	0.13867854	112.0	0.0
SPIKE	D17-18:A>	45	57308	7.8523066E-4	-1.0	39.990837	TRUE		NaN	NaN	NaN	NaN	NaN	NaN	NaN	NaN	NaN
SPIKE	S18:A>G	43	57308	7.5033156E-4	106.49548	40.0	TRUE	A	5.319403E-4	169.0	7.3963177E-4	0.9421627	204.29326	0.1805148	0.12572728	112.0	0.0
SPIKE	S18:A>T	18	57308	3.1409226E-4	-1.0	40.0	TRUE	A	5.787606E-5	15.0	5.750839E-4	0.99353886	92.616776	0.22124465	0.1323826	112.0	0.0
SPIKE	S18:A>C	16	57308	2.7919313E-4	32.922462	40.0	TRUE	A	4.0380828E-4	112.0	9.6122426E-4	0.9557809	125.35454	0.20681885	0.13867854	112.0	0.0
SPIKE	S19:C>G	15	57308	2.6174355E-4	46.403885	40.0	TRUE	C	7.9583726E-5	21.0	3.175252E-4	0.99112624	160.83481	0.21724917	0.16443336	112.0	0.0
SPIKE	S19:C>A	3	57308	5.234871E-5	0.6090995	40.0	TRUE	C	0.0010309094	320.0	6.358872E-4	0.89095455	98.62822	0.18474044	0.14813414	112.0	0.0
SPIKE	S19:C>T	33	57308	5.758358E-4	88.11774	40.0	TRUE	C	3.0779946E-4	99.0	7.613548E-4	0.9661139	174.7047	0.17831123	0.12313763	112.0	0.0
SPIKE	D19-20:C>	10	57308	1.7449571E-4	-1.0	39.99726	TRUE		NaN	NaN	NaN	NaN	NaN	NaN	NaN	NaN	NaN
SPIKE	S20:C>G	28	57308	4.88588E-4	-1.0	40.0	TRUE	C	6.063522E-5	16.0	3.175252E-4	0.9932319	160.83481	0.21724917	0.16443336	112.0	0.0
SPIKE	S20:C>A	12	57308	2.0939484E-4	22.940357	40.0	TRUE	C	4.2847169E-4	133.0	6.358872E-4	0.95314443	98.62822	0.18474044	0.14813414	112.0	0.0
SPIKE	S20:C>T	43	57308	7.5033156E-4	117.13841	40.0	TRUE	C	2.3939958E-4	77.0	7.613548E-4	0.9735435	174.7047	0.17831123	0.12313763	112.0	0.0
SPIKE	S21:A>G	73	57308	0.0012738187	197.36047	40.0	TRUE	A	5.319403E-4	169.0	7.3963177E-4	0.9421627	204.29326	0.1805148	0.12572728	112.0	0.0
SPIKE	S21:A>T	13	57308	2.2684442E-4	31.537222	40.0	TRUE	A	3.5735292E-4	9.0	5.750839E-4	0.96076685	92.616776	0.22124465	0.1323826	112.0	1.0
SPIKE	S21:A>C	38	57308	6.630837E-4	59.072044	40.0	TRUE	A	0.0011970032	332.0	9.6122426E-4	0.8745338	125.35454	0.20681885	0.13867854	112.0	0.0
SPIKE	S22:A>C	5	57308	8.7247856E-5	7.3154635	40.0	TRUE	A	4.2544087E-4	118.0	9.6122426E-4	0.953468	125.35454	0.20681885	0.13867854	112.0	0.0
SPIKE	S22:A>G	0	57308	0.0	-1.0	0.0	TRUE	A	6.430285E-4	1.0	7.3963177E-4	0.930513	204.29326	0.1805148	0.12572728	112.0	1.0
SPIKE	S22:A>T	0	57308	0.0	-1.0	0.0	TRUE	A	3.5735292E-4	0.0	5.750839E-4	0.96076685	92.616776	0.22124465	0.1323826	112.0	1.0
SPIKE	S23:A>T	5	57308	8.7247856E-5	7.3154635	40.0	TRUE	C	4.3985803E-4	114.0	5.750839E-4	0.9519297	92.616776	0.22124465	0.1323826	112.0	0.0
SPIKE	S23:A>C	57283	57308	0.99956375	9999.0	39.999268	TRUE	C	4.5195717E-4	0.0	9.6122426E-4	0.9506406	125.35454	0.20681885	0.13867854	112.0	1.0
SPIKE	S23:A>G	0	57308	0.0	-1.0	0.0	TRUE	C	6.430285E-4	0.0	7.3963177E-4	0.930513	204.29326	0.1805148	0.12572728	112.0	1.0
SPIKE	S24:A>G	5	57308	8.7247856E-5	10.658173	40.0	TRUE	T	3.5567608E-4	113.0	7.3963177E-4	0.9609473	204.29326	0.1805148	0.12572728	112.0	0.0
SPIKE	S24:A>T	57281	57308	0.9995289	9999.0	39.99895	TRUE	T	3.5735292E-4	4.0	5.750839E-4	0.96076685	92.616776	0.22124465	0.1323826	112.0	1.0
SPIKE	D24-26:AA>	1	57308	1.744957E-5	-1.0	39.98887	TRUE		NaN	NaN	NaN	NaN	NaN	NaN	NaN	NaN	NaN
SPIKE	S24:A>C	0	57308	0.0	-1.0	0.0	TRUE	T	0.0011717652	325.0	9.6122426E-4	0.8770093	125.35454	0.20681885	0.13867854	112.0	0.0
SPIKE	S25:A>G	57285	57308	0.9995987	9999.0	39.999092	TRUE	G	6.430285E-4	0.0	7.3963177E-4	0.930513	204.29326	0.1805148	0.12572728	112.0	1.0
SPIKE	D25-26:A>	5	57308	8.7247856E-5	-1.0	39.987278	TRUE		NaN	NaN	NaN	NaN	NaN	NaN	NaN	NaN	NaN
SPIKE	S25:A>C	0	57308	0.0	-1.0	0.0	TRUE	G	4.5195717E-4	2.0	9.6122426E-4	0.9506406	125.35454	0.20681885	0.13867854	112.0	1.0
SPIKE	S25:A>T	0	57308	0.0	-1.0	0.0	TRUE	G	0.0016475385	427.0	5.750839E-4	0.83149976	92.616776	0.22124465	0.1323826	112.0	0.0
SPIKE	S26:T>G	3	57310	5.2346884E-5	0.08755532	40.0	TRUE	T	0.0016540667	461.0	4.6399867E-4	0.83089197	125.35891	0.20572357	0.12743737	112.0	0.0
SPIKE	S26:T>A	14	57310	2.4428547E-4	43.393585	40.0	TRUE	T	8.690345E-5	24.0	5.282005E-4	0.990314	92.62	0.20762786	0.13190661	112.0	0.0
SPIKE	S26:T>C	56	57310	9.771419E-4	116.61986	40.0	TRUE	T	9.801503E-4	303.0	7.7152316E-4	0.89603406	204.30038	0.18553065	0.13957168	112.0	0.0
SPIKE	S27:G>A	30	57315	5.234232E-4	79.47218	40.0	TRUE	G	2.5004416E-4	79.0	6.7397655E-4	0.97238356	174.72604	0.18153098	0.12971206	112.0	0.0
SPIKE	S27:G>T	4	57315	6.9789756E-5	1.0965977	40.0	TRUE	G	0.0011600177	325.0	5.236207E-4	0.87816393	98.64027	0.20468076	0.13253334	112.0	0.0
SPIKE	S27:G>C	5	57315	8.72372E-5	-1.0	40.0	TRUE	G	4.7892143E-5	13.0	3.6201027E-4	0.9946504	160.85445	0.21122555	0.1483621	112.0	0.0
SPIKE	D27-28:G>	35	57315	6.106604E-4	-1.0	39.99663	TRUE		NaN	NaN	NaN	NaN	NaN	NaN	NaN	NaN	NaN
SPIKE	S28:G>A	25	57315	4.3618598E-4	65.15026	40.0	TRUE	G	3.0068602E-4	95.0	6.7397655E-4	0.9668839	174.72604	0.18153098	0.12971206	112.0	0.0
SPIKE	S28:G>T	32	57315	5.5831805E-4	-1.0	40.0	TRUE	G	6.781642E-5	19.0	5.236207E-4	0.9924333	98.64027	0.20468076	0.13253334	112.0	0.0
SPIKE	S28:G>C	48	57315	8.374771E-4	145.74379	40.0	TRUE	G	1.9525259E-4	53.0	3.6201027E-4	0.9783691	160.85445	0.21122555	0.1483621	112.0	0.0
SPIKE	S29:G>A	27	57315	4.7108086E-4	54.85469	40.0	TRUE	G	5.6339067E-4	178.0	6.7397655E-4	0.9388498	174.72604	0.18153098	0.12971206	112.0	0.0
SPIKE	S29:G>T	21	57315	3.6639624E-4	64.46568	40.0	TRUE	G	9.63707E-5	27.0	5.236207E-4	0.98926455	98.64027	0.20468076	0.13253334	112.0	0.0
SPIKE	S29:G>C	24	57315	4.1873855E-4	-1.0	40.0	TRUE	G	6.999621E-5	19.0	3.6201027E-4	0.9921911	160.85445	0.21122555	0.1483621	112.0	0.0
SPIKE	S30:A>G	45	57315	7.851348E-4	75.61576	40.0	TRUE	A	0.0012777597	406.0	7.3963177E-4	0.8666595	204.31822	0.1805148	0.12572728	112.0	0.0
SPIKE	S30:A>T	23	57315	4.0129112E-4	51.26076	40.0	TRUE	A	4.4366225E-4	115.0	5.750839E-4	0.9515242	92.62808	0.22124465	0.1323826	112.0	0.0
SPIKE	S30:A>C	1	57315	1.7447439E-5	1.0720997	40.0	TRUE	A	4.5195717E-4	2.0	9.6122426E-4	0.9506406	125.36985	0.20681885	0.13867854	112.0	1.0
SPIKE	D30-31:A>	1	57315	1.7447439E-5	-1.0	39.98763	TRUE		NaN	NaN	NaN	NaN	NaN	NaN	NaN	NaN	NaN
SPIKE	S31:T>G	1	57316	1.7447135E-5	1.0720997	40.0	TRUE	T	4.4978742E-4	5.0	4.6399867E-4	0.95087165	125.37204	0.20572357	0.12743737	112.0	1.0
SPIKE	S31:T>A	14	57316	2.442599E-4	13.149927	40.0	TRUE	T	0.0010101468	279.0	5.282005E-4	0.8930288	92.6297	0.20762786	0.13190661	112.0	0.0
SPIKE	S31:T>C	25	57316	4.3617838E-4	49.71867	40.0	TRUE	T	6.760065E-4	209.0	7.7152316E-4	0.9270825	204.32178	0.18553065	0.13957168	112.0	0.0
SPIKE	S32:C>T	21	57316	3.6638984E-4	26.178127	40.0	TRUE	C	0.001078702	347.0	7.613548E-4	0.8861982	174.7291	0.17831123	0.12313763	112.0	0.0
SPIKE	S32:C>A	15	57316	2.6170703E-4	-1.0	40.0	TRUE	C	4.8317128E-5	15.0	6.358872E-4	0.9946031	98.64198	0.18474044	0.14813414	112.0	0.0
SPIKE	S32:C>G	13	57316	2.2681276E-4	40.383286	40.0	TRUE	C	9.0940135E-5	24.0	3.175252E-4	0.9898664	160.85725	0.21724917	0.16443336	112.0	0.0
SPIKE	D32-33:C>	12	57316	2.0936562E-4	-1.0	39.99602	TRUE		NaN	NaN	NaN	NaN	NaN	NaN	NaN	NaN	NaN
SPIKE	S33:C>T	33	57316	5.757555E-4	100.58929	40.0	TRUE	C	1.989537E-4	64.0	7.613548E-4	0.9779636	174.7291	0.17831123	0.12313763	112.0	0.0
SPIKE	S33:C>A	4	57316	6.978854E-5	8.284564	40.0	TRUE	C	3.1889306E-4	99.0	6.358872E-4	0.96491426	98.64198	0.18474044	0.14813414	112.0	0.0
SPIKE	S33:C>G	28	57316	4.885198E-4	85.53779	40.0	TRUE	C	8.715096E-5	23.0	3.175252E-4	0.9902866	160.85725	0.21724917	0.16443336	112.0	0.0
SPIKE	S34:A>C	3	57316	5.2341406E-5	0.96486104	40.0	TRUE	A	9.805404E-4	272.0	9.6122426E-4	0.8959949	125.37204	0.20681885	0.13867854	112.0	0.0
SPIKE	S34:A>T	20	57316	3.489427E-4	43.298504	40.0	TRUE	A	4.359388E-4	113.0	5.750839E-4	0.95234764	92.6297	0.22124465	0.1323826	112.0	0.0
SPIKE	S34:A>G	57	57316	9.944867E-4	157.92287	40.0	TRUE	A	3.3044934E-4	105.0	7.3963177E-4	0.9636662	204.32178	0.1805148	0.12572728	112.0	0.0
SPIKE	S35:T>C	34	57316	5.932026E-4	91.006836	40.0	TRUE	T	3.8490322E-4	119.0	7.7152316E-4	0.9578068	204.32178	0.18553065	0.13957168	112.0	0.0
SPIKE	S35:T>A	15	57316	2.6170703E-4	17.695948	40.0	TRUE	T	9.7032025E-4	268.0	5.282005E-4	0.8970211	92.6297	0.20762786	0.13190661	112.0	0.0
SPIKE	S35:T>G	3	57316	5.2341406E-5	-1.0	40.0	TRUE	T	4.305146E-5	12.0	4.6399867E-4	0.99518985	125.37204	0.20572357	0.12743737	112.0	0.0
SPIKE	D35-36:T>	19	57316	3.3149557E-4	-1.0	39.99611	TRUE		NaN	NaN	NaN	NaN	NaN	NaN	NaN	NaN	NaN
SPIKE	S36:T>C	43	57317	7.5021375E-4	130.69229	40.0	TRUE	T	2.0053431E-4	62.0	7.7152316E-4	0.9777905	204.32535	0.18553065	0.13957168	112.0	0.0
SPIKE	S36:T>A	16	57317	2.791493E-4	39.792072	40.0	TRUE	T	3.765356E-4	104.0	5.282005E-4	0.9587049	92.63132	0.20762786	0.13190661	112.0	0.0
SPIKE	S36:T>G	6	57317	1.04680985E-4	9.311187	40.0	TRUE	T	4.4978742E-4	4.0	4.6399867E-4	0.95087165	125.37422	0.20572357	0.12743737	112.0	1.0
SPIKE	S37:A>C	2	57317	3.4893663E-5	2.2639637	40.0	TRUE	A	4.5195717E-4	0.0	9.6122426E-4	0.9506406	125.37422	0.20681885	0.13867854	112.0	1.0
SPIKE	S37:A>T	6	57317	1.04680985E-4	1.8236556	40.0	TRUE	A	0.0012730734	330.0	5.750839E-4	0.86711454	92.63132	0.22124465	0.1323826	112.0	0.0
SPIKE	S37:A>G	54	57317	9.421289E-4	149.35994	40.0	TRUE	A	2.8009026E-4	89.0	7.3963177E-4	0.9691168	204.32535	0.1805148	0.12572728	112.0	0.0
SPIKE	D37-38:A>	3	57317	5.2340492E-5	-1.0	39.987507	TRUE		NaN	NaN	NaN	NaN	NaN	NaN	NaN	NaN	NaN
SPIKE	S38:T>C	33	57317	5.757454E-4	78.52778	40.0	TRUE	T	4.4311615E-4	137.0	7.7152316E-4	0.9515824	204.32535	0.18553065	0.13957168	112.0	0.0
SPIKE	S38:T>A	16	57317	2.791493E-4	19.635284	40.0	TRUE	T	8.9427206E-4	247.0	5.282005E-4	0.904694	92.63132	0.20762786	0.13190661	112.0	0.0
SPIKE	S38:T>G	1	57317	1.7446831E-5	1.0720997	40.0	TRUE	T	4.4978742E-4	3.0	4.6399867E-4	0.95087165	125.37422	0.20572357	0.12743737	112.0	1.0
SPIKE	S39:C>T	45	57317	7.851074E-4	81.44944	40.0	TRUE	C	0.0010786833	347.0	7.613548E-4	0.8862001	174.73215	0.17831123	0.12313763	112.0	0.0
SPIKE	S39:C>A	8	57317	1.3957465E-4	18.199682	40.0	TRUE	C	3.1773982E-4	4.0	6.358872E-4	0.9650389	98.64371	0.18474044	0.14813414	112.0	1.0
SPIKE	S39:C>G	6	57317	1.04680985E-4	13.113299	40.0	TRUE	C	3.5238688E-4	93.0	3.175252E-4	0.9613014	160.86006	0.21724917	0.16443336	112.0	0.0
SPIKE	D39-40:C>	2	57317	3.4893663E-5	-1.0	39.987995	TRUE		NaN	NaN	NaN	NaN	NaN	NaN	NaN	NaN	NaN
SPIKE	S40:G>C	23	57317	4.012771E-4	34.381992	40.0	TRUE	G	9.467578E-4	257.0	3.6201027E-4	0.8993915	160.86006	0.21122555	0.1483621	112.0	0.0
SPIKE	S40:G>T	4	57317	6.9787326E-5	8.284564	40.0	TRUE	G	3.5207524E-4	8.0	5.236207E-4	0.9613349	98.64371	0.20468076	0.13253334	112.0	1.0
SPIKE	S40:G>A	63	57317	0.0010991504	168.50946	40.0	TRUE	G	4.5259582E-4	143.0	6.7397655E-4	0.9505726	174.73215	0.18153098	0.12971206	112.0	0.0
SPIKE	D40-41:G>	9	57317	1.5702148E-4	-1.0	39.99592	TRUE		NaN	NaN	NaN	NaN	NaN	NaN	NaN	NaN	NaN
SPIKE	S41:G>C	17	57317	2.9659612E-4	35.485752	40.0	TRUE	G	4.3838203E-4	119.0	3.6201027E-4	0.95208704	160.86006	0.21122555	0.1483621	112.0	0.0
SPIKE	S41:G>T	4	57317	6.9787326E-5	8.284564	40.0	TRUE	G	3.5207524E-4	7.0	5.236207E-4	0.9613349	98.64371	0.20468076	0.13253334	112.0	1.0
SPIKE	S41:G>A	22	57317	3.8383028E-4	67.47598	40.0	TRUE	G	2.0256036E-4	64.0	6.7397655E-4	0.9775686	174.73215	0.18153098	0.12971206	112.0	0.0
SPIKE	S42:C>T	80	57318	0.0013957222	217.65251	40.0	TRUE	C	5.191267E-4	167.0	7.613548E-4	0.9435158	174.73518	0.17831123	0.12313763	112.0	0.0
SPIKE	S42:C>A	10	57318	1.7446527E-4	23.451881	40.0	TRUE	C	3.1773982E-4	6.0	6.358872E-4	0.9650389	98.645424	0.18474044	0.14813414	112.0	1.0
SPIKE	S42:C>G	16	57318	2.791444E-4	14.0601015	40.0	TRUE	C	0.00122386	323.0	3.175252E-4	0.8719072	160.86287	0.21724917	0.16443336	112.0	0.0
SPIKE	D42-43:C>	37	57318	6.455215E-4	-1.0	39.96235	TRUE		NaN	NaN	NaN	NaN	NaN	NaN	NaN	NaN	NaN
SPIKE	D42-44:CG>	2	57318	3.489305E-5	-1.0	39.96235	TRUE		NaN	NaN	NaN	NaN	NaN	NaN	NaN	NaN	NaN
SPIKE	S43:G>C	17	57320	2.965806E-4	21.62371	40.0	TRUE	G	8.582997E-4	233.0	3.6201027E-4	0.9083463	160.86848	0.21122555	0.1483621	112.0	0.0
SPIKE	S43:G>T	3	57320	5.2337753E-5	6.0206	40.0	TRUE	G	3.5207524E-4	4.0	5.236207E-4	0.9613349	98.648865	0.20468076	0.13253334	112.0	1.0
SPIKE	S43:G>A	58	57320	0.0010118632	165.91978	40.0	TRUE	G	3.481324E-4	110.0	6.7397655E-4	0.9617595	174.74129	0.18153098	0.12971206	112.0	0.0
SPIKE	D43-44:G>	1	57320	1.7445918E-5	-1.0	39.995586	TRUE		NaN	NaN	NaN	NaN	NaN	NaN	NaN	NaN	NaN
SPIKE	S44:G>C	31	57320	5.4082344E-4	82.3502	40.0	TRUE	G	3.0574625E-4	83.0	3.6201027E-4	0.9663361	160.86848	0.21122555	0.1483621	112.0	0.0
SPIKE	S44:G>T	13	57320	2.2679692E-4	-1.0	40.0	TRUE	G	4.2827687E-5	12.0	5.236207E-4	0.99521476	98.648865	0.20468076	0.13253334	112.0	0.0
SPIKE	S44:G>A	23	57320	4.012561E-4	59.459663	40.0	TRUE	G	3.481324E-4	110.0	6.7397655E-4	0.9617595	174.74129	0.18153098	0.12971206	112.0	0.0
SPIKE	S45:C>T	77	57320	0.0013433356	221.90305	39.467533	TRUE	C	3.5436155E-4	114.0	7.613548E-4	0.9610888	174.74129	0.17831123	0.12313763	112.0	0.0
SPIKE	S45:C>A	9	57320	1.5701326E-4	20.808811	40.0	TRUE	C	3.1773982E-4	1.0	6.358872E-4	0.9650389	98.648865	0.18474044	0.14813414	112.0	1.0
SPIKE	S45:C>G	28	57320	4.884857E-4	41.079506	40.0	TRUE	C	0.0011253057	297.0	3.175252E-4	0.88158464	160.86848	0.21724917	0.16443336	112.0	0.0
SPIKE	S46:G>C	47	57320	8.199581E-4	93.02648	40.0	TRUE	G	0.0010056472	273.0	3.6201027E-4	0.89347893	160.86848	0.21122555	0.1483621	112.0	0.0
SPIKE	S46:G>T	1	57320	1.7445918E-5	2.0412	40.0	TRUE	G	3.5207524E-4	4.0	5.236207E-4	0.9613349	98.648865	0.20468076	0.13253334	112.0	1.0
SPIKE	S46:G>A	45	57320	7.850663E-4	112.14543	40.0	TRUE	G	4.2408856E-4	134.0	6.7397655E-4	0.95361245	174.74129	0.18153098	0.12971206	112.0	0.0
SPIKE	D46-47:G>	1	57320	1.7445918E-5	-1.0	39.988922	TRUE		NaN	NaN	NaN	NaN	NaN	NaN	NaN	NaN	NaN
SPIKE	S47:A>T	23	57321	4.012491E-4	70.48629	40.0	TRUE	A	1.1572587E-4	30.0	5.750839E-4	0.98712236	92.63778	0.22124465	0.1323826	112.0	0.0
SPIKE	S47:A>G	37	57321	6.454877E-4	74.00349	40.0	TRUE	A	8.024498E-4	255.0	7.3963177E-4	0.914046	204.3396	0.1805148	0.12572728	112.0	0.0
SPIKE	D47-48:A>	3	57321	5.233684E-5	-1.0	39.99576	TRUE		NaN	NaN	NaN	NaN	NaN	NaN	NaN	NaN	NaN
SPIKE	S47:A>C	0	57321	0.0	-1.0	0.0	TRUE	A	4.5195717E-4	1.0	9.6122426E-4	0.9506406	125.38297	0.20681885	0.13867854	112.0	1.0
SPIKE	S48:A>T	9	57321	1.5701052E-4	28.342087	40.0	TRUE	A	2.1987915E-4	57.0	5.750839E-4	0.9756743	92.63778	0.22124465	0.1323826	112.0	0.0
SPIKE	S48:A>G	42	57321	7.3271577E-4	114.22498	40.0	TRUE	A	2.3601465E-4	75.0	7.3963177E-4	0.97391266	204.3396	0.1805148	0.12572728	112.0	0.0
SPIKE	S48:A>C	0	57321	0.0	-1.0	0.0	TRUE	A	4.5195717E-4	2.0	9.6122426E-4	0.9506406	125.38297	0.20681885	0.13867854	112.0	1.0
SPIKE	S49:T>C	35	57321	6.1059644E-4	106.609886	40.0	TRUE	T	1.6817833E-4	52.0	7.7152316E-4	0.9813403	204.3396	0.18553065	0.13957168	112.0	0.0
SPIKE	S49:T>G	6	57321	1.0467368E-4	9.311187	40.0	TRUE	T	4.4978742E-4	5.0	4.6399867E-4	0.95087165	125.38297	0.20572357	0.12743737	112.0	1.0
SPIKE	S49:T>A	20	57321	3.4891226E-4	32.121147	40.0	TRUE	T	8.1818376E-4	226.0	5.282005E-4	0.91243666	92.63778	0.20762786	0.13190661	112.0	0.0
SPIKE	D49-50:T>	27	57321	4.7103156E-4	-1.0	39.995186	TRUE		NaN	NaN	NaN	NaN	NaN	NaN	NaN	NaN	NaN
SPIKE	D49-51:TT>	1	57321	1.7445613E-5	-1.0	39.995186	TRUE		NaN	NaN	NaN	NaN	NaN	NaN	NaN	NaN	NaN
SPIKE	S50:T>C	31	57321	5.40814E-4	94.56869	40.0	TRUE	T	1.6494414E-4	51.0	7.7152316E-4	0.98169583	204.3396	0.18553065	0.13957168	112.0	0.0
SPIKE	S50:T>G	2	57321	3.4891225E-5	2.2639637	40.0	TRUE	T	4.4978742E-4	8.0	4.6399867E-4	0.95087165	125.38297	0.20572357	0.12743737	112.0	1.0
SPIKE	S50:T>A	22	57321	3.838035E-4	-1.0	40.0	TRUE	T	6.154479E-5	17.0	5.282005E-4	0.9931307	92.63778	0.20762786	0.13190661	112.0	0.0
SPIKE	D50-51:T>	1	57321	1.7445613E-5	-1.0	39.99836	TRUE		NaN	NaN	NaN	NaN	NaN	NaN	NaN	NaN	NaN
SPIKE	S51:T>C	41	57321	7.152702E-4	111.31377	40.0	TRUE	T	2.4256491E-4	75.0	7.7152316E-4	0.9731984	204.3396	0.18553065	0.13957168	112.0	0.0
SPIKE	S51:T>G	3	57321	5.233684E-5	3.748162	40.0	TRUE	T	4.4978742E-4	1.0	4.6399867E-4	0.95087165	125.38297	0.20572357	0.12743737	112.0	1.0
SPIKE	S51:T>A	16	57321	2.791298E-4	39.792072	40.0	TRUE	T	2.4979946E-4	69.0	5.282005E-4	0.9724102	92.63778	0.20762786	0.13190661	112.0	0.0
SPIKE	S52:A>T	7	57321	1.221193E-4	15.631419	40.0	TRUE	A	3.35605E-4	87.0	5.750839E-4	0.9631099	92.63778	0.22124465	0.1323826	112.0	0.0
SPIKE	S52:A>C	5	57321	8.7228065E-5	16.300888	40.0	TRUE	A	1.18952245E-4	33.0	9.6122426E-4	0.9867657	125.38297	0.20681885	0.13867854	112.0	0.0
SPIKE	S52:A>G	36	57321	6.280421E-4	96.79472	40.0	TRUE	A	3.146862E-4	100.0	7.3963177E-4	0.965369	204.3396	0.1805148	0.12572728	112.0	0.0
SPIKE	D52-53:A>	2	57321	3.4891225E-5	-1.0	39.98922	TRUE		NaN	NaN	NaN	NaN	NaN	NaN	NaN	NaN	NaN
SPIKE	S53:C>T	34	57321	5.9315085E-4	91.006836	40.0	TRUE	C	2.984045E-4	96.0	7.613548E-4	0.967131	174.74434	0.17831123	0.12313763	112.0	0.0
SPIKE	S53:C>G	60	57321	0.0010467368	171.7956	40.0	TRUE	C	2.917408E-4	77.0	3.175252E-4	0.96785307	160.87129	0.21724917	0.16443336	112.0	0.0
SPIKE	S53:C>A	12	57321	2.0934736E-4	22.940357	40.0	TRUE	C	4.992334E-4	155.0	6.358872E-4	0.9456203	98.65059	0.18474044	0.14813414	112.0	0.0
SPIKE	D53-54:C>	45	57321	7.850526E-4	-1.0	39.99592	TRUE		NaN	NaN	NaN	NaN	NaN	NaN	NaN	NaN	NaN
SPIKE	S54:C>T	32	57321	5.582596E-4	85.232124	40.0	TRUE	C	2.3934529E-4	77.0	7.613548E-4	0.9735494	174.74434	0.17831123	0.12313763	112.0	0.0
SPIKE	S54:C>G	15	57321	2.616842E-4	-1.0	40.0	TRUE	C	4.167726E-5	11.0	3.175252E-4	0.995343	160.87129	0.21724917	0.16443336	112.0	0.0
SPIKE	S54:C>A	19	57321	3.3146664E-4	58.445087	40.0	TRUE	C	1.09509274E-4	34.0	6.358872E-4	0.9878099	98.65059	0.18474044	0.14813414	112.0	0.0
SPIKE	S55:A>T	16	57321	2.791298E-4	49.41419	40.0	TRUE	A	9.2580696E-5	24.0	5.750839E-4	0.9896845	92.63778	0.22124465	0.1323826	112.0	0.0
SPIKE	S55:A>C	2	57321	3.4891225E-5	1.3408211	40.0	TRUE	A	6.127843E-4	170.0	9.6122426E-4	0.93367034	125.38297	0.20681885	0.13867854	112.0	0.0
SPIKE	S55:A>G	86	57321	0.0015003227	194.43689	40.0	TRUE	A	0.0010762268	342.0	7.3963177E-4	0.8864439	204.3396	0.1805148	0.12572728	112.0	0.0
SPIKE	D55-56:A>	2	57321	3.4891225E-5	-1.0	39.99135	TRUE		NaN	NaN	NaN	NaN	NaN	NaN	NaN	NaN	NaN
SPIKE	D55-57:AC>	1	57321	1.7445613E-5	-1.0	39.99135	TRUE		NaN	NaN	NaN	NaN	NaN	NaN	NaN	NaN	NaN
SPIKE	S56:C>T	31	57321	5.40814E-4	82.3502	40.0	TRUE	C	2.7353747E-4	88.0	7.613548E-4	0.9698283	174.74434	0.17831123	0.12313763	112.0	0.0
SPIKE	S56:C>G	49	57321	8.5483503E-4	148.75409	40.0	TRUE	C	1.7807556E-4	47.0	3.175252E-4	0.9802531	160.87129	0.21724917	0.16443336	112.0	0.0
SPIKE	S56:C>A	10	57321	1.7445613E-4	23.451881	40.0	TRUE	C	3.6073642E-4	112.0	6.358872E-4	0.96040285	98.65059	0.18474044	0.14813414	112.0	0.0
SPIKE	D56-57:C>	19	57321	3.3146664E-4	-1.0	39.99735	TRUE		NaN	NaN	NaN	NaN	NaN	NaN	NaN	NaN	NaN
SPIKE	S57:C>T	40	57321	6.978245E-4	108.40486	40.0	TRUE	C	2.8907938E-4	93.0	7.613548E-4	0.9681416	174.74434	0.17831123	0.12313763	112.0	0.0
SPIKE	S57:C>G	12	57321	2.0934736E-4	-1.0	40.0	TRUE	C	6.4410306E-5	17.0	3.175252E-4	0.992812	160.87129	0.21724917	0.16443336	112.0	0.0
SPIKE	S57:C>A	8	57321	1.395649E-4	-1.0	40.0	TRUE	C	7.730066E-5	24.0	6.358872E-4	0.9913797	98.65059	0.18474044	0.14813414	112.0	0.0
SPIKE	S58:A>T	12	57321	2.0934736E-4	37.372986	40.0	TRUE	A	1.0415328E-4	27.0	5.750839E-4	0.9884026	92.63778	0.22124465	0.1323826	112.0	0.0
SPIKE	S58:A>C	2	57321	3.4891225E-5	2.2639637	40.0	TRUE	A	3.9650747E-4	110.0	9.6122426E-4	0.9565628	125.38297	0.20681885	0.13867854	112.0	0.0
SPIKE	S58:A>G	68	57321	0.0011863017	182.91243	40.0	TRUE	A	5.1608536E-4	164.0	7.3963177E-4	0.9438372	204.3396	0.1805148	0.12572728	112.0	0.0
SPIKE	D58-59:A>	1	57321	1.7445613E-5	-1.0	39.993195	TRUE		NaN	NaN	NaN	NaN	NaN	NaN	NaN	NaN	NaN
SPIKE	S59:T>C	41	57321	7.152702E-4	111.31377	40.0	TRUE	T	3.3959086E-4	105.0	7.7152316E-4	0.96268004	204.3396	0.18553065	0.13957168	112.0	0.0
SPIKE	S59:T>G	2	57321	3.4891225E-5	2.2639637	40.0	TRUE	T	4.4978742E-4	2.0	4.6399867E-4	0.95087165	125.38297	0.20572357	0.12743737	112.0	1.0
SPIKE	S59:T>A	19	57321	3.3146664E-4	40.675655	40.0	TRUE	T	4.4891497E-4	124.0	5.282005E-4	0.95096457	92.63778	0.20762786	0.13190661	112.0	0.0
SPIKE	D59-60:T>	4	57321	6.978245E-5	-1.0	39.995518	TRUE		NaN	NaN	NaN	NaN	NaN	NaN	NaN	NaN	NaN
SPIKE	S60:T>C	80	57321	0.001395649	217.65251	40.0	TRUE	T	4.1721165E-4	129.0	7.7152316E-4	0.95434725	204.3396	0.18553065	0.13957168	112.0	0.0
SPIKE	S60:T>G	1	57321	1.7445613E-5	-1.0	40.0	TRUE	T	6.8158864E-5	19.0	4.6399867E-4	0.9923953	125.38297	0.20572357	0.12743737	112.0	0.0
SPIKE	S60:T>A	11	57321	1.9190175E-4	-1.0	40.0	TRUE	T	5.068395E-5	14.0	5.282005E-4	0.99433947	92.63778	0.20762786	0.13190661	112.0	0.0
SPIKE	S61:G>T	7	57321	1.221193E-4	15.631419	40.0	TRUE	G	3.6046008E-4	101.0	5.236207E-4	0.9604325	98.65059	0.20468076	0.13253334	112.0	0.0
SPIKE	S61:G>C	13	57321	2.2679297E-4	40.383286	40.0	TRUE	G	8.472338E-5	23.0	3.6201027E-4	0.9905559	160.87129	0.21122555	0.1483621	112.0	0.0
SPIKE	S61:G>A	34	57321	5.9315085E-4	91.006836	40.0	TRUE	G	2.879954E-4	91.0	6.7397655E-4	0.96825916	174.74434	0.18153098	0.12971206	112.0	0.0
SPIKE	D61-62:G>	4	57321	6.978245E-5	-1.0	39.987717	TRUE		NaN	NaN	NaN	NaN	NaN	NaN	NaN	NaN	NaN
SPIKE	S62:A>T	25	57321	4.3614034E-4	76.50689	40.0	TRUE	A	1.465861E-4	38.0	5.750839E-4	0.98371637	92.63778	0.22124465	0.1323826	112.0	0.0
SPIKE	S62:A>G	31	57321	5.40814E-4	73.00521	40.0	TRUE	A	4.909105E-4	156.0	7.3963177E-4	0.9465022	204.3396	0.1805148	0.12572728	112.0	0.0
SPIKE	D62-63:A>	32	57321	5.582596E-4	-1.0	39.996914	TRUE		NaN	NaN	NaN	NaN	NaN	NaN	NaN	NaN	NaN
SPIKE	I62:>A	3	57321	5.233684E-5	-1.0	39.996914	TRUE		NaN	NaN	NaN	NaN	NaN	NaN	NaN	NaN	NaN
SPIKE	S62:A>C	0	57321	0.0	-1.0	0.0	TRUE	A	4.5195717E-4	3.0	9.6122426E-4	0.9506406	125.38297	0.20681885	0.13867854	112.0	1.0
SPIKE	S63:A>T	14	57321	2.442386E-4	-1.0	40.0	TRUE	A	7.329305E-5	19.0	5.750839E-4	0.9918248	92.63778	0.22124465	0.1323826	112.0	0.0
SPIKE	S63:A>C	4	57321	6.978245E-5	5.449171	40.0	TRUE	A	4.5195717E-4	3.0	9.6122426E-4	0.9506406	125.38297	0.20681885	0.13867854	112.0	1.0
SPIKE	S63:A>G	64	57321	0.0011165192	198.6798	40.0	TRUE	A	2.076929E-4	66.0	7.3963177E-4	0.97700685	204.3396	0.1805148	0.12572728	112.0	0.0
SPIKE	S64:A>G	43	57321	7.5016136E-4	117.13841	40.0	TRUE	A	2.5489583E-4	81.0	7.3963177E-4	0.97185534	204.3396	0.1805148	0.12572728	112.0	0.0
SPIKE	S64:A>C	5	57321	8.7228065E-5	7.3154635	40.0	TRUE	A	4.5195717E-4	9.0	9.6122426E-4	0.9506406	125.38297	0.20681885	0.13867854	112.0	1.0
SPIKE	S64:A>T	11	57321	1.9190175E-4	-1.0	40.0	TRUE	A	3.857529E-5	10.0	5.750839E-4	0.9956889	92.63778	0.22124465	0.1323826	112.0	0.0
SPIKE	S65:A>G	37	57321	6.454877E-4	89.651054	40.0	TRUE	A	5.381134E-4	171.0	7.3963177E-4	0.9415115	204.3396	0.1805148	0.12572728	112.0	0.0
SPIKE	S65:A>C	2	57321	3.4891225E-5	3.9120662	40.0	TRUE	A	3.748798E-4	104.0	9.6122426E-4	0.9588827	125.38297	0.20681885	0.13867854	112.0	0.0
SPIKE	S65:A>T	4	57321	6.978245E-5	8.284564	40.0	TRUE	A	3.5735292E-4	9.0	5.750839E-4	0.96076685	92.63778	0.22124465	0.1323826	112.0	1.0
SPIKE	S66:C>A	3	57321	5.233684E-5	10.280287	40.0	TRUE	C	1.900308E-4	59.0	6.358872E-4	0.97894144	98.65059	0.18474044	0.14813414	112.0	0.0
SPIKE	S66:C>G	18	57321	3.1402105E-4	-1.0	40.0	TRUE	C	4.925494E-5	13.0	3.175252E-4	0.9944986	160.87129	0.21724917	0.16443336	112.0	0.0
SPIKE	S66:C>T	24	57321	4.1869472E-4	73.49659	40.0	TRUE	C	1.9893635E-4	64.0	7.613548E-4	0.97796553	174.74434	0.17831123	0.12313763	112.0	0.0
SPIKE	D66-67:C>	18	57321	3.1402105E-4	-1.0	39.992744	TRUE		NaN	NaN	NaN	NaN	NaN	NaN	NaN	NaN	NaN
SPIKE	S67:C>A	17	57321	2.9657542E-4	42.57172	40.0	TRUE	C	3.0920265E-4	96.0	6.358872E-4	0.9659621	98.65059	0.18474044	0.14813414	112.0	0.0
SPIKE	S67:C>G	19	57321	3.3146664E-4	-1.0	40.0	TRUE	C	6.0621467E-5	16.0	3.175252E-4	0.9932334	160.87129	0.21724917	0.16443336	112.0	0.0
SPIKE	S67:C>T	38	57321	6.629333E-4	115.640785	40.0	TRUE	C	1.7717769E-4	57.0	7.613548E-4	0.9803517	174.74434	0.17831123	0.12313763	112.0	0.0
SPIKE	S68:A>G	60	57321	0.0010467368	112.86765	40.0	TRUE	A	0.001186367	377.0	7.3963177E-4	0.8755762	204.3396	0.1805148	0.12572728	112.0	0.0
SPIKE	S68:A>C	7	57321	1.221193E-4	22.321487	40.0	TRUE	A	1.2976608E-4	36.0	9.6122426E-4	0.9855713	125.38297	0.20681885	0.13867854	112.0	0.0
SPIKE	S68:A>T	10	57321	1.7445613E-4	-1.0	40.0	TRUE	A	6.943552E-5	18.0	5.750839E-4	0.99225336	92.63778	0.22124465	0.1323826	112.0	0.0
SPIKE	S69:G>A	27	57321	4.7103156E-4	70.864174	40.0	TRUE	G	2.94325E-4	93.0	6.7397655E-4	0.967573	174.74434	0.18153098	0.12971206	112.0	0.0
SPIKE	S69:G>C	32	57321	5.582596E-4	75.76293	40.0	TRUE	G	4.199333E-4	114.0	3.6201027E-4	0.9540564	160.87129	0.21122555	0.1483621	112.0	0.0
SPIKE	S69:G>T	3	57321	5.233684E-5	6.0206	40.0	TRUE	G	3.5207524E-4	6.0	5.236207E-4	0.9613349	98.65059	0.20468076	0.13253334	112.0	1.0
SPIKE	S70:C>A	15	57321	2.616842E-4	37.025364	40.0	TRUE	C	3.1773982E-4	9.0	6.358872E-4	0.9650389	98.65059	0.18474044	0.14813414	112.0	1.0
SPIKE	S70:C>G	9	57321	1.5701052E-4	28.342087	40.0	TRUE	C	1.5913135E-4	42.0	3.175252E-4	0.98233515	160.87129	0.21724917	0.16443336	112.0	0.0
SPIKE	S70:C>T	25	57321	4.3614034E-4	65.15026	40.0	TRUE	C	3.51247E-4	113.0	7.613548E-4	0.9614241	174.74434	0.17831123	0.12313763	112.0	0.0
SPIKE	D70-71:C>	3	57321	5.233684E-5	-1.0	39.99829	TRUE		NaN	NaN	NaN	NaN	NaN	NaN	NaN	NaN	NaN
SPIKE	S71:C>A	12	57321	2.0934736E-4	28.819815	40.0	TRUE	C	3.1773982E-4	4.0	6.358872E-4	0.9650389	98.65059	0.18474044	0.14813414	112.0	1.0
SPIKE	S71:C>G	16	57321	2.791298E-4	39.792072	40.0	TRUE	C	3.713065E-4	98.0	3.175252E-4	0.95926654	160.87129	0.21724917	0.16443336	112.0	0.0
SPIKE	S71:C>T	71	57321	0.0012386385	191.57625	40.0	TRUE	C	4.2584812E-4	137.0	7.613548E-4	0.9534246	174.74434	0.17831123	0.12313763	112.0	0.0
SPIKE	S72:G>A	77	57321	0.0013433122	208.94737	40.0	TRUE	G	4.4306988E-4	140.0	6.7397655E-4	0.9515873	174.74434	0.18153098	0.12971206	112.0	0.0
SPIKE	S72:G>C	23	57321	4.012491E-4	70.48629	40.0	TRUE	G	1.9154852E-4	52.0	3.6201027E-4	0.978775	160.87129	0.21122555	0.1483621	112.0	0.0
SPIKE	S72:G>T	6	57321	1.0467368E-4	13.113299	40.0	TRUE	G	2.9265074E-4	82.0	5.236207E-4	0.9677545	98.65059	0.20468076	0.13253334	112.0	0.0
SPIKE	D72-73:G>	3	57321	5.233684E-5	-1.0	39.993946	TRUE		NaN	NaN	NaN	NaN	NaN	NaN	NaN	NaN	NaN
SPIKE	S73:T>A	17	57321	2.9657542E-4	-1.0	40.0	TRUE	T	5.068395E-5	14.0	5.282005E-4	0.99433947	92.63778	0.20762786	0.13190661	112.0	0.0
SPIKE	S73:T>G	4	57321	6.978245E-5	5.449171	40.0	TRUE	T	4.4123895E-4	123.0	4.6399867E-4	0.95178246	125.38297	0.20572357	0.12743737	112.0	0.0
SPIKE	S73:T>C	61	57321	0.0010641824	129.94722	40.0	TRUE	T	9.379176E-4	290.0	7.7152316E-4	0.9002824	204.3396	0.18553065	0.13957168	112.0	0.0
SPIKE	S74:G>A	37	57321	6.454877E-4	112.630486	40.0	TRUE	G	2.1837016E-4	69.0	6.7397655E-4	0.9758392	174.74434	0.18153098	0.12971206	112.0	0.0
SPIKE	S74:G>C	2	57321	3.4891225E-5	1.3408211	40.0	TRUE	G	5.9258955E-4	4.0	3.6201027E-4	0.9357845	160.87129	0.21122555	0.1483621	112.0	1.0
SPIKE	S74:G>T	1	57321	1.7445613E-5	4.2596874	40.0	TRUE	G	7.851606E-5	22.0	5.236207E-4	0.99124473	98.65059	0.20468076	0.13253334	112.0	0.0
SPIKE	D74-75:G>	3	57321	5.233684E-5	-1.0	39.998344	TRUE		NaN	NaN	NaN	NaN	NaN	NaN	NaN	NaN	NaN
SPIKE	S75:G>A	24	57321	4.1869472E-4	73.49659	40.0	TRUE	G	2.2469972E-4	71.0	6.7397655E-4	0.97514766	174.74434	0.18153098	0.12971206	112.0	0.0
SPIKE	S75:G>C	10	57321	1.7445613E-4	-1.0	40.0	TRUE	G	6.2621635E-5	17.0	3.6201027E-4	0.99301094	160.87129	0.21122555	0.1483621	112.0	0.0
SPIKE	S75:G>T	0	57321	0.0	-1.0	0.0	TRUE	G	3.3190878E-4	93.0	5.236207E-4	0.96350867	98.65059	0.20468076	0.13253334	112.0	0.0
SPIKE	S76:T>A	5	57321	8.7228065E-5	10.658173	40.0	TRUE	T	3.353749E-4	9.0	5.282005E-4	0.9631347	92.63778	0.20762786	0.13190661	112.0	1.0
SPIKE	S76:T>G	13	57321	2.2679297E-4	40.383286	40.0	TRUE	T	1.7577813E-4	49.0	4.6399867E-4	0.98050535	125.38297	0.20572357	0.12743737	112.0	0.0
SPIKE	S76:T>C	22	57321	3.838035E-4	56.62427	40.0	TRUE	T	3.8163544E-4	118.0	7.7152316E-4	0.9581574	204.3396	0.18553065	0.13957168	112.0	0.0
SPIKE	D76-77:T>	9	57321	1.5701052E-4	-1.0	39.993843	TRUE		NaN	NaN	NaN	NaN	NaN	NaN	NaN	NaN	NaN
SPIKE	S77:T>A	18	57321	3.1402105E-4	55.434788	40.0	TRUE	T	1.1946931E-4	33.0	5.282005E-4	0.9867086	92.63778	0.20762786	0.13190661	112.0	0.0
SPIKE	S77:T>G	3	57321	5.233684E-5	3.748162	40.0	TRUE	T	4.4978742E-4	4.0	4.6399867E-4	0.95087165	125.38297	0.20572357	0.12743737	112.0	1.0
SPIKE	S77:T>C	42	57321	7.3271577E-4	127.681984	40.0	TRUE	T	2.1345711E-4	66.0	7.7152316E-4	0.9763763	204.3396	0.18553065	0.13957168	112.0	0.0
SPIKE	S78:T>A	15	57321	2.616842E-4	-1.0	40.0	TRUE	T	3.9823102E-5	11.0	5.282005E-4	0.99554974	92.63778	0.20762786	0.13190661	112.0	0.0
SPIKE	S78:T>G	4	57321	6.978245E-5	8.284564	40.0	TRUE	T	3.8742932E-4	108.0	4.6399867E-4	0.95753586	125.38297	0.20572357	0.12743737	112.0	0.0
SPIKE	S78:T>C	71	57321	0.0012386385	204.18887	40.0	TRUE	T	3.3312247E-4	103.0	7.7152316E-4	0.9633777	204.3396	0.18553065	0.13957168	112.0	0.0
SPIKE	S79:G>A	49	57321	8.5483503E-4	148.75409	40.0	TRUE	G	1.9938145E-4	63.0	6.7397655E-4	0.9779168	174.74434	0.18153098	0.12971206	112.0	0.0
SPIKE	S79:G>C	26	57321	4.5358593E-4	59.339897	40.0	TRUE	G	4.4571867E-4	121.0	3.6201027E-4	0.95130503	160.87129	0.21122555	0.1483621	112.0	0.0
SPIKE	S79:G>T	2	57321	3.4891225E-5	-1.0	40.0	TRUE	G	6.780932E-5	19.0	5.236207E-4	0.99243414	98.65059	0.20468076	0.13253334	112.0	0.0
SPIKE	D79-80:G>	1	57321	1.7445613E-5	-1.0	39.994137	TRUE		NaN	NaN	NaN	NaN	NaN	NaN	NaN	NaN	NaN
SPIKE	S80:C>G	34	57321	5.9315085E-4	73.23097	40.0	TRUE	C	6.3273654E-4	167.0	3.175252E-4	0.93158627	160.87129	0.21724917	0.16443336	112.0	0.0
SPIKE	S80:C>A	13	57321	2.2679297E-4	31.537222	40.0	TRUE	C	3.1773982E-4	6.0	6.358872E-4	0.9650389	98.65059	0.18474044	0.14813414	112.0	1.0
SPIKE	S80:C>T	47	57321	8.1994385E-4	108.480316	40.0	TRUE	C	5.9991743E-4	193.0	7.613548E-4	0.9350168	174.74434	0.17831123	0.12313763	112.0	0.0
SPIKE	D80-81:C>	14	57321	2.442386E-4	-1.0	39.985973	TRUE		NaN	NaN	NaN	NaN	NaN	NaN	NaN	NaN	NaN
SPIKE	S81:G>A	65	57321	0.0011339649	174.26482	40.0	TRUE	G	3.987629E-4	126.0	6.7397655E-4	0.9563212	174.74434	0.18153098	0.12971206	112.0	0.0
SPIKE	S81:G>T	5	57321	8.7228065E-5	10.658173	40.0	TRUE	G	3.5207524E-4	4.0	5.236207E-4	0.9613349	98.65059	0.20468076	0.13253334	112.0	1.0
SPIKE	S81:G>C	24	57321	4.1869472E-4	73.49659	40.0	TRUE	G	1.6576315E-4	45.0	3.6201027E-4	0.9816058	160.87129	0.21122555	0.1483621	112.0	0.0
SPIKE	D81-82:G>	1	57321	1.7445613E-5	-1.0	39.99859	TRUE		NaN	NaN	NaN	NaN	NaN	NaN	NaN	NaN	NaN
SPIKE	S82:G>A	31	57321	5.40814E-4	82.3502	40.0	TRUE	G	2.8166585E-4	89.0	6.7397655E-4	0.9689458	174.74434	0.18153098	0.12971206	112.0	0.0
SPIKE	S82:G>T	8	57321	1.395649E-4	18.199682	40.0	TRUE	G	3.5207524E-4	7.0	5.236207E-4	0.9613349	98.65059	0.20468076	0.13253334	112.0	1.0
SPIKE	S82:G>C	29	57321	5.0592277E-4	60.04673	40.0	TRUE	G	5.5254385E-4	150.0	3.6201027E-4	0.93999106	160.87129	0.21122555	0.1483621	112.0	0.0
SPIKE	S83:C>G	37	57321	6.454877E-4	81.25747	40.0	TRUE	C	6.6683616E-4	176.0	3.175252E-4	0.9280352	160.87129	0.21724917	0.16443336	112.0	0.0
SPIKE	S83:C>A	9	57321	1.5701052E-4	20.808811	40.0	TRUE	C	3.1773982E-4	5.0	6.358872E-4	0.9650389	98.65059	0.18474044	0.14813414	112.0	1.0
SPIKE	S83:C>T	60	57321	0.0010467368	154.8871	40.0	TRUE	C	4.1963137E-4	135.0	7.613548E-4	0.9540886	174.74434	0.17831123	0.12313763	112.0	0.0
SPIKE	S84:G>A	75	57321	0.001308421	192.01152	40.0	TRUE	G	5.759908E-4	182.0	6.7397655E-4	0.9375258	174.74434	0.18153098	0.12971206	112.0	0.0
SPIKE	S84:G>T	4	57321	6.978245E-5	8.284564	40.0	TRUE	G	3.5207524E-4	4.0	5.236207E-4	0.9613349	98.65059	0.20468076	0.13253334	112.0	1.0
SPIKE	S84:G>C	8	57321	1.395649E-4	25.331787	40.0	TRUE	G	1.2155964E-4	33.0	3.6201027E-4	0.98647755	160.87129	0.21122555	0.1483621	112.0	0.0
SPIKE	S85:A>G	40	57321	6.978245E-4	121.661385	40.0	TRUE	A	1.9195858E-4	61.0	7.3963177E-4	0.9787301	204.3396	0.1805148	0.12572728	112.0	0.0
SPIKE	S85:A>T	21	57321	3.6635788E-4	45.93784	40.0	TRUE	A	4.706185E-4	122.0	5.750839E-4	0.9486558	92.63778	0.22124465	0.1323826	112.0	0.0
SPIKE	S85:A>C	3	57321	5.233684E-5	-1.0	40.0	TRUE	A	3.965075E-5	11.0	9.6122426E-4	0.995569	125.38297	0.20681885	0.13867854	112.0	0.0
SPIKE	S86:T>G	5	57321	8.7228065E-5	-1.0	40.0	TRUE	T	3.5873087E-5	10.0	4.6399867E-4	0.9959903	125.38297	0.20572357	0.12743737	112.0	0.0
SPIKE	S86:T>A	15	57321	2.616842E-4	46.403885	40.0	TRUE	T	9.412733E-5	26.0	5.282005E-4	0.9895131	92.63778	0.20762786	0.13190661	112.0	0.0
SPIKE	S86:T>C	40	57321	6.978245E-4	108.40486	40.0	TRUE	T	3.1695148E-4	98.0	7.7152316E-4	0.96512413	204.3396	0.18553065	0.13957168	112.0	0.0
SPIKE	D86-87:T>	24	57321	4.1869472E-4	-1.0	39.997017	TRUE		NaN	NaN	NaN	NaN	NaN	NaN	NaN	NaN	NaN
SPIKE	S87:T>G	2	57321	3.4891225E-5	2.2639637	40.0	TRUE	T	4.4978742E-4	5.0	4.6399867E-4	0.95087165	125.38297	0.20572357	0.12743737	112.0	1.0
SPIKE	S87:T>A	12	57321	2.0934736E-4	-1.0	40.0	TRUE	T	5.068395E-5	14.0	5.282005E-4	0.99433947	92.63778	0.20762786	0.13190661	112.0	0.0
SPIKE	S87:T>C	48	57321	8.3738944E-4	145.74379	40.0	TRUE	T	1.9081772E-4	59.0	7.7152316E-4	0.9788552	204.3396	0.18553065	0.13957168	112.0	0.0
SPIKE	S88:T>G	5	57321	8.7228065E-5	7.3154635	40.0	TRUE	T	4.4978742E-4	3.0	4.6399867E-4	0.95087165	125.38297	0.20572357	0.12743737	112.0	1.0
SPIKE	S88:T>A	8	57321	1.395649E-4	13.595069	40.0	TRUE	T	5.1408005E-4	142.0	5.282005E-4	0.94404924	92.63778	0.20762786	0.13190661	112.0	0.0
SPIKE	S88:T>C	44	57321	7.67607E-4	133.70259	40.0	TRUE	T	1.7141254E-4	53.0	7.7152316E-4	0.9809849	204.3396	0.18553065	0.13957168	112.0	0.0
SPIKE	S89:A>G	50	57321	8.722807E-4	137.5869	40.0	TRUE	A	2.328678E-4	74.0	7.3963177E-4	0.974256	204.3396	0.1805148	0.12572728	112.0	0.0
SPIKE	S89:A>T	27	57321	4.7103156E-4	48.757042	40.0	TRUE	A	7.097853E-4	184.0	5.750839E-4	0.9235818	92.63778	0.22124465	0.1323826	112.0	0.0
SPIKE	S89:A>C	2	57321	3.4891225E-5	2.2639637	40.0	TRUE	A	4.5195717E-4	1.0	9.6122426E-4	0.9506406	125.38297	0.20681885	0.13867854	112.0	1.0
SPIKE	D89-90:A>	1	57321	1.7445613E-5	-1.0	39.99217	TRUE		NaN	NaN	NaN	NaN	NaN	NaN	NaN	NaN	NaN
SPIKE	D89-92:ATC>	1	57321	1.7445613E-5	-1.0	39.99217	TRUE		NaN	NaN	NaN	NaN	NaN	NaN	NaN	NaN	NaN
SPIKE	S90:T>G	2	57321	3.4891225E-5	2.2639637	40.0	TRUE	T	4.4978742E-4	2.0	4.6399867E-4	0.95087165	125.38297	0.20572357	0.12743737	112.0	1.0
SPIKE	S90:T>A	17	57321	2.9657542E-4	52.424488	40.0	TRUE	T	1.7015326E-4	47.0	5.282005E-4	0.98112327	92.63778	0.20762786	0.13190661	112.0	0.0
SPIKE	S90:T>C	35	57321	6.1059644E-4	75.89782	40.0	TRUE	T	6.0802937E-4	188.0	7.7152316E-4	0.93416774	204.3396	0.18553065	0.13957168	112.0	0.0
SPIKE	S91:C>G	13	57321	2.2679297E-4	20.706247	40.0	TRUE	C	5.6074857E-4	148.0	3.175252E-4	0.9391277	160.87129	0.21724917	0.16443336	112.0	0.0
SPIKE	S91:C>A	22	57321	3.838035E-4	56.62427	40.0	TRUE	C	3.1773982E-4	8.0	6.358872E-4	0.9650389	98.65059	0.18474044	0.14813414	112.0	1.0
SPIKE	S91:C>T	68	57321	0.0011863017	195.3428	40.0	TRUE	C	3.6989726E-4	119.0	7.613548E-4	0.95941794	174.74434	0.17831123	0.12313763	112.0	0.0
SPIKE	D91-92:C>	1	57321	1.7445613E-5	-1.0	39.993458	TRUE		NaN	NaN	NaN	NaN	NaN	NaN	NaN	NaN	NaN
SPIKE	S92:G>A	78	57321	0.0013607579	211.84773	40.0	TRUE	G	5.0636556E-4	160.0	6.7397655E-4	0.9448653	174.74434	0.18153098	0.12971206	112.0	0.0
SPIKE	S92:G>T	6	57321	1.0467368E-4	9.311187	40.0	TRUE	G	5.210611E-4	146.0	5.236207E-4	0.9433114	98.65059	0.20468076	0.13253334	112.0	0.0
SPIKE	S92:G>C	43	57321	7.5016136E-4	117.13841	40.0	TRUE	G	2.8363915E-4	77.0	3.6201027E-4	0.9687317	160.87129	0.21122555	0.1483621	112.0	0.0
SPIKE	S93:T>A	29	57321	5.0592277E-4	88.54809	40.0	TRUE	T	8.326649E-5	23.0	5.282005E-4	0.99071753	92.63778	0.20762786	0.13190661	112.0	0.0
SPIKE	S93:T>C	34	57321	5.9315085E-4	66.29316	40.0	TRUE	T	8.5059425E-4	263.0	7.7152316E-4	0.9091306	204.3396	0.18553065	0.13957168	112.0	0.0
SPIKE	S93:T>G	0	57321	0.0	-1.0	0.0	TRUE	T	1.255558E-4	35.0	4.6399867E-4	0.9860362	125.38297	0.20572357	0.12743737	112.0	0.0
SPIKE	S94:C>G	29	57321	5.0592277E-4	60.04673	40.0	TRUE	C	6.6683616E-4	176.0	3.175252E-4	0.9280352	160.87129	0.21724917	0.16443336	112.0	0.0
SPIKE	S94:C>A	10	57321	1.7445613E-4	-1.0	40.0	TRUE	C	3.220861E-5	10.0	6.358872E-4	0.99639916	98.65059	0.18474044	0.14813414	112.0	0.0
SPIKE	S94:C>T	63	57321	0.0010990737	168.50946	40.0	TRUE	C	4.5382354E-4	146.0	7.613548E-4	0.9504419	174.74434	0.17831123	0.12313763	112.0	0.0
SPIKE	D94-95:C>	2	57321	3.4891225E-5	-1.0	39.994347	TRUE		NaN	NaN	NaN	NaN	NaN	NaN	NaN	NaN	NaN
SPIKE	S95:G>A	81	57321	0.0014130947	220.55687	40.0	TRUE	G	5.2851904E-4	167.0	6.7397655E-4	0.9425238	174.74434	0.18153098	0.12971206	112.0	0.0
SPIKE	S95:G>T	1	57321	1.7445613E-5	1.0720997	40.0	TRUE	G	5.174922E-4	145.0	5.236207E-4	0.9436885	98.65059	0.20468076	0.13253334	112.0	0.0
SPIKE	S95:G>C	50	57321	8.722807E-4	137.5869	40.0	TRUE	G	3.315263E-4	90.0	3.6201027E-4	0.96355	160.87129	0.21122555	0.1483621	112.0	0.0
SPIKE	D95-98:GTC>	4	57321	6.978245E-5	-1.0	39.99126	TRUE		NaN	NaN	NaN	NaN	NaN	NaN	NaN	NaN	NaN
SPIKE	S96:T>C	43	57321	7.5016136E-4	82.74136	40.0	TRUE	T	9.411518E-4	291.0	7.7152316E-4	0.89995635	204.3396	0.18553065	0.13957168	112.0	0.0
SPIKE	S96:T>A	16	57321	2.791298E-4	49.41419	40.0	TRUE	T	8.326649E-5	23.0	5.282005E-4	0.99071753	92.63778	0.20762786	0.13190661	112.0	0.0
SPIKE	S96:T>G	2	57321	3.4891225E-5	7.269987	40.0	TRUE	T	1.5066697E-4	42.0	4.6399867E-4	0.9832669	125.38297	0.20572357	0.12743737	112.0	0.0
SPIKE	S97:C>T	41	57321	7.152702E-4	111.31377	40.0	TRUE	C	2.7353747E-4	88.0	7.613548E-4	0.9698283	174.74434	0.17831123	0.12313763	112.0	0.0
SPIKE	S97:C>A	7	57321	1.221193E-4	11.410683	40.0	TRUE	C	4.7346656E-4	147.0	6.358872E-4	0.94835323	98.65059	0.18474044	0.14813414	112.0	0.0
SPIKE	S97:C>G	24	57321	4.1869472E-4	73.49659	40.0	TRUE	C	9.850988E-5	26.0	3.175252E-4	0.98902756	160.87129	0.21724917	0.16443336	112.0	0.0
SPIKE	D97-98:C>	1	57321	1.7445613E-5	-1.0	39.99201	TRUE		NaN	NaN	NaN	NaN	NaN	NaN	NaN	NaN	NaN
SPIKE	S98:A>C	4	57321	6.978245E-5	13.290587	40.0	TRUE	A	1.3697532E-4	38.0	9.6122426E-4	0.98477584	125.38297	0.20681885	0.13867854	112.0	0.0
SPIKE	S98:A>T	4	57321	6.978245E-5	3.6487768	40.0	TRUE	A	6.05632E-4	157.0	5.750839E-4	0.93441856	92.63778	0.22124465	0.1323826	112.0	0.0
SPIKE	S98:A>G	91	57321	0.0015875509	249.66609	40.0	TRUE	A	5.1608536E-4	164.0	7.3963177E-4	0.9438372	204.3396	0.1805148	0.12572728	112.0	0.0
SPIKE	D98-99:A>	1	57321	1.7445613E-5	-1.0	39.98983	TRUE		NaN	NaN	NaN	NaN	NaN	NaN	NaN	NaN	NaN
SPIKE	I98:>GTC	5	57321	8.7228065E-5	-1.0	39.98983	TRUE		NaN	NaN	NaN	NaN	NaN	NaN	NaN	NaN	NaN
SPIKE	D98-101:ATC>	3	57321	5.233684E-5	-1.0	39.98983	TRUE		NaN	NaN	NaN	NaN	NaN	NaN	NaN	NaN	NaN
SPIKE	S99:T>C	39	57321	6.8037893E-4	79.196175	40.0	TRUE	T	7.373973E-4	228.0	7.7152316E-4	0.92072994	204.3396	0.18553065	0.13957168	112.0	0.0
SPIKE	S99:T>A	14	57321	2.442386E-4	43.393585	40.0	TRUE	T	1.8101411E-4	50.0	5.282005E-4	0.9799305	92.63778	0.20762786	0.13190661	112.0	0.0
SPIKE	S99:T>G	2	57321	3.4891225E-5	2.2639637	40.0	TRUE	T	4.4978742E-4	7.0	4.6399867E-4	0.95087165	125.38297	0.20572357	0.12743737	112.0	1.0
SPIKE	S100:C>T	84	57321	0.0014654315	217.66385	40.0	TRUE	C	5.7505036E-4	185.0	7.613548E-4	0.9376246	174.74434	0.17831123	0.12313763	112.0	0.0
SPIKE	S100:C>A	14	57321	2.442386E-4	34.27314	40.0	TRUE	C	3.1773982E-4	8.0	6.358872E-4	0.9650389	98.65059	0.18474044	0.14813414	112.0	1.0
SPIKE	S100:C>G	8	57321	1.395649E-4	7.8612313	40.0	TRUE	C	7.0851337E-4	187.0	3.175252E-4	0.9237133	160.87129	0.21724917	0.16443336	112.0	0.0
SPIKE	S101:G>C	36	57321	6.280421E-4	109.620186	40.0	TRUE	G	2.2470116E-4	61.0	3.6201027E-4	0.9751475	160.87129	0.21122555	0.1483621	112.0	0.0
SPIKE	S101:G>A	78	57321	0.0013607579	211.84773	40.0	TRUE	G	4.2724595E-4	135.0	6.7397655E-4	0.9532753	174.74434	0.18153098	0.12971206	112.0	0.0
SPIKE	S101:G>T	0	57321	0.0	-1.0	0.0	TRUE	G	5.210611E-4	146.0	5.236207E-4	0.9433114	98.65059	0.20468076	0.13253334	112.0	0.0
SPIKE	S102:T>C	74	57321	0.0012909754	200.25494	39.945946	TRUE	T	4.818956E-4	149.0	7.7152316E-4	0.9474583	204.3396	0.18553065	0.13957168	112.0	0.0
SPIKE	S102:T>A	23	57321	4.012491E-4	-1.0	40.0	TRUE	T	5.7924513E-5	16.0	5.282005E-4	0.99353343	92.63778	0.20762786	0.13190661	112.0	0.0
SPIKE	S102:T>G	3	57321	5.233684E-5	2.3797824	40.0	TRUE	T	6.5647747E-4	183.0	4.6399867E-4	0.9291125	125.38297	0.20572357	0.12743737	112.0	0.0
SPIKE	D102-105:TGG>	1	57321	1.7445613E-5	-1.0	39.990997	TRUE		NaN	NaN	NaN	NaN	NaN	NaN	NaN	NaN	NaN
SPIKE	S103:G>C	24	57321	4.1869472E-4	73.49659	40.0	TRUE	G	1.2524327E-4	34.0	3.6201027E-4	0.9860707	160.87129	0.21122555	0.1483621	112.0	0.0
SPIKE	S103:G>T	3	57321	5.233684E-5	10.280287	40.0	TRUE	G	1.1420517E-4	32.0	5.236207E-4	0.9872905	98.65059	0.20468076	0.13253334	112.0	0.0
SPIKE	S103:G>A	35	57321	6.1059644E-4	93.899216	40.0	TRUE	G	2.3419407E-4	74.0	6.7397655E-4	0.97411126	174.74434	0.18153098	0.12971206	112.0	0.0
SPIKE	D103-104:G>	16	57321	2.791298E-4	-1.0	39.993214	TRUE		NaN	NaN	NaN	NaN	NaN	NaN	NaN	NaN	NaN
SPIKE	S104:G>C	30	57321	5.233684E-4	56.184185	40.0	TRUE	G	7.072561E-4	192.0	3.6201027E-4	0.92384344	160.87129	0.21122555	0.1483621	112.0	0.0
SPIKE	S104:G>T	6	57321	1.0467368E-4	-1.0	40.0	TRUE	G	3.5689118E-5	10.0	5.236207E-4	0.9960108	98.65059	0.20468076	0.13253334	112.0	0.0
SPIKE	S104:G>A	28	57321	4.884772E-4	73.72888	40.0	TRUE	G	3.7027983E-4	117.0	6.7397655E-4	0.9593768	174.74434	0.18153098	0.12971206	112.0	0.0
SPIKE	S105:C>T	68	57321	0.0011863017	172.18135	40.0	TRUE	C	6.2789285E-4	202.0	7.613548E-4	0.9320918	174.74434	0.17831123	0.12313763	112.0	0.0
SPIKE	S105:C>A	15	57321	2.616842E-4	-1.0	40.0	TRUE	C	4.8312915E-5	15.0	6.358872E-4	0.9946036	98.65059	0.18474044	0.14813414	112.0	0.0
SPIKE	S105:C>G	28	57321	4.884772E-4	45.819233	40.0	TRUE	C	0.0010002542	264.0	3.175252E-4	0.8940188	160.87129	0.21724917	0.16443336	112.0	0.0
SPIKE	D105-106:C>	26	57321	4.5358593E-4	-1.0	39.968616	TRUE		NaN	NaN	NaN	NaN	NaN	NaN	NaN	NaN	NaN
SPIKE	D105-107:CG>	5	57321	8.7228065E-5	-1.0	39.968616	TRUE		NaN	NaN	NaN	NaN	NaN	NaN	NaN	NaN	NaN
SPIKE	S106:G>C	33	57321	5.7570526E-4	88.11774	40.0	TRUE	G	2.5417015E-4	69.0	3.6201027E-4	0.9719343	160.87129	0.21122555	0.1483621	112.0	0.0
SPIKE	S106:G>T	5	57321	8.7228065E-5	10.658173	40.0	TRUE	G	3.5207524E-4	6.0	5.236207E-4	0.9613349	98.65059	0.20468076	0.13253334	112.0	1.0
SPIKE	S106:G>A	71	57321	0.0012386385	180.66544	40.0	TRUE	G	5.728261E-4	181.0	6.7397655E-4	0.9378582	174.74434	0.18153098	0.12971206	112.0	0.0
SPIKE	D106-107:G>	6	57321	1.0467368E-4	-1.0	39.99086	TRUE		NaN	NaN	NaN	NaN	NaN	NaN	NaN	NaN	NaN
SPIKE	S107:G>C	42	57321	7.3271577E-4	80.19312	40.0	TRUE	G	9.466917E-4	257.0	3.6201027E-4	0.89939815	160.87129	0.21122555	0.1483621	112.0	0.0
SPIKE	S107:G>T	9	57321	1.5701052E-4	20.808811	40.0	TRUE	G	3.5207524E-4	9.0	5.236207E-4	0.9613349	98.65059	0.20468076	0.13253334	112.0	1.0
SPIKE	S107:G>A	20	57321	3.4891226E-4	43.298504	40.0	TRUE	G	4.177516E-4	132.0	6.7397655E-4	0.9542895	174.74434	0.18153098	0.12971206	112.0	0.0
SPIKE	S108:C>T	31	57321	5.40814E-4	82.3502	40.0	TRUE	C	2.984045E-4	96.0	7.613548E-4	0.967131	174.74434	0.17831123	0.12313763	112.0	0.0
SPIKE	S108:C>A	9	57321	1.5701052E-4	12.2497015	40.0	TRUE	C	6.2162615E-4	193.0	6.358872E-4	0.93274623	98.65059	0.18474044	0.14813414	112.0	0.0
SPIKE	S108:C>G	34	57321	5.9315085E-4	91.006836	40.0	TRUE	C	3.2584037E-4	86.0	3.175252E-4	0.9641638	160.87129	0.21724917	0.16443336	112.0	0.0
SPIKE	S109:A>C	5	57321	8.7228065E-5	16.300888	40.0	TRUE	A	1.9104451E-4	53.0	9.6122426E-4	0.9788303	125.38297	0.20681885	0.13867854	112.0	0.0
SPIKE	S109:A>T	12	57321	2.0934736E-4	-1.0	40.0	TRUE	A	6.1720464E-5	16.0	5.750839E-4	0.99311113	92.63778	0.22124465	0.1323826	112.0	0.0
SPIKE	S109:A>G	56	57321	9.769544E-4	109.381546	39.857143	TRUE	A	0.0010667862	339.0	7.3963177E-4	0.88738173	204.3396	0.1805148	0.12572728	112.0	0.0
SPIKE	S110:G>C	25	57321	4.3614034E-4	43.893612	40.0	TRUE	G	8.251321E-4	224.0	3.6201027E-4	0.9117269	160.87129	0.21122555	0.1483621	112.0	0.0
SPIKE	S110:G>T	6	57321	1.0467368E-4	19.311188	40.0	TRUE	G	1.534632E-4	43.0	5.236207E-4	0.982959	98.65059	0.20468076	0.13253334	112.0	0.0
SPIKE	S110:G>A	31	57321	5.40814E-4	73.00521	40.0	TRUE	G	4.2724595E-4	135.0	6.7397655E-4	0.9532753	174.74434	0.18153098	0.12971206	112.0	0.0
SPIKE	S111:C>T	65	57321	0.0011339649	174.26482	40.0	TRUE	C	4.103062E-4	132.0	7.613548E-4	0.95508564	174.74434	0.17831123	0.12313763	112.0	0.0
SPIKE	S111:C>A	9	57321	1.5701052E-4	20.808811	40.0	TRUE	C	3.1773982E-4	8.0	6.358872E-4	0.9650389	98.65059	0.18474044	0.14813414	112.0	1.0
SPIKE	S111:C>G	17	57321	2.9657542E-4	18.435606	40.0	TRUE	C	0.0010646646	281.0	3.175252E-4	0.8875926	160.87129	0.21724917	0.16443336	112.0	0.0
SPIKE	D111-112:C>	1	57321	1.7445613E-5	-1.0	39.98784	TRUE		NaN	NaN	NaN	NaN	NaN	NaN	NaN	NaN	NaN
SPIKE	S112:G>C	37	57319	6.455102E-4	99.69318	40.0	TRUE	G	3.8311043E-4	104.0	3.6201027E-4	0.95799917	160.86568	0.21122555	0.1483621	112.0	0.0
SPIKE	S112:G>A	71	57319	0.0012386817	191.57625	40.0	TRUE	G	4.589098E-4	145.0	6.7397655E-4	0.9499006	174.73824	0.18153098	0.12971206	112.0	0.0
SPIKE	D112-113:G>	1	57319	1.7446222E-5	-1.0	39.991642	TRUE		NaN	NaN	NaN	NaN	NaN	NaN	NaN	NaN	NaN
SPIKE	S112:G>T	0	57319	0.0	-1.0	0.0	TRUE	G	6.6384074E-4	186.0	5.236207E-4	0.9283466	98.64715	0.20468076	0.13253334	112.0	0.0
SPIKE	S113:T>C	60	57319	0.0010467733	135.50508	40.0	TRUE	T	7.1801717E-4	222.0	7.7152316E-4	0.9227306	204.33247	0.18553065	0.13957168	112.0	0.0
SPIKE	S113:T>G	1	57319	1.7446222E-5	0.17304859	40.0	TRUE	T	8.896836E-4	248.0	4.6399867E-4	0.9051591	125.3786	0.20572357	0.12743737	112.0	0.0
SPIKE	S113:T>A	15	57319	2.6169332E-4	-1.0	40.0	TRUE	T	6.878776E-5	19.0	5.282005E-4	0.99232537	92.63455	0.20762786	0.13190661	112.0	0.0
SPIKE	D113-115:TG>	2	57319	3.4892444E-5	-1.0	39.98409	TRUE		NaN	NaN	NaN	NaN	NaN	NaN	NaN	NaN	NaN
SPIKE	S114:G>T	3	57319	5.2338666E-5	10.280287	40.0	TRUE	G	1.8202084E-4	51.0	5.236207E-4	0.9798201	98.64715	0.20468076	0.13253334	112.0	0.0
SPIKE	S114:G>C	30	57319	5.2338664E-4	79.47218	40.0	TRUE	G	2.873328E-4	78.0	3.6201027E-4	0.96833104	160.86568	0.21122555	0.1483621	112.0	0.0
SPIKE	S114:G>A	37	57319	6.455102E-4	67.61125	40.0	TRUE	G	8.576866E-4	271.0	6.7397655E-4	0.9084087	174.73824	0.18153098	0.12971206	112.0	0.0
SPIKE	D114-115:G>	1	57319	1.7446222E-5	-1.0	39.989254	TRUE		NaN	NaN	NaN	NaN	NaN	NaN	NaN	NaN	NaN
SPIKE	S115:A>T	24	57319	4.1870933E-4	62.301826	39.958332	TRUE	A	2.5074813E-4	65.0	5.750839E-4	0.9723069	92.63455	0.22124465	0.1323826	112.0	0.0
SPIKE	S115:A>C	7	57319	1.2212356E-4	6.3054132	40.0	TRUE	A	7.4978574E-4	208.0	9.6122426E-4	0.9194533	125.3786	0.20681885	0.13867854	112.0	0.0
SPIKE	S115:A>G	36	57319	6.28064E-4	78.57346	40.0	TRUE	A	5.8848376E-4	187.0	7.3963177E-4	0.9362149	204.33247	0.1805148	0.12572728	112.0	0.0
SPIKE	S116:C>T	24	57319	4.1870933E-4	73.49659	40.0	TRUE	C	2.3002818E-4	74.0	7.613548E-4	0.97456586	174.73824	0.17831123	0.12313763	112.0	0.0
SPIKE	S116:C>G	72	57319	0.001256128	207.13927	40.0	TRUE	C	2.7280612E-4	72.0	3.175252E-4	0.96990776	160.86568	0.21724917	0.16443336	112.0	0.0
SPIKE	S116:C>A	4	57319	6.978489E-5	8.284564	40.0	TRUE	C	2.770037E-4	86.0	6.358872E-4	0.9694519	98.64715	0.18474044	0.14813414	112.0	0.0
SPIKE	D116-117:C>	4	57319	6.978489E-5	-1.0	39.98878	TRUE		NaN	NaN	NaN	NaN	NaN	NaN	NaN	NaN	NaN
SPIKE	S117:C>T	16	57319	2.7913955E-4	19.635284	40.0	TRUE	C	9.3565515E-4	301.0	7.613548E-4	0.90051055	174.73824	0.17831123	0.12313763	112.0	0.0
SPIKE	S117:C>G	12	57319	2.0935466E-4	-1.0	40.0	TRUE	C	5.3045635E-5	14.0	3.175252E-4	0.9940765	160.86568	0.21724917	0.16443336	112.0	0.0
SPIKE	S117:C>A	22	57319	3.838169E-4	67.47598	40.0	TRUE	C	1.09513094E-4	34.0	6.358872E-4	0.9878094	98.64715	0.18474044	0.14813414	112.0	0.0
SPIKE	S118:T>C	35	57319	6.1061775E-4	84.07732	40.0	TRUE	T	5.304271E-4	164.0	7.7152316E-4	0.9423224	204.33247	0.18553065	0.13957168	112.0	0.0
SPIKE	S118:T>G	1	57319	1.7446222E-5	4.2596874	40.0	TRUE	T	1.6502195E-4	46.0	4.6399867E-4	0.9816873	125.3786	0.20572357	0.12743737	112.0	0.0
SPIKE	S118:T>A	14	57319	2.4424712E-4	19.02269	40.0	TRUE	T	8.2183274E-4	227.0	5.282005E-4	0.91206384	92.63455	0.20762786	0.13190661	112.0	0.0
SPIKE	D118-119:T>	3	57319	5.2338666E-5	-1.0	39.986286	TRUE		NaN	NaN	NaN	NaN	NaN	NaN	NaN	NaN	NaN
SPIKE	S119:A>T	16	57319	2.7913955E-4	14.0601015	40.0	TRUE	A	0.0011843027	307.0	5.750839E-4	0.8757787	92.63455	0.22124465	0.1323826	112.0	0.0
SPIKE	S119:A>C	2	57319	3.4892444E-5	7.269987	40.0	TRUE	A	1.00932695E-4	28.0	9.6122426E-4	0.9887592	125.3786	0.20681885	0.13867854	112.0	0.0
SPIKE	S119:A>G	46	57319	8.025262E-4	114.976166	40.0	TRUE	A	4.0595938E-4	129.0	7.3963177E-4	0.95555073	204.33247	0.1805148	0.12572728	112.0	0.0
SPIKE	D119-121:AT>	1	57319	1.7446222E-5	-1.0	39.987335	TRUE		NaN	NaN	NaN	NaN	NaN	NaN	NaN	NaN	NaN
SPIKE	S120:T>C	69	57319	0.0012037894	185.79863	40.0	TRUE	T	3.94586E-4	122.0	7.7152316E-4	0.9567687	204.33247	0.18553065	0.13957168	112.0	0.0
SPIKE	S120:T>G	6	57319	1.0467733E-4	3.5300503	40.0	TRUE	T	9.0762076E-4	253.0	4.6399867E-4	0.9033425	125.3786	0.20572357	0.12743737	112.0	0.0
SPIKE	S120:T>A	9	57319	1.57016E-4	20.808811	40.0	TRUE	T	2.498082E-4	69.0	5.282005E-4	0.97240925	92.63455	0.20762786	0.13190661	112.0	0.0
SPIKE	S121:G>T	2	57319	3.4892444E-5	0.28028724	40.0	TRUE	G	0.0010742799	301.0	5.236207E-4	0.8866373	98.64715	0.20468076	0.13253334	112.0	0.0
SPIKE	S121:G>C	32	57319	5.582791E-4	97.57899	40.0	TRUE	G	1.3998266E-4	38.0	3.6201027E-4	0.9844442	160.86568	0.21122555	0.1483621	112.0	0.0
SPIKE	S121:G>A	61	57319	0.0010642195	174.73528	40.0	TRUE	G	3.0699483E-4	97.0	6.7397655E-4	0.96620095	174.73824	0.18153098	0.12971206	112.0	0.0
SPIKE	S122:T>C	56	57319	9.769885E-4	133.42879	40.0	TRUE	T	6.6626817E-4	206.0	7.7152316E-4	0.9280942	204.33247	0.18553065	0.13957168	112.0	0.0
SPIKE	S122:T>A	24	57319	4.1870933E-4	73.49659	40.0	TRUE	T	1.3033471E-4	36.0	5.282005E-4	0.98550856	92.63455	0.20762786	0.13190661	112.0	0.0
SPIKE	S122:T>G	0	57319	0.0	-1.0	0.0	TRUE	T	0.0010977547	306.0	4.6399867E-4	0.8843092	125.3786	0.20572357	0.12743737	112.0	0.0
SPIKE	S123:G>T	1	57319	1.7446222E-5	0.17304859	40.0	TRUE	G	9.4579457E-4	265.0	5.236207E-4	0.8994885	98.64715	0.20468076	0.13253334	112.0	0.0
SPIKE	S123:G>C	10	57319	1.7446221E-4	31.352386	40.0	TRUE	G	1.9892272E-4	54.0	3.6201027E-4	0.977967	160.86568	0.21122555	0.1483621	112.0	0.0
SPIKE	S123:G>A	35	57319	6.1061775E-4	93.899216	39.942856	TRUE	G	2.4686183E-4	78.0	6.7397655E-4	0.9727302	174.73824	0.18153098	0.12971206	112.0	0.0
SPIKE	S124:T>C	83	57319	0.0014480364	214.80594	40.0	TRUE	T	6.500966E-4	201.0	7.7152316E-4	0.9297767	204.33247	0.18553065	0.13957168	112.0	0.0
SPIKE	S124:T>A	17	57319	2.965858E-4	52.424488	40.0	TRUE	T	9.775103E-5	27.0	5.282005E-4	0.9891116	92.63455	0.20762786	0.13190661	112.0	0.0
SPIKE	D124-126:TG>	1	57319	1.7446222E-5	-1.0	39.985416	TRUE		NaN	NaN	NaN	NaN	NaN	NaN	NaN	NaN	NaN
SPIKE	S124:T>G	0	57319	0.0	-1.0	0.0	TRUE	T	0.0011049296	308.0	4.6399867E-4	0.88359886	125.3786	0.20572357	0.12743737	112.0	0.0
SPIKE	S125:G>T	2	57319	3.4892444E-5	7.269987	40.0	TRUE	G	2.0343506E-4	57.0	5.236207E-4	0.9774729	98.64715	0.20468076	0.13253334	112.0	0.0
SPIKE	S125:G>C	34	57319	5.931716E-4	66.29316	40.0	TRUE	G	8.3621213E-4	227.0	3.6201027E-4	0.9105962	160.86568	0.21122555	0.1483621	112.0	0.0
SPIKE	S125:G>A	27	57319	4.71048E-4	82.52749	40.0	TRUE	G	2.2470756E-4	71.0	6.7397655E-4	0.97514683	174.73824	0.18153098	0.12971206	112.0	0.0
SPIKE	D125-126:G>	1	57319	1.7446222E-5	-1.0	39.992535	TRUE		NaN	NaN	NaN	NaN	NaN	NaN	NaN	NaN	NaN
SPIKE	I126:>TG	1	57319	1.7446222E-5	-1.0	39.973255	TRUE		NaN	NaN	NaN	NaN	NaN	NaN	NaN	NaN	NaN
SPIKE	S126:C>T	62	57319	0.0010816657	158.5904	40.0	TRUE	C	4.724903E-4	152.0	7.613548E-4	0.94845694	174.73824	0.17831123	0.12313763	112.0	0.0
SPIKE	S126:C>G	18	57319	3.14032E-4	17.43255	40.0	TRUE	C	0.0012655173	334.0	3.175252E-4	0.86784863	160.86568	0.21724917	0.16443336	112.0	0.0
SPIKE	S126:C>A	16	57319	2.7913955E-4	49.41419	40.0	TRUE	C	1.7071159E-4	53.0	6.358872E-4	0.98106194	98.64715	0.18474044	0.14813414	112.0	0.0
SPIKE	D126-127:C>	24	57319	4.1870933E-4	-1.0	39.973255	TRUE		NaN	NaN	NaN	NaN	NaN	NaN	NaN	NaN	NaN
SPIKE	D126-128:CG>	1	57319	1.7446222E-5	-1.0	39.973255	TRUE		NaN	NaN	NaN	NaN	NaN	NaN	NaN	NaN	NaN
SPIKE	S127:G>T	2	57319	3.4892444E-5	-1.0	40.0	TRUE	G	3.9259397E-5	11.0	5.236207E-4	0.9956126	98.64715	0.20468076	0.13253334	112.0	0.0
SPIKE	S127:G>C	14	57319	2.4424712E-4	34.27314	40.0	TRUE	G	3.8311043E-4	104.0	3.6201027E-4	0.95799917	160.86568	0.21122555	0.1483621	112.0	0.0
SPIKE	S127:G>A	60	57319	0.0010467733	154.8871	40.0	TRUE	G	4.019417E-4	127.0	6.7397655E-4	0.9559808	174.73824	0.18153098	0.12971206	112.0	0.0
SPIKE	D127-128:G>	4	57319	6.978489E-5	-1.0	39.99175	TRUE		NaN	NaN	NaN	NaN	NaN	NaN	NaN	NaN	NaN
SPIKE	S128:G>A	17	57319	2.965858E-4	42.57172	40.0	TRUE	G	2.690161E-4	85.0	6.7397655E-4	0.97031957	174.73824	0.18153098	0.12971206	112.0	0.0
SPIKE	S128:G>C	16	57319	2.7913955E-4	19.635284	40.0	TRUE	G	9.0251974E-4	245.0	3.6201027E-4	0.9038587	160.86568	0.21122555	0.1483621	112.0	0.0
SPIKE	S128:G>T	8	57319	1.3956978E-4	-1.0	40.0	TRUE	G	4.6397472E-5	13.0	5.236207E-4	0.99481696	98.64715	0.20468076	0.13253334	112.0	0.0
SPIKE	S129:C>A	9	57317	1.5702148E-4	28.342087	40.0	TRUE	C	1.9326515E-4	60.0	6.358872E-4	0.9785869	98.64371	0.18474044	0.14813414	112.0	0.0
SPIKE	S129:C>G	18	57317	3.1404296E-4	14.95673	40.0	TRUE	C	0.0013223981	349.0	3.175252E-4	0.86233747	160.86006	0.21724917	0.16443336	112.0	0.0
SPIKE	S129:C>T	65	57317	0.001134044	174.26482	40.0	TRUE	C	4.94267E-4	159.0	7.613548E-4	0.9461465	174.73215	0.17831123	0.12313763	112.0	0.0
SPIKE	D129-130:C>	22	57317	3.8383028E-4	-1.0	39.974335	TRUE		NaN	NaN	NaN	NaN	NaN	NaN	NaN	NaN	NaN
SPIKE	S130:G>A	68	57317	0.0011863845	172.18135	40.0	TRUE	G	5.7603105E-4	182.0	6.7397655E-4	0.9375216	174.73215	0.18153098	0.12971206	112.0	0.0
SPIKE	S130:G>C	8	57317	1.3957465E-4	13.595069	40.0	TRUE	G	4.1259485E-4	112.0	3.6201027E-4	0.95484084	160.86006	0.21122555	0.1483621	112.0	0.0
SPIKE	D130-131:G>	4	57317	6.9787326E-5	-1.0	39.98259	TRUE		NaN	NaN	NaN	NaN	NaN	NaN	NaN	NaN	NaN
SPIKE	D130-133:GGC>	14	57317	2.4425564E-4	-1.0	39.98259	TRUE		NaN	NaN	NaN	NaN	NaN	NaN	NaN	NaN	NaN
SPIKE	S130:G>T	0	57317	0.0	-1.0	0.0	TRUE	G	3.5207524E-4	4.0	5.236207E-4	0.9613349	98.64371	0.20468076	0.13253334	112.0	1.0
SPIKE	S131:G>A	20	57317	3.4893662E-4	43.298504	40.0	TRUE	G	5.41216E-4	171.0	6.7397655E-4	0.9411844	174.73215	0.18153098	0.12971206	112.0	0.0
SPIKE	S131:G>C	42	57317	7.327669E-4	74.02984	40.0	TRUE	G	0.0011235842	305.0	3.6201027E-4	0.88175464	160.86006	0.21122555	0.1483621	112.0	0.0
SPIKE	S131:G>T	11	57317	1.9191514E-4	-1.0	40.0	TRUE	G	3.5691606E-5	10.0	5.236207E-4	0.99601054	98.64371	0.20468076	0.13253334	112.0	0.0
SPIKE	S132:C>A	8	57316	1.3957708E-4	5.998918	40.0	TRUE	C	9.98554E-4	310.0	6.358872E-4	0.89418906	98.64198	0.18474044	0.14813414	112.0	0.0
SPIKE	S132:C>G	40	57316	6.978854E-4	98.05198	40.0	TRUE	C	5.191166E-4	137.0	3.175252E-4	0.94351685	160.85725	0.21724917	0.16443336	112.0	0.0
SPIKE	S132:C>T	33	57316	5.757555E-4	88.11774	39.727272	TRUE	C	3.730382E-4	120.0	7.613548E-4	0.9590805	174.7291	0.17831123	0.12313763	112.0	0.0
SPIKE	S133:A>G	2	57312	3.4896704E-5	0.47457275	40.0	TRUE	A	9.2847005E-4	295.0	7.3963177E-4	0.9012355	204.30753	0.1805148	0.12572728	112.0	0.0
SPIKE	S133:A>C	1	57312	1.7448352E-5	0.17304859	40.0	TRUE	A	9.517674E-4	264.0	9.6122426E-4	0.898887	125.36329	0.20681885	0.13867854	112.0	0.0
SPIKE	I133:>GGCTGATT	1	57312	1.7448352E-5	-1.0	39.98878	TRUE		NaN	NaN	NaN	NaN	NaN	NaN	NaN	NaN	NaN
SPIKE	S133:A>T	0	57312	0.0	-1.0	0.0	TRUE	A	3.5735292E-4	4.0	5.750839E-4	0.96076685	92.62324	0.22124465	0.1323826	112.0	1.0
SPIKE	S134:G>A	90	57312	0.0015703518	205.33838	40.0	TRUE	G	0.0010413777	329.0	6.7397655E-4	0.8899106	174.7169	0.18153098	0.12971206	112.0	0.0
SPIKE	S134:G>C	8	57312	1.3958682E-4	4.5662546	40.0	TRUE	G	0.0011052612	300.0	3.6201027E-4	0.883566	160.84602	0.21122555	0.1483621	112.0	0.0
SPIKE	S134:G>T	1	57312	1.7448352E-5	2.0412	40.0	TRUE	G	2.3915463E-4	67.0	5.236207E-4	0.9735702	98.6351	0.20468076	0.13253334	112.0	0.0
SPIKE	I135:>C	10	57311	1.7448657E-4	-1.0	39.99056	TRUE		NaN	NaN	NaN	NaN	NaN	NaN	NaN	NaN	NaN
SPIKE	S135:C>A	20	57311	3.4897315E-4	50.97615	40.0	TRUE	C	2.4482814E-4	76.0	6.358872E-4	0.97295177	98.63338	0.18474044	0.14813414	112.0	0.0
SPIKE	S135:C>G	2	57311	3.4897315E-5	2.2639637	40.0	TRUE	C	5.2295136E-4	138.0	3.175252E-4	0.9431117	160.84322	0.21724917	0.16443336	112.0	0.0
SPIKE	S135:C>T	26	57311	4.536651E-4	59.339897	40.0	TRUE	C	5.316258E-4	171.0	7.613548E-4	0.9421959	174.71385	0.17831123	0.12313763	112.0	0.0
SPIKE	D135-136:C>	40	57311	6.979463E-4	-1.0	39.99056	TRUE		NaN	NaN	NaN	NaN	NaN	NaN	NaN	NaN	NaN
SPIKE	S136:C>A	7	57311	1.221406E-4	11.410683	40.0	TRUE	C	4.3811352E-4	136.0	6.358872E-4	0.9521157	98.63338	0.18474044	0.14813414	112.0	0.0
SPIKE	S136:C>G	3	57311	5.234597E-5	10.280287	40.0	TRUE	C	2.0842266E-4	55.0	3.175252E-4	0.976927	160.84322	0.21724917	0.16443336	112.0	0.0
SPIKE	S136:C>T	32	57311	5.5835705E-4	50.150024	40.0	TRUE	C	0.0011471926	369.0	7.613548E-4	0.87942624	174.71385	0.17831123	0.12313763	112.0	0.0
SPIKE	I137:>T	9	57279	1.5712564E-4	-1.0	39.45633	TRUE		NaN	NaN	NaN	NaN	NaN	NaN	NaN	NaN	NaN
SPIKE	S137:T>A	21	57279	3.666265E-4	45.93784	39.095238	TRUE	T	3.9852303E-4	110.0	5.282005E-4	0.95634687	92.56991	0.20762786	0.13190661	112.0	0.0
SPIKE	S137:T>G	4	57279	6.983362E-5	0.7240611	39.5	TRUE	T	0.0011882698	331.0	4.6399867E-4	0.87538964	125.29111	0.20572357	0.12743737	112.0	0.0
SPIKE	S137:T>C	7	57279	1.2220883E-4	11.410683	35.857143	TRUE	T	5.1785127E-4	160.0	7.7152316E-4	0.94365054	204.18988	0.18553065	0.13957168	112.0	0.0
SPIKE	D137-138:T>	32	57279	5.58669E-4	-1.0	39.45633	TRUE		NaN	NaN	NaN	NaN	NaN	NaN	NaN	NaN	NaN
SPIKE	D137-139:TG>	7	57279	1.2220883E-4	-1.0	39.45633	TRUE		NaN	NaN	NaN	NaN	NaN	NaN	NaN	NaN	NaN
SPIKE	I138:>G	5	57278	8.729355E-5	-1.0	39.43809	TRUE		NaN	NaN	NaN	NaN	NaN	NaN	NaN	NaN	NaN
SPIKE	S138:G>A	21	57278	3.666329E-4	19.97355	38.61905	TRUE	G	0.0013935507	440.0	6.7397655E-4	0.8554927	174.61325	0.18153098	0.12971206	112.0	0.0
SPIKE	S138:G>C	2	57278	3.491742E-5	7.269987	36.5	TRUE	G	8.1100596E-5	22.0	3.6201027E-4	0.99095786	160.75061	0.21122555	0.1483621	112.0	0.0
SPIKE	D138-139:G>	15	57278	2.6188066E-4	-1.0	39.43809	TRUE		NaN	NaN	NaN	NaN	NaN	NaN	NaN	NaN	NaN
SPIKE	I138:>CT	1	57278	1.745871E-5	-1.0	39.43809	TRUE		NaN	NaN	NaN	NaN	NaN	NaN	NaN	NaN	NaN
SPIKE	D138-140:GA>	2	57278	3.491742E-5	-1.0	39.43809	TRUE		NaN	NaN	NaN	NaN	NaN	NaN	NaN	NaN	NaN
SPIKE	D138-142:GATT>	2	57278	3.491742E-5	-1.0	39.43809	TRUE		NaN	NaN	NaN	NaN	NaN	NaN	NaN	NaN	NaN
SPIKE	D138-141:GAT>	2	57278	3.491742E-5	-1.0	39.43809	TRUE		NaN	NaN	NaN	NaN	NaN	NaN	NaN	NaN	NaN
SPIKE	S138:G>T	0	57278	0.0	-1.0	0.0	TRUE	G	7.893216E-4	221.0	5.236207E-4	0.91539097	98.576584	0.20468076	0.13253334	112.0	0.0
SPIKE	D139-141:AT>	6	57271	1.04765066E-4	-1.0	39.129753	TRUE		NaN	NaN	NaN	NaN	NaN	NaN	NaN	NaN	NaN
SPIKE	D139-140:A>	18	57271	3.142952E-4	-1.0	39.129753	TRUE		NaN	NaN	NaN	NaN	NaN	NaN	NaN	NaN	NaN
SPIKE	I139:>A	6	57271	1.04765066E-4	-1.0	39.129753	TRUE		NaN	NaN	NaN	NaN	NaN	NaN	NaN	NaN	NaN
SPIKE	D139-143:ATTA>	1	57271	1.7460845E-5	-1.0	39.129753	TRUE		NaN	NaN	NaN	NaN	NaN	NaN	NaN	NaN	NaN
SPIKE	S139:A>G	0	57271	0.0	-1.0	0.0	TRUE	A	4.7874064E-4	152.0	7.3963177E-4	0.9477932	204.16136	0.1805148	0.12572728	112.0	0.0
SPIKE	S139:A>C	0	57271	0.0	-1.0	0.0	TRUE	A	4.1128468E-4	114.0	9.6122426E-4	0.95498097	125.273605	0.20681885	0.13867854	112.0	0.0
SPIKE	S139:A>T	0	57271	0.0	-1.0	0.0	TRUE	A	0.0017374035	450.0	5.750839E-4	0.82317275	92.55698	0.22124465	0.1323826	112.0	0.0
SPIKE	I140:>T	12	57268	2.095411E-4	-1.0	39.464935	TRUE		NaN	NaN	NaN	NaN	NaN	NaN	NaN	NaN	NaN
SPIKE	D140-144:TTAG>	3	57268	5.2385276E-5	-1.0	39.464935	TRUE		NaN	NaN	NaN	NaN	NaN	NaN	NaN	NaN	NaN
SPIKE	D140-143:TTA>	5	57268	8.730879E-5	-1.0	39.464935	TRUE		NaN	NaN	NaN	NaN	NaN	NaN	NaN	NaN	NaN
SPIKE	S140:T>A	2	57268	3.4923516E-5	0.7986036	39.0	TRUE	T	8.4068277E-4	232.0	5.282005E-4	0.91014034	92.55213	0.20762786	0.13190661	112.0	0.0
SPIKE	S140:T>G	3	57268	5.2385276E-5	6.0206	39.333332	TRUE	T	3.5906286E-4	100.0	4.6399867E-4	0.96058285	125.267044	0.20572357	0.12743737	112.0	0.0
SPIKE	S140:T>C	4	57268	6.984703E-5	13.290587	36.5	TRUE	T	1.2625048E-4	39.0	7.7152316E-4	0.9859595	204.15067	0.18553065	0.13957168	112.0	0.0
SPIKE	D140-141:T>	65	57268	0.0011350143	-1.0	39.464935	TRUE		NaN	NaN	NaN	NaN	NaN	NaN	NaN	NaN	NaN
SPIKE	D140-142:TT>	2	57268	3.4923516E-5	-1.0	39.464935	TRUE		NaN	NaN	NaN	NaN	NaN	NaN	NaN	NaN	NaN
SPIKE	S141:T>A	32	57254	5.589129E-4	25.550701	39.34375	TRUE	T	0.002229079	615.0	5.282005E-4	0.77906805	92.5295	0.20762786	0.13190661	112.0	0.0
SPIKE	S141:T>G	3	57254	5.2398085E-5	3.748162	40.0	TRUE	T	4.2020626E-4	117.0	4.6399867E-4	0.9540272	125.23642	0.20572357	0.12743737	112.0	0.0
SPIKE	S141:T>C	5	57254	8.733014E-5	7.3154635	36.4	TRUE	T	3.9503397E-4	122.0	7.7152316E-4	0.95672065	204.10075	0.18553065	0.13957168	112.0	0.0
SPIKE	S142:A>G	1	57246	1.746847E-5	0.0022536993	40.0	TRUE	A	0.002035536	646.0	7.3963177E-4	0.79614013	204.07224	0.1805148	0.12572728	112.0	0.0
SPIKE	D142-143:A>	29	57246	5.0658564E-4	-1.0	39.179943	TRUE		NaN	NaN	NaN	NaN	NaN	NaN	NaN	NaN	NaN
SPIKE	I142:>A	4	57246	6.987388E-5	-1.0	39.179943	TRUE		NaN	NaN	NaN	NaN	NaN	NaN	NaN	NaN	NaN
SPIKE	D142-144:AG>	1	57246	1.746847E-5	-1.0	39.179943	TRUE		NaN	NaN	NaN	NaN	NaN	NaN	NaN	NaN	NaN
SPIKE	D142-145:AGC>	2	57246	3.493694E-5	-1.0	39.179943	TRUE		NaN	NaN	NaN	NaN	NaN	NaN	NaN	NaN	NaN
SPIKE	S142:A>C	0	57246	0.0	-1.0	0.0	TRUE	A	6.821645E-4	189.0	9.6122426E-4	0.9264433	125.21892	0.20681885	0.13867854	112.0	0.0
SPIKE	S142:A>T	0	57246	0.0	-1.0	0.0	TRUE	A	8.845315E-4	229.0	5.750839E-4	0.90568155	92.51657	0.22124465	0.1323826	112.0	0.0
SPIKE	I143:>G	2	57241	3.493999E-5	-1.0	39.336647	TRUE		NaN	NaN	NaN	NaN	NaN	NaN	NaN	NaN	NaN
SPIKE	S143:G>A	8	57241	1.3975996E-4	5.998918	37.125	TRUE	G	9.412548E-4	297.0	6.7397655E-4	0.899946	174.50046	0.18153098	0.12971206	112.0	0.0
SPIKE	S143:G>C	3	57241	5.2409985E-5	0.0011691677	37.333332	TRUE	G	0.002951019	800.0	3.6201027E-4	0.7185542	160.64677	0.21122555	0.1483621	112.0	0.0
SPIKE	S143:G>T	1	57241	1.7469994E-5	4.2596874	40.0	TRUE	G	1.9656448E-4	55.0	5.236207E-4	0.97822535	98.51291	0.20468076	0.13253334	112.0	0.0
SPIKE	D143-144:G>	21	57241	3.668699E-4	-1.0	39.336647	TRUE		NaN	NaN	NaN	NaN	NaN	NaN	NaN	NaN	NaN
SPIKE	D143-145:GC>	1	57241	1.7469994E-5	-1.0	39.336647	TRUE		NaN	NaN	NaN	NaN	NaN	NaN	NaN	NaN	NaN
SPIKE	I144:>C	20	57236	3.4943043E-4	-1.0	39.44332	TRUE		NaN	NaN	NaN	NaN	NaN	NaN	NaN	NaN	NaN
SPIKE	S144:C>G	7	57236	1.2230065E-4	1.8890414	39.714287	TRUE	C	0.0014381035	379.0	3.175252E-4	0.85123456	160.63274	0.21724917	0.16443336	112.0	0.0
SPIKE	S144:C>A	1	57236	1.747152E-5	4.2596874	40.0	TRUE	C	1.7418478E-4	54.0	6.358872E-4	0.98068035	98.5043	0.18474044	0.14813414	112.0	0.0
SPIKE	S144:C>T	13	57236	2.2712979E-4	20.706247	38.0	TRUE	C	5.6345237E-4	181.0	7.613548E-4	0.9388433	174.48521	0.17831123	0.12313763	112.0	0.0
SPIKE	D144-145:C>	46	57236	8.0369E-4	-1.0	39.44332	TRUE		NaN	NaN	NaN	NaN	NaN	NaN	NaN	NaN	NaN
SPIKE	S145:C>G	3	57224	5.2425556E-5	2.3797824	37.0	TRUE	C	6.9453334E-4	183.0	3.175252E-4	0.92516077	160.59906	0.21724917	0.16443336	112.0	0.0
SPIKE	S145:C>A	9	57224	1.5727666E-4	28.342087	37.77778	TRUE	C	1.3550547E-4	42.0	6.358872E-4	0.98493797	98.48365	0.18474044	0.14813414	112.0	0.0
SPIKE	S145:C>T	8	57224	1.3980149E-4	10.308654	37.625	TRUE	C	6.289572E-4	202.0	7.613548E-4	0.93198067	174.44862	0.17831123	0.12313763	112.0	0.0
SPIKE	I146:>A	2	57204	3.496259E-5	-1.0	39.24923	TRUE		NaN	NaN	NaN	NaN	NaN	NaN	NaN	NaN	NaN
SPIKE	I146:>TC	1	57204	1.7481296E-5	-1.0	39.24923	TRUE		NaN	NaN	NaN	NaN	NaN	NaN	NaN	NaN	NaN
SPIKE	S146:C>G	4	57204	6.992518E-5	7.4926927E-4	35.5	TRUE	C	0.0033789661	890.0	3.175252E-4	0.6849262	160.54292	0.21724917	0.16443336	112.0	0.0
SPIKE	S146:C>A	6	57204	1.0488777E-4	19.311188	38.166668	TRUE	C	1.065058E-4	33.0	6.358872E-4	0.9881422	98.44923	0.18474044	0.14813414	112.0	0.0
SPIKE	S146:C>T	8	57204	1.3985037E-4	5.998918	38.875	TRUE	C	9.15733E-4	294.0	7.613548E-4	0.9025221	174.38766	0.17831123	0.12313763	112.0	0.0
SPIKE	I146:>TG	1	57204	1.7481296E-5	-1.0	39.24923	TRUE		NaN	NaN	NaN	NaN	NaN	NaN	NaN	NaN	NaN
SPIKE	S147:G>A	29	57184	5.071349E-4	48.173023	39.0	TRUE	G	9.580548E-4	302.0	6.7397655E-4	0.8982542	174.32669	0.18153098	0.12971206	112.0	0.0
SPIKE	S147:G>C	2	57184	3.497482E-5	0.031391714	37.0	TRUE	G	0.001720682	466.0	3.6201027E-4	0.82471585	160.4868	0.21122555	0.1483621	112.0	0.0
SPIKE	S147:G>T	0	57184	0.0	-1.0	0.0	TRUE	G	0.0029549836	826.0	5.236207E-4	0.7182352	98.41481	0.20468076	0.13253334	112.0	0.0
SPIKE	S148:T>G	6	57158	1.0497218E-4	2.8372655E-4	39.5	TRUE	T	0.0042846687	1191.0	4.6399867E-4	0.6188559	125.02643	0.20572357	0.12743737	112.0	0.0
SPIKE	S148:T>A	4	57158	6.9981455E-5	8.284564	40.0	TRUE	T	3.0860153E-4	85.0	5.282005E-4	0.96602714	92.37435	0.20762786	0.13190661	112.0	0.0
SPIKE	S148:T>C	4	57158	6.9981455E-5	2.4537697	37.25	TRUE	T	8.011252E-4	247.0	7.7152316E-4	0.9141816	203.75853	0.18553065	0.13957168	112.0	0.0
SPIKE	S149:G>A	27	57135	4.7256498E-4	34.783207	38.666668	TRUE	G	0.0012573347	396.0	6.7397655E-4	0.86864436	174.1773	0.18153098	0.12971206	112.0	0.0
SPIKE	S149:G>C	2	57135	3.5004814E-5	1.5428312E-4	36.0	TRUE	G	0.0031043186	840.0	3.6201027E-4	0.70632225	160.34927	0.21122555	0.1483621	112.0	0.0
SPIKE	S149:G>T	0	57135	0.0	-1.0	0.0	TRUE	G	0.0017652013	493.0	5.236207E-4	0.8206139	98.33048	0.20468076	0.13253334	112.0	0.0
SPIKE	S150:C>A	0	57050	0.0	-1.0	0.0	TRUE	C	1.1002947E-4	34.0	6.358872E-4	0.9877523	98.1842	0.18474044	0.14813414	112.0	0.0
SPIKE	S150:C>G	0	57050	0.0	-1.0	0.0	TRUE	C	0.0026838218	705.0	3.175252E-4	0.74038273	160.11073	0.21724917	0.16443336	112.0	0.0
SPIKE	S150:C>T	0	57050	0.0	-1.0	0.0	TRUE	C	0.0029950968	959.0	7.613548E-4	0.71501565	173.91818	0.17831123	0.12313763	112.0	0.0
SPIKE	S151:T>A	0	56995	0.0	-1.0	0.0	TRUE	T	8.738375E-5	24.0	5.282005E-4	0.9902608	92.11092	0.20762786	0.13190661	112.0	0.0
SPIKE	S151:T>G	0	56995	0.0	-1.0	0.0	TRUE	T	0.00388563	1077.0	4.6399867E-4	0.64714134	124.66989	0.20572357	0.12743737	112.0	0.0
SPIKE	S151:T>C	0	56995	0.0	-1.0	0.0	TRUE	T	0.0019483659	599.0	7.7152316E-4	0.80395097	203.17747	0.18553065	0.13957168	112.0	0.0
SPIKE	S152:G>A	0	56858	0.0	-1.0	0.0	TRUE	G	0.0010720268	336.0	6.7397655E-4	0.886861	173.33287	0.18153098	0.12971206	112.0	0.0
SPIKE	S152:G>C	0	56858	0.0	-1.0	0.0	TRUE	G	1.1140865E-4	30.0	3.6201027E-4	0.98759973	159.57188	0.21122555	0.1483621	112.0	0.0
SPIKE	S152:G>T	0	56858	0.0	-1.0	0.0	TRUE	G	0.0014535814	404.0	5.236207E-4	0.8497602	97.85376	0.20468076	0.13253334	112.0	0.0
SPIKE	S153:G>A	0	56548	0.0	-1.0	0.0	TRUE	G	8.982531E-4	280.0	6.7397655E-4	0.90429074	172.38783	0.18153098	0.12971206	112.0	0.0
SPIKE	S153:G>C	0	56548	0.0	-1.0	0.0	TRUE	G	1.120194E-4	30.0	3.6201027E-4	0.9875322	158.70186	0.21122555	0.1483621	112.0	0.0
SPIKE	S153:G>T	0	56548	0.0	-1.0	0.0	TRUE	G	1.0853094E-4	30.0	5.236207E-4	0.98791814	97.320244	0.20468076	0.13253334	112.0	0.0
