#pipeline_block
reference	mutation	count	coverage	freq	score	cqs	has.reference	ancestral.allele	error.rate	minor.count.local	minor.fdr	minor.recall	minor.count.global	read.fraction.in.minors	q.filtered.read.fraction	mig.size	global.est
SPIKE	S0:T>A	0	126147	0.0	-1.0	0.0	TRUE	T	3.4630182E-5	21.0	0.0016508553	0.9978898	28.170221	0.20836748	0.12988415	61.0	0.0
SPIKE	S0:T>G	0	126147	0.0	-1.0	0.0	TRUE	T	2.312643E-5	12.0	8.0946053E-4	0.9985903	77.48122	0.24330775	0.1369121	61.0	0.0
SPIKE	S0:T>C	0	126147	0.0	-1.0	0.0	TRUE	T	1.778255E-4	154.0	6.991839E-4	0.98921126	182.44823	0.14576524	0.15331738	61.0	0.0
SPIKE	S1:A>G	0	126256	0.0	-1.0	0.0	TRUE	A	2.03937E-4	234.0	7.558993E-4	0.9876369	182.60588	0.11011858	0.13622996	61.0	0.0
SPIKE	S1:A>C	0	126256	0.0	-1.0	0.0	TRUE	A	5.2204443E-5	3.0	0.0015877397	0.99682057	77.54817	0.085129105	0.12933978	61.0	1.0
SPIKE	S1:A>T	0	126256	0.0	-1.0	0.0	TRUE	A	9.6656644E-5	57.0	0.001617109	0.9941213	28.194561	0.21444295	0.1304178	61.0	0.0
SPIKE	S2:G>A	0	126384	0.0	-1.0	0.0	TRUE	G	1.9456606E-4	189.0	7.805837E-4	0.9882016	139.09306	0.13020766	0.14591189	61.0	0.0
SPIKE	S2:G>C	0	126384	0.0	-1.0	0.0	TRUE	G	2.0870988E-5	11.0	0.0010156896	0.9987277	58.280586	0.24004008	0.14028928	61.0	0.0
SPIKE	S2:G>T	0	126384	0.0	-1.0	0.0	TRUE	G	8.3633095E-5	7.0	9.0476015E-4	0.9949114	39.878494	0.2652923	0.13230178	61.0	1.0
SPIKE	S3:C>A	0	126533	0.0	-1.0	0.0	TRUE	C	3.865579E-5	1.0	0.0016953095	0.9976448	39.925507	0.12271702	0.15885553	61.0	1.0
SPIKE	S3:C>G	0	126533	0.0	-1.0	0.0	TRUE	C	1.7745871E-4	93.0	7.972811E-4	0.9892334	58.349297	0.24163763	0.13811807	61.0	0.0
SPIKE	S3:C>T	0	126533	0.0	-1.0	0.0	TRUE	C	2.4743946E-4	227.0	6.959066E-4	0.9850195	139.25703	0.1380223	0.1370776	61.0	0.0
SPIKE	S4:G>A	68	126663	5.3685764E-4	182.91243	40.0	TRUE	G	1.8078412E-4	176.0	7.805837E-4	0.98903275	139.40012	0.13020766	0.14591189	61.0	0.0
SPIKE	S4:G>C	2	126663	1.578993E-5	2.2639637	40.0	TRUE	G	1.798524E-4	95.0	0.0010156896	0.98908895	58.409245	0.24004008	0.14028928	61.0	0.0
SPIKE	S4:G>T	4	126663	3.157986E-5	-1.0	40.0	TRUE	G	3.1388678E-5	15.0	9.0476015E-4	0.9980871	39.966526	0.2652923	0.13230178	61.0	0.0
SPIKE	S5:T>A	6	126732	4.7344E-5	19.311188	40.0	TRUE	T	4.645428E-5	1.0	0.0016508553	0.9971703	28.300858	0.20836748	0.12988415	61.0	1.0
SPIKE	S5:T>G	2	126732	1.5781334E-5	2.2639637	40.0	TRUE	T	2.2827847E-4	119.0	8.0946053E-4	0.98617154	77.84054	0.24330775	0.1369121	61.0	0.0
SPIKE	S5:T>C	77	126732	6.0758134E-4	197.698	40.0	TRUE	T	2.459675E-4	214.0	6.991839E-4	0.98510796	183.29433	0.14576524	0.15331738	61.0	0.0
SPIKE	S6:G>A	70	126795	5.5207225E-4	216.7416	40.0	TRUE	G	9.337629E-5	91.0	7.805837E-4	0.9943202	139.54538	0.13020766	0.14591189	61.0	0.0
SPIKE	S6:G>C	1	126795	7.886746E-6	2.0412	40.0	TRUE	G	1.105794E-4	0.0	0.0010156896	0.9932774	58.47011	0.24004008	0.14028928	61.0	1.0
SPIKE	S6:G>T	1	126795	7.886746E-6	1.0720997	40.0	TRUE	G	2.027688E-4	97.0	9.0476015E-4	0.98770726	40.00818	0.2652923	0.13230178	61.0	0.0
SPIKE	S7:A>G	28	126839	2.2075229E-4	73.72888	40.0	TRUE	A	1.5181597E-4	175.0	7.558993E-4	0.99078196	183.44908	0.11011858	0.13622996	61.0	0.0
SPIKE	S7:A>C	14	126839	1.10376146E-4	43.393585	40.0	TRUE	A	5.2204443E-5	2.0	0.0015877397	0.99682057	77.90626	0.085129105	0.12933978	61.0	1.0
SPIKE	D7-8:A>	110	126839	8.672411E-4	-1.0	39.999718	TRUE		NaN	NaN	NaN	NaN	NaN	NaN	NaN	NaN	NaN
SPIKE	I7:>A	4	126839	3.153604E-5	-1.0	39.999718	TRUE		NaN	NaN	NaN	NaN	NaN	NaN	NaN	NaN	NaN
SPIKE	S7:A>T	0	126839	0.0	-1.0	0.0	TRUE	A	4.7810383E-5	5.0	0.001617109	0.99708784	28.324753	0.21444295	0.1304178	61.0	1.0
SPIKE	S8:A>G	43	126850	3.3898305E-4	117.13841	40.0	TRUE	A	1.457307E-4	168.0	7.558993E-4	0.99114984	183.465	0.11011858	0.13622996	61.0	0.0
SPIKE	S8:A>C	16	126850	1.2613322E-4	49.41419	40.0	TRUE	A	5.2204443E-5	3.0	0.0015877397	0.99682057	77.91301	0.085129105	0.12933978	61.0	1.0
SPIKE	S8:A>T	1	126850	7.883326E-6	4.2596874	40.0	TRUE	A	4.7810383E-5	4.0	0.001617109	0.99708784	28.32721	0.21444295	0.1304178	61.0	1.0
SPIKE	I9:>G	1	126857	7.882892E-6	-1.0	39.980145	TRUE		NaN	NaN	NaN	NaN	NaN	NaN	NaN	NaN	NaN
SPIKE	S9:G>A	50	126857	3.941446E-4	126.33406	40.0	TRUE	G	1.9589181E-4	191.0	7.805837E-4	0.9881217	139.61362	0.13020766	0.14591189	61.0	0.0
SPIKE	S9:G>C	1	126857	7.882892E-6	2.0412	40.0	TRUE	G	1.105794E-4	0.0	0.0010156896	0.9932774	58.498703	0.24004008	0.14028928	61.0	1.0
SPIKE	S9:G>T	4	126857	3.1531566E-5	13.290587	40.0	TRUE	G	8.3633095E-5	3.0	9.0476015E-4	0.9949114	40.02774	0.2652923	0.13230178	61.0	1.0
SPIKE	D9-10:G>	47	126857	3.7049592E-4	-1.0	39.980145	TRUE		NaN	NaN	NaN	NaN	NaN	NaN	NaN	NaN	NaN
SPIKE	D9-11:GA>	14	126857	1.1036049E-4	-1.0	39.980145	TRUE		NaN	NaN	NaN	NaN	NaN	NaN	NaN	NaN	NaN
SPIKE	S10:A>G	66	126858	5.2026677E-4	151.9501	40.0	TRUE	A	3.7904936E-4	437.0	7.558993E-4	0.9771432	183.47656	0.11011858	0.13622996	61.0	0.0
SPIKE	S10:A>C	7	126858	5.5179808E-5	-1.0	40.0	TRUE	A	1.1389877E-5	17.0	0.0015877397	0.9993055	77.91792	0.085129105	0.12933978	61.0	0.0
SPIKE	D10-11:A>	25	126858	1.9707074E-4	-1.0	39.9863	TRUE		NaN	NaN	NaN	NaN	NaN	NaN	NaN	NaN	NaN
SPIKE	I10:>A	1	126858	7.88283E-6	-1.0	39.9863	TRUE		NaN	NaN	NaN	NaN	NaN	NaN	NaN	NaN	NaN
SPIKE	D10-12:AC>	1	126858	7.88283E-6	-1.0	39.9863	TRUE		NaN	NaN	NaN	NaN	NaN	NaN	NaN	NaN	NaN
SPIKE	S10:A>T	0	126858	0.0	-1.0	0.0	TRUE	A	4.7810383E-5	2.0	0.001617109	0.99708784	28.328995	0.21444295	0.1304178	61.0	1.0
SPIKE	S11:C>G	5	126859	3.9413837E-5	-1.0	40.0	TRUE	C	2.6645565E-5	14.0	7.972811E-4	0.99837595	58.499626	0.24163763	0.13811807	61.0	0.0
SPIKE	S11:C>T	53	126859	4.1778668E-4	125.077034	40.0	TRUE	C	2.6311222E-4	242.0	6.959066E-4	0.9840783	139.61583	0.1380223	0.1370776	61.0	0.0
SPIKE	D11-13:CG>	1	126859	7.882768E-6	-1.0	39.982918	TRUE		NaN	NaN	NaN	NaN	NaN	NaN	NaN	NaN	NaN
SPIKE	D11-12:C>	50	126859	3.9413836E-4	-1.0	39.982918	TRUE		NaN	NaN	NaN	NaN	NaN	NaN	NaN	NaN	NaN
SPIKE	S11:C>A	0	126859	0.0	-1.0	0.0	TRUE	C	9.174243E-5	95.0	0.0016953095	0.99441934	40.028374	0.12271702	0.15885553	61.0	0.0
SPIKE	I12:>G	2	126862	1.5765163E-5	-1.0	39.984604	TRUE		NaN	NaN	NaN	NaN	NaN	NaN	NaN	NaN	NaN
SPIKE	S12:G>A	44	126862	3.4683358E-4	133.70259	40.0	TRUE	G	8.7173554E-5	85.0	7.805837E-4	0.9946965	139.61913	0.13020766	0.14591189	61.0	0.0
SPIKE	S12:G>T	2	126862	1.5765163E-5	7.269987	40.0	TRUE	G	8.3633095E-5	3.0	9.0476015E-4	0.9949114	40.02932	0.2652923	0.13230178	61.0	1.0
SPIKE	D12-13:G>	42	126862	3.310684E-4	-1.0	39.984604	TRUE		NaN	NaN	NaN	NaN	NaN	NaN	NaN	NaN	NaN
SPIKE	D12-14:GA>	3	126862	2.3647743E-5	-1.0	39.984604	TRUE		NaN	NaN	NaN	NaN	NaN	NaN	NaN	NaN	NaN
SPIKE	S12:G>C	0	126862	0.0	-1.0	0.0	TRUE	G	2.0603328E-4	109.0	0.0010156896	0.9875106	58.50101	0.24004008	0.14028928	61.0	0.0
SPIKE	S13:A>G	74	126863	5.833064E-4	149.03885	40.0	TRUE	A	5.793936E-4	668.0	7.558993E-4	0.9652743	183.4838	0.11011858	0.13622996	61.0	0.0
SPIKE	S13:A>C	11	126863	8.670771E-5	-1.0	40.0	TRUE	A	2.3448822E-5	35.0	0.0015877397	0.9985706	77.921	0.085129105	0.12933978	61.0	0.0
SPIKE	S13:A>T	6	126863	4.7295114E-5	19.311188	40.0	TRUE	A	3.8815193E-5	23.0	0.001617109	0.99763507	28.330112	0.21444295	0.1304178	61.0	0.0
SPIKE	D13-14:A>	22	126863	1.7341542E-4	-1.0	39.9914	TRUE		NaN	NaN	NaN	NaN	NaN	NaN	NaN	NaN	NaN
SPIKE	D14-16:CA>	9	126864	7.0942115E-5	-1.0	39.984386	TRUE		NaN	NaN	NaN	NaN	NaN	NaN	NaN	NaN	NaN
SPIKE	S14:C>G	3	126864	2.364737E-5	6.0206	40.0	TRUE	C	1.1133969E-4	0.0	7.972811E-4	0.9932313	58.50193	0.24163763	0.13811807	61.0	1.0
SPIKE	S14:C>T	32	126864	2.5223862E-4	85.232124	40.0	TRUE	C	1.1198136E-4	103.0	6.959066E-4	0.99319243	139.62132	0.1380223	0.1370776	61.0	0.0
SPIKE	D14-15:C>	37	126864	2.916509E-4	-1.0	39.984386	TRUE		NaN	NaN	NaN	NaN	NaN	NaN	NaN	NaN	NaN
SPIKE	S14:C>A	0	126864	0.0	-1.0	0.0	TRUE	C	1.06223895E-4	110.0	0.0016953095	0.9935413	40.02995	0.12271702	0.15885553	61.0	0.0
SPIKE	S15:A>G	47	126864	3.7047546E-4	128.81238	40.0	TRUE	A	1.7346977E-4	200.0	7.558993E-4	0.9894741	183.48524	0.11011858	0.13622996	61.0	0.0
SPIKE	S15:A>C	12	126864	9.458948E-5	37.372986	40.0	TRUE	A	8.441509E-5	126.0	0.0015877397	0.9948639	77.92161	0.085129105	0.12933978	61.0	0.0
SPIKE	D15-16:A>	34	126864	2.6800352E-4	-1.0	39.985947	TRUE		NaN	NaN	NaN	NaN	NaN	NaN	NaN	NaN	NaN
SPIKE	I15:>A	1	126864	7.882457E-6	-1.0	39.985947	TRUE		NaN	NaN	NaN	NaN	NaN	NaN	NaN	NaN	NaN
SPIKE	S15:A>T	0	126864	0.0	-1.0	0.0	TRUE	A	4.7810383E-5	2.0	0.001617109	0.99708784	28.330336	0.21444295	0.1304178	61.0	1.0
SPIKE	S16:G>A	57	126864	4.4930005E-4	146.38963	40.0	TRUE	G	2.1639212E-4	211.0	7.805837E-4	0.9868868	139.62132	0.13020766	0.14591189	61.0	0.0
SPIKE	S16:G>T	3	126864	2.364737E-5	10.280287	40.0	TRUE	G	8.3633095E-5	2.0	9.0476015E-4	0.9949114	40.02995	0.2652923	0.13230178	61.0	1.0
SPIKE	S16:G>C	1	126864	7.882457E-6	2.0412	40.0	TRUE	G	1.105794E-4	2.0	0.0010156896	0.9932774	58.50193	0.24004008	0.14028928	61.0	1.0
SPIKE	D16-17:G>	23	126864	1.812965E-4	-1.0	39.991352	TRUE		NaN	NaN	NaN	NaN	NaN	NaN	NaN	NaN	NaN
SPIKE	D16-18:GA>	1	126864	7.882457E-6	-1.0	39.991352	TRUE		NaN	NaN	NaN	NaN	NaN	NaN	NaN	NaN	NaN
SPIKE	S17:A>G	101	126864	7.961281E-4	218.3465	40.0	TRUE	A	5.984707E-4	690.0	7.558993E-4	0.9641516	183.48524	0.11011858	0.13622996	61.0	0.0
SPIKE	S17:A>T	9	126864	7.0942115E-5	-1.0	40.0	TRUE	A	3.2064472E-5	19.0	0.001617109	0.998046	28.330336	0.21444295	0.1304178	61.0	0.0
SPIKE	S17:A>C	5	126864	3.9412284E-5	-1.0	40.0	TRUE	A	1.5409105E-5	23.0	0.0015877397	0.9990605	77.92161	0.085129105	0.12933978	61.0	0.0
SPIKE	D17-18:A>	57	126864	4.4930005E-4	-1.0	39.999275	TRUE		NaN	NaN	NaN	NaN	NaN	NaN	NaN	NaN	NaN
SPIKE	S18:A>G	57	126864	4.4930005E-4	146.38963	40.0	TRUE	A	2.4459237E-4	282.0	7.558993E-4	0.98519063	183.48524	0.11011858	0.13622996	61.0	0.0
SPIKE	S18:A>T	3	126864	2.364737E-5	10.280287	40.0	TRUE	A	4.7810383E-5	2.0	0.001617109	0.99708784	28.330336	0.21444295	0.1304178	61.0	1.0
SPIKE	S18:A>C	30	126864	2.364737E-4	-1.0	40.0	TRUE	A	9.379454E-6	14.0	0.0015877397	0.99942803	77.92161	0.085129105	0.12933978	61.0	0.0
SPIKE	S19:C>G	2	126864	1.5764914E-5	3.9120662	40.0	TRUE	C	1.1133969E-4	0.0	7.972811E-4	0.9932313	58.50193	0.24163763	0.13811807	61.0	1.0
SPIKE	S19:C>T	59	126864	4.6506495E-4	151.92128	40.0	TRUE	C	1.859108E-4	171.0	6.959066E-4	0.9887235	139.62132	0.1380223	0.1370776	61.0	0.0
SPIKE	S19:C>A	0	126864	0.0	-1.0	0.0	TRUE	C	8.304777E-5	86.0	0.0016953095	0.9949469	40.02995	0.12271702	0.15885553	61.0	0.0
SPIKE	S20:C>G	15	126864	1.1823685E-4	37.025364	40.0	TRUE	C	1.1133969E-4	0.0	7.972811E-4	0.9932313	58.50193	0.24163763	0.13811807	61.0	1.0
SPIKE	S20:C>T	46	126864	3.62593E-4	125.891014	40.0	TRUE	C	1.2502774E-4	115.0	6.959066E-4	0.9924023	139.62132	0.1380223	0.1370776	61.0	0.0
SPIKE	S20:C>A	0	126864	0.0	-1.0	0.0	TRUE	C	1.062239E-5	11.0	0.0016953095	0.9993522	40.02995	0.12271702	0.15885553	61.0	0.0
SPIKE	S21:A>G	87	126864	6.8577373E-4	215.68845	40.0	TRUE	A	3.6515386E-4	421.0	7.558993E-4	0.97797185	183.48524	0.11011858	0.13622996	61.0	0.0
SPIKE	S21:A>C	9	126864	7.0942115E-5	28.342087	40.0	TRUE	A	8.977478E-5	134.0	0.0015877397	0.9945387	77.92161	0.085129105	0.12933978	61.0	0.0
SPIKE	S21:A>T	0	126864	0.0	-1.0	0.0	TRUE	A	4.7810383E-5	4.0	0.001617109	0.99708784	28.330336	0.21444295	0.1304178	61.0	1.0
SPIKE	S22:A>C	126857	126864	0.9999448	9999.0	39.999912	TRUE	C	5.2204443E-5	0.0	0.0015877397	0.99682057	77.92161	0.085129105	0.12933978	61.0	1.0
SPIKE	S22:A>G	0	126864	0.0	-1.0	0.0	TRUE	C	1.5914571E-4	0.0	7.558993E-4	0.9903391	183.48524	0.11011858	0.13622996	61.0	1.0
SPIKE	S22:A>T	0	126864	0.0	-1.0	0.0	TRUE	C	4.7810383E-5	0.0	0.001617109	0.99708784	28.330336	0.21444295	0.1304178	61.0	1.0
SPIKE	S23:A>G	0	126864	0.0	-1.0	0.0	TRUE	A	1.5914571E-4	0.0	7.558993E-4	0.9903391	183.48524	0.11011858	0.13622996	61.0	1.0
SPIKE	S23:A>C	0	126864	0.0	-1.0	0.0	TRUE	A	7.436568E-5	111.0	0.0015877397	0.995474	77.92161	0.085129105	0.12933978	61.0	0.0
SPIKE	S23:A>T	0	126864	0.0	-1.0	0.0	TRUE	A	4.7810383E-5	0.0	0.001617109	0.99708784	28.330336	0.21444295	0.1304178	61.0	1.0
SPIKE	S24:A>G	0	126864	0.0	-1.0	0.0	TRUE	A	8.673488E-6	10.0	7.558993E-4	0.99947107	183.48524	0.11011858	0.13622996	61.0	0.0
SPIKE	S24:A>C	0	126864	0.0	-1.0	0.0	TRUE	A	5.2204443E-5	0.0	0.0015877397	0.99682057	77.92161	0.085129105	0.12933978	61.0	1.0
SPIKE	S24:A>T	0	126864	0.0	-1.0	0.0	TRUE	A	4.7810383E-5	0.0	0.001617109	0.99708784	28.330336	0.21444295	0.1304178	61.0	1.0
SPIKE	S25:A>G	126862	126864	0.99998426	9999.0	39.999897	TRUE	G	1.5914571E-4	0.0	7.558993E-4	0.9903391	183.48524	0.11011858	0.13622996	61.0	1.0
SPIKE	S25:A>C	0	126864	0.0	-1.0	0.0	TRUE	G	5.2204443E-5	0.0	0.0015877397	0.99682057	77.92161	0.085129105	0.12933978	61.0	1.0
SPIKE	S25:A>T	0	126864	0.0	-1.0	0.0	TRUE	G	1.6876038E-5	10.0	0.001617109	0.9989711	28.330336	0.21444295	0.1304178	61.0	0.0
SPIKE	S26:T>G	2	126864	1.5764914E-5	1.3408211	40.0	TRUE	T	2.6253454E-4	137.0	8.0946053E-4	0.9841129	77.92161	0.24330775	0.1369121	61.0	0.0
SPIKE	S26:T>A	1	126864	7.882457E-6	4.2596874	40.0	TRUE	T	4.645428E-5	1.0	0.0016508553	0.9971703	28.330336	0.20836748	0.12988415	61.0	1.0
SPIKE	S26:T>C	78	126864	6.1483163E-4	190.43715	40.0	TRUE	T	3.2608453E-4	284.0	6.991839E-4	0.9803054	183.48524	0.14576524	0.15331738	61.0	0.0
SPIKE	S27:G>A	29	126864	2.2859125E-4	88.54809	40.0	TRUE	G	6.358441E-5	62.0	7.805837E-4	0.99612886	139.62132	0.13020766	0.14591189	61.0	0.0
SPIKE	D27-28:G>	4	126864	3.1529828E-5	-1.0	39.99978	TRUE		NaN	NaN	NaN	NaN	NaN	NaN	NaN	NaN	NaN
SPIKE	S27:G>C	0	126864	0.0	-1.0	0.0	TRUE	G	1.105794E-4	0.0	0.0010156896	0.9932774	58.50193	0.24004008	0.14028928	61.0	1.0
SPIKE	S27:G>T	0	126864	0.0	-1.0	0.0	TRUE	G	2.0683705E-4	99.0	9.0476015E-4	0.9874622	40.02995	0.2652923	0.13230178	61.0	0.0
SPIKE	S28:G>A	37	126864	2.916509E-4	112.630486	40.0	TRUE	G	9.332551E-5	91.0	7.805837E-4	0.9943233	139.62132	0.13020766	0.14591189	61.0	0.0
SPIKE	S28:G>C	0	126864	0.0	-1.0	0.0	TRUE	G	1.105794E-4	0.0	0.0010156896	0.9932774	58.50193	0.24004008	0.14028928	61.0	1.0
SPIKE	S28:G>T	0	126864	0.0	-1.0	0.0	TRUE	G	8.3633095E-5	4.0	9.0476015E-4	0.9949114	40.02995	0.2652923	0.13230178	61.0	1.0
SPIKE	S29:G>A	34	126864	2.6800352E-4	103.59959	40.0	TRUE	G	9.024885E-5	88.0	7.805837E-4	0.99450994	139.62132	0.13020766	0.14591189	61.0	0.0
SPIKE	S29:G>T	1	126864	7.882457E-6	4.2596874	40.0	TRUE	G	8.3633095E-5	0.0	9.0476015E-4	0.9949114	40.02995	0.2652923	0.13230178	61.0	1.0
SPIKE	S29:G>C	0	126864	0.0	-1.0	0.0	TRUE	G	1.105794E-4	0.0	0.0010156896	0.9932774	58.50193	0.24004008	0.14028928	61.0	1.0
SPIKE	S30:A>G	68	126864	5.3600705E-4	157.8124	40.0	TRUE	A	3.6081712E-4	416.0	7.558993E-4	0.9782306	183.48524	0.11011858	0.13622996	61.0	0.0
SPIKE	S30:A>T	2	126864	1.5764914E-5	-1.0	40.0	TRUE	A	2.3626453E-5	14.0	0.001617109	0.99855983	28.330336	0.21444295	0.1304178	61.0	0.0
SPIKE	S30:A>C	4	126864	3.1529828E-5	13.290587	40.0	TRUE	A	5.2204443E-5	9.0	0.0015877397	0.99682057	77.92161	0.085129105	0.12933978	61.0	1.0
SPIKE	I30:>A	1	126864	7.882457E-6	-1.0	39.999023	TRUE		NaN	NaN	NaN	NaN	NaN	NaN	NaN	NaN	NaN
SPIKE	S31:T>G	2	126864	1.5764914E-5	3.9120662	40.0	TRUE	T	1.49322E-4	8.0	8.0946053E-4	0.9909327	77.92161	0.24330775	0.1369121	61.0	1.0
SPIKE	S31:T>A	1	126864	7.882457E-6	2.0412	40.0	TRUE	T	1.3609811E-4	83.0	0.0016508553	0.99173236	28.330336	0.20836748	0.12988415	61.0	0.0
SPIKE	S31:T>C	36	126864	2.8376846E-4	96.79472	40.0	TRUE	T	1.5156041E-4	132.0	6.991839E-4	0.9907974	183.48524	0.14576524	0.15331738	61.0	0.0
SPIKE	S32:C>T	21	126864	1.6553159E-4	53.79622	40.0	TRUE	C	1.7286444E-4	159.0	6.959066E-4	0.98951066	139.62132	0.1380223	0.1370776	61.0	0.0
SPIKE	S32:C>A	0	126864	0.0	-1.0	0.0	TRUE	C	3.865579E-5	1.0	0.0016953095	0.9976448	40.02995	0.12271702	0.15885553	61.0	1.0
SPIKE	S32:C>G	0	126864	0.0	-1.0	0.0	TRUE	C	1.1133969E-4	0.0	7.972811E-4	0.9932313	58.50193	0.24163763	0.13811807	61.0	1.0
SPIKE	S33:C>T	24	126864	1.8917896E-4	73.49659	40.0	TRUE	C	6.523186E-5	60.0	6.959066E-4	0.9960288	139.62132	0.1380223	0.1370776	61.0	0.0
SPIKE	S33:C>A	1	126864	7.882457E-6	-1.0	40.0	TRUE	C	9.656717E-6	10.0	0.0016953095	0.9994111	40.02995	0.12271702	0.15885553	61.0	0.0
SPIKE	S33:C>G	0	126864	0.0	-1.0	0.0	TRUE	C	1.1133969E-4	0.0	7.972811E-4	0.9932313	58.50193	0.24163763	0.13811807	61.0	1.0
SPIKE	S34:A>C	3	126864	2.364737E-5	10.280287	40.0	TRUE	A	5.6276727E-5	84.0	0.0015877397	0.99657303	77.92161	0.085129105	0.12933978	61.0	0.0
SPIKE	S34:A>G	30	126864	2.364737E-4	91.55839	40.0	TRUE	A	8.066344E-5	93.0	7.558993E-4	0.9950916	183.48524	0.11011858	0.13622996	61.0	0.0
SPIKE	S34:A>T	0	126864	0.0	-1.0	0.0	TRUE	A	4.7810383E-5	9.0	0.001617109	0.99708784	28.330336	0.21444295	0.1304178	61.0	1.0
SPIKE	S35:T>C	56	126864	4.414176E-4	143.42717	40.0	TRUE	T	1.7682048E-4	154.0	6.991839E-4	0.98927194	183.48524	0.14576524	0.15331738	61.0	0.0
SPIKE	S35:T>A	3	126864	2.364737E-5	6.0206	40.0	TRUE	T	1.4101731E-4	86.0	0.0016508553	0.9914348	28.330336	0.20836748	0.12988415	61.0	0.0
SPIKE	S35:T>G	7	126864	5.51772E-5	-1.0	40.0	TRUE	T	2.2995726E-5	12.0	8.0946053E-4	0.9985982	77.92161	0.24330775	0.1369121	61.0	0.0
SPIKE	S36:T>C	5	126864	3.9412284E-5	-1.0	40.0	TRUE	T	2.4111883E-5	21.0	6.991839E-4	0.99853027	183.48524	0.14576524	0.15331738	61.0	0.0
SPIKE	S36:T>A	0	126864	0.0	-1.0	0.0	TRUE	T	1.9676836E-5	12.0	0.0016508553	0.99880046	28.330336	0.20836748	0.12988415	61.0	0.0
SPIKE	S36:T>G	0	126864	0.0	-1.0	0.0	TRUE	T	1.49322E-4	0.0	8.0946053E-4	0.9909327	77.92161	0.24330775	0.1369121	61.0	1.0
SPIKE	S37:A>G	29	126864	2.2859125E-4	88.54809	40.0	TRUE	A	6.331647E-5	73.0	7.558993E-4	0.9961451	183.48524	0.11011858	0.13622996	61.0	0.0
SPIKE	S37:A>C	0	126864	0.0	-1.0	0.0	TRUE	A	5.2204443E-5	3.0	0.0015877397	0.99682057	77.92161	0.085129105	0.12933978	61.0	1.0
SPIKE	S37:A>T	0	126864	0.0	-1.0	0.0	TRUE	A	1.0631904E-4	63.0	0.001617109	0.9935355	28.330336	0.21444295	0.1304178	61.0	0.0
SPIKE	S38:T>C	3	126864	2.364737E-5	10.280287	40.0	TRUE	T	3.5593734E-5	31.0	6.991839E-4	0.99783117	183.48524	0.14576524	0.15331738	61.0	0.0
SPIKE	S38:T>A	0	126864	0.0	-1.0	0.0	TRUE	T	7.7067605E-5	47.0	0.0016508553	0.9953099	28.330336	0.20836748	0.12988415	61.0	0.0
SPIKE	S38:T>G	0	126864	0.0	-1.0	0.0	TRUE	T	1.49322E-4	2.0	8.0946053E-4	0.9909327	77.92161	0.24330775	0.1369121	61.0	1.0
SPIKE	S39:C>T	37	126864	2.916509E-4	99.69318	40.0	TRUE	C	1.6525405E-4	152.0	6.959066E-4	0.98997015	139.62132	0.1380223	0.1370776	61.0	0.0
SPIKE	S39:C>A	1	126864	7.882457E-6	4.2596874	40.0	TRUE	C	3.865579E-5	0.0	0.0016953095	0.9976448	40.02995	0.12271702	0.15885553	61.0	1.0
SPIKE	S39:C>G	0	126864	0.0	-1.0	0.0	TRUE	C	2.0934976E-5	11.0	7.972811E-4	0.9987238	58.50193	0.24163763	0.13811807	61.0	0.0
SPIKE	S40:G>T	2	126864	1.5764914E-5	7.269987	40.0	TRUE	G	8.3633095E-5	5.0	9.0476015E-4	0.9949114	40.02995	0.2652923	0.13230178	61.0	1.0
SPIKE	S40:G>A	43	126864	3.3894565E-4	117.13841	40.0	TRUE	G	1.6306325E-4	159.0	7.805837E-4	0.99010247	139.62132	0.13020766	0.14591189	61.0	0.0
SPIKE	S40:G>C	0	126864	0.0	-1.0	0.0	TRUE	G	1.0963066E-4	58.0	0.0010156896	0.99333483	58.50193	0.24004008	0.14028928	61.0	0.0
SPIKE	S41:G>T	1	126864	7.882457E-6	4.2596874	40.0	TRUE	G	8.3633095E-5	6.0	9.0476015E-4	0.9949114	40.02995	0.2652923	0.13230178	61.0	1.0
SPIKE	S41:G>A	34	126864	2.6800352E-4	103.59959	40.0	TRUE	G	8.9223286E-5	87.0	7.805837E-4	0.99457216	139.62132	0.13020766	0.14591189	61.0	0.0
SPIKE	S41:G>C	0	126864	0.0	-1.0	0.0	TRUE	G	1.8901837E-5	10.0	0.0010156896	0.99884766	58.50193	0.24004008	0.14028928	61.0	0.0
SPIKE	S42:C>T	54	126864	4.2565266E-4	137.75253	40.0	TRUE	C	2.1417794E-4	197.0	6.959066E-4	0.98702013	139.62132	0.1380223	0.1370776	61.0	0.0
SPIKE	S42:C>A	2	126864	1.5764914E-5	7.269987	40.0	TRUE	C	3.865579E-5	4.0	0.0016953095	0.9976448	40.02995	0.12271702	0.15885553	61.0	1.0
SPIKE	S42:C>G	1	126864	7.882457E-6	2.0412	40.0	TRUE	C	1.313194E-4	69.0	7.972811E-4	0.9920215	58.50193	0.24163763	0.13811807	61.0	0.0
SPIKE	S43:G>A	39	126864	3.0741582E-4	118.651085	40.0	TRUE	G	8.717218E-5	85.0	7.805837E-4	0.9946966	139.62132	0.13020766	0.14591189	61.0	0.0
SPIKE	S43:G>C	0	126864	0.0	-1.0	0.0	TRUE	G	1.07740474E-4	57.0	0.0010156896	0.9934494	58.50193	0.24004008	0.14028928	61.0	0.0
SPIKE	S43:G>T	0	126864	0.0	-1.0	0.0	TRUE	G	8.3633095E-5	1.0	9.0476015E-4	0.9949114	40.02995	0.2652923	0.13230178	61.0	1.0
SPIKE	S44:G>C	2	126864	1.5764914E-5	3.9120662	40.0	TRUE	G	1.105794E-4	8.0	0.0010156896	0.9932774	58.50193	0.24004008	0.14028928	61.0	1.0
SPIKE	S44:G>T	2	126864	1.5764914E-5	7.269987	40.0	TRUE	G	8.3633095E-5	1.0	9.0476015E-4	0.9949114	40.02995	0.2652923	0.13230178	61.0	1.0
SPIKE	S44:G>A	41	126864	3.2318072E-4	111.31377	40.0	TRUE	G	1.6511435E-4	161.0	7.805837E-4	0.98997855	139.62132	0.13020766	0.14591189	61.0	0.0
SPIKE	S45:C>T	25	126864	1.9706142E-4	76.50689	40.0	TRUE	C	8.6975815E-5	80.0	6.959066E-4	0.99470854	139.62132	0.1380223	0.1370776	61.0	0.0
SPIKE	S45:C>A	1	126864	7.882457E-6	4.2596874	40.0	TRUE	C	3.865579E-5	2.0	0.0016953095	0.9976448	40.02995	0.12271702	0.15885553	61.0	1.0
SPIKE	S45:C>G	0	126864	0.0	-1.0	0.0	TRUE	C	1.3702894E-4	72.0	7.972811E-4	0.9916761	58.50193	0.24163763	0.13811807	61.0	0.0
SPIKE	S46:G>T	3	126864	2.364737E-5	10.280287	40.0	TRUE	G	8.3633095E-5	1.0	9.0476015E-4	0.9949114	40.02995	0.2652923	0.13230178	61.0	1.0
SPIKE	S46:G>A	26	126864	2.0494388E-4	79.51719	40.0	TRUE	G	7.8967736E-5	77.0	7.805837E-4	0.99519455	139.62132	0.13020766	0.14591189	61.0	0.0
SPIKE	S46:G>C	0	126864	0.0	-1.0	0.0	TRUE	G	1.3798341E-4	73.0	0.0010156896	0.99161834	58.50193	0.24004008	0.14028928	61.0	0.0
SPIKE	S47:A>G	3	126864	2.364737E-5	10.280287	40.0	TRUE	A	7.11226E-5	82.0	7.558993E-4	0.9956709	183.48524	0.11011858	0.13622996	61.0	0.0
SPIKE	S47:A>C	0	126864	0.0	-1.0	0.0	TRUE	A	5.2204443E-5	1.0	0.0015877397	0.99682057	77.92161	0.085129105	0.12933978	61.0	1.0
SPIKE	S47:A>T	0	126864	0.0	-1.0	0.0	TRUE	A	4.7810383E-5	1.0	0.001617109	0.99708784	28.330336	0.21444295	0.1304178	61.0	1.0
SPIKE	S48:A>C	2	126864	1.5764914E-5	7.269987	40.0	TRUE	A	5.2204443E-5	3.0	0.0015877397	0.99682057	77.92161	0.085129105	0.12933978	61.0	1.0
SPIKE	S48:A>G	10	126864	7.882457E-5	-1.0	40.0	TRUE	A	2.6020465E-5	30.0	7.558993E-4	0.99841404	183.48524	0.11011858	0.13622996	61.0	0.0
SPIKE	S48:A>T	0	126864	0.0	-1.0	0.0	TRUE	A	4.7810383E-5	8.0	0.001617109	0.99708784	28.330336	0.21444295	0.1304178	61.0	1.0
SPIKE	S49:T>C	13	126864	1.0247194E-4	-1.0	40.0	TRUE	T	2.6408254E-5	23.0	6.991839E-4	0.9983904	183.48524	0.14576524	0.15331738	61.0	0.0
SPIKE	S49:T>G	4	126864	3.1529828E-5	8.284564	40.0	TRUE	T	1.49322E-4	2.0	8.0946053E-4	0.9909327	77.92161	0.24330775	0.1369121	61.0	1.0
SPIKE	S49:T>A	1	126864	7.882457E-6	2.0412	40.0	TRUE	T	1.0822259E-4	66.0	0.0016508553	0.9934202	28.330336	0.20836748	0.12988415	61.0	0.0
SPIKE	D49-50:T>	3	126864	2.364737E-5	-1.0	39.999756	TRUE		NaN	NaN	NaN	NaN	NaN	NaN	NaN	NaN	NaN
SPIKE	S50:T>C	10	126864	7.882457E-5	-1.0	40.0	TRUE	T	1.607459E-5	14.0	6.991839E-4	0.9990199	183.48524	0.14576524	0.15331738	61.0	0.0
SPIKE	S50:T>A	0	126864	0.0	-1.0	0.0	TRUE	T	4.645428E-5	0.0	0.0016508553	0.9971703	28.330336	0.20836748	0.12988415	61.0	1.0
SPIKE	S50:T>G	0	126864	0.0	-1.0	0.0	TRUE	T	1.49322E-4	3.0	8.0946053E-4	0.9909327	77.92161	0.24330775	0.1369121	61.0	1.0
SPIKE	S51:T>C	9	126864	7.0942115E-5	-1.0	40.0	TRUE	T	1.9519144E-5	17.0	6.991839E-4	0.99881005	183.48524	0.14576524	0.15331738	61.0	0.0
SPIKE	S51:T>A	0	126864	0.0	-1.0	0.0	TRUE	T	4.645428E-5	4.0	0.0016508553	0.9971703	28.330336	0.20836748	0.12988415	61.0	1.0
SPIKE	S51:T>G	0	126864	0.0	-1.0	0.0	TRUE	T	1.49322E-4	0.0	8.0946053E-4	0.9909327	77.92161	0.24330775	0.1369121	61.0	1.0
SPIKE	S52:A>G	20	126864	1.5764913E-4	61.455387	40.0	TRUE	A	6.2449115E-5	72.0	7.558993E-4	0.9961979	183.48524	0.11011858	0.13622996	61.0	0.0
SPIKE	S52:A>C	0	126864	0.0	-1.0	0.0	TRUE	A	5.2204443E-5	5.0	0.0015877397	0.99682057	77.92161	0.085129105	0.12933978	61.0	1.0
SPIKE	S52:A>T	0	126864	0.0	-1.0	0.0	TRUE	A	4.7810383E-5	2.0	0.001617109	0.99708784	28.330336	0.21444295	0.1304178	61.0	1.0
SPIKE	S53:C>T	44	126864	3.468281E-4	120.05395	40.0	TRUE	C	1.5003329E-4	138.0	6.959066E-4	0.9908897	139.62132	0.1380223	0.1370776	61.0	0.0
SPIKE	S53:C>G	2	126864	1.5764914E-5	3.9120662	40.0	TRUE	C	1.1133969E-4	2.0	7.972811E-4	0.9932313	58.50193	0.24163763	0.13811807	61.0	1.0
SPIKE	S53:C>A	0	126864	0.0	-1.0	0.0	TRUE	C	9.656717E-6	10.0	0.0016953095	0.9994111	40.02995	0.12271702	0.15885553	61.0	0.0
SPIKE	S54:C>T	18	126864	1.4188423E-4	55.434788	40.0	TRUE	C	7.2842246E-5	67.0	6.959066E-4	0.9955665	139.62132	0.1380223	0.1370776	61.0	0.0
SPIKE	S54:C>A	4	126864	3.1529828E-5	13.290587	40.0	TRUE	C	3.865579E-5	6.0	0.0016953095	0.9976448	40.02995	0.12271702	0.15885553	61.0	1.0
SPIKE	S54:C>G	0	126864	0.0	-1.0	0.0	TRUE	C	1.1133969E-4	0.0	7.972811E-4	0.9932313	58.50193	0.24163763	0.13811807	61.0	1.0
SPIKE	S55:A>T	6	126864	4.729474E-5	19.311188	40.0	TRUE	A	3.543968E-5	21.0	0.001617109	0.9978405	28.330336	0.21444295	0.1304178	61.0	0.0
SPIKE	S55:A>C	4	126864	3.1529828E-5	13.290587	40.0	TRUE	A	5.694669E-5	85.0	0.0015877397	0.99653226	77.92161	0.085129105	0.12933978	61.0	0.0
SPIKE	S55:A>G	90	126864	7.094211E-4	205.33838	40.0	TRUE	A	5.004603E-4	577.0	7.558993E-4	0.9699332	183.48524	0.11011858	0.13622996	61.0	0.0
SPIKE	D55-56:A>	1	126864	7.882457E-6	-1.0	39.996372	TRUE		NaN	NaN	NaN	NaN	NaN	NaN	NaN	NaN	NaN
SPIKE	S56:C>T	30	126864	2.364737E-4	91.55839	40.0	TRUE	C	1.0437098E-4	96.0	6.959066E-4	0.9936536	139.62132	0.1380223	0.1370776	61.0	0.0
SPIKE	S56:C>G	1	126864	7.882457E-6	2.0412	40.0	TRUE	C	1.1133969E-4	3.0	7.972811E-4	0.9932313	58.50193	0.24163763	0.13811807	61.0	1.0
SPIKE	S56:C>A	1	126864	7.882457E-6	-1.0	40.0	TRUE	C	9.656717E-6	10.0	0.0016953095	0.9994111	40.02995	0.12271702	0.15885553	61.0	0.0
SPIKE	S57:C>T	27	126864	2.1282633E-4	82.52749	40.0	TRUE	C	9.45862E-5	87.0	6.959066E-4	0.99424684	139.62132	0.1380223	0.1370776	61.0	0.0
SPIKE	S57:C>A	5	126864	3.9412284E-5	16.300888	40.0	TRUE	C	3.865579E-5	5.0	0.0016953095	0.9976448	40.02995	0.12271702	0.15885553	61.0	1.0
SPIKE	S57:C>G	0	126864	0.0	-1.0	0.0	TRUE	C	1.1133969E-4	1.0	7.972811E-4	0.9932313	58.50193	0.24163763	0.13811807	61.0	1.0
SPIKE	S58:A>T	2	126864	1.5764914E-5	7.269987	40.0	TRUE	A	4.7810383E-5	8.0	0.001617109	0.99708784	28.330336	0.21444295	0.1304178	61.0	1.0
SPIKE	S58:A>C	3	126864	2.364737E-5	10.280287	40.0	TRUE	A	4.2207546E-5	63.0	0.0015877397	0.99742866	77.92161	0.085129105	0.12933978	61.0	0.0
SPIKE	S58:A>G	62	126864	4.8871234E-4	177.67609	40.0	TRUE	A	1.4311256E-4	165.0	7.558993E-4	0.99130815	183.48524	0.11011858	0.13622996	61.0	0.0
SPIKE	S59:T>C	49	126864	3.862404E-4	134.66039	40.0	TRUE	T	1.6763501E-4	146.0	6.991839E-4	0.9898264	183.48524	0.14576524	0.15331738	61.0	0.0
SPIKE	S59:T>G	1	126864	7.882457E-6	2.0412	40.0	TRUE	T	1.49322E-4	5.0	8.0946053E-4	0.9909327	77.92161	0.24330775	0.1369121	61.0	1.0
SPIKE	S59:T>A	0	126864	0.0	-1.0	0.0	TRUE	T	1.06582855E-4	65.0	0.0016508553	0.99351954	28.330336	0.20836748	0.12988415	61.0	0.0
SPIKE	S60:T>C	23	126864	1.812965E-4	70.48629	40.0	TRUE	T	4.7075584E-5	41.0	6.991839E-4	0.9971325	183.48524	0.14576524	0.15331738	61.0	0.0
SPIKE	S60:T>A	0	126864	0.0	-1.0	0.0	TRUE	T	4.645428E-5	2.0	0.0016508553	0.9971703	28.330336	0.20836748	0.12988415	61.0	1.0
SPIKE	S60:T>G	0	126864	0.0	-1.0	0.0	TRUE	T	1.49322E-4	5.0	8.0946053E-4	0.9909327	77.92161	0.24330775	0.1369121	61.0	1.0
SPIKE	S61:G>C	1	126864	7.882457E-6	2.0412	40.0	TRUE	G	1.105794E-4	0.0	0.0010156896	0.9932774	58.50193	0.24004008	0.14028928	61.0	1.0
SPIKE	S61:G>A	17	126864	1.3400176E-4	52.424488	40.0	TRUE	G	6.768663E-5	66.0	7.805837E-4	0.99587965	139.62132	0.13020766	0.14591189	61.0	0.0
SPIKE	S61:G>T	0	126864	0.0	-1.0	0.0	TRUE	G	1.1490947E-4	55.0	9.0476015E-4	0.99301505	40.02995	0.2652923	0.13230178	61.0	0.0
SPIKE	S62:A>G	9	126864	7.0942115E-5	28.342087	40.0	TRUE	A	7.1989954E-5	83.0	7.558993E-4	0.9956182	183.48524	0.11011858	0.13622996	61.0	0.0
SPIKE	D62-63:A>	18	126864	1.4188423E-4	-1.0	39.999462	TRUE		NaN	NaN	NaN	NaN	NaN	NaN	NaN	NaN	NaN
SPIKE	S62:A>C	0	126864	0.0	-1.0	0.0	TRUE	A	5.2204443E-5	2.0	0.0015877397	0.99682057	77.92161	0.085129105	0.12933978	61.0	1.0
SPIKE	S62:A>T	0	126864	0.0	-1.0	0.0	TRUE	A	4.7810383E-5	0.0	0.001617109	0.99708784	28.330336	0.21444295	0.1304178	61.0	1.0
SPIKE	S63:A>T	1	126864	7.882457E-6	4.2596874	40.0	TRUE	A	4.7810383E-5	0.0	0.001617109	0.99708784	28.330336	0.21444295	0.1304178	61.0	1.0
SPIKE	S63:A>G	14	126864	1.103544E-4	-1.0	40.0	TRUE	A	2.8622511E-5	33.0	7.558993E-4	0.99825555	183.48524	0.11011858	0.13622996	61.0	0.0
SPIKE	S63:A>C	0	126864	0.0	-1.0	0.0	TRUE	A	5.2204443E-5	1.0	0.0015877397	0.99682057	77.92161	0.085129105	0.12933978	61.0	1.0
SPIKE	S64:A>G	38	126864	2.9953336E-4	115.640785	40.0	TRUE	A	8.6734886E-5	100.0	7.558993E-4	0.99472314	183.48524	0.11011858	0.13622996	61.0	0.0
SPIKE	S64:A>C	2	126864	1.5764914E-5	7.269987	40.0	TRUE	A	5.2204443E-5	8.0	0.0015877397	0.99682057	77.92161	0.085129105	0.12933978	61.0	1.0
SPIKE	S64:A>T	1	126864	7.882457E-6	4.2596874	40.0	TRUE	A	4.7810383E-5	4.0	0.001617109	0.99708784	28.330336	0.21444295	0.1304178	61.0	1.0
SPIKE	S65:A>G	80	126864	6.3059654E-4	206.24324	40.0	TRUE	A	2.628067E-4	303.0	7.558993E-4	0.9840966	183.48524	0.11011858	0.13622996	61.0	0.0
SPIKE	S65:A>C	18	126864	1.4188423E-4	55.434788	40.0	TRUE	A	8.77649E-5	131.0	0.0015877397	0.9946607	77.92161	0.085129105	0.12933978	61.0	0.0
SPIKE	S65:A>T	2	126864	1.5764914E-5	7.269987	40.0	TRUE	A	4.7810383E-5	3.0	0.001617109	0.99708784	28.330336	0.21444295	0.1304178	61.0	1.0
SPIKE	S66:C>T	40	126864	3.1529827E-4	121.661385	40.0	TRUE	C	8.2627026E-5	76.0	6.959066E-4	0.9949724	139.62132	0.1380223	0.1370776	61.0	0.0
SPIKE	S66:C>A	0	126864	0.0	-1.0	0.0	TRUE	C	3.865579E-5	7.0	0.0016953095	0.9976448	40.02995	0.12271702	0.15885553	61.0	1.0
SPIKE	S66:C>G	0	126864	0.0	-1.0	0.0	TRUE	C	1.1133969E-4	0.0	7.972811E-4	0.9932313	58.50193	0.24163763	0.13811807	61.0	1.0
SPIKE	S67:C>T	27	126864	2.1282633E-4	82.52749	40.0	TRUE	C	6.523186E-5	60.0	6.959066E-4	0.9960288	139.62132	0.1380223	0.1370776	61.0	0.0
SPIKE	S67:C>A	0	126864	0.0	-1.0	0.0	TRUE	C	5.987165E-5	62.0	0.0016953095	0.99635446	40.02995	0.12271702	0.15885553	61.0	0.0
SPIKE	S67:C>G	0	126864	0.0	-1.0	0.0	TRUE	C	1.1133969E-4	0.0	7.972811E-4	0.9932313	58.50193	0.24163763	0.13811807	61.0	1.0
SPIKE	S68:A>G	93	126864	7.330685E-4	222.7106	40.0	TRUE	A	4.3020502E-4	496.0	7.558993E-4	0.97409886	183.48524	0.11011858	0.13622996	61.0	0.0
SPIKE	S68:A>C	16	126864	1.2611931E-4	-1.0	40.0	TRUE	A	2.8138364E-5	42.0	0.0015877397	0.99828506	77.92161	0.085129105	0.12933978	61.0	0.0
SPIKE	S68:A>T	5	126864	3.9412284E-5	-1.0	40.0	TRUE	A	3.3752076E-5	20.0	0.001617109	0.9979432	28.330336	0.21444295	0.1304178	61.0	0.0
SPIKE	S69:G>A	35	126864	2.7588598E-4	106.609886	40.0	TRUE	G	7.999329E-5	78.0	7.805837E-4	0.99513227	139.62132	0.13020766	0.14591189	61.0	0.0
SPIKE	S69:G>C	1	126864	7.882457E-6	2.0412	40.0	TRUE	G	1.11520836E-4	59.0	0.0010156896	0.9932203	58.50193	0.24004008	0.14028928	61.0	0.0
SPIKE	S69:G>T	1	126864	7.882457E-6	4.2596874	40.0	TRUE	G	8.3633095E-5	3.0	9.0476015E-4	0.9949114	40.02995	0.2652923	0.13230178	61.0	1.0
SPIKE	S70:C>G	1	126864	7.882457E-6	-1.0	40.0	TRUE	C	2.0934976E-5	11.0	7.972811E-4	0.9987238	58.50193	0.24163763	0.13811807	61.0	0.0
SPIKE	S70:C>T	47	126864	3.7047546E-4	117.81054	40.0	TRUE	C	1.8264921E-4	168.0	6.959066E-4	0.9889202	139.62132	0.1380223	0.1370776	61.0	0.0
SPIKE	S70:C>A	0	126864	0.0	-1.0	0.0	TRUE	C	3.865579E-5	0.0	0.0016953095	0.9976448	40.02995	0.12271702	0.15885553	61.0	1.0
SPIKE	S71:C>A	2	126864	1.5764914E-5	7.269987	40.0	TRUE	C	3.865579E-5	9.0	0.0016953095	0.9976448	40.02995	0.12271702	0.15885553	61.0	1.0
SPIKE	S71:C>T	35	126864	2.7588598E-4	93.899216	40.0	TRUE	C	1.3481251E-4	124.0	6.959066E-4	0.99181014	139.62132	0.1380223	0.1370776	61.0	0.0
SPIKE	S71:C>G	0	126864	0.0	-1.0	0.0	TRUE	C	9.32558E-5	49.0	7.972811E-4	0.99432755	58.50193	0.24163763	0.13811807	61.0	0.0
SPIKE	S72:G>A	42	126864	3.3106317E-4	114.22498	40.0	TRUE	G	1.5793547E-4	154.0	7.805837E-4	0.9904122	139.62132	0.13020766	0.14591189	61.0	0.0
SPIKE	S72:G>T	1	126864	7.882457E-6	4.2596874	40.0	TRUE	G	4.596379E-5	22.0	9.0476015E-4	0.99720013	40.02995	0.2652923	0.13230178	61.0	0.0
SPIKE	S72:G>C	0	126864	0.0	-1.0	0.0	TRUE	G	2.079202E-5	11.0	0.0010156896	0.9987325	58.50193	0.24004008	0.14028928	61.0	0.0
SPIKE	S73:T>A	4	126864	3.1529828E-5	13.290587	40.0	TRUE	T	4.645428E-5	3.0	0.0016508553	0.9971703	28.330336	0.20836748	0.12988415	61.0	1.0
SPIKE	S73:T>G	6	126864	4.729474E-5	13.113299	40.0	TRUE	T	1.2456017E-4	65.0	8.0946053E-4	0.9924306	77.92161	0.24330775	0.1369121	61.0	0.0
SPIKE	S73:T>C	110	126864	8.670702E-4	270.3447	40.0	TRUE	T	4.2942117E-4	374.0	6.991839E-4	0.9741454	183.48524	0.14576524	0.15331738	61.0	0.0
SPIKE	S74:G>A	23	126864	1.812965E-4	70.48629	40.0	TRUE	G	4.922664E-5	48.0	7.805837E-4	0.9970017	139.62132	0.13020766	0.14591189	61.0	0.0
SPIKE	S74:G>C	0	126864	0.0	-1.0	0.0	TRUE	G	1.105794E-4	0.0	0.0010156896	0.9932774	58.50193	0.24004008	0.14028928	61.0	1.0
SPIKE	S74:G>T	0	126864	0.0	-1.0	0.0	TRUE	G	8.3633095E-5	9.0	9.0476015E-4	0.9949114	40.02995	0.2652923	0.13230178	61.0	1.0
SPIKE	S75:G>A	26	126864	2.0494388E-4	79.51719	40.0	TRUE	G	9.332551E-5	91.0	7.805837E-4	0.9943233	139.62132	0.13020766	0.14591189	61.0	0.0
SPIKE	S75:G>C	0	126864	0.0	-1.0	0.0	TRUE	G	1.105794E-4	0.0	0.0010156896	0.9932774	58.50193	0.24004008	0.14028928	61.0	1.0
SPIKE	S75:G>T	0	126864	0.0	-1.0	0.0	TRUE	G	5.223158E-5	25.0	9.0476015E-4	0.99681896	40.02995	0.2652923	0.13230178	61.0	0.0
SPIKE	S76:T>A	5	126864	3.9412284E-5	16.300888	40.0	TRUE	T	4.645428E-5	1.0	0.0016508553	0.9971703	28.330336	0.20836748	0.12988415	61.0	1.0
SPIKE	S76:T>G	13	126864	1.0247194E-4	40.383286	40.0	TRUE	T	7.665242E-5	40.0	8.0946053E-4	0.9953351	77.92161	0.24330775	0.1369121	61.0	0.0
SPIKE	S76:T>C	67	126864	5.281246E-4	180.02802	40.0	TRUE	T	1.98636E-4	173.0	6.991839E-4	0.98795635	183.48524	0.14576524	0.15331738	61.0	0.0
SPIKE	S77:T>C	12	126864	9.458948E-5	37.372986	40.0	TRUE	T	3.674192E-5	32.0	6.991839E-4	0.99776125	183.48524	0.14576524	0.15331738	61.0	0.0
SPIKE	S77:T>A	0	126864	0.0	-1.0	0.0	TRUE	T	4.645428E-5	1.0	0.0016508553	0.9971703	28.330336	0.20836748	0.12988415	61.0	1.0
SPIKE	S77:T>G	0	126864	0.0	-1.0	0.0	TRUE	T	1.49322E-4	1.0	8.0946053E-4	0.9909327	77.92161	0.24330775	0.1369121	61.0	1.0
SPIKE	S78:T>G	2	126864	1.5764914E-5	7.269987	40.0	TRUE	T	1.0156446E-4	53.0	8.0946053E-4	0.9938237	77.92161	0.24330775	0.1369121	61.0	0.0
SPIKE	S78:T>C	4	126864	3.1529828E-5	-1.0	40.0	TRUE	T	1.9519144E-5	17.0	6.991839E-4	0.99881005	183.48524	0.14576524	0.15331738	61.0	0.0
SPIKE	S78:T>A	0	126864	0.0	-1.0	0.0	TRUE	T	4.645428E-5	0.0	0.0016508553	0.9971703	28.330336	0.20836748	0.12988415	61.0	1.0
SPIKE	S79:G>A	29	126864	2.2859125E-4	88.54809	40.0	TRUE	G	6.4609965E-5	63.0	7.805837E-4	0.9960666	139.62132	0.13020766	0.14591189	61.0	0.0
SPIKE	S79:G>C	0	126864	0.0	-1.0	0.0	TRUE	G	1.11520836E-4	59.0	0.0010156896	0.9932203	58.50193	0.24004008	0.14028928	61.0	0.0
SPIKE	S79:G>T	0	126864	0.0	-1.0	0.0	TRUE	G	8.3633095E-5	5.0	9.0476015E-4	0.9949114	40.02995	0.2652923	0.13230178	61.0	1.0
SPIKE	S80:C>A	3	126864	2.364737E-5	10.280287	40.0	TRUE	C	3.865579E-5	5.0	0.0016953095	0.9976448	40.02995	0.12271702	0.15885553	61.0	1.0
SPIKE	S80:C>T	50	126864	3.9412285E-4	126.33406	40.0	TRUE	C	2.348347E-4	216.0	6.959066E-4	0.9857772	139.62132	0.1380223	0.1370776	61.0	0.0
SPIKE	S80:C>G	0	126864	0.0	-1.0	0.0	TRUE	C	1.0086852E-4	53.0	7.972811E-4	0.9938659	58.50193	0.24163763	0.13811807	61.0	0.0
SPIKE	S81:G>A	40	126864	3.1529827E-4	108.40486	40.0	TRUE	G	1.0768328E-4	105.0	7.805837E-4	0.99345285	139.62132	0.13020766	0.14591189	61.0	0.0
SPIKE	S81:G>T	1	126864	7.882457E-6	4.2596874	40.0	TRUE	G	8.3633095E-5	1.0	9.0476015E-4	0.9949114	40.02995	0.2652923	0.13230178	61.0	1.0
SPIKE	S81:G>C	2	126864	1.5764914E-5	3.9120662	40.0	TRUE	G	1.105794E-4	5.0	0.0010156896	0.9932774	58.50193	0.24004008	0.14028928	61.0	1.0
SPIKE	S82:G>A	58	126864	4.571825E-4	165.91978	40.0	TRUE	G	1.343477E-4	131.0	7.805837E-4	0.9918383	139.62132	0.13020766	0.14591189	61.0	0.0
SPIKE	S82:G>T	1	126864	7.882457E-6	4.2596874	40.0	TRUE	G	8.3633095E-5	1.0	9.0476015E-4	0.9949114	40.02995	0.2652923	0.13230178	61.0	1.0
SPIKE	S82:G>C	1	126864	7.882457E-6	4.2596874	40.0	TRUE	G	8.8838635E-5	47.0	0.0010156896	0.9945955	58.50193	0.24004008	0.14028928	61.0	0.0
SPIKE	S83:C>T	48	126864	3.7835792E-4	131.73553	40.0	TRUE	C	1.20678946E-4	111.0	6.959066E-4	0.9926656	139.62132	0.1380223	0.1370776	61.0	0.0
SPIKE	S83:C>A	0	126864	0.0	-1.0	0.0	TRUE	C	3.865579E-5	1.0	0.0016953095	0.9976448	40.02995	0.12271702	0.15885553	61.0	1.0
SPIKE	S83:C>G	0	126864	0.0	-1.0	0.0	TRUE	C	1.1419078E-4	60.0	7.972811E-4	0.99305856	58.50193	0.24163763	0.13811807	61.0	0.0
SPIKE	S84:G>A	34	126864	2.6800352E-4	103.59959	40.0	TRUE	G	1.00504396E-4	98.0	7.805837E-4	0.99388796	139.62132	0.13020766	0.14591189	61.0	0.0
SPIKE	S84:G>T	1	126864	7.882457E-6	4.2596874	40.0	TRUE	G	8.3633095E-5	0.0	9.0476015E-4	0.9949114	40.02995	0.2652923	0.13230178	61.0	1.0
SPIKE	S84:G>C	0	126864	0.0	-1.0	0.0	TRUE	G	1.105794E-4	5.0	0.0010156896	0.9932774	58.50193	0.24004008	0.14028928	61.0	1.0
SPIKE	S85:A>G	4	126864	3.1529828E-5	-1.0	40.0	TRUE	A	2.0816373E-5	24.0	7.558993E-4	0.998731	183.48524	0.11011858	0.13622996	61.0	0.0
SPIKE	S85:A>C	0	126864	0.0	-1.0	0.0	TRUE	A	4.0867624E-5	61.0	0.0015877397	0.9975102	77.92161	0.085129105	0.12933978	61.0	0.0
SPIKE	S85:A>T	0	126864	0.0	-1.0	0.0	TRUE	A	6.750415E-5	40.0	0.001617109	0.99589074	28.330336	0.21444295	0.1304178	61.0	0.0
SPIKE	S86:T>G	3	126864	2.364737E-5	6.0206	40.0	TRUE	T	1.49322E-4	7.0	8.0946053E-4	0.9909327	77.92161	0.24330775	0.1369121	61.0	1.0
SPIKE	S86:T>C	34	126864	2.6800352E-4	103.59959	40.0	TRUE	T	9.1854796E-5	80.0	6.991839E-4	0.99441254	183.48524	0.14576524	0.15331738	61.0	0.0
SPIKE	S86:T>A	0	126864	0.0	-1.0	0.0	TRUE	T	4.645428E-5	6.0	0.0016508553	0.9971703	28.330336	0.20836748	0.12988415	61.0	1.0
SPIKE	S87:T>G	2	126864	1.5764914E-5	3.9120662	40.0	TRUE	T	1.49322E-4	9.0	8.0946053E-4	0.9909327	77.92161	0.24330775	0.1369121	61.0	1.0
SPIKE	S87:T>C	18	126864	1.4188423E-4	-1.0	40.0	TRUE	T	3.4445547E-5	30.0	6.991839E-4	0.997901	183.48524	0.14576524	0.15331738	61.0	0.0
SPIKE	S87:T>A	0	126864	0.0	-1.0	0.0	TRUE	T	4.645428E-5	0.0	0.0016508553	0.9971703	28.330336	0.20836748	0.12988415	61.0	1.0
SPIKE	S88:T>C	13	126864	1.0247194E-4	-1.0	40.0	TRUE	T	2.1815515E-5	19.0	6.991839E-4	0.99867016	183.48524	0.14576524	0.15331738	61.0	0.0
SPIKE	S88:T>A	0	126864	0.0	-1.0	0.0	TRUE	T	6.3949716E-5	39.0	0.0016508553	0.9961067	28.330336	0.20836748	0.12988415	61.0	0.0
SPIKE	S88:T>G	0	126864	0.0	-1.0	0.0	TRUE	T	1.49322E-4	0.0	8.0946053E-4	0.9909327	77.92161	0.24330775	0.1369121	61.0	1.0
SPIKE	S89:A>G	13	126864	1.0247194E-4	-1.0	40.0	TRUE	A	2.5153116E-5	29.0	7.558993E-4	0.99846685	183.48524	0.11011858	0.13622996	61.0	0.0
SPIKE	S89:A>C	0	126864	0.0	-1.0	0.0	TRUE	A	5.2204443E-5	0.0	0.0015877397	0.99682057	77.92161	0.085129105	0.12933978	61.0	1.0
SPIKE	S89:A>T	0	126864	0.0	-1.0	0.0	TRUE	A	1.2488269E-4	74.0	0.001617109	0.9924111	28.330336	0.21444295	0.1304178	61.0	0.0
SPIKE	S90:T>A	1	126864	7.882457E-6	4.2596874	40.0	TRUE	T	4.645428E-5	5.0	0.0016508553	0.9971703	28.330336	0.20836748	0.12988415	61.0	1.0
SPIKE	S90:T>C	17	126864	1.3400176E-4	42.57172	40.0	TRUE	T	1.1826305E-4	103.0	6.991839E-4	0.9928119	183.48524	0.14576524	0.15331738	61.0	0.0
SPIKE	S90:T>G	0	126864	0.0	-1.0	0.0	TRUE	T	1.49322E-4	7.0	8.0946053E-4	0.9909327	77.92161	0.24330775	0.1369121	61.0	1.0
SPIKE	S91:C>A	3	126864	2.364737E-5	10.280287	40.0	TRUE	C	3.865579E-5	2.0	0.0016953095	0.9976448	40.02995	0.12271702	0.15885553	61.0	1.0
SPIKE	S91:C>T	29	126864	2.2859125E-4	76.59832	40.0	TRUE	C	1.10894165E-4	102.0	6.959066E-4	0.9932583	139.62132	0.1380223	0.1370776	61.0	0.0
SPIKE	S91:C>G	0	126864	0.0	-1.0	0.0	TRUE	C	1.2751303E-4	67.0	7.972811E-4	0.9922519	58.50193	0.24163763	0.13811807	61.0	0.0
SPIKE	S92:G>A	47	126864	3.7047546E-4	128.81238	40.0	TRUE	G	1.5383326E-4	150.0	7.805837E-4	0.9906601	139.62132	0.13020766	0.14591189	61.0	0.0
SPIKE	S92:G>T	1	126864	7.882457E-6	2.0412	40.0	TRUE	G	1.2953431E-4	62.0	9.0476015E-4	0.99212956	40.02995	0.2652923	0.13230178	61.0	0.0
SPIKE	S92:G>C	0	126864	0.0	-1.0	0.0	TRUE	G	1.105794E-4	7.0	0.0010156896	0.9932774	58.50193	0.24004008	0.14028928	61.0	1.0
SPIKE	S93:T>G	5	126864	3.9412284E-5	-1.0	40.0	TRUE	T	3.066097E-5	16.0	8.0946053E-4	0.99813145	77.92161	0.24330775	0.1369121	61.0	0.0
SPIKE	S93:T>A	4	126864	3.1529828E-5	13.290587	40.0	TRUE	T	4.645428E-5	2.0	0.0016508553	0.9971703	28.330336	0.20836748	0.12988415	61.0	1.0
SPIKE	S93:T>C	53	126864	4.177702E-4	125.077034	39.981133	TRUE	T	2.985281E-4	260.0	6.991839E-4	0.9819546	183.48524	0.14576524	0.15331738	61.0	0.0
SPIKE	S94:C>A	1	126864	7.882457E-6	4.2596874	40.0	TRUE	C	3.865579E-5	0.0	0.0016953095	0.9976448	40.02995	0.12271702	0.15885553	61.0	1.0
SPIKE	S94:C>T	26	126864	2.0494388E-4	68.00451	40.0	TRUE	C	1.1306856E-4	104.0	6.959066E-4	0.9931266	139.62132	0.1380223	0.1370776	61.0	0.0
SPIKE	S94:C>G	0	126864	0.0	-1.0	0.0	TRUE	C	1.0467488E-4	55.0	7.972811E-4	0.9936352	58.50193	0.24163763	0.13811807	61.0	0.0
SPIKE	S95:G>A	53	126864	4.177702E-4	146.37572	40.0	TRUE	G	1.2306661E-4	120.0	7.805837E-4	0.99252105	139.62132	0.13020766	0.14591189	61.0	0.0
SPIKE	D95-98:GTC>	2	126864	1.5764914E-5	-1.0	39.998787	TRUE		NaN	NaN	NaN	NaN	NaN	NaN	NaN	NaN	NaN
SPIKE	S95:G>C	0	126864	0.0	-1.0	0.0	TRUE	G	1.105794E-4	5.0	0.0010156896	0.9932774	58.50193	0.24004008	0.14028928	61.0	1.0
SPIKE	S95:G>T	0	126864	0.0	-1.0	0.0	TRUE	G	1.12820206E-4	54.0	9.0476015E-4	0.9931416	40.02995	0.2652923	0.13230178	61.0	0.0
SPIKE	S96:T>C	78	126864	6.1483163E-4	190.43715	40.0	TRUE	T	3.7545647E-4	327.0	6.991839E-4	0.97735745	183.48524	0.14576524	0.15331738	61.0	0.0
SPIKE	S96:T>A	3	126864	2.364737E-5	10.280287	40.0	TRUE	T	4.645428E-5	8.0	0.0016508553	0.9971703	28.330336	0.20836748	0.12988415	61.0	1.0
SPIKE	S96:T>G	0	126864	0.0	-1.0	0.0	TRUE	T	3.066097E-5	16.0	8.0946053E-4	0.99813145	77.92161	0.24330775	0.1369121	61.0	0.0
SPIKE	S97:C>T	16	126864	1.2611931E-4	49.41419	40.0	TRUE	C	4.67495E-5	43.0	6.959066E-4	0.9971523	139.62132	0.1380223	0.1370776	61.0	0.0
SPIKE	S97:C>A	0	126864	0.0	-1.0	0.0	TRUE	C	7.049404E-5	73.0	0.0016953095	0.9957091	40.02995	0.12271702	0.15885553	61.0	0.0
SPIKE	S97:C>G	0	126864	0.0	-1.0	0.0	TRUE	C	1.1133969E-4	0.0	7.972811E-4	0.9932313	58.50193	0.24163763	0.13811807	61.0	1.0
SPIKE	S98:A>C	2	126864	1.5764914E-5	7.269987	40.0	TRUE	A	5.2204443E-5	7.0	0.0015877397	0.99682057	77.92161	0.085129105	0.12933978	61.0	1.0
SPIKE	S98:A>G	22	126864	1.7341405E-4	67.47598	40.0	TRUE	A	1.03214516E-4	119.0	7.558993E-4	0.9937237	183.48524	0.11011858	0.13622996	61.0	0.0
SPIKE	D98-101:ATC>	4	126864	3.1529828E-5	-1.0	39.997902	TRUE		NaN	NaN	NaN	NaN	NaN	NaN	NaN	NaN	NaN
SPIKE	S98:A>T	0	126864	0.0	-1.0	0.0	TRUE	A	1.2319507E-4	73.0	0.001617109	0.99251324	28.330336	0.21444295	0.1304178	61.0	0.0
SPIKE	S99:T>C	16	126864	1.2611931E-4	39.792072	40.0	TRUE	T	1.3548583E-4	118.0	6.991839E-4	0.99176943	183.48524	0.14576524	0.15331738	61.0	0.0
SPIKE	S99:T>A	1	126864	7.882457E-6	4.2596874	40.0	TRUE	T	4.645428E-5	6.0	0.0016508553	0.9971703	28.330336	0.20836748	0.12988415	61.0	1.0
SPIKE	S99:T>G	1	126864	7.882457E-6	2.0412	40.0	TRUE	T	1.49322E-4	0.0	8.0946053E-4	0.9909327	77.92161	0.24330775	0.1369121	61.0	1.0
SPIKE	S100:C>T	53	126864	4.177702E-4	134.88	40.0	TRUE	C	2.0004438E-4	184.0	6.959066E-4	0.98787147	139.62132	0.1380223	0.1370776	61.0	0.0
SPIKE	S100:C>A	2	126864	1.5764914E-5	7.269987	40.0	TRUE	C	3.865579E-5	3.0	0.0016953095	0.9976448	40.02995	0.12271702	0.15885553	61.0	1.0
SPIKE	S100:C>G	0	126864	0.0	-1.0	0.0	TRUE	C	1.6747981E-4	88.0	7.972811E-4	0.98983574	58.50193	0.24163763	0.13811807	61.0	0.0
SPIKE	S101:G>A	33	126864	2.6012107E-4	88.11774	40.0	TRUE	G	1.0870883E-4	106.0	7.805837E-4	0.9933907	139.62132	0.13020766	0.14591189	61.0	0.0
SPIKE	S101:G>C	0	126864	0.0	-1.0	0.0	TRUE	G	1.105794E-4	6.0	0.0010156896	0.9932774	58.50193	0.24004008	0.14028928	61.0	1.0
SPIKE	S101:G>T	0	126864	0.0	-1.0	0.0	TRUE	G	1.2953431E-4	62.0	9.0476015E-4	0.99212956	40.02995	0.2652923	0.13230178	61.0	0.0
SPIKE	S102:T>C	51	126864	4.020053E-4	129.18161	40.0	TRUE	T	1.905987E-4	166.0	6.991839E-4	0.9884408	183.48524	0.14576524	0.15331738	61.0	0.0
SPIKE	S102:T>A	1	126864	7.882457E-6	4.2596874	40.0	TRUE	T	4.645428E-5	0.0	0.0016508553	0.9971703	28.330336	0.20836748	0.12988415	61.0	1.0
SPIKE	S102:T>G	2	126864	1.5764914E-5	3.9120662	40.0	TRUE	T	1.3414174E-4	70.0	8.0946053E-4	0.99185073	77.92161	0.24330775	0.1369121	61.0	0.0
SPIKE	S103:G>T	1	126864	7.882457E-6	4.2596874	40.0	TRUE	G	8.3633095E-5	5.0	9.0476015E-4	0.9949114	40.02995	0.2652923	0.13230178	61.0	1.0
SPIKE	S103:G>A	22	126864	1.7341405E-4	67.47598	40.0	TRUE	G	5.2303305E-5	51.0	7.805837E-4	0.9968146	139.62132	0.13020766	0.14591189	61.0	0.0
SPIKE	S103:G>C	0	126864	0.0	-1.0	0.0	TRUE	G	1.105794E-4	5.0	0.0010156896	0.9932774	58.50193	0.24004008	0.14028928	61.0	1.0
SPIKE	S104:G>A	35	126864	2.7588598E-4	93.899216	40.0	TRUE	G	1.1281105E-4	110.0	7.805837E-4	0.9931421	139.62132	0.13020766	0.14591189	61.0	0.0
SPIKE	S104:G>C	0	126864	0.0	-1.0	0.0	TRUE	G	1.00179735E-4	53.0	0.0010156896	0.9939077	58.50193	0.24004008	0.14028928	61.0	0.0
SPIKE	S104:G>T	0	126864	0.0	-1.0	0.0	TRUE	G	8.3633095E-5	0.0	9.0476015E-4	0.9949114	40.02995	0.2652923	0.13230178	61.0	1.0
SPIKE	S105:C>T	64	126864	5.0447724E-4	155.18272	40.0	TRUE	C	2.4788108E-4	228.0	6.959066E-4	0.984993	139.62132	0.1380223	0.1370776	61.0	0.0
SPIKE	S105:C>A	4	126864	3.1529828E-5	-1.0	40.0	TRUE	C	9.656717E-6	10.0	0.0016953095	0.9994111	40.02995	0.12271702	0.15885553	61.0	0.0
SPIKE	S105:C>G	0	126864	0.0	-1.0	0.0	TRUE	C	1.027717E-4	54.0	7.972811E-4	0.9937505	58.50193	0.24163763	0.13811807	61.0	0.0
SPIKE	D106-109:GGC>	1	126864	7.882457E-6	-1.0	39.999016	TRUE		NaN	NaN	NaN	NaN	NaN	NaN	NaN	NaN	NaN
SPIKE	S106:G>T	1	126864	7.882457E-6	4.2596874	40.0	TRUE	G	8.3633095E-5	4.0	9.0476015E-4	0.9949114	40.02995	0.2652923	0.13230178	61.0	1.0
SPIKE	S106:G>A	57	126864	4.4930005E-4	157.92287	40.0	TRUE	G	1.7229325E-4	168.0	7.805837E-4	0.98954517	139.62132	0.13020766	0.14591189	61.0	0.0
SPIKE	S106:G>C	0	126864	0.0	-1.0	0.0	TRUE	G	1.105794E-4	6.0	0.0010156896	0.9932774	58.50193	0.24004008	0.14028928	61.0	1.0
SPIKE	S107:G>A	53	126864	4.177702E-4	134.88	40.0	TRUE	G	1.9485546E-4	190.0	7.805837E-4	0.98818415	139.62132	0.13020766	0.14591189	61.0	0.0
SPIKE	S107:G>C	0	126864	0.0	-1.0	0.0	TRUE	G	1.512147E-4	80.0	0.0010156896	0.9908183	58.50193	0.24004008	0.14028928	61.0	0.0
SPIKE	S107:G>T	0	126864	0.0	-1.0	0.0	TRUE	G	8.3633095E-5	0.0	9.0476015E-4	0.9949114	40.02995	0.2652923	0.13230178	61.0	1.0
SPIKE	S108:C>T	43	126864	3.3894565E-4	117.13841	40.0	TRUE	C	1.3372532E-4	123.0	6.959066E-4	0.99187595	139.62132	0.1380223	0.1370776	61.0	0.0
SPIKE	S108:C>A	0	126864	0.0	-1.0	0.0	TRUE	C	5.2146275E-5	54.0	0.0016953095	0.99682415	40.02995	0.12271702	0.15885553	61.0	0.0
SPIKE	S108:C>G	0	126864	0.0	-1.0	0.0	TRUE	C	1.1133969E-4	5.0	7.972811E-4	0.9932313	58.50193	0.24163763	0.13811807	61.0	1.0
SPIKE	S109:A>G	18	126864	1.4188423E-4	45.363	40.0	TRUE	A	1.17092095E-4	135.0	7.558993E-4	0.99288285	183.48524	0.11011858	0.13622996	61.0	0.0
SPIKE	S109:A>C	0	126864	0.0	-1.0	0.0	TRUE	A	1.6079066E-5	24.0	0.0015877397	0.9990197	77.92161	0.085129105	0.12933978	61.0	0.0
SPIKE	S109:A>T	0	126864	0.0	-1.0	0.0	TRUE	A	4.7810383E-5	0.0	0.001617109	0.99708784	28.330336	0.21444295	0.1304178	61.0	1.0
SPIKE	S110:G>C	1	126864	7.882457E-6	4.2596874	40.0	TRUE	G	1.03960105E-4	55.0	0.0010156896	0.9936785	58.50193	0.24004008	0.14028928	61.0	0.0
SPIKE	S110:G>A	43	126864	3.3894565E-4	130.69229	40.0	TRUE	G	9.9478835E-5	97.0	7.805837E-4	0.9939502	139.62132	0.13020766	0.14591189	61.0	0.0
SPIKE	S110:G>T	0	126864	0.0	-1.0	0.0	TRUE	G	3.9696E-5	19.0	9.0476015E-4	0.9975815	40.02995	0.2652923	0.13230178	61.0	0.0
SPIKE	S111:C>T	47	126863	3.704784E-4	128.81238	40.0	TRUE	C	1.3590079E-4	125.0	6.959066E-4	0.99174434	139.62022	0.1380223	0.1370776	61.0	0.0
SPIKE	S111:C>A	1	126863	7.882519E-6	4.2596874	40.0	TRUE	C	3.865579E-5	7.0	0.0016953095	0.9976448	40.029636	0.12271702	0.15885553	61.0	1.0
SPIKE	S111:C>G	0	126863	0.0	-1.0	0.0	TRUE	C	1.1990126E-4	63.0	7.972811E-4	0.9927127	58.501472	0.24163763	0.13811807	61.0	0.0
SPIKE	S112:G>A	28	126855	2.2072445E-4	73.72888	40.0	TRUE	G	1.0974218E-4	107.0	7.805837E-4	0.9933281	139.61142	0.13020766	0.14591189	61.0	0.0
SPIKE	S112:G>C	0	126855	0.0	-1.0	0.0	TRUE	G	1.105794E-4	4.0	0.0010156896	0.9932774	58.497784	0.24004008	0.14028928	61.0	1.0
SPIKE	S112:G>T	0	126855	0.0	-1.0	0.0	TRUE	G	6.0592927E-5	29.0	9.0476015E-4	0.99631065	40.02711	0.2652923	0.13230178	61.0	0.0
SPIKE	S113:T>C	82	126854	6.4641243E-4	211.94984	40.0	TRUE	T	2.5951024E-4	226.0	6.991839E-4	0.98429453	183.47078	0.14576524	0.15331738	61.0	0.0
SPIKE	S113:T>G	6	126854	4.729847E-5	19.311188	40.0	TRUE	T	9.3906616E-5	49.0	8.0946053E-4	0.9942881	77.91547	0.24330775	0.1369121	61.0	0.0
SPIKE	S113:T>A	0	126854	0.0	-1.0	0.0	TRUE	T	4.645428E-5	3.0	0.0016508553	0.9971703	28.328102	0.20836748	0.12988415	61.0	1.0
SPIKE	S114:G>A	30	126854	2.3649234E-4	79.47218	40.0	TRUE	G	1.0769177E-4	105.0	7.805837E-4	0.9934523	139.61032	0.13020766	0.14591189	61.0	0.0
SPIKE	S114:G>C	0	126854	0.0	-1.0	0.0	TRUE	G	4.158732E-5	22.0	0.0010156896	0.9974664	58.497322	0.24004008	0.14028928	61.0	0.0
SPIKE	S114:G>T	0	126854	0.0	-1.0	0.0	TRUE	G	8.3633095E-5	6.0	9.0476015E-4	0.9949114	40.026794	0.2652923	0.13230178	61.0	1.0
SPIKE	S115:A>T	1	126854	7.883078E-6	4.2596874	40.0	TRUE	A	4.388116E-5	26.0	0.001617109	0.99732685	28.328102	0.21444295	0.1304178	61.0	0.0
SPIKE	S115:A>C	1	126854	7.883078E-6	4.2596874	40.0	TRUE	A	4.6230958E-5	69.0	0.0015877397	0.99718386	77.91547	0.085129105	0.12933978	61.0	0.0
SPIKE	S115:A>G	68	126854	5.360493E-4	182.91243	40.0	TRUE	A	1.9516888E-4	225.0	7.558993E-4	0.98816526	183.47078	0.11011858	0.13622996	61.0	0.0
SPIKE	S116:C>T	16	126854	1.2612925E-4	49.41419	40.0	TRUE	C	6.088787E-5	56.0	6.959066E-4	0.9962927	139.61032	0.1380223	0.1370776	61.0	0.0
SPIKE	S116:C>A	1	126854	7.883078E-6	-1.0	40.0	TRUE	C	2.8006689E-5	29.0	0.0016953095	0.99829304	40.026794	0.12271702	0.15885553	61.0	0.0
SPIKE	S116:C>G	0	126854	0.0	-1.0	0.0	TRUE	C	1.1133969E-4	0.0	7.972811E-4	0.9932313	58.497322	0.24163763	0.13811807	61.0	1.0
SPIKE	S117:C>T	30	126854	2.3649234E-4	70.25505	40.0	TRUE	C	1.7940176E-4	165.0	6.959066E-4	0.98911613	139.61032	0.1380223	0.1370776	61.0	0.0
SPIKE	S117:C>A	0	126854	0.0	-1.0	0.0	TRUE	C	1.6417715E-5	17.0	0.0016953095	0.998999	40.026794	0.12271702	0.15885553	61.0	0.0
SPIKE	S117:C>G	0	126854	0.0	-1.0	0.0	TRUE	C	1.1133969E-4	3.0	7.972811E-4	0.9932313	58.497322	0.24163763	0.13811807	61.0	1.0
SPIKE	S118:T>C	49	126854	3.8627084E-4	134.66039	40.0	TRUE	T	1.7109304E-4	149.0	6.991839E-4	0.9896176	183.47078	0.14576524	0.15331738	61.0	0.0
SPIKE	S118:T>G	2	126854	1.5766156E-5	7.269987	40.0	TRUE	T	6.324323E-5	33.0	8.0946053E-4	0.9961496	77.91547	0.24330775	0.1369121	61.0	0.0
SPIKE	S118:T>A	6	126854	4.729847E-5	13.113299	40.0	TRUE	T	1.2298992E-4	75.0	0.0016508553	0.9925257	28.328102	0.20836748	0.12988415	61.0	0.0
SPIKE	S119:A>T	2	126854	1.5766156E-5	3.9120662	40.0	TRUE	A	1.5189631E-4	90.0	0.001617109	0.99077713	28.328102	0.21444295	0.1304178	61.0	0.0
SPIKE	S119:A>C	3	126854	2.3649234E-5	10.280287	40.0	TRUE	A	4.35509E-5	65.0	0.0015877397	0.99734694	77.91547	0.085129105	0.12933978	61.0	0.0
SPIKE	S119:A>G	52	126854	4.0992006E-4	143.39166	40.0	TRUE	A	1.10161986E-4	127.0	7.558993E-4	0.99330264	183.47078	0.11011858	0.13622996	61.0	0.0
SPIKE	S120:T>C	41	126854	3.2320622E-4	124.671684	40.0	TRUE	T	9.071376E-5	79.0	6.991839E-4	0.99448174	183.47078	0.14576524	0.15331738	61.0	0.0
SPIKE	S120:T>G	4	126854	3.1532312E-5	8.284564	40.0	TRUE	T	1.6289923E-4	85.0	8.0946053E-4	0.99011236	77.91547	0.24330775	0.1369121	61.0	0.0
SPIKE	S120:T>A	2	126854	1.5766156E-5	7.269987	40.0	TRUE	T	4.645428E-5	9.0	0.0016508553	0.9971703	28.328102	0.20836748	0.12988415	61.0	1.0
SPIKE	S121:G>A	33	126854	2.601416E-4	100.58929	40.0	TRUE	G	6.666633E-5	65.0	7.805837E-4	0.99594164	139.61032	0.13020766	0.14591189	61.0	0.0
SPIKE	S121:G>C	0	126854	0.0	-1.0	0.0	TRUE	G	1.105794E-4	0.0	0.0010156896	0.9932774	58.497322	0.24004008	0.14028928	61.0	1.0
SPIKE	S121:G>T	0	126854	0.0	-1.0	0.0	TRUE	G	1.880485E-4	90.0	9.0476015E-4	0.9885946	40.026794	0.2652923	0.13230178	61.0	0.0
SPIKE	S122:T>C	81	126854	6.385293E-4	198.8323	40.0	TRUE	T	3.5826195E-4	312.0	6.991839E-4	0.97838306	183.47078	0.14576524	0.15331738	61.0	0.0
SPIKE	S122:T>G	7	126854	5.5181546E-5	11.410683	40.0	TRUE	T	1.8972969E-4	99.0	8.0946053E-4	0.9884932	77.91547	0.24330775	0.1369121	61.0	0.0
SPIKE	S122:T>A	1	126854	7.883078E-6	4.2596874	40.0	TRUE	T	4.645428E-5	6.0	0.0016508553	0.9971703	28.328102	0.20836748	0.12988415	61.0	1.0
SPIKE	S123:G>A	24	126854	1.8919387E-4	73.49659	40.0	TRUE	G	7.794832E-5	76.0	7.805837E-4	0.9952564	139.61032	0.13020766	0.14591189	61.0	0.0
SPIKE	S123:G>C	0	126854	0.0	-1.0	0.0	TRUE	G	3.9696988E-5	21.0	0.0010156896	0.9975814	58.497322	0.24004008	0.14028928	61.0	0.0
SPIKE	S123:G>T	0	126854	0.0	-1.0	0.0	TRUE	G	1.2536567E-4	60.0	9.0476015E-4	0.9923819	40.026794	0.2652923	0.13230178	61.0	0.0
SPIKE	D124-126:TG>	4	126854	3.1532312E-5	-1.0	39.99728	TRUE		NaN	NaN	NaN	NaN	NaN	NaN	NaN	NaN	NaN
SPIKE	S124:T>C	65	126854	5.1240006E-4	158.13971	40.0	TRUE	T	2.5951024E-4	226.0	6.991839E-4	0.98429453	183.47078	0.14576524	0.15331738	61.0	0.0
SPIKE	S124:T>G	1	126854	7.883078E-6	1.0720997	40.0	TRUE	T	1.8781323E-4	98.0	8.0946053E-4	0.9886088	77.91547	0.24330775	0.1369121	61.0	0.0
SPIKE	S124:T>A	1	126854	7.883078E-6	4.2596874	40.0	TRUE	T	4.645428E-5	1.0	0.0016508553	0.9971703	28.328102	0.20836748	0.12988415	61.0	1.0
SPIKE	S125:G>T	1	126854	7.883078E-6	4.2596874	40.0	TRUE	G	8.3633095E-5	8.0	9.0476015E-4	0.9949114	40.026794	0.2652923	0.13230178	61.0	1.0
SPIKE	S125:G>A	39	126854	3.0744006E-4	105.49838	40.0	TRUE	G	1.0666613E-4	104.0	7.805837E-4	0.9935145	139.61032	0.13020766	0.14591189	61.0	0.0
SPIKE	S125:G>C	0	126854	0.0	-1.0	0.0	TRUE	G	9.640697E-5	51.0	0.0010156896	0.99413645	58.497322	0.24004008	0.14028928	61.0	0.0
SPIKE	I126:>TG	1	126854	7.883078E-6	-1.0	39.999157	TRUE		NaN	NaN	NaN	NaN	NaN	NaN	NaN	NaN	NaN
SPIKE	S126:C>T	45	126854	3.5473853E-4	112.14543	40.0	TRUE	C	2.2506766E-4	207.0	6.959066E-4	0.98636466	139.61032	0.1380223	0.1370776	61.0	0.0
SPIKE	S126:C>G	2	126854	1.5766156E-5	3.9120662	40.0	TRUE	C	1.598797E-4	84.0	7.972811E-4	0.99029475	58.497322	0.24163763	0.13811807	61.0	0.0
SPIKE	S126:C>A	2	126854	1.5766156E-5	7.269987	40.0	TRUE	C	4.2492906E-5	44.0	0.0016953095	0.9974113	40.026794	0.12271702	0.15885553	61.0	0.0
SPIKE	S127:G>T	1	126854	7.883078E-6	4.2596874	40.0	TRUE	G	8.3633095E-5	4.0	9.0476015E-4	0.9949114	40.026794	0.2652923	0.13230178	61.0	1.0
SPIKE	S127:G>A	27	126854	2.1284311E-4	82.52749	40.0	TRUE	G	8.820469E-5	86.0	7.805837E-4	0.994634	139.61032	0.13020766	0.14591189	61.0	0.0
SPIKE	S127:G>C	0	126854	0.0	-1.0	0.0	TRUE	G	7.183264E-5	38.0	0.0010156896	0.9956278	58.497322	0.24004008	0.14028928	61.0	0.0
SPIKE	S128:G>A	40	126854	3.1532312E-4	108.40486	40.0	TRUE	G	1.3025575E-4	127.0	7.805837E-4	0.9920859	139.61032	0.13020766	0.14591189	61.0	0.0
SPIKE	S128:G>C	1	126854	7.883078E-6	4.2596874	40.0	TRUE	G	6.427131E-5	34.0	0.0010156896	0.99608713	58.497322	0.24004008	0.14028928	61.0	0.0
SPIKE	S128:G>T	2	126854	1.5766156E-5	7.269987	40.0	TRUE	G	8.3633095E-5	3.0	9.0476015E-4	0.9949114	40.026794	0.2652923	0.13230178	61.0	1.0
SPIKE	S129:C>A	2	126854	1.5766156E-5	7.269987	40.0	TRUE	C	7.822558E-5	81.0	0.0016953095	0.9952396	40.026794	0.12271702	0.15885553	61.0	0.0
SPIKE	S129:C>T	51	126854	4.02037E-4	129.18161	40.0	TRUE	C	1.9462373E-4	179.0	6.959066E-4	0.98819816	139.61032	0.1380223	0.1370776	61.0	0.0
SPIKE	S129:C>G	0	126854	0.0	-1.0	0.0	TRUE	C	1.5036305E-4	79.0	7.972811E-4	0.99086976	58.497322	0.24163763	0.13811807	61.0	0.0
SPIKE	D130-133:GGC>	4	126854	3.1532312E-5	-1.0	39.99859	TRUE		NaN	NaN	NaN	NaN	NaN	NaN	NaN	NaN	NaN
SPIKE	S130:G>A	28	126854	2.2072619E-4	85.53779	40.0	TRUE	G	1.0153795E-4	99.0	7.805837E-4	0.9938253	139.61032	0.13020766	0.14591189	61.0	0.0
SPIKE	S130:G>C	0	126854	0.0	-1.0	0.0	TRUE	G	7.372298E-5	39.0	0.0010156896	0.995513	58.497322	0.24004008	0.14028928	61.0	0.0
SPIKE	S130:G>T	0	126854	0.0	-1.0	0.0	TRUE	G	8.3633095E-5	1.0	9.0476015E-4	0.9949114	40.026794	0.2652923	0.13230178	61.0	1.0
SPIKE	S131:G>A	35	126854	2.7590775E-4	84.07732	40.0	TRUE	G	1.9999899E-4	195.0	7.805837E-4	0.98787415	139.61032	0.13020766	0.14591189	61.0	0.0
SPIKE	S131:G>C	0	126854	0.0	-1.0	0.0	TRUE	G	7.9393976E-5	42.0	0.0010156896	0.9951687	58.497322	0.24004008	0.14028928	61.0	0.0
SPIKE	S131:G>T	0	126854	0.0	-1.0	0.0	TRUE	G	8.3633095E-5	3.0	9.0476015E-4	0.9949114	40.026794	0.2652923	0.13230178	61.0	1.0
SPIKE	S132:C>T	42	126854	3.3108928E-4	114.22498	40.0	TRUE	C	1.4678326E-4	135.0	6.959066E-4	0.9910862	139.61032	0.1380223	0.1370776	61.0	0.0
SPIKE	S132:C>A	0	126854	0.0	-1.0	0.0	TRUE	C	1.1588974E-4	120.0	0.0016953095	0.9929556	40.026794	0.12271702	0.15885553	61.0	0.0
SPIKE	S132:C>G	0	126854	0.0	-1.0	0.0	TRUE	C	9.326315E-5	49.0	7.972811E-4	0.9943271	58.497322	0.24163763	0.13811807	61.0	0.0
SPIKE	S133:A>G	6	126854	4.729847E-5	19.311188	40.0	TRUE	A	9.107881E-5	105.0	7.558993E-4	0.99445957	183.47078	0.11011858	0.13622996	61.0	0.0
SPIKE	S133:A>C	0	126854	0.0	-1.0	0.0	TRUE	A	3.5979744E-4	537.0	0.0015877397	0.97829145	77.91547	0.085129105	0.12933978	61.0	0.0
SPIKE	S133:A>T	0	126854	0.0	-1.0	0.0	TRUE	A	4.7810383E-5	1.0	0.001617109	0.99708784	28.328102	0.21444295	0.1304178	61.0	1.0
SPIKE	S134:G>A	132	126854	0.0010405664	369.90152	40.0	TRUE	G	1.9794772E-4	193.0	7.805837E-4	0.9879978	139.61032	0.13020766	0.14591189	61.0	0.0
SPIKE	S134:G>C	11	126854	8.671386E-5	20.53052	40.0	TRUE	G	1.8714294E-4	99.0	0.0010156896	0.9886492	58.497322	0.24004008	0.14028928	61.0	0.0
SPIKE	S134:G>T	0	126854	0.0	-1.0	0.0	TRUE	G	9.8203105E-5	47.0	9.0476015E-4	0.9940275	40.026794	0.2652923	0.13230178	61.0	0.0
SPIKE	I135:>C	13	126854	1.02480015E-4	-1.0	39.998596	TRUE		NaN	NaN	NaN	NaN	NaN	NaN	NaN	NaN	NaN
SPIKE	S135:C>A	7	126854	5.5181546E-5	22.321487	40.0	TRUE	C	4.0561412E-5	42.0	0.0016953095	0.9975288	40.026794	0.12271702	0.15885553	61.0	0.0
SPIKE	S135:C>T	89	126854	7.0159393E-4	231.97899	40.0	TRUE	C	2.696463E-4	248.0	6.959066E-4	0.9836861	139.61032	0.1380223	0.1370776	61.0	0.0
SPIKE	D135-136:C>	18	126854	1.418954E-4	-1.0	39.998596	TRUE		NaN	NaN	NaN	NaN	NaN	NaN	NaN	NaN	NaN
SPIKE	S135:C>G	0	126854	0.0	-1.0	0.0	TRUE	C	9.135983E-5	48.0	7.972811E-4	0.9944425	58.497322	0.24163763	0.13811807	61.0	0.0
SPIKE	S136:C>A	3	126854	2.3649234E-5	10.280287	40.0	TRUE	C	7.725983E-5	80.0	0.0016953095	0.99529827	40.026794	0.12271702	0.15885553	61.0	0.0
SPIKE	S136:C>T	84	126854	6.6217856E-4	242.60191	40.0	TRUE	C	1.6744164E-4	154.0	6.959066E-4	0.98983806	139.61032	0.1380223	0.1370776	61.0	0.0
SPIKE	S136:C>G	0	126854	0.0	-1.0	0.0	TRUE	C	7.422986E-5	39.0	7.972811E-4	0.9954822	58.497322	0.24163763	0.13811807	61.0	0.0
SPIKE	I137:>T	11	126836	8.672617E-5	-1.0	39.482136	TRUE		NaN	NaN	NaN	NaN	NaN	NaN	NaN	NaN	NaN
SPIKE	S137:T>G	6	126836	4.730518E-5	13.113299	39.166668	TRUE	T	1.0925381E-4	57.0	8.0946053E-4	0.99335766	77.90441	0.24330775	0.1369121	61.0	0.0
SPIKE	S137:T>C	4	126836	3.1536787E-5	8.284564	39.0	TRUE	T	1.6307825E-4	142.0	6.991839E-4	0.9901015	183.44475	0.14576524	0.15331738	61.0	0.0
SPIKE	D137-139:TG>	5	126836	3.9420986E-5	-1.0	39.482136	TRUE		NaN	NaN	NaN	NaN	NaN	NaN	NaN	NaN	NaN
SPIKE	D137-138:T>	41	126836	3.2325208E-4	-1.0	39.482136	TRUE		NaN	NaN	NaN	NaN	NaN	NaN	NaN	NaN	NaN
SPIKE	S137:T>A	0	126836	0.0	-1.0	0.0	TRUE	T	5.576334E-5	34.0	0.0016508553	0.9966042	28.324083	0.20836748	0.12988415	61.0	0.0
SPIKE	D138-140:GA>	7	126833	5.5190685E-5	-1.0	39.443584	TRUE		NaN	NaN	NaN	NaN	NaN	NaN	NaN	NaN	NaN
SPIKE	I138:>G	14	126833	1.1038137E-4	-1.0	39.443584	TRUE		NaN	NaN	NaN	NaN	NaN	NaN	NaN	NaN	NaN
SPIKE	S138:G>A	29	126833	2.2864711E-4	76.59832	38.0	TRUE	G	1.600257E-4	156.0	7.805837E-4	0.99028593	139.5872	0.13020766	0.14591189	61.0	0.0
SPIKE	S138:G>C	2	126833	1.5768766E-5	-1.0	37.0	TRUE	G	3.0250332E-5	16.0	0.0010156896	0.9981564	58.487637	0.24004008	0.14028928	61.0	0.0
SPIKE	D138-139:G>	44	126833	3.4691286E-4	-1.0	39.443584	TRUE		NaN	NaN	NaN	NaN	NaN	NaN	NaN	NaN	NaN
SPIKE	D138-141:GAT>	1	126833	7.884383E-6	-1.0	39.443584	TRUE		NaN	NaN	NaN	NaN	NaN	NaN	NaN	NaN	NaN
SPIKE	S138:G>T	0	126833	0.0	-1.0	0.0	TRUE	G	2.3196488E-4	111.0	9.0476015E-4	0.98594975	40.02017	0.2652923	0.13230178	61.0	0.0
SPIKE	S139:A>G	3	126827	2.365427E-5	10.280287	39.333332	TRUE	A	9.3701005E-5	108.0	7.558993E-4	0.99430054	183.43173	0.11011858	0.13622996	61.0	0.0
SPIKE	S139:A>T	1	126827	7.884756E-6	0.57991946	40.0	TRUE	A	2.9879302E-4	177.0	0.001617109	0.9819387	28.322073	0.21444295	0.1304178	61.0	0.0
SPIKE	D139-140:A>	68	126827	5.3616345E-4	-1.0	38.98216	TRUE		NaN	NaN	NaN	NaN	NaN	NaN	NaN	NaN	NaN
SPIKE	D139-141:AT>	12	126827	9.461708E-5	-1.0	38.98216	TRUE		NaN	NaN	NaN	NaN	NaN	NaN	NaN	NaN	NaN
SPIKE	I139:>A	6	126827	4.730854E-5	-1.0	38.98216	TRUE		NaN	NaN	NaN	NaN	NaN	NaN	NaN	NaN	NaN
SPIKE	D139-143:ATTA>	1	126827	7.884756E-6	-1.0	38.98216	TRUE		NaN	NaN	NaN	NaN	NaN	NaN	NaN	NaN	NaN
SPIKE	S139:A>C	0	126827	0.0	-1.0	0.0	TRUE	A	4.4297345E-4	661.0	0.0015877397	0.97334045	77.89889	0.085129105	0.12933978	61.0	0.0
SPIKE	I140:>T	35	126823	2.7597518E-4	-1.0	39.37352	TRUE		NaN	NaN	NaN	NaN	NaN	NaN	NaN	NaN	NaN
SPIKE	D140-142:TT>	5	126823	3.9425024E-5	-1.0	39.37352	TRUE		NaN	NaN	NaN	NaN	NaN	NaN	NaN	NaN	NaN
SPIKE	D140-144:TTAG>	1	126823	7.885005E-6	-1.0	39.37352	TRUE		NaN	NaN	NaN	NaN	NaN	NaN	NaN	NaN	NaN
SPIKE	D140-143:TTA>	2	126823	1.577001E-5	-1.0	39.37352	TRUE		NaN	NaN	NaN	NaN	NaN	NaN	NaN	NaN	NaN
SPIKE	S140:T>A	1	126823	7.885005E-6	1.0720997	40.0	TRUE	T	2.2635676E-4	138.0	0.0016508553	0.9862871	28.32118	0.20836748	0.12988415	61.0	0.0
SPIKE	S140:T>G	7	126823	5.5195036E-5	15.631419	39.142857	TRUE	T	1.4376975E-4	75.0	8.0946053E-4	0.9912684	77.89643	0.24330775	0.1369121	61.0	0.0
SPIKE	S140:T>C	4	126823	3.154002E-5	13.290587	37.25	TRUE	T	4.9387912E-5	43.0	6.991839E-4	0.9969919	183.42593	0.14576524	0.15331738	61.0	0.0
SPIKE	D140-141:T>	145	126823	0.0011433257	-1.0	39.37352	TRUE		NaN	NaN	NaN	NaN	NaN	NaN	NaN	NaN	NaN
SPIKE	I141:>GAT	2	126802	1.5772623E-5	-1.0	39.533825	TRUE		NaN	NaN	NaN	NaN	NaN	NaN	NaN	NaN	NaN
SPIKE	S141:T>G	11	126802	8.6749424E-5	20.53052	39.636364	TRUE	T	2.1473171E-4	112.0	8.0946053E-4	0.98698676	77.88353	0.24330775	0.1369121	61.0	0.0
SPIKE	S141:T>C	1	126802	7.886311E-6	4.2596874	35.0	TRUE	T	1.02238424E-4	89.0	6.991839E-4	0.9937829	183.39557	0.14576524	0.15331738	61.0	0.0
SPIKE	I141:>CCTGAT	1	126802	7.886311E-6	-1.0	39.533825	TRUE		NaN	NaN	NaN	NaN	NaN	NaN	NaN	NaN	NaN
SPIKE	S141:T>A	0	126802	0.0	-1.0	0.0	TRUE	T	3.625589E-4	221.0	0.0016508553	0.97812665	28.31649	0.20836748	0.12988415	61.0	0.0
SPIKE	S142:A>G	6	126784	4.7324582E-5	4.872041	39.166668	TRUE	A	3.575732E-4	412.0	7.558993E-4	0.9784242	183.36954	0.11011858	0.13622996	61.0	0.0
SPIKE	S142:A>T	2	126784	1.5774862E-5	1.3408211	39.0	TRUE	A	3.0227168E-4	179.0	0.001617109	0.9817304	28.312471	0.21444295	0.1304178	61.0	0.0
SPIKE	D142-143:A>	57	126784	4.4958355E-4	-1.0	39.09957	TRUE		NaN	NaN	NaN	NaN	NaN	NaN	NaN	NaN	NaN
SPIKE	I142:>A	10	126784	7.8874305E-5	-1.0	39.09957	TRUE		NaN	NaN	NaN	NaN	NaN	NaN	NaN	NaN	NaN
SPIKE	D142-144:AG>	9	126784	7.098688E-5	-1.0	39.09957	TRUE		NaN	NaN	NaN	NaN	NaN	NaN	NaN	NaN	NaN
SPIKE	D142-145:AGC>	4	126784	3.1549724E-5	-1.0	39.09957	TRUE		NaN	NaN	NaN	NaN	NaN	NaN	NaN	NaN	NaN
SPIKE	S142:A>C	0	126784	0.0	-1.0	0.0	TRUE	A	1.3742868E-4	205.0	0.0015877397	0.9916519	77.872475	0.085129105	0.12933978	61.0	0.0
SPIKE	I143:>G	11	126774	8.676858E-5	-1.0	39.30952	TRUE		NaN	NaN	NaN	NaN	NaN	NaN	NaN	NaN	NaN
SPIKE	S143:G>A	29	126774	2.2875353E-4	60.04673	37.931034	TRUE	G	2.545182E-4	248.0	7.805837E-4	0.9845943	139.52228	0.13020766	0.14591189	61.0	0.0
SPIKE	D143-144:G>	67	126774	5.2849954E-4	-1.0	39.30952	TRUE		NaN	NaN	NaN	NaN	NaN	NaN	NaN	NaN	NaN
SPIKE	D143-145:GC>	3	126774	2.3664159E-5	-1.0	39.30952	TRUE		NaN	NaN	NaN	NaN	NaN	NaN	NaN	NaN	NaN
SPIKE	S143:G>C	0	126774	0.0	-1.0	0.0	TRUE	G	8.09573E-4	428.0	0.0010156896	0.9518156	58.46043	0.24004008	0.14028928	61.0	0.0
SPIKE	S143:G>T	0	126774	0.0	-1.0	0.0	TRUE	G	7.108537E-5	34.0	9.0476015E-4	0.9956732	40.001553	0.2652923	0.13230178	61.0	0.0
SPIKE	I144:>C	54	126759	4.2600525E-4	-1.0	39.40495	TRUE		NaN	NaN	NaN	NaN	NaN	NaN	NaN	NaN	NaN
SPIKE	I144:>AG	1	126759	7.888986E-6	-1.0	39.40495	TRUE		NaN	NaN	NaN	NaN	NaN	NaN	NaN	NaN	NaN
SPIKE	S144:C>G	1	126759	7.888986E-6	0.09432235	40.0	TRUE	C	5.0666515E-4	266.0	7.972811E-4	0.96956617	58.453514	0.24163763	0.13811807	61.0	0.0
SPIKE	S144:C>T	35	126759	2.7611453E-4	84.07732	38.285713	TRUE	C	2.4482212E-4	225.0	6.959066E-4	0.9851768	139.50577	0.1380223	0.1370776	61.0	0.0
SPIKE	D144-145:C>	143	126759	0.001128125	-1.0	39.40495	TRUE		NaN	NaN	NaN	NaN	NaN	NaN	NaN	NaN	NaN
SPIKE	S144:C>A	0	126759	0.0	-1.0	0.0	TRUE	C	5.315594E-5	55.0	0.0016953095	0.99676275	39.99682	0.12271702	0.15885553	61.0	0.0
SPIKE	I145:>T	1	126737	7.890356E-6	-1.0	39.37143	TRUE		NaN	NaN	NaN	NaN	NaN	NaN	NaN	NaN	NaN
SPIKE	S145:C>A	3	126737	2.3671068E-5	-1.0	39.666668	TRUE	C	1.3532952E-5	14.0	0.0016953095	0.99917483	39.989876	0.12271702	0.15885553	61.0	0.0
SPIKE	S145:C>T	51	126737	4.0240813E-4	129.18161	38.333332	TRUE	C	2.4051146E-4	221.0	6.959066E-4	0.9854359	139.48155	0.1380223	0.1370776	61.0	0.0
SPIKE	S145:C>G	0	126737	0.0	-1.0	0.0	TRUE	C	2.590918E-4	136.0	7.972811E-4	0.9843196	58.443367	0.24163763	0.13811807	61.0	0.0
SPIKE	S146:C>A	1	126689	7.893345E-6	4.2596874	40.0	TRUE	C	3.577921E-5	37.0	0.0016953095	0.99781984	39.97473	0.12271702	0.15885553	61.0	0.0
SPIKE	S146:C>T	39	126689	3.0784047E-4	79.196175	39.025642	TRUE	C	3.4729514E-4	319.0	6.959066E-4	0.9790378	139.42873	0.1380223	0.1370776	61.0	0.0
SPIKE	S146:C>G	0	126689	0.0	-1.0	0.0	TRUE	C	8.8048354E-4	462.0	7.972811E-4	0.94770736	58.421234	0.24163763	0.13811807	61.0	0.0
SPIKE	S147:G>A	50	126595	3.949603E-4	126.33406	38.24	TRUE	G	2.0040818E-4	195.0	7.805837E-4	0.98784953	139.32527	0.13020766	0.14591189	61.0	0.0
SPIKE	S147:G>C	2	126595	1.5798412E-5	0.031391714	38.5	TRUE	G	7.8988145E-4	417.0	0.0010156896	0.9529596	58.377884	0.24004008	0.14028928	61.0	0.0
SPIKE	S147:G>T	0	126595	0.0	-1.0	0.0	TRUE	G	9.2122913E-4	440.0	9.0476015E-4	0.9453548	39.945072	0.2652923	0.13230178	61.0	0.0
SPIKE	S148:T>G	10	126532	7.903139E-5	0.08724275	39.5	TRUE	T	0.0015217002	792.0	8.0946053E-4	0.9113541	77.71769	0.24330775	0.1369121	61.0	0.0
SPIKE	S148:T>C	2	126532	1.5806278E-5	1.3408211	36.5	TRUE	T	3.0621857E-4	266.0	6.991839E-4	0.98149407	183.00507	0.14576524	0.15331738	61.0	0.0
SPIKE	S148:T>A	0	126532	0.0	-1.0	0.0	TRUE	T	4.645428E-5	3.0	0.0016508553	0.9971703	28.256195	0.20836748	0.12988415	61.0	1.0
SPIKE	S149:G>A	41	126437	3.2427217E-4	100.86204	38.19512	TRUE	G	1.8522333E-4	180.0	7.805837E-4	0.98876494	139.15138	0.13020766	0.14591189	61.0	0.0
SPIKE	S149:G>C	1	126437	7.909077E-6	0.004243229	37.0	TRUE	G	8.7621406E-4	462.0	0.0010156896	0.94795424	58.305027	0.24004008	0.14028928	61.0	0.0
SPIKE	S149:G>T	0	126437	0.0	-1.0	0.0	TRUE	G	9.894625E-4	472.0	9.0476015E-4	0.9414282	39.895218	0.2652923	0.13230178	61.0	0.0
SPIKE	S150:C>A	0	126243	0.0	-1.0	0.0	TRUE	C	1.8438017E-5	19.0	0.0016953095	0.9988759	39.834003	0.12271702	0.15885553	61.0	0.0
SPIKE	S150:C>G	0	126243	0.0	-1.0	0.0	TRUE	C	0.0010729358	561.0	7.972811E-4	0.93664676	58.215565	0.24163763	0.13811807	61.0	0.0
SPIKE	S150:C>T	0	126243	0.0	-1.0	0.0	TRUE	C	6.784709E-4	621.0	6.959066E-4	0.959458	138.93788	0.1380223	0.1370776	61.0	0.0
SPIKE	S151:T>A	0	126117	0.0	-1.0	0.0	TRUE	T	2.8040626E-5	17.0	0.0016508553	0.99829096	28.16352	0.20836748	0.12988415	61.0	0.0
SPIKE	S151:T>G	0	126117	0.0	-1.0	0.0	TRUE	T	0.0013435796	697.0	8.0946053E-4	0.9213103	77.46279	0.24330775	0.1369121	61.0	0.0
SPIKE	S151:T>C	0	126117	0.0	-1.0	0.0	TRUE	T	8.2119484E-4	711.0	6.991839E-4	0.95114106	182.40485	0.14576524	0.15331738	61.0	0.0
SPIKE	S152:G>A	0	125952	0.0	-1.0	0.0	TRUE	G	1.7044185E-4	165.0	7.805837E-4	0.9896569	138.61761	0.13020766	0.14591189	61.0	0.0
SPIKE	S152:G>C	0	125952	0.0	-1.0	0.0	TRUE	G	6.473159E-5	34.0	0.0010156896	0.9960592	58.081375	0.24004008	0.14028928	61.0	0.0
SPIKE	S152:G>T	0	125952	0.0	-1.0	0.0	TRUE	G	8.6700916E-4	412.0	9.0476015E-4	0.9484867	39.742184	0.2652923	0.13230178	61.0	0.0
SPIKE	S153:G>A	0	125563	0.0	-1.0	0.0	TRUE	G	1.2848646E-4	124.0	7.805837E-4	0.992193	138.1895	0.13020766	0.14591189	61.0	0.0
SPIKE	S153:G>C	0	125563	0.0	-1.0	0.0	TRUE	G	1.105794E-4	7.0	0.0010156896	0.9932774	57.90199	0.24004008	0.14028928	61.0	1.0
SPIKE	S153:G>T	0	125563	0.0	-1.0	0.0	TRUE	G	6.121641E-5	29.0	9.0476015E-4	0.99627274	39.61944	0.2652923	0.13230178	61.0	0.0
