#pipeline_block
reference	mutation	count	coverage	freq	score	cqs	has.reference	ancestral.allele	error.rate	minor.count.local	minor.fdr	minor.recall	minor.count.global	read.fraction.in.minors	q.filtered.read.fraction	mig.size	global.est
SPIKE	S0:T>A	0	14806	0.0	-1.0	0.0	TRUE	T	1.9800085E-4	16.0	0.024480803	0.90162694	14.175495	0.18782309	0.17310487	523.0	0.0
SPIKE	S0:T>G	0	14806	0.0	-1.0	0.0	TRUE	T	5.0367054E-4	3.0	0.014289257	0.7684193	45.309563	0.1669725	0.16444676	523.0	1.0
SPIKE	S0:T>C	0	14806	0.0	-1.0	0.0	TRUE	T	3.757155E-4	65.0	0.010775358	0.821602	89.39404	0.086514436	0.16315402	523.0	0.0
SPIKE	S1:A>G	0	14835	0.0	-1.0	0.0	TRUE	A	4.944865E-4	106.0	0.009562447	0.7721191	89.56914	0.06987294	0.1540369	523.0	0.0
SPIKE	S1:A>C	0	14835	0.0	-1.0	0.0	TRUE	A	1.02151316E-4	1.0	0.010379379	0.9479769	45.398308	0.033730526	0.12912273	523.0	1.0
SPIKE	S1:A>T	0	14835	0.0	-1.0	0.0	TRUE	A	1.9182535E-4	16.0	0.022487361	0.9045437	14.20326	0.18194965	0.16723242	523.0	0.0
SPIKE	S2:G>A	0	14864	0.0	-1.0	0.0	TRUE	G	3.9474954E-4	68.0	0.011587361	0.8134637	58.37824	0.087299176	0.15621866	523.0	0.0
SPIKE	S2:G>C	0	14864	0.0	-1.0	0.0	TRUE	G	1.5085914E-4	13.0	0.01782773	0.92413294	22.869862	0.17562093	0.17889635	523.0	0.0
SPIKE	S2:G>T	0	14864	0.0	-1.0	0.0	TRUE	G	2.1818392E-4	2.0	0.020538498	0.89215964	18.616291	0.17785984	0.16691378	523.0	1.0
SPIKE	S3:C>A	0	14884	0.0	-1.0	0.0	TRUE	C	1.1350381E-4	0.0	0.01705129	0.9423651	18.64134	0.09219813	0.17624697	523.0	1.0
SPIKE	S3:C>G	0	14884	0.0	-1.0	0.0	TRUE	C	0.0011586846	100.0	0.013771812	0.54553294	22.900633	0.17486686	0.20151494	523.0	0.0
SPIKE	S3:C>T	0	14884	0.0	-1.0	0.0	TRUE	C	6.2316656E-4	109.0	0.011573594	0.7218657	58.456787	0.08609005	0.14628229	523.0	0.0
SPIKE	S4:G>A	13	14919	8.7137206E-4	40.383286	40.0	TRUE	G	4.8583408E-4	84.0	0.011587361	0.77562106	58.59425	0.087299176	0.15621866	523.0	0.0
SPIKE	S4:G>T	1	14919	6.7028624E-5	-1.0	40.0	TRUE	G	1.51799E-4	13.0	0.020538498	0.9236788	18.685175	0.17785984	0.16691378	523.0	0.0
SPIKE	S4:G>C	0	14919	0.0	-1.0	0.0	TRUE	G	4.624707E-4	40.0	0.01782773	0.78515655	22.954485	0.17562093	0.17889635	523.0	0.0
SPIKE	S5:T>A	1	14924	6.700616E-5	-1.0	40.0	TRUE	T	1.7542251E-4	0.0	0.024480803	0.9123369	14.28847	0.18782309	0.17310487	523.0	1.0
SPIKE	S5:T>C	14	14924	9.380863E-4	43.393585	40.0	TRUE	T	6.307989E-4	110.0	0.010775358	0.71898997	90.10649	0.086514436	0.16315402	523.0	0.0
SPIKE	S5:T>G	0	14924	0.0	-1.0	0.0	TRUE	T	6.5067067E-4	59.0	0.014289257	0.7115563	45.67067	0.1669725	0.16444676	523.0	0.0
SPIKE	S6:G>A	10	14931	6.6974753E-4	-1.0	40.0	TRUE	G	2.7161726E-4	47.0	0.011587361	0.86757284	58.64138	0.087299176	0.15621866	523.0	0.0
SPIKE	S6:G>T	1	14931	6.697475E-5	4.2596874	40.0	TRUE	G	4.7836595E-4	41.0	0.020538498	0.7786564	18.700205	0.17785984	0.16691378	523.0	0.0
SPIKE	S6:G>C	0	14931	0.0	-1.0	0.0	TRUE	G	2.6539442E-4	1.0	0.01782773	0.87040097	22.972948	0.17562093	0.17889635	523.0	1.0
SPIKE	S7:A>G	20	14940	0.0013386881	61.455387	40.0	TRUE	A	3.9373536E-4	85.0	0.009562447	0.8138953	90.203094	0.06987294	0.1540369	523.0	0.0
SPIKE	S7:A>T	7	14940	4.6854082E-4	-1.0	40.0	TRUE	A	1.702841E-4	0.0	0.022487361	0.914792	14.303789	0.18194965	0.16723242	523.0	1.0
SPIKE	D7-8:A>	17	14940	0.0011378849	-1.0	39.999798	TRUE		NaN	NaN	NaN	NaN	NaN	NaN	NaN	NaN	NaN
SPIKE	S7:A>C	0	14940	0.0	-1.0	0.0	TRUE	A	1.02151316E-4	1.0	0.010379379	0.9479769	45.71963	0.033730526	0.12912273	523.0	1.0
SPIKE	S8:A>G	35	14941	0.0023425473	106.609886	40.0	TRUE	A	4.6781896E-4	101.0	0.009562447	0.7829634	90.20913	0.06987294	0.1540369	523.0	0.0
SPIKE	S8:A>C	4	14941	2.677197E-4	-1.0	40.0	TRUE	A	1.02151316E-4	2.0	0.010379379	0.9479769	45.72269	0.033730526	0.12912273	523.0	1.0
SPIKE	S8:A>T	2	14941	1.3385985E-4	-1.0	40.0	TRUE	A	1.702841E-4	2.0	0.022487361	0.914792	14.304747	0.18194965	0.16723242	523.0	1.0
SPIKE	S9:G>A	10	14941	6.692992E-4	31.352386	40.0	TRUE	G	5.2554527E-4	91.0	0.011587361	0.7596783	58.680653	0.087299176	0.15621866	523.0	0.0
SPIKE	S9:G>T	3	14941	2.0078977E-4	-1.0	40.0	TRUE	G	2.1818392E-4	0.0	0.020538498	0.89215964	18.712729	0.17785984	0.16691378	523.0	1.0
SPIKE	D9-10:G>	3	14941	2.0078977E-4	-1.0	39.982464	TRUE		NaN	NaN	NaN	NaN	NaN	NaN	NaN	NaN	NaN
SPIKE	D9-11:GA>	2	14941	1.3385985E-4	-1.0	39.982464	TRUE		NaN	NaN	NaN	NaN	NaN	NaN	NaN	NaN	NaN
SPIKE	S9:G>C	0	14941	0.0	-1.0	0.0	TRUE	G	2.6539442E-4	1.0	0.01782773	0.87040097	22.988335	0.17562093	0.17889635	523.0	1.0
SPIKE	S10:A>G	30	14941	0.0020078977	79.47218	40.0	TRUE	A	0.0010514347	227.0	0.009562447	0.5770073	90.20913	0.06987294	0.1540369	523.0	0.0
SPIKE	S10:A>C	2	14941	1.3385985E-4	-1.0	40.0	TRUE	A	3.5746387E-5	16.0	0.010379379	0.98147833	45.72269	0.033730526	0.12912273	523.0	0.0
SPIKE	S10:A>T	2	14941	1.3385985E-4	-1.0	40.0	TRUE	A	1.702841E-4	1.0	0.022487361	0.914792	14.304747	0.18194965	0.16723242	523.0	1.0
SPIKE	D10-11:A>	6	14941	4.0157954E-4	-1.0	39.975704	TRUE		NaN	NaN	NaN	NaN	NaN	NaN	NaN	NaN	NaN
SPIKE	S11:C>G	1	14941	6.6929926E-5	-1.0	40.0	TRUE	C	1.7313963E-4	15.0	0.013771812	0.9134268	22.988335	0.17486686	0.20151494	523.0	0.0
SPIKE	S11:C>T	15	14941	0.0010039489	46.403885	40.0	TRUE	C	5.068829E-4	89.0	0.011573594	0.7671294	58.680653	0.08609005	0.14628229	523.0	0.0
SPIKE	D11-12:C>	6	14941	4.0157954E-4	-1.0	39.97972	TRUE		NaN	NaN	NaN	NaN	NaN	NaN	NaN	NaN	NaN
SPIKE	S11:C>A	0	14941	0.0	-1.0	0.0	TRUE	C	2.3655815E-4	39.0	0.01705129	0.8836273	18.712729	0.09219813	0.17624697	523.0	0.0
SPIKE	S12:G>A	12	14941	8.031591E-4	-1.0	40.0	TRUE	G	2.7143548E-4	47.0	0.011587361	0.86765534	58.680653	0.087299176	0.15621866	523.0	0.0
SPIKE	S12:G>C	1	14941	6.6929926E-5	4.2596874	40.0	TRUE	G	4.7333448E-4	41.0	0.01782773	0.78070813	22.988335	0.17562093	0.17889635	523.0	0.0
SPIKE	S12:G>T	1	14941	6.6929926E-5	-1.0	40.0	TRUE	G	2.1818392E-4	0.0	0.020538498	0.89215964	18.712729	0.17785984	0.16691378	523.0	1.0
SPIKE	D12-13:G>	5	14941	3.346496E-4	-1.0	39.982197	TRUE		NaN	NaN	NaN	NaN	NaN	NaN	NaN	NaN	NaN
SPIKE	S13:A>G	11	14941	7.362292E-4	20.53052	40.0	TRUE	A	0.001723056	372.0	0.009562447	0.40609902	90.20913	0.06987294	0.1540369	523.0	0.0
SPIKE	S13:A>C	2	14941	1.3385985E-4	-1.0	40.0	TRUE	A	6.9258625E-5	31.0	0.010379379	0.9644259	45.72269	0.033730526	0.12912273	523.0	0.0
SPIKE	S13:A>T	3	14941	2.0078977E-4	-1.0	40.0	TRUE	A	1.4284832E-4	12.0	0.022487361	0.92801285	14.304747	0.18194965	0.16723242	523.0	0.0
SPIKE	D13-14:A>	5	14941	3.346496E-4	-1.0	39.982265	TRUE		NaN	NaN	NaN	NaN	NaN	NaN	NaN	NaN	NaN
SPIKE	S14:C>A	1	14941	6.6929926E-5	4.2596874	40.0	TRUE	C	3.3360763E-4	55.0	0.01705129	0.8398963	18.712729	0.09219813	0.17624697	523.0	0.0
SPIKE	S14:C>G	1	14941	6.6929926E-5	-1.0	40.0	TRUE	C	2.653461E-4	0.0	0.013771812	0.87042296	22.988335	0.17486686	0.20151494	523.0	1.0
SPIKE	S14:C>T	4	14941	2.677197E-4	-1.0	40.0	TRUE	C	2.6198442E-4	46.0	0.011573594	0.8719547	58.680653	0.08609005	0.14628229	523.0	0.0
SPIKE	D14-15:C>	1	14941	6.6929926E-5	-1.0	39.992504	TRUE		NaN	NaN	NaN	NaN	NaN	NaN	NaN	NaN	NaN
SPIKE	S15:A>G	19	14941	0.0012716686	58.445087	40.0	TRUE	A	4.8634643E-4	105.0	0.009562447	0.7754132	90.20913	0.06987294	0.1540369	523.0	0.0
SPIKE	S15:A>C	3	14941	2.0078977E-4	-1.0	40.0	TRUE	A	1.0947331E-4	49.0	0.010379379	0.94435364	45.72269	0.033730526	0.12912273	523.0	0.0
SPIKE	S15:A>T	2	14941	1.3385985E-4	-1.0	40.0	TRUE	A	1.702841E-4	2.0	0.022487361	0.914792	14.304747	0.18194965	0.16723242	523.0	1.0
SPIKE	D15-16:A>	7	14941	4.6850948E-4	-1.0	39.97711	TRUE		NaN	NaN	NaN	NaN	NaN	NaN	NaN	NaN	NaN
SPIKE	I15:>A	1	14941	6.6929926E-5	-1.0	39.97711	TRUE		NaN	NaN	NaN	NaN	NaN	NaN	NaN	NaN	NaN
SPIKE	S16:G>A	5	14941	3.346496E-4	16.300888	40.0	TRUE	G	5.717471E-4	99.0	0.011587361	0.7415418	58.680653	0.087299176	0.15621866	523.0	0.0
SPIKE	S16:G>T	1	14941	6.6929926E-5	-1.0	40.0	TRUE	G	2.1818392E-4	0.0	0.020538498	0.89215964	18.712729	0.17785984	0.16691378	523.0	1.0
SPIKE	S16:G>C	1	14941	6.6929926E-5	-1.0	40.0	TRUE	G	2.6539442E-4	0.0	0.01782773	0.87040097	22.988335	0.17562093	0.17889635	523.0	1.0
SPIKE	D16-17:G>	6	14941	4.0157954E-4	-1.0	39.97925	TRUE		NaN	NaN	NaN	NaN	NaN	NaN	NaN	NaN	NaN
SPIKE	S17:A>G	22	14941	0.0014724584	48.59232	40.0	TRUE	A	0.0016906328	365.0	0.009562447	0.41304407	90.20913	0.06987294	0.1540369	523.0	0.0
SPIKE	S17:A>T	7	14941	4.6850948E-4	-1.0	40.0	TRUE	A	1.4284832E-4	12.0	0.022487361	0.92801285	14.304747	0.18194965	0.16723242	523.0	0.0
SPIKE	S17:A>C	3	14941	2.0078977E-4	-1.0	40.0	TRUE	A	1.02151316E-4	6.0	0.010379379	0.9479769	45.72269	0.033730526	0.12912273	523.0	1.0
SPIKE	D17-18:A>	8	14941	5.354394E-4	-1.0	39.999733	TRUE		NaN	NaN	NaN	NaN	NaN	NaN	NaN	NaN	NaN
SPIKE	S18:A>G	22	14941	0.0014724584	67.47598	40.0	TRUE	A	6.484619E-4	140.0	0.009562447	0.71237874	90.20913	0.06987294	0.1540369	523.0	0.0
SPIKE	S18:A>T	1	14941	6.6929926E-5	-1.0	40.0	TRUE	A	1.702841E-4	3.0	0.022487361	0.914792	14.304747	0.18194965	0.16723242	523.0	1.0
SPIKE	S18:A>C	3	14941	2.0078977E-4	-1.0	40.0	TRUE	A	3.7980535E-5	17.0	0.010379379	0.98033214	45.72269	0.033730526	0.12912273	523.0	0.0
SPIKE	S19:C>G	1	14941	6.6929926E-5	-1.0	40.0	TRUE	C	2.653461E-4	0.0	0.013771812	0.87042296	22.988335	0.17486686	0.20151494	523.0	1.0
SPIKE	S19:C>T	5	14941	3.346496E-4	16.300888	40.0	TRUE	C	4.1006258E-4	72.0	0.011573594	0.8069749	58.680653	0.08609005	0.14628229	523.0	0.0
SPIKE	D19-20:C>	3	14941	2.0078977E-4	-1.0	39.999733	TRUE		NaN	NaN	NaN	NaN	NaN	NaN	NaN	NaN	NaN
SPIKE	S19:C>A	0	14941	0.0	-1.0	0.0	TRUE	C	2.2442696E-4	37.0	0.01705129	0.8892514	18.712729	0.09219813	0.17624697	523.0	0.0
SPIKE	S20:C>G	2	14941	1.3385985E-4	-1.0	40.0	TRUE	C	2.653461E-4	0.0	0.013771812	0.87042296	22.988335	0.17486686	0.20151494	523.0	1.0
SPIKE	S20:C>T	9	14941	6.023693E-4	-1.0	40.0	TRUE	C	2.961563E-4	52.0	0.011573594	0.8565096	58.680653	0.08609005	0.14628229	523.0	0.0
SPIKE	S20:C>A	0	14941	0.0	-1.0	0.0	TRUE	C	9.09839E-5	15.0	0.01705129	0.95352983	18.712729	0.09219813	0.17624697	523.0	0.0
SPIKE	S21:A>G	8	14941	5.354394E-4	25.331787	40.0	TRUE	A	5.4192886E-4	117.0	0.009562447	0.7531967	90.20913	0.06987294	0.1540369	523.0	0.0
SPIKE	S21:A>T	1	14941	6.6929926E-5	-1.0	40.0	TRUE	A	2.0236846E-4	17.0	0.022487361	0.89956975	14.304747	0.18194965	0.16723242	523.0	0.0
SPIKE	S21:A>C	1	14941	6.6929926E-5	-1.0	40.0	TRUE	A	1.1170746E-4	50.0	0.010379379	0.9432509	45.72269	0.033730526	0.12912273	523.0	0.0
SPIKE	S22:A>T	14938	14941	0.9997992	-1.0	39.99993	TRUE	T	1.702841E-4	0.0	0.022487361	0.914792	14.304747	0.18194965	0.16723242	523.0	1.0
SPIKE	S22:A>G	0	14941	0.0	-1.0	0.0	TRUE	T	6.4846194E-5	14.0	0.009562447	0.9666541	90.20913	0.06987294	0.1540369	523.0	0.0
SPIKE	S22:A>C	0	14941	0.0	-1.0	0.0	TRUE	T	1.02151316E-4	0.0	0.010379379	0.9479769	45.72269	0.033730526	0.12912273	523.0	1.0
SPIKE	S23:A>G	14939	14941	0.9998661	9999.0	39.99953	TRUE	G	4.1783703E-4	0.0	0.009562447	0.8037004	90.20913	0.06987294	0.1540369	523.0	1.0
SPIKE	S23:A>C	0	14941	0.0	-1.0	0.0	TRUE	G	1.02151316E-4	0.0	0.010379379	0.9479769	45.72269	0.033730526	0.12912273	523.0	1.0
SPIKE	S23:A>T	0	14941	0.0	-1.0	0.0	TRUE	G	5.3568126E-4	45.0	0.022487361	0.75566185	14.304747	0.18194965	0.16723242	523.0	0.0
SPIKE	S24:A>G	0	14941	0.0	-1.0	0.0	TRUE	A	2.0843418E-4	45.0	0.009562447	0.89672047	90.20913	0.06987294	0.1540369	523.0	0.0
SPIKE	S24:A>C	0	14941	0.0	-1.0	0.0	TRUE	A	3.5746387E-5	16.0	0.010379379	0.98147833	45.72269	0.033730526	0.12912273	523.0	0.0
SPIKE	S24:A>T	0	14941	0.0	-1.0	0.0	TRUE	A	1.702841E-4	0.0	0.022487361	0.914792	14.304747	0.18194965	0.16723242	523.0	1.0
SPIKE	S25:A>C	14939	14941	0.9998661	-1.0	39.999397	TRUE	C	1.02151316E-4	0.0	0.010379379	0.9479769	45.72269	0.033730526	0.12912273	523.0	1.0
SPIKE	S25:A>G	0	14941	0.0	-1.0	0.0	TRUE	C	4.1783703E-4	0.0	0.009562447	0.8037004	90.20913	0.06987294	0.1540369	523.0	1.0
SPIKE	S25:A>T	0	14941	0.0	-1.0	0.0	TRUE	C	1.6665639E-4	14.0	0.022487361	0.91652924	14.304747	0.18194965	0.16723242	523.0	0.0
SPIKE	S26:T>A	1	14941	6.6929926E-5	-1.0	40.0	TRUE	T	1.7542251E-4	2.0	0.024480803	0.9123369	14.304747	0.18782309	0.17310487	523.0	1.0
SPIKE	S26:T>C	15	14941	0.0010039489	37.025364	40.0	TRUE	T	9.050257E-4	158.0	0.010775358	0.62292546	90.20913	0.086514436	0.16315402	523.0	0.0
SPIKE	S26:T>G	0	14941	0.0	-1.0	0.0	TRUE	T	2.2031536E-4	20.0	0.014289257	0.8911657	45.72269	0.1669725	0.16444676	523.0	0.0
SPIKE	S27:G>A	9	14941	6.023693E-4	-1.0	40.0	TRUE	G	1.7325669E-4	30.0	0.011587361	0.9133709	58.680653	0.087299176	0.15621866	523.0	0.0
SPIKE	D27-28:G>	5	14941	3.346496E-4	-1.0	39.999798	TRUE		NaN	NaN	NaN	NaN	NaN	NaN	NaN	NaN	NaN
SPIKE	S27:G>C	0	14941	0.0	-1.0	0.0	TRUE	G	2.6539442E-4	0.0	0.01782773	0.87040097	22.988335	0.17562093	0.17889635	523.0	1.0
SPIKE	S27:G>T	0	14941	0.0	-1.0	0.0	TRUE	G	4.6638612E-4	40.0	0.020538498	0.7835504	18.712729	0.17785984	0.16691378	523.0	0.0
SPIKE	S28:G>A	4	14941	2.677197E-4	-1.0	40.0	TRUE	G	2.3100892E-4	40.0	0.011587361	0.88619554	58.680653	0.087299176	0.15621866	523.0	0.0
SPIKE	S28:G>C	0	14941	0.0	-1.0	0.0	TRUE	G	2.6539442E-4	1.0	0.01782773	0.87040097	22.988335	0.17562093	0.17889635	523.0	1.0
SPIKE	S28:G>T	0	14941	0.0	-1.0	0.0	TRUE	G	2.1818392E-4	2.0	0.020538498	0.89215964	18.712729	0.17785984	0.16691378	523.0	1.0
SPIKE	S29:G>A	5	14941	3.346496E-4	-1.0	40.0	TRUE	G	2.1945847E-4	38.0	0.011587361	0.89156514	58.680653	0.087299176	0.15621866	523.0	0.0
SPIKE	S29:G>T	3	14941	2.0078977E-4	-1.0	40.0	TRUE	G	2.1818392E-4	1.0	0.020538498	0.89215964	18.712729	0.17785984	0.16691378	523.0	1.0
SPIKE	S29:G>C	0	14941	0.0	-1.0	0.0	TRUE	G	2.6539442E-4	0.0	0.01782773	0.87040097	22.988335	0.17562093	0.17889635	523.0	1.0
SPIKE	S30:A>G	29	14941	0.0019409679	88.54809	40.0	TRUE	A	7.642587E-4	165.0	0.009562447	0.6705163	90.20913	0.06987294	0.1540369	523.0	0.0
SPIKE	S30:A>T	1	14941	6.6929926E-5	-1.0	40.0	TRUE	A	1.9046445E-4	16.0	0.022487361	0.9051877	14.304747	0.18194965	0.16723242	523.0	0.0
SPIKE	S30:A>C	1	14941	6.6929926E-5	-1.0	40.0	TRUE	A	1.02151316E-4	1.0	0.010379379	0.9479769	45.72269	0.033730526	0.12912273	523.0	1.0
SPIKE	S31:T>C	18	14941	0.0012047386	55.434788	40.0	TRUE	T	4.6396887E-4	81.0	0.010775358	0.78454155	90.20913	0.086514436	0.16315402	523.0	0.0
SPIKE	S31:T>A	0	14941	0.0	-1.0	0.0	TRUE	T	4.0468684E-4	33.0	0.024480803	0.8092469	14.304747	0.18782309	0.17310487	523.0	0.0
SPIKE	S31:T>G	0	14941	0.0	-1.0	0.0	TRUE	T	5.0367054E-4	2.0	0.014289257	0.7684193	45.72269	0.1669725	0.16444676	523.0	1.0
SPIKE	S32:C>T	7	14941	4.6850948E-4	22.321487	40.0	TRUE	C	3.6450007E-4	64.0	0.011573594	0.8264354	58.680653	0.08609005	0.14628229	523.0	0.0
SPIKE	S32:C>A	0	14941	0.0	-1.0	0.0	TRUE	C	1.1350381E-4	0.0	0.01705129	0.9423651	18.712729	0.09219813	0.17624697	523.0	1.0
SPIKE	S32:C>G	0	14941	0.0	-1.0	0.0	TRUE	C	2.653461E-4	1.0	0.013771812	0.87042296	22.988335	0.17486686	0.20151494	523.0	1.0
SPIKE	S33:C>T	3	14941	2.0078977E-4	-1.0	40.0	TRUE	C	1.708594E-4	30.0	0.011573594	0.91451675	58.680653	0.08609005	0.14628229	523.0	0.0
SPIKE	S33:C>A	2	14941	1.3385985E-4	-1.0	40.0	TRUE	C	6.672153E-5	11.0	0.01705129	0.96570647	18.712729	0.09219813	0.17624697	523.0	0.0
SPIKE	S33:C>G	1	14941	6.6929926E-5	-1.0	40.0	TRUE	C	2.653461E-4	0.0	0.013771812	0.87042296	22.988335	0.17486686	0.20151494	523.0	1.0
SPIKE	S34:A>C	3	14941	2.0078977E-4	-1.0	40.0	TRUE	A	7.372692E-5	33.0	0.010379379	0.9621748	45.72269	0.033730526	0.12912273	523.0	0.0
SPIKE	S34:A>T	3	14941	2.0078977E-4	-1.0	40.0	TRUE	A	1.4284832E-4	12.0	0.022487361	0.92801285	14.304747	0.18194965	0.16723242	523.0	0.0
SPIKE	S34:A>G	13	14941	8.70089E-4	-1.0	40.0	TRUE	A	1.4821987E-4	32.0	0.009562447	0.92540944	90.20913	0.06987294	0.1540369	523.0	0.0
SPIKE	S35:T>C	21	14941	0.0014055284	64.46568	40.0	TRUE	T	4.811529E-4	84.0	0.010775358	0.77752227	90.20913	0.086514436	0.16315402	523.0	0.0
SPIKE	S35:T>A	3	14941	2.0078977E-4	10.280287	40.0	TRUE	T	4.4147656E-4	36.0	0.024480803	0.79382503	14.304747	0.18782309	0.17310487	523.0	0.0
SPIKE	D35-36:T>	3	14941	2.0078977E-4	-1.0	39.999733	TRUE		NaN	NaN	NaN	NaN	NaN	NaN	NaN	NaN	NaN
SPIKE	S35:T>G	0	14941	0.0	-1.0	0.0	TRUE	T	5.0367054E-4	8.0	0.014289257	0.7684193	45.72269	0.1669725	0.16444676	523.0	1.0
SPIKE	S36:T>C	15	14941	0.0010039489	46.403885	40.0	TRUE	T	5.167189E-4	9.0	0.010775358	0.76319325	90.20913	0.086514436	0.16315402	523.0	1.0
SPIKE	S36:T>A	0	14941	0.0	-1.0	0.0	TRUE	T	1.594221E-4	13.0	0.024480803	0.92000353	14.304747	0.18782309	0.17310487	523.0	0.0
SPIKE	S36:T>G	0	14941	0.0	-1.0	0.0	TRUE	T	5.0367054E-4	0.0	0.014289257	0.7684193	45.72269	0.1669725	0.16444676	523.0	1.0
SPIKE	S37:A>T	1	14941	6.6929926E-5	4.2596874	40.0	TRUE	A	4.761611E-4	40.0	0.022487361	0.77955484	14.304747	0.18194965	0.16723242	523.0	0.0
SPIKE	S37:A>G	17	14941	0.0011378087	-1.0	40.0	TRUE	A	1.3895612E-4	30.0	0.009562447	0.92990386	90.20913	0.06987294	0.1540369	523.0	0.0
SPIKE	S37:A>C	0	14941	0.0	-1.0	0.0	TRUE	A	1.02151316E-4	0.0	0.010379379	0.9479769	45.72269	0.033730526	0.12912273	523.0	1.0
SPIKE	S38:T>C	6	14941	4.0157954E-4	-1.0	40.0	TRUE	T	1.0883221E-4	19.0	0.010775358	0.9446704	90.20913	0.086514436	0.16315402	523.0	0.0
SPIKE	S38:T>A	3	14941	2.0078977E-4	-1.0	40.0	TRUE	T	2.3300151E-4	19.0	0.024480803	0.8852725	14.304747	0.18782309	0.17310487	523.0	0.0
SPIKE	S38:T>G	1	14941	6.6929926E-5	4.2596874	40.0	TRUE	T	5.0367054E-4	1.0	0.014289257	0.7684193	45.72269	0.1669725	0.16444676	523.0	1.0
SPIKE	S39:C>T	10	14942	6.6925446E-4	31.352386	40.0	TRUE	C	4.7837434E-4	84.0	0.011573594	0.778653	58.68458	0.08609005	0.14628229	523.0	0.0
SPIKE	S39:C>A	1	14942	6.6925444E-5	-1.0	40.0	TRUE	C	1.1350381E-4	2.0	0.01705129	0.9423651	18.713982	0.09219813	0.17624697	523.0	1.0
SPIKE	S39:C>G	0	14942	0.0	-1.0	0.0	TRUE	C	1.6158618E-4	14.0	0.013771812	0.91896284	22.989872	0.17486686	0.20151494	523.0	0.0
SPIKE	S40:G>T	1	14942	6.6925444E-5	-1.0	40.0	TRUE	G	2.1818392E-4	1.0	0.020538498	0.89215964	18.713982	0.17785984	0.16691378	523.0	1.0
SPIKE	S40:G>A	18	14942	0.0012046581	55.434788	40.0	TRUE	G	3.7536435E-4	65.0	0.011587361	0.8217529	58.68458	0.087299176	0.15621866	523.0	0.0
SPIKE	S40:G>C	0	14942	0.0	-1.0	0.0	TRUE	G	3.232312E-4	28.0	0.01782773	0.84446675	22.989872	0.17562093	0.17889635	523.0	0.0
SPIKE	S41:G>A	5	14942	3.3462723E-4	-1.0	40.0	TRUE	G	2.540928E-4	44.0	0.011587361	0.87556094	58.68458	0.087299176	0.15621866	523.0	0.0
SPIKE	S41:G>C	0	14942	0.0	-1.0	0.0	TRUE	G	1.2698368E-4	11.0	0.01782773	0.9357448	22.989872	0.17562093	0.17889635	523.0	0.0
SPIKE	S41:G>T	0	14942	0.0	-1.0	0.0	TRUE	G	2.1818392E-4	1.0	0.020538498	0.89215964	18.713982	0.17785984	0.16691378	523.0	1.0
SPIKE	S42:C>T	18	14942	0.0012046581	55.434788	40.0	TRUE	C	4.897642E-4	86.0	0.011573594	0.7740284	58.68458	0.08609005	0.14628229	523.0	0.0
SPIKE	S42:C>A	0	14942	0.0	-1.0	0.0	TRUE	C	1.1350381E-4	0.0	0.01705129	0.9423651	18.713982	0.09219813	0.17624697	523.0	1.0
SPIKE	S42:C>G	0	14942	0.0	-1.0	0.0	TRUE	C	4.616748E-4	40.0	0.013771812	0.7854834	22.989872	0.17486686	0.20151494	523.0	0.0
SPIKE	S43:G>T	2	14942	1.3385089E-4	-1.0	40.0	TRUE	G	2.1818392E-4	3.0	0.020538498	0.89215964	18.713982	0.17785984	0.16691378	523.0	1.0
SPIKE	S43:G>A	14	14942	9.369562E-4	-1.0	40.0	TRUE	G	2.3676829E-4	41.0	0.011587361	0.8835302	58.68458	0.087299176	0.15621866	523.0	0.0
SPIKE	S43:G>C	0	14942	0.0	-1.0	0.0	TRUE	G	3.3477516E-4	29.0	0.01782773	0.83938366	22.989872	0.17562093	0.17889635	523.0	0.0
SPIKE	S44:G>T	1	14942	6.6925444E-5	-1.0	40.0	TRUE	G	2.1818392E-4	0.0	0.020538498	0.89215964	18.713982	0.17785984	0.16691378	523.0	1.0
SPIKE	S44:G>A	7	14942	4.684781E-4	22.321487	40.0	TRUE	G	4.5043725E-4	78.0	0.011587361	0.7901135	58.68458	0.087299176	0.15621866	523.0	0.0
SPIKE	S44:G>C	0	14942	0.0	-1.0	0.0	TRUE	G	2.6539442E-4	9.0	0.01782773	0.87040097	22.989872	0.17562093	0.17889635	523.0	1.0
SPIKE	S45:C>T	6	14942	4.0155268E-4	-1.0	40.0	TRUE	C	1.9932263E-4	35.0	0.011573594	0.90100384	58.68458	0.08609005	0.14628229	523.0	0.0
SPIKE	S45:C>A	0	14942	0.0	-1.0	0.0	TRUE	C	1.1350381E-4	0.0	0.01705129	0.9423651	18.713982	0.09219813	0.17624697	523.0	1.0
SPIKE	S45:C>G	0	14942	0.0	-1.0	0.0	TRUE	C	3.6933983E-4	32.0	0.013771812	0.8243462	22.989872	0.17486686	0.20151494	523.0	0.0
SPIKE	S46:G>C	1	14942	6.6925444E-5	4.2596874	40.0	TRUE	G	3.116872E-4	27.0	0.01782773	0.84958065	22.989872	0.17562093	0.17889635	523.0	0.0
SPIKE	S46:G>T	1	14942	6.6925444E-5	-1.0	40.0	TRUE	G	2.1818392E-4	0.0	0.020538498	0.89215964	18.713982	0.17785984	0.16691378	523.0	1.0
SPIKE	S46:G>A	5	14942	3.3462723E-4	-1.0	40.0	TRUE	G	2.5986764E-4	45.0	0.011587361	0.8729205	58.68458	0.087299176	0.15621866	523.0	0.0
SPIKE	S47:A>G	17	14942	0.0011377325	-1.0	40.0	TRUE	A	1.5747307E-4	34.0	0.009562447	0.9209418	90.215164	0.06987294	0.1540369	523.0	0.0
SPIKE	S47:A>C	0	14942	0.0	-1.0	0.0	TRUE	A	1.02151316E-4	1.0	0.010379379	0.9479769	45.72575	0.033730526	0.12912273	523.0	1.0
SPIKE	S47:A>T	0	14942	0.0	-1.0	0.0	TRUE	A	1.702841E-4	0.0	0.022487361	0.914792	14.305704	0.18194965	0.16723242	523.0	1.0
SPIKE	S48:A>G	16	14942	0.0010708071	-1.0	40.0	TRUE	A	7.410497E-5	16.0	0.009562447	0.9619845	90.215164	0.06987294	0.1540369	523.0	0.0
SPIKE	S48:A>C	0	14942	0.0	-1.0	0.0	TRUE	A	1.02151316E-4	1.0	0.010379379	0.9479769	45.72575	0.033730526	0.12912273	523.0	1.0
SPIKE	S48:A>T	0	14942	0.0	-1.0	0.0	TRUE	A	1.702841E-4	7.0	0.022487361	0.914792	14.305704	0.18194965	0.16723242	523.0	1.0
SPIKE	S49:T>C	27	14942	0.001806987	-1.0	40.0	TRUE	T	8.018679E-5	14.0	0.010775358	0.95892954	90.215164	0.086514436	0.16315402	523.0	0.0
SPIKE	S49:T>A	3	14942	2.0077634E-4	10.280287	40.0	TRUE	T	3.1882283E-4	26.0	0.024480803	0.846416	14.305704	0.18782309	0.17310487	523.0	0.0
SPIKE	D49-50:T>	19	14942	0.0012715835	-1.0	39.997055	TRUE		NaN	NaN	NaN	NaN	NaN	NaN	NaN	NaN	NaN
SPIKE	S49:T>G	0	14942	0.0	-1.0	0.0	TRUE	T	5.0367054E-4	1.0	0.014289257	0.7684193	45.72575	0.1669725	0.16444676	523.0	1.0
SPIKE	S50:T>C	16	14942	0.0010708071	-1.0	40.0	TRUE	T	7.445916E-5	13.0	0.010775358	0.96180636	90.215164	0.086514436	0.16315402	523.0	0.0
SPIKE	S50:T>A	3	14942	2.0077634E-4	-1.0	40.0	TRUE	T	1.7542251E-4	2.0	0.024480803	0.9123369	14.305704	0.18782309	0.17310487	523.0	1.0
SPIKE	S50:T>G	0	14942	0.0	-1.0	0.0	TRUE	T	5.0367054E-4	1.0	0.014289257	0.7684193	45.72575	0.1669725	0.16444676	523.0	1.0
SPIKE	S51:T>C	16	14942	0.0010708071	-1.0	40.0	TRUE	T	5.7276276E-5	10.0	0.010775358	0.9704887	90.215164	0.086514436	0.16315402	523.0	0.0
SPIKE	S51:T>A	1	14942	6.6925444E-5	-1.0	40.0	TRUE	T	1.7542251E-4	6.0	0.024480803	0.9123369	14.305704	0.18782309	0.17310487	523.0	1.0
SPIKE	S51:T>G	0	14942	0.0	-1.0	0.0	TRUE	T	5.0367054E-4	2.0	0.014289257	0.7684193	45.72575	0.1669725	0.16444676	523.0	1.0
SPIKE	S52:A>G	20	14942	0.0013385089	-1.0	40.0	TRUE	A	1.528415E-4	33.0	0.009562447	0.92317533	90.215164	0.06987294	0.1540369	523.0	0.0
SPIKE	S52:A>C	0	14942	0.0	-1.0	0.0	TRUE	A	1.02151316E-4	5.0	0.010379379	0.9479769	45.72575	0.033730526	0.12912273	523.0	1.0
SPIKE	S52:A>T	0	14942	0.0	-1.0	0.0	TRUE	A	1.702841E-4	2.0	0.022487361	0.914792	14.305704	0.18194965	0.16723242	523.0	1.0
SPIKE	S53:C>T	7	14942	4.684781E-4	22.321487	40.0	TRUE	C	3.303061E-4	58.0	0.011573594	0.8413479	58.68458	0.08609005	0.14628229	523.0	0.0
SPIKE	S53:C>A	2	14942	1.3385089E-4	-1.0	40.0	TRUE	C	1.1350381E-4	7.0	0.01705129	0.9423651	18.713982	0.09219813	0.17624697	523.0	1.0
SPIKE	D53-54:C>	6	14942	4.0155268E-4	-1.0	39.99953	TRUE		NaN	NaN	NaN	NaN	NaN	NaN	NaN	NaN	NaN
SPIKE	S53:C>G	0	14942	0.0	-1.0	0.0	TRUE	C	2.653461E-4	1.0	0.013771812	0.87042296	22.989872	0.17486686	0.20151494	523.0	1.0
SPIKE	S54:C>T	12	14942	8.0310536E-4	-1.0	40.0	TRUE	C	2.3918717E-4	42.0	0.011573594	0.88241315	58.68458	0.08609005	0.14628229	523.0	0.0
SPIKE	S54:C>A	2	14942	1.3385089E-4	-1.0	40.0	TRUE	C	1.1350381E-4	3.0	0.01705129	0.9423651	18.713982	0.09219813	0.17624697	523.0	1.0
SPIKE	S54:C>G	0	14942	0.0	-1.0	0.0	TRUE	C	2.653461E-4	0.0	0.013771812	0.87042296	22.989872	0.17486686	0.20151494	523.0	1.0
SPIKE	S55:A>T	4	14942	2.6770178E-4	-1.0	40.0	TRUE	A	1.702841E-4	9.0	0.022487361	0.914792	14.305704	0.18194965	0.16723242	523.0	1.0
SPIKE	S55:A>C	2	14942	1.3385089E-4	-1.0	40.0	TRUE	A	1.2733797E-4	57.0	0.010379379	0.93557143	45.72575	0.033730526	0.12912273	523.0	0.0
SPIKE	S55:A>G	23	14942	0.0015392852	59.459663	40.0	TRUE	A	0.0014218892	307.0	0.009562447	0.47537655	90.215164	0.06987294	0.1540369	523.0	0.0
SPIKE	D55-56:A>	1	14942	6.6925444E-5	-1.0	39.993507	TRUE		NaN	NaN	NaN	NaN	NaN	NaN	NaN	NaN	NaN
SPIKE	S56:C>T	9	14942	6.0232903E-4	-1.0	40.0	TRUE	C	2.448821E-4	43.0	0.011573594	0.8797889	58.68458	0.08609005	0.14628229	523.0	0.0
SPIKE	D56-57:C>	1	14942	6.6925444E-5	-1.0	39.999664	TRUE		NaN	NaN	NaN	NaN	NaN	NaN	NaN	NaN	NaN
SPIKE	S56:C>A	0	14942	0.0	-1.0	0.0	TRUE	C	1.1350381E-4	8.0	0.01705129	0.9423651	18.713982	0.09219813	0.17624697	523.0	1.0
SPIKE	S56:C>G	0	14942	0.0	-1.0	0.0	TRUE	C	2.653461E-4	0.0	0.013771812	0.87042296	22.989872	0.17486686	0.20151494	523.0	1.0
SPIKE	S57:C>T	5	14942	3.3462723E-4	-1.0	40.0	TRUE	C	1.6515305E-4	29.0	0.011573594	0.91725016	58.68458	0.08609005	0.14628229	523.0	0.0
SPIKE	S57:C>A	0	14942	0.0	-1.0	0.0	TRUE	C	1.1350381E-4	6.0	0.01705129	0.9423651	18.713982	0.09219813	0.17624697	523.0	1.0
SPIKE	S57:C>G	0	14942	0.0	-1.0	0.0	TRUE	C	2.653461E-4	1.0	0.013771812	0.87042296	22.989872	0.17486686	0.20151494	523.0	1.0
SPIKE	S58:A>T	1	14942	6.6925444E-5	-1.0	40.0	TRUE	A	1.702841E-4	7.0	0.022487361	0.914792	14.305704	0.18194965	0.16723242	523.0	1.0
SPIKE	S58:A>G	15	14942	0.0010038817	46.403885	40.0	TRUE	A	4.492614E-4	97.0	0.009562447	0.7905995	90.215164	0.06987294	0.1540369	523.0	0.0
SPIKE	S58:A>C	0	14942	0.0	-1.0	0.0	TRUE	A	6.031799E-5	27.0	0.010379379	0.9689461	45.72575	0.033730526	0.12912273	523.0	0.0
SPIKE	S59:T>C	16	14942	0.0010708071	49.41419	40.0	TRUE	T	3.722958E-4	65.0	0.010775358	0.82307273	90.215164	0.086514436	0.16315402	523.0	0.0
SPIKE	S59:T>A	1	14942	6.6925444E-5	-1.0	40.0	TRUE	T	2.820356E-4	23.0	0.024480803	0.8628585	14.305704	0.18782309	0.17310487	523.0	0.0
SPIKE	D59-60:T>	1	14942	6.6925444E-5	-1.0	39.999397	TRUE		NaN	NaN	NaN	NaN	NaN	NaN	NaN	NaN	NaN
SPIKE	S59:T>G	0	14942	0.0	-1.0	0.0	TRUE	T	5.0367054E-4	1.0	0.014289257	0.7684193	45.72575	0.1669725	0.16444676	523.0	1.0
SPIKE	S60:T>C	16	14942	0.0010708071	-1.0	40.0	TRUE	T	1.3173543E-4	23.0	0.010775358	0.9334222	90.215164	0.086514436	0.16315402	523.0	0.0
SPIKE	S60:T>A	1	14942	6.6925444E-5	-1.0	40.0	TRUE	T	1.7542251E-4	4.0	0.024480803	0.9123369	14.305704	0.18782309	0.17310487	523.0	1.0
SPIKE	S60:T>G	0	14942	0.0	-1.0	0.0	TRUE	T	5.0367054E-4	2.0	0.014289257	0.7684193	45.72575	0.1669725	0.16444676	523.0	1.0
SPIKE	S61:G>A	2	14942	1.3385089E-4	-1.0	40.0	TRUE	G	1.3859608E-4	24.0	0.011587361	0.930079	58.68458	0.087299176	0.15621866	523.0	0.0
SPIKE	S61:G>C	0	14942	0.0	-1.0	0.0	TRUE	G	2.6539442E-4	0.0	0.01782773	0.87040097	22.989872	0.17562093	0.17889635	523.0	1.0
SPIKE	S61:G>T	0	14942	0.0	-1.0	0.0	TRUE	G	2.6815408E-4	23.0	0.020538498	0.86914563	18.713982	0.17785984	0.16691378	523.0	0.0
SPIKE	S62:A>T	1	14942	6.6925444E-5	-1.0	40.0	TRUE	A	1.702841E-4	2.0	0.022487361	0.914792	14.305704	0.18194965	0.16723242	523.0	1.0
SPIKE	S62:A>G	18	14942	0.0012046581	-1.0	40.0	TRUE	A	1.5747307E-4	34.0	0.009562447	0.9209418	90.215164	0.06987294	0.1540369	523.0	0.0
SPIKE	D62-63:A>	4	14942	2.6770178E-4	-1.0	39.999466	TRUE		NaN	NaN	NaN	NaN	NaN	NaN	NaN	NaN	NaN
SPIKE	I62:>A	1	14942	6.6925444E-5	-1.0	39.999466	TRUE		NaN	NaN	NaN	NaN	NaN	NaN	NaN	NaN	NaN
SPIKE	S62:A>C	0	14942	0.0	-1.0	0.0	TRUE	A	1.02151316E-4	0.0	0.010379379	0.9479769	45.72575	0.033730526	0.12912273	523.0	1.0
SPIKE	S63:A>T	1	14942	6.6925444E-5	-1.0	40.0	TRUE	A	1.702841E-4	1.0	0.022487361	0.914792	14.305704	0.18194965	0.16723242	523.0	1.0
SPIKE	S63:A>G	31	14942	0.002074689	-1.0	40.0	TRUE	A	1.1578902E-4	25.0	0.009562447	0.9412395	90.215164	0.06987294	0.1540369	523.0	0.0
SPIKE	S63:A>C	0	14942	0.0	-1.0	0.0	TRUE	A	1.02151316E-4	0.0	0.010379379	0.9479769	45.72575	0.033730526	0.12912273	523.0	1.0
SPIKE	S64:A>G	10	14942	6.6925446E-4	-1.0	40.0	TRUE	A	2.9178834E-4	63.0	0.009562447	0.8584685	90.215164	0.06987294	0.1540369	523.0	0.0
SPIKE	S64:A>C	1	14942	6.6925444E-5	-1.0	40.0	TRUE	A	1.02151316E-4	3.0	0.010379379	0.9479769	45.72575	0.033730526	0.12912273	523.0	1.0
SPIKE	S64:A>T	0	14942	0.0	-1.0	0.0	TRUE	A	1.702841E-4	0.0	0.022487361	0.914792	14.305704	0.18194965	0.16723242	523.0	1.0
SPIKE	S65:A>G	13	14942	8.700308E-4	40.383286	40.0	TRUE	A	7.225235E-4	156.0	0.009562447	0.68531287	90.215164	0.06987294	0.1540369	523.0	0.0
SPIKE	S65:A>C	6	14942	4.0155268E-4	-1.0	40.0	TRUE	A	1.4744398E-4	66.0	0.010379379	0.92578506	45.72575	0.033730526	0.12912273	523.0	0.0
SPIKE	S65:A>T	0	14942	0.0	-1.0	0.0	TRUE	A	1.702841E-4	1.0	0.022487361	0.914792	14.305704	0.18194965	0.16723242	523.0	1.0
SPIKE	S66:C>T	3	14942	2.0077634E-4	-1.0	40.0	TRUE	C	1.765429E-4	31.0	0.011573594	0.9118024	58.68458	0.08609005	0.14628229	523.0	0.0
SPIKE	D66-67:C>	6	14942	4.0155268E-4	-1.0	39.997726	TRUE		NaN	NaN	NaN	NaN	NaN	NaN	NaN	NaN	NaN
SPIKE	S66:C>A	0	14942	0.0	-1.0	0.0	TRUE	C	1.1350381E-4	6.0	0.01705129	0.9423651	18.713982	0.09219813	0.17624697	523.0	1.0
SPIKE	S66:C>G	0	14942	0.0	-1.0	0.0	TRUE	C	2.653461E-4	0.0	0.013771812	0.87042296	22.989872	0.17486686	0.20151494	523.0	1.0
SPIKE	S67:C>A	1	14942	6.6925444E-5	-1.0	40.0	TRUE	C	1.6982526E-4	28.0	0.01705129	0.9150115	18.713982	0.09219813	0.17624697	523.0	0.0
SPIKE	S67:C>T	4	14942	2.6770178E-4	-1.0	40.0	TRUE	C	1.8793278E-4	33.0	0.011573594	0.9063871	58.68458	0.08609005	0.14628229	523.0	0.0
SPIKE	S67:C>G	0	14942	0.0	-1.0	0.0	TRUE	C	2.653461E-4	0.0	0.013771812	0.87042296	22.989872	0.17486686	0.20151494	523.0	1.0
SPIKE	S68:A>G	15	14942	0.0010038817	37.025364	40.0	TRUE	A	0.0011301008	244.0	0.009562447	0.55374956	90.215164	0.06987294	0.1540369	523.0	0.0
SPIKE	S68:A>C	2	14942	1.3385089E-4	-1.0	39.0	TRUE	A	3.3509994E-5	15.0	0.010379379	0.982627	45.72575	0.033730526	0.12912273	523.0	0.0
SPIKE	S68:A>T	1	14942	6.6925444E-5	-1.0	40.0	TRUE	A	1.702841E-4	8.0	0.022487361	0.914792	14.305704	0.18194965	0.16723242	523.0	1.0
SPIKE	S69:G>A	8	14942	5.3540355E-4	-1.0	40.0	TRUE	G	2.078941E-4	36.0	0.011587361	0.8969738	58.68458	0.087299176	0.15621866	523.0	0.0
SPIKE	S69:G>C	0	14942	0.0	-1.0	0.0	TRUE	G	2.8859926E-4	25.0	0.01782773	0.8599015	22.989872	0.17562093	0.17889635	523.0	0.0
SPIKE	S69:G>T	0	14942	0.0	-1.0	0.0	TRUE	G	2.1818392E-4	0.0	0.020538498	0.89215964	18.713982	0.17785984	0.16691378	523.0	1.0
SPIKE	S70:C>A	1	14942	6.6925444E-5	-1.0	40.0	TRUE	C	1.1350381E-4	0.0	0.01705129	0.9423651	18.713982	0.09219813	0.17624697	523.0	1.0
SPIKE	S70:C>G	1	14942	6.6925444E-5	-1.0	40.0	TRUE	C	2.653461E-4	2.0	0.013771812	0.87042296	22.989872	0.17486686	0.20151494	523.0	1.0
SPIKE	S70:C>T	5	14942	3.3462723E-4	-1.0	40.0	TRUE	C	2.9613648E-4	52.0	0.011573594	0.8565185	58.68458	0.08609005	0.14628229	523.0	0.0
SPIKE	D70-71:C>	1	14942	6.6925444E-5	-1.0	39.99786	TRUE		NaN	NaN	NaN	NaN	NaN	NaN	NaN	NaN	NaN
SPIKE	S71:C>T	7	14942	4.684781E-4	-1.0	40.0	TRUE	C	2.9613648E-4	52.0	0.011573594	0.8565185	58.68458	0.08609005	0.14628229	523.0	0.0
SPIKE	S71:C>A	0	14942	0.0	-1.0	0.0	TRUE	C	1.1350381E-4	3.0	0.01705129	0.9423651	18.713982	0.09219813	0.17624697	523.0	1.0
SPIKE	S71:C>G	0	14942	0.0	-1.0	0.0	TRUE	C	3.000886E-4	26.0	0.013771812	0.8547499	22.989872	0.17486686	0.20151494	523.0	0.0
SPIKE	S72:G>A	5	14942	3.3462723E-4	16.300888	40.0	TRUE	G	3.5226502E-4	61.0	0.011587361	0.8317407	58.68458	0.087299176	0.15621866	523.0	0.0
SPIKE	S72:G>T	1	14942	6.6925444E-5	-1.0	40.0	TRUE	G	1.5156534E-4	13.0	0.020538498	0.9237917	18.713982	0.17785984	0.16691378	523.0	0.0
SPIKE	S72:G>C	0	14942	0.0	-1.0	0.0	TRUE	G	2.6539442E-4	2.0	0.01782773	0.87040097	22.989872	0.17562093	0.17889635	523.0	1.0
SPIKE	S73:T>A	1	14942	6.6925444E-5	-1.0	40.0	TRUE	T	1.7542251E-4	0.0	0.024480803	0.9123369	14.305704	0.18782309	0.17310487	523.0	1.0
SPIKE	S73:T>G	1	14942	6.6925444E-5	4.2596874	40.0	TRUE	T	3.7451103E-4	34.0	0.014289257	0.8221197	45.72575	0.1669725	0.16444676	523.0	0.0
SPIKE	S73:T>C	22	14942	0.0014723598	56.62427	40.0	TRUE	T	0.0011168873	195.0	0.010775358	0.5575896	90.215164	0.086514436	0.16315402	523.0	0.0
SPIKE	S74:G>A	9	14942	6.0232903E-4	-1.0	40.0	TRUE	G	7.507287E-5	13.0	0.011587361	0.96149766	58.68458	0.087299176	0.15621866	523.0	0.0
SPIKE	S74:G>C	1	14942	6.6925444E-5	-1.0	40.0	TRUE	G	2.6539442E-4	0.0	0.01782773	0.87040097	22.989872	0.17562093	0.17889635	523.0	1.0
SPIKE	S74:G>T	2	14942	1.3385089E-4	-1.0	40.0	TRUE	G	2.1818392E-4	2.0	0.020538498	0.89215964	18.713982	0.17785984	0.16691378	523.0	1.0
SPIKE	S75:G>A	2	14942	1.3385089E-4	-1.0	40.0	TRUE	G	2.1366894E-4	37.0	0.011587361	0.8942688	58.68458	0.087299176	0.15621866	523.0	0.0
SPIKE	S75:G>C	0	14942	0.0	-1.0	0.0	TRUE	G	2.6539442E-4	0.0	0.01782773	0.87040097	22.989872	0.17562093	0.17889635	523.0	1.0
SPIKE	S75:G>T	0	14942	0.0	-1.0	0.0	TRUE	G	1.9820084E-4	17.0	0.020538498	0.90153265	18.713982	0.17785984	0.16691378	523.0	0.0
SPIKE	S76:T>A	3	14942	2.0077634E-4	-1.0	40.0	TRUE	T	1.7542251E-4	1.0	0.024480803	0.9123369	14.305704	0.18782309	0.17310487	523.0	1.0
SPIKE	S76:T>G	3	14942	2.0077634E-4	-1.0	40.0	TRUE	T	2.7537576E-4	25.0	0.014289257	0.8658691	45.72575	0.1669725	0.16444676	523.0	0.0
SPIKE	S76:T>C	20	14942	0.0013385089	61.455387	40.0	TRUE	T	4.352997E-4	76.0	0.010775358	0.7963936	90.215164	0.086514436	0.16315402	523.0	0.0
SPIKE	D76-77:T>	2	14942	1.3385089E-4	-1.0	39.997726	TRUE		NaN	NaN	NaN	NaN	NaN	NaN	NaN	NaN	NaN
SPIKE	S77:T>A	4	14942	2.6770178E-4	-1.0	40.0	TRUE	T	1.7542251E-4	0.0	0.024480803	0.9123369	14.305704	0.18782309	0.17310487	523.0	1.0
SPIKE	S77:T>C	18	14942	0.0012046581	-1.0	40.0	TRUE	T	1.2028018E-4	21.0	0.010775358	0.93903124	90.215164	0.086514436	0.16315402	523.0	0.0
SPIKE	S77:T>G	0	14942	0.0	-1.0	0.0	TRUE	T	5.0367054E-4	0.0	0.014289257	0.7684193	45.72575	0.1669725	0.16444676	523.0	1.0
SPIKE	S78:T>A	2	14942	1.3385089E-4	-1.0	40.0	TRUE	T	1.7542251E-4	0.0	0.024480803	0.9123369	14.305704	0.18782309	0.17310487	523.0	1.0
SPIKE	S78:T>G	1	14942	6.6925444E-5	4.2596874	40.0	TRUE	T	3.3045092E-4	30.0	0.014289257	0.84128416	45.72575	0.1669725	0.16444676	523.0	0.0
SPIKE	S78:T>C	13	14942	8.700308E-4	-1.0	40.0	TRUE	T	6.873153E-5	12.0	0.010775358	0.9646918	90.215164	0.086514436	0.16315402	523.0	0.0
SPIKE	D79-88:GCGGCGATT>	1	14942	6.6925444E-5	-1.0	39.99505	TRUE		NaN	NaN	NaN	NaN	NaN	NaN	NaN	NaN	NaN
SPIKE	S79:G>A	8	14942	5.3540355E-4	-1.0	40.0	TRUE	G	1.6169543E-4	28.0	0.011587361	0.9189104	58.68458	0.087299176	0.15621866	523.0	0.0
SPIKE	S79:G>C	0	14942	0.0	-1.0	0.0	TRUE	G	3.6940706E-4	32.0	0.01782773	0.82431716	22.989872	0.17562093	0.17889635	523.0	0.0
SPIKE	S79:G>T	0	14942	0.0	-1.0	0.0	TRUE	G	2.1818392E-4	3.0	0.020538498	0.89215964	18.713982	0.17785984	0.16691378	523.0	1.0
SPIKE	S80:C>A	1	14942	6.6925444E-5	-1.0	40.0	TRUE	C	1.1350381E-4	2.0	0.01705129	0.9423651	18.713982	0.09219813	0.17624697	523.0	1.0
SPIKE	S80:C>T	9	14942	6.0232903E-4	28.342087	40.0	TRUE	C	5.1254395E-4	90.0	0.011573594	0.7648615	58.68458	0.08609005	0.14628229	523.0	0.0
SPIKE	D80-81:C>	1	14942	6.6925444E-5	-1.0	39.992237	TRUE		NaN	NaN	NaN	NaN	NaN	NaN	NaN	NaN	NaN
SPIKE	S80:C>G	0	14942	0.0	-1.0	0.0	TRUE	C	3.462561E-4	30.0	0.013771812	0.83435863	22.989872	0.17486686	0.20151494	523.0	0.0
SPIKE	S81:G>A	11	14942	7.361799E-4	-1.0	40.0	TRUE	G	2.3676829E-4	41.0	0.011587361	0.8835302	58.68458	0.087299176	0.15621866	523.0	0.0
SPIKE	S81:G>T	1	14942	6.6925444E-5	-1.0	40.0	TRUE	G	2.1818392E-4	1.0	0.020538498	0.89215964	18.713982	0.17785984	0.16691378	523.0	1.0
SPIKE	S81:G>C	1	14942	6.6925444E-5	-1.0	40.0	TRUE	G	2.6539442E-4	2.0	0.01782773	0.87040097	22.989872	0.17562093	0.17889635	523.0	1.0
SPIKE	S82:G>A	6	14942	4.0155268E-4	19.311188	40.0	TRUE	G	3.2916566E-4	57.0	0.011587361	0.8418498	58.68458	0.087299176	0.15621866	523.0	0.0
SPIKE	S82:G>C	1	14942	6.6925444E-5	4.2596874	40.0	TRUE	G	3.3477516E-4	29.0	0.01782773	0.83938366	22.989872	0.17562093	0.17889635	523.0	0.0
SPIKE	S82:G>T	0	14942	0.0	-1.0	0.0	TRUE	G	2.1818392E-4	1.0	0.020538498	0.89215964	18.713982	0.17785984	0.16691378	523.0	1.0
SPIKE	S83:C>T	4	14942	2.6770178E-4	-1.0	40.0	TRUE	C	2.448821E-4	43.0	0.011573594	0.8797889	58.68458	0.08609005	0.14628229	523.0	0.0
SPIKE	S83:C>A	0	14942	0.0	-1.0	0.0	TRUE	C	1.1350381E-4	1.0	0.01705129	0.9423651	18.713982	0.09219813	0.17624697	523.0	1.0
SPIKE	S83:C>G	0	14942	0.0	-1.0	0.0	TRUE	C	3.6933983E-4	32.0	0.013771812	0.8243462	22.989872	0.17486686	0.20151494	523.0	0.0
SPIKE	S84:G>A	7	14942	4.684781E-4	22.321487	40.0	TRUE	G	3.17616E-4	55.0	0.011587361	0.84695035	58.68458	0.087299176	0.15621866	523.0	0.0
SPIKE	S84:G>T	2	14942	1.3385089E-4	-1.0	40.0	TRUE	G	2.1818392E-4	0.0	0.020538498	0.89215964	18.713982	0.17785984	0.16691378	523.0	1.0
SPIKE	S84:G>C	1	14942	6.6925444E-5	-1.0	40.0	TRUE	G	2.6539442E-4	2.0	0.01782773	0.87040097	22.989872	0.17562093	0.17889635	523.0	1.0
SPIKE	S85:A>G	17	14942	0.0011377325	-1.0	40.0	TRUE	A	6.947341E-5	15.0	0.009562447	0.96431756	90.215164	0.06987294	0.1540369	523.0	0.0
SPIKE	S85:A>T	1	14942	6.6925444E-5	4.2596874	40.0	TRUE	A	3.2138723E-4	27.0	0.022487361	0.84528154	14.305704	0.18194965	0.16723242	523.0	0.0
SPIKE	S85:A>C	2	14942	1.3385089E-4	-1.0	40.0	TRUE	A	8.489199E-5	38.0	0.010379379	0.95657265	45.72575	0.033730526	0.12912273	523.0	0.0
SPIKE	S86:T>C	23	14942	0.0015392852	-1.0	40.0	TRUE	T	2.3483273E-4	41.0	0.010775358	0.88442504	90.215164	0.086514436	0.16315402	523.0	0.0
SPIKE	D86-87:T>	3	14942	2.0077634E-4	-1.0	39.99505	TRUE		NaN	NaN	NaN	NaN	NaN	NaN	NaN	NaN	NaN
SPIKE	S86:T>A	0	14942	0.0	-1.0	0.0	TRUE	T	1.7542251E-4	3.0	0.024480803	0.9123369	14.305704	0.18782309	0.17310487	523.0	1.0
SPIKE	S86:T>G	0	14942	0.0	-1.0	0.0	TRUE	T	5.0367054E-4	6.0	0.014289257	0.7684193	45.72575	0.1669725	0.16444676	523.0	1.0
SPIKE	S87:T>A	3	14942	2.0077634E-4	-1.0	40.0	TRUE	T	1.7542251E-4	3.0	0.024480803	0.9123369	14.305704	0.18782309	0.17310487	523.0	1.0
SPIKE	S87:T>C	9	14942	6.0232903E-4	-1.0	40.0	TRUE	T	8.018679E-5	14.0	0.010775358	0.95892954	90.215164	0.086514436	0.16315402	523.0	0.0
SPIKE	S87:T>G	0	14942	0.0	-1.0	0.0	TRUE	T	5.0367054E-4	3.0	0.014289257	0.7684193	45.72575	0.1669725	0.16444676	523.0	1.0
SPIKE	S88:T>C	10	14942	6.6925446E-4	-1.0	40.0	TRUE	T	1.260078E-4	22.0	0.010775358	0.93622255	90.215164	0.086514436	0.16315402	523.0	0.0
SPIKE	S88:T>A	0	14942	0.0	-1.0	0.0	TRUE	T	3.4334767E-4	28.0	0.024480803	0.83562875	14.305704	0.18782309	0.17310487	523.0	0.0
SPIKE	S88:T>G	0	14942	0.0	-1.0	0.0	TRUE	T	5.0367054E-4	0.0	0.014289257	0.7684193	45.72575	0.1669725	0.16444676	523.0	1.0
SPIKE	S89:A>G	12	14942	8.0310536E-4	-1.0	40.0	TRUE	A	4.6315607E-5	10.0	0.009562447	0.97606796	90.215164	0.06987294	0.1540369	523.0	0.0
SPIKE	S89:A>T	1	14942	6.6925444E-5	4.2596874	40.0	TRUE	A	4.285163E-4	36.0	0.022487361	0.799224	14.305704	0.18194965	0.16723242	523.0	0.0
SPIKE	S89:A>C	1	14942	6.6925444E-5	-1.0	40.0	TRUE	A	1.02151316E-4	0.0	0.010379379	0.9479769	45.72575	0.033730526	0.12912273	523.0	1.0
SPIKE	S90:T>A	1	14942	6.6925444E-5	-1.0	40.0	TRUE	T	1.7542251E-4	2.0	0.024480803	0.9123369	14.305704	0.18782309	0.17310487	523.0	1.0
SPIKE	S90:T>C	24	14942	0.0016062107	73.49659	40.0	TRUE	T	3.2074715E-4	56.0	0.010775358	0.84556454	90.215164	0.086514436	0.16315402	523.0	0.0
SPIKE	S90:T>G	0	14942	0.0	-1.0	0.0	TRUE	T	5.0367054E-4	2.0	0.014289257	0.7684193	45.72575	0.1669725	0.16444676	523.0	1.0
SPIKE	S91:C>A	2	14942	1.3385089E-4	-1.0	40.0	TRUE	C	1.1350381E-4	0.0	0.01705129	0.9423651	18.713982	0.09219813	0.17624697	523.0	1.0
SPIKE	S91:C>T	13	14942	8.700308E-4	-1.0	40.0	TRUE	C	2.448821E-4	43.0	0.011573594	0.8797889	58.68458	0.08609005	0.14628229	523.0	0.0
SPIKE	S91:C>G	0	14942	0.0	-1.0	0.0	TRUE	C	3.5779795E-4	31.0	0.013771812	0.8293373	22.989872	0.17486686	0.20151494	523.0	0.0
SPIKE	S92:G>A	10	14942	6.6925446E-4	31.352386	40.0	TRUE	G	4.446624E-4	77.0	0.011587361	0.7925034	58.68458	0.087299176	0.15621866	523.0	0.0
SPIKE	S92:G>C	1	14942	6.6925444E-5	-1.0	40.0	TRUE	G	2.6539442E-4	2.0	0.01782773	0.87040097	22.989872	0.17562093	0.17889635	523.0	1.0
SPIKE	S92:G>T	0	14942	0.0	-1.0	0.0	TRUE	G	4.0806053E-4	35.0	0.020538498	0.80782026	18.713982	0.17785984	0.16691378	523.0	0.0
SPIKE	S93:T>G	1	14942	6.6925444E-5	4.2596874	40.0	TRUE	T	5.0367054E-4	3.0	0.014289257	0.7684193	45.72575	0.1669725	0.16444676	523.0	1.0
SPIKE	S93:T>C	30	14942	0.0020077634	91.55839	40.0	TRUE	T	6.9304294E-4	121.0	0.010775358	0.6959611	90.215164	0.086514436	0.16315402	523.0	0.0
SPIKE	S93:T>A	0	14942	0.0	-1.0	0.0	TRUE	T	1.7542251E-4	2.0	0.024480803	0.9123369	14.305704	0.18782309	0.17310487	523.0	1.0
SPIKE	S94:C>A	1	14942	6.6925444E-5	-1.0	40.0	TRUE	C	1.1350381E-4	1.0	0.01705129	0.9423651	18.713982	0.09219813	0.17624697	523.0	1.0
SPIKE	S94:C>T	9	14942	6.0232903E-4	-1.0	40.0	TRUE	C	1.9932263E-4	35.0	0.011573594	0.90100384	58.68458	0.08609005	0.14628229	523.0	0.0
SPIKE	S94:C>G	0	14942	0.0	-1.0	0.0	TRUE	C	3.6933983E-4	32.0	0.013771812	0.8243462	22.989872	0.17486686	0.20151494	523.0	0.0
SPIKE	S95:G>A	10	14942	6.6925446E-4	31.352386	40.0	TRUE	G	4.157882E-4	72.0	0.011587361	0.80456203	58.68458	0.087299176	0.15621866	523.0	0.0
SPIKE	S95:G>C	0	14942	0.0	-1.0	0.0	TRUE	G	2.6539442E-4	3.0	0.01782773	0.87040097	22.989872	0.17562093	0.17889635	523.0	1.0
SPIKE	S95:G>T	0	14942	0.0	-1.0	0.0	TRUE	G	3.847428E-4	33.0	0.020538498	0.8177321	18.713982	0.17785984	0.16691378	523.0	0.0
SPIKE	S96:T>C	14	14942	9.369562E-4	43.393585	40.0	TRUE	T	8.1332313E-4	142.0	0.010775358	0.6535292	90.215164	0.086514436	0.16315402	523.0	0.0
SPIKE	S96:T>A	4	14942	2.6770178E-4	-1.0	40.0	TRUE	T	1.7542251E-4	2.0	0.024480803	0.9123369	14.305704	0.18782309	0.17310487	523.0	1.0
SPIKE	S96:T>G	0	14942	0.0	-1.0	0.0	TRUE	T	5.0367054E-4	2.0	0.014289257	0.7684193	45.72575	0.1669725	0.16444676	523.0	1.0
SPIKE	S97:C>T	7	14942	4.684781E-4	-1.0	40.0	TRUE	C	1.9932263E-4	35.0	0.011573594	0.90100384	58.68458	0.08609005	0.14628229	523.0	0.0
SPIKE	S97:C>A	0	14942	0.0	-1.0	0.0	TRUE	C	2.3047713E-4	38.0	0.01705129	0.88644207	18.713982	0.09219813	0.17624697	523.0	0.0
SPIKE	S97:C>G	0	14942	0.0	-1.0	0.0	TRUE	C	2.653461E-4	0.0	0.013771812	0.87042296	22.989872	0.17486686	0.20151494	523.0	1.0
SPIKE	S98:A>T	1	14942	6.6925444E-5	4.2596874	40.0	TRUE	A	4.4041954E-4	37.0	0.022487361	0.79426396	14.305704	0.18194965	0.16723242	523.0	0.0
SPIKE	S98:A>G	13	14942	8.700308E-4	-1.0	40.0	TRUE	A	1.7599932E-4	38.0	0.009562447	0.9120617	90.215164	0.06987294	0.1540369	523.0	0.0
SPIKE	D98-101:ATC>	1	14942	6.6925444E-5	-1.0	39.99498	TRUE		NaN	NaN	NaN	NaN	NaN	NaN	NaN	NaN	NaN
SPIKE	S98:A>C	0	14942	0.0	-1.0	0.0	TRUE	A	1.02151316E-4	3.0	0.010379379	0.9479769	45.72575	0.033730526	0.12912273	523.0	1.0
SPIKE	S99:T>C	20	14942	0.0013385089	61.455387	40.0	TRUE	T	3.150195E-4	55.0	0.010775358	0.8481013	90.215164	0.086514436	0.16315402	523.0	0.0
SPIKE	S99:T>A	1	14942	6.6925444E-5	-1.0	40.0	TRUE	T	1.7542251E-4	2.0	0.024480803	0.9123369	14.305704	0.18782309	0.17310487	523.0	1.0
SPIKE	S99:T>G	1	14942	6.6925444E-5	4.2596874	40.0	TRUE	T	5.0367054E-4	3.0	0.014289257	0.7684193	45.72575	0.1669725	0.16444676	523.0	1.0
SPIKE	S100:C>T	11	14942	7.361799E-4	34.362686	40.0	TRUE	C	4.3281488E-4	76.0	0.011573594	0.79742926	58.68458	0.08609005	0.14628229	523.0	0.0
SPIKE	S100:C>G	1	14942	6.6925444E-5	4.2596874	40.0	TRUE	C	6.001772E-4	52.0	0.013771812	0.73059744	22.989872	0.17486686	0.20151494	523.0	0.0
SPIKE	S100:C>A	0	14942	0.0	-1.0	0.0	TRUE	C	1.1350381E-4	2.0	0.01705129	0.9423651	18.713982	0.09219813	0.17624697	523.0	1.0
SPIKE	S101:G>T	1	14942	6.6925444E-5	4.2596874	40.0	TRUE	G	3.6142505E-4	31.0	0.020538498	0.8277656	18.713982	0.17785984	0.16691378	523.0	0.0
SPIKE	S101:G>A	7	14942	4.684781E-4	22.321487	40.0	TRUE	G	3.9268887E-4	68.0	0.011587361	0.81434083	58.68458	0.087299176	0.15621866	523.0	0.0
SPIKE	S101:G>C	0	14942	0.0	-1.0	0.0	TRUE	G	2.6539442E-4	4.0	0.01782773	0.87040097	22.989872	0.17562093	0.17889635	523.0	1.0
SPIKE	S102:T>C	13	14942	8.700308E-4	40.383286	40.0	TRUE	T	4.7539308E-4	83.0	0.010775358	0.779868	90.215164	0.086514436	0.16315402	523.0	0.0
SPIKE	S102:T>A	3	14942	2.0077634E-4	-1.0	40.0	TRUE	T	1.7542251E-4	1.0	0.024480803	0.9123369	14.305704	0.18782309	0.17310487	523.0	1.0
SPIKE	S102:T>G	3	14942	2.0077634E-4	10.280287	40.0	TRUE	T	4.1857117E-4	38.0	0.014289257	0.8033918	45.72575	0.1669725	0.16444676	523.0	0.0
SPIKE	S103:G>A	5	14942	3.3462723E-4	-1.0	40.0	TRUE	G	1.0972189E-4	19.0	0.011587361	0.9442309	58.68458	0.087299176	0.15621866	523.0	0.0
SPIKE	D103-104:G>	2	14942	1.3385089E-4	-1.0	39.997726	TRUE		NaN	NaN	NaN	NaN	NaN	NaN	NaN	NaN	NaN
SPIKE	S103:G>C	0	14942	0.0	-1.0	0.0	TRUE	G	2.6539442E-4	2.0	0.01782773	0.87040097	22.989872	0.17562093	0.17889635	523.0	1.0
SPIKE	S103:G>T	0	14942	0.0	-1.0	0.0	TRUE	G	2.1818392E-4	2.0	0.020538498	0.89215964	18.713982	0.17785984	0.16691378	523.0	1.0
SPIKE	S104:G>C	1	14942	6.6925444E-5	4.2596874	40.0	TRUE	G	3.6940706E-4	32.0	0.01782773	0.82431716	22.989872	0.17562093	0.17889635	523.0	0.0
SPIKE	S104:G>T	1	14942	6.6925444E-5	-1.0	40.0	TRUE	G	2.1818392E-4	0.0	0.020538498	0.89215964	18.713982	0.17785984	0.16691378	523.0	1.0
SPIKE	S104:G>A	3	14942	2.0077634E-4	-1.0	40.0	TRUE	G	2.7141732E-4	47.0	0.011587361	0.86766356	58.68458	0.087299176	0.15621866	523.0	0.0
SPIKE	S105:C>T	11	14942	7.361799E-4	34.362686	40.0	TRUE	C	4.8406926E-4	85.0	0.011573594	0.77633727	58.68458	0.08609005	0.14628229	523.0	0.0
SPIKE	S105:C>A	1	14942	6.6925444E-5	-1.0	40.0	TRUE	C	1.1350381E-4	6.0	0.01705129	0.9423651	18.713982	0.09219813	0.17624697	523.0	1.0
SPIKE	S105:C>G	1	14942	6.6925444E-5	4.2596874	40.0	TRUE	C	3.5779795E-4	31.0	0.013771812	0.8293373	22.989872	0.17486686	0.20151494	523.0	0.0
SPIKE	S106:G>T	1	14942	6.6925444E-5	-1.0	40.0	TRUE	G	2.1818392E-4	4.0	0.020538498	0.89215964	18.713982	0.17785984	0.16691378	523.0	1.0
SPIKE	S106:G>A	10	14942	6.6925446E-4	31.352386	40.0	TRUE	G	4.7931142E-4	83.0	0.011587361	0.7782715	58.68458	0.087299176	0.15621866	523.0	0.0
SPIKE	S106:G>C	0	14942	0.0	-1.0	0.0	TRUE	G	2.6539442E-4	3.0	0.01782773	0.87040097	22.989872	0.17562093	0.17889635	523.0	1.0
SPIKE	S107:G>C	1	14942	6.6925444E-5	4.2596874	40.0	TRUE	G	4.5021487E-4	39.0	0.01782773	0.7902054	22.989872	0.17562093	0.17889635	523.0	0.0
SPIKE	S107:G>A	7	14942	4.684781E-4	22.321487	40.0	TRUE	G	4.3888757E-4	76.0	0.011587361	0.7949006	58.68458	0.087299176	0.15621866	523.0	0.0
SPIKE	S107:G>T	0	14942	0.0	-1.0	0.0	TRUE	G	2.1818392E-4	1.0	0.020538498	0.89215964	18.713982	0.17785984	0.16691378	523.0	1.0
SPIKE	S108:C>T	5	14942	3.3462723E-4	-1.0	40.0	TRUE	C	2.5627197E-4	45.0	0.011573594	0.87456363	58.68458	0.08609005	0.14628229	523.0	0.0
SPIKE	S108:C>A	0	14942	0.0	-1.0	0.0	TRUE	C	2.0621638E-4	34.0	0.01705129	0.8977612	18.713982	0.09219813	0.17624697	523.0	0.0
SPIKE	S108:C>G	0	14942	0.0	-1.0	0.0	TRUE	C	2.653461E-4	3.0	0.013771812	0.87042296	22.989872	0.17486686	0.20151494	523.0	1.0
SPIKE	S109:A>T	2	14942	1.3385089E-4	-1.0	40.0	TRUE	A	1.702841E-4	0.0	0.022487361	0.914792	14.305704	0.18194965	0.16723242	523.0	1.0
SPIKE	S109:A>G	18	14942	0.0012046581	55.434788	40.0	TRUE	A	3.8441955E-4	83.0	0.009562447	0.8178704	90.215164	0.06987294	0.1540369	523.0	0.0
SPIKE	S109:A>C	0	14942	0.0	-1.0	0.0	TRUE	A	1.02151316E-4	5.0	0.010379379	0.9479769	45.72575	0.033730526	0.12912273	523.0	1.0
SPIKE	S110:G>A	5	14942	3.3462723E-4	-1.0	40.0	TRUE	G	2.5986764E-4	45.0	0.011587361	0.8729205	58.68458	0.087299176	0.15621866	523.0	0.0
SPIKE	S110:G>C	0	14942	0.0	-1.0	0.0	TRUE	G	3.6940706E-4	32.0	0.01782773	0.82431716	22.989872	0.17562093	0.17889635	523.0	0.0
SPIKE	S110:G>T	0	14942	0.0	-1.0	0.0	TRUE	G	2.2151858E-4	19.0	0.020538498	0.89060503	18.713982	0.17785984	0.16691378	523.0	0.0
SPIKE	S111:C>T	6	14942	4.0155268E-4	19.311188	40.0	TRUE	C	3.8725542E-4	68.0	0.011573594	0.81665826	58.68458	0.08609005	0.14628229	523.0	0.0
SPIKE	S111:C>A	0	14942	0.0	-1.0	0.0	TRUE	C	1.1350381E-4	5.0	0.01705129	0.9423651	18.713982	0.09219813	0.17624697	523.0	1.0
SPIKE	S111:C>G	0	14942	0.0	-1.0	0.0	TRUE	C	5.5400975E-4	48.0	0.013771812	0.74845284	22.989872	0.17486686	0.20151494	523.0	0.0
SPIKE	S112:G>C	2	14941	1.3385985E-4	-1.0	40.0	TRUE	G	2.6539442E-4	3.0	0.01782773	0.87040097	22.988335	0.17562093	0.17889635	523.0	1.0
SPIKE	S112:G>A	9	14941	6.023693E-4	-1.0	40.0	TRUE	G	2.8298591E-4	49.0	0.011587361	0.8624297	58.680653	0.087299176	0.15621866	523.0	0.0
SPIKE	S112:G>T	0	14941	0.0	-1.0	0.0	TRUE	G	2.5651237E-4	22.0	0.020538498	0.87445366	18.712729	0.17785984	0.16691378	523.0	0.0
SPIKE	S113:T>C	20	14940	0.0013386881	61.455387	40.0	TRUE	T	6.8167894E-4	119.0	0.010775358	0.70010984	90.203094	0.086514436	0.16315402	523.0	0.0
SPIKE	S113:T>A	6	14940	4.0160643E-4	-1.0	40.0	TRUE	T	1.7542251E-4	3.0	0.024480803	0.9123369	14.303789	0.18782309	0.17310487	523.0	1.0
SPIKE	S113:T>G	0	14940	0.0	-1.0	0.0	TRUE	T	3.8557767E-4	35.0	0.014289257	0.8173751	45.71963	0.1669725	0.16444676	523.0	0.0
SPIKE	S114:G>A	6	14940	4.0160643E-4	19.311188	40.0	TRUE	G	3.0033168E-4	52.0	0.011587361	0.85464126	58.676727	0.087299176	0.15621866	523.0	0.0
SPIKE	S114:G>C	0	14940	0.0	-1.0	0.0	TRUE	G	2.4245583E-4	21.0	0.01782773	0.880906	22.986795	0.17562093	0.17889635	523.0	0.0
SPIKE	S114:G>T	0	14940	0.0	-1.0	0.0	TRUE	G	2.1818392E-4	2.0	0.020538498	0.89215964	18.711477	0.17785984	0.16691378	523.0	1.0
SPIKE	S115:A>T	3	14940	2.0080322E-4	-1.0	40.0	TRUE	A	2.3809649E-4	20.0	0.022487361	0.8829167	14.303789	0.18194965	0.16723242	523.0	0.0
SPIKE	S115:A>C	1	14940	6.69344E-5	-1.0	40.0	TRUE	A	8.937195E-5	40.0	0.010379379	0.954334	45.71963	0.033730526	0.12912273	523.0	0.0
SPIKE	S115:A>G	25	14940	0.0016733601	76.50689	40.0	TRUE	A	6.1608007E-4	133.0	0.009562447	0.72454613	90.203094	0.06987294	0.1540369	523.0	0.0
SPIKE	S116:C>T	7	14940	4.6854082E-4	-1.0	40.0	TRUE	C	1.08218206E-4	19.0	0.011573594	0.94497377	58.676727	0.08609005	0.14628229	523.0	0.0
SPIKE	S116:C>G	1	14940	6.69344E-5	-1.0	40.0	TRUE	C	2.653461E-4	0.0	0.013771812	0.87042296	22.986795	0.17486686	0.20151494	523.0	1.0
SPIKE	D116-117:C>	1	14940	6.69344E-5	-1.0	39.999397	TRUE		NaN	NaN	NaN	NaN	NaN	NaN	NaN	NaN	NaN
SPIKE	S116:C>A	0	14940	0.0	-1.0	0.0	TRUE	C	1.45584E-4	24.0	0.01705129	0.92668605	18.711477	0.09219813	0.17624697	523.0	0.0
SPIKE	S117:C>T	6	14940	4.0160643E-4	19.311188	40.0	TRUE	C	4.8982975E-4	86.0	0.011573594	0.7740019	58.676727	0.08609005	0.14628229	523.0	0.0
SPIKE	S117:C>A	1	14940	6.69344E-5	-1.0	40.0	TRUE	C	6.6725996E-5	11.0	0.01705129	0.9657042	18.711477	0.09219813	0.17624697	523.0	0.0
SPIKE	S117:C>G	0	14940	0.0	-1.0	0.0	TRUE	C	2.653461E-4	2.0	0.013771812	0.87042296	22.986795	0.17486686	0.20151494	523.0	1.0
SPIKE	S118:T>C	14	14939	9.371444E-4	43.393585	40.0	TRUE	T	4.926749E-4	86.0	0.010775358	0.77285105	90.19705	0.086514436	0.16315402	523.0	0.0
SPIKE	S118:T>G	1	14939	6.693888E-5	-1.0	40.0	TRUE	T	2.313621E-4	21.0	0.014289257	0.88603187	45.71657	0.1669725	0.16444676	523.0	0.0
SPIKE	S118:T>A	2	14939	1.3387777E-4	7.269987	40.0	TRUE	T	6.009791E-4	49.0	0.024480803	0.73029107	14.302832	0.18782309	0.17310487	523.0	0.0
SPIKE	D118-119:T>	2	14939	1.3387777E-4	-1.0	39.99411	TRUE		NaN	NaN	NaN	NaN	NaN	NaN	NaN	NaN	NaN
SPIKE	S119:A>T	3	14939	2.0081665E-4	10.280287	40.0	TRUE	A	6.9052604E-4	58.0	0.022487361	0.69687784	14.302832	0.18194965	0.16723242	523.0	0.0
SPIKE	S119:A>G	8	14939	5.3551106E-4	-1.0	40.0	TRUE	A	2.7794947E-4	60.0	0.009562447	0.8647044	90.19705	0.06987294	0.1540369	523.0	0.0
SPIKE	S119:A>C	0	14939	0.0	-1.0	0.0	TRUE	A	1.3630134E-4	61.0	0.010379379	0.9311959	45.71657	0.033730526	0.12912273	523.0	0.0
SPIKE	S120:T>C	15	14939	0.0010040833	46.403885	40.0	TRUE	T	3.0935399E-4	54.0	0.010775358	0.850618	90.19705	0.086514436	0.16315402	523.0	0.0
SPIKE	S120:T>G	1	14939	6.693888E-5	4.2596874	40.0	TRUE	T	6.169656E-4	56.0	0.014289257	0.7242106	45.71657	0.1669725	0.16444676	523.0	0.0
SPIKE	S120:T>A	2	14939	1.3387777E-4	-1.0	40.0	TRUE	T	1.4717855E-4	12.0	0.024480803	0.9259136	14.302832	0.18782309	0.17310487	523.0	0.0
SPIKE	S121:G>A	5	14939	3.3469443E-4	-1.0	40.0	TRUE	G	1.559519E-4	27.0	0.011587361	0.9216748	58.6728	0.087299176	0.15621866	523.0	0.0
SPIKE	S121:G>C	0	14939	0.0	-1.0	0.0	TRUE	G	2.6539442E-4	0.0	0.01782773	0.87040097	22.985256	0.17562093	0.17889635	523.0	1.0
SPIKE	S121:G>T	0	14939	0.0	-1.0	0.0	TRUE	G	6.5302796E-4	56.0	0.020538498	0.7106796	18.710224	0.17785984	0.16691378	523.0	0.0
SPIKE	S122:T>C	14	14939	9.371444E-4	43.393585	40.0	TRUE	T	8.24944E-4	144.0	0.010775358	0.64956933	90.19705	0.086514436	0.16315402	523.0	0.0
SPIKE	S122:T>G	1	14939	6.693888E-5	4.2596874	40.0	TRUE	T	6.940863E-4	63.0	0.014289257	0.6955815	45.71657	0.1669725	0.16444676	523.0	0.0
SPIKE	S122:T>A	6	14939	4.016333E-4	-1.0	40.0	TRUE	T	2.2076783E-4	18.0	0.024480803	0.8909548	14.302832	0.18782309	0.17310487	523.0	0.0
SPIKE	S123:G>A	4	14939	2.6775553E-4	-1.0	40.0	TRUE	G	1.8483188E-4	32.0	0.011587361	0.9078582	58.6728	0.087299176	0.15621866	523.0	0.0
SPIKE	S123:G>C	0	14939	0.0	-1.0	0.0	TRUE	G	1.8474062E-4	16.0	0.01782773	0.9079015	22.985256	0.17562093	0.17889635	523.0	0.0
SPIKE	S123:G>T	0	14939	0.0	-1.0	0.0	TRUE	G	4.5478734E-4	39.0	0.020538498	0.788318	18.710224	0.17785984	0.16691378	523.0	0.0
SPIKE	D124-126:TG>	5	14939	3.3469443E-4	-1.0	39.9834	TRUE		NaN	NaN	NaN	NaN	NaN	NaN	NaN	NaN	NaN
SPIKE	S124:T>C	23	14939	0.0015395944	70.48629	40.0	TRUE	T	5.7860656E-4	101.0	0.010775358	0.7388863	90.19705	0.086514436	0.16315402	523.0	0.0
SPIKE	S124:T>G	1	14939	6.693888E-5	4.2596874	40.0	TRUE	T	7.8222423E-4	71.0	0.014289257	0.6642456	45.71657	0.1669725	0.16444676	523.0	0.0
SPIKE	S124:T>A	2	14939	1.3387777E-4	-1.0	40.0	TRUE	T	1.7542251E-4	3.0	0.024480803	0.9123369	14.302832	0.18782309	0.17310487	523.0	1.0
SPIKE	S125:G>T	1	14939	6.693888E-5	-1.0	40.0	TRUE	G	2.1818392E-4	5.0	0.020538498	0.89215964	18.710224	0.17785984	0.16691378	523.0	1.0
SPIKE	S125:G>A	5	14939	3.3469443E-4	-1.0	40.0	TRUE	G	2.1948785E-4	38.0	0.011587361	0.89155143	58.6728	0.087299176	0.15621866	523.0	0.0
SPIKE	S125:G>C	0	14939	0.0	-1.0	0.0	TRUE	G	3.117498E-4	27.0	0.01782773	0.8495528	22.985256	0.17562093	0.17889635	523.0	0.0
SPIKE	S126:C>T	12	14939	8.032666E-4	37.372986	40.0	TRUE	C	5.8099977E-4	102.0	0.011573594	0.73796207	58.6728	0.08609005	0.14628229	523.0	0.0
SPIKE	S126:C>G	2	14939	1.3387777E-4	7.269987	40.0	TRUE	C	5.310326E-4	46.0	0.013771812	0.75750124	22.985256	0.17486686	0.20151494	523.0	0.0
SPIKE	D126-128:CG>	1	14939	6.693888E-5	-1.0	39.99672	TRUE		NaN	NaN	NaN	NaN	NaN	NaN	NaN	NaN	NaN
SPIKE	S126:C>A	0	14939	0.0	-1.0	0.0	TRUE	C	1.8199217E-4	30.0	0.01705129	0.9092075	18.710224	0.09219813	0.17624697	523.0	0.0
SPIKE	S127:G>A	10	14939	6.6938886E-4	-1.0	40.0	TRUE	G	2.2526385E-4	39.0	0.011587361	0.88886225	58.6728	0.087299176	0.15621866	523.0	0.0
SPIKE	S127:G>C	0	14939	0.0	-1.0	0.0	TRUE	G	1.9628691E-4	17.0	0.01782773	0.9024355	22.985256	0.17562093	0.17889635	523.0	0.0
SPIKE	S127:G>T	0	14939	0.0	-1.0	0.0	TRUE	G	2.1818392E-4	2.0	0.020538498	0.89215964	18.710224	0.17785984	0.16691378	523.0	1.0
SPIKE	S128:G>A	10	14939	6.6938886E-4	-1.0	40.0	TRUE	G	2.772478E-4	48.0	0.011587361	0.86502177	58.6728	0.087299176	0.15621866	523.0	0.0
SPIKE	S128:G>C	0	14939	0.0	-1.0	0.0	TRUE	G	2.7711093E-4	24.0	0.01782773	0.8650837	22.985256	0.17562093	0.17889635	523.0	0.0
SPIKE	S128:G>T	0	14939	0.0	-1.0	0.0	TRUE	G	2.1818392E-4	1.0	0.020538498	0.89215964	18.710224	0.17785984	0.16691378	523.0	1.0
SPIKE	S129:C>G	1	14939	6.693888E-5	4.2596874	40.0	TRUE	C	5.0794426E-4	44.0	0.013771812	0.7667037	22.985256	0.17486686	0.20151494	523.0	0.0
SPIKE	S129:C>T	5	14939	3.3469443E-4	16.300888	40.0	TRUE	C	4.3859787E-4	77.0	0.011573594	0.79502106	58.6728	0.08609005	0.14628229	523.0	0.0
SPIKE	S129:C>A	0	14939	0.0	-1.0	0.0	TRUE	C	4.367812E-4	72.0	0.01705129	0.7957768	18.710224	0.09219813	0.17624697	523.0	0.0
SPIKE	D130-133:GGC>	8	14939	5.3551106E-4	-1.0	39.977978	TRUE		NaN	NaN	NaN	NaN	NaN	NaN	NaN	NaN	NaN
SPIKE	S130:G>A	6	14939	4.016333E-4	19.311188	40.0	TRUE	G	3.6388775E-4	63.0	0.011587361	0.8267001	58.6728	0.087299176	0.15621866	523.0	0.0
SPIKE	S130:G>C	0	14939	0.0	-1.0	0.0	TRUE	G	1.7319433E-4	15.0	0.01782773	0.91340065	22.985256	0.17562093	0.17889635	523.0	0.0
SPIKE	S130:G>T	0	14939	0.0	-1.0	0.0	TRUE	G	2.1818392E-4	0.0	0.020538498	0.89215964	18.710224	0.17785984	0.16691378	523.0	1.0
SPIKE	S131:G>A	6	14939	4.016333E-4	19.311188	40.0	TRUE	G	5.3139165E-4	92.0	0.011587361	0.757359	58.6728	0.087299176	0.15621866	523.0	0.0
SPIKE	S131:G>C	1	14939	6.693888E-5	4.2596874	40.0	TRUE	G	3.9257383E-4	34.0	0.01782773	0.8143898	22.985256	0.17562093	0.17889635	523.0	0.0
SPIKE	S131:G>T	1	14939	6.693888E-5	-1.0	40.0	TRUE	G	2.1818392E-4	3.0	0.020538498	0.89215964	18.710224	0.17785984	0.16691378	523.0	1.0
SPIKE	S132:C>T	5	14939	3.3469443E-4	-1.0	40.0	TRUE	C	2.5062734E-4	44.0	0.011573594	0.8771493	58.6728	0.08609005	0.14628229	523.0	0.0
SPIKE	S132:C>A	0	14939	0.0	-1.0	0.0	TRUE	C	7.643671E-4	126.0	0.01705129	0.6704783	18.710224	0.09219813	0.17624697	523.0	0.0
SPIKE	S132:C>G	0	14939	0.0	-1.0	0.0	TRUE	C	2.4242794E-4	21.0	0.013771812	0.8809188	22.985256	0.17486686	0.20151494	523.0	0.0
SPIKE	S133:A>G	2	14939	1.3387777E-4	-1.0	40.0	TRUE	A	2.8258195E-4	61.0	0.009562447	0.86261195	90.19705	0.06987294	0.1540369	523.0	0.0
SPIKE	D133-136:AGC>	1	14939	6.693888E-5	-1.0	39.99404	TRUE		NaN	NaN	NaN	NaN	NaN	NaN	NaN	NaN	NaN
SPIKE	S133:A>C	0	14939	0.0	-1.0	0.0	TRUE	A	0.0014345158	642.0	0.010379379	0.47224763	45.71657	0.033730526	0.12912273	523.0	0.0
SPIKE	S133:A>T	0	14939	0.0	-1.0	0.0	TRUE	A	1.702841E-4	0.0	0.022487361	0.914792	14.302832	0.18194965	0.16723242	523.0	1.0
SPIKE	S134:G>A	24	14939	0.0016065332	73.49659	40.0	TRUE	G	4.0431973E-4	70.0	0.011587361	0.8094023	58.6728	0.087299176	0.15621866	523.0	0.0
SPIKE	S134:G>C	1	14939	6.693888E-5	4.2596874	40.0	TRUE	G	6.00407E-4	52.0	0.01782773	0.73050964	22.985256	0.17562093	0.17889635	523.0	0.0
SPIKE	S134:G>T	0	14939	0.0	-1.0	0.0	TRUE	G	3.1485278E-4	27.0	0.020538498	0.8481752	18.710224	0.17785984	0.16691378	523.0	0.0
SPIKE	I135:>C	4	14939	2.6775553E-4	-1.0	39.9917	TRUE		NaN	NaN	NaN	NaN	NaN	NaN	NaN	NaN	NaN
SPIKE	S135:C>A	4	14939	2.6775553E-4	-1.0	40.0	TRUE	C	1.21328114E-4	20.0	0.01705129	0.93851674	18.710224	0.09219813	0.17624697	523.0	0.0
SPIKE	S135:C>G	1	14939	6.693888E-5	4.2596874	40.0	TRUE	C	3.3478145E-4	29.0	0.013771812	0.8393809	22.985256	0.17486686	0.20151494	523.0	0.0
SPIKE	S135:C>T	6	14939	4.016333E-4	19.311188	40.0	TRUE	C	4.955586E-4	87.0	0.011573594	0.7716863	58.6728	0.08609005	0.14628229	523.0	0.0
SPIKE	D135-136:C>	9	14939	6.0245E-4	-1.0	39.9917	TRUE		NaN	NaN	NaN	NaN	NaN	NaN	NaN	NaN	NaN
SPIKE	S136:C>A	2	14939	1.3387777E-4	7.269987	40.0	TRUE	C	6.187734E-4	102.0	0.01705129	0.72352624	18.710224	0.09219813	0.17624697	523.0	0.0
SPIKE	S136:C>T	9	14939	6.0245E-4	28.342087	40.0	TRUE	C	3.5315673E-4	62.0	0.011573594	0.83135283	58.6728	0.08609005	0.14628229	523.0	0.0
SPIKE	S136:C>G	0	14939	0.0	-1.0	0.0	TRUE	C	1.7316281E-4	15.0	0.013771812	0.91341573	22.985256	0.17486686	0.20151494	523.0	0.0
SPIKE	S137:T>A	12	14937	8.0337416E-4	-1.0	38.416668	TRUE	T	2.6986346E-4	22.0	0.024480803	0.8683689	14.300917	0.18782309	0.17310487	523.0	0.0
SPIKE	S137:T>G	1	14937	6.694785E-5	4.2596874	39.0	TRUE	T	4.0769257E-4	37.0	0.014289257	0.80797577	45.71045	0.1669725	0.16444676	523.0	0.0
SPIKE	D137-138:T>	9	14937	6.025306E-4	-1.0	38.356228	TRUE		NaN	NaN	NaN	NaN	NaN	NaN	NaN	NaN	NaN
SPIKE	S137:T>C	0	14937	0.0	-1.0	0.0	TRUE	T	3.724204E-4	65.0	0.010775358	0.8230191	90.18498	0.086514436	0.16315402	523.0	0.0
SPIKE	I138:>G	1	14935	6.695681E-5	-1.0	38.907333	TRUE		NaN	NaN	NaN	NaN	NaN	NaN	NaN	NaN	NaN
SPIKE	S138:G>A	9	14935	6.0261134E-4	28.342087	38.0	TRUE	G	4.3331573E-4	75.0	0.011587361	0.7972204	58.65709	0.087299176	0.15621866	523.0	0.0
SPIKE	S138:G>C	1	14935	6.695681E-5	-1.0	37.0	TRUE	G	1.15493815E-4	10.0	0.01782773	0.94138485	22.979101	0.17562093	0.17889635	523.0	0.0
SPIKE	D138-139:G>	7	14935	4.686977E-4	-1.0	38.907333	TRUE		NaN	NaN	NaN	NaN	NaN	NaN	NaN	NaN	NaN
SPIKE	D138-141:GAT>	1	14935	6.695681E-5	-1.0	38.907333	TRUE		NaN	NaN	NaN	NaN	NaN	NaN	NaN	NaN	NaN
SPIKE	S138:G>T	0	14935	0.0	-1.0	0.0	TRUE	G	6.0654554E-4	52.0	0.020538498	0.72816813	18.705214	0.17785984	0.16691378	523.0	0.0
SPIKE	D139-140:A>	10	14935	6.6956814E-4	-1.0	38.6918	TRUE		NaN	NaN	NaN	NaN	NaN	NaN	NaN	NaN	NaN
SPIKE	D139-141:AT>	1	14935	6.695681E-5	-1.0	38.6918	TRUE		NaN	NaN	NaN	NaN	NaN	NaN	NaN	NaN	NaN
SPIKE	S139:A>G	0	14935	0.0	-1.0	0.0	TRUE	A	1.6681434E-4	36.0	0.009562447	0.91645354	90.172905	0.06987294	0.1540369	523.0	0.0
SPIKE	S139:A>C	0	14935	0.0	-1.0	0.0	TRUE	A	0.0017120457	766.0	0.010379379	0.4084442	45.70433	0.033730526	0.12912273	523.0	0.0
SPIKE	S139:A>T	0	14935	0.0	-1.0	0.0	TRUE	A	7.6216384E-4	64.0	0.022487361	0.6712513	14.299002	0.18194965	0.16723242	523.0	0.0
SPIKE	I140:>T	1	14935	6.695681E-5	-1.0	38.88738	TRUE		NaN	NaN	NaN	NaN	NaN	NaN	NaN	NaN	NaN
SPIKE	D140-142:TT>	2	14935	1.3391362E-4	-1.0	38.88738	TRUE		NaN	NaN	NaN	NaN	NaN	NaN	NaN	NaN	NaN
SPIKE	D140-144:TTAG>	1	14935	6.695681E-5	-1.0	38.88738	TRUE		NaN	NaN	NaN	NaN	NaN	NaN	NaN	NaN	NaN
SPIKE	S140:T>A	2	14935	1.3391362E-4	7.269987	38.0	TRUE	T	4.7845842E-4	39.0	0.024480803	0.77861875	14.299002	0.18782309	0.17310487	523.0	0.0
SPIKE	S140:T>G	2	14935	1.3391362E-4	7.269987	39.0	TRUE	T	3.7468658E-4	34.0	0.014289257	0.82204425	45.70433	0.1669725	0.16444676	523.0	0.0
SPIKE	S140:T>C	1	14935	6.695681E-5	-1.0	38.0	TRUE	T	1.1460624E-4	20.0	0.010775358	0.94182193	90.172905	0.086514436	0.16315402	523.0	0.0
SPIKE	D140-141:T>	22	14935	0.0014730499	-1.0	38.88738	TRUE		NaN	NaN	NaN	NaN	NaN	NaN	NaN	NaN	NaN
SPIKE	S141:T>A	7	14929	4.6888605E-4	15.631419	38.57143	TRUE	T	9.3275524E-4	76.0	0.024480803	0.61395663	14.293258	0.18782309	0.17310487	523.0	0.0
SPIKE	S141:T>G	1	14929	6.6983725E-5	4.2596874	39.0	TRUE	T	4.96108E-4	45.0	0.014289257	0.7714646	45.68597	0.1669725	0.16444676	523.0	0.0
SPIKE	S141:T>C	2	14929	1.3396745E-4	7.269987	37.0	TRUE	T	3.1529384E-4	55.0	0.010775358	0.8479796	90.13668	0.086514436	0.16315402	523.0	0.0
SPIKE	S142:A>G	1	14928	6.698821E-5	4.2596874	38.0	TRUE	A	7.0929335E-4	153.0	0.009562447	0.6900712	90.13064	0.06987294	0.1540369	523.0	0.0
SPIKE	D142-143:A>	3	14928	2.0096463E-4	-1.0	38.73178	TRUE		NaN	NaN	NaN	NaN	NaN	NaN	NaN	NaN	NaN
SPIKE	I142:>A	1	14928	6.698821E-5	-1.0	38.73178	TRUE		NaN	NaN	NaN	NaN	NaN	NaN	NaN	NaN	NaN
SPIKE	D142-144:AG>	1	14928	6.698821E-5	-1.0	38.73178	TRUE		NaN	NaN	NaN	NaN	NaN	NaN	NaN	NaN	NaN
SPIKE	S142:A>C	0	14928	0.0	-1.0	0.0	TRUE	A	2.638592E-4	118.0	0.010379379	0.8711001	45.682907	0.033730526	0.12912273	523.0	0.0
SPIKE	S142:A>T	0	14928	0.0	-1.0	0.0	TRUE	A	4.7657578E-4	40.0	0.022487361	0.7793858	14.2923	0.18194965	0.16723242	523.0	0.0
SPIKE	S143:G>A	7	14928	4.6891748E-4	22.321487	36.714287	TRUE	G	4.450794E-4	77.0	0.011587361	0.7923306	58.629597	0.087299176	0.15621866	523.0	0.0
SPIKE	S143:G>T	1	14928	6.698821E-5	-1.0	39.0	TRUE	G	2.1818392E-4	7.0	0.020538498	0.89215964	18.696447	0.17785984	0.16691378	523.0	1.0
SPIKE	D143-144:G>	6	14928	4.0192925E-4	-1.0	38.801514	TRUE		NaN	NaN	NaN	NaN	NaN	NaN	NaN	NaN	NaN
SPIKE	D143-145:GC>	1	14928	6.698821E-5	-1.0	38.801514	TRUE		NaN	NaN	NaN	NaN	NaN	NaN	NaN	NaN	NaN
SPIKE	S143:G>C	0	14928	0.0	-1.0	0.0	TRUE	G	0.0015714524	136.0	0.01782773	0.439609	22.968332	0.17562093	0.17889635	523.0	0.0
SPIKE	I144:>C	7	14928	4.6891748E-4	-1.0	38.928925	TRUE		NaN	NaN	NaN	NaN	NaN	NaN	NaN	NaN	NaN
SPIKE	S144:C>A	1	14928	6.698821E-5	-1.0	37.0	TRUE	C	1.0927577E-4	18.0	0.01705129	0.9444512	18.696447	0.09219813	0.17624697	523.0	0.0
SPIKE	S144:C>T	3	14928	2.0096463E-4	10.280287	38.333332	TRUE	C	5.016241E-4	88.0	0.011573594	0.7692422	58.629597	0.08609005	0.14628229	523.0	0.0
SPIKE	D144-145:C>	16	14928	0.0010718113	-1.0	38.928925	TRUE		NaN	NaN	NaN	NaN	NaN	NaN	NaN	NaN	NaN
SPIKE	S144:C>G	0	14928	0.0	-1.0	0.0	TRUE	C	8.5489935E-4	74.0	0.013771812	0.63947207	22.968332	0.17486686	0.20151494	523.0	0.0
SPIKE	S145:C>G	2	14925	1.3400335E-4	7.269987	39.5	TRUE	C	3.582055E-4	31.0	0.013771812	0.8291606	22.963717	0.17486686	0.20151494	523.0	0.0
SPIKE	S145:C>A	5	14925	3.3500837E-4	-1.0	37.4	TRUE	C	8.500934E-5	14.0	0.01705129	0.95651394	18.69269	0.09219813	0.17624697	523.0	0.0
SPIKE	S145:C>T	3	14925	2.0100502E-4	10.280287	37.666668	TRUE	C	4.6751637E-4	82.0	0.011573594	0.7830873	58.617813	0.08609005	0.14628229	523.0	0.0
SPIKE	S146:C>T	4	14919	2.681145E-4	13.290587	38.75	TRUE	C	6.559269E-4	115.0	0.011573594	0.7096029	58.59425	0.08609005	0.14628229	523.0	0.0
SPIKE	S146:C>A	0	14919	0.0	-1.0	0.0	TRUE	C	1.8223614E-4	30.0	0.01705129	0.90909153	18.685175	0.09219813	0.17624697	523.0	0.0
SPIKE	S146:C>G	0	14919	0.0	-1.0	0.0	TRUE	C	0.0016067933	139.0	0.013771812	0.43155822	22.954485	0.17486686	0.20151494	523.0	0.0
SPIKE	S147:G>A	15	14911	0.0010059688	46.403885	38.266666	TRUE	G	4.513737E-4	78.0	0.011587361	0.7897266	58.562828	0.087299176	0.15621866	523.0	0.0
SPIKE	S147:G>C	0	14911	0.0	-1.0	0.0	TRUE	G	0.0010295494	89.0	0.01782773	0.5836497	22.942175	0.17562093	0.17889635	523.0	0.0
SPIKE	S147:G>T	0	14911	0.0	-1.0	0.0	TRUE	G	0.0012150436	104.0	0.020538498	0.52968764	18.675156	0.17785984	0.16691378	523.0	0.0
SPIKE	S148:T>G	2	14902	1.3421018E-4	2.2639637	35.5	TRUE	T	0.0018223586	165.0	0.014289257	0.38554648	45.603344	0.1669725	0.16444676	523.0	0.0
SPIKE	S148:T>A	1	14902	6.710509E-5	-1.0	38.0	TRUE	T	1.7542251E-4	5.0	0.024480803	0.9123369	14.267407	0.18782309	0.17310487	523.0	1.0
SPIKE	S148:T>C	0	14902	0.0	-1.0	0.0	TRUE	T	5.628142E-4	98.0	0.010775358	0.74501437	89.97366	0.086514436	0.16315402	523.0	0.0
SPIKE	S149:G>A	7	14887	4.702089E-4	22.321487	37.142857	TRUE	G	5.9700565E-4	103.0	0.011587361	0.7318103	58.46857	0.087299176	0.15621866	523.0	0.0
SPIKE	S149:G>C	1	14887	6.71727E-5	2.0412	36.0	TRUE	G	0.0012397683	107.0	0.01782773	0.52288234	22.905249	0.17562093	0.17889635	523.0	0.0
SPIKE	S149:G>T	0	14887	0.0	-1.0	0.0	TRUE	G	9.3615573E-4	80.0	0.020538498	0.6128657	18.645098	0.17785984	0.16691378	523.0	0.0
SPIKE	S150:C>A	0	14865	0.0	-1.0	0.0	TRUE	C	6.7062654E-5	11.0	0.01705129	0.9655342	18.617544	0.09219813	0.17624697	523.0	0.0
SPIKE	S150:C>G	0	14865	0.0	-1.0	0.0	TRUE	C	0.0012993854	112.0	0.013771812	0.5068305	22.871399	0.17486686	0.20151494	523.0	0.0
SPIKE	S150:C>T	0	14865	0.0	-1.0	0.0	TRUE	C	9.0446026E-4	158.0	0.011573594	0.6231097	58.382164	0.08609005	0.14628229	523.0	0.0
SPIKE	S151:T>A	0	14849	0.0	-1.0	0.0	TRUE	T	1.2339216E-4	10.0	0.024480803	0.9375041	14.216664	0.18782309	0.17310487	523.0	0.0
SPIKE	S151:T>G	0	14849	0.0	-1.0	0.0	TRUE	T	0.0016182667	146.0	0.014289257	0.42897636	45.44115	0.1669725	0.16444676	523.0	0.0
SPIKE	S151:T>C	0	14849	0.0	-1.0	0.0	TRUE	T	0.001567672	272.0	0.010775358	0.44047904	89.65366	0.086514436	0.16315402	523.0	0.0
SPIKE	S152:G>A	0	14816	0.0	-1.0	0.0	TRUE	G	3.552608E-4	61.0	0.011587361	0.8304385	58.189716	0.087299176	0.15621866	523.0	0.0
SPIKE	S152:G>C	0	14816	0.0	-1.0	0.0	TRUE	G	2.6539442E-4	7.0	0.01782773	0.87040097	22.796007	0.17562093	0.17889635	523.0	1.0
SPIKE	S152:G>T	0	14816	0.0	-1.0	0.0	TRUE	G	7.995456E-4	68.0	0.020538498	0.65825534	18.556173	0.17785984	0.16691378	523.0	0.0
SPIKE	S153:G>A	0	14739	0.0	-1.0	0.0	TRUE	G	1.8733995E-4	32.0	0.011587361	0.9066681	57.8873	0.087299176	0.15621866	523.0	0.0
SPIKE	S153:G>C	0	14739	0.0	-1.0	0.0	TRUE	G	2.6539442E-4	2.0	0.01782773	0.87040097	22.677536	0.17562093	0.17889635	523.0	1.0
SPIKE	S153:G>T	0	14739	0.0	-1.0	0.0	TRUE	G	2.1818392E-4	7.0	0.020538498	0.89215964	18.459736	0.17785984	0.16691378	523.0	1.0
