#pipeline_block
reference	mutation	count	coverage	freq	score	cqs	has.reference	ancestral.allele	error.rate	minor.count.local	minor.fdr	minor.recall	minor.count.global	read.fraction.in.minors	q.filtered.read.fraction	mig.size	global.est
SPIKE	S0:T>A	0	1317	0.0	-1.0	0.0	TRUE	T	8.584794E-6	1.0	0.17888297	0.95778686	2.1854272	0.0063004894	0.14786644	5024.0	1.0
SPIKE	S0:T>G	0	1317	0.0	-1.0	0.0	TRUE	T	2.148729E-4	0.0	0.10285938	0.33975807	12.953551	0.02435107	0.16662411	5024.0	1.0
SPIKE	S0:T>C	0	1317	0.0	-1.0	0.0	TRUE	T	1.4507688E-4	28.0	0.036089245	0.4824557	37.46195	0.00707928	0.12819873	5024.0	0.0
SPIKE	S1:A>G	0	1317	0.0	-1.0	0.0	TRUE	A	1.8624427E-4	56.0	0.02070563	0.39231458	37.46195	0.0044726757	0.10315949	5024.0	0.0
SPIKE	S1:A>C	0	1317	0.0	-1.0	0.0	TRUE	A	1.976336E-5	0.0	0.026770992	0.9054791	12.953551	0.002064632	0.08283686	5024.0	1.0
SPIKE	S1:A>T	0	1317	0.0	-1.0	0.0	TRUE	A	3.1888605E-5	2.0	0.22182716	0.85196626	2.1854272	0.024694992	0.16544731	5024.0	1.0
SPIKE	S2:G>A	0	1317	0.0	-1.0	0.0	TRUE	G	1.5242472E-4	27.0	0.05204932	0.4649703	17.340033	0.007843171	0.11958854	5024.0	0.0
SPIKE	S2:G>C	0	1317	0.0	-1.0	0.0	TRUE	G	5.1976003E-5	0.0	0.13195789	0.7701828	4.3807716	0.018001026	0.17774586	5024.0	1.0
SPIKE	S2:G>T	0	1317	0.0	-1.0	0.0	TRUE	G	7.410531E-5	0.0	0.15947619	0.68914396	3.878504	0.029937863	0.15222909	5024.0	1.0
SPIKE	S3:C>A	0	1319	0.0	-1.0	0.0	TRUE	C	2.8387885E-5	1.0	0.08485268	0.86708283	3.884394	0.010533278	0.14761311	5024.0	1.0
SPIKE	S3:C>G	0	1319	0.0	-1.0	0.0	TRUE	C	5.337505E-4	42.0	0.099046946	0.068456106	4.3874245	0.018605083	0.33076394	5024.0	0.0
SPIKE	S3:C>T	0	1319	0.0	-1.0	0.0	TRUE	C	2.6997563E-4	39.0	0.045675557	0.25759736	17.366365	0.0095677255	0.11512255	5024.0	0.0
SPIKE	S4:G>A	0	1320	0.0	-1.0	0.0	TRUE	G	1.07018066E-4	19.0	0.05204932	0.5841142	17.379532	0.007843171	0.11958854	5024.0	0.0
SPIKE	S4:G>C	0	1320	0.0	-1.0	0.0	TRUE	G	1.1837612E-4	10.0	0.13195789	0.55171615	4.390751	0.018001026	0.17774586	5024.0	0.0
SPIKE	S4:G>T	0	1320	0.0	-1.0	0.0	TRUE	G	7.410531E-5	0.0	0.15947619	0.68914396	3.8873389	0.029937863	0.15222909	5024.0	1.0
SPIKE	S5:T>A	0	1320	0.0	-1.0	0.0	TRUE	T	8.584794E-6	0.0	0.17888297	0.95778686	2.1904054	0.0063004894	0.14786644	5024.0	1.0
SPIKE	S5:T>G	0	1320	0.0	-1.0	0.0	TRUE	T	1.9860303E-4	12.0	0.10285938	0.36869645	12.983059	0.02435107	0.16662411	5024.0	0.0
SPIKE	S5:T>C	0	1320	0.0	-1.0	0.0	TRUE	T	1.6542531E-4	32.0	0.036089245	0.4355713	37.547283	0.00707928	0.12819873	5024.0	0.0
SPIKE	S6:G>A	1	1320	7.5757573E-4	-1.0	40.0	TRUE	G	6.759036E-5	12.0	0.05204932	0.7120736	17.379532	0.007843171	0.11958854	5024.0	0.0
SPIKE	S6:G>C	0	1320	0.0	-1.0	0.0	TRUE	G	5.1976003E-5	0.0	0.13195789	0.7701828	4.390751	0.018001026	0.17774586	5024.0	1.0
SPIKE	S6:G>T	0	1320	0.0	-1.0	0.0	TRUE	G	1.9063248E-4	10.0	0.15947619	0.38376012	3.8873389	0.029937863	0.15222909	5024.0	0.0
SPIKE	D7-8:A>	1	1320	7.5757573E-4	-1.0	39.998486	TRUE		NaN	NaN	NaN	NaN	NaN	NaN	NaN	NaN	NaN
SPIKE	S7:A>G	0	1320	0.0	-1.0	0.0	TRUE	A	1.09501656E-4	33.0	0.02070563	0.57687116	37.547283	0.0044726757	0.10315949	5024.0	0.0
SPIKE	S7:A>C	0	1320	0.0	-1.0	0.0	TRUE	A	1.976336E-5	1.0	0.026770992	0.9054791	12.983059	0.002064632	0.08283686	5024.0	1.0
SPIKE	S7:A>T	0	1320	0.0	-1.0	0.0	TRUE	A	3.1888605E-5	1.0	0.22182716	0.85196626	2.1904054	0.024694992	0.16544731	5024.0	1.0
SPIKE	S8:A>G	0	1320	0.0	-1.0	0.0	TRUE	A	6.968287E-5	21.0	0.02070563	0.704627	37.547283	0.0044726757	0.10315949	5024.0	0.0
SPIKE	S8:A>C	0	1320	0.0	-1.0	0.0	TRUE	A	1.976336E-5	0.0	0.026770992	0.9054791	12.983059	0.002064632	0.08283686	5024.0	1.0
SPIKE	S8:A>T	0	1320	0.0	-1.0	0.0	TRUE	A	3.1888605E-5	1.0	0.22182716	0.85196626	2.1904054	0.024694992	0.16544731	5024.0	1.0
SPIKE	S9:G>A	1	1321	7.570023E-4	-1.0	40.0	TRUE	G	1.4070664E-4	25.0	0.05204932	0.49316564	17.392698	0.007843171	0.11958854	5024.0	0.0
SPIKE	S9:G>C	0	1321	0.0	-1.0	0.0	TRUE	G	5.1976003E-5	0.0	0.13195789	0.7701828	4.3940773	0.018001026	0.17774586	5024.0	1.0
SPIKE	S9:G>T	0	1321	0.0	-1.0	0.0	TRUE	G	7.410531E-5	0.0	0.15947619	0.68914396	3.8902838	0.029937863	0.15222909	5024.0	1.0
SPIKE	D10-11:A>	2	1321	0.0015140045	-1.0	39.93414	TRUE		NaN	NaN	NaN	NaN	NaN	NaN	NaN	NaN	NaN
SPIKE	S10:A>G	0	1321	0.0	-1.0	0.0	TRUE	A	4.0120212E-4	121.0	0.02070563	0.13323517	37.575726	0.0044726757	0.10315949	5024.0	0.0
SPIKE	S10:A>C	0	1321	0.0	-1.0	0.0	TRUE	A	1.976336E-5	2.0	0.026770992	0.9054791	12.992894	0.002064632	0.08283686	5024.0	1.0
SPIKE	S10:A>T	0	1321	0.0	-1.0	0.0	TRUE	A	3.1888605E-5	0.0	0.22182716	0.85196626	2.1920648	0.024694992	0.16544731	5024.0	1.0
SPIKE	S11:C>T	1	1321	7.570023E-4	-1.0	40.0	TRUE	C	2.3500701E-4	34.0	0.045675557	0.30707133	17.392698	0.0095677255	0.11512255	5024.0	0.0
SPIKE	S11:C>A	0	1321	0.0	-1.0	0.0	TRUE	C	8.756549E-5	12.0	0.08485268	0.6440821	3.8902838	0.010533278	0.14761311	5024.0	0.0
SPIKE	S11:C>G	0	1321	0.0	-1.0	0.0	TRUE	C	5.5756904E-5	0.0	0.099046946	0.755691	4.3940773	0.018605083	0.33076394	5024.0	1.0
SPIKE	S12:G>A	1	1321	7.570023E-4	-1.0	40.0	TRUE	G	5.6282657E-5	10.0	0.05204932	0.7536976	17.392698	0.007843171	0.11958854	5024.0	0.0
SPIKE	S12:G>C	0	1321	0.0	-1.0	0.0	TRUE	G	1.419438E-4	12.0	0.13195789	0.49010986	4.3940773	0.018001026	0.17774586	5024.0	0.0
SPIKE	S12:G>T	0	1321	0.0	-1.0	0.0	TRUE	G	7.410531E-5	0.0	0.15947619	0.68914396	3.8902838	0.029937863	0.15222909	5024.0	1.0
SPIKE	D13-14:A>	1	1321	7.570023E-4	-1.0	39.96442	TRUE		NaN	NaN	NaN	NaN	NaN	NaN	NaN	NaN	NaN
SPIKE	S13:A>G	0	1321	0.0	-1.0	0.0	TRUE	A	9.350331E-4	282.0	0.02070563	0.009117075	37.575726	0.0044726757	0.10315949	5024.0	0.0
SPIKE	S13:A>C	0	1321	0.0	-1.0	0.0	TRUE	A	1.976336E-5	2.0	0.026770992	0.9054791	12.992894	0.002064632	0.08283686	5024.0	1.0
SPIKE	S13:A>T	0	1321	0.0	-1.0	0.0	TRUE	A	3.1888605E-5	2.0	0.22182716	0.85196626	2.1920648	0.024694992	0.16544731	5024.0	1.0
SPIKE	S14:C>A	0	1321	0.0	-1.0	0.0	TRUE	C	2.8387885E-5	9.0	0.08485268	0.86708283	3.8902838	0.010533278	0.14761311	5024.0	1.0
SPIKE	S14:C>G	0	1321	0.0	-1.0	0.0	TRUE	C	5.5756904E-5	0.0	0.099046946	0.755691	4.3940773	0.018605083	0.33076394	5024.0	1.0
SPIKE	S14:C>T	0	1321	0.0	-1.0	0.0	TRUE	C	9.6767595E-5	14.0	0.045675557	0.61498314	17.392698	0.0095677255	0.11512255	5024.0	0.0
SPIKE	S15:A>G	0	1321	0.0	-1.0	0.0	TRUE	A	1.2268164E-4	37.0	0.02070563	0.53991014	37.575726	0.0044726757	0.10315949	5024.0	0.0
SPIKE	S15:A>C	0	1321	0.0	-1.0	0.0	TRUE	A	2.1295258E-5	14.0	0.026770992	0.89853704	12.992894	0.002064632	0.08283686	5024.0	0.0
SPIKE	S15:A>T	0	1321	0.0	-1.0	0.0	TRUE	A	3.1888605E-5	0.0	0.22182716	0.85196626	2.1920648	0.024694992	0.16544731	5024.0	1.0
SPIKE	S16:G>A	0	1321	0.0	-1.0	0.0	TRUE	G	1.463349E-4	26.0	0.05204932	0.47941598	17.392698	0.007843171	0.11958854	5024.0	0.0
SPIKE	S16:G>C	0	1321	0.0	-1.0	0.0	TRUE	G	5.1976003E-5	0.0	0.13195789	0.7701828	4.3940773	0.018001026	0.17774586	5024.0	1.0
SPIKE	S16:G>T	0	1321	0.0	-1.0	0.0	TRUE	G	7.410531E-5	0.0	0.15947619	0.68914396	3.8902838	0.029937863	0.15222909	5024.0	1.0
SPIKE	S17:A>G	0	1321	0.0	-1.0	0.0	TRUE	A	9.350331E-4	282.0	0.02070563	0.009117075	37.575726	0.0044726757	0.10315949	5024.0	0.0
SPIKE	S17:A>C	0	1321	0.0	-1.0	0.0	TRUE	A	1.976336E-5	1.0	0.026770992	0.9054791	12.992894	0.002064632	0.08283686	5024.0	1.0
SPIKE	S17:A>T	0	1321	0.0	-1.0	0.0	TRUE	A	3.1888605E-5	3.0	0.22182716	0.85196626	2.1920648	0.024694992	0.16544731	5024.0	1.0
SPIKE	S18:A>G	0	1321	0.0	-1.0	0.0	TRUE	A	2.2878469E-4	69.0	0.02070563	0.3168223	37.575726	0.0044726757	0.10315949	5024.0	0.0
SPIKE	S18:A>C	0	1321	0.0	-1.0	0.0	TRUE	A	1.976336E-5	0.0	0.026770992	0.9054791	12.992894	0.002064632	0.08283686	5024.0	1.0
SPIKE	S18:A>T	0	1321	0.0	-1.0	0.0	TRUE	A	3.1888605E-5	0.0	0.22182716	0.85196626	2.1920648	0.024694992	0.16544731	5024.0	1.0
SPIKE	S19:C>A	0	1321	0.0	-1.0	0.0	TRUE	C	7.297124E-5	10.0	0.08485268	0.6930816	3.8902838	0.010533278	0.14761311	5024.0	0.0
SPIKE	S19:C>G	0	1321	0.0	-1.0	0.0	TRUE	C	5.5756904E-5	0.0	0.099046946	0.755691	4.3940773	0.018605083	0.33076394	5024.0	1.0
SPIKE	S19:C>T	0	1321	0.0	-1.0	0.0	TRUE	C	1.7279928E-4	25.0	0.045675557	0.41973	17.392698	0.0095677255	0.11512255	5024.0	0.0
SPIKE	S20:C>A	0	1321	0.0	-1.0	0.0	TRUE	C	2.8387885E-5	0.0	0.08485268	0.86708283	3.8902838	0.010533278	0.14761311	5024.0	1.0
SPIKE	S20:C>G	0	1321	0.0	-1.0	0.0	TRUE	C	5.5756904E-5	0.0	0.099046946	0.755691	4.3940773	0.018605083	0.33076394	5024.0	1.0
SPIKE	S20:C>T	0	1321	0.0	-1.0	0.0	TRUE	C	9.6767595E-5	14.0	0.045675557	0.61498314	17.392698	0.0095677255	0.11512255	5024.0	0.0
SPIKE	S21:A>G	0	1321	0.0	-1.0	0.0	TRUE	A	1.0278732E-4	31.0	0.02070563	0.5966626	37.575726	0.0044726757	0.10315949	5024.0	0.0
SPIKE	S21:A>C	0	1321	0.0	-1.0	0.0	TRUE	A	2.4337438E-5	16.0	0.026770992	0.88490826	12.992894	0.002064632	0.08283686	5024.0	0.0
SPIKE	S21:A>T	0	1321	0.0	-1.0	0.0	TRUE	A	3.1888605E-5	1.0	0.22182716	0.85196626	2.1920648	0.024694992	0.16544731	5024.0	1.0
SPIKE	S22:A>G	1320	1321	0.999243	-1.0	39.99924	TRUE	G	1.2459059E-4	0.0	0.02070563	0.53475684	37.575726	0.0044726757	0.10315949	5024.0	1.0
SPIKE	S22:A>C	0	1321	0.0	-1.0	0.0	TRUE	G	1.976336E-5	0.0	0.026770992	0.9054791	12.992894	0.002064632	0.08283686	5024.0	1.0
SPIKE	S22:A>T	0	1321	0.0	-1.0	0.0	TRUE	G	3.1888605E-5	0.0	0.22182716	0.85196626	2.1920648	0.024694992	0.16544731	5024.0	1.0
SPIKE	S23:A>G	0	1321	0.0	-1.0	0.0	TRUE	A	3.647292E-5	11.0	0.02070563	0.83256835	37.575726	0.0044726757	0.10315949	5024.0	0.0
SPIKE	S23:A>C	0	1321	0.0	-1.0	0.0	TRUE	A	1.976336E-5	0.0	0.026770992	0.9054791	12.992894	0.002064632	0.08283686	5024.0	1.0
SPIKE	S23:A>T	0	1321	0.0	-1.0	0.0	TRUE	A	3.1888605E-5	0.0	0.22182716	0.85196626	2.1920648	0.024694992	0.16544731	5024.0	1.0
SPIKE	S24:A>G	0	1321	0.0	-1.0	0.0	TRUE	A	1.2459059E-4	0.0	0.02070563	0.53475684	37.575726	0.0044726757	0.10315949	5024.0	1.0
SPIKE	S24:A>C	0	1321	0.0	-1.0	0.0	TRUE	A	1.976336E-5	0.0	0.026770992	0.9054791	12.992894	0.002064632	0.08283686	5024.0	1.0
SPIKE	S24:A>T	0	1321	0.0	-1.0	0.0	TRUE	A	3.1888605E-5	0.0	0.22182716	0.85196626	2.1920648	0.024694992	0.16544731	5024.0	1.0
SPIKE	S25:A>C	1321	1321	1.0	-1.0	39.993187	FALSE	C	1.976336E-5	0.0	0.026770992	0.9054791	12.992894	0.002064632	0.08283686	5024.0	1.0
SPIKE	S25:A>G	0	1321	0.0	-1.0	0.0	FALSE	C	1.2459059E-4	0.0	0.02070563	0.53475684	37.575726	0.0044726757	0.10315949	5024.0	1.0
SPIKE	S25:A>T	0	1321	0.0	-1.0	0.0	FALSE	C	3.1888605E-5	0.0	0.22182716	0.85196626	2.1920648	0.024694992	0.16544731	5024.0	1.0
SPIKE	S26:T>A	0	1321	0.0	-1.0	0.0	TRUE	T	8.584794E-6	0.0	0.17888297	0.95778686	2.1920648	0.0063004894	0.14786644	5024.0	1.0
SPIKE	S26:T>G	0	1321	0.0	-1.0	0.0	TRUE	T	2.148729E-4	1.0	0.10285938	0.33975807	12.992894	0.02435107	0.16662411	5024.0	1.0
SPIKE	S26:T>C	0	1321	0.0	-1.0	0.0	TRUE	T	2.3245325E-4	45.0	0.036089245	0.31103647	37.575726	0.00707928	0.12819873	5024.0	0.0
SPIKE	S27:G>A	0	1321	0.0	-1.0	0.0	TRUE	G	9.7890734E-5	7.0	0.05204932	0.6115228	17.392698	0.007843171	0.11958854	5024.0	1.0
SPIKE	S27:G>C	0	1321	0.0	-1.0	0.0	TRUE	G	5.1976003E-5	0.0	0.13195789	0.7701828	4.3940773	0.018001026	0.17774586	5024.0	1.0
SPIKE	S27:G>T	0	1321	0.0	-1.0	0.0	TRUE	G	2.285858E-4	12.0	0.15947619	0.317139	3.8902838	0.029937863	0.15222909	5024.0	0.0
SPIKE	S28:G>A	0	1321	0.0	-1.0	0.0	TRUE	G	7.879572E-5	14.0	0.05204932	0.6730944	17.392698	0.007843171	0.11958854	5024.0	0.0
SPIKE	S28:G>C	0	1321	0.0	-1.0	0.0	TRUE	G	5.1976003E-5	0.0	0.13195789	0.7701828	4.3940773	0.018001026	0.17774586	5024.0	1.0
SPIKE	S28:G>T	0	1321	0.0	-1.0	0.0	TRUE	G	7.410531E-5	0.0	0.15947619	0.68914396	3.8902838	0.029937863	0.15222909	5024.0	1.0
SPIKE	S29:G>A	0	1321	0.0	-1.0	0.0	TRUE	G	6.191093E-5	11.0	0.05204932	0.7326842	17.392698	0.007843171	0.11958854	5024.0	0.0
SPIKE	S29:G>C	0	1321	0.0	-1.0	0.0	TRUE	G	5.1976003E-5	0.0	0.13195789	0.7701828	4.3940773	0.018001026	0.17774586	5024.0	1.0
SPIKE	S29:G>T	0	1321	0.0	-1.0	0.0	TRUE	G	7.410531E-5	0.0	0.15947619	0.68914396	3.8902838	0.029937863	0.15222909	5024.0	1.0
SPIKE	S30:A>G	0	1321	0.0	-1.0	0.0	TRUE	A	2.3873185E-4	72.0	0.02070563	0.30137837	37.575726	0.0044726757	0.10315949	5024.0	0.0
SPIKE	S30:A>C	0	1321	0.0	-1.0	0.0	TRUE	A	1.976336E-5	2.0	0.026770992	0.9054791	12.992894	0.002064632	0.08283686	5024.0	1.0
SPIKE	S30:A>T	0	1321	0.0	-1.0	0.0	TRUE	A	3.1888605E-5	1.0	0.22182716	0.85196626	2.1920648	0.024694992	0.16544731	5024.0	1.0
SPIKE	S31:T>A	0	1321	0.0	-1.0	0.0	TRUE	T	4.307936E-5	11.0	0.17888297	0.80538833	2.1920648	0.0063004894	0.14786644	5024.0	0.0
SPIKE	S31:T>G	0	1321	0.0	-1.0	0.0	TRUE	T	2.148729E-4	0.0	0.10285938	0.33975807	12.992894	0.02435107	0.16662411	5024.0	1.0
SPIKE	S31:T>C	0	1321	0.0	-1.0	0.0	TRUE	T	1.3947194E-4	27.0	0.036089245	0.4962343	37.575726	0.00707928	0.12819873	5024.0	0.0
SPIKE	S32:C>A	0	1321	0.0	-1.0	0.0	TRUE	C	2.8387885E-5	0.0	0.08485268	0.86708283	3.8902838	0.010533278	0.14761311	5024.0	1.0
SPIKE	S32:C>G	0	1321	0.0	-1.0	0.0	TRUE	C	5.5756904E-5	0.0	0.099046946	0.755691	4.3940773	0.018605083	0.33076394	5024.0	1.0
SPIKE	S32:C>T	0	1321	0.0	-1.0	0.0	TRUE	C	1.9353519E-4	28.0	0.045675557	0.3782043	17.392698	0.0095677255	0.11512255	5024.0	0.0
SPIKE	S33:C>A	0	1321	0.0	-1.0	0.0	TRUE	C	2.8387885E-5	0.0	0.08485268	0.86708283	3.8902838	0.010533278	0.14761311	5024.0	1.0
SPIKE	S33:C>G	0	1321	0.0	-1.0	0.0	TRUE	C	5.5756904E-5	0.0	0.099046946	0.755691	4.3940773	0.018605083	0.33076394	5024.0	1.0
SPIKE	S33:C>T	0	1321	0.0	-1.0	0.0	TRUE	C	1.2021783E-4	9.0	0.045675557	0.5466348	17.392698	0.0095677255	0.11512255	5024.0	1.0
SPIKE	S34:A>G	0	1321	0.0	-1.0	0.0	TRUE	A	5.305152E-5	16.0	0.02070563	0.7660324	37.575726	0.0044726757	0.10315949	5024.0	0.0
SPIKE	S34:A>C	0	1321	0.0	-1.0	0.0	TRUE	A	1.9774168E-5	13.0	0.026770992	0.9054299	12.992894	0.002064632	0.08283686	5024.0	0.0
SPIKE	S34:A>T	0	1321	0.0	-1.0	0.0	TRUE	A	3.1888605E-5	0.0	0.22182716	0.85196626	2.1920648	0.024694992	0.16544731	5024.0	1.0
SPIKE	S35:T>A	0	1321	0.0	-1.0	0.0	TRUE	T	4.307936E-5	11.0	0.17888297	0.80538833	2.1920648	0.0063004894	0.14786644	5024.0	0.0
SPIKE	S35:T>G	0	1321	0.0	-1.0	0.0	TRUE	T	2.148729E-4	0.0	0.10285938	0.33975807	12.992894	0.02435107	0.16662411	5024.0	1.0
SPIKE	S35:T>C	0	1321	0.0	-1.0	0.0	TRUE	T	1.6530008E-4	32.0	0.036089245	0.43584543	37.575726	0.00707928	0.12819873	5024.0	0.0
SPIKE	S36:T>A	0	1321	0.0	-1.0	0.0	TRUE	T	8.584794E-6	0.0	0.17888297	0.95778686	2.1920648	0.0063004894	0.14786644	5024.0	1.0
SPIKE	S36:T>G	0	1321	0.0	-1.0	0.0	TRUE	T	2.148729E-4	0.0	0.10285938	0.33975807	12.992894	0.02435107	0.16662411	5024.0	1.0
SPIKE	S36:T>C	0	1321	0.0	-1.0	0.0	TRUE	T	1.9410222E-4	4.0	0.036089245	0.37712842	37.575726	0.00707928	0.12819873	5024.0	1.0
SPIKE	S37:A>G	0	1321	0.0	-1.0	0.0	TRUE	A	3.647292E-5	11.0	0.02070563	0.83256835	37.575726	0.0044726757	0.10315949	5024.0	0.0
SPIKE	S37:A>C	0	1321	0.0	-1.0	0.0	TRUE	A	1.976336E-5	0.0	0.026770992	0.9054791	12.992894	0.002064632	0.08283686	5024.0	1.0
SPIKE	S37:A>T	0	1321	0.0	-1.0	0.0	TRUE	A	3.1888605E-5	8.0	0.22182716	0.85196626	2.1920648	0.024694992	0.16544731	5024.0	1.0
SPIKE	S38:T>A	0	1321	0.0	-1.0	0.0	TRUE	T	8.584794E-6	7.0	0.17888297	0.95778686	2.1920648	0.0063004894	0.14786644	5024.0	1.0
SPIKE	S38:T>G	0	1321	0.0	-1.0	0.0	TRUE	T	2.148729E-4	1.0	0.10285938	0.33975807	12.992894	0.02435107	0.16662411	5024.0	1.0
SPIKE	S38:T>C	0	1321	0.0	-1.0	0.0	TRUE	T	1.9410222E-4	4.0	0.036089245	0.37712842	37.575726	0.00707928	0.12819873	5024.0	1.0
SPIKE	S39:C>A	0	1321	0.0	-1.0	0.0	TRUE	C	2.8387885E-5	0.0	0.08485268	0.86708283	3.8902838	0.010533278	0.14761311	5024.0	1.0
SPIKE	S39:C>G	0	1321	0.0	-1.0	0.0	TRUE	C	5.5756904E-5	0.0	0.099046946	0.755691	4.3940773	0.018605083	0.33076394	5024.0	1.0
SPIKE	S39:C>T	0	1321	0.0	-1.0	0.0	TRUE	C	1.2441548E-4	18.0	0.045675557	0.5352275	17.392698	0.0095677255	0.11512255	5024.0	0.0
SPIKE	S40:G>A	0	1321	0.0	-1.0	0.0	TRUE	G	1.1819358E-4	21.0	0.05204932	0.5522223	17.392698	0.007843171	0.11958854	5024.0	0.0
SPIKE	S40:G>C	0	1321	0.0	-1.0	0.0	TRUE	G	5.1976003E-5	8.0	0.13195789	0.7701828	4.3940773	0.018001026	0.17774586	5024.0	1.0
SPIKE	S40:G>T	0	1321	0.0	-1.0	0.0	TRUE	G	7.410531E-5	1.0	0.15947619	0.68914396	3.8902838	0.029937863	0.15222909	5024.0	1.0
SPIKE	S41:G>A	0	1321	0.0	-1.0	0.0	TRUE	G	7.316745E-5	13.0	0.05204932	0.6923987	17.392698	0.007843171	0.11958854	5024.0	0.0
SPIKE	S41:G>C	0	1321	0.0	-1.0	0.0	TRUE	G	5.1976003E-5	0.0	0.13195789	0.7701828	4.3940773	0.018001026	0.17774586	5024.0	1.0
SPIKE	S41:G>T	0	1321	0.0	-1.0	0.0	TRUE	G	7.410531E-5	0.0	0.15947619	0.68914396	3.8902838	0.029937863	0.15222909	5024.0	1.0
SPIKE	S42:C>A	0	1321	0.0	-1.0	0.0	TRUE	C	2.8387885E-5	2.0	0.08485268	0.86708283	3.8902838	0.010533278	0.14761311	5024.0	1.0
SPIKE	S42:C>G	0	1321	0.0	-1.0	0.0	TRUE	C	5.5756904E-5	8.0	0.099046946	0.755691	4.3940773	0.018605083	0.33076394	5024.0	1.0
SPIKE	S42:C>T	0	1321	0.0	-1.0	0.0	TRUE	C	1.9353519E-4	28.0	0.045675557	0.3782043	17.392698	0.0095677255	0.11512255	5024.0	0.0
SPIKE	S43:G>A	0	1321	0.0	-1.0	0.0	TRUE	G	1.0693705E-4	19.0	0.05204932	0.584352	17.392698	0.007843171	0.11958854	5024.0	0.0
SPIKE	S43:G>C	0	1321	0.0	-1.0	0.0	TRUE	G	5.1976003E-5	8.0	0.13195789	0.7701828	4.3940773	0.018001026	0.17774586	5024.0	1.0
SPIKE	S43:G>T	0	1321	0.0	-1.0	0.0	TRUE	G	7.410531E-5	0.0	0.15947619	0.68914396	3.8902838	0.029937863	0.15222909	5024.0	1.0
SPIKE	S44:G>A	1	1321	7.570023E-4	-1.0	40.0	TRUE	G	1.5759144E-4	28.0	0.05204932	0.45305607	17.392698	0.007843171	0.11958854	5024.0	0.0
SPIKE	S44:G>C	0	1321	0.0	-1.0	0.0	TRUE	G	5.1976003E-5	0.0	0.13195789	0.7701828	4.3940773	0.018001026	0.17774586	5024.0	1.0
SPIKE	S44:G>T	0	1321	0.0	-1.0	0.0	TRUE	G	7.410531E-5	0.0	0.15947619	0.68914396	3.8902838	0.029937863	0.15222909	5024.0	1.0
SPIKE	S45:C>A	0	1321	0.0	-1.0	0.0	TRUE	C	2.8387885E-5	0.0	0.08485268	0.86708283	3.8902838	0.010533278	0.14761311	5024.0	1.0
SPIKE	S45:C>G	0	1321	0.0	-1.0	0.0	TRUE	C	1.2689104E-4	10.0	0.099046946	0.52861196	4.3940773	0.018605083	0.33076394	5024.0	0.0
SPIKE	S45:C>T	0	1321	0.0	-1.0	0.0	TRUE	C	1.2021783E-4	9.0	0.045675557	0.5466348	17.392698	0.0095677255	0.11512255	5024.0	1.0
SPIKE	S46:G>T	1	1321	7.570023E-4	-1.0	40.0	TRUE	G	7.410531E-5	0.0	0.15947619	0.68914396	3.8902838	0.029937863	0.15222909	5024.0	1.0
SPIKE	S46:G>A	0	1321	0.0	-1.0	0.0	TRUE	G	9.005225E-5	16.0	0.05204932	0.63608533	17.392698	0.007843171	0.11958854	5024.0	0.0
SPIKE	S46:G>C	0	1321	0.0	-1.0	0.0	TRUE	G	1.1828651E-4	10.0	0.13195789	0.5519646	4.3940773	0.018001026	0.17774586	5024.0	0.0
SPIKE	S47:A>G	0	1321	0.0	-1.0	0.0	TRUE	A	4.6420082E-5	14.0	0.02070563	0.79198366	37.575726	0.0044726757	0.10315949	5024.0	0.0
SPIKE	S47:A>C	0	1321	0.0	-1.0	0.0	TRUE	A	1.976336E-5	0.0	0.026770992	0.9054791	12.992894	0.002064632	0.08283686	5024.0	1.0
SPIKE	S47:A>T	0	1321	0.0	-1.0	0.0	TRUE	A	3.1888605E-5	0.0	0.22182716	0.85196626	2.1920648	0.024694992	0.16544731	5024.0	1.0
SPIKE	S48:A>G	0	1321	0.0	-1.0	0.0	TRUE	A	1.2459059E-4	1.0	0.02070563	0.53475684	37.575726	0.0044726757	0.10315949	5024.0	1.0
SPIKE	S48:A>C	0	1321	0.0	-1.0	0.0	TRUE	A	1.976336E-5	0.0	0.026770992	0.9054791	12.992894	0.002064632	0.08283686	5024.0	1.0
SPIKE	S48:A>T	0	1321	0.0	-1.0	0.0	TRUE	A	3.1888605E-5	0.0	0.22182716	0.85196626	2.1920648	0.024694992	0.16544731	5024.0	1.0
SPIKE	S49:T>A	0	1321	0.0	-1.0	0.0	TRUE	T	3.9163053E-5	10.0	0.17888297	0.8213917	2.1920648	0.0063004894	0.14786644	5024.0	0.0
SPIKE	S49:T>G	0	1321	0.0	-1.0	0.0	TRUE	T	2.148729E-4	0.0	0.10285938	0.33975807	12.992894	0.02435107	0.16662411	5024.0	1.0
SPIKE	S49:T>C	0	1321	0.0	-1.0	0.0	TRUE	T	1.9410222E-4	1.0	0.036089245	0.37712842	37.575726	0.00707928	0.12819873	5024.0	1.0
SPIKE	S50:T>A	0	1321	0.0	-1.0	0.0	TRUE	T	8.584794E-6	0.0	0.17888297	0.95778686	2.1920648	0.0063004894	0.14786644	5024.0	1.0
SPIKE	S50:T>G	0	1321	0.0	-1.0	0.0	TRUE	T	2.148729E-4	1.0	0.10285938	0.33975807	12.992894	0.02435107	0.16662411	5024.0	1.0
SPIKE	S50:T>C	0	1321	0.0	-1.0	0.0	TRUE	T	1.9410222E-4	3.0	0.036089245	0.37712842	37.575726	0.00707928	0.12819873	5024.0	1.0
SPIKE	S51:T>A	0	1321	0.0	-1.0	0.0	TRUE	T	8.584794E-6	0.0	0.17888297	0.95778686	2.1920648	0.0063004894	0.14786644	5024.0	1.0
SPIKE	S51:T>G	0	1321	0.0	-1.0	0.0	TRUE	T	2.148729E-4	0.0	0.10285938	0.33975807	12.992894	0.02435107	0.16662411	5024.0	1.0
SPIKE	S51:T>C	0	1321	0.0	-1.0	0.0	TRUE	T	1.9410222E-4	4.0	0.036089245	0.37712842	37.575726	0.00707928	0.12819873	5024.0	1.0
SPIKE	S52:A>G	0	1321	0.0	-1.0	0.0	TRUE	A	1.2459059E-4	8.0	0.02070563	0.53475684	37.575726	0.0044726757	0.10315949	5024.0	1.0
SPIKE	S52:A>C	0	1321	0.0	-1.0	0.0	TRUE	A	1.976336E-5	0.0	0.026770992	0.9054791	12.992894	0.002064632	0.08283686	5024.0	1.0
SPIKE	S52:A>T	0	1321	0.0	-1.0	0.0	TRUE	A	3.1888605E-5	1.0	0.22182716	0.85196626	2.1920648	0.024694992	0.16544731	5024.0	1.0
SPIKE	S53:C>A	0	1321	0.0	-1.0	0.0	TRUE	C	2.8387885E-5	1.0	0.08485268	0.86708283	3.8902838	0.010533278	0.14761311	5024.0	1.0
SPIKE	S53:C>G	0	1321	0.0	-1.0	0.0	TRUE	C	5.5756904E-5	0.0	0.099046946	0.755691	4.3940773	0.018605083	0.33076394	5024.0	1.0
SPIKE	S53:C>T	0	1321	0.0	-1.0	0.0	TRUE	C	1.10591536E-4	16.0	0.045675557	0.5737211	17.392698	0.0095677255	0.11512255	5024.0	0.0
SPIKE	S54:C>T	1	1321	7.570023E-4	-1.0	40.0	TRUE	C	6.911971E-5	10.0	0.045675557	0.7066234	17.392698	0.0095677255	0.11512255	5024.0	0.0
SPIKE	S54:C>A	0	1321	0.0	-1.0	0.0	TRUE	C	2.8387885E-5	0.0	0.08485268	0.86708283	3.8902838	0.010533278	0.14761311	5024.0	1.0
SPIKE	S54:C>G	0	1321	0.0	-1.0	0.0	TRUE	C	5.5756904E-5	0.0	0.099046946	0.755691	4.3940773	0.018605083	0.33076394	5024.0	1.0
SPIKE	S55:A>G	0	1321	0.0	-1.0	0.0	TRUE	A	6.39934E-4	193.0	0.02070563	0.040154196	37.575726	0.0044726757	0.10315949	5024.0	0.0
SPIKE	S55:A>C	0	1321	0.0	-1.0	0.0	TRUE	A	2.5858528E-5	17.0	0.026770992	0.8781716	12.992894	0.002064632	0.08283686	5024.0	0.0
SPIKE	S55:A>T	0	1321	0.0	-1.0	0.0	TRUE	A	3.1888605E-5	1.0	0.22182716	0.85196626	2.1920648	0.024694992	0.16544731	5024.0	1.0
SPIKE	S56:C>A	0	1321	0.0	-1.0	0.0	TRUE	C	2.8387885E-5	4.0	0.08485268	0.86708283	3.8902838	0.010533278	0.14761311	5024.0	1.0
SPIKE	S56:C>G	0	1321	0.0	-1.0	0.0	TRUE	C	5.5756904E-5	0.0	0.099046946	0.755691	4.3940773	0.018605083	0.33076394	5024.0	1.0
SPIKE	S56:C>T	0	1321	0.0	-1.0	0.0	TRUE	C	1.10591536E-4	16.0	0.045675557	0.5737211	17.392698	0.0095677255	0.11512255	5024.0	0.0
SPIKE	S57:C>A	0	1321	0.0	-1.0	0.0	TRUE	C	2.8387885E-5	1.0	0.08485268	0.86708283	3.8902838	0.010533278	0.14761311	5024.0	1.0
SPIKE	S57:C>G	0	1321	0.0	-1.0	0.0	TRUE	C	5.5756904E-5	0.0	0.099046946	0.755691	4.3940773	0.018605083	0.33076394	5024.0	1.0
SPIKE	S57:C>T	0	1321	0.0	-1.0	0.0	TRUE	C	1.2021783E-4	8.0	0.045675557	0.5466348	17.392698	0.0095677255	0.11512255	5024.0	1.0
SPIKE	S58:A>G	0	1321	0.0	-1.0	0.0	TRUE	A	6.299868E-5	19.0	0.02070563	0.7286911	37.575726	0.0044726757	0.10315949	5024.0	0.0
SPIKE	S58:A>C	0	1321	0.0	-1.0	0.0	TRUE	A	1.976336E-5	9.0	0.026770992	0.9054791	12.992894	0.002064632	0.08283686	5024.0	1.0
SPIKE	S58:A>T	0	1321	0.0	-1.0	0.0	TRUE	A	3.1888605E-5	0.0	0.22182716	0.85196626	2.1920648	0.024694992	0.16544731	5024.0	1.0
SPIKE	S59:T>A	1	1321	7.570023E-4	-1.0	40.0	TRUE	T	8.584794E-6	9.0	0.17888297	0.95778686	2.1920648	0.0063004894	0.14786644	5024.0	1.0
SPIKE	S59:T>G	0	1321	0.0	-1.0	0.0	TRUE	T	2.148729E-4	0.0	0.10285938	0.33975807	12.992894	0.02435107	0.16662411	5024.0	1.0
SPIKE	S59:T>C	0	1321	0.0	-1.0	0.0	TRUE	T	9.814693E-5	19.0	0.036089245	0.6107362	37.575726	0.00707928	0.12819873	5024.0	0.0
SPIKE	S60:T>C	1	1321	7.570023E-4	-1.0	40.0	TRUE	T	1.9410222E-4	5.0	0.036089245	0.37712842	37.575726	0.00707928	0.12819873	5024.0	1.0
SPIKE	S60:T>A	0	1321	0.0	-1.0	0.0	TRUE	T	8.584794E-6	0.0	0.17888297	0.95778686	2.1920648	0.0063004894	0.14786644	5024.0	1.0
SPIKE	S60:T>G	0	1321	0.0	-1.0	0.0	TRUE	T	2.148729E-4	0.0	0.10285938	0.33975807	12.992894	0.02435107	0.16662411	5024.0	1.0
SPIKE	S61:G>A	1	1321	7.570023E-4	-1.0	40.0	TRUE	G	9.7890734E-5	7.0	0.05204932	0.6115228	17.392698	0.007843171	0.11958854	5024.0	1.0
SPIKE	S61:G>C	0	1321	0.0	-1.0	0.0	TRUE	G	5.1976003E-5	0.0	0.13195789	0.7701828	4.3940773	0.018001026	0.17774586	5024.0	1.0
SPIKE	S61:G>T	0	1321	0.0	-1.0	0.0	TRUE	G	7.410531E-5	9.0	0.15947619	0.68914396	3.8902838	0.029937863	0.15222909	5024.0	1.0
SPIKE	S62:A>G	0	1321	0.0	-1.0	0.0	TRUE	A	1.2459059E-4	9.0	0.02070563	0.53475684	37.575726	0.0044726757	0.10315949	5024.0	1.0
SPIKE	S62:A>C	0	1321	0.0	-1.0	0.0	TRUE	A	1.976336E-5	0.0	0.026770992	0.9054791	12.992894	0.002064632	0.08283686	5024.0	1.0
SPIKE	S62:A>T	0	1321	0.0	-1.0	0.0	TRUE	A	3.1888605E-5	0.0	0.22182716	0.85196626	2.1920648	0.024694992	0.16544731	5024.0	1.0
SPIKE	S63:A>G	0	1321	0.0	-1.0	0.0	TRUE	A	1.2459059E-4	7.0	0.02070563	0.53475684	37.575726	0.0044726757	0.10315949	5024.0	1.0
SPIKE	S63:A>C	0	1321	0.0	-1.0	0.0	TRUE	A	1.976336E-5	0.0	0.026770992	0.9054791	12.992894	0.002064632	0.08283686	5024.0	1.0
SPIKE	S63:A>T	0	1321	0.0	-1.0	0.0	TRUE	A	3.1888605E-5	0.0	0.22182716	0.85196626	2.1920648	0.024694992	0.16544731	5024.0	1.0
SPIKE	S64:A>G	0	1321	0.0	-1.0	0.0	TRUE	A	5.6367244E-5	17.0	0.02070563	0.7533774	37.575726	0.0044726757	0.10315949	5024.0	0.0
SPIKE	S64:A>C	0	1321	0.0	-1.0	0.0	TRUE	A	1.976336E-5	0.0	0.026770992	0.9054791	12.992894	0.002064632	0.08283686	5024.0	1.0
SPIKE	S64:A>T	0	1321	0.0	-1.0	0.0	TRUE	A	3.1888605E-5	0.0	0.22182716	0.85196626	2.1920648	0.024694992	0.16544731	5024.0	1.0
SPIKE	S65:A>G	0	1321	0.0	-1.0	0.0	TRUE	A	1.6247029E-4	49.0	0.02070563	0.44208607	37.575726	0.0044726757	0.10315949	5024.0	0.0
SPIKE	S65:A>C	0	1321	0.0	-1.0	0.0	TRUE	A	3.8027247E-5	25.0	0.026770992	0.8260922	12.992894	0.002064632	0.08283686	5024.0	0.0
SPIKE	S65:A>T	0	1321	0.0	-1.0	0.0	TRUE	A	3.1888605E-5	0.0	0.22182716	0.85196626	2.1920648	0.024694992	0.16544731	5024.0	1.0
SPIKE	S66:C>A	0	1321	0.0	-1.0	0.0	TRUE	C	2.8387885E-5	0.0	0.08485268	0.86708283	3.8902838	0.010533278	0.14761311	5024.0	1.0
SPIKE	S66:C>G	0	1321	0.0	-1.0	0.0	TRUE	C	5.5756904E-5	0.0	0.099046946	0.755691	4.3940773	0.018605083	0.33076394	5024.0	1.0
SPIKE	S66:C>T	0	1321	0.0	-1.0	0.0	TRUE	C	8.9855625E-5	13.0	0.045675557	0.63671404	17.392698	0.0095677255	0.11512255	5024.0	0.0
SPIKE	S67:C>A	0	1321	0.0	-1.0	0.0	TRUE	C	2.8387885E-5	8.0	0.08485268	0.86708283	3.8902838	0.010533278	0.14761311	5024.0	1.0
SPIKE	S67:C>G	0	1321	0.0	-1.0	0.0	TRUE	C	5.5756904E-5	0.0	0.099046946	0.755691	4.3940773	0.018605083	0.33076394	5024.0	1.0
SPIKE	S67:C>T	0	1321	0.0	-1.0	0.0	TRUE	C	7.603168E-5	11.0	0.045675557	0.68250656	17.392698	0.0095677255	0.11512255	5024.0	0.0
SPIKE	S68:A>T	1	1321	7.570023E-4	-1.0	40.0	TRUE	A	3.1888605E-5	2.0	0.22182716	0.85196626	2.1920648	0.024694992	0.16544731	5024.0	1.0
SPIKE	S68:A>G	0	1321	0.0	-1.0	0.0	TRUE	A	4.6420083E-4	140.0	0.02070563	0.09708728	37.575726	0.0044726757	0.10315949	5024.0	0.0
SPIKE	S68:A>C	0	1321	0.0	-1.0	0.0	TRUE	A	1.976336E-5	2.0	0.026770992	0.9054791	12.992894	0.002064632	0.08283686	5024.0	1.0
SPIKE	S69:G>A	0	1321	0.0	-1.0	0.0	TRUE	G	7.316745E-5	13.0	0.05204932	0.6923987	17.392698	0.007843171	0.11958854	5024.0	0.0
SPIKE	S69:G>C	0	1321	0.0	-1.0	0.0	TRUE	G	5.1976003E-5	9.0	0.13195789	0.7701828	4.3940773	0.018001026	0.17774586	5024.0	1.0
SPIKE	S69:G>T	0	1321	0.0	-1.0	0.0	TRUE	G	7.410531E-5	1.0	0.15947619	0.68914396	3.8902838	0.029937863	0.15222909	5024.0	1.0
SPIKE	S70:C>A	0	1321	0.0	-1.0	0.0	TRUE	C	2.8387885E-5	0.0	0.08485268	0.86708283	3.8902838	0.010533278	0.14761311	5024.0	1.0
SPIKE	S70:C>G	0	1321	0.0	-1.0	0.0	TRUE	C	5.5756904E-5	0.0	0.099046946	0.755691	4.3940773	0.018605083	0.33076394	5024.0	1.0
SPIKE	S70:C>T	0	1321	0.0	-1.0	0.0	TRUE	C	2.0044716E-4	29.0	0.045675557	0.36529627	17.392698	0.0095677255	0.11512255	5024.0	0.0
SPIKE	S71:C>A	1	1321	7.570023E-4	-1.0	40.0	TRUE	C	2.8387885E-5	0.0	0.08485268	0.86708283	3.8902838	0.010533278	0.14761311	5024.0	1.0
SPIKE	S71:C>G	0	1321	0.0	-1.0	0.0	TRUE	C	5.5756904E-5	8.0	0.099046946	0.755691	4.3940773	0.018605083	0.33076394	5024.0	1.0
SPIKE	S71:C>T	0	1321	0.0	-1.0	0.0	TRUE	C	1.3132746E-4	19.0	0.045675557	0.5169603	17.392698	0.0095677255	0.11512255	5024.0	0.0
SPIKE	S72:G>A	0	1321	0.0	-1.0	0.0	TRUE	G	9.5680516E-5	17.0	0.05204932	0.61835104	17.392698	0.007843171	0.11958854	5024.0	0.0
SPIKE	S72:G>C	0	1321	0.0	-1.0	0.0	TRUE	G	5.1976003E-5	0.0	0.13195789	0.7701828	4.3940773	0.018001026	0.17774586	5024.0	1.0
SPIKE	S72:G>T	0	1321	0.0	-1.0	0.0	TRUE	G	7.410531E-5	3.0	0.15947619	0.68914396	3.8902838	0.029937863	0.15222909	5024.0	1.0
SPIKE	S73:T>A	0	1321	0.0	-1.0	0.0	TRUE	T	8.584794E-6	0.0	0.17888297	0.95778686	2.1920648	0.0063004894	0.14786644	5024.0	1.0
SPIKE	S73:T>G	0	1321	0.0	-1.0	0.0	TRUE	T	2.148729E-4	9.0	0.10285938	0.33975807	12.992894	0.02435107	0.16662411	5024.0	1.0
SPIKE	S73:T>C	0	1321	0.0	-1.0	0.0	TRUE	T	4.5974087E-4	89.0	0.036089245	0.09928725	37.575726	0.00707928	0.12819873	5024.0	0.0
SPIKE	S74:G>A	0	1321	0.0	-1.0	0.0	TRUE	G	5.6282657E-5	10.0	0.05204932	0.7536976	17.392698	0.007843171	0.11958854	5024.0	0.0
SPIKE	S74:G>C	0	1321	0.0	-1.0	0.0	TRUE	G	5.1976003E-5	0.0	0.13195789	0.7701828	4.3940773	0.018001026	0.17774586	5024.0	1.0
SPIKE	S74:G>T	0	1321	0.0	-1.0	0.0	TRUE	G	7.410531E-5	0.0	0.15947619	0.68914396	3.8902838	0.029937863	0.15222909	5024.0	1.0
SPIKE	S75:G>A	0	1321	0.0	-1.0	0.0	TRUE	G	7.879572E-5	14.0	0.05204932	0.6730944	17.392698	0.007843171	0.11958854	5024.0	0.0
SPIKE	S75:G>C	0	1321	0.0	-1.0	0.0	TRUE	G	5.1976003E-5	0.0	0.13195789	0.7701828	4.3940773	0.018001026	0.17774586	5024.0	1.0
SPIKE	S75:G>T	0	1321	0.0	-1.0	0.0	TRUE	G	7.410531E-5	5.0	0.15947619	0.68914396	3.8902838	0.029937863	0.15222909	5024.0	1.0
SPIKE	S76:T>A	0	1321	0.0	-1.0	0.0	TRUE	T	8.584794E-6	0.0	0.17888297	0.95778686	2.1920648	0.0063004894	0.14786644	5024.0	1.0
SPIKE	S76:T>G	0	1321	0.0	-1.0	0.0	TRUE	T	2.148729E-4	3.0	0.10285938	0.33975807	12.992894	0.02435107	0.16662411	5024.0	1.0
SPIKE	S76:T>C	0	1321	0.0	-1.0	0.0	TRUE	T	1.4463758E-4	28.0	0.036089245	0.48352164	37.575726	0.00707928	0.12819873	5024.0	0.0
SPIKE	S77:T>A	0	1321	0.0	-1.0	0.0	TRUE	T	8.584794E-6	0.0	0.17888297	0.95778686	2.1920648	0.0063004894	0.14786644	5024.0	1.0
SPIKE	S77:T>G	0	1321	0.0	-1.0	0.0	TRUE	T	2.148729E-4	0.0	0.10285938	0.33975807	12.992894	0.02435107	0.16662411	5024.0	1.0
SPIKE	S77:T>C	0	1321	0.0	-1.0	0.0	TRUE	T	1.9410222E-4	5.0	0.036089245	0.37712842	37.575726	0.00707928	0.12819873	5024.0	1.0
SPIKE	S78:T>A	0	1321	0.0	-1.0	0.0	TRUE	T	8.584794E-6	0.0	0.17888297	0.95778686	2.1920648	0.0063004894	0.14786644	5024.0	1.0
SPIKE	S78:T>G	0	1321	0.0	-1.0	0.0	TRUE	T	2.148729E-4	9.0	0.10285938	0.33975807	12.992894	0.02435107	0.16662411	5024.0	1.0
SPIKE	S78:T>C	0	1321	0.0	-1.0	0.0	TRUE	T	1.9410222E-4	0.0	0.036089245	0.37712842	37.575726	0.00707928	0.12819873	5024.0	1.0
SPIKE	S79:G>A	0	1321	0.0	-1.0	0.0	TRUE	G	9.7890734E-5	8.0	0.05204932	0.6115228	17.392698	0.007843171	0.11958854	5024.0	1.0
SPIKE	S79:G>C	0	1321	0.0	-1.0	0.0	TRUE	G	1.3011515E-4	11.0	0.13195789	0.52011853	4.3940773	0.018001026	0.17774586	5024.0	0.0
SPIKE	S79:G>T	0	1321	0.0	-1.0	0.0	TRUE	G	7.410531E-5	0.0	0.15947619	0.68914396	3.8902838	0.029937863	0.15222909	5024.0	1.0
SPIKE	S80:C>T	1	1321	7.570023E-4	-1.0	40.0	TRUE	C	2.2809504E-4	33.0	0.045675557	0.3179219	17.392698	0.0095677255	0.11512255	5024.0	0.0
SPIKE	S80:C>A	0	1321	0.0	-1.0	0.0	TRUE	C	2.8387885E-5	0.0	0.08485268	0.86708283	3.8902838	0.010533278	0.14761311	5024.0	1.0
SPIKE	S80:C>G	0	1321	0.0	-1.0	0.0	TRUE	C	5.5756904E-5	9.0	0.099046946	0.755691	4.3940773	0.018605083	0.33076394	5024.0	1.0
SPIKE	S81:G>A	0	1321	0.0	-1.0	0.0	TRUE	G	5.6282657E-5	10.0	0.05204932	0.7536976	17.392698	0.007843171	0.11958854	5024.0	0.0
SPIKE	S81:G>C	0	1321	0.0	-1.0	0.0	TRUE	G	5.1976003E-5	0.0	0.13195789	0.7701828	4.3940773	0.018001026	0.17774586	5024.0	1.0
SPIKE	S81:G>T	0	1321	0.0	-1.0	0.0	TRUE	G	7.410531E-5	0.0	0.15947619	0.68914396	3.8902838	0.029937863	0.15222909	5024.0	1.0
SPIKE	S82:G>A	0	1321	0.0	-1.0	0.0	TRUE	G	9.5680516E-5	17.0	0.05204932	0.61835104	17.392698	0.007843171	0.11958854	5024.0	0.0
SPIKE	S82:G>C	0	1321	0.0	-1.0	0.0	TRUE	G	5.1976003E-5	8.0	0.13195789	0.7701828	4.3940773	0.018001026	0.17774586	5024.0	1.0
SPIKE	S82:G>T	0	1321	0.0	-1.0	0.0	TRUE	G	7.410531E-5	0.0	0.15947619	0.68914396	3.8902838	0.029937863	0.15222909	5024.0	1.0
SPIKE	S83:C>A	0	1321	0.0	-1.0	0.0	TRUE	C	2.8387885E-5	0.0	0.08485268	0.86708283	3.8902838	0.010533278	0.14761311	5024.0	1.0
SPIKE	S83:C>G	0	1321	0.0	-1.0	0.0	TRUE	C	5.5756904E-5	7.0	0.099046946	0.755691	4.3940773	0.018605083	0.33076394	5024.0	1.0
SPIKE	S83:C>T	0	1321	0.0	-1.0	0.0	TRUE	C	1.2441548E-4	18.0	0.045675557	0.5352275	17.392698	0.0095677255	0.11512255	5024.0	0.0
SPIKE	S84:G>A	0	1321	0.0	-1.0	0.0	TRUE	G	1.12565314E-4	20.0	0.05204932	0.56806004	17.392698	0.007843171	0.11958854	5024.0	0.0
SPIKE	S84:G>C	0	1321	0.0	-1.0	0.0	TRUE	G	5.1976003E-5	0.0	0.13195789	0.7701828	4.3940773	0.018001026	0.17774586	5024.0	1.0
SPIKE	S84:G>T	0	1321	0.0	-1.0	0.0	TRUE	G	7.410531E-5	0.0	0.15947619	0.68914396	3.8902838	0.029937863	0.15222909	5024.0	1.0
SPIKE	S85:A>G	0	1321	0.0	-1.0	0.0	TRUE	A	1.2459059E-4	3.0	0.02070563	0.53475684	37.575726	0.0044726757	0.10315949	5024.0	1.0
SPIKE	S85:A>C	0	1321	0.0	-1.0	0.0	TRUE	A	1.976336E-5	6.0	0.026770992	0.9054791	12.992894	0.002064632	0.08283686	5024.0	1.0
SPIKE	S85:A>T	0	1321	0.0	-1.0	0.0	TRUE	A	3.1888605E-5	6.0	0.22182716	0.85196626	2.1920648	0.024694992	0.16544731	5024.0	1.0
SPIKE	S86:T>A	0	1321	0.0	-1.0	0.0	TRUE	T	8.584794E-6	0.0	0.17888297	0.95778686	2.1920648	0.0063004894	0.14786644	5024.0	1.0
SPIKE	S86:T>G	0	1321	0.0	-1.0	0.0	TRUE	T	2.148729E-4	4.0	0.10285938	0.33975807	12.992894	0.02435107	0.16662411	5024.0	1.0
SPIKE	S86:T>C	0	1321	0.0	-1.0	0.0	TRUE	T	1.9410222E-4	9.0	0.036089245	0.37712842	37.575726	0.00707928	0.12819873	5024.0	1.0
SPIKE	S87:T>A	0	1321	0.0	-1.0	0.0	TRUE	T	8.584794E-6	0.0	0.17888297	0.95778686	2.1920648	0.0063004894	0.14786644	5024.0	1.0
SPIKE	S87:T>G	0	1321	0.0	-1.0	0.0	TRUE	T	2.148729E-4	0.0	0.10285938	0.33975807	12.992894	0.02435107	0.16662411	5024.0	1.0
SPIKE	S87:T>C	0	1321	0.0	-1.0	0.0	TRUE	T	1.9410222E-4	2.0	0.036089245	0.37712842	37.575726	0.00707928	0.12819873	5024.0	1.0
SPIKE	S88:T>A	0	1321	0.0	-1.0	0.0	TRUE	T	8.584794E-6	7.0	0.17888297	0.95778686	2.1920648	0.0063004894	0.14786644	5024.0	1.0
SPIKE	S88:T>G	0	1321	0.0	-1.0	0.0	TRUE	T	2.148729E-4	0.0	0.10285938	0.33975807	12.992894	0.02435107	0.16662411	5024.0	1.0
SPIKE	S88:T>C	0	1321	0.0	-1.0	0.0	TRUE	T	1.9410222E-4	4.0	0.036089245	0.37712842	37.575726	0.00707928	0.12819873	5024.0	1.0
SPIKE	S89:A>G	0	1321	0.0	-1.0	0.0	TRUE	A	1.2459059E-4	4.0	0.02070563	0.53475684	37.575726	0.0044726757	0.10315949	5024.0	1.0
SPIKE	S89:A>C	0	1321	0.0	-1.0	0.0	TRUE	A	1.976336E-5	0.0	0.026770992	0.9054791	12.992894	0.002064632	0.08283686	5024.0	1.0
SPIKE	S89:A>T	0	1321	0.0	-1.0	0.0	TRUE	A	3.1888605E-5	8.0	0.22182716	0.85196626	2.1920648	0.024694992	0.16544731	5024.0	1.0
SPIKE	S90:T>A	0	1321	0.0	-1.0	0.0	TRUE	T	8.584794E-6	0.0	0.17888297	0.95778686	2.1920648	0.0063004894	0.14786644	5024.0	1.0
SPIKE	S90:T>G	0	1321	0.0	-1.0	0.0	TRUE	T	2.148729E-4	0.0	0.10285938	0.33975807	12.992894	0.02435107	0.16662411	5024.0	1.0
SPIKE	S90:T>C	0	1321	0.0	-1.0	0.0	TRUE	T	8.781567E-5	17.0	0.036089245	0.6432731	37.575726	0.00707928	0.12819873	5024.0	0.0
SPIKE	S91:C>A	0	1321	0.0	-1.0	0.0	TRUE	C	2.8387885E-5	0.0	0.08485268	0.86708283	3.8902838	0.010533278	0.14761311	5024.0	1.0
SPIKE	S91:C>G	0	1321	0.0	-1.0	0.0	TRUE	C	1.2689104E-4	10.0	0.099046946	0.52861196	4.3940773	0.018605083	0.33076394	5024.0	0.0
SPIKE	S91:C>T	0	1321	0.0	-1.0	0.0	TRUE	C	1.2021783E-4	9.0	0.045675557	0.5466348	17.392698	0.0095677255	0.11512255	5024.0	1.0
SPIKE	S92:G>A	0	1321	0.0	-1.0	0.0	TRUE	G	1.3507837E-4	24.0	0.05204932	0.5073096	17.392698	0.007843171	0.11958854	5024.0	0.0
SPIKE	S92:G>C	0	1321	0.0	-1.0	0.0	TRUE	G	5.1976003E-5	0.0	0.13195789	0.7701828	4.3940773	0.018001026	0.17774586	5024.0	1.0
SPIKE	S92:G>T	0	1321	0.0	-1.0	0.0	TRUE	G	1.9048816E-4	10.0	0.15947619	0.38403845	3.8902838	0.029937863	0.15222909	5024.0	0.0
SPIKE	S93:T>A	0	1321	0.0	-1.0	0.0	TRUE	T	8.584794E-6	2.0	0.17888297	0.95778686	2.1920648	0.0063004894	0.14786644	5024.0	1.0
SPIKE	S93:T>G	0	1321	0.0	-1.0	0.0	TRUE	T	2.148729E-4	0.0	0.10285938	0.33975807	12.992894	0.02435107	0.16662411	5024.0	1.0
SPIKE	S93:T>C	0	1321	0.0	-1.0	0.0	TRUE	T	2.9444078E-4	57.0	0.036089245	0.22780381	37.575726	0.00707928	0.12819873	5024.0	0.0
SPIKE	S94:C>A	0	1321	0.0	-1.0	0.0	TRUE	C	2.8387885E-5	1.0	0.08485268	0.86708283	3.8902838	0.010533278	0.14761311	5024.0	1.0
SPIKE	S94:C>G	0	1321	0.0	-1.0	0.0	TRUE	C	5.5756904E-5	8.0	0.099046946	0.755691	4.3940773	0.018605083	0.33076394	5024.0	1.0
SPIKE	S94:C>T	0	1321	0.0	-1.0	0.0	TRUE	C	7.603168E-5	11.0	0.045675557	0.68250656	17.392698	0.0095677255	0.11512255	5024.0	0.0
SPIKE	S95:G>A	0	1321	0.0	-1.0	0.0	TRUE	G	1.12565314E-4	20.0	0.05204932	0.56806004	17.392698	0.007843171	0.11958854	5024.0	0.0
SPIKE	S95:G>C	0	1321	0.0	-1.0	0.0	TRUE	G	5.1976003E-5	0.0	0.13195789	0.7701828	4.3940773	0.018001026	0.17774586	5024.0	1.0
SPIKE	S95:G>T	0	1321	0.0	-1.0	0.0	TRUE	G	7.410531E-5	8.0	0.15947619	0.68914396	3.8902838	0.029937863	0.15222909	5024.0	1.0
SPIKE	S96:T>A	0	1321	0.0	-1.0	0.0	TRUE	T	8.584794E-6	3.0	0.17888297	0.95778686	2.1920648	0.0063004894	0.14786644	5024.0	1.0
SPIKE	S96:T>G	0	1321	0.0	-1.0	0.0	TRUE	T	2.148729E-4	2.0	0.10285938	0.33975807	12.992894	0.02435107	0.16662411	5024.0	1.0
SPIKE	S96:T>C	0	1321	0.0	-1.0	0.0	TRUE	T	2.9444078E-4	57.0	0.036089245	0.22780381	37.575726	0.00707928	0.12819873	5024.0	0.0
SPIKE	S97:C>A	0	1321	0.0	-1.0	0.0	TRUE	C	2.8387885E-5	8.0	0.08485268	0.86708283	3.8902838	0.010533278	0.14761311	5024.0	1.0
SPIKE	S97:C>G	0	1321	0.0	-1.0	0.0	TRUE	C	5.5756904E-5	0.0	0.099046946	0.755691	4.3940773	0.018605083	0.33076394	5024.0	1.0
SPIKE	S97:C>T	0	1321	0.0	-1.0	0.0	TRUE	C	1.2021783E-4	8.0	0.045675557	0.5466348	17.392698	0.0095677255	0.11512255	5024.0	1.0
SPIKE	S98:A>G	0	1321	0.0	-1.0	0.0	TRUE	A	5.9682963E-5	18.0	0.02070563	0.74093145	37.575726	0.0044726757	0.10315949	5024.0	0.0
SPIKE	S98:A>C	0	1321	0.0	-1.0	0.0	TRUE	A	1.976336E-5	0.0	0.026770992	0.9054791	12.992894	0.002064632	0.08283686	5024.0	1.0
SPIKE	S98:A>T	0	1321	0.0	-1.0	0.0	TRUE	A	1.454729E-4	10.0	0.22182716	0.4814967	2.1920648	0.024694992	0.16544731	5024.0	0.0
SPIKE	S99:T>A	0	1321	0.0	-1.0	0.0	TRUE	T	8.584794E-6	0.0	0.17888297	0.95778686	2.1920648	0.0063004894	0.14786644	5024.0	1.0
SPIKE	S99:T>G	0	1321	0.0	-1.0	0.0	TRUE	T	2.148729E-4	0.0	0.10285938	0.33975807	12.992894	0.02435107	0.16662411	5024.0	1.0
SPIKE	S99:T>C	0	1321	0.0	-1.0	0.0	TRUE	T	9.814693E-5	19.0	0.036089245	0.6107362	37.575726	0.00707928	0.12819873	5024.0	0.0
SPIKE	S100:C>A	0	1321	0.0	-1.0	0.0	TRUE	C	2.8387885E-5	1.0	0.08485268	0.86708283	3.8902838	0.010533278	0.14761311	5024.0	1.0
SPIKE	S100:C>G	0	1321	0.0	-1.0	0.0	TRUE	C	1.6495836E-4	13.0	0.099046946	0.43659434	4.3940773	0.018605083	0.33076394	5024.0	0.0
SPIKE	S100:C>T	0	1321	0.0	-1.0	0.0	TRUE	C	1.5897534E-4	23.0	0.045675557	0.44991702	17.392698	0.0095677255	0.11512255	5024.0	0.0
SPIKE	S101:G>A	0	1321	0.0	-1.0	0.0	TRUE	G	7.879572E-5	14.0	0.05204932	0.6730944	17.392698	0.007843171	0.11958854	5024.0	0.0
SPIKE	S101:G>C	0	1321	0.0	-1.0	0.0	TRUE	G	5.1976003E-5	0.0	0.13195789	0.7701828	4.3940773	0.018001026	0.17774586	5024.0	1.0
SPIKE	S101:G>T	0	1321	0.0	-1.0	0.0	TRUE	G	7.410531E-5	8.0	0.15947619	0.68914396	3.8902838	0.029937863	0.15222909	5024.0	1.0
SPIKE	S102:T>A	0	1321	0.0	-1.0	0.0	TRUE	T	8.584794E-6	0.0	0.17888297	0.95778686	2.1920648	0.0063004894	0.14786644	5024.0	1.0
SPIKE	S102:T>G	0	1321	0.0	-1.0	0.0	TRUE	T	1.6537723E-4	10.0	0.10285938	0.43567652	12.992894	0.02435107	0.16662411	5024.0	0.0
SPIKE	S102:T>C	0	1321	0.0	-1.0	0.0	TRUE	T	1.1364381E-4	22.0	0.036089245	0.5649904	37.575726	0.00707928	0.12819873	5024.0	0.0
SPIKE	S103:G>A	0	1321	0.0	-1.0	0.0	TRUE	G	9.7890734E-5	5.0	0.05204932	0.6115228	17.392698	0.007843171	0.11958854	5024.0	1.0
SPIKE	S103:G>C	0	1321	0.0	-1.0	0.0	TRUE	G	5.1976003E-5	1.0	0.13195789	0.7701828	4.3940773	0.018001026	0.17774586	5024.0	1.0
SPIKE	S103:G>T	0	1321	0.0	-1.0	0.0	TRUE	G	7.410531E-5	0.0	0.15947619	0.68914396	3.8902838	0.029937863	0.15222909	5024.0	1.0
SPIKE	S104:G>A	1	1321	7.570023E-4	-1.0	40.0	TRUE	G	1.0693705E-4	19.0	0.05204932	0.584352	17.392698	0.007843171	0.11958854	5024.0	0.0
SPIKE	S104:G>C	0	1321	0.0	-1.0	0.0	TRUE	G	5.1976003E-5	6.0	0.13195789	0.7701828	4.3940773	0.018001026	0.17774586	5024.0	1.0
SPIKE	S104:G>T	0	1321	0.0	-1.0	0.0	TRUE	G	7.410531E-5	0.0	0.15947619	0.68914396	3.8902838	0.029937863	0.15222909	5024.0	1.0
SPIKE	S105:C>A	0	1321	0.0	-1.0	0.0	TRUE	C	2.8387885E-5	7.0	0.08485268	0.86708283	3.8902838	0.010533278	0.14761311	5024.0	1.0
SPIKE	S105:C>G	0	1321	0.0	-1.0	0.0	TRUE	C	5.5756904E-5	6.0	0.099046946	0.755691	4.3940773	0.018605083	0.33076394	5024.0	1.0
SPIKE	S105:C>T	0	1321	0.0	-1.0	0.0	TRUE	C	2.7647885E-4	40.0	0.045675557	0.2493171	17.392698	0.0095677255	0.11512255	5024.0	0.0
SPIKE	S106:G>A	0	1321	0.0	-1.0	0.0	TRUE	G	1.6884797E-4	30.0	0.05204932	0.4281455	17.392698	0.007843171	0.11958854	5024.0	0.0
SPIKE	S106:G>C	0	1321	0.0	-1.0	0.0	TRUE	G	5.1976003E-5	0.0	0.13195789	0.7701828	4.3940773	0.018001026	0.17774586	5024.0	1.0
SPIKE	S106:G>T	0	1321	0.0	-1.0	0.0	TRUE	G	7.410531E-5	1.0	0.15947619	0.68914396	3.8902838	0.029937863	0.15222909	5024.0	1.0
SPIKE	S107:G>A	0	1321	0.0	-1.0	0.0	TRUE	G	1.463349E-4	26.0	0.05204932	0.47941598	17.392698	0.007843171	0.11958854	5024.0	0.0
SPIKE	S107:G>C	0	1321	0.0	-1.0	0.0	TRUE	G	1.8925841E-4	16.0	0.13195789	0.38641852	4.3940773	0.018001026	0.17774586	5024.0	0.0
SPIKE	S107:G>T	0	1321	0.0	-1.0	0.0	TRUE	G	7.410531E-5	0.0	0.15947619	0.68914396	3.8902838	0.029937863	0.15222909	5024.0	1.0
SPIKE	S108:C>A	0	1321	0.0	-1.0	0.0	TRUE	C	2.8387885E-5	7.0	0.08485268	0.86708283	3.8902838	0.010533278	0.14761311	5024.0	1.0
SPIKE	S108:C>G	0	1321	0.0	-1.0	0.0	TRUE	C	5.5756904E-5	0.0	0.099046946	0.755691	4.3940773	0.018605083	0.33076394	5024.0	1.0
SPIKE	S108:C>T	0	1321	0.0	-1.0	0.0	TRUE	C	1.1750351E-4	17.0	0.045675557	0.55414015	17.392698	0.0095677255	0.11512255	5024.0	0.0
SPIKE	S109:A>G	0	1321	0.0	-1.0	0.0	TRUE	A	4.6420082E-5	14.0	0.02070563	0.79198366	37.575726	0.0044726757	0.10315949	5024.0	0.0
SPIKE	S109:A>C	0	1321	0.0	-1.0	0.0	TRUE	A	1.976336E-5	0.0	0.026770992	0.9054791	12.992894	0.002064632	0.08283686	5024.0	1.0
SPIKE	S109:A>T	0	1321	0.0	-1.0	0.0	TRUE	A	3.1888605E-5	0.0	0.22182716	0.85196626	2.1920648	0.024694992	0.16544731	5024.0	1.0
SPIKE	S110:G>A	0	1321	0.0	-1.0	0.0	TRUE	G	6.7539186E-5	12.0	0.05204932	0.7122567	17.392698	0.007843171	0.11958854	5024.0	0.0
SPIKE	S110:G>C	0	1321	0.0	-1.0	0.0	TRUE	G	5.1976003E-5	7.0	0.13195789	0.7701828	4.3940773	0.018001026	0.17774586	5024.0	1.0
SPIKE	S110:G>T	0	1321	0.0	-1.0	0.0	TRUE	G	7.410531E-5	2.0	0.15947619	0.68914396	3.8902838	0.029937863	0.15222909	5024.0	1.0
SPIKE	S111:C>A	0	1321	0.0	-1.0	0.0	TRUE	C	2.8387885E-5	2.0	0.08485268	0.86708283	3.8902838	0.010533278	0.14761311	5024.0	1.0
SPIKE	S111:C>G	0	1321	0.0	-1.0	0.0	TRUE	C	5.5756904E-5	8.0	0.099046946	0.755691	4.3940773	0.018605083	0.33076394	5024.0	1.0
SPIKE	S111:C>T	0	1321	0.0	-1.0	0.0	TRUE	C	1.451514E-4	21.0	0.045675557	0.4822751	17.392698	0.0095677255	0.11512255	5024.0	0.0
SPIKE	S112:G>A	0	1321	0.0	-1.0	0.0	TRUE	G	5.6282657E-5	10.0	0.05204932	0.7536976	17.392698	0.007843171	0.11958854	5024.0	0.0
SPIKE	S112:G>C	0	1321	0.0	-1.0	0.0	TRUE	G	5.1976003E-5	0.0	0.13195789	0.7701828	4.3940773	0.018001026	0.17774586	5024.0	1.0
SPIKE	S112:G>T	0	1321	0.0	-1.0	0.0	TRUE	G	7.410531E-5	4.0	0.15947619	0.68914396	3.8902838	0.029937863	0.15222909	5024.0	1.0
SPIKE	S113:T>C	1	1321	7.570023E-4	-1.0	40.0	TRUE	T	1.7563134E-4	34.0	0.036089245	0.41380027	37.575726	0.00707928	0.12819873	5024.0	0.0
SPIKE	S113:T>A	0	1321	0.0	-1.0	0.0	TRUE	T	8.584794E-6	1.0	0.17888297	0.95778686	2.1920648	0.0063004894	0.14786644	5024.0	1.0
SPIKE	S113:T>G	0	1321	0.0	-1.0	0.0	TRUE	T	2.148729E-4	7.0	0.10285938	0.33975807	12.992894	0.02435107	0.16662411	5024.0	1.0
SPIKE	S114:G>A	0	1321	0.0	-1.0	0.0	TRUE	G	9.005225E-5	16.0	0.05204932	0.63608533	17.392698	0.007843171	0.11958854	5024.0	0.0
SPIKE	S114:G>C	0	1321	0.0	-1.0	0.0	TRUE	G	5.1976003E-5	3.0	0.13195789	0.7701828	4.3940773	0.018001026	0.17774586	5024.0	1.0
SPIKE	S114:G>T	0	1321	0.0	-1.0	0.0	TRUE	G	7.410531E-5	0.0	0.15947619	0.68914396	3.8902838	0.029937863	0.15222909	5024.0	1.0
SPIKE	S115:A>G	0	1321	0.0	-1.0	0.0	TRUE	A	1.2931309E-4	39.0	0.02070563	0.52221864	37.575726	0.0044726757	0.10315949	5024.0	0.0
SPIKE	S115:A>C	0	1321	0.0	-1.0	0.0	TRUE	A	1.976336E-5	9.0	0.026770992	0.9054791	12.992894	0.002064632	0.08283686	5024.0	1.0
SPIKE	S115:A>T	0	1321	0.0	-1.0	0.0	TRUE	A	3.1888605E-5	2.0	0.22182716	0.85196626	2.1920648	0.024694992	0.16544731	5024.0	1.0
SPIKE	S116:C>T	1	1321	7.570023E-4	-1.0	40.0	TRUE	C	7.603168E-5	11.0	0.045675557	0.68250656	17.392698	0.0095677255	0.11512255	5024.0	0.0
SPIKE	S116:C>A	0	1321	0.0	-1.0	0.0	TRUE	C	2.8387885E-5	4.0	0.08485268	0.86708283	3.8902838	0.010533278	0.14761311	5024.0	1.0
SPIKE	S116:C>G	0	1321	0.0	-1.0	0.0	TRUE	C	5.5756904E-5	0.0	0.099046946	0.755691	4.3940773	0.018605083	0.33076394	5024.0	1.0
SPIKE	S117:C>A	0	1321	0.0	-1.0	0.0	TRUE	C	2.8387885E-5	8.0	0.08485268	0.86708283	3.8902838	0.010533278	0.14761311	5024.0	1.0
SPIKE	S117:C>G	0	1321	0.0	-1.0	0.0	TRUE	C	5.5756904E-5	1.0	0.099046946	0.755691	4.3940773	0.018605083	0.33076394	5024.0	1.0
SPIKE	S117:C>T	0	1321	0.0	-1.0	0.0	TRUE	C	1.7279928E-4	25.0	0.045675557	0.41973	17.392698	0.0095677255	0.11512255	5024.0	0.0
SPIKE	S118:T>A	0	1321	0.0	-1.0	0.0	TRUE	T	8.584794E-6	8.0	0.17888297	0.95778686	2.1920648	0.0063004894	0.14786644	5024.0	1.0
SPIKE	S118:T>G	0	1321	0.0	-1.0	0.0	TRUE	T	2.148729E-4	4.0	0.10285938	0.33975807	12.992894	0.02435107	0.16662411	5024.0	1.0
SPIKE	S118:T>C	0	1321	0.0	-1.0	0.0	TRUE	T	1.0847818E-4	21.0	0.036089245	0.579845	37.575726	0.00707928	0.12819873	5024.0	0.0
SPIKE	S119:A>G	0	1321	0.0	-1.0	0.0	TRUE	A	8.2893006E-5	25.0	0.02070563	0.65938056	37.575726	0.0044726757	0.10315949	5024.0	0.0
SPIKE	S119:A>C	0	1321	0.0	-1.0	0.0	TRUE	A	1.976336E-5	8.0	0.026770992	0.9054791	12.992894	0.002064632	0.08283686	5024.0	1.0
SPIKE	S119:A>T	0	1321	0.0	-1.0	0.0	TRUE	A	1.6002021E-4	11.0	0.22182716	0.4475614	2.1920648	0.024694992	0.16544731	5024.0	0.0
SPIKE	S120:T>A	0	1321	0.0	-1.0	0.0	TRUE	T	8.584794E-6	1.0	0.17888297	0.95778686	2.1920648	0.0063004894	0.14786644	5024.0	1.0
SPIKE	S120:T>G	0	1321	0.0	-1.0	0.0	TRUE	T	2.149904E-4	13.0	0.10285938	0.33955756	12.992894	0.02435107	0.16662411	5024.0	0.0
SPIKE	S120:T>C	0	1321	0.0	-1.0	0.0	TRUE	T	7.231879E-5	14.0	0.036089245	0.6953572	37.575726	0.00707928	0.12819873	5024.0	0.0
SPIKE	S121:G>A	0	1321	0.0	-1.0	0.0	TRUE	G	5.6282657E-5	10.0	0.05204932	0.7536976	17.392698	0.007843171	0.11958854	5024.0	0.0
SPIKE	S121:G>C	0	1321	0.0	-1.0	0.0	TRUE	G	5.1976003E-5	0.0	0.13195789	0.7701828	4.3940773	0.018001026	0.17774586	5024.0	1.0
SPIKE	S121:G>T	0	1321	0.0	-1.0	0.0	TRUE	G	2.285858E-4	12.0	0.15947619	0.317139	3.8902838	0.029937863	0.15222909	5024.0	0.0
SPIKE	S122:T>A	0	1321	0.0	-1.0	0.0	TRUE	T	8.584794E-6	1.0	0.17888297	0.95778686	2.1920648	0.0063004894	0.14786644	5024.0	1.0
SPIKE	S122:T>G	0	1321	0.0	-1.0	0.0	TRUE	T	2.149904E-4	13.0	0.10285938	0.33955756	12.992894	0.02435107	0.16662411	5024.0	0.0
SPIKE	S122:T>C	0	1321	0.0	-1.0	0.0	TRUE	T	3.4609705E-4	67.0	0.036089245	0.17573263	37.575726	0.00707928	0.12819873	5024.0	0.0
SPIKE	S123:G>A	0	1321	0.0	-1.0	0.0	TRUE	G	9.7890734E-5	5.0	0.05204932	0.6115228	17.392698	0.007843171	0.11958854	5024.0	1.0
SPIKE	S123:G>C	0	1321	0.0	-1.0	0.0	TRUE	G	5.1976003E-5	2.0	0.13195789	0.7701828	4.3940773	0.018001026	0.17774586	5024.0	1.0
SPIKE	S123:G>T	0	1321	0.0	-1.0	0.0	TRUE	G	7.410531E-5	7.0	0.15947619	0.68914396	3.8902838	0.029937863	0.15222909	5024.0	1.0
SPIKE	S124:T>A	0	1321	0.0	-1.0	0.0	TRUE	T	8.584794E-6	0.0	0.17888297	0.95778686	2.1920648	0.0063004894	0.14786644	5024.0	1.0
SPIKE	S124:T>G	0	1321	0.0	-1.0	0.0	TRUE	T	2.3152813E-4	14.0	0.10285938	0.31248546	12.992894	0.02435107	0.16662411	5024.0	0.0
SPIKE	S124:T>C	0	1321	0.0	-1.0	0.0	TRUE	T	1.9629385E-4	38.0	0.036089245	0.3729987	37.575726	0.00707928	0.12819873	5024.0	0.0
SPIKE	S125:G>A	0	1321	0.0	-1.0	0.0	TRUE	G	7.316745E-5	13.0	0.05204932	0.6923987	17.392698	0.007843171	0.11958854	5024.0	0.0
SPIKE	S125:G>C	0	1321	0.0	-1.0	0.0	TRUE	G	5.1976003E-5	7.0	0.13195789	0.7701828	4.3940773	0.018001026	0.17774586	5024.0	1.0
SPIKE	S125:G>T	0	1321	0.0	-1.0	0.0	TRUE	G	7.410531E-5	1.0	0.15947619	0.68914396	3.8902838	0.029937863	0.15222909	5024.0	1.0
SPIKE	S126:C>T	1	1321	7.570023E-4	-1.0	40.0	TRUE	C	1.6588731E-4	24.0	0.045675557	0.4345615	17.392698	0.0095677255	0.11512255	5024.0	0.0
SPIKE	S126:C>A	0	1321	0.0	-1.0	0.0	TRUE	C	1.240511E-4	17.0	0.08485268	0.5362082	3.8902838	0.010533278	0.14761311	5024.0	0.0
SPIKE	S126:C>G	0	1321	0.0	-1.0	0.0	TRUE	C	1.2689104E-4	10.0	0.099046946	0.52861196	4.3940773	0.018605083	0.33076394	5024.0	0.0
SPIKE	S127:G>A	0	1321	0.0	-1.0	0.0	TRUE	G	5.6282657E-5	10.0	0.05204932	0.7536976	17.392698	0.007843171	0.11958854	5024.0	0.0
SPIKE	S127:G>C	0	1321	0.0	-1.0	0.0	TRUE	G	5.1976003E-5	3.0	0.13195789	0.7701828	4.3940773	0.018001026	0.17774586	5024.0	1.0
SPIKE	S127:G>T	0	1321	0.0	-1.0	0.0	TRUE	G	7.410531E-5	1.0	0.15947619	0.68914396	3.8902838	0.029937863	0.15222909	5024.0	1.0
SPIKE	S128:G>A	0	1321	0.0	-1.0	0.0	TRUE	G	8.4423984E-5	15.0	0.05204932	0.6543283	17.392698	0.007843171	0.11958854	5024.0	0.0
SPIKE	S128:G>C	0	1321	0.0	-1.0	0.0	TRUE	G	5.1976003E-5	5.0	0.13195789	0.7701828	4.3940773	0.018001026	0.17774586	5024.0	1.0
SPIKE	S128:G>T	0	1321	0.0	-1.0	0.0	TRUE	G	7.410531E-5	0.0	0.15947619	0.68914396	3.8902838	0.029937863	0.15222909	5024.0	1.0
SPIKE	S129:C>A	0	1321	0.0	-1.0	0.0	TRUE	C	1.5323961E-4	21.0	0.08485268	0.46307057	3.8902838	0.010533278	0.14761311	5024.0	0.0
SPIKE	S129:C>G	0	1321	0.0	-1.0	0.0	TRUE	C	5.5756904E-5	9.0	0.099046946	0.755691	4.3940773	0.018605083	0.33076394	5024.0	1.0
SPIKE	S129:C>T	0	1321	0.0	-1.0	0.0	TRUE	C	1.3132746E-4	19.0	0.045675557	0.5169603	17.392698	0.0095677255	0.11512255	5024.0	0.0
SPIKE	S130:G>A	0	1321	0.0	-1.0	0.0	TRUE	G	1.2945011E-4	23.0	0.05204932	0.5218592	17.392698	0.007843171	0.11958854	5024.0	0.0
SPIKE	S130:G>C	0	1321	0.0	-1.0	0.0	TRUE	G	5.1976003E-5	3.0	0.13195789	0.7701828	4.3940773	0.018001026	0.17774586	5024.0	1.0
SPIKE	S130:G>T	0	1321	0.0	-1.0	0.0	TRUE	G	7.410531E-5	1.0	0.15947619	0.68914396	3.8902838	0.029937863	0.15222909	5024.0	1.0
SPIKE	S131:G>A	0	1321	0.0	-1.0	0.0	TRUE	G	2.138741E-4	38.0	0.05204932	0.34146726	17.392698	0.007843171	0.11958854	5024.0	0.0
SPIKE	S131:G>C	0	1321	0.0	-1.0	0.0	TRUE	G	5.1976003E-5	5.0	0.13195789	0.7701828	4.3940773	0.018001026	0.17774586	5024.0	1.0
SPIKE	S131:G>T	0	1321	0.0	-1.0	0.0	TRUE	G	7.410531E-5	0.0	0.15947619	0.68914396	3.8902838	0.029937863	0.15222909	5024.0	1.0
SPIKE	S132:C>A	0	1321	0.0	-1.0	0.0	TRUE	C	1.5323961E-4	21.0	0.08485268	0.46307057	3.8902838	0.010533278	0.14761311	5024.0	0.0
SPIKE	S132:C>G	0	1321	0.0	-1.0	0.0	TRUE	C	5.5756904E-5	3.0	0.099046946	0.755691	4.3940773	0.018605083	0.33076394	5024.0	1.0
SPIKE	S132:C>T	0	1321	0.0	-1.0	0.0	TRUE	C	1.1750351E-4	17.0	0.045675557	0.55414015	17.392698	0.0095677255	0.11512255	5024.0	0.0
SPIKE	S133:A>G	0	1321	0.0	-1.0	0.0	TRUE	A	3.9788643E-5	12.0	0.02070563	0.81881416	37.575726	0.0044726757	0.10315949	5024.0	0.0
SPIKE	S133:A>C	0	1321	0.0	-1.0	0.0	TRUE	A	3.6810376E-4	242.0	0.026770992	0.15733889	12.992894	0.002064632	0.08283686	5024.0	0.0
SPIKE	S133:A>T	0	1321	0.0	-1.0	0.0	TRUE	A	3.1888605E-5	0.0	0.22182716	0.85196626	2.1920648	0.024694992	0.16544731	5024.0	1.0
SPIKE	S134:G>A	1	1321	7.570023E-4	-1.0	40.0	TRUE	G	1.0130878E-4	18.0	0.05204932	0.60111123	17.392698	0.007843171	0.11958854	5024.0	0.0
SPIKE	S134:G>C	0	1321	0.0	-1.0	0.0	TRUE	G	1.3011515E-4	11.0	0.13195789	0.52011853	4.3940773	0.018001026	0.17774586	5024.0	0.0
SPIKE	S134:G>T	0	1321	0.0	-1.0	0.0	TRUE	G	7.410531E-5	7.0	0.15947619	0.68914396	3.8902838	0.029937863	0.15222909	5024.0	1.0
SPIKE	S135:C>T	1	1321	7.570023E-4	-1.0	40.0	TRUE	C	1.7971125E-4	26.0	0.045675557	0.40540475	17.392698	0.0095677255	0.11512255	5024.0	0.0
SPIKE	S135:C>A	0	1321	0.0	-1.0	0.0	TRUE	C	2.8387885E-5	5.0	0.08485268	0.86708283	3.8902838	0.010533278	0.14761311	5024.0	1.0
SPIKE	S135:C>G	0	1321	0.0	-1.0	0.0	TRUE	C	5.5756904E-5	6.0	0.099046946	0.755691	4.3940773	0.018605083	0.33076394	5024.0	1.0
SPIKE	S136:C>T	1	1321	7.570023E-4	-1.0	40.0	TRUE	C	1.2021783E-4	4.0	0.045675557	0.5466348	17.392698	0.0095677255	0.11512255	5024.0	1.0
SPIKE	S136:C>A	0	1321	0.0	-1.0	0.0	TRUE	C	1.6783386E-4	23.0	0.08485268	0.43033242	3.8902838	0.010533278	0.14761311	5024.0	0.0
SPIKE	S136:C>G	0	1321	0.0	-1.0	0.0	TRUE	C	5.5756904E-5	3.0	0.099046946	0.755691	4.3940773	0.018605083	0.33076394	5024.0	1.0
SPIKE	S137:T>C	1	1320	7.5757573E-4	-1.0	36.0	TRUE	T	1.2406899E-4	24.0	0.036089245	0.53616005	37.547283	0.00707928	0.12819873	5024.0	0.0
SPIKE	S137:T>A	0	1320	0.0	-1.0	0.0	TRUE	T	8.584794E-6	5.0	0.17888297	0.95778686	2.1904054	0.0063004894	0.14786644	5024.0	1.0
SPIKE	S137:T>G	0	1320	0.0	-1.0	0.0	TRUE	T	2.148729E-4	9.0	0.10285938	0.33975807	12.983059	0.02435107	0.16662411	5024.0	1.0
SPIKE	S138:G>A	2	1320	0.0015151515	-1.0	38.0	TRUE	G	9.7890734E-5	9.0	0.05204932	0.6115228	17.379532	0.007843171	0.11958854	5024.0	1.0
SPIKE	S138:G>C	0	1320	0.0	-1.0	0.0	TRUE	G	5.1976003E-5	2.0	0.13195789	0.7701828	4.390751	0.018001026	0.17774586	5024.0	1.0
SPIKE	S138:G>T	0	1320	0.0	-1.0	0.0	TRUE	G	1.9063248E-4	10.0	0.15947619	0.38376012	3.8873389	0.029937863	0.15222909	5024.0	0.0
SPIKE	S139:A>G	0	1320	0.0	-1.0	0.0	TRUE	A	1.2459059E-4	6.0	0.02070563	0.53475684	37.547283	0.0044726757	0.10315949	5024.0	1.0
SPIKE	S139:A>C	0	1320	0.0	-1.0	0.0	TRUE	A	4.8711753E-4	320.0	0.026770992	0.08652876	12.983059	0.002064632	0.08283686	5024.0	0.0
SPIKE	S139:A>T	0	1320	0.0	-1.0	0.0	TRUE	A	3.1888605E-5	3.0	0.22182716	0.85196626	2.1904054	0.024694992	0.16544731	5024.0	1.0
SPIKE	I140:>T	1	1320	7.5757573E-4	-1.0	39.00606	TRUE		NaN	NaN	NaN	NaN	NaN	NaN	NaN	NaN	NaN
SPIKE	D140-141:T>	2	1320	0.0015151515	-1.0	39.00606	TRUE		NaN	NaN	NaN	NaN	NaN	NaN	NaN	NaN	NaN
SPIKE	S140:T>A	0	1320	0.0	-1.0	0.0	TRUE	T	8.584794E-6	2.0	0.17888297	0.95778686	2.1904054	0.0063004894	0.14786644	5024.0	1.0
SPIKE	S140:T>G	0	1320	0.0	-1.0	0.0	TRUE	T	2.148729E-4	9.0	0.10285938	0.33975807	12.983059	0.02435107	0.16662411	5024.0	1.0
SPIKE	S140:T>C	0	1320	0.0	-1.0	0.0	TRUE	T	1.9410222E-4	5.0	0.036089245	0.37712842	37.547283	0.00707928	0.12819873	5024.0	1.0
SPIKE	S141:T>A	0	1320	0.0	-1.0	0.0	TRUE	T	8.584794E-6	2.0	0.17888297	0.95778686	2.1904054	0.0063004894	0.14786644	5024.0	1.0
SPIKE	S141:T>G	0	1320	0.0	-1.0	0.0	TRUE	T	1.9860303E-4	12.0	0.10285938	0.36869645	12.983059	0.02435107	0.16662411	5024.0	0.0
SPIKE	S141:T>C	0	1320	0.0	-1.0	0.0	TRUE	T	5.6864952E-5	11.0	0.036089245	0.7514959	37.547283	0.00707928	0.12819873	5024.0	0.0
SPIKE	D142-143:A>	1	1320	7.5757573E-4	-1.0	38.898483	TRUE		NaN	NaN	NaN	NaN	NaN	NaN	NaN	NaN	NaN
SPIKE	D142-144:AG>	1	1320	7.5757573E-4	-1.0	38.898483	TRUE		NaN	NaN	NaN	NaN	NaN	NaN	NaN	NaN	NaN
SPIKE	S142:A>G	0	1320	0.0	-1.0	0.0	TRUE	A	1.2277458E-4	37.0	0.02070563	0.53965807	37.547283	0.0044726757	0.10315949	5024.0	0.0
SPIKE	S142:A>C	0	1320	0.0	-1.0	0.0	TRUE	A	2.4355877E-5	16.0	0.026770992	0.8848263	12.983059	0.002064632	0.08283686	5024.0	0.0
SPIKE	S142:A>T	0	1320	0.0	-1.0	0.0	TRUE	A	3.1888605E-5	1.0	0.22182716	0.85196626	2.1904054	0.024694992	0.16544731	5024.0	1.0
SPIKE	D143-144:G>	1	1320	7.5757573E-4	-1.0	38.937122	TRUE		NaN	NaN	NaN	NaN	NaN	NaN	NaN	NaN	NaN
SPIKE	S143:G>C	1	1320	7.5757573E-4	-1.0	37.0	TRUE	G	1.4205134E-4	12.0	0.13195789	0.48984516	4.390751	0.018001026	0.17774586	5024.0	0.0
SPIKE	S143:G>A	0	1320	0.0	-1.0	0.0	TRUE	G	9.7890734E-5	5.0	0.05204932	0.6115228	17.379532	0.007843171	0.11958854	5024.0	1.0
SPIKE	S143:G>T	0	1320	0.0	-1.0	0.0	TRUE	G	7.410531E-5	1.0	0.15947619	0.68914396	3.8873389	0.029937863	0.15222909	5024.0	1.0
SPIKE	D144-145:C>	3	1320	0.0022727272	-1.0	38.965908	TRUE		NaN	NaN	NaN	NaN	NaN	NaN	NaN	NaN	NaN
SPIKE	S144:C>A	0	1320	0.0	-1.0	0.0	TRUE	C	2.8387885E-5	4.0	0.08485268	0.86708283	3.8873389	0.010533278	0.14761311	5024.0	1.0
SPIKE	S144:C>G	0	1320	0.0	-1.0	0.0	TRUE	C	5.5756904E-5	8.0	0.099046946	0.755691	4.390751	0.018605083	0.33076394	5024.0	1.0
SPIKE	S144:C>T	0	1320	0.0	-1.0	0.0	TRUE	C	2.1443343E-4	31.0	0.045675557	0.34050906	17.379532	0.0095677255	0.11512255	5024.0	0.0
SPIKE	S145:C>T	1	1320	7.5757573E-4	-1.0	39.0	TRUE	C	1.1067532E-4	16.0	0.045675557	0.57347965	17.379532	0.0095677255	0.11512255	5024.0	0.0
SPIKE	S145:C>A	0	1320	0.0	-1.0	0.0	TRUE	C	2.8387885E-5	4.0	0.08485268	0.86708283	3.8873389	0.010533278	0.14761311	5024.0	1.0
SPIKE	S145:C>G	0	1320	0.0	-1.0	0.0	TRUE	C	5.5756904E-5	3.0	0.099046946	0.755691	4.390751	0.018605083	0.33076394	5024.0	1.0
SPIKE	S146:C>T	1	1319	7.581501E-4	-1.0	39.0	TRUE	C	2.4920827E-4	36.0	0.045675557	0.28592598	17.366365	0.0095677255	0.11512255	5024.0	0.0
SPIKE	S146:C>A	0	1319	0.0	-1.0	0.0	TRUE	C	2.8387885E-5	7.0	0.08485268	0.86708283	3.884394	0.010533278	0.14761311	5024.0	1.0
SPIKE	S146:C>G	0	1319	0.0	-1.0	0.0	TRUE	C	1.397918E-4	11.0	0.099046946	0.49543753	4.3874245	0.018605083	0.33076394	5024.0	0.0
SPIKE	S147:G>A	0	1317	0.0	-1.0	0.0	TRUE	G	7.903504E-5	14.0	0.05204932	0.6722856	17.340033	0.007843171	0.11958854	5024.0	0.0
SPIKE	S147:G>C	0	1317	0.0	-1.0	0.0	TRUE	G	1.542395E-4	13.0	0.13195789	0.46075022	4.3807716	0.018001026	0.17774586	5024.0	0.0
SPIKE	S147:G>T	0	1317	0.0	-1.0	0.0	TRUE	G	7.410531E-5	2.0	0.15947619	0.68914396	3.878504	0.029937863	0.15222909	5024.0	1.0
SPIKE	S148:T>A	0	1317	0.0	-1.0	0.0	TRUE	T	8.584794E-6	0.0	0.17888297	0.95778686	2.1854272	0.0063004894	0.14786644	5024.0	1.0
SPIKE	S148:T>G	0	1317	0.0	-1.0	0.0	TRUE	T	1.6587952E-4	10.0	0.10285938	0.43457848	12.953551	0.02435107	0.16662411	5024.0	0.0
SPIKE	S148:T>C	0	1317	0.0	-1.0	0.0	TRUE	T	1.243516E-4	24.0	0.036089245	0.5353993	37.46195	0.00707928	0.12819873	5024.0	0.0
SPIKE	S149:G>A	0	1317	0.0	-1.0	0.0	TRUE	G	1.129072E-4	20.0	0.05204932	0.56708515	17.340033	0.007843171	0.11958854	5024.0	0.0
SPIKE	S149:G>C	0	1317	0.0	-1.0	0.0	TRUE	G	5.1976003E-5	4.0	0.13195789	0.7701828	4.3807716	0.018001026	0.17774586	5024.0	1.0
SPIKE	S149:G>T	0	1317	0.0	-1.0	0.0	TRUE	G	7.410531E-5	5.0	0.15947619	0.68914396	3.878504	0.029937863	0.15222909	5024.0	1.0
SPIKE	S150:C>A	0	1316	0.0	-1.0	0.0	TRUE	C	2.8387885E-5	1.0	0.08485268	0.86708283	3.875559	0.010533278	0.14761311	5024.0	1.0
SPIKE	S150:C>G	0	1316	0.0	-1.0	0.0	TRUE	C	1.9105973E-4	15.0	0.099046946	0.38293725	4.3774457	0.018605083	0.33076394	5024.0	0.0
SPIKE	S150:C>T	0	1316	0.0	-1.0	0.0	TRUE	C	1.1794995E-4	17.0	0.045675557	0.55289865	17.326868	0.0095677255	0.11512255	5024.0	0.0
SPIKE	S151:T>A	0	1315	0.0	-1.0	0.0	TRUE	T	8.584794E-6	2.0	0.17888297	0.95778686	2.1821084	0.0063004894	0.14786644	5024.0	1.0
SPIKE	S151:T>G	0	1315	0.0	-1.0	0.0	TRUE	T	2.3258454E-4	14.0	0.10285938	0.31083137	12.933881	0.02435107	0.16662411	5024.0	0.0
SPIKE	S151:T>C	0	1315	0.0	-1.0	0.0	TRUE	T	5.0335214E-4	97.0	0.036089245	0.079751395	37.405056	0.00707928	0.12819873	5024.0	0.0
SPIKE	S152:G>A	0	1313	0.0	-1.0	0.0	TRUE	G	5.6625584E-5	10.0	0.05204932	0.75240016	17.287369	0.007843171	0.11958854	5024.0	0.0
SPIKE	S152:G>C	0	1313	0.0	-1.0	0.0	TRUE	G	5.1976003E-5	1.0	0.13195789	0.7701828	4.3674664	0.018001026	0.17774586	5024.0	1.0
SPIKE	S152:G>T	0	1313	0.0	-1.0	0.0	TRUE	G	7.410531E-5	4.0	0.15947619	0.68914396	3.8667243	0.029937863	0.15222909	5024.0	1.0
SPIKE	S153:G>A	0	1310	0.0	-1.0	0.0	TRUE	G	9.7890734E-5	7.0	0.05204932	0.6115228	17.24787	0.007843171	0.11958854	5024.0	1.0
SPIKE	S153:G>C	0	1310	0.0	-1.0	0.0	TRUE	G	5.1976003E-5	1.0	0.13195789	0.7701828	4.3574877	0.018001026	0.17774586	5024.0	1.0
SPIKE	S153:G>T	0	1310	0.0	-1.0	0.0	TRUE	G	7.410531E-5	1.0	0.15947619	0.68914396	3.8578894	0.029937863	0.15222909	5024.0	1.0
