#pipeline_block
reference	mutation	count	coverage	freq	score	cqs	has.reference	ancestral.allele	error.rate	minor.count.local	minor.fdr	minor.recall	minor.count.global	read.fraction.in.minors	q.filtered.read.fraction	mig.size	global.est
SPIKE	S0:T>A	0	52300	0.0	-1.0	0.0	TRUE	T	7.0993917E-4	179.0	5.2865717E-4	0.9216009	91.04261	0.20753887	0.13190033	115.0	0.0
SPIKE	S0:T>G	0	52300	0.0	-1.0	0.0	TRUE	T	1.8084247E-4	46.0	4.64225E-4	0.97941786	123.212944	0.20570552	0.1274451	115.0	0.0
SPIKE	S0:T>C	0	52300	0.0	-1.0	0.0	TRUE	T	6.097674E-4	172.0	7.777429E-4	0.93227893	199.53764	0.18555614	0.13959907	115.0	0.0
SPIKE	S1:A>G	0	52400	0.0	-1.0	0.0	TRUE	A	8.1898266E-4	238.0	7.45276E-4	0.9101162	199.91916	0.18044831	0.12577316	115.0	0.0
SPIKE	S1:A>C	0	52400	0.0	-1.0	0.0	TRUE	A	4.8657515E-4	5.0	9.646855E-4	0.9455806	123.44853	0.2067352	0.13863917	115.0	1.0
SPIKE	S1:A>T	0	52400	0.0	-1.0	0.0	TRUE	A	9.61754E-4	228.0	5.7620445E-4	0.89529526	91.21668	0.22116213	0.1323944	115.0	0.0
SPIKE	S2:G>A	0	52583	0.0	-1.0	0.0	TRUE	G	0.0010486831	304.0	6.779931E-4	0.88638973	171.95015	0.18151419	0.12972642	115.0	0.0
SPIKE	S2:G>C	0	52583	0.0	-1.0	0.0	TRUE	G	5.740749E-4	143.0	3.6251312E-4	0.9361134	159.0448	0.21117154	0.14836845	115.0	0.0
SPIKE	S2:G>T	0	52583	0.0	-1.0	0.0	TRUE	G	3.8895196E-5	10.0	5.239683E-4	0.99553704	97.36375	0.20462982	0.13255602	115.0	0.0
SPIKE	S3:C>A	0	52717	0.0	-1.0	0.0	TRUE	C	3.4169012E-4	8.0	6.374414E-4	0.9614676	97.61186	0.18465346	0.14816017	115.0	1.0
SPIKE	S3:C>G	0	52717	0.0	-1.0	0.0	TRUE	C	0.0018165387	441.0	3.1762224E-4	0.8114748	159.4501	0.21721746	0.16444792	115.0	0.0
SPIKE	S3:C>T	0	52717	0.0	-1.0	0.0	TRUE	C	5.846133E-4	173.0	7.643932E-4	0.9349796	172.38834	0.17828113	0.123151146	115.0	0.0
SPIKE	S4:G>A	92	52857	0.0017405453	252.583	40.0	TRUE	G	5.284869E-4	154.0	6.779931E-4	0.941034	172.84615	0.18151419	0.12972642	115.0	0.0
SPIKE	S4:G>C	52	52857	9.837864E-4	86.88663	40.0	TRUE	G	0.0014457193	362.0	3.6251312E-4	0.846828	159.87355	0.21117154	0.14836845	115.0	0.0
SPIKE	S4:G>T	6	52857	1.1351382E-4	9.311187	40.0	TRUE	G	4.5658415E-4	118.0	5.239683E-4	0.94884753	97.871086	0.20462982	0.13255602	115.0	0.0
SPIKE	S5:T>A	12	52883	2.2691602E-4	-1.0	40.0	TRUE	T	4.314658E-5	11.0	5.2865717E-4	0.99505043	92.05748	0.20753887	0.13190033	115.0	0.0
SPIKE	S5:T>G	4	52883	7.563867E-5	0.30566683	40.0	TRUE	T	0.0017340558	446.0	4.64225E-4	0.8192087	124.586426	0.20570552	0.1274451	115.0	0.0
SPIKE	S5:T>C	74	52883	0.0013993154	200.25494	40.0	TRUE	T	5.7850254E-4	165.0	7.777429E-4	0.93563694	201.76193	0.18555614	0.13959907	115.0	0.0
SPIKE	I6:>G	1	52910	1.8900018E-5	-1.0	39.990646	TRUE		NaN	NaN	NaN	NaN	NaN	NaN	NaN	NaN	NaN
SPIKE	S6:G>A	36	52910	6.804007E-4	78.57346	40.0	TRUE	G	6.445196E-4	188.0	6.779931E-4	0.9285605	173.01945	0.18151419	0.12972642	115.0	0.0
SPIKE	S6:G>C	51	52910	9.6390094E-4	154.77469	40.0	TRUE	G	1.7155707E-4	43.0	3.6251312E-4	0.9804643	160.03386	0.21117154	0.14836845	115.0	0.0
SPIKE	S6:G>T	9	52910	1.7010017E-4	5.7604303	40.0	TRUE	G	0.0012446849	322.0	5.239683E-4	0.8666338	97.96922	0.20462982	0.13255602	115.0	0.0
SPIKE	S7:A>G	35	52936	6.6117576E-4	52.2076	40.0	TRUE	A	0.0013080041	384.0	7.45276E-4	0.86034614	201.96414	0.18044831	0.12577316	115.0	0.0
SPIKE	S7:A>C	12	52936	2.2668883E-4	22.940357	40.0	TRUE	A	4.8657515E-4	4.0	9.646855E-4	0.9455806	124.71129	0.2067352	0.13863917	115.0	1.0
SPIKE	S7:A>T	70	52936	0.0013223515	216.7416	40.0	TRUE	A	9.603668E-5	23.0	5.7620445E-4	0.98901653	92.14974	0.22116213	0.1323944	115.0	0.0
SPIKE	D7-8:A>	62	52936	0.0011712257	-1.0	39.99828	TRUE		NaN	NaN	NaN	NaN	NaN	NaN	NaN	NaN	NaN
SPIKE	I7:>A	1	52936	1.8890736E-5	-1.0	39.99828	TRUE		NaN	NaN	NaN	NaN	NaN	NaN	NaN	NaN	NaN
SPIKE	S8:A>G	42	52943	7.93306E-4	94.78963	40.0	TRUE	A	7.356551E-4	216.0	7.45276E-4	0.91887945	201.99084	0.18044831	0.12577316	115.0	0.0
SPIKE	S8:A>C	12	52943	2.2665886E-4	22.940357	40.0	TRUE	A	4.8657515E-4	6.0	9.646855E-4	0.9455806	124.72778	0.2067352	0.13863917	115.0	1.0
SPIKE	S8:A>T	43	52943	8.1219425E-4	-1.0	40.0	TRUE	A	7.097425E-5	17.0	5.7620445E-4	0.9918712	92.16193	0.22116213	0.1323944	115.0	0.0
SPIKE	S9:G>A	26	52945	4.910756E-4	26.054916	40.0	TRUE	G	0.0017301447	505.0	6.779931E-4	0.8195772	173.13391	0.18151419	0.12972642	115.0	0.0
SPIKE	S9:G>C	32	52945	6.044008E-4	97.57899	40.0	TRUE	G	1.674566E-4	42.0	3.6251312E-4	0.98092675	160.13971	0.21117154	0.14836845	115.0	0.0
SPIKE	S9:G>T	3	52945	5.6662575E-5	6.0206	40.0	TRUE	G	3.786982E-4	4.0	5.239683E-4	0.9573844	98.034035	0.20462982	0.13255602	115.0	1.0
SPIKE	D9-10:G>	14	52945	2.6442535E-4	-1.0	39.97892	TRUE		NaN	NaN	NaN	NaN	NaN	NaN	NaN	NaN	NaN
SPIKE	D9-11:GA>	3	52945	5.6662575E-5	-1.0	39.97892	TRUE		NaN	NaN	NaN	NaN	NaN	NaN	NaN	NaN	NaN
SPIKE	S10:A>G	48	52945	9.066012E-4	67.43349	40.0	TRUE	A	0.0017709546	520.0	7.45276E-4	0.81573987	201.99847	0.18044831	0.12577316	115.0	0.0
SPIKE	S10:A>C	13	52945	2.455378E-4	25.388708	40.0	TRUE	A	4.720149E-4	121.0	9.646855E-4	0.94716525	124.73249	0.2067352	0.13863917	115.0	0.0
SPIKE	S10:A>T	61	52945	0.001152139	189.6489	40.0	TRUE	A	9.602036E-5	23.0	5.7620445E-4	0.9890184	92.165405	0.22116213	0.1323944	115.0	0.0
SPIKE	D10-11:A>	23	52945	4.3441306E-4	-1.0	39.968815	TRUE		NaN	NaN	NaN	NaN	NaN	NaN	NaN	NaN	NaN
SPIKE	D10-12:AC>	2	52945	3.777505E-5	-1.0	39.968815	TRUE		NaN	NaN	NaN	NaN	NaN	NaN	NaN	NaN	NaN
SPIKE	S11:C>A	1	52946	1.8887167E-5	0.09432235	40.0	TRUE	C	0.0011187999	321.0	6.374414E-4	0.87927115	98.03588	0.18465346	0.14816017	115.0	0.0
SPIKE	S11:C>G	29	52946	5.4772786E-4	60.04673	40.0	TRUE	C	6.1929924E-4	151.0	3.1762224E-4	0.93125755	160.14275	0.21721746	0.16444792	115.0	0.0
SPIKE	S11:C>T	101	52946	0.0019076039	278.8774	40.0	TRUE	C	5.5516756E-4	165.0	7.643932E-4	0.93815106	173.13718	0.17828113	0.123151146	115.0	0.0
SPIKE	D11-12:C>	27	52946	5.0995353E-4	-1.0	39.969006	TRUE		NaN	NaN	NaN	NaN	NaN	NaN	NaN	NaN	NaN
SPIKE	I12:>G	2	52947	3.777362E-5	-1.0	39.968327	TRUE		NaN	NaN	NaN	NaN	NaN	NaN	NaN	NaN	NaN
SPIKE	S12:G>A	73	52947	0.0013787373	176.49983	40.0	TRUE	G	8.427714E-4	246.0	6.779931E-4	0.9076298	173.14046	0.18151419	0.12972642	115.0	0.0
SPIKE	S12:G>C	20	52947	3.7773623E-4	21.010248	40.0	TRUE	G	0.0013635237	342.0	3.6251312E-4	0.85487056	160.14577	0.21117154	0.14836845	115.0	0.0
SPIKE	S12:G>T	13	52947	2.4552856E-4	31.537222	40.0	TRUE	G	3.786982E-4	6.0	5.239683E-4	0.9573844	98.037735	0.20462982	0.13255602	115.0	1.0
SPIKE	D12-13:G>	28	52947	5.2883074E-4	-1.0	39.968327	TRUE		NaN	NaN	NaN	NaN	NaN	NaN	NaN	NaN	NaN
SPIKE	D12-14:GA>	2	52947	3.777362E-5	-1.0	39.968327	TRUE		NaN	NaN	NaN	NaN	NaN	NaN	NaN	NaN	NaN
SPIKE	S13:A>G	30	52947	5.666043E-4	27.440493	40.0	TRUE	A	0.0020944152	615.0	7.45276E-4	0.7859534	202.0061	0.18044831	0.12577316	115.0	0.0
SPIKE	S13:A>C	13	52947	2.4552856E-4	25.388708	40.0	TRUE	A	5.0710427E-4	130.0	9.646855E-4	0.94335085	124.737206	0.2067352	0.13863917	115.0	0.0
SPIKE	S13:A>T	49	52947	9.254537E-4	148.75409	40.0	TRUE	A	9.601673E-5	23.0	5.7620445E-4	0.9890188	92.16889	0.22116213	0.1323944	115.0	0.0
SPIKE	D13-14:A>	17	52947	3.210758E-4	-1.0	39.976505	TRUE		NaN	NaN	NaN	NaN	NaN	NaN	NaN	NaN	NaN
SPIKE	I14:>C	1	52947	1.888681E-5	-1.0	39.975014	TRUE		NaN	NaN	NaN	NaN	NaN	NaN	NaN	NaN	NaN
SPIKE	S14:C>A	4	52947	7.554724E-5	0.4730946	40.0	TRUE	C	0.0015265578	438.0	6.374414E-4	0.83899194	98.037735	0.18465346	0.14816017	115.0	0.0
SPIKE	S14:C>G	36	52947	6.799252E-4	109.620186	40.0	TRUE	C	2.0916335E-4	51.0	3.1762224E-4	0.9762332	160.14577	0.21721746	0.16444792	115.0	0.0
SPIKE	S14:C>T	47	52947	8.8768016E-4	128.81238	40.0	TRUE	C	2.9271917E-4	87.0	7.643932E-4	0.9668976	173.14046	0.17828113	0.123151146	115.0	0.0
SPIKE	D14-15:C>	16	52947	3.0218897E-4	-1.0	39.975014	TRUE		NaN	NaN	NaN	NaN	NaN	NaN	NaN	NaN	NaN
SPIKE	D14-16:CA>	4	52947	7.554724E-5	-1.0	39.975014	TRUE		NaN	NaN	NaN	NaN	NaN	NaN	NaN	NaN	NaN
SPIKE	S15:A>G	41	52947	7.743593E-4	84.42641	40.0	TRUE	A	8.8203826E-4	259.0	7.45276E-4	0.90354043	202.0061	0.18044831	0.12577316	115.0	0.0
SPIKE	S15:A>C	12	52947	2.2664174E-4	8.07949	40.0	TRUE	A	0.0012911655	331.0	9.646855E-4	0.86201376	124.737206	0.2067352	0.13863917	115.0	0.0
SPIKE	S15:A>T	32	52947	6.0437794E-4	-1.0	40.0	TRUE	A	7.931817E-5	19.0	5.7620445E-4	0.9909199	92.16889	0.22116213	0.1323944	115.0	0.0
SPIKE	D15-16:A>	18	52947	3.399626E-4	-1.0	39.974316	TRUE		NaN	NaN	NaN	NaN	NaN	NaN	NaN	NaN	NaN
SPIKE	S16:G>A	25	52947	4.7217027E-4	24.251211	40.0	TRUE	G	0.0016821168	491.0	6.779931E-4	0.82411647	173.14046	0.18151419	0.12972642	115.0	0.0
SPIKE	S16:G>T	11	52947	2.0775493E-4	26.1236	40.0	TRUE	G	3.786982E-4	6.0	5.239683E-4	0.9573844	98.037735	0.20462982	0.13255602	115.0	1.0
SPIKE	S16:G>C	66	52947	0.0012465295	189.44995	40.0	TRUE	G	3.7476965E-4	94.0	3.6251312E-4	0.957817	160.14577	0.21117154	0.14836845	115.0	0.0
SPIKE	D16-17:G>	16	52947	3.0218897E-4	-1.0	39.9725	TRUE		NaN	NaN	NaN	NaN	NaN	NaN	NaN	NaN	NaN
SPIKE	D16-18:GA>	8	52947	1.5109449E-4	-1.0	39.9725	TRUE		NaN	NaN	NaN	NaN	NaN	NaN	NaN	NaN	NaN
SPIKE	S17:A>G	43	52947	8.121329E-4	48.70227	40.0	TRUE	A	0.0021897708	643.0	7.45276E-4	0.77738184	202.0061	0.18044831	0.12577316	115.0	0.0
SPIKE	S17:A>T	64	52947	0.0012087559	198.6798	40.0	TRUE	A	1.2106458E-4	29.0	5.7620445E-4	0.98617405	92.16889	0.22116213	0.1323944	115.0	0.0
SPIKE	S17:A>C	11	52947	2.0775493E-4	-1.0	40.0	TRUE	A	4.290882E-5	11.0	9.646855E-4	0.99507767	124.737206	0.2067352	0.13863917	115.0	0.0
SPIKE	D17-18:A>	40	52947	7.5547246E-4	-1.0	39.99118	TRUE		NaN	NaN	NaN	NaN	NaN	NaN	NaN	NaN	NaN
SPIKE	S18:A>G	40	52947	7.5547246E-4	98.05198	40.0	TRUE	A	5.585107E-4	164.0	7.45276E-4	0.93779045	202.0061	0.18044831	0.12577316	115.0	0.0
SPIKE	S18:A>T	17	52947	3.210758E-4	-1.0	40.0	TRUE	A	6.2619605E-5	15.0	5.7620445E-4	0.9928246	92.16889	0.22116213	0.1323944	115.0	0.0
SPIKE	S18:A>C	9	52947	1.699813E-4	15.850103	40.0	TRUE	A	4.3688982E-4	112.0	9.646855E-4	0.95099896	124.737206	0.2067352	0.13863917	115.0	0.0
SPIKE	S19:C>G	15	52947	2.8330216E-4	46.403885	40.0	TRUE	C	8.6126085E-5	21.0	3.1762224E-4	0.9901444	160.14577	0.21721746	0.16444792	115.0	0.0
SPIKE	S19:C>A	3	52947	5.6660436E-5	0.6090995	40.0	TRUE	C	0.0011048375	317.0	6.374414E-4	0.8806841	98.037735	0.18465346	0.14816017	115.0	0.0
SPIKE	S19:C>T	33	52947	6.2326476E-4	88.11774	40.0	TRUE	C	3.3309424E-4	99.0	7.643932E-4	0.96241856	173.14046	0.17828113	0.123151146	115.0	0.0
SPIKE	D19-20:C>	8	52947	1.5109449E-4	-1.0	39.99815	TRUE		NaN	NaN	NaN	NaN	NaN	NaN	NaN	NaN	NaN
SPIKE	S20:C>G	22	52947	4.1550986E-4	-1.0	40.0	TRUE	C	6.5619875E-5	16.0	3.1762224E-4	0.9924821	160.14577	0.21721746	0.16444792	115.0	0.0
SPIKE	S20:C>A	10	52947	1.8886811E-4	18.164799	40.0	TRUE	C	4.6005854E-4	132.0	6.374414E-4	0.94846845	98.037735	0.18465346	0.14816017	115.0	0.0
SPIKE	S20:C>T	39	52947	7.3658564E-4	105.49838	40.0	TRUE	C	2.557087E-4	76.0	7.643932E-4	0.97102165	173.14046	0.17828113	0.123151146	115.0	0.0
SPIKE	S21:A>G	67	52947	0.0012654164	180.02802	40.0	TRUE	A	5.755385E-4	169.0	7.45276E-4	0.9359559	202.0061	0.18044831	0.12577316	115.0	0.0
SPIKE	S21:A>T	13	52947	2.4552856E-4	31.537222	40.0	TRUE	A	3.84772E-4	9.0	5.7620445E-4	0.95671594	92.16889	0.22116213	0.1323944	115.0	1.0
SPIKE	S21:A>C	36	52947	6.799252E-4	54.478607	40.0	TRUE	A	0.0012833639	329.0	9.646855E-4	0.8627875	124.737206	0.2067352	0.13863917	115.0	0.0
SPIKE	S22:A>C	5	52947	9.443406E-5	7.3154635	40.0	TRUE	A	4.5639384E-4	117.0	9.646855E-4	0.9488683	124.737206	0.2067352	0.13863917	115.0	0.0
SPIKE	S22:A>G	0	52947	0.0	-1.0	0.0	TRUE	A	6.8794255E-4	1.0	7.45276E-4	0.9239352	202.0061	0.18044831	0.12577316	115.0	1.0
SPIKE	S22:A>T	0	52947	0.0	-1.0	0.0	TRUE	A	3.84772E-4	0.0	5.7620445E-4	0.95671594	92.16889	0.22116213	0.1323944	115.0	1.0
SPIKE	S23:A>T	5	52947	9.443406E-5	7.3154635	40.0	TRUE	C	4.7173438E-4	113.0	5.7620445E-4	0.94719577	92.16889	0.22116213	0.1323944	115.0	0.0
SPIKE	S23:A>C	52924	52947	0.9995656	9999.0	39.999283	TRUE	C	4.8657515E-4	0.0	9.646855E-4	0.9455806	124.737206	0.2067352	0.13863917	115.0	1.0
SPIKE	S23:A>G	0	52947	0.0	-1.0	0.0	TRUE	C	6.8794255E-4	0.0	7.45276E-4	0.9239352	202.0061	0.18044831	0.12577316	115.0	1.0
SPIKE	S24:A>G	5	52947	9.443406E-5	10.658173	40.0	TRUE	T	3.8142197E-4	112.0	7.45276E-4	0.95708454	202.0061	0.18044831	0.12577316	115.0	0.0
SPIKE	S24:A>T	52922	52947	0.9995278	9999.0	39.998997	TRUE	T	3.84772E-4	4.0	5.7620445E-4	0.95671594	92.16889	0.22116213	0.1323944	115.0	1.0
SPIKE	D24-26:AA>	1	52947	1.888681E-5	-1.0	39.989063	TRUE		NaN	NaN	NaN	NaN	NaN	NaN	NaN	NaN	NaN
SPIKE	S24:A>C	0	52947	0.0	-1.0	0.0	TRUE	T	0.0012560582	322.0	9.646855E-4	0.86550105	124.737206	0.2067352	0.13863917	115.0	0.0
SPIKE	S25:A>G	52926	52947	0.9996034	9999.0	39.999092	TRUE	G	6.8794255E-4	0.0	7.45276E-4	0.9239352	202.0061	0.18044831	0.12577316	115.0	1.0
SPIKE	D25-26:A>	5	52947	9.443406E-5	-1.0	39.98729	TRUE		NaN	NaN	NaN	NaN	NaN	NaN	NaN	NaN	NaN
SPIKE	S25:A>C	0	52947	0.0	-1.0	0.0	TRUE	G	4.8657515E-4	2.0	9.646855E-4	0.9455806	124.737206	0.2067352	0.13863917	115.0	1.0
SPIKE	S25:A>T	0	52947	0.0	-1.0	0.0	TRUE	G	0.0017700476	424.0	5.7620445E-4	0.8158249	92.16889	0.22116213	0.1323944	115.0	0.0
SPIKE	S26:T>G	3	52949	5.6658293E-5	0.08755532	40.0	TRUE	T	0.0017784925	458.0	4.64225E-4	0.815033	124.74191	0.20570552	0.1274451	115.0	0.0
SPIKE	S26:T>A	14	52949	2.6440536E-4	43.393585	40.0	TRUE	T	9.402066E-5	24.0	5.2865717E-4	0.9892459	92.17237	0.20753887	0.13190033	115.0	0.0
SPIKE	S26:T>C	53	52949	0.0010009632	108.69407	40.0	TRUE	T	0.001036505	296.0	7.777429E-4	0.88763195	202.01373	0.18555614	0.13959907	115.0	0.0
SPIKE	S27:G>A	28	52954	5.2876084E-4	73.72888	40.0	TRUE	G	2.637594E-4	77.0	6.779931E-4	0.97012305	173.16335	0.18151419	0.12972642	115.0	0.0
SPIKE	S27:G>T	4	52954	7.553726E-5	1.0965977	40.0	TRUE	G	0.0012436507	322.0	5.239683E-4	0.8667369	98.0507	0.20462982	0.13255602	115.0	0.0
SPIKE	S27:G>C	5	52954	9.442157E-5	-1.0	40.0	TRUE	G	5.1822994E-5	13.0	3.6251312E-4	0.9940581	160.16693	0.21117154	0.14836845	115.0	0.0
SPIKE	D27-28:G>	31	52954	5.8541377E-4	-1.0	39.997395	TRUE		NaN	NaN	NaN	NaN	NaN	NaN	NaN	NaN	NaN
SPIKE	S28:G>A	25	52954	4.7210787E-4	65.15026	40.0	TRUE	G	3.21992E-4	94.0	6.779931E-4	0.9636481	173.16335	0.18151419	0.12972642	115.0	0.0
SPIKE	S28:G>T	29	52954	5.4764515E-4	-1.0	40.0	TRUE	G	7.338312E-5	19.0	5.239683E-4	0.99159646	98.0507	0.20462982	0.13255602	115.0	0.0
SPIKE	S28:G>C	46	52954	8.686785E-4	139.72319	40.0	TRUE	G	2.1127835E-4	53.0	3.6251312E-4	0.9759958	160.16693	0.21117154	0.14836845	115.0	0.0
SPIKE	S29:G>A	25	52954	4.7210787E-4	49.71867	40.0	TRUE	G	6.028787E-4	176.0	6.779931E-4	0.93301773	173.16335	0.18151419	0.12972642	115.0	0.0
SPIKE	S29:G>T	19	52954	3.5880198E-4	58.445087	40.0	TRUE	G	1.0428127E-4	27.0	5.239683E-4	0.98807925	98.0507	0.20462982	0.13255602	115.0	0.0
SPIKE	S29:G>C	23	52954	4.3433925E-4	-1.0	40.0	TRUE	G	7.57413E-5	19.0	3.6251312E-4	0.9913276	160.16693	0.21117154	0.14836845	115.0	0.0
SPIKE	S30:A>G	42	52954	7.931412E-4	68.44417	40.0	TRUE	A	0.0013722565	403.0	7.45276E-4	0.8540124	202.0328	0.18044831	0.12577316	115.0	0.0
SPIKE	S30:A>T	21	52954	3.965706E-4	45.93784	40.0	TRUE	A	4.8002022E-4	115.0	5.7620445E-4	0.94629365	92.181076	0.22116213	0.1323944	115.0	0.0
SPIKE	S30:A>C	0	52954	0.0	-1.0	0.0	TRUE	A	4.8657515E-4	2.0	9.646855E-4	0.9455806	124.75369	0.2067352	0.13863917	115.0	1.0
SPIKE	S31:T>G	1	52955	1.8883959E-5	1.0720997	40.0	TRUE	T	4.8439423E-4	5.0	4.64225E-4	0.94581777	124.75605	0.20570552	0.1274451	115.0	1.0
SPIKE	S31:T>A	12	52955	2.266075E-4	12.223638	40.0	TRUE	T	0.0010850321	277.0	5.2865717E-4	0.8826922	92.182816	0.20753887	0.13190033	115.0	0.0
SPIKE	S31:T>C	24	52955	4.53215E-4	47.17412	40.0	TRUE	T	7.212697E-4	206.0	7.777429E-4	0.92040086	202.03662	0.18555614	0.13959907	115.0	0.0
SPIKE	S32:C>T	21	52955	3.9656312E-4	26.178127	40.0	TRUE	C	0.0011538794	343.0	7.643932E-4	0.87573117	173.16661	0.17828113	0.123151146	115.0	0.0
SPIKE	S32:C>A	15	52955	2.8325937E-4	-1.0	40.0	TRUE	C	5.227148E-5	15.0	6.374414E-4	0.9940068	98.05255	0.18465346	0.14816017	115.0	0.0
SPIKE	S32:C>G	12	52955	2.266075E-4	37.372986	40.0	TRUE	C	9.8414945E-5	24.0	3.1762224E-4	0.9887461	160.16997	0.21721746	0.16444792	115.0	0.0
SPIKE	D32-33:C>	10	52955	1.8883958E-4	-1.0	39.996735	TRUE		NaN	NaN	NaN	NaN	NaN	NaN	NaN	NaN	NaN
SPIKE	S33:C>T	29	52955	5.476348E-4	88.54809	40.0	TRUE	C	2.1530112E-4	64.0	7.643932E-4	0.9755444	173.16661	0.17828113	0.123151146	115.0	0.0
SPIKE	S33:C>A	4	52955	7.5535834E-5	8.284564	40.0	TRUE	C	3.4499177E-4	99.0	6.374414E-4	0.96110266	98.05255	0.18465346	0.14816017	115.0	0.0
SPIKE	S33:C>G	27	52955	5.0986686E-4	82.52749	40.0	TRUE	C	9.431432E-5	23.0	3.1762224E-4	0.98921245	160.16997	0.21721746	0.16444792	115.0	0.0
SPIKE	S34:A>C	2	52955	3.7767917E-5	0.47457275	40.0	TRUE	A	0.0010530575	270.0	9.646855E-4	0.88594395	124.75605	0.2067352	0.13863917	115.0	0.0
SPIKE	S34:A>T	17	52955	3.210273E-4	35.485752	40.0	TRUE	A	4.716631E-4	113.0	5.7620445E-4	0.9472036	92.182816	0.22116213	0.1323944	115.0	0.0
SPIKE	S34:A>G	52	52955	9.819658E-4	143.39166	40.0	TRUE	A	3.5412403E-4	104.0	7.45276E-4	0.96009386	202.03662	0.18044831	0.12577316	115.0	0.0
SPIKE	S35:T>C	31	52955	5.854027E-4	82.3502	40.0	TRUE	T	4.0265053E-4	115.0	7.777429E-4	0.9547509	202.03662	0.18555614	0.13959907	115.0	0.0
SPIKE	S35:T>A	14	52955	2.643754E-4	15.810462	40.0	TRUE	T	0.0010458613	267.0	5.2865717E-4	0.8866774	92.182816	0.20753887	0.13190033	115.0	0.0
SPIKE	S35:T>G	3	52955	5.6651876E-5	-1.0	40.0	TRUE	T	4.6592773E-5	12.0	4.64225E-4	0.99465615	124.75605	0.20570552	0.1274451	115.0	0.0
SPIKE	D35-36:T>	16	52955	3.0214334E-4	-1.0	39.99677	TRUE		NaN	NaN	NaN	NaN	NaN	NaN	NaN	NaN	NaN
SPIKE	S36:T>C	36	52956	6.7980966E-4	109.620186	40.0	TRUE	T	2.0657334E-4	59.0	7.777429E-4	0.976524	202.04044	0.18555614	0.13959907	115.0	0.0
SPIKE	S36:T>A	14	52956	2.643704E-4	34.27314	40.0	TRUE	T	4.07369E-4	104.0	5.2865717E-4	0.954233	92.184555	0.20753887	0.13190033	115.0	0.0
SPIKE	S36:T>G	6	52956	1.1330161E-4	9.311187	40.0	TRUE	T	4.8439423E-4	4.0	4.64225E-4	0.94581777	124.75841	0.20570552	0.1274451	115.0	1.0
SPIKE	S37:A>C	2	52956	3.7767204E-5	2.2639637	40.0	TRUE	A	4.8657515E-4	0.0	9.646855E-4	0.9455806	124.75841	0.2067352	0.13863917	115.0	1.0
SPIKE	S37:A>T	5	52956	9.441801E-5	1.2043823	40.0	TRUE	A	0.0013690494	328.0	5.7620445E-4	0.8543275	92.184555	0.22116213	0.1323944	115.0	0.0
SPIKE	S37:A>G	49	52956	9.2529645E-4	134.66039	40.0	TRUE	A	2.9963776E-4	88.0	7.45276E-4	0.9661286	202.04044	0.18044831	0.12577316	115.0	0.0
SPIKE	D37-38:A>	3	52956	5.6650806E-5	-1.0	39.987595	TRUE		NaN	NaN	NaN	NaN	NaN	NaN	NaN	NaN	NaN
SPIKE	S38:T>C	30	52956	5.6650804E-4	70.25505	40.0	TRUE	T	4.796703E-4	137.0	7.777429E-4	0.94633174	202.04044	0.18555614	0.13959907	115.0	0.0
SPIKE	S38:T>A	16	52956	3.0213763E-4	19.635284	40.0	TRUE	T	9.5575035E-4	244.0	5.2865717E-4	0.8959136	92.184555	0.20753887	0.13190033	115.0	0.0
SPIKE	S38:T>G	0	52956	0.0	-1.0	0.0	TRUE	T	4.8439423E-4	3.0	4.64225E-4	0.94581777	124.75841	0.20570552	0.1274451	115.0	1.0
SPIKE	S39:C>T	39	52956	7.3646044E-4	66.71591	40.0	TRUE	C	0.0011572216	344.0	7.643932E-4	0.87539464	173.16988	0.17828113	0.123151146	115.0	0.0
SPIKE	S39:C>A	8	52956	1.5106882E-4	18.199682	40.0	TRUE	C	3.4169012E-4	4.0	6.374414E-4	0.9614676	98.0544	0.18465346	0.14816017	115.0	1.0
SPIKE	S39:C>G	6	52956	1.1330161E-4	13.113299	40.0	TRUE	C	3.813507E-4	93.0	3.1762224E-4	0.9570924	160.17299	0.21721746	0.16444792	115.0	0.0
SPIKE	D39-40:C>	2	52956	3.7767204E-5	-1.0	39.98812	TRUE		NaN	NaN	NaN	NaN	NaN	NaN	NaN	NaN	NaN
SPIKE	S40:G>C	21	52956	3.9655564E-4	29.991716	40.0	TRUE	G	0.0010164896	255.0	3.6251312E-4	0.88967746	160.17299	0.21117154	0.14836845	115.0	0.0
SPIKE	S40:G>T	4	52956	7.553441E-5	8.284564	40.0	TRUE	G	3.786982E-4	8.0	5.239683E-4	0.9573844	98.0544	0.20462982	0.13255602	115.0	1.0
SPIKE	S40:G>A	59	52956	0.0011141325	151.92128	40.0	TRUE	G	4.8982044E-4	143.0	6.779931E-4	0.9452278	173.16988	0.18151419	0.12972642	115.0	0.0
SPIKE	D40-41:G>	5	52956	9.441801E-5	-1.0	39.99662	TRUE		NaN	NaN	NaN	NaN	NaN	NaN	NaN	NaN	NaN
SPIKE	S41:G>C	17	52956	3.2102122E-4	35.485752	40.0	TRUE	G	4.6638932E-4	117.0	3.6251312E-4	0.9477782	160.17299	0.21117154	0.14836845	115.0	0.0
SPIKE	S41:G>T	3	52956	5.6650806E-5	6.0206	40.0	TRUE	G	3.786982E-4	7.0	5.239683E-4	0.9573844	98.0544	0.20462982	0.13255602	115.0	1.0
SPIKE	S41:G>A	21	52956	3.9655564E-4	64.46568	40.0	TRUE	G	2.1579501E-4	63.0	6.779931E-4	0.97548896	173.16988	0.18151419	0.12972642	115.0	0.0
SPIKE	S42:C>T	74	52957	0.0013973601	200.25494	40.0	TRUE	C	5.5505225E-4	165.0	7.643932E-4	0.9381635	173.17316	0.17828113	0.123151146	115.0	0.0
SPIKE	S42:C>A	10	52957	1.8883245E-4	23.451881	40.0	TRUE	C	3.4169012E-4	5.0	6.374414E-4	0.9614676	98.05625	0.18465346	0.14816017	115.0	1.0
SPIKE	S42:C>G	16	52957	3.0213193E-4	14.0601015	40.0	TRUE	C	0.0013203506	322.0	3.1762224E-4	0.85912544	160.17601	0.21721746	0.16444792	115.0	0.0
SPIKE	D42-43:C>	33	52957	6.2314706E-4	-1.0	39.96418	TRUE		NaN	NaN	NaN	NaN	NaN	NaN	NaN	NaN	NaN
SPIKE	D42-44:CG>	1	52957	1.8883246E-5	-1.0	39.96418	TRUE		NaN	NaN	NaN	NaN	NaN	NaN	NaN	NaN	NaN
SPIKE	S43:G>C	15	52959	2.8323798E-4	21.102957	40.0	TRUE	G	9.207678E-4	231.0	3.6251312E-4	0.8995251	160.18207	0.21117154	0.14836845	115.0	0.0
SPIKE	S43:G>T	3	52959	5.6647594E-5	6.0206	40.0	TRUE	G	3.786982E-4	4.0	5.239683E-4	0.9573844	98.05995	0.20462982	0.13255602	115.0	1.0
SPIKE	S43:G>A	52	52959	9.818916E-4	143.39166	40.0	TRUE	G	3.6991335E-4	108.0	6.779931E-4	0.9583521	173.17969	0.18151419	0.12972642	115.0	0.0
SPIKE	S44:G>C	27	52959	5.098283E-4	70.864174	40.0	TRUE	G	3.3083864E-4	83.0	3.6251312E-4	0.96266824	160.18207	0.21117154	0.14836845	115.0	0.0
SPIKE	S44:G>T	12	52959	2.2659037E-4	-1.0	40.0	TRUE	G	4.6342855E-5	12.0	5.239683E-4	0.99468476	98.05995	0.20462982	0.13255602	115.0	0.0
SPIKE	S44:G>A	23	52959	4.3429824E-4	59.459663	40.0	TRUE	G	3.6991335E-4	108.0	6.779931E-4	0.9583521	173.17969	0.18151419	0.12972642	115.0	0.0
SPIKE	S45:C>T	67	52959	0.0012651297	192.3959	39.52239	TRUE	C	3.8011232E-4	113.0	7.643932E-4	0.9572287	173.17969	0.17828113	0.123151146	115.0	0.0
SPIKE	S45:C>A	9	52959	1.6994278E-4	20.808811	40.0	TRUE	C	3.4169012E-4	1.0	6.374414E-4	0.9614676	98.05995	0.18465346	0.14816017	115.0	1.0
SPIKE	S45:C>G	24	52959	4.5318075E-4	32.386707	40.0	TRUE	C	0.0012095923	295.0	3.1762224E-4	0.8701383	160.18207	0.21721746	0.16444792	115.0	0.0
SPIKE	S46:G>C	45	52959	8.497139E-4	87.86624	40.0	TRUE	G	0.0010802081	271.0	3.6251312E-4	0.88318205	160.18207	0.21117154	0.14836845	115.0	0.0
SPIKE	S46:G>T	1	52959	1.8882532E-5	2.0412	40.0	TRUE	G	3.786982E-4	4.0	5.239683E-4	0.9573844	98.05995	0.20462982	0.13255602	115.0	1.0
SPIKE	S46:G>A	40	52959	7.5530127E-4	98.05198	40.0	TRUE	G	4.5896656E-4	134.0	6.779931E-4	0.9485876	173.17969	0.18151419	0.12972642	115.0	0.0
SPIKE	D46-47:G>	1	52959	1.8882532E-5	-1.0	39.98903	TRUE		NaN	NaN	NaN	NaN	NaN	NaN	NaN	NaN	NaN
SPIKE	S47:A>T	19	52960	3.5876132E-4	58.445087	40.0	TRUE	A	1.2520848E-4	30.0	5.7620445E-4	0.9857042	92.19152	0.22116213	0.1323944	115.0	0.0
SPIKE	S47:A>G	28	52960	5.287009E-4	51.216248	40.0	TRUE	A	8.6139346E-4	253.0	7.45276E-4	0.90568817	202.05571	0.18044831	0.12577316	115.0	0.0
SPIKE	D47-48:A>	3	52960	5.6646524E-5	-1.0	39.996696	TRUE		NaN	NaN	NaN	NaN	NaN	NaN	NaN	NaN	NaN
SPIKE	S47:A>C	0	52960	0.0	-1.0	0.0	TRUE	A	4.8657515E-4	1.0	9.646855E-4	0.9455806	124.76783	0.2067352	0.13863917	115.0	1.0
SPIKE	S48:A>T	8	52960	1.5105741E-4	25.331787	40.0	TRUE	A	2.378961E-4	57.0	5.7620445E-4	0.9730128	92.19152	0.22116213	0.1323944	115.0	0.0
SPIKE	S48:A>G	40	52960	7.55287E-4	108.40486	40.0	TRUE	A	2.553538E-4	75.0	7.45276E-4	0.9710613	202.05571	0.18044831	0.12577316	115.0	0.0
SPIKE	S48:A>C	0	52960	0.0	-1.0	0.0	TRUE	A	4.8657515E-4	2.0	9.646855E-4	0.9455806	124.76783	0.2067352	0.13863917	115.0	1.0
SPIKE	S49:T>C	28	52960	5.287009E-4	85.53779	40.0	TRUE	T	1.8205088E-4	52.0	7.777429E-4	0.9792818	202.05571	0.18555614	0.13959907	115.0	0.0
SPIKE	S49:T>G	6	52960	1.1329305E-4	9.311187	40.0	TRUE	T	4.8439423E-4	5.0	4.64225E-4	0.94581777	124.76783	0.20570552	0.1274451	115.0	1.0
SPIKE	S49:T>A	18	52960	3.3987916E-4	27.605137	40.0	TRUE	T	8.773439E-4	224.0	5.2865717E-4	0.90402836	92.19152	0.20753887	0.13190033	115.0	0.0
SPIKE	D49-50:T>	25	52960	4.7205438E-4	-1.0	39.996147	TRUE		NaN	NaN	NaN	NaN	NaN	NaN	NaN	NaN	NaN
SPIKE	D49-51:TT>	1	52960	1.8882176E-5	-1.0	39.996147	TRUE		NaN	NaN	NaN	NaN	NaN	NaN	NaN	NaN	NaN
SPIKE	S50:T>C	28	52960	5.287009E-4	85.53779	40.0	TRUE	T	1.785499E-4	51.0	7.777429E-4	0.9796761	202.05571	0.18555614	0.13959907	115.0	0.0
SPIKE	S50:T>G	2	52960	3.7764352E-5	2.2639637	40.0	TRUE	T	4.8439423E-4	8.0	4.64225E-4	0.94581777	124.76783	0.20570552	0.1274451	115.0	1.0
SPIKE	S50:T>A	22	52960	4.1540785E-4	-1.0	40.0	TRUE	T	6.658413E-5	17.0	5.2865717E-4	0.9923721	92.19152	0.20753887	0.13190033	115.0	0.0
SPIKE	D50-51:T>	1	52960	1.8882176E-5	-1.0	39.998318	TRUE		NaN	NaN	NaN	NaN	NaN	NaN	NaN	NaN	NaN
SPIKE	S51:T>C	33	52960	6.231118E-4	88.11774	40.0	TRUE	T	2.625734E-4	75.0	7.777429E-4	0.9702554	202.05571	0.18555614	0.13959907	115.0	0.0
SPIKE	S51:T>G	3	52960	5.6646524E-5	3.748162	40.0	TRUE	T	4.8439423E-4	1.0	4.64225E-4	0.94581777	124.76783	0.20570552	0.1274451	115.0	1.0
SPIKE	S51:T>A	13	52960	2.4546828E-4	31.537222	40.0	TRUE	T	2.7025325E-4	69.0	5.2865717E-4	0.96939886	92.19152	0.20753887	0.13190033	115.0	0.0
SPIKE	S52:A>T	7	52960	1.3217522E-4	15.631419	40.0	TRUE	A	3.5893096E-4	86.0	5.7620445E-4	0.95956326	92.19152	0.22116213	0.1323944	115.0	0.0
SPIKE	S52:A>C	5	52960	9.4410876E-5	16.300888	40.0	TRUE	A	1.2869487E-4	33.0	9.646855E-4	0.98530906	124.76783	0.2067352	0.13863917	115.0	0.0
SPIKE	S52:A>G	29	52960	5.475831E-4	76.59832	40.0	TRUE	A	3.4047174E-4	100.0	7.45276E-4	0.9616024	202.05571	0.18044831	0.12577316	115.0	0.0
SPIKE	D52-53:A>	2	52960	3.7764352E-5	-1.0	39.98956	TRUE		NaN	NaN	NaN	NaN	NaN	NaN	NaN	NaN	NaN
SPIKE	S53:C>T	30	52960	5.6646526E-4	79.47218	40.0	TRUE	C	3.195574E-4	95.0	7.643932E-4	0.963918	173.18297	0.17828113	0.123151146	115.0	0.0
SPIKE	S53:C>G	54	52960	0.0010196374	149.35994	40.0	TRUE	C	3.1571812E-4	77.0	3.1762224E-4	0.9643436	160.18509	0.21721746	0.16444792	115.0	0.0
SPIKE	S53:C>A	11	52960	2.0770392E-4	20.53052	40.0	TRUE	C	5.331188E-4	153.0	6.374414E-4	0.94053286	98.061806	0.18465346	0.14816017	115.0	0.0
SPIKE	D53-54:C>	43	52960	8.1193354E-4	-1.0	39.996902	TRUE		NaN	NaN	NaN	NaN	NaN	NaN	NaN	NaN	NaN
SPIKE	S54:C>T	27	52960	5.098187E-4	70.864174	40.0	TRUE	C	2.5228216E-4	75.0	7.643932E-4	0.9714044	173.18297	0.17828113	0.123151146	115.0	0.0
SPIKE	S54:C>G	14	52960	2.6435044E-4	-1.0	40.0	TRUE	C	4.5102588E-5	11.0	3.1762224E-4	0.9948266	160.18509	0.21721746	0.16444792	115.0	0.0
SPIKE	S54:C>A	16	52960	3.0211481E-4	49.41419	40.0	TRUE	C	1.1847084E-4	34.0	6.374414E-4	0.98646826	98.061806	0.18465346	0.14816017	115.0	0.0
SPIKE	S55:A>T	16	52960	3.0211481E-4	49.41419	40.0	TRUE	A	9.5993164E-5	23.0	5.7620445E-4	0.9890215	92.19152	0.22116213	0.1323944	115.0	0.0
SPIKE	S55:A>C	2	52960	3.7764352E-5	1.3408211	40.0	TRUE	A	6.590737E-4	169.0	9.646855E-4	0.9270076	124.76783	0.2067352	0.13863917	115.0	0.0
SPIKE	S55:A>G	80	52960	0.001510574	178.18399	40.0	TRUE	A	0.001143985	336.0	7.45276E-4	0.8767282	202.05571	0.18044831	0.12577316	115.0	0.0
SPIKE	D55-56:A>	2	52960	3.7764352E-5	-1.0	39.990917	TRUE		NaN	NaN	NaN	NaN	NaN	NaN	NaN	NaN	NaN
SPIKE	D55-57:AC>	1	52960	1.8882176E-5	-1.0	39.990917	TRUE		NaN	NaN	NaN	NaN	NaN	NaN	NaN	NaN	NaN
SPIKE	S56:C>T	31	52960	5.853474E-4	82.3502	40.0	TRUE	C	2.8928355E-4	86.0	7.643932E-4	0.9672797	173.18297	0.17828113	0.123151146	115.0	0.0
SPIKE	S56:C>G	44	52960	8.308157E-4	133.70259	40.0	TRUE	C	1.9271107E-4	47.0	3.1762224E-4	0.978082	160.18509	0.21721746	0.16444792	115.0	0.0
SPIKE	S56:C>A	7	52960	1.3217522E-4	15.631419	40.0	TRUE	C	3.9025687E-4	112.0	6.374414E-4	0.9561126	98.061806	0.18465346	0.14816017	115.0	0.0
SPIKE	D56-57:C>	19	52960	3.5876132E-4	-1.0	39.99713	TRUE		NaN	NaN	NaN	NaN	NaN	NaN	NaN	NaN	NaN
SPIKE	S57:C>T	38	52960	7.1752263E-4	102.594444	40.0	TRUE	C	3.0610236E-4	91.0	7.643932E-4	0.9654106	173.18297	0.17828113	0.123151146	115.0	0.0
SPIKE	S57:C>G	9	52960	1.6993958E-4	-1.0	40.0	TRUE	C	6.9704E-5	17.0	3.1762224E-4	0.9920161	160.18509	0.21721746	0.16444792	115.0	0.0
SPIKE	S57:C>A	8	52960	1.5105741E-4	-1.0	40.0	TRUE	C	8.014204E-5	23.0	6.374414E-4	0.990826	98.061806	0.18465346	0.14816017	115.0	0.0
SPIKE	S58:A>T	11	52960	2.0770392E-4	34.362686	40.0	TRUE	A	1.1268763E-4	27.0	5.7620445E-4	0.9871245	92.19152	0.22116213	0.1323944	115.0	0.0
SPIKE	S58:A>C	2	52960	3.7764352E-5	2.2639637	40.0	TRUE	A	4.289829E-4	110.0	9.646855E-4	0.95186406	124.76783	0.2067352	0.13863917	115.0	0.0
SPIKE	S58:A>G	59	52960	0.0011140483	151.92128	40.0	TRUE	A	5.549689E-4	163.0	7.45276E-4	0.9381725	202.05571	0.18044831	0.12577316	115.0	0.0
SPIKE	D58-59:A>	1	52960	1.8882176E-5	-1.0	39.993183	TRUE		NaN	NaN	NaN	NaN	NaN	NaN	NaN	NaN	NaN
SPIKE	S59:T>C	35	52960	6.6087616E-4	93.899216	40.0	TRUE	T	3.6410175E-4	104.0	7.777429E-4	0.9589928	202.05571	0.18555614	0.13959907	115.0	0.0
SPIKE	S59:T>G	2	52960	3.7764352E-5	2.2639637	40.0	TRUE	T	4.8439423E-4	2.0	4.64225E-4	0.94581777	124.76783	0.20570552	0.1274451	115.0	1.0
SPIKE	S59:T>A	17	52960	3.2099697E-4	35.485752	40.0	TRUE	T	4.856725E-4	124.0	5.2865717E-4	0.9456788	92.19152	0.20753887	0.13190033	115.0	0.0
SPIKE	D59-60:T>	4	52960	7.5528704E-5	-1.0	39.995373	TRUE		NaN	NaN	NaN	NaN	NaN	NaN	NaN	NaN	NaN
SPIKE	S60:T>C	75	52960	0.0014161632	203.15096	40.0	TRUE	T	4.5162623E-4	129.0	7.777429E-4	0.9493887	202.05571	0.18555614	0.13959907	115.0	0.0
SPIKE	S60:T>G	1	52960	1.8882176E-5	-1.0	40.0	TRUE	T	7.376493E-5	19.0	4.64225E-4	0.9915529	124.76783	0.20570552	0.1274451	115.0	0.0
SPIKE	S60:T>A	10	52960	1.8882175E-4	-1.0	40.0	TRUE	T	5.4833992E-5	14.0	5.2865717E-4	0.9937139	92.19152	0.20753887	0.13190033	115.0	0.0
SPIKE	S61:G>T	6	52960	1.1329305E-4	13.113299	40.0	TRUE	G	3.90045E-4	101.0	5.239683E-4	0.9561359	98.061806	0.20462982	0.13255602	115.0	0.0
SPIKE	S61:G>C	12	52960	2.265861E-4	37.372986	40.0	TRUE	G	9.167645E-5	23.0	3.6251312E-4	0.98951256	160.18509	0.21117154	0.14836845	115.0	0.0
SPIKE	S61:G>A	32	52960	6.0422963E-4	85.232124	40.0	TRUE	G	3.1168037E-4	91.0	6.779931E-4	0.96479154	173.18297	0.18151419	0.12972642	115.0	0.0
SPIKE	D61-62:G>	2	52960	3.7764352E-5	-1.0	39.988766	TRUE		NaN	NaN	NaN	NaN	NaN	NaN	NaN	NaN	NaN
SPIKE	S62:A>T	23	52960	4.3429004E-4	70.48629	40.0	TRUE	A	1.585974E-4	38.0	5.7620445E-4	0.9819266	92.19152	0.22116213	0.1323944	115.0	0.0
SPIKE	S62:A>G	26	52960	4.9093657E-4	59.339897	40.0	TRUE	A	5.311359E-4	156.0	7.45276E-4	0.9407474	202.05571	0.18044831	0.12577316	115.0	0.0
SPIKE	D62-63:A>	27	52960	5.098187E-4	-1.0	39.99679	TRUE		NaN	NaN	NaN	NaN	NaN	NaN	NaN	NaN	NaN
SPIKE	I62:>A	3	52960	5.6646524E-5	-1.0	39.99679	TRUE		NaN	NaN	NaN	NaN	NaN	NaN	NaN	NaN	NaN
SPIKE	S62:A>C	0	52960	0.0	-1.0	0.0	TRUE	A	4.8657515E-4	3.0	9.646855E-4	0.9455806	124.76783	0.2067352	0.13863917	115.0	1.0
SPIKE	S63:A>T	14	52960	2.6435044E-4	-1.0	40.0	TRUE	A	7.92987E-5	19.0	5.7620445E-4	0.9909221	92.19152	0.22116213	0.1323944	115.0	0.0
SPIKE	S63:A>C	4	52960	7.5528704E-5	5.449171	40.0	TRUE	A	4.8657515E-4	3.0	9.646855E-4	0.9455806	124.76783	0.2067352	0.13863917	115.0	1.0
SPIKE	S63:A>G	58	52960	0.0010951662	180.618	40.0	TRUE	A	2.2130662E-4	65.0	7.45276E-4	0.97487086	202.05571	0.18044831	0.12577316	115.0	0.0
SPIKE	S64:A>G	40	52960	7.55287E-4	108.40486	40.0	TRUE	A	2.723774E-4	80.0	7.45276E-4	0.9691621	202.05571	0.18044831	0.12577316	115.0	0.0
SPIKE	S64:A>C	5	52960	9.4410876E-5	7.3154635	40.0	TRUE	A	4.8657515E-4	9.0	9.646855E-4	0.9455806	124.76783	0.2067352	0.13863917	115.0	1.0
SPIKE	S64:A>T	11	52960	2.0770392E-4	-1.0	40.0	TRUE	A	4.173616E-5	10.0	5.7620445E-4	0.99521184	92.19152	0.22116213	0.1323944	115.0	0.0
SPIKE	S65:A>G	33	52960	6.231118E-4	78.52778	40.0	TRUE	A	5.753972E-4	169.0	7.45276E-4	0.9359711	202.05571	0.18044831	0.12577316	115.0	0.0
SPIKE	S65:A>C	2	52960	3.7764352E-5	3.9120662	40.0	TRUE	A	4.01684E-4	103.0	9.646855E-4	0.95485705	124.76783	0.2067352	0.13863917	115.0	0.0
SPIKE	S65:A>T	4	52960	7.5528704E-5	8.284564	40.0	TRUE	A	3.84772E-4	9.0	5.7620445E-4	0.95671594	92.19152	0.22116213	0.1323944	115.0	1.0
SPIKE	S66:C>A	3	52960	5.6646524E-5	10.280287	40.0	TRUE	C	2.0558175E-4	59.0	6.374414E-4	0.9766354	98.061806	0.18465346	0.14816017	115.0	0.0
SPIKE	S66:C>G	17	52960	3.2099697E-4	-1.0	40.0	TRUE	C	5.330306E-5	13.0	3.1762224E-4	0.9938889	160.18509	0.21721746	0.16444792	115.0	0.0
SPIKE	S66:C>T	21	52960	3.965257E-4	64.46568	40.0	TRUE	C	2.1191702E-4	63.0	7.643932E-4	0.9759241	173.18297	0.17828113	0.123151146	115.0	0.0
SPIKE	D66-67:C>	17	52960	3.2099697E-4	-1.0	39.994015	TRUE		NaN	NaN	NaN	NaN	NaN	NaN	NaN	NaN	NaN
SPIKE	S67:C>A	15	52960	2.8323263E-4	37.025364	40.0	TRUE	C	3.345059E-4	96.0	6.374414E-4	0.96226233	98.061806	0.18465346	0.14816017	115.0	0.0
SPIKE	S67:C>G	19	52960	3.5876132E-4	-1.0	40.0	TRUE	C	6.560377E-5	16.0	3.1762224E-4	0.992484	160.18509	0.21721746	0.16444792	115.0	0.0
SPIKE	S67:C>T	36	52960	6.797583E-4	109.620186	40.0	TRUE	C	1.9173445E-4	57.0	7.643932E-4	0.97819185	173.18297	0.17828113	0.123151146	115.0	0.0
SPIKE	S68:A>G	53	52960	0.0010007552	95.23095	40.0	TRUE	A	0.0012597454	370.0	7.45276E-4	0.8651341	202.05571	0.18044831	0.12577316	115.0	0.0
SPIKE	S68:A>C	6	52960	1.1329305E-4	19.311188	40.0	TRUE	A	1.403944E-4	36.0	9.646855E-4	0.9839843	124.76783	0.2067352	0.13863917	115.0	0.0
SPIKE	S68:A>T	10	52960	1.8882175E-4	-1.0	40.0	TRUE	A	7.5125085E-5	18.0	5.7620445E-4	0.9913978	92.19152	0.22116213	0.1323944	115.0	0.0
SPIKE	S69:G>A	25	52960	4.7205438E-4	65.15026	40.0	TRUE	G	3.1510543E-4	92.0	6.779931E-4	0.96441156	173.18297	0.18151419	0.12972642	115.0	0.0
SPIKE	S69:G>C	31	52960	5.853474E-4	73.00521	40.0	TRUE	G	4.4642444E-4	112.0	3.6251312E-4	0.9499568	160.18509	0.21117154	0.14836845	115.0	0.0
SPIKE	S69:G>T	3	52960	5.6646524E-5	6.0206	40.0	TRUE	G	3.786982E-4	6.0	5.239683E-4	0.9573844	98.061806	0.20462982	0.13255602	115.0	1.0
SPIKE	S70:C>A	14	52960	2.6435044E-4	34.27314	40.0	TRUE	C	3.4169012E-4	9.0	6.374414E-4	0.9614676	98.061806	0.18465346	0.14816017	115.0	1.0
SPIKE	S70:C>G	7	52960	1.3217522E-4	22.321487	40.0	TRUE	C	1.7220988E-4	42.0	3.1762224E-4	0.98039067	160.18509	0.21721746	0.16444792	115.0	0.0
SPIKE	S70:C>T	22	52960	4.1540785E-4	56.62427	40.0	TRUE	C	3.7674137E-4	112.0	7.643932E-4	0.9575999	173.18297	0.17828113	0.123151146	115.0	0.0
SPIKE	D70-71:C>	3	52960	5.6646524E-5	-1.0	39.998207	TRUE		NaN	NaN	NaN	NaN	NaN	NaN	NaN	NaN	NaN
SPIKE	S71:C>A	10	52960	1.8882175E-4	23.451881	40.0	TRUE	C	3.4169012E-4	4.0	6.374414E-4	0.9614676	98.061806	0.18465346	0.14816017	115.0	1.0
SPIKE	S71:C>G	15	52960	2.8323263E-4	37.025364	40.0	TRUE	C	4.0182308E-4	98.0	3.1762224E-4	0.95484173	160.18509	0.21721746	0.16444792	115.0	0.0
SPIKE	S71:C>T	67	52960	0.0012651058	180.02802	40.0	TRUE	C	4.541079E-4	135.0	7.643932E-4	0.9491178	173.18297	0.17828113	0.123151146	115.0	0.0
SPIKE	S72:G>A	69	52960	0.0013028701	185.79863	40.0	TRUE	G	4.760832E-4	139.0	6.779931E-4	0.9467222	173.18297	0.18151419	0.12972642	115.0	0.0
SPIKE	S72:G>C	21	52960	3.965257E-4	64.46568	40.0	TRUE	G	2.0328256E-4	51.0	3.6251312E-4	0.97689366	160.18509	0.21117154	0.14836845	115.0	0.0
SPIKE	S72:G>T	5	52960	9.4410876E-5	10.658173	40.0	TRUE	G	3.166702E-4	82.0	5.239683E-4	0.96423805	98.061806	0.20462982	0.13255602	115.0	0.0
SPIKE	D72-73:G>	3	52960	5.6646524E-5	-1.0	39.993732	TRUE		NaN	NaN	NaN	NaN	NaN	NaN	NaN	NaN	NaN
SPIKE	S73:T>A	16	52960	3.0211481E-4	-1.0	40.0	TRUE	T	5.4833992E-5	14.0	5.2865717E-4	0.9937139	92.19152	0.20753887	0.13190033	115.0	0.0
SPIKE	S73:T>G	4	52960	7.5528704E-5	5.449171	40.0	TRUE	T	4.7364848E-4	122.0	4.64225E-4	0.94698733	124.76783	0.20570552	0.1274451	115.0	0.0
SPIKE	S73:T>C	58	52960	0.0010951662	121.933365	40.0	TRUE	T	0.0010047809	287.0	7.777429E-4	0.89087623	202.05571	0.18555614	0.13959907	115.0	0.0
SPIKE	S74:G>A	31	52960	5.853474E-4	94.56869	40.0	TRUE	G	2.3632906E-4	69.0	6.779931E-4	0.97318816	173.18297	0.18151419	0.12972642	115.0	0.0
SPIKE	S74:G>C	2	52960	3.7764352E-5	1.3408211	40.0	TRUE	G	6.3848693E-4	4.0	3.6251312E-4	0.9292049	160.18509	0.21117154	0.14836845	115.0	1.0
SPIKE	D74-75:G>	3	52960	5.6646524E-5	-1.0	39.998264	TRUE		NaN	NaN	NaN	NaN	NaN	NaN	NaN	NaN	NaN
SPIKE	S74:G>T	0	52960	0.0	-1.0	0.0	TRUE	G	8.49603E-5	22.0	5.239683E-4	0.9902771	98.061806	0.20462982	0.13255602	115.0	0.0
SPIKE	S75:G>A	22	52960	4.1540785E-4	67.47598	40.0	TRUE	G	2.32904E-4	68.0	6.779931E-4	0.97357154	173.18297	0.18151419	0.12972642	115.0	0.0
SPIKE	S75:G>C	7	52960	1.3217522E-4	-1.0	40.0	TRUE	G	6.7760855E-5	17.0	3.6251312E-4	0.9922378	160.18509	0.21117154	0.14836845	115.0	0.0
SPIKE	S75:G>T	0	52960	0.0	-1.0	0.0	TRUE	G	3.5915035E-4	93.0	5.239683E-4	0.95953906	98.061806	0.20462982	0.13255602	115.0	0.0
SPIKE	S76:T>A	3	52960	5.6646524E-5	6.0206	40.0	TRUE	T	3.610878E-4	9.0	5.2865717E-4	0.95932525	92.19152	0.20753887	0.13190033	115.0	1.0
SPIKE	S76:T>G	11	52960	2.0770392E-4	34.362686	40.0	TRUE	T	1.8247114E-4	47.0	4.64225E-4	0.97923446	124.76783	0.20570552	0.1274451	115.0	0.0
SPIKE	S76:T>C	20	52960	3.776435E-4	50.97615	40.0	TRUE	T	4.061135E-4	116.0	7.777429E-4	0.95437074	202.05571	0.18555614	0.13959907	115.0	0.0
SPIKE	D76-77:T>	8	52960	1.5105741E-4	-1.0	39.994995	TRUE		NaN	NaN	NaN	NaN	NaN	NaN	NaN	NaN	NaN
SPIKE	S77:T>A	16	52960	3.0211481E-4	49.41419	40.0	TRUE	T	1.2925155E-4	33.0	5.2865717E-4	0.985246	92.19152	0.20753887	0.13190033	115.0	0.0
SPIKE	S77:T>G	3	52960	5.6646524E-5	3.748162	40.0	TRUE	T	4.8439423E-4	4.0	4.64225E-4	0.94581777	124.76783	0.20570552	0.1274451	115.0	1.0
SPIKE	S77:T>C	40	52960	7.55287E-4	121.661385	40.0	TRUE	T	2.275636E-4	65.0	7.777429E-4	0.9741697	202.05571	0.18555614	0.13959907	115.0	0.0
SPIKE	S78:T>A	14	52960	2.6435044E-4	-1.0	40.0	TRUE	T	4.308385E-5	11.0	5.2865717E-4	0.9950576	92.19152	0.20753887	0.13190033	115.0	0.0
SPIKE	S78:T>G	4	52960	7.5528704E-5	8.284564	40.0	TRUE	T	4.192954E-4	108.0	4.64225E-4	0.9529251	124.76783	0.20570552	0.1274451	115.0	0.0
SPIKE	S78:T>C	62	52960	0.0011706948	177.67609	40.0	TRUE	T	3.570998E-4	102.0	7.777429E-4	0.9597653	202.05571	0.18555614	0.13959907	115.0	0.0
SPIKE	S79:G>A	44	52960	8.308157E-4	133.70259	40.0	TRUE	G	2.1577871E-4	63.0	6.779931E-4	0.9754908	173.18297	0.18151419	0.12972642	115.0	0.0
SPIKE	S79:G>C	25	52960	4.7205438E-4	56.63544	40.0	TRUE	G	4.8229782E-4	121.0	3.6251312E-4	0.9460458	160.18509	0.21117154	0.14836845	115.0	0.0
SPIKE	S79:G>T	2	52960	3.7764352E-5	-1.0	40.0	TRUE	G	7.33748E-5	19.0	5.239683E-4	0.9915974	98.061806	0.20462982	0.13255602	115.0	0.0
SPIKE	D79-80:G>	1	52960	1.8882176E-5	-1.0	39.9946	TRUE		NaN	NaN	NaN	NaN	NaN	NaN	NaN	NaN	NaN
SPIKE	S80:C>G	32	52960	6.0422963E-4	67.9256	40.0	TRUE	C	6.847393E-4	167.0	3.1762224E-4	0.9242756	160.18509	0.21721746	0.16444792	115.0	0.0
SPIKE	S80:C>A	12	52960	2.265861E-4	28.819815	40.0	TRUE	C	3.4169012E-4	6.0	6.374414E-4	0.9614676	98.061806	0.18465346	0.14816017	115.0	1.0
SPIKE	S80:C>T	44	52960	8.308157E-4	100.248764	40.0	TRUE	C	6.492061E-4	193.0	7.643932E-4	0.9280602	173.18297	0.17828113	0.123151146	115.0	0.0
SPIKE	D80-81:C>	13	52960	2.4546828E-4	-1.0	39.98595	TRUE		NaN	NaN	NaN	NaN	NaN	NaN	NaN	NaN	NaN
SPIKE	S81:G>A	61	52960	0.0011518127	157.85266	40.0	TRUE	G	4.247073E-4	124.0	6.779931E-4	0.9523322	173.18297	0.18151419	0.12972642	115.0	0.0
SPIKE	S81:G>T	5	52960	9.4410876E-5	10.658173	40.0	TRUE	G	3.786982E-4	4.0	5.239683E-4	0.9573844	98.061806	0.20462982	0.13255602	115.0	1.0
SPIKE	S81:G>C	22	52960	4.1540785E-4	67.47598	40.0	TRUE	G	1.7936697E-4	45.0	3.6251312E-4	0.9795841	160.18509	0.21117154	0.14836845	115.0	0.0
SPIKE	D81-82:G>	1	52960	1.8882176E-5	-1.0	39.99847	TRUE		NaN	NaN	NaN	NaN	NaN	NaN	NaN	NaN	NaN
SPIKE	S82:G>A	25	52960	4.7205438E-4	65.15026	40.0	TRUE	G	3.0140518E-4	88.0	6.779931E-4	0.96593225	173.18297	0.18151419	0.12972642	115.0	0.0
SPIKE	S82:G>T	8	52960	1.5105741E-4	18.199682	40.0	TRUE	G	3.786982E-4	7.0	5.239683E-4	0.9573844	98.061806	0.20462982	0.13255602	115.0	1.0
SPIKE	S82:G>C	27	52960	5.098187E-4	54.85469	40.0	TRUE	G	5.978899E-4	150.0	3.6251312E-4	0.9335532	160.18509	0.21117154	0.14836845	115.0	0.0
SPIKE	S83:C>G	32	52960	6.0422963E-4	67.9256	40.0	TRUE	C	7.216414E-4	176.0	3.1762224E-4	0.92036146	160.18509	0.21721746	0.16444792	115.0	0.0
SPIKE	S83:C>A	7	52960	1.3217522E-4	15.631419	40.0	TRUE	C	3.4169012E-4	5.0	6.374414E-4	0.9614676	98.061806	0.18465346	0.14816017	115.0	1.0
SPIKE	S83:C>T	51	52960	9.629909E-4	129.18161	40.0	TRUE	C	4.473804E-4	133.0	7.643932E-4	0.94985235	173.18297	0.17828113	0.123151146	115.0	0.0
SPIKE	S84:G>A	67	52960	0.0012651058	169.35855	40.0	TRUE	G	6.2336074E-4	182.0	6.779931E-4	0.9308227	173.18297	0.18151419	0.12972642	115.0	0.0
SPIKE	S84:G>T	4	52960	7.5528704E-5	8.284564	40.0	TRUE	G	3.786982E-4	4.0	5.239683E-4	0.9573844	98.061806	0.20462982	0.13255602	115.0	1.0
SPIKE	S84:G>C	7	52960	1.3217522E-4	22.321487	40.0	TRUE	G	1.3153577E-4	33.0	3.6251312E-4	0.9849872	160.18509	0.21117154	0.14836845	115.0	0.0
SPIKE	S85:A>G	37	52960	6.986405E-4	112.630486	40.0	TRUE	A	2.0768776E-4	61.0	7.45276E-4	0.9763989	202.05571	0.18044831	0.12577316	115.0	0.0
SPIKE	S85:A>T	19	52960	3.5876132E-4	40.675655	40.0	TRUE	A	5.091811E-4	122.0	5.7620445E-4	0.9431256	92.19152	0.22116213	0.1323944	115.0	0.0
SPIKE	S85:A>C	3	52960	5.6646524E-5	-1.0	40.0	TRUE	A	4.289829E-5	11.0	9.646855E-4	0.99507886	124.76783	0.2067352	0.13863917	115.0	0.0
SPIKE	S86:T>G	5	52960	9.4410876E-5	-1.0	40.0	TRUE	T	3.8823648E-5	10.0	4.64225E-4	0.9955452	124.76783	0.20570552	0.1274451	115.0	0.0
SPIKE	S86:T>A	15	52960	2.8323263E-4	46.403885	40.0	TRUE	T	1.0183456E-4	26.0	5.2865717E-4	0.9883573	92.19152	0.20753887	0.13190033	115.0	0.0
SPIKE	S86:T>C	37	52960	6.986405E-4	99.69318	40.0	TRUE	T	3.3959493E-4	97.0	7.777429E-4	0.96169937	202.05571	0.18555614	0.13959907	115.0	0.0
SPIKE	D86-87:T>	24	52960	4.531722E-4	-1.0	39.99713	TRUE		NaN	NaN	NaN	NaN	NaN	NaN	NaN	NaN	NaN
SPIKE	S87:T>G	2	52960	3.7764352E-5	2.2639637	40.0	TRUE	T	4.8439423E-4	5.0	4.64225E-4	0.94581777	124.76783	0.20570552	0.1274451	115.0	1.0
SPIKE	S87:T>A	11	52960	2.0770392E-4	-1.0	40.0	TRUE	T	5.4833992E-5	14.0	5.2865717E-4	0.9937139	92.19152	0.20753887	0.13190033	115.0	0.0
SPIKE	S87:T>C	45	52960	8.496979E-4	136.71289	40.0	TRUE	T	2.0305676E-4	58.0	7.777429E-4	0.976919	202.05571	0.18555614	0.13959907	115.0	0.0
SPIKE	S88:T>G	5	52960	9.4410876E-5	7.3154635	40.0	TRUE	T	4.8439423E-4	3.0	4.64225E-4	0.94581777	124.76783	0.20570552	0.1274451	115.0	1.0
SPIKE	S88:T>A	8	52960	1.5105741E-4	13.595069	40.0	TRUE	T	5.561733E-4	142.0	5.2865717E-4	0.9380426	92.19152	0.20753887	0.13190033	115.0	0.0
SPIKE	S88:T>C	40	52960	7.55287E-4	121.661385	40.0	TRUE	T	1.8555186E-4	53.0	7.777429E-4	0.9788876	202.05571	0.18555614	0.13959907	115.0	0.0
SPIKE	S89:A>G	43	52960	8.1193354E-4	130.69229	40.0	TRUE	A	2.4854435E-4	73.0	7.45276E-4	0.971822	202.05571	0.18044831	0.12577316	115.0	0.0
SPIKE	S89:A>T	24	52960	4.531722E-4	41.4919	40.0	TRUE	A	7.679453E-4	184.0	5.7620445E-4	0.91547364	92.19152	0.22116213	0.1323944	115.0	0.0
SPIKE	S89:A>C	2	52960	3.7764352E-5	2.2639637	40.0	TRUE	A	4.8657515E-4	1.0	9.646855E-4	0.9455806	124.76783	0.2067352	0.13863917	115.0	1.0
SPIKE	D89-90:A>	1	52960	1.8882176E-5	-1.0	39.99222	TRUE		NaN	NaN	NaN	NaN	NaN	NaN	NaN	NaN	NaN
SPIKE	D89-92:ATC>	1	52960	1.8882176E-5	-1.0	39.99222	TRUE		NaN	NaN	NaN	NaN	NaN	NaN	NaN	NaN	NaN
SPIKE	S90:T>G	2	52960	3.7764352E-5	2.2639637	40.0	TRUE	T	4.8439423E-4	2.0	4.64225E-4	0.94581777	124.76783	0.20570552	0.1274451	115.0	1.0
SPIKE	S90:T>A	16	52960	3.0211481E-4	49.41419	40.0	TRUE	T	1.8408554E-4	47.0	5.2865717E-4	0.97905266	92.19152	0.20753887	0.13190033	115.0	0.0
SPIKE	S90:T>C	31	52960	5.853474E-4	65.28814	40.0	TRUE	T	6.5818394E-4	188.0	7.777429E-4	0.9271025	202.05571	0.18555614	0.13959907	115.0	0.0
SPIKE	S91:C>G	10	52960	1.8882175E-4	14.269594	40.0	TRUE	C	6.0683483E-4	148.0	3.1762224E-4	0.93259335	160.18509	0.21721746	0.16444792	115.0	0.0
SPIKE	S91:C>A	21	52960	3.965257E-4	53.79622	40.0	TRUE	C	3.4169012E-4	8.0	6.374414E-4	0.9614676	98.061806	0.18465346	0.14816017	115.0	1.0
SPIKE	S91:C>T	62	52960	0.0011706948	177.67609	40.0	TRUE	C	3.9692395E-4	118.0	7.643932E-4	0.95537984	173.18297	0.17828113	0.123151146	115.0	0.0
SPIKE	D91-92:C>	1	52960	1.8882176E-5	-1.0	39.993336	TRUE		NaN	NaN	NaN	NaN	NaN	NaN	NaN	NaN	NaN
SPIKE	S92:G>A	75	52960	0.0014161632	203.15096	40.0	TRUE	G	5.411593E-4	158.0	6.779931E-4	0.93966365	173.18297	0.18151419	0.12972642	115.0	0.0
SPIKE	S92:G>T	6	52960	1.1329305E-4	9.311187	40.0	TRUE	G	5.6382746E-4	146.0	5.239683E-4	0.93721724	98.061806	0.20462982	0.13255602	115.0	0.0
SPIKE	S92:G>C	41	52960	7.7416917E-4	111.31377	40.0	TRUE	G	3.069168E-4	77.0	3.6251312E-4	0.96532017	160.18509	0.21117154	0.14836845	115.0	0.0
SPIKE	S93:T>A	27	52960	5.098187E-4	82.52749	40.0	TRUE	T	9.008442E-5	23.0	5.2865717E-4	0.98969376	92.19152	0.20753887	0.13190033	115.0	0.0
SPIKE	S93:T>C	32	52960	6.0422963E-4	61.211956	40.0	TRUE	T	9.2075736E-4	263.0	7.777429E-4	0.8995262	202.05571	0.18555614	0.13959907	115.0	0.0
SPIKE	S93:T>G	0	52960	0.0	-1.0	0.0	TRUE	T	1.3588276E-4	35.0	4.64225E-4	0.9844949	124.76783	0.20570552	0.1274451	115.0	0.0
SPIKE	S94:C>G	27	52960	5.098187E-4	54.85469	40.0	TRUE	C	7.216414E-4	176.0	3.1762224E-4	0.92036146	160.18509	0.21721746	0.16444792	115.0	0.0
SPIKE	S94:C>A	10	52960	1.8882175E-4	-1.0	40.0	TRUE	C	3.4844365E-5	10.0	6.374414E-4	0.99600095	98.061806	0.18465346	0.14816017	115.0	0.0
SPIKE	S94:C>T	61	52960	0.0011518127	157.85266	40.0	TRUE	C	4.8774554E-4	145.0	7.643932E-4	0.94545335	173.18297	0.17828113	0.123151146	115.0	0.0
SPIKE	D94-95:C>	2	52960	3.7764352E-5	-1.0	39.99415	TRUE		NaN	NaN	NaN	NaN	NaN	NaN	NaN	NaN	NaN
SPIKE	S95:G>A	74	52960	0.001397281	200.25494	40.0	TRUE	G	5.651347E-4	165.0	6.779931E-4	0.9370764	173.18297	0.18151419	0.12972642	115.0	0.0
SPIKE	S95:G>T	1	52960	1.8882176E-5	1.0720997	40.0	TRUE	G	5.599656E-4	145.0	5.239683E-4	0.9376336	98.061806	0.20462982	0.13255602	115.0	0.0
SPIKE	S95:G>C	47	52960	8.874622E-4	128.81238	40.0	TRUE	G	3.5873393E-4	90.0	3.6251312E-4	0.95958495	160.18509	0.21117154	0.14836845	115.0	0.0
SPIKE	D95-98:GTC>	4	52960	7.5528704E-5	-1.0	39.990692	TRUE		NaN	NaN	NaN	NaN	NaN	NaN	NaN	NaN	NaN
SPIKE	S96:T>C	40	52960	7.55287E-4	75.12709	40.0	TRUE	T	0.0010012799	286.0	7.777429E-4	0.89123493	202.05571	0.18555614	0.13959907	115.0	0.0
SPIKE	S96:T>A	16	52960	3.0211481E-4	49.41419	40.0	TRUE	T	8.61677E-5	22.0	5.2865717E-4	0.99013966	92.19152	0.20753887	0.13190033	115.0	0.0
SPIKE	S96:T>G	2	52960	3.7764352E-5	7.269987	40.0	TRUE	T	1.6305932E-4	42.0	4.64225E-4	0.9814229	124.76783	0.20570552	0.1274451	115.0	0.0
SPIKE	S97:C>T	36	52960	6.797583E-4	96.79472	40.0	TRUE	C	2.926473E-4	87.0	7.643932E-4	0.9669056	173.18297	0.17828113	0.123151146	115.0	0.0
SPIKE	S97:C>A	6	52960	1.1329305E-4	9.311187	40.0	TRUE	C	5.1221217E-4	147.0	6.374414E-4	0.9427969	98.061806	0.18465346	0.14816017	115.0	0.0
SPIKE	S97:C>G	23	52960	4.3429004E-4	70.48629	40.0	TRUE	C	1.0660612E-4	26.0	3.1762224E-4	0.98781514	160.18509	0.21721746	0.16444792	115.0	0.0
SPIKE	D97-98:C>	1	52960	1.8882176E-5	-1.0	39.991844	TRUE		NaN	NaN	NaN	NaN	NaN	NaN	NaN	NaN	NaN
SPIKE	S98:A>C	3	52960	5.6646524E-5	10.280287	40.0	TRUE	A	1.4819409E-4	38.0	9.646855E-4	0.9831021	124.76783	0.2067352	0.13863917	115.0	0.0
SPIKE	S98:A>T	4	52960	7.5528704E-5	3.6487768	40.0	TRUE	A	6.5525767E-4	157.0	5.7620445E-4	0.92741454	92.19152	0.22116213	0.1323944	115.0	0.0
SPIKE	S98:A>G	81	52960	0.0015294562	220.55687	40.0	TRUE	A	5.5837363E-4	164.0	7.45276E-4	0.93780524	202.05571	0.18044831	0.12577316	115.0	0.0
SPIKE	D98-99:A>	1	52960	1.8882176E-5	-1.0	39.989445	TRUE		NaN	NaN	NaN	NaN	NaN	NaN	NaN	NaN	NaN
SPIKE	I98:>GTC	5	52960	9.4410876E-5	-1.0	39.989445	TRUE		NaN	NaN	NaN	NaN	NaN	NaN	NaN	NaN	NaN
SPIKE	D98-101:ATC>	3	52960	5.6646524E-5	-1.0	39.989445	TRUE		NaN	NaN	NaN	NaN	NaN	NaN	NaN	NaN	NaN
SPIKE	S99:T>C	30	52960	5.6646526E-4	56.184185	40.0	TRUE	T	7.947221E-4	227.0	7.777429E-4	0.91265893	202.05571	0.18555614	0.13959907	115.0	0.0
SPIKE	S99:T>A	11	52960	2.0770392E-4	34.362686	40.0	TRUE	T	1.9583569E-4	50.0	5.2865717E-4	0.97773063	92.19152	0.20753887	0.13190033	115.0	0.0
SPIKE	S99:T>G	2	52960	3.7764352E-5	2.2639637	40.0	TRUE	T	4.8439423E-4	7.0	4.64225E-4	0.94581777	124.76783	0.20570552	0.1274451	115.0	1.0
SPIKE	S100:C>T	72	52960	0.0013595166	183.49844	40.0	TRUE	C	6.155685E-4	183.0	7.643932E-4	0.9316572	173.18297	0.17828113	0.123151146	115.0	0.0
SPIKE	S100:C>A	14	52960	2.6435044E-4	34.27314	40.0	TRUE	C	3.4169012E-4	8.0	6.374414E-4	0.9614676	98.061806	0.18465346	0.14816017	115.0	1.0
SPIKE	S100:C>G	8	52960	1.5105741E-4	7.8612313	40.0	TRUE	C	7.66744E-4	187.0	3.1762224E-4	0.9156001	160.18509	0.21721746	0.16444792	115.0	0.0
SPIKE	S101:G>C	35	52960	6.6087616E-4	106.609886	40.0	TRUE	G	2.4314188E-4	61.0	3.6251312E-4	0.972426	160.18509	0.21117154	0.14836845	115.0	0.0
SPIKE	S101:G>A	71	52960	0.0013406344	191.57625	40.0	TRUE	G	4.589579E-4	134.0	6.779931E-4	0.94858855	173.18297	0.18151419	0.12972642	115.0	0.0
SPIKE	S101:G>T	0	52960	0.0	-1.0	0.0	TRUE	G	5.6382746E-4	146.0	5.239683E-4	0.93721724	98.061806	0.20462982	0.13255602	115.0	0.0
SPIKE	S102:T>C	66	52960	0.0012462236	177.14546	39.939392	TRUE	T	5.1464385E-4	147.0	7.777429E-4	0.9425333	202.05571	0.18555614	0.13959907	115.0	0.0
SPIKE	S102:T>A	22	52960	4.1540785E-4	-1.0	40.0	TRUE	T	6.2667415E-5	16.0	5.2865717E-4	0.99281913	92.19152	0.20753887	0.13190033	115.0	0.0
SPIKE	S102:T>G	3	52960	5.6646524E-5	2.3797824	40.0	TRUE	T	7.1047276E-4	183.0	4.64225E-4	0.9215444	124.76783	0.20570552	0.1274451	115.0	0.0
SPIKE	D102-105:TGG>	1	52960	1.8882176E-5	-1.0	39.990673	TRUE		NaN	NaN	NaN	NaN	NaN	NaN	NaN	NaN	NaN
SPIKE	S103:G>C	20	52960	3.776435E-4	61.455387	40.0	TRUE	G	1.3552171E-4	34.0	3.6251312E-4	0.9845358	160.18509	0.21117154	0.14836845	115.0	0.0
SPIKE	S103:G>T	3	52960	5.6646524E-5	10.280287	40.0	TRUE	G	1.2357862E-4	32.0	5.239683E-4	0.98588896	98.061806	0.20462982	0.13255602	115.0	0.0
SPIKE	S103:G>A	34	52960	6.4199395E-4	103.59959	40.0	TRUE	G	2.500293E-4	73.0	6.779931E-4	0.9716561	173.18297	0.18151419	0.12972642	115.0	0.0
SPIKE	D103-104:G>	16	52960	3.0211481E-4	-1.0	39.992786	TRUE		NaN	NaN	NaN	NaN	NaN	NaN	NaN	NaN	NaN
SPIKE	S104:G>C	25	52960	4.7205438E-4	43.893612	40.0	TRUE	G	7.65299E-4	192.0	3.6251312E-4	0.9157523	160.18509	0.21117154	0.14836845	115.0	0.0
SPIKE	S104:G>T	6	52960	1.1329305E-4	-1.0	40.0	TRUE	G	3.8618316E-5	10.0	5.239683E-4	0.99556875	98.061806	0.20462982	0.13255602	115.0	0.0
SPIKE	S104:G>A	26	52960	4.9093657E-4	68.00451	40.0	TRUE	G	3.9388178E-4	115.0	6.779931E-4	0.95571417	173.18297	0.18151419	0.12972642	115.0	0.0
SPIKE	S105:C>T	58	52960	0.0010951662	139.00949	40.0	TRUE	C	6.761162E-4	201.0	7.643932E-4	0.9251926	173.18297	0.17828113	0.123151146	115.0	0.0
SPIKE	S105:C>A	15	52960	2.8323263E-4	-1.0	40.0	TRUE	C	4.878211E-5	14.0	6.374414E-4	0.99440575	98.061806	0.18465346	0.14816017	115.0	0.0
SPIKE	S105:C>G	26	52960	4.9093657E-4	41.173767	40.0	TRUE	C	0.0010824621	264.0	3.1762224E-4	0.88295317	160.18509	0.21721746	0.16444792	115.0	0.0
SPIKE	D105-106:C>	20	52960	3.776435E-4	-1.0	39.973038	TRUE		NaN	NaN	NaN	NaN	NaN	NaN	NaN	NaN	NaN
SPIKE	D105-107:CG>	4	52960	7.5528704E-5	-1.0	39.973038	TRUE		NaN	NaN	NaN	NaN	NaN	NaN	NaN	NaN	NaN
SPIKE	S106:G>C	30	52960	5.6646526E-4	79.47218	40.0	TRUE	G	2.7502934E-4	69.0	3.6251312E-4	0.9688666	160.18509	0.21117154	0.14836845	115.0	0.0
SPIKE	S106:G>T	5	52960	9.4410876E-5	10.658173	40.0	TRUE	G	3.786982E-4	6.0	5.239683E-4	0.9573844	98.061806	0.20462982	0.13255602	115.0	1.0
SPIKE	S106:G>A	66	52960	0.0012462236	166.53848	40.0	TRUE	G	6.130855E-4	179.0	6.779931E-4	0.9319232	173.18297	0.18151419	0.12972642	115.0	0.0
SPIKE	D106-107:G>	5	52960	9.4410876E-5	-1.0	39.99103	TRUE		NaN	NaN	NaN	NaN	NaN	NaN	NaN	NaN	NaN
SPIKE	S107:G>C	37	52960	6.986405E-4	67.61125	40.0	TRUE	G	0.0010243846	257.0	3.6251312E-4	0.88887006	160.18509	0.21117154	0.14836845	115.0	0.0
SPIKE	S107:G>T	9	52960	1.6993958E-4	20.808811	40.0	TRUE	G	3.786982E-4	9.0	5.239683E-4	0.9573844	98.061806	0.20462982	0.13255602	115.0	1.0
SPIKE	S107:G>A	17	52960	3.2099697E-4	35.485752	40.0	TRUE	G	4.3840753E-4	128.0	6.779931E-4	0.95083296	173.18297	0.18151419	0.12972642	115.0	0.0
SPIKE	S108:C>T	26	52960	4.9093657E-4	68.00451	40.0	TRUE	C	3.195574E-4	95.0	7.643932E-4	0.963918	173.18297	0.17828113	0.123151146	115.0	0.0
SPIKE	S108:C>A	9	52960	1.6993958E-4	12.2497015	40.0	TRUE	C	6.724962E-4	193.0	6.374414E-4	0.9255778	98.061806	0.18465346	0.14816017	115.0	0.0
SPIKE	S108:C>G	30	52960	5.6646526E-4	79.47218	40.0	TRUE	C	3.5262023E-4	86.0	3.1762224E-4	0.96025985	160.18509	0.21721746	0.16444792	115.0	0.0
SPIKE	S109:A>C	5	52960	9.4410876E-5	16.300888	40.0	TRUE	A	2.0669177E-4	53.0	9.646855E-4	0.9765107	124.76783	0.2067352	0.13863917	115.0	0.0
SPIKE	S109:A>T	12	52960	2.265861E-4	-1.0	40.0	TRUE	A	6.677785E-5	16.0	5.7620445E-4	0.99235	92.19152	0.22116213	0.1323944	115.0	0.0
SPIKE	S109:A>G	51	52960	9.629909E-4	96.55884	40.0	TRUE	A	0.0011507944	338.0	7.45276E-4	0.8760419	202.05571	0.18044831	0.12577316	115.0	0.0
SPIKE	S110:G>C	22	52960	4.1540785E-4	36.755787	40.0	TRUE	G	8.928489E-4	224.0	3.6251312E-4	0.90241784	160.18509	0.21117154	0.14836845	115.0	0.0
SPIKE	S110:G>T	5	52960	9.4410876E-5	16.300888	40.0	TRUE	G	1.6605877E-4	43.0	5.239683E-4	0.9810844	98.061806	0.20462982	0.13255602	115.0	0.0
SPIKE	S110:G>A	28	52960	5.287009E-4	64.779274	40.0	TRUE	G	4.5553283E-4	133.0	6.779931E-4	0.9489622	173.18297	0.18151419	0.12972642	115.0	0.0
SPIKE	S111:C>T	60	52960	0.0011329305	154.8871	40.0	TRUE	C	4.4065286E-4	131.0	7.643932E-4	0.9505875	173.18297	0.17828113	0.123151146	115.0	0.0
SPIKE	S111:C>A	7	52960	1.3217522E-4	15.631419	40.0	TRUE	C	3.4169012E-4	8.0	6.374414E-4	0.9614676	98.061806	0.18465346	0.14816017	115.0	1.0
SPIKE	S111:C>G	16	52960	3.0211481E-4	16.617006	40.0	TRUE	C	0.0011521662	281.0	3.1762224E-4	0.8759037	160.18509	0.21721746	0.16444792	115.0	0.0
SPIKE	D111-112:C>	1	52960	1.8882176E-5	-1.0	39.98767	TRUE		NaN	NaN	NaN	NaN	NaN	NaN	NaN	NaN	NaN
SPIKE	S112:G>C	37	52958	6.9866684E-4	99.69318	40.0	TRUE	G	4.1455263E-4	104.0	3.6251312E-4	0.95344496	160.17903	0.21117154	0.14836845	115.0	0.0
SPIKE	S112:G>A	64	52958	0.0012085049	171.38612	40.0	TRUE	G	4.898019E-4	143.0	6.779931E-4	0.94522977	173.17642	0.18151419	0.12972642	115.0	0.0
SPIKE	D112-113:G>	1	52958	1.8882889E-5	-1.0	39.9912	TRUE		NaN	NaN	NaN	NaN	NaN	NaN	NaN	NaN	NaN
SPIKE	S112:G>T	0	52958	0.0	-1.0	0.0	TRUE	G	7.183278E-4	186.0	5.239683E-4	0.9207123	98.058105	0.20462982	0.13255602	115.0	0.0
SPIKE	S113:T>C	53	52958	0.0010007931	116.439384	40.0	TRUE	T	7.6674327E-4	219.0	7.777429E-4	0.9156002	202.04808	0.18555614	0.13959907	115.0	0.0
SPIKE	S113:T>G	1	52958	1.8882889E-5	0.17304859	40.0	TRUE	T	9.628628E-4	248.0	4.64225E-4	0.8951811	124.76312	0.20570552	0.1274451	115.0	0.0
SPIKE	S113:T>A	14	52958	2.6436042E-4	-1.0	40.0	TRUE	T	7.442037E-5	19.0	5.2865717E-4	0.9914782	92.18804	0.20753887	0.13190033	115.0	0.0
SPIKE	D113-115:TG>	2	52958	3.7765778E-5	-1.0	39.984516	TRUE		NaN	NaN	NaN	NaN	NaN	NaN	NaN	NaN	NaN
SPIKE	S114:G>T	3	52958	5.6648663E-5	10.280287	40.0	TRUE	G	1.9696086E-4	51.0	5.239683E-4	0.9776041	98.058105	0.20462982	0.13255602	115.0	0.0
SPIKE	S114:G>C	28	52958	5.2872085E-4	73.72888	40.0	TRUE	G	3.1091447E-4	78.0	3.6251312E-4	0.9648765	160.17903	0.21117154	0.14836845	115.0	0.0
SPIKE	S114:G>A	35	52958	6.609011E-4	62.66247	40.0	TRUE	G	9.248008E-4	270.0	6.779931E-4	0.899108	173.17642	0.18151419	0.12972642	115.0	0.0
SPIKE	D114-115:G>	1	52958	1.8882889E-5	-1.0	39.988464	TRUE		NaN	NaN	NaN	NaN	NaN	NaN	NaN	NaN	NaN
SPIKE	S115:A>T	23	52958	4.3430642E-4	59.459663	39.95652	TRUE	A	2.7129528E-4	65.0	5.7620445E-4	0.9692827	92.18804	0.22116213	0.1323944	115.0	0.0
SPIKE	S115:A>C	6	52958	1.1329733E-4	4.872041	40.0	TRUE	A	8.072983E-4	207.0	9.646855E-4	0.91133994	124.76312	0.2067352	0.13863917	115.0	0.0
SPIKE	S115:A>G	33	52958	6.231353E-4	70.57339	40.0	TRUE	A	6.3330133E-4	186.0	7.45276E-4	0.9297592	202.04808	0.18044831	0.12577316	115.0	0.0
SPIKE	S116:C>T	23	52958	4.3430642E-4	70.48629	40.0	TRUE	C	2.489278E-4	74.0	7.643932E-4	0.97177917	173.17642	0.17828113	0.123151146	115.0	0.0
SPIKE	S116:C>G	66	52958	0.0012462706	189.44995	40.0	TRUE	C	2.952281E-4	72.0	3.1762224E-4	0.96661866	160.17903	0.21721746	0.16444792	115.0	0.0
SPIKE	S116:C>A	4	52958	7.5531556E-5	8.284564	40.0	TRUE	C	2.9967286E-4	86.0	6.374414E-4	0.9661247	98.058105	0.18465346	0.14816017	115.0	0.0
SPIKE	D116-117:C>	4	52958	7.5531556E-5	-1.0	39.988518	TRUE		NaN	NaN	NaN	NaN	NaN	NaN	NaN	NaN	NaN
SPIKE	S117:C>T	15	52958	2.8324334E-4	17.695948	40.0	TRUE	C	0.0010091668	300.0	7.643932E-4	0.890427	173.17642	0.17828113	0.123151146	115.0	0.0
SPIKE	S117:C>G	10	52958	1.8882888E-4	-1.0	40.0	TRUE	C	5.7405465E-5	14.0	3.1762224E-4	0.9934201	160.17903	0.21721746	0.16444792	115.0	0.0
SPIKE	S117:C>A	20	52958	3.7765777E-4	61.455387	40.0	TRUE	C	1.1847531E-4	34.0	6.374414E-4	0.9864677	98.058105	0.18465346	0.14816017	115.0	0.0
SPIKE	S118:T>C	30	52958	5.664867E-4	70.25505	40.0	TRUE	T	5.7068106E-4	163.0	7.777429E-4	0.93647885	202.04808	0.18555614	0.13959907	115.0	0.0
SPIKE	S118:T>G	1	52958	1.8882889E-5	4.2596874	40.0	TRUE	T	1.7859552E-4	46.0	4.64225E-4	0.979671	124.76312	0.20570552	0.1274451	115.0	0.0
SPIKE	S118:T>A	12	52958	2.2659465E-4	15.021913	40.0	TRUE	T	8.891276E-4	227.0	5.2865717E-4	0.90280414	92.18804	0.20753887	0.13190033	115.0	0.0
SPIKE	D118-119:T>	2	52958	3.7765778E-5	-1.0	39.987083	TRUE		NaN	NaN	NaN	NaN	NaN	NaN	NaN	NaN	NaN
SPIKE	S119:A>T	14	52958	2.6436042E-4	10.927935	40.0	TRUE	A	0.0012771747	306.0	5.7620445E-4	0.86340183	92.18804	0.22116213	0.1323944	115.0	0.0
SPIKE	S119:A>C	2	52958	3.7765778E-5	7.269987	40.0	TRUE	A	1.0919977E-4	28.0	9.646855E-4	0.9875206	124.76312	0.2067352	0.13863917	115.0	0.0
SPIKE	S119:A>G	39	52958	7.364326E-4	95.24664	40.0	TRUE	A	4.392251E-4	129.0	7.45276E-4	0.95074356	202.04808	0.18044831	0.12577316	115.0	0.0
SPIKE	D119-121:AT>	1	52958	1.8882889E-5	-1.0	39.987103	TRUE		NaN	NaN	NaN	NaN	NaN	NaN	NaN	NaN	NaN
SPIKE	S120:T>C	65	52958	0.0012273877	174.26482	40.0	TRUE	T	4.236344E-4	121.0	7.777429E-4	0.95244974	202.04808	0.18555614	0.13959907	115.0	0.0
SPIKE	S120:T>G	6	52958	1.1329733E-4	3.5300503	40.0	TRUE	T	9.822753E-4	253.0	4.64225E-4	0.8931849	124.76312	0.20570552	0.1274451	115.0	0.0
SPIKE	S120:T>A	8	52958	1.5106311E-4	18.199682	40.0	TRUE	T	2.7026344E-4	69.0	5.2865717E-4	0.9693977	92.18804	0.20753887	0.13190033	115.0	0.0
SPIKE	S121:G>T	2	52958	3.7765778E-5	0.28028724	40.0	TRUE	G	0.0011624553	301.0	5.239683E-4	0.8748679	98.058105	0.20462982	0.13255602	115.0	0.0
SPIKE	S121:G>C	29	52958	5.4760376E-4	88.54809	40.0	TRUE	G	1.4748507E-4	37.0	3.6251312E-4	0.98318225	160.17903	0.21117154	0.14836845	115.0	0.0
SPIKE	S121:G>A	57	52958	0.0010763246	157.92287	40.0	TRUE	G	3.3224325E-4	97.0	6.779931E-4	0.96251273	173.17642	0.18151419	0.12972642	115.0	0.0
SPIKE	S122:T>C	49	52958	9.252615E-4	113.99399	40.0	TRUE	T	7.107255E-4	203.0	7.777429E-4	0.92151755	202.04808	0.18555614	0.13959907	115.0	0.0
SPIKE	S122:T>A	23	52958	4.3430642E-4	70.48629	40.0	TRUE	T	1.4100701E-4	36.0	5.2865717E-4	0.983915	92.18804	0.20753887	0.13190033	115.0	0.0
SPIKE	S122:T>G	0	52958	0.0	-1.0	0.0	TRUE	T	0.0011880485	306.0	4.64225E-4	0.87229675	124.76312	0.20570552	0.1274451	115.0	0.0
SPIKE	S123:G>T	1	52958	1.8882889E-5	0.17304859	40.0	TRUE	G	0.0010234241	265.0	5.239683E-4	0.8889682	98.058105	0.20462982	0.13255602	115.0	0.0
SPIKE	S123:G>C	8	52958	1.5106311E-4	25.331787	40.0	TRUE	G	2.112624E-4	53.0	3.6251312E-4	0.97599757	160.17903	0.21117154	0.14836845	115.0	0.0
SPIKE	S123:G>A	31	52958	5.8536953E-4	82.3502	39.935482	TRUE	G	2.671647E-4	78.0	6.779931E-4	0.96974325	173.17642	0.18151419	0.12972642	115.0	0.0
SPIKE	S124:T>C	78	52958	0.0014728652	200.54439	40.0	TRUE	T	7.037233E-4	201.0	7.777429E-4	0.9222599	202.04808	0.18555614	0.13959907	115.0	0.0
SPIKE	S124:T>A	16	52958	3.0212622E-4	49.41419	40.0	TRUE	T	1.05755265E-4	27.0	5.2865717E-4	0.9879118	92.18804	0.20753887	0.13190033	115.0	0.0
SPIKE	D124-126:TG>	1	52958	1.8882889E-5	-1.0	39.984875	TRUE		NaN	NaN	NaN	NaN	NaN	NaN	NaN	NaN	NaN
SPIKE	S124:T>G	0	52958	0.0	-1.0	0.0	TRUE	T	0.0011958135	308.0	4.64225E-4	0.8715182	124.76312	0.20570552	0.1274451	115.0	0.0
SPIKE	S125:G>T	2	52958	3.7765778E-5	7.269987	40.0	TRUE	G	2.2013273E-4	57.0	5.239683E-4	0.97500247	98.058105	0.20462982	0.13255602	115.0	0.0
SPIKE	S125:G>C	30	52958	5.664867E-4	56.184185	40.0	TRUE	G	9.048408E-4	227.0	3.6251312E-4	0.9011742	160.17903	0.21117154	0.14836845	115.0	0.0
SPIKE	S125:G>A	25	52958	4.7207222E-4	76.50689	40.0	TRUE	G	2.3633799E-4	69.0	6.779931E-4	0.97318715	173.17642	0.18151419	0.12972642	115.0	0.0
SPIKE	D125-126:G>	1	52958	1.8882889E-5	-1.0	39.99241	TRUE		NaN	NaN	NaN	NaN	NaN	NaN	NaN	NaN	NaN
SPIKE	I126:>TG	1	52958	1.8882889E-5	-1.0	39.974	TRUE		NaN	NaN	NaN	NaN	NaN	NaN	NaN	NaN	NaN
SPIKE	S126:C>T	53	52958	0.0010007931	134.88	40.0	TRUE	C	5.045834E-4	150.0	7.643932E-4	0.9436244	173.17642	0.17828113	0.123151146	115.0	0.0
SPIKE	S126:C>G	16	52958	3.0212622E-4	14.0601015	40.0	TRUE	C	0.0013695303	334.0	3.1762224E-4	0.85428023	160.17903	0.21721746	0.16444792	115.0	0.0
SPIKE	S126:C>A	16	52958	3.0212622E-4	49.41419	40.0	TRUE	C	1.8119754E-4	52.0	6.374414E-4	0.97937787	98.058105	0.18465346	0.14816017	115.0	0.0
SPIKE	D126-127:C>	21	52958	3.9654065E-4	-1.0	39.974	TRUE		NaN	NaN	NaN	NaN	NaN	NaN	NaN	NaN	NaN
SPIKE	D126-128:CG>	1	52958	1.8882889E-5	-1.0	39.974	TRUE		NaN	NaN	NaN	NaN	NaN	NaN	NaN	NaN	NaN
SPIKE	S127:G>T	2	52958	3.7765778E-5	-1.0	40.0	TRUE	G	4.2481755E-5	11.0	5.239683E-4	0.9951265	98.058105	0.20462982	0.13255602	115.0	0.0
SPIKE	S127:G>C	14	52958	2.6436042E-4	34.27314	40.0	TRUE	G	4.1455263E-4	104.0	3.6251312E-4	0.95344496	160.17903	0.21117154	0.14836845	115.0	0.0
SPIKE	S127:G>A	55	52958	0.0010385589	140.57306	40.0	TRUE	G	4.2814852E-4	125.0	6.779931E-4	0.95195544	173.17642	0.18151419	0.12972642	115.0	0.0
SPIKE	D127-128:G>	4	52958	7.5531556E-5	-1.0	39.99139	TRUE		NaN	NaN	NaN	NaN	NaN	NaN	NaN	NaN	NaN
SPIKE	S128:G>A	17	52958	3.210091E-4	42.57172	40.0	TRUE	G	2.91141E-4	85.0	6.779931E-4	0.9670731	173.17642	0.18151419	0.12972642	115.0	0.0
SPIKE	S128:G>C	13	52958	2.4547754E-4	13.984274	40.0	TRUE	G	9.765903E-4	245.0	3.6251312E-4	0.893769	160.17903	0.21117154	0.14836845	115.0	0.0
SPIKE	S128:G>T	7	52958	1.3218021E-4	-1.0	40.0	TRUE	G	5.020571E-5	13.0	5.239683E-4	0.99424297	98.058105	0.20462982	0.13255602	115.0	0.0
SPIKE	S129:C>A	7	52956	1.321852E-4	22.321487	40.0	TRUE	C	2.0908198E-4	60.0	6.374414E-4	0.97624236	98.0544	0.18465346	0.14816017	115.0	0.0
SPIKE	S129:C>G	17	52956	3.2102122E-4	13.389667	40.0	TRUE	C	0.0014310903	349.0	3.1762224E-4	0.8482538	160.17299	0.21721746	0.16444792	115.0	0.0
SPIKE	S129:C>T	58	52956	0.0010952489	149.3518	40.0	TRUE	C	5.348786E-4	159.0	7.643932E-4	0.94034255	173.16988	0.17828113	0.123151146	115.0	0.0
SPIKE	D129-130:C>	22	52956	4.1543922E-4	-1.0	39.973392	TRUE		NaN	NaN	NaN	NaN	NaN	NaN	NaN	NaN	NaN
SPIKE	S130:G>A	57	52956	0.0010763652	136.22482	40.0	TRUE	G	6.199825E-4	181.0	6.779931E-4	0.93118435	173.16988	0.18151419	0.12972642	115.0	0.0
SPIKE	S130:G>C	8	52956	1.5106882E-4	13.595069	40.0	TRUE	G	4.4645817E-4	112.0	3.6251312E-4	0.9499531	160.17299	0.21117154	0.14836845	115.0	0.0
SPIKE	D130-131:G>	3	52956	5.6650806E-5	-1.0	39.983044	TRUE		NaN	NaN	NaN	NaN	NaN	NaN	NaN	NaN	NaN
SPIKE	D130-133:GGC>	12	52956	2.2660322E-4	-1.0	39.983044	TRUE		NaN	NaN	NaN	NaN	NaN	NaN	NaN	NaN	NaN
SPIKE	S130:G>T	0	52956	0.0	-1.0	0.0	TRUE	G	3.786982E-4	3.0	5.239683E-4	0.9573844	98.0544	0.20462982	0.13255602	115.0	1.0
SPIKE	S131:G>A	20	52956	3.7767203E-4	43.298504	40.0	TRUE	G	5.788787E-4	169.0	6.779931E-4	0.93559647	173.16988	0.18151419	0.12972642	115.0	0.0
SPIKE	S131:G>C	39	52956	7.3646044E-4	66.71591	40.0	TRUE	G	0.0012158012	305.0	3.6251312E-4	0.8695172	160.17299	0.21117154	0.14836845	115.0	0.0
SPIKE	S131:G>T	9	52956	1.6995241E-4	-1.0	40.0	TRUE	G	3.8621234E-5	10.0	5.239683E-4	0.9955684	98.0544	0.20462982	0.13255602	115.0	0.0
SPIKE	S132:C>A	8	52955	1.5107167E-4	5.998918	40.0	TRUE	C	0.0010733077	308.0	6.374414E-4	0.8838832	98.05255	0.18465346	0.14816017	115.0	0.0
SPIKE	S132:C>G	35	52955	6.6093856E-4	84.07732	40.0	TRUE	C	5.576847E-4	136.0	3.1762224E-4	0.93787956	160.16997	0.21721746	0.16444792	115.0	0.0
SPIKE	S132:C>T	25	52955	4.7209894E-4	65.15026	39.64	TRUE	C	3.9696143E-4	118.0	7.643932E-4	0.95537573	173.16661	0.17828113	0.123151146	115.0	0.0
SPIKE	S133:A>G	2	52952	3.7770056E-5	0.47457275	40.0	TRUE	A	0.0010045434	295.0	7.45276E-4	0.89090055	202.02518	0.18044831	0.12577316	115.0	0.0
SPIKE	S133:A>C	1	52952	1.8885028E-5	0.17304859	40.0	TRUE	A	0.0010219136	262.0	9.646855E-4	0.88912266	124.748985	0.2067352	0.13863917	115.0	0.0
SPIKE	I133:>GGCTGATT	1	52952	1.8885028E-5	-1.0	39.988518	TRUE		NaN	NaN	NaN	NaN	NaN	NaN	NaN	NaN	NaN
SPIKE	S133:A>T	0	52952	0.0	-1.0	0.0	TRUE	A	3.84772E-4	4.0	5.7620445E-4	0.95671594	92.1776	0.22116213	0.1323944	115.0	1.0
SPIKE	S134:G>A	76	52952	0.0014352622	167.42252	40.0	TRUE	G	0.0011133123	325.0	6.779931E-4	0.8798262	173.1568	0.18151419	0.12972642	115.0	0.0
SPIKE	S134:G>C	8	52952	1.5108022E-4	4.5662546	40.0	TRUE	G	0.0011959604	300.0	3.6251312E-4	0.8715035	160.16089	0.21117154	0.14836845	115.0	0.0
SPIKE	S134:G>T	1	52952	1.8885028E-5	2.0412	40.0	TRUE	G	2.5878183E-4	67.0	5.239683E-4	0.97067857	98.04699	0.20462982	0.13255602	115.0	0.0
SPIKE	I135:>C	9	52951	1.6996847E-4	-1.0	39.990765	TRUE		NaN	NaN	NaN	NaN	NaN	NaN	NaN	NaN	NaN
SPIKE	S135:C>A	14	52951	2.6439538E-4	34.27314	40.0	TRUE	C	2.6486217E-4	76.0	6.374414E-4	0.97	98.04514	0.18465346	0.14816017	115.0	0.0
SPIKE	S135:C>G	1	52951	1.8885385E-5	1.0720997	40.0	TRUE	C	5.6182774E-4	137.0	3.1762224E-4	0.9374328	160.15787	0.21721746	0.16444792	115.0	0.0
SPIKE	S135:C>T	22	52951	4.1547845E-4	48.59232	40.0	TRUE	C	5.719368E-4	170.0	7.643932E-4	0.93634367	173.15353	0.17828113	0.123151146	115.0	0.0
SPIKE	D135-136:C>	35	52951	6.6098844E-4	-1.0	39.990765	TRUE		NaN	NaN	NaN	NaN	NaN	NaN	NaN	NaN	NaN
SPIKE	S136:C>A	6	52951	1.1331231E-4	9.311187	40.0	TRUE	C	4.6699384E-4	134.0	6.374414E-4	0.9477123	98.04514	0.18465346	0.14816017	115.0	0.0
SPIKE	S136:C>T	30	52951	5.6656153E-4	45.57288	40.0	TRUE	C	0.0012414393	369.0	7.643932E-4	0.8669573	173.15353	0.17828113	0.123151146	115.0	0.0
SPIKE	S136:C>G	0	52951	0.0	-1.0	0.0	TRUE	C	2.2145035E-4	54.0	3.1762224E-4	0.97485477	160.15787	0.21721746	0.16444792	115.0	0.0
SPIKE	I137:>T	8	52924	1.5116016E-4	-1.0	39.43944	TRUE		NaN	NaN	NaN	NaN	NaN	NaN	NaN	NaN	NaN
SPIKE	S137:T>A	12	52924	2.2674023E-4	22.940357	39.5	TRUE	T	4.272122E-4	109.0	5.2865717E-4	0.9520579	92.12885	0.20753887	0.13190033	115.0	0.0
SPIKE	S137:T>G	4	52924	7.558008E-5	0.7240611	39.5	TRUE	T	0.0012820518	330.0	4.64225E-4	0.8629177	124.68302	0.20570552	0.1274451	115.0	0.0
SPIKE	S137:T>C	4	52924	7.558008E-5	5.449171	36.0	TRUE	T	5.465242E-4	156.0	7.777429E-4	0.93908405	201.91835	0.18555614	0.13959907	115.0	0.0
SPIKE	D137-138:T>	31	52924	5.857456E-4	-1.0	39.43944	TRUE		NaN	NaN	NaN	NaN	NaN	NaN	NaN	NaN	NaN
SPIKE	D137-139:TG>	7	52924	1.3226514E-4	-1.0	39.43944	TRUE		NaN	NaN	NaN	NaN	NaN	NaN	NaN	NaN	NaN
SPIKE	I138:>G	4	52923	7.5581505E-5	-1.0	39.415794	TRUE		NaN	NaN	NaN	NaN	NaN	NaN	NaN	NaN	NaN
SPIKE	S138:G>A	15	52923	2.8343065E-4	10.437964	38.533333	TRUE	G	0.0015046521	439.0	6.779931E-4	0.8411082	173.06197	0.18151419	0.12972642	115.0	0.0
SPIKE	S138:G>C	2	52923	3.7790753E-5	7.269987	36.5	TRUE	G	8.7751825E-5	22.0	3.6251312E-4	0.9899593	160.07318	0.21117154	0.14836845	115.0	0.0
SPIKE	D138-139:G>	14	52923	2.6453528E-4	-1.0	39.415794	TRUE		NaN	NaN	NaN	NaN	NaN	NaN	NaN	NaN	NaN
SPIKE	I138:>CT	1	52923	1.8895376E-5	-1.0	39.415794	TRUE		NaN	NaN	NaN	NaN	NaN	NaN	NaN	NaN	NaN
SPIKE	D138-140:GA>	2	52923	3.7790753E-5	-1.0	39.415794	TRUE		NaN	NaN	NaN	NaN	NaN	NaN	NaN	NaN	NaN
SPIKE	D138-142:GATT>	2	52923	3.7790753E-5	-1.0	39.415794	TRUE		NaN	NaN	NaN	NaN	NaN	NaN	NaN	NaN	NaN
SPIKE	D138-141:GAT>	1	52923	1.8895376E-5	-1.0	39.415794	TRUE		NaN	NaN	NaN	NaN	NaN	NaN	NaN	NaN	NaN
SPIKE	S138:G>T	0	52923	0.0	-1.0	0.0	TRUE	G	8.424679E-4	218.0	5.239683E-4	0.90766144	97.99329	0.20462982	0.13255602	115.0	0.0
SPIKE	D139-141:AT>	4	52916	7.55915E-5	-1.0	39.10564	TRUE		NaN	NaN	NaN	NaN	NaN	NaN	NaN	NaN	NaN
SPIKE	D139-140:A>	17	52916	3.2126388E-4	-1.0	39.10564	TRUE		NaN	NaN	NaN	NaN	NaN	NaN	NaN	NaN	NaN
SPIKE	I139:>A	6	52916	1.1338726E-4	-1.0	39.10564	TRUE		NaN	NaN	NaN	NaN	NaN	NaN	NaN	NaN	NaN
SPIKE	D139-143:ATTA>	1	52916	1.8897876E-5	-1.0	39.10564	TRUE		NaN	NaN	NaN	NaN	NaN	NaN	NaN	NaN	NaN
SPIKE	S139:A>G	0	52916	0.0	-1.0	0.0	TRUE	A	5.077247E-4	149.0	7.45276E-4	0.94328356	201.88783	0.18044831	0.12577316	115.0	0.0
SPIKE	S139:A>C	0	52916	0.0	-1.0	0.0	TRUE	A	4.4495196E-4	114.0	9.646855E-4	0.95011765	124.66417	0.2067352	0.13863917	115.0	0.0
SPIKE	S139:A>T	0	52916	0.0	-1.0	0.0	TRUE	A	0.0018713346	448.0	5.7620445E-4	0.80637735	92.11493	0.22116213	0.1323944	115.0	0.0
SPIKE	I140:>T	10	52914	1.889859E-4	-1.0	39.452545	TRUE		NaN	NaN	NaN	NaN	NaN	NaN	NaN	NaN	NaN
SPIKE	D140-144:TTAG>	2	52914	3.779718E-5	-1.0	39.452545	TRUE		NaN	NaN	NaN	NaN	NaN	NaN	NaN	NaN	NaN
SPIKE	D140-143:TTA>	3	52914	5.669577E-5	-1.0	39.452545	TRUE		NaN	NaN	NaN	NaN	NaN	NaN	NaN	NaN	NaN
SPIKE	S140:T>A	1	52914	1.889859E-5	0.3166301	38.0	TRUE	T	8.977072E-4	229.0	5.2865717E-4	0.9019138	92.11144	0.20753887	0.13190033	115.0	0.0
SPIKE	S140:T>G	2	52914	3.779718E-5	3.9120662	39.0	TRUE	T	3.8857397E-4	100.0	4.64225E-4	0.9562977	124.65946	0.20570552	0.1274451	115.0	0.0
SPIKE	S140:T>C	1	52914	1.889859E-5	4.2596874	34.0	TRUE	T	1.3665686E-4	39.0	7.777429E-4	0.9844073	201.8802	0.18555614	0.13959907	115.0	0.0
SPIKE	D140-141:T>	57	52914	0.0010772196	-1.0	39.452545	TRUE		NaN	NaN	NaN	NaN	NaN	NaN	NaN	NaN	NaN
SPIKE	D140-142:TT>	2	52914	3.779718E-5	-1.0	39.452545	TRUE		NaN	NaN	NaN	NaN	NaN	NaN	NaN	NaN	NaN
SPIKE	S141:T>A	21	52900	3.9697543E-4	9.946626	39.190475	TRUE	T	0.0023958264	611.0	5.2865717E-4	0.7591772	92.087074	0.20753887	0.13190033	115.0	0.0
SPIKE	S141:T>G	3	52900	5.6710775E-5	3.748162	40.0	TRUE	T	4.5475186E-4	117.0	4.64225E-4	0.94904745	124.62648	0.20570552	0.1274451	115.0	0.0
SPIKE	S141:T>C	3	52900	5.6710775E-5	3.748162	37.0	TRUE	T	4.2760384E-4	122.0	7.777429E-4	0.95201504	201.82678	0.18555614	0.13959907	115.0	0.0
SPIKE	S142:A>G	1	52893	1.8906094E-5	0.0022536993	40.0	TRUE	A	0.0021817794	640.0	7.45276E-4	0.7780966	201.80008	0.18044831	0.12577316	115.0	0.0
SPIKE	D142-143:A>	24	52893	4.5374624E-4	-1.0	39.15378	TRUE		NaN	NaN	NaN	NaN	NaN	NaN	NaN	NaN	NaN
SPIKE	I142:>A	3	52893	5.671828E-5	-1.0	39.15378	TRUE		NaN	NaN	NaN	NaN	NaN	NaN	NaN	NaN	NaN
SPIKE	D142-144:AG>	1	52893	1.8906094E-5	-1.0	39.15378	TRUE		NaN	NaN	NaN	NaN	NaN	NaN	NaN	NaN	NaN
SPIKE	D142-145:AGC>	2	52893	3.7812188E-5	-1.0	39.15378	TRUE		NaN	NaN	NaN	NaN	NaN	NaN	NaN	NaN	NaN
SPIKE	S142:A>C	0	52893	0.0	-1.0	0.0	TRUE	A	7.380043E-4	189.0	9.646855E-4	0.91863126	124.609985	0.2067352	0.13863917	115.0	0.0
SPIKE	S142:A>T	0	52893	0.0	-1.0	0.0	TRUE	A	9.44432E-4	226.0	5.7620445E-4	0.8970805	92.07489	0.22116213	0.1323944	115.0	0.0
SPIKE	I143:>G	2	52889	3.7815047E-5	-1.0	39.307476	TRUE		NaN	NaN	NaN	NaN	NaN	NaN	NaN	NaN	NaN
SPIKE	S143:G>A	4	52889	7.5630094E-5	1.6458194	37.5	TRUE	G	0.0010083191	294.0	6.779931E-4	0.8905138	172.95079	0.18151419	0.12972642	115.0	0.0
SPIKE	S143:G>C	2	52889	3.7815047E-5	2.8371948E-4	37.5	TRUE	G	0.0031730703	795.0	3.6251312E-4	0.69426394	159.97034	0.21117154	0.14836845	115.0	0.0
SPIKE	S143:G>T	1	52889	1.8907524E-5	4.2596874	40.0	TRUE	G	2.1268587E-4	55.0	5.239683E-4	0.9758378	97.93034	0.20462982	0.13255602	115.0	0.0
SPIKE	D143-144:G>	19	52889	3.5924296E-4	-1.0	39.307476	TRUE		NaN	NaN	NaN	NaN	NaN	NaN	NaN	NaN	NaN
SPIKE	D143-145:GC>	1	52889	1.8907524E-5	-1.0	39.307476	TRUE		NaN	NaN	NaN	NaN	NaN	NaN	NaN	NaN	NaN
SPIKE	I144:>C	20	52885	3.7817907E-4	-1.0	39.42114	TRUE		NaN	NaN	NaN	NaN	NaN	NaN	NaN	NaN	NaN
SPIKE	S144:C>G	2	52885	3.7817907E-5	0.095406055	39.0	TRUE	C	0.0015397689	375.0	3.1762224E-4	0.8377183	159.95824	0.21721746	0.16444792	115.0	0.0
SPIKE	S144:C>A	1	52885	1.8908953E-5	4.2596874	40.0	TRUE	C	1.884264E-4	54.0	6.374414E-4	0.978564	97.922935	0.18465346	0.14816017	115.0	0.0
SPIKE	S144:C>T	11	52885	2.0799848E-4	16.357807	37.909092	TRUE	C	6.063359E-4	180.0	7.643932E-4	0.9326469	172.9377	0.17828113	0.123151146	115.0	0.0
SPIKE	D144-145:C>	41	52885	7.752671E-4	-1.0	39.42114	TRUE		NaN	NaN	NaN	NaN	NaN	NaN	NaN	NaN	NaN
SPIKE	S145:C>G	2	52873	3.782649E-5	1.3408211	39.0	TRUE	C	7.515777E-4	183.0	3.1762224E-4	0.9171984	159.92194	0.21721746	0.16444792	115.0	0.0
SPIKE	S145:C>A	5	52873	9.4566225E-5	16.300888	37.2	TRUE	C	1.4658713E-4	42.0	6.374414E-4	0.98328376	97.90072	0.18465346	0.14816017	115.0	0.0
SPIKE	S145:C>T	6	52873	1.1347947E-4	6.718435	37.333332	TRUE	C	6.7385944E-4	200.0	7.643932E-4	0.92543274	172.89847	0.17828113	0.123151146	115.0	0.0
SPIKE	I146:>A	2	52854	3.7840087E-5	-1.0	39.22076	TRUE		NaN	NaN	NaN	NaN	NaN	NaN	NaN	NaN	NaN
SPIKE	I146:>TC	1	52854	1.8920044E-5	-1.0	39.22076	TRUE		NaN	NaN	NaN	NaN	NaN	NaN	NaN	NaN	NaN
SPIKE	S146:C>G	4	52854	7.5680175E-5	7.4926927E-4	35.5	TRUE	C	0.003627769	883.0	3.1762224E-4	0.65889347	159.86447	0.21721746	0.16444792	115.0	0.0
SPIKE	S146:C>A	5	52854	9.460022E-5	16.300888	39.6	TRUE	C	1.1521701E-4	33.0	6.374414E-4	0.98683745	97.86553	0.18465346	0.14816017	115.0	0.0
SPIKE	S146:C>T	7	52854	1.3244031E-4	4.6997046	38.714287	TRUE	C	9.87559E-4	293.0	7.643932E-4	0.8926424	172.83633	0.17828113	0.123151146	115.0	0.0
SPIKE	I146:>TG	1	52854	1.8920044E-5	-1.0	39.22076	TRUE		NaN	NaN	NaN	NaN	NaN	NaN	NaN	NaN	NaN
SPIKE	S147:G>A	19	52836	3.596033E-4	25.73161	38.789474	TRUE	G	0.0010161968	296.0	6.779931E-4	0.8897074	172.77747	0.18151419	0.12972642	115.0	0.0
SPIKE	S147:G>C	2	52836	3.785298E-5	0.031391714	37.0	TRUE	G	0.001837832	460.0	3.6251312E-4	0.80949014	159.81003	0.21117154	0.14836845	115.0	0.0
SPIKE	S147:G>T	0	52836	0.0	-1.0	0.0	TRUE	G	0.0031780049	821.0	5.239683E-4	0.69387007	97.83221	0.20462982	0.13255602	115.0	0.0
SPIKE	S148:T>G	4	52810	7.574323E-5	4.601761E-5	39.25	TRUE	T	0.004598096	1181.0	4.64225E-4	0.58932287	124.414444	0.20570552	0.1274451	115.0	0.0
SPIKE	S148:T>A	1	52810	1.8935807E-5	2.0412	40.0	TRUE	T	3.3386628E-4	85.0	5.2865717E-4	0.9623331	91.930405	0.20753887	0.13190033	115.0	0.0
SPIKE	S148:T>C	2	52810	3.7871614E-5	0.7986036	38.0	TRUE	T	8.671979E-4	247.0	7.777429E-4	0.9050838	201.48341	0.18555614	0.13959907	115.0	0.0
SPIKE	S149:G>A	19	52789	3.5992346E-4	19.197655	38.36842	TRUE	G	0.0013401	390.0	6.779931E-4	0.8571764	172.62378	0.18151419	0.12972642	115.0	0.0
SPIKE	S149:G>C	2	52789	3.7886683E-5	1.5428312E-4	36.0	TRUE	G	0.003339035	835.0	3.6251312E-4	0.68113893	159.66788	0.21117154	0.14836845	115.0	0.0
SPIKE	S149:G>T	0	52789	0.0	-1.0	0.0	TRUE	G	0.0018906787	488.0	5.239683E-4	0.8045855	97.74518	0.20462982	0.13255602	115.0	0.0
SPIKE	S150:C>A	0	52713	0.0	-1.0	0.0	TRUE	C	1.19025965E-4	34.0	6.374414E-4	0.98640525	97.604454	0.18465346	0.14816017	115.0	0.0
SPIKE	S150:C>G	0	52713	0.0	-1.0	0.0	TRUE	C	0.0028794943	699.0	3.1762224E-4	0.7181033	159.438	0.21721746	0.16444792	115.0	0.0
SPIKE	S150:C>T	0	52713	0.0	-1.0	0.0	TRUE	C	0.003224066	954.0	7.643932E-4	0.6902043	172.37526	0.17828113	0.123151146	115.0	0.0
SPIKE	S151:T>A	0	52663	0.0	-1.0	0.0	TRUE	T	9.453126E-5	24.0	5.2865717E-4	0.9891878	91.67451	0.20753887	0.13190033	115.0	0.0
SPIKE	S151:T>G	0	52663	0.0	-1.0	0.0	TRUE	T	0.0041853664	1072.0	4.64225E-4	0.6179689	124.06813	0.20570552	0.1274451	115.0	0.0
SPIKE	S151:T>C	0	52663	0.0	-1.0	0.0	TRUE	T	0.0020737057	589.0	7.777429E-4	0.7878275	200.92258	0.18555614	0.13959907	115.0	0.0
SPIKE	S152:G>A	0	52549	0.0	-1.0	0.0	TRUE	G	0.0011529169	334.0	6.779931E-4	0.8758281	171.83896	0.18151419	0.12972642	115.0	0.0
SPIKE	S152:G>C	0	52549	0.0	-1.0	0.0	TRUE	G	1.2051323E-4	30.0	3.6251312E-4	0.9862366	158.94196	0.21117154	0.14836845	115.0	0.0
SPIKE	S152:G>T	0	52549	0.0	-1.0	0.0	TRUE	G	0.0015529224	399.0	5.239683E-4	0.83645207	97.30079	0.20462982	0.13255602	115.0	0.0
SPIKE	S153:G>A	0	52266	0.0	-1.0	0.0	TRUE	G	9.6828E-4	279.0	6.779931E-4	0.89462364	170.91353	0.18151419	0.12972642	115.0	0.0
SPIKE	S153:G>C	0	52266	0.0	-1.0	0.0	TRUE	G	1.2116576E-4	30.0	3.6251312E-4	0.98616254	158.08598	0.21117154	0.14836845	115.0	0.0
SPIKE	S153:G>T	0	52266	0.0	-1.0	0.0	TRUE	G	1.17393305E-4	30.0	5.239683E-4	0.9865905	96.77678	0.20462982	0.13255602	115.0	0.0
