#pipeline_block
reference	mutation	count	coverage	freq	score	cqs	has.reference	ancestral.allele	error.rate	minor.count.local	minor.fdr	minor.recall	minor.count.global	read.fraction.in.minors	q.filtered.read.fraction	mig.size	global.est
SPIKE	S0:T>A	0	57477	0.0	-1.0	0.0	TRUE	T	6.49884E-4	180.0	5.2820356E-4	0.9304033	91.47386	0.20762846	0.13190499	111.0	0.0
SPIKE	S0:T>G	0	57477	0.0	-1.0	0.0	TRUE	T	1.6814712E-4	47.0	4.6391098E-4	0.9815088	123.81084	0.20572506	0.12743415	111.0	0.0
SPIKE	S0:T>C	0	57477	0.0	-1.0	0.0	TRUE	T	5.612446E-4	174.0	7.711495E-4	0.9396027	201.85417	0.18553767	0.13957146	111.0	0.0
SPIKE	S1:A>G	0	57591	0.0	-1.0	0.0	TRUE	A	7.548489E-4	241.0	7.392898E-4	0.919626	202.25452	0.18051729	0.12572534	111.0	0.0
SPIKE	S1:A>C	0	57591	0.0	-1.0	0.0	TRUE	A	4.4507885E-4	5.0	9.6138235E-4	0.95179677	124.056404	0.20681885	0.13867854	111.0	1.0
SPIKE	S1:A>T	0	57591	0.0	-1.0	0.0	TRUE	A	8.8307407E-4	230.0	5.750807E-4	0.9066297	91.65529	0.22124514	0.13238062	111.0	0.0
SPIKE	S2:G>A	0	57798	0.0	-1.0	0.0	TRUE	G	9.6673635E-4	308.0	6.7357445E-4	0.8982492	173.61972	0.181536	0.12971123	111.0	0.0
SPIKE	S2:G>C	0	57798	0.0	-1.0	0.0	TRUE	G	5.22412E-4	143.0	3.619007E-4	0.9436615	159.76396	0.21122587	0.14835791	111.0	0.0
SPIKE	S2:G>T	0	57798	0.0	-1.0	0.0	TRUE	G	3.5394918E-5	10.0	5.235808E-4	0.99607885	97.97142	0.20468271	0.13253108	111.0	0.0
SPIKE	S3:C>A	0	57951	0.0	-1.0	0.0	TRUE	C	3.129595E-4	8.0	6.354817E-4	0.9658579	98.23077	0.1847471	0.14812745	111.0	1.0
SPIKE	S3:C>G	0	57951	0.0	-1.0	0.0	TRUE	C	0.0016602149	443.0	3.1748906E-4	0.83169967	160.18687	0.21724981	0.16443138	111.0	0.0
SPIKE	S3:C>T	0	57951	0.0	-1.0	0.0	TRUE	C	5.4114044E-4	176.0	7.606466E-4	0.9417018	174.07932	0.17831536	0.12313406	111.0	0.0
SPIKE	S4:G>A	107	58106	0.0018414621	296.4451	40.0	TRUE	G	4.932945E-4	158.0	6.7357445E-4	0.9467164	174.54492	0.181536	0.12971123	111.0	0.0
SPIKE	S4:G>C	56	58106	9.637559E-4	96.61249	40.0	TRUE	G	0.0013227273	364.0	3.619007E-4	0.863447	160.61533	0.21122587	0.14835791	111.0	0.0
SPIKE	S4:G>T	7	58106	1.20469485E-4	11.410683	40.0	TRUE	G	4.1544615E-4	118.0	5.235808E-4	0.9549326	98.4935	0.20468271	0.13253108	111.0	0.0
SPIKE	S5:T>A	13	58138	2.2360591E-4	-1.0	40.0	TRUE	T	3.9263592E-5	11.0	5.2820356E-4	0.99565125	92.52583	0.20762846	0.13190499	111.0	0.0
SPIKE	S5:T>G	4	58138	6.880182E-5	0.30566683	40.0	TRUE	T	0.0015845414	448.0	4.6391098E-4	0.8387152	125.234695	0.20572506	0.12743415	111.0	0.0
SPIKE	S5:T>C	79	58138	0.0013588358	203.39282	40.0	TRUE	T	5.389192E-4	169.0	7.711495E-4	0.94193405	204.17554	0.18553767	0.13957146	111.0	0.0
SPIKE	I6:>G	1	58170	1.7190992E-5	-1.0	39.99053	TRUE		NaN	NaN	NaN	NaN	NaN	NaN	NaN	NaN	NaN
SPIKE	S6:G>A	39	58170	6.704487E-4	86.648964	40.0	TRUE	G	5.956682E-4	191.0	6.7357445E-4	0.9360193	174.73717	0.181536	0.12971123	111.0	0.0
SPIKE	S6:G>C	52	58170	8.939316E-4	157.78499	40.0	TRUE	G	1.5608434E-4	43.0	3.619007E-4	0.98282385	160.79224	0.21122587	0.14835791	111.0	0.0
SPIKE	S6:G>T	9	58170	1.5471893E-4	5.7604303	40.0	TRUE	G	0.0011429783	325.0	5.235808E-4	0.88084763	98.60198	0.20468271	0.13253108	111.0	0.0
SPIKE	S7:A>G	39	58200	6.7010307E-4	61.392944	40.0	TRUE	A	0.0012056582	389.0	7.392898E-4	0.8747404	204.39328	0.18051729	0.12572534	111.0	0.0
SPIKE	S7:A>C	14	58200	2.4054982E-4	27.870962	40.0	TRUE	A	4.4507885E-4	4.0	9.6138235E-4	0.95179677	125.36825	0.20681885	0.13867854	111.0	1.0
SPIKE	S7:A>T	80	58200	0.0013745704	246.84459	40.0	TRUE	A	8.738336E-5	23.0	5.750807E-4	0.9903473	92.624504	0.22124514	0.13238062	111.0	0.0
SPIKE	D7-8:A>	67	58200	0.0011512027	-1.0	39.99749	TRUE		NaN	NaN	NaN	NaN	NaN	NaN	NaN	NaN	NaN
SPIKE	I7:>A	1	58200	1.718213E-5	-1.0	39.99749	TRUE		NaN	NaN	NaN	NaN	NaN	NaN	NaN	NaN	NaN
SPIKE	S8:A>G	45	58208	7.730896E-4	102.98714	40.0	TRUE	A	6.693737E-4	216.0	7.392898E-4	0.9283927	204.42137	0.18051729	0.12572534	111.0	0.0
SPIKE	S8:A>C	14	58208	2.4051676E-4	27.870962	40.0	TRUE	A	4.4507885E-4	6.0	9.6138235E-4	0.95179677	125.38548	0.20681885	0.13867854	111.0	1.0
SPIKE	S8:A>T	51	58208	8.761682E-4	-1.0	40.0	TRUE	A	6.457883E-5	17.0	5.750807E-4	0.9928574	92.63724	0.22124514	0.13238062	111.0	0.0
SPIKE	S9:G>A	31	58211	5.325454E-4	35.565784	40.0	TRUE	G	0.0015831746	508.0	6.7357445E-4	0.83884245	174.86032	0.181536	0.12971123	111.0	0.0
SPIKE	S9:G>C	35	58211	6.012609E-4	106.609886	40.0	TRUE	G	1.5234709E-4	42.0	3.619007E-4	0.98323166	160.90556	0.21122587	0.14835791	111.0	0.0
SPIKE	S9:G>T	4	58211	6.871553E-5	8.284564	40.0	TRUE	G	3.4676903E-4	4.0	5.235808E-4	0.96224004	98.671486	0.20468271	0.13253108	111.0	1.0
SPIKE	D9-10:G>	16	58211	2.7486213E-4	-1.0	39.977753	TRUE		NaN	NaN	NaN	NaN	NaN	NaN	NaN	NaN	NaN
SPIKE	D9-11:GA>	4	58211	6.871553E-5	-1.0	39.977753	TRUE		NaN	NaN	NaN	NaN	NaN	NaN	NaN	NaN	NaN
SPIKE	S10:A>G	51	58211	8.761231E-4	74.1629	40.0	TRUE	A	0.0016392614	529.0	7.392898E-4	0.83363634	204.43192	0.18051729	0.12572534	111.0	0.0
SPIKE	S10:A>C	14	58211	2.4050438E-4	27.870962	40.0	TRUE	A	4.2948965E-4	121.0	9.6138235E-4	0.9534452	125.391945	0.20681885	0.13867854	111.0	0.0
SPIKE	S10:A>T	65	58211	0.0011166275	201.6901	40.0	TRUE	A	8.7366854E-5	23.0	5.750807E-4	0.9903492	92.64201	0.22124514	0.13238062	111.0	0.0
SPIKE	D10-11:A>	26	58211	4.4665099E-4	-1.0	39.967823	TRUE		NaN	NaN	NaN	NaN	NaN	NaN	NaN	NaN	NaN
SPIKE	D10-12:AC>	2	58211	3.4357767E-5	-1.0	39.967823	TRUE		NaN	NaN	NaN	NaN	NaN	NaN	NaN	NaN	NaN
SPIKE	S11:C>A	1	58213	1.7178294E-5	0.09432235	40.0	TRUE	C	0.0010276058	324.0	6.354817E-4	0.89220065	98.67487	0.1847471	0.14812745	111.0	0.0
SPIKE	S11:C>G	33	58213	5.668837E-4	70.57339	40.0	TRUE	C	5.6708104E-4	152.0	3.1748906E-4	0.93899417	160.9111	0.21724981	0.16443138	111.0	0.0
SPIKE	S11:C>T	113	58213	0.0019411471	314.03937	40.0	TRUE	C	5.080967E-4	166.0	7.606466E-4	0.9451622	174.86633	0.17831536	0.12313406	111.0	0.0
SPIKE	D11-12:C>	28	58213	4.8099222E-4	-1.0	39.97016	TRUE		NaN	NaN	NaN	NaN	NaN	NaN	NaN	NaN	NaN
SPIKE	I12:>G	2	58214	3.4356E-5	-1.0	39.969543	TRUE		NaN	NaN	NaN	NaN	NaN	NaN	NaN	NaN	NaN
SPIKE	S12:G>A	85	58214	0.0014601299	210.0605	40.0	TRUE	G	7.697322E-4	247.0	6.7357445E-4	0.918108	174.86934	0.181536	0.12971123	111.0	0.0
SPIKE	S12:G>C	24	58214	4.1227197E-4	28.673166	40.0	TRUE	G	0.001251358	345.0	3.619007E-4	0.8703144	160.91386	0.21122587	0.14835791	111.0	0.0
SPIKE	S12:G>T	14	58214	2.4049198E-4	34.27314	40.0	TRUE	G	3.4676903E-4	6.0	5.235808E-4	0.96224004	98.67657	0.20468271	0.13253108	111.0	1.0
SPIKE	D12-13:G>	29	58214	4.9816194E-4	-1.0	39.969543	TRUE		NaN	NaN	NaN	NaN	NaN	NaN	NaN	NaN	NaN
SPIKE	D12-14:GA>	2	58214	3.4356E-5	-1.0	39.969543	TRUE		NaN	NaN	NaN	NaN	NaN	NaN	NaN	NaN	NaN
SPIKE	S13:A>G	33	58214	5.6687393E-4	29.892347	40.0	TRUE	A	0.0019397443	626.0	7.392898E-4	0.80629015	204.44244	0.18051729	0.12572534	111.0	0.0
SPIKE	S13:A>C	14	58214	2.4049198E-4	27.870962	40.0	TRUE	A	4.649607E-4	131.0	9.6138235E-4	0.94969857	125.39841	0.20681885	0.13867854	111.0	0.0
SPIKE	S13:A>T	57	58214	9.791459E-4	177.6077	40.0	TRUE	A	8.736235E-5	23.0	5.750807E-4	0.99034965	92.64678	0.22124514	0.13238062	111.0	0.0
SPIKE	D13-14:A>	18	58214	3.0920398E-4	-1.0	39.97693	TRUE		NaN	NaN	NaN	NaN	NaN	NaN	NaN	NaN	NaN
SPIKE	I14:>C	2	58214	3.4356E-5	-1.0	39.97351	TRUE		NaN	NaN	NaN	NaN	NaN	NaN	NaN	NaN	NaN
SPIKE	S14:C>A	5	58214	8.5889995E-5	0.8233644	40.0	TRUE	C	0.0013986618	441.0	6.354817E-4	0.85619986	98.67657	0.1847471	0.14812745	111.0	0.0
SPIKE	S14:C>G	43	58214	7.3865394E-4	130.69229	40.0	TRUE	C	1.9026734E-4	51.0	3.1748906E-4	0.9791018	160.91386	0.21724981	0.16443138	111.0	0.0
SPIKE	S14:C>T	49	58214	8.4172195E-4	134.66039	40.0	TRUE	C	2.6628707E-4	87.0	7.606466E-4	0.97087467	174.86934	0.17831536	0.12313406	111.0	0.0
SPIKE	D14-15:C>	20	58214	3.4355998E-4	-1.0	39.97351	TRUE		NaN	NaN	NaN	NaN	NaN	NaN	NaN	NaN	NaN
SPIKE	D14-16:CA>	4	58214	6.8712E-5	-1.0	39.97351	TRUE		NaN	NaN	NaN	NaN	NaN	NaN	NaN	NaN	NaN
SPIKE	S15:A>G	47	58214	8.073659E-4	100.31186	40.0	TRUE	A	8.1184186E-4	262.0	7.392898E-4	0.9138266	204.44244	0.18051729	0.12572534	111.0	0.0
SPIKE	S15:A>C	16	58214	2.74848E-4	14.0601015	40.0	TRUE	A	0.0011854724	334.0	9.6138235E-4	0.8767026	125.39841	0.20681885	0.13867854	111.0	0.0
SPIKE	S15:A>T	35	58214	6.0122996E-4	-1.0	40.0	TRUE	A	7.21689E-5	19.0	5.750807E-4	0.99202126	92.64678	0.22124514	0.13238062	111.0	0.0
SPIKE	D15-16:A>	22	58214	3.7791597E-4	-1.0	39.972878	TRUE		NaN	NaN	NaN	NaN	NaN	NaN	NaN	NaN	NaN
SPIKE	S16:G>A	28	58214	4.8098396E-4	29.766178	40.0	TRUE	G	0.0015425808	495.0	6.7357445E-4	0.84263074	174.86934	0.181536	0.12971123	111.0	0.0
SPIKE	S16:G>T	11	58214	1.8895799E-4	26.1236	40.0	TRUE	G	3.4676903E-4	6.0	5.235808E-4	0.96224004	98.67657	0.20468271	0.13253108	111.0	1.0
SPIKE	S16:G>C	74	58214	0.0012711718	213.04248	40.0	TRUE	G	3.4094971E-4	94.0	3.619007E-4	0.9628618	160.91386	0.21122587	0.14835791	111.0	0.0
SPIKE	D16-17:G>	17	58214	2.9202597E-4	-1.0	39.97334	TRUE		NaN	NaN	NaN	NaN	NaN	NaN	NaN	NaN	NaN
SPIKE	D16-18:GA>	8	58214	1.37424E-4	-1.0	39.97334	TRUE		NaN	NaN	NaN	NaN	NaN	NaN	NaN	NaN	NaN
SPIKE	S17:A>G	47	58214	8.073659E-4	56.824978	40.0	TRUE	A	0.0020327033	656.0	7.392898E-4	0.79801327	204.44244	0.18051729	0.12572534	111.0	0.0
SPIKE	S17:A>T	75	58214	0.0012883499	231.79309	40.0	TRUE	A	1.1015253E-4	29.0	5.750807E-4	0.9878475	92.64678	0.22124514	0.13238062	111.0	0.0
SPIKE	S17:A>C	12	58214	2.0613598E-4	-1.0	40.0	TRUE	A	3.90425E-5	11.0	9.6138235E-4	0.9956757	125.39841	0.20681885	0.13867854	111.0	0.0
SPIKE	D17-18:A>	46	58214	7.901879E-4	-1.0	39.990982	TRUE		NaN	NaN	NaN	NaN	NaN	NaN	NaN	NaN	NaN
SPIKE	S18:A>G	43	58214	7.3865394E-4	106.49548	40.0	TRUE	A	5.2676763E-4	170.0	7.392898E-4	0.9432054	204.44244	0.18051729	0.12572534	111.0	0.0
SPIKE	S18:A>T	18	58214	3.0920398E-4	-1.0	40.0	TRUE	A	5.6975445E-5	15.0	5.750807E-4	0.9936957	92.64678	0.22124514	0.13238062	111.0	0.0
SPIKE	S18:A>C	16	58214	2.74848E-4	32.922462	40.0	TRUE	A	3.9752366E-4	112.0	9.6138235E-4	0.9568342	125.39841	0.20681885	0.13867854	111.0	0.0
SPIKE	S19:C>G	17	58214	2.9202597E-4	52.424488	40.0	TRUE	C	7.834537E-5	21.0	3.1748906E-4	0.99134135	160.91386	0.21724981	0.16443138	111.0	0.0
SPIKE	S19:C>A	3	58214	5.1533996E-5	0.6090995	40.0	TRUE	C	0.0010149019	320.0	6.354817E-4	0.8934596	98.67657	0.1847471	0.14812745	111.0	0.0
SPIKE	S19:C>T	35	58214	6.0122996E-4	93.899216	40.0	TRUE	C	3.030163E-4	99.0	7.606466E-4	0.96692455	174.86934	0.17831536	0.12313406	111.0	0.0
SPIKE	D19-20:C>	12	58214	2.0613598E-4	-1.0	39.997303	TRUE		NaN	NaN	NaN	NaN	NaN	NaN	NaN	NaN	NaN
SPIKE	S20:C>G	28	58214	4.8098396E-4	-1.0	40.0	TRUE	C	5.9691713E-5	16.0	3.1748906E-4	0.9933961	160.91386	0.21724981	0.16443138	111.0	0.0
SPIKE	S20:C>A	12	58214	2.0613598E-4	22.940357	40.0	TRUE	C	4.218186E-4	133.0	6.354817E-4	0.95425737	98.67657	0.1847471	0.14812745	111.0	0.0
SPIKE	S20:C>T	44	58214	7.5583195E-4	120.05395	40.0	TRUE	C	2.3567936E-4	77.0	7.606466E-4	0.9741788	174.86934	0.17831536	0.12313406	111.0	0.0
SPIKE	S21:A>G	75	58214	0.0012883499	203.15096	40.0	TRUE	A	5.23669E-4	169.0	7.392898E-4	0.94352984	204.44244	0.18051729	0.12572534	111.0	0.0
SPIKE	S21:A>T	13	58214	2.2331398E-4	31.537222	40.0	TRUE	A	3.519061E-4	9.0	5.750807E-4	0.9616915	92.64678	0.22124514	0.13238062	111.0	1.0
SPIKE	S21:A>C	38	58214	6.5276393E-4	59.072044	40.0	TRUE	A	0.0011783737	332.0	9.6138235E-4	0.8773937	125.39841	0.20681885	0.13867854	111.0	0.0
SPIKE	S22:A>C	6	58214	1.0306799E-4	9.311187	40.0	TRUE	A	4.1881955E-4	118.0	9.6138235E-4	0.95457506	125.39841	0.20681885	0.13867854	111.0	0.0
SPIKE	S22:A>G	0	58214	0.0	-1.0	0.0	TRUE	A	6.3349213E-4	1.0	7.392898E-4	0.93209773	204.44244	0.18051729	0.12572534	111.0	1.0
SPIKE	S22:A>T	0	58214	0.0	-1.0	0.0	TRUE	A	3.519061E-4	0.0	5.750807E-4	0.9616915	92.64678	0.22124514	0.13238062	111.0	1.0
SPIKE	S23:A>T	6	58214	1.0306799E-4	9.311187	40.0	TRUE	C	4.330134E-4	114.0	5.750807E-4	0.9530723	92.64678	0.22124514	0.13238062	111.0	0.0
SPIKE	S23:A>C	58188	58214	0.9995534	9999.0	39.99928	TRUE	C	4.4507885E-4	0.0	9.6138235E-4	0.95179677	125.39841	0.20681885	0.13867854	111.0	1.0
SPIKE	S23:A>G	0	58214	0.0	-1.0	0.0	TRUE	C	6.3349213E-4	0.0	7.392898E-4	0.93209773	204.44244	0.18051729	0.12572534	111.0	1.0
SPIKE	S24:A>G	6	58214	1.0306799E-4	13.113299	40.0	TRUE	T	3.5014554E-4	113.0	7.392898E-4	0.96187943	204.44244	0.18051729	0.12572534	111.0	0.0
SPIKE	S24:A>T	58186	58214	0.999519	9999.0	39.99897	TRUE	T	3.519061E-4	4.0	5.750807E-4	0.9616915	92.64678	0.22124514	0.13238062	111.0	1.0
SPIKE	D24-26:AA>	1	58214	1.7178E-5	-1.0	39.98904	TRUE		NaN	NaN	NaN	NaN	NaN	NaN	NaN	NaN	NaN
SPIKE	S24:A>C	0	58214	0.0	-1.0	0.0	TRUE	T	0.0011535285	325.0	9.6138235E-4	0.8798167	125.39841	0.20681885	0.13867854	111.0	0.0
SPIKE	S25:A>G	58190	58214	0.9995877	9999.0	39.999107	TRUE	G	6.3349213E-4	0.0	7.392898E-4	0.93209773	204.44244	0.18051729	0.12572534	111.0	1.0
SPIKE	D25-26:A>	6	58214	1.0306799E-4	-1.0	39.98679	TRUE		NaN	NaN	NaN	NaN	NaN	NaN	NaN	NaN	NaN
SPIKE	S25:A>C	0	58214	0.0	-1.0	0.0	TRUE	G	4.4507885E-4	2.0	9.6138235E-4	0.95179677	125.39841	0.20681885	0.13867854	111.0	1.0
SPIKE	S25:A>T	0	58214	0.0	-1.0	0.0	TRUE	G	0.001621901	427.0	5.750807E-4	0.8352443	92.64678	0.22124514	0.13238062	111.0	0.0
SPIKE	S26:T>G	3	58216	5.1532224E-5	0.08755532	40.0	TRUE	T	0.0016283368	461.0	4.6391098E-4	0.83464783	125.40272	0.20572506	0.12743415	111.0	0.0
SPIKE	S26:T>A	14	58216	2.4048371E-4	43.393585	40.0	TRUE	T	8.555124E-5	24.0	5.2820356E-4	0.99054873	92.64997	0.20762846	0.13190499	111.0	0.0
SPIKE	S26:T>C	57	58216	9.791122E-4	119.27376	40.0	TRUE	T	9.6493337E-4	303.0	7.711495E-4	0.898429	204.44946	0.18553767	0.13957146	111.0	0.0
SPIKE	S27:G>A	31	58221	5.3245394E-4	82.3502	40.0	TRUE	G	2.4616005E-4	79.0	6.7357445E-4	0.9730461	174.89037	0.181536	0.12971123	111.0	0.0
SPIKE	S27:G>T	4	58221	6.870373E-5	1.0965977	40.0	TRUE	G	0.0011419771	325.0	5.235808E-4	0.88094556	98.68843	0.20468271	0.13253108	111.0	0.0
SPIKE	S27:G>C	5	58221	8.587966E-5	-1.0	40.0	TRUE	G	4.714695E-5	13.0	3.619007E-4	0.99478036	160.93321	0.21122587	0.14835791	111.0	0.0
SPIKE	D27-28:G>	37	58221	6.355095E-4	-1.0	39.996685	TRUE		NaN	NaN	NaN	NaN	NaN	NaN	NaN	NaN	NaN
SPIKE	S28:G>A	25	58221	4.2939832E-4	65.15026	40.0	TRUE	G	2.9601526E-4	95.0	6.7357445E-4	0.9676763	174.89037	0.181536	0.12971123	111.0	0.0
SPIKE	S28:G>T	32	58221	5.4962985E-4	-1.0	40.0	TRUE	G	6.676174E-5	19.0	5.235808E-4	0.99261683	98.68843	0.20468271	0.13253108	111.0	0.0
SPIKE	S28:G>C	50	58221	8.5879664E-4	151.76439	40.0	TRUE	G	1.9221449E-4	53.0	3.619007E-4	0.9788902	160.93321	0.21122587	0.14835791	111.0	0.0
SPIKE	S29:G>A	27	58221	4.6375018E-4	54.85469	40.0	TRUE	G	5.546391E-4	178.0	6.7357445E-4	0.9402919	174.89037	0.181536	0.12971123	111.0	0.0
SPIKE	S29:G>T	21	58221	3.606946E-4	64.46568	40.0	TRUE	G	9.4871946E-5	27.0	5.235808E-4	0.9895245	98.68843	0.20468271	0.13253108	111.0	0.0
SPIKE	S29:G>C	24	58221	4.122224E-4	-1.0	40.0	TRUE	G	6.890708E-5	19.0	3.619007E-4	0.9923805	160.93321	0.21122587	0.14835791	111.0	0.0
SPIKE	S30:A>G	45	58221	7.72917E-4	75.61576	40.0	TRUE	A	0.0012578937	406.0	7.392898E-4	0.86968327	204.46703	0.18051729	0.12572534	111.0	0.0
SPIKE	S30:A>T	23	58221	3.9504646E-4	51.26076	40.0	TRUE	A	4.3675923E-4	115.0	5.750807E-4	0.9526761	92.65793	0.22124514	0.13238062	111.0	0.0
SPIKE	S30:A>C	1	58221	1.7175933E-5	1.0720997	40.0	TRUE	A	4.4507885E-4	2.0	9.6138235E-4	0.95179677	125.41348	0.20681885	0.13867854	111.0	1.0
SPIKE	D30-31:A>	1	58221	1.7175933E-5	-1.0	39.98753	TRUE		NaN	NaN	NaN	NaN	NaN	NaN	NaN	NaN	NaN
SPIKE	S31:T>G	1	58222	1.7175638E-5	1.0720997	40.0	TRUE	T	4.4294546E-4	5.0	4.6391098E-4	0.9520222	125.41564	0.20572506	0.12743415	111.0	1.0
SPIKE	S31:T>A	14	58222	2.4045893E-4	13.149927	40.0	TRUE	T	9.944306E-4	279.0	5.2820356E-4	0.8954922	92.659515	0.20762846	0.13190499	111.0	0.0
SPIKE	S31:T>C	27	58222	4.6374224E-4	54.85469	40.0	TRUE	T	6.6869677E-4	210.0	7.711495E-4	0.92846245	204.47054	0.18553767	0.13957146	111.0	0.0
SPIKE	S32:C>T	21	58222	3.606884E-4	26.178127	40.0	TRUE	C	0.0010650019	348.0	7.606466E-4	0.8885048	174.89337	0.17831536	0.12313406	111.0	0.0
SPIKE	S32:C>A	15	58222	2.5763456E-4	-1.0	40.0	TRUE	C	4.756699E-5	15.0	6.354817E-4	0.994734	98.690125	0.1847471	0.14812745	111.0	0.0
SPIKE	S32:C>G	13	58222	2.2328329E-4	40.383286	40.0	TRUE	C	8.952527E-5	24.0	3.1748906E-4	0.9901119	160.93597	0.21724981	0.16443138	111.0	0.0
SPIKE	D32-33:C>	12	58222	2.0610765E-4	-1.0	39.996082	TRUE		NaN	NaN	NaN	NaN	NaN	NaN	NaN	NaN	NaN
SPIKE	S33:C>T	33	58222	5.6679605E-4	100.58929	40.0	TRUE	C	1.9586242E-4	64.0	7.606466E-4	0.97849387	174.89337	0.17831536	0.12313406	111.0	0.0
SPIKE	S33:C>A	4	58222	6.870255E-5	8.284564	40.0	TRUE	C	3.1394215E-4	99.0	6.354817E-4	0.9657526	98.690125	0.1847471	0.14812745	111.0	0.0
SPIKE	S33:C>G	28	58222	4.8091786E-4	85.53779	40.0	TRUE	C	8.579505E-5	23.0	3.1748906E-4	0.99052197	160.93597	0.21724981	0.16443138	111.0	0.0
SPIKE	S34:A>C	3	58222	5.1526913E-5	0.96486104	40.0	TRUE	A	9.652819E-4	272.0	9.6138235E-4	0.8983942	125.41564	0.20681885	0.13867854	111.0	0.0
SPIKE	S34:A>T	21	58222	3.606884E-4	45.93784	40.0	TRUE	A	4.2915606E-4	113.0	5.750807E-4	0.9534805	92.659515	0.22124514	0.13238062	111.0	0.0
SPIKE	S34:A>G	58	58222	9.96187E-4	165.91978	40.0	TRUE	A	3.2840998E-4	106.0	7.392898E-4	0.96420294	204.47054	0.18051729	0.12572534	111.0	0.0
SPIKE	S35:T>C	34	58222	5.839717E-4	91.006836	40.0	TRUE	T	3.7892818E-4	119.0	7.711495E-4	0.9588113	204.47054	0.18553767	0.13957146	111.0	0.0
SPIKE	S35:T>A	15	58222	2.5763456E-4	17.695948	40.0	TRUE	T	9.552237E-4	268.0	5.2820356E-4	0.8993978	92.659515	0.20762846	0.13190499	111.0	0.0
SPIKE	S35:T>G	3	58222	5.1526913E-5	-1.0	40.0	TRUE	T	4.238184E-5	12.0	4.6391098E-4	0.9953067	125.41564	0.20572506	0.12743415	111.0	0.0
SPIKE	D35-36:T>	19	58222	3.2633712E-4	-1.0	39.99617	TRUE		NaN	NaN	NaN	NaN	NaN	NaN	NaN	NaN	NaN
SPIKE	S36:T>C	43	58223	7.3853973E-4	130.69229	40.0	TRUE	T	1.9742137E-4	62.0	7.711495E-4	0.9783246	204.47404	0.18553767	0.13957146	111.0	0.0
SPIKE	S36:T>A	18	58223	3.0915617E-4	45.363	40.0	TRUE	T	3.7067747E-4	104.0	5.2820356E-4	0.9596898	92.66111	0.20762846	0.13190499	111.0	0.0
SPIKE	S36:T>G	6	58223	1.0305206E-4	9.311187	40.0	TRUE	T	4.4294546E-4	4.0	4.6391098E-4	0.9520222	125.41779	0.20572506	0.12743415	111.0	1.0
SPIKE	S37:A>C	2	58223	3.4350687E-5	2.2639637	40.0	TRUE	A	4.4507885E-4	0.0	9.6138235E-4	0.95179677	125.41779	0.20681885	0.13867854	111.0	1.0
SPIKE	S37:A>T	6	58223	1.0305206E-4	1.8236556	40.0	TRUE	A	0.001253266	330.0	5.750807E-4	0.8701301	92.66111	0.22124514	0.13238062	111.0	0.0
SPIKE	S37:A>G	55	58223	9.4464386E-4	151.94922	40.0	TRUE	A	2.757357E-4	89.0	7.392898E-4	0.969857	204.47404	0.18051729	0.12572534	111.0	0.0
SPIKE	D37-38:A>	3	58223	5.152603E-5	-1.0	39.9877	TRUE		NaN	NaN	NaN	NaN	NaN	NaN	NaN	NaN	NaN
SPIKE	S38:T>C	33	58223	5.6678633E-4	78.52778	40.0	TRUE	T	4.3623755E-4	137.0	7.711495E-4	0.9527313	204.47404	0.18553767	0.13957146	111.0	0.0
SPIKE	S38:T>A	16	58223	2.748055E-4	19.635284	40.0	TRUE	T	8.80359E-4	247.0	5.2820356E-4	0.90690297	92.66111	0.20762846	0.13190499	111.0	0.0
SPIKE	S38:T>G	1	58223	1.7175344E-5	1.0720997	40.0	TRUE	T	4.4294546E-4	3.0	4.6391098E-4	0.9520222	125.41779	0.20572506	0.12743415	111.0	1.0
SPIKE	S39:C>T	46	58223	7.900658E-4	83.94395	40.0	TRUE	C	0.0010619233	347.0	7.606466E-4	0.8888085	174.89638	0.17831536	0.12313406	111.0	0.0
SPIKE	S39:C>A	8	58223	1.3740275E-4	18.199682	40.0	TRUE	C	3.129595E-4	4.0	6.354817E-4	0.9658579	98.691826	0.1847471	0.14812745	111.0	1.0
SPIKE	S39:C>G	6	58223	1.0305206E-4	13.113299	40.0	TRUE	C	3.4690445E-4	93.0	3.1748906E-4	0.96222556	160.93874	0.21724981	0.16443138	111.0	0.0
SPIKE	D39-40:C>	2	58223	3.4350687E-5	-1.0	39.988182	TRUE		NaN	NaN	NaN	NaN	NaN	NaN	NaN	NaN	NaN
SPIKE	S40:G>C	24	58223	4.1220823E-4	36.620285	40.0	TRUE	G	9.3202695E-4	257.0	3.619007E-4	0.9017166	160.93874	0.21122587	0.14835791	111.0	0.0
SPIKE	S40:G>T	5	58223	8.5876716E-5	10.658173	40.0	TRUE	G	3.4676903E-4	8.0	5.235808E-4	0.96224004	98.691826	0.20468271	0.13253108	111.0	1.0
SPIKE	S40:G>A	63	58223	0.0010820467	168.50946	40.0	TRUE	G	4.4556556E-4	143.0	6.7357445E-4	0.95174533	174.89638	0.181536	0.12971123	111.0	0.0
SPIKE	D40-41:G>	9	58223	1.5457808E-4	-1.0	39.99598	TRUE		NaN	NaN	NaN	NaN	NaN	NaN	NaN	NaN	NaN
SPIKE	S41:G>C	17	58223	2.9198083E-4	35.485752	40.0	TRUE	G	4.3156111E-4	119.0	3.619007E-4	0.953226	160.93874	0.21122587	0.14835791	111.0	0.0
SPIKE	S41:G>T	4	58223	6.8701374E-5	8.284564	40.0	TRUE	G	3.4676903E-4	7.0	5.235808E-4	0.96224004	98.691826	0.20468271	0.13253108	111.0	1.0
SPIKE	S41:G>A	22	58223	3.7785753E-4	67.47598	40.0	TRUE	G	1.9941395E-4	64.0	6.7357445E-4	0.9781082	174.89638	0.181536	0.12971123	111.0	0.0
SPIKE	S42:C>T	81	58224	0.0013911789	220.55687	40.0	TRUE	C	5.1106093E-4	167.0	7.606466E-4	0.9448513	174.89938	0.17831536	0.12313406	111.0	0.0
SPIKE	S42:C>A	10	58224	1.7175048E-4	23.451881	40.0	TRUE	C	3.129595E-4	6.0	6.354817E-4	0.9658579	98.69352	0.1847471	0.14812745	111.0	1.0
SPIKE	S42:C>G	18	58224	3.0915087E-4	17.43255	40.0	TRUE	C	0.0012048195	323.0	3.1748906E-4	0.8748219	160.9415	0.21724981	0.16443138	111.0	0.0
SPIKE	D42-43:C>	37	58224	6.354768E-4	-1.0	39.962936	TRUE		NaN	NaN	NaN	NaN	NaN	NaN	NaN	NaN	NaN
SPIKE	D42-44:CG>	2	58224	3.4350098E-5	-1.0	39.962936	TRUE		NaN	NaN	NaN	NaN	NaN	NaN	NaN	NaN	NaN
SPIKE	S43:G>C	17	58226	2.9196579E-4	21.62371	40.0	TRUE	G	8.4494584E-4	233.0	3.619007E-4	0.91047484	160.94704	0.21122587	0.14835791	111.0	0.0
SPIKE	S43:G>T	3	58226	5.1523373E-5	6.0206	40.0	TRUE	G	3.4676903E-4	4.0	5.235808E-4	0.96224004	98.69691	0.20468271	0.13253108	111.0	1.0
SPIKE	S43:G>A	59	58226	0.001013293	168.85709	40.0	TRUE	G	3.4272508E-4	110.0	6.7357445E-4	0.96267205	174.90538	0.181536	0.12971123	111.0	0.0
SPIKE	D43-44:G>	1	58226	1.7174458E-5	-1.0	39.995655	TRUE		NaN	NaN	NaN	NaN	NaN	NaN	NaN	NaN	NaN
SPIKE	S44:G>C	32	58226	5.4958265E-4	85.232124	40.0	TRUE	G	3.0098928E-4	83.0	3.619007E-4	0.9671421	160.94704	0.21122587	0.14835791	111.0	0.0
SPIKE	S44:G>T	13	58226	2.2326795E-4	-1.0	40.0	TRUE	G	4.216169E-5	12.0	5.235808E-4	0.995331	98.69691	0.20468271	0.13253108	111.0	0.0
SPIKE	S44:G>A	23	58226	3.9501252E-4	59.459663	40.0	TRUE	G	3.4272508E-4	110.0	6.7357445E-4	0.96267205	174.90538	0.181536	0.12971123	111.0	0.0
SPIKE	S45:C>T	79	58226	0.0013567822	227.81369	39.481014	TRUE	C	3.4885597E-4	114.0	7.606466E-4	0.9620171	174.90538	0.17831536	0.12313406	111.0	0.0
SPIKE	S45:C>A	9	58226	1.5457012E-4	20.808811	40.0	TRUE	C	3.129595E-4	1.0	6.354817E-4	0.9658579	98.69691	0.1847471	0.14812745	111.0	1.0
SPIKE	S45:C>G	28	58226	4.8088483E-4	41.079506	40.0	TRUE	C	0.0011077991	297.0	3.1748906E-4	0.884294	160.94704	0.21724981	0.16443138	111.0	0.0
SPIKE	S46:G>C	47	58226	8.071995E-4	93.02648	40.0	TRUE	G	9.900009E-4	273.0	3.619007E-4	0.8959326	160.94704	0.21122587	0.14835791	111.0	0.0
SPIKE	S46:G>T	1	58226	1.7174458E-5	2.0412	40.0	TRUE	G	3.4676903E-4	4.0	5.235808E-4	0.96224004	98.69691	0.20468271	0.13253108	111.0	1.0
SPIKE	S46:G>A	45	58226	7.728506E-4	112.14543	40.0	TRUE	G	4.2061714E-4	135.0	6.7357445E-4	0.9543846	174.90538	0.181536	0.12971123	111.0	0.0
SPIKE	D46-47:G>	1	58226	1.7174458E-5	-1.0	39.989094	TRUE		NaN	NaN	NaN	NaN	NaN	NaN	NaN	NaN	NaN
SPIKE	S47:A>T	23	58227	3.9500574E-4	70.48629	40.0	TRUE	A	1.1392545E-4	30.0	5.750807E-4	0.9874339	92.66747	0.22124514	0.13238062	111.0	0.0
SPIKE	S47:A>G	37	58227	6.35444E-4	74.00349	40.0	TRUE	A	7.8997505E-4	255.0	7.392898E-4	0.91604733	204.4881	0.18051729	0.12572534	111.0	0.0
SPIKE	D47-48:A>	3	58227	5.152249E-5	-1.0	39.995827	TRUE		NaN	NaN	NaN	NaN	NaN	NaN	NaN	NaN	NaN
SPIKE	S47:A>C	0	58227	0.0	-1.0	0.0	TRUE	A	4.4507885E-4	1.0	9.6138235E-4	0.95179677	125.42641	0.20681885	0.13867854	111.0	1.0
SPIKE	S48:A>T	9	58227	1.5456747E-4	28.342087	40.0	TRUE	A	2.1645836E-4	57.0	5.750807E-4	0.97625947	92.66747	0.22124514	0.13238062	111.0	0.0
SPIKE	S48:A>G	43	58227	7.3848903E-4	117.13841	40.0	TRUE	A	2.323456E-4	75.0	7.392898E-4	0.9745394	204.4881	0.18051729	0.12572534	111.0	0.0
SPIKE	S48:A>C	0	58227	0.0	-1.0	0.0	TRUE	A	4.4507885E-4	2.0	9.6138235E-4	0.95179677	125.42641	0.20681885	0.13867854	111.0	1.0
SPIKE	S49:T>C	37	58227	6.35444E-4	112.630486	40.0	TRUE	T	1.6556784E-4	52.0	7.711495E-4	0.9817898	204.4881	0.18553767	0.13957146	111.0	0.0
SPIKE	S49:T>G	6	58227	1.0304498E-4	9.311187	40.0	TRUE	T	4.4294546E-4	5.0	4.6391098E-4	0.9520222	125.42641	0.20572506	0.12743415	111.0	1.0
SPIKE	S49:T>A	20	58227	3.4348326E-4	32.121147	40.0	TRUE	T	8.054553E-4	226.0	5.2820356E-4	0.91447467	92.66747	0.20762846	0.13190499	111.0	0.0
SPIKE	D49-50:T>	28	58227	4.8087657E-4	-1.0	39.99526	TRUE		NaN	NaN	NaN	NaN	NaN	NaN	NaN	NaN	NaN
SPIKE	D49-51:TT>	1	58227	1.7174163E-5	-1.0	39.99526	TRUE		NaN	NaN	NaN	NaN	NaN	NaN	NaN	NaN	NaN
SPIKE	S50:T>C	32	58227	5.495732E-4	97.57899	40.0	TRUE	T	1.6238383E-4	51.0	7.711495E-4	0.98213685	204.4881	0.18553767	0.13957146	111.0	0.0
SPIKE	S50:T>G	2	58227	3.4348326E-5	2.2639637	40.0	TRUE	T	4.4294546E-4	8.0	4.6391098E-4	0.9520222	125.42641	0.20572506	0.12743415	111.0	1.0
SPIKE	S50:T>A	22	58227	3.778316E-4	-1.0	40.0	TRUE	T	6.0587347E-5	17.0	5.2820356E-4	0.99329734	92.66747	0.20762846	0.13190499	111.0	0.0
SPIKE	D50-51:T>	1	58227	1.7174163E-5	-1.0	39.998386	TRUE		NaN	NaN	NaN	NaN	NaN	NaN	NaN	NaN	NaN
SPIKE	S51:T>C	44	58227	7.556632E-4	120.05395	40.0	TRUE	T	2.3879977E-4	75.0	7.711495E-4	0.9738414	204.4881	0.18553767	0.13957146	111.0	0.0
SPIKE	S51:T>G	3	58227	5.152249E-5	3.748162	40.0	TRUE	T	4.4294546E-4	1.0	4.6391098E-4	0.9520222	125.42641	0.20572506	0.12743415	111.0	1.0
SPIKE	S51:T>A	18	58227	3.0913495E-4	45.363	40.0	TRUE	T	2.4591334E-4	69.0	5.2820356E-4	0.9730728	92.66747	0.20762846	0.13190499	111.0	0.0
SPIKE	S52:A>T	7	58227	1.2021914E-4	15.631419	40.0	TRUE	A	3.303838E-4	87.0	5.750807E-4	0.9639917	92.66747	0.22124514	0.13238062	111.0	0.0
SPIKE	S52:A>C	5	58227	8.5870815E-5	16.300888	40.0	TRUE	A	1.1710135E-4	33.0	9.6138235E-4	0.9870859	125.42641	0.20681885	0.13867854	111.0	0.0
SPIKE	S52:A>G	37	58227	6.35444E-4	99.69318	40.0	TRUE	A	3.0979412E-4	100.0	7.392898E-4	0.9661974	204.4881	0.18051729	0.12572534	111.0	0.0
SPIKE	D52-53:A>	2	58227	3.4348326E-5	-1.0	39.989388	TRUE		NaN	NaN	NaN	NaN	NaN	NaN	NaN	NaN	NaN
SPIKE	S53:C>T	35	58227	6.0109573E-4	93.899216	40.0	TRUE	C	2.937684E-4	96.0	7.606466E-4	0.9679176	174.90839	0.17831536	0.12313406	111.0	0.0
SPIKE	S53:C>G	61	58227	0.0010476239	174.73528	40.0	TRUE	C	2.8720225E-4	77.0	3.1748906E-4	0.96862334	160.9498	0.21724981	0.16443138	111.0	0.0
SPIKE	S53:C>A	12	58227	2.0608996E-4	22.940357	40.0	TRUE	C	4.9148337E-4	155.0	6.354817E-4	0.94690675	98.6986	0.1847471	0.14812745	111.0	0.0
SPIKE	D53-54:C>	46	58227	7.900115E-4	-1.0	39.995983	TRUE		NaN	NaN	NaN	NaN	NaN	NaN	NaN	NaN	NaN
SPIKE	S54:C>T	36	58227	6.182699E-4	96.79472	40.0	TRUE	C	2.3562674E-4	77.0	7.606466E-4	0.9741845	174.90839	0.17831536	0.12313406	111.0	0.0
SPIKE	S54:C>G	15	58227	2.5761244E-4	-1.0	40.0	TRUE	C	4.1028892E-5	11.0	3.1748906E-4	0.99545616	160.9498	0.21724981	0.16443138	111.0	0.0
SPIKE	S54:C>A	19	58227	3.263091E-4	58.445087	40.0	TRUE	C	1.07809254E-4	34.0	6.354817E-4	0.98810446	98.6986	0.1847471	0.14812745	111.0	0.0
SPIKE	S55:A>T	16	58227	2.747866E-4	49.41419	40.0	TRUE	A	9.114036E-5	24.0	5.750807E-4	0.98993444	92.66747	0.22124514	0.13238062	111.0	0.0
SPIKE	S55:A>C	2	58227	3.4348326E-5	1.3408211	40.0	TRUE	A	6.032494E-4	170.0	9.6138235E-4	0.935232	125.42641	0.20681885	0.13867854	111.0	0.0
SPIKE	S55:A>G	92	58227	0.001580023	210.80728	40.0	TRUE	A	0.001059496	342.0	7.392898E-4	0.889048	204.4881	0.18051729	0.12572534	111.0	0.0
SPIKE	D55-56:A>	2	58227	3.4348326E-5	-1.0	39.99148	TRUE		NaN	NaN	NaN	NaN	NaN	NaN	NaN	NaN	NaN
SPIKE	D55-57:AC>	1	58227	1.7174163E-5	-1.0	39.99148	TRUE		NaN	NaN	NaN	NaN	NaN	NaN	NaN	NaN	NaN
SPIKE	S56:C>T	32	58227	5.495732E-4	85.232124	40.0	TRUE	C	2.692877E-4	88.0	7.606466E-4	0.9705514	174.90839	0.17831536	0.12313406	111.0	0.0
SPIKE	S56:C>G	50	58227	8.5870817E-4	151.76439	40.0	TRUE	C	1.7530526E-4	47.0	3.1748906E-4	0.9807292	160.9498	0.21724981	0.16443138	111.0	0.0
SPIKE	S56:C>A	10	58227	1.7174163E-4	23.451881	40.0	TRUE	C	3.5513638E-4	112.0	6.354817E-4	0.96134675	98.6986	0.1847471	0.14812745	111.0	0.0
SPIKE	D56-57:C>	19	58227	3.263091E-4	-1.0	39.99739	TRUE		NaN	NaN	NaN	NaN	NaN	NaN	NaN	NaN	NaN
SPIKE	S57:C>T	40	58227	6.869665E-4	108.40486	40.0	TRUE	C	2.8458814E-4	93.0	7.606466E-4	0.96890444	174.90839	0.17831536	0.12313406	111.0	0.0
SPIKE	S57:C>G	14	58227	2.4043828E-4	-1.0	40.0	TRUE	C	6.340828E-5	17.0	3.1748906E-4	0.9929864	160.9498	0.21724981	0.16443138	111.0	0.0
SPIKE	S57:C>A	8	58227	1.373933E-4	-1.0	40.0	TRUE	C	7.610065E-5	24.0	6.354817E-4	0.9915884	98.6986	0.1847471	0.14812745	111.0	0.0
SPIKE	S58:A>T	12	58227	2.0608996E-4	37.372986	40.0	TRUE	A	1.02532904E-4	27.0	5.750807E-4	0.98868334	92.66747	0.22124514	0.13238062	111.0	0.0
SPIKE	S58:A>C	3	58227	5.152249E-5	3.748162	40.0	TRUE	A	3.9033784E-4	110.0	9.6138235E-4	0.95759773	125.42641	0.20681885	0.13867854	111.0	0.0
SPIKE	S58:A>G	69	58227	0.0011850173	185.79863	40.0	TRUE	A	5.0806237E-4	164.0	7.392898E-4	0.9451658	204.4881	0.18051729	0.12572534	111.0	0.0
SPIKE	D58-59:A>	1	58227	1.7174163E-5	-1.0	39.9933	TRUE		NaN	NaN	NaN	NaN	NaN	NaN	NaN	NaN	NaN
SPIKE	S59:T>C	41	58227	7.041407E-4	111.31377	40.0	TRUE	T	3.3431966E-4	105.0	7.711495E-4	0.96357065	204.4881	0.18553767	0.13957146	111.0	0.0
SPIKE	S59:T>G	2	58227	3.4348326E-5	2.2639637	40.0	TRUE	T	4.4294546E-4	2.0	4.6391098E-4	0.9520222	125.42641	0.20572506	0.12743415	111.0	1.0
SPIKE	S59:T>A	19	58227	3.263091E-4	40.675655	40.0	TRUE	T	4.4193122E-4	124.0	5.2820356E-4	0.95212936	92.66747	0.20762846	0.13190499	111.0	0.0
SPIKE	D59-60:T>	5	58227	8.5870815E-5	-1.0	39.995586	TRUE		NaN	NaN	NaN	NaN	NaN	NaN	NaN	NaN	NaN
SPIKE	S60:T>C	81	58227	0.0013911072	220.55687	40.0	TRUE	T	4.107356E-4	129.0	7.711495E-4	0.95543206	204.4881	0.18553767	0.13957146	111.0	0.0
SPIKE	S60:T>G	1	58227	1.7174163E-5	-1.0	40.0	TRUE	T	6.7098816E-5	19.0	4.6391098E-4	0.9925797	125.42641	0.20572506	0.12743415	111.0	0.0
SPIKE	S60:T>A	12	58227	2.0608996E-4	-1.0	40.0	TRUE	T	4.989546E-5	14.0	5.2820356E-4	0.9944769	92.66747	0.20762846	0.13190499	111.0	0.0
SPIKE	S61:G>T	7	58227	1.2021914E-4	15.631419	40.0	TRUE	G	3.548548E-4	101.0	5.235808E-4	0.9613768	98.6986	0.20468271	0.13253108	111.0	0.0
SPIKE	S61:G>C	13	58227	2.2326413E-4	40.383286	40.0	TRUE	G	8.340524E-5	23.0	3.619007E-4	0.99078476	160.9498	0.21122587	0.14835791	111.0	0.0
SPIKE	S61:G>A	34	58227	5.8392156E-4	91.006836	40.0	TRUE	G	2.8352224E-4	91.0	6.7357445E-4	0.9690191	174.90839	0.181536	0.12971123	111.0	0.0
SPIKE	D61-62:G>	4	58227	6.869665E-5	-1.0	39.98791	TRUE		NaN	NaN	NaN	NaN	NaN	NaN	NaN	NaN	NaN
SPIKE	S62:A>T	26	58227	4.4652825E-4	79.51719	40.0	TRUE	A	1.4430557E-4	38.0	5.750807E-4	0.9841097	92.66747	0.22124514	0.13238062	111.0	0.0
SPIKE	S62:A>G	31	58227	5.3239905E-4	73.00521	40.0	TRUE	A	4.8327885E-4	156.0	7.392898E-4	0.9477695	204.4881	0.18051729	0.12572534	111.0	0.0
SPIKE	D62-63:A>	32	58227	5.495732E-4	-1.0	39.99696	TRUE		NaN	NaN	NaN	NaN	NaN	NaN	NaN	NaN	NaN
SPIKE	I62:>A	3	58227	5.152249E-5	-1.0	39.99696	TRUE		NaN	NaN	NaN	NaN	NaN	NaN	NaN	NaN	NaN
SPIKE	S62:A>C	0	58227	0.0	-1.0	0.0	TRUE	A	4.4507885E-4	3.0	9.6138235E-4	0.95179677	125.42641	0.20681885	0.13867854	111.0	1.0
SPIKE	S63:A>T	15	58227	2.5761244E-4	-1.0	40.0	TRUE	A	7.215278E-5	19.0	5.750807E-4	0.99202305	92.66747	0.22124514	0.13238062	111.0	0.0
SPIKE	S63:A>C	4	58227	6.869665E-5	5.449171	40.0	TRUE	A	4.4507885E-4	3.0	9.6138235E-4	0.95179677	125.42641	0.20681885	0.13867854	111.0	1.0
SPIKE	S63:A>G	65	58227	0.0011163206	201.6901	40.0	TRUE	A	2.0446413E-4	66.0	7.392898E-4	0.9775601	204.4881	0.18051729	0.12572534	111.0	0.0
SPIKE	S64:A>G	45	58227	7.728373E-4	122.97151	40.0	TRUE	A	2.5403118E-4	82.0	7.392898E-4	0.9721964	204.4881	0.18051729	0.12572534	111.0	0.0
SPIKE	S64:A>C	5	58227	8.5870815E-5	7.3154635	40.0	TRUE	A	4.4507885E-4	9.0	9.6138235E-4	0.95179677	125.42641	0.20681885	0.13867854	111.0	1.0
SPIKE	S64:A>T	11	58227	1.889158E-4	-1.0	40.0	TRUE	A	3.797515E-5	10.0	5.750807E-4	0.99579364	92.66747	0.22124514	0.13238062	111.0	0.0
SPIKE	S65:A>G	39	58227	6.6979235E-4	95.24664	40.0	TRUE	A	5.29748E-4	171.0	7.392898E-4	0.94289345	204.4881	0.18051729	0.12572534	111.0	0.0
SPIKE	S65:A>C	2	58227	3.4348326E-5	3.9120662	40.0	TRUE	A	3.690467E-4	104.0	9.6138235E-4	0.9598635	125.42641	0.20681885	0.13867854	111.0	0.0
SPIKE	S65:A>T	4	58227	6.869665E-5	8.284564	40.0	TRUE	A	3.519061E-4	9.0	5.750807E-4	0.9616915	92.66747	0.22124514	0.13238062	111.0	1.0
SPIKE	S66:C>A	3	58227	5.152249E-5	10.280287	40.0	TRUE	C	1.8708078E-4	59.0	6.354817E-4	0.97944814	98.6986	0.1847471	0.14812745	111.0	0.0
SPIKE	S66:C>G	19	58227	3.263091E-4	-1.0	40.0	TRUE	C	4.8488688E-5	13.0	3.1748906E-4	0.9946322	160.9498	0.21724981	0.16443138	111.0	0.0
SPIKE	S66:C>T	25	58227	4.2935408E-4	76.50689	40.0	TRUE	C	1.958456E-4	64.0	7.606466E-4	0.9784957	174.90839	0.17831536	0.12313406	111.0	0.0
SPIKE	D66-67:C>	18	58227	3.0913495E-4	-1.0	39.99188	TRUE		NaN	NaN	NaN	NaN	NaN	NaN	NaN	NaN	NaN
SPIKE	S67:C>A	17	58227	2.9196078E-4	42.57172	40.0	TRUE	C	3.044026E-4	96.0	6.354817E-4	0.9667758	98.6986	0.1847471	0.14812745	111.0	0.0
SPIKE	S67:C>G	19	58227	3.263091E-4	-1.0	40.0	TRUE	C	5.9678387E-5	16.0	3.1748906E-4	0.9933976	160.9498	0.21724981	0.16443138	111.0	0.0
SPIKE	S67:C>T	38	58227	6.526182E-4	115.640785	40.0	TRUE	C	1.7442499E-4	57.0	7.606466E-4	0.98082507	174.90839	0.17831536	0.12313406	111.0	0.0
SPIKE	S68:A>G	62	58227	0.0010647981	117.97385	40.0	TRUE	A	0.0011679239	377.0	7.392898E-4	0.878412	204.4881	0.18051729	0.12572534	111.0	0.0
SPIKE	S68:A>C	7	58227	1.2021914E-4	22.321487	40.0	TRUE	A	1.2774693E-4	36.0	9.6138235E-4	0.98592013	125.42641	0.20681885	0.13867854	111.0	0.0
SPIKE	S68:A>T	11	58227	1.889158E-4	-1.0	40.0	TRUE	A	6.835527E-5	18.0	5.750807E-4	0.9924413	92.66747	0.22124514	0.13238062	111.0	0.0
SPIKE	S69:G>A	29	58227	4.980507E-4	76.59832	40.0	TRUE	G	2.897535E-4	93.0	6.7357445E-4	0.9683491	174.90839	0.181536	0.12971123	111.0	0.0
SPIKE	S69:G>C	32	58227	5.495732E-4	75.76293	40.0	TRUE	G	4.133999E-4	114.0	3.619007E-4	0.95514953	160.9498	0.21122587	0.14835791	111.0	0.0
SPIKE	S69:G>T	3	58227	5.152249E-5	6.0206	40.0	TRUE	G	3.4676903E-4	6.0	5.235808E-4	0.96224004	98.6986	0.20468271	0.13253108	111.0	1.0
SPIKE	S70:C>A	15	58227	2.5761244E-4	37.025364	40.0	TRUE	C	3.129595E-4	9.0	6.354817E-4	0.9658579	98.6986	0.1847471	0.14812745	111.0	1.0
SPIKE	S70:C>G	10	58227	1.7174163E-4	31.352386	40.0	TRUE	C	1.6038567E-4	43.0	3.1748906E-4	0.9823547	160.9498	0.21724981	0.16443138	111.0	0.0
SPIKE	S70:C>T	25	58227	4.2935408E-4	65.15026	40.0	TRUE	C	3.4884998E-4	114.0	7.606466E-4	0.9620178	174.90839	0.17831536	0.12313406	111.0	0.0
SPIKE	D70-71:C>	3	58227	5.152249E-5	-1.0	39.998318	TRUE		NaN	NaN	NaN	NaN	NaN	NaN	NaN	NaN	NaN
SPIKE	S71:C>A	13	58227	2.2326413E-4	31.537222	40.0	TRUE	C	3.129595E-4	4.0	6.354817E-4	0.9658579	98.6986	0.1847471	0.14812745	111.0	1.0
SPIKE	S71:C>G	16	58227	2.747866E-4	39.792072	40.0	TRUE	C	3.655301E-4	98.0	3.1748906E-4	0.9602383	160.9498	0.21724981	0.16443138	111.0	0.0
SPIKE	S71:C>T	72	58227	0.0012365398	194.46754	40.0	TRUE	C	4.2229207E-4	138.0	7.606466E-4	0.95420724	174.90839	0.17831536	0.12313406	111.0	0.0
SPIKE	S72:G>A	77	58227	0.0013224105	208.94737	40.0	TRUE	G	4.3618804E-4	140.0	6.7357445E-4	0.95273656	174.90839	0.181536	0.12971123	111.0	0.0
SPIKE	S72:G>C	23	58227	3.9500574E-4	70.48629	40.0	TRUE	G	1.8856837E-4	52.0	3.619007E-4	0.97928643	160.9498	0.21122587	0.14835791	111.0	0.0
SPIKE	S72:G>T	6	58227	1.0304498E-4	13.113299	40.0	TRUE	G	2.8809992E-4	82.0	5.235808E-4	0.96852684	98.6986	0.20468271	0.13253108	111.0	0.0
SPIKE	D72-73:G>	3	58227	5.152249E-5	-1.0	39.99404	TRUE		NaN	NaN	NaN	NaN	NaN	NaN	NaN	NaN	NaN
SPIKE	S73:T>A	19	58227	3.263091E-4	-1.0	40.0	TRUE	T	4.989546E-5	14.0	5.2820356E-4	0.9944769	92.66747	0.20762846	0.13190499	111.0	0.0
SPIKE	S73:T>G	4	58227	6.869665E-5	5.449171	40.0	TRUE	T	4.3437656E-4	123.0	4.6391098E-4	0.9529281	125.42641	0.20572506	0.12743415	111.0	0.0
SPIKE	S73:T>C	61	58227	0.0010476239	129.94722	40.0	TRUE	T	9.265431E-4	291.0	7.711495E-4	0.90226567	204.4881	0.18553767	0.13957146	111.0	0.0
SPIKE	S74:G>A	37	58227	6.35444E-4	112.630486	40.0	TRUE	G	2.149784E-4	69.0	6.7357445E-4	0.97641987	174.90839	0.181536	0.12971123	111.0	0.0
SPIKE	S74:G>C	2	58227	3.4348326E-5	1.3408211	40.0	TRUE	G	5.836546E-4	4.0	3.619007E-4	0.9372683	160.9498	0.21122587	0.14835791	111.0	1.0
SPIKE	S74:G>T	1	58227	1.7174163E-5	4.2596874	40.0	TRUE	G	7.72951E-5	22.0	5.235808E-4	0.9914569	98.6986	0.20468271	0.13253108	111.0	0.0
SPIKE	D74-75:G>	3	58227	5.152249E-5	-1.0	39.998367	TRUE		NaN	NaN	NaN	NaN	NaN	NaN	NaN	NaN	NaN
SPIKE	S75:G>A	24	58227	4.121799E-4	73.49659	40.0	TRUE	G	2.2120966E-4	71.0	6.7357445E-4	0.9757447	174.90839	0.181536	0.12971123	111.0	0.0
SPIKE	S75:G>C	12	58227	2.0608996E-4	-1.0	40.0	TRUE	G	6.164735E-5	17.0	3.619007E-4	0.9931805	160.9498	0.21122587	0.14835791	111.0	0.0
SPIKE	S75:G>T	0	58227	0.0	-1.0	0.0	TRUE	G	3.2674748E-4	93.0	5.235808E-4	0.96438086	98.6986	0.20468271	0.13253108	111.0	0.0
SPIKE	S76:T>A	5	58227	8.5870815E-5	10.658173	40.0	TRUE	T	3.302633E-4	9.0	5.2820356E-4	0.9640046	92.66747	0.20762846	0.13190499	111.0	1.0
SPIKE	S76:T>G	14	58227	2.4043828E-4	43.393585	40.0	TRUE	T	1.7304432E-4	49.0	4.6391098E-4	0.9809754	125.42641	0.20572506	0.12743415	111.0	0.0
SPIKE	S76:T>C	22	58227	3.778316E-4	56.62427	40.0	TRUE	T	3.7571162E-4	118.0	7.711495E-4	0.95915365	204.4881	0.18553767	0.13957146	111.0	0.0
SPIKE	D76-77:T>	9	58227	1.5456747E-4	-1.0	39.99394	TRUE		NaN	NaN	NaN	NaN	NaN	NaN	NaN	NaN	NaN
SPIKE	S77:T>A	18	58227	3.0913495E-4	55.434788	40.0	TRUE	T	1.1761073E-4	33.0	5.2820356E-4	0.98703	92.66747	0.20762846	0.13190499	111.0	0.0
SPIKE	S77:T>G	3	58227	5.152249E-5	3.748162	40.0	TRUE	T	4.4294546E-4	4.0	4.6391098E-4	0.9520222	125.42641	0.20572506	0.12743415	111.0	1.0
SPIKE	S77:T>C	42	58227	7.2131486E-4	127.681984	40.0	TRUE	T	2.1014379E-4	66.0	7.711495E-4	0.97694397	204.4881	0.18553767	0.13957146	111.0	0.0
SPIKE	S78:T>A	15	58227	2.5761244E-4	-1.0	40.0	TRUE	T	3.9203576E-5	11.0	5.2820356E-4	0.99565786	92.66747	0.20762846	0.13190499	111.0	0.0
SPIKE	S78:T>G	4	58227	6.869665E-5	8.284564	40.0	TRUE	T	3.814038E-4	108.0	4.6391098E-4	0.95854783	125.42641	0.20572506	0.12743415	111.0	0.0
SPIKE	S78:T>C	72	58227	0.0012365398	207.13927	40.0	TRUE	T	3.2795168E-4	103.0	7.711495E-4	0.964252	204.4881	0.18553767	0.13957146	111.0	0.0
SPIKE	S79:G>A	50	58227	8.5870817E-4	151.76439	40.0	TRUE	G	1.9628463E-4	63.0	6.7357445E-4	0.97844803	174.90839	0.181536	0.12971123	111.0	0.0
SPIKE	S79:G>C	27	58227	4.637024E-4	62.054737	40.0	TRUE	G	4.3878407E-4	121.0	3.619007E-4	0.952462	160.9498	0.21122587	0.14835791	111.0	0.0
SPIKE	S79:G>T	2	58227	3.4348326E-5	-1.0	40.0	TRUE	G	6.675486E-5	19.0	5.235808E-4	0.9926176	98.6986	0.20468271	0.13253108	111.0	0.0
SPIKE	D79-80:G>	1	58227	1.7174163E-5	-1.0	39.99423	TRUE		NaN	NaN	NaN	NaN	NaN	NaN	NaN	NaN	NaN
SPIKE	S80:C>G	34	58227	5.8392156E-4	73.23097	40.0	TRUE	C	6.2289316E-4	167.0	3.1748906E-4	0.93319494	160.9498	0.21724981	0.16443138	111.0	0.0
SPIKE	S80:C>A	13	58227	2.2326413E-4	31.537222	40.0	TRUE	C	3.129595E-4	6.0	6.354817E-4	0.9658579	98.6986	0.1847471	0.14812745	111.0	1.0
SPIKE	S80:C>T	47	58227	8.0718566E-4	108.480316	40.0	TRUE	C	5.905969E-4	193.0	7.606466E-4	0.9365464	174.90839	0.17831536	0.12313406	111.0	0.0
SPIKE	D80-81:C>	15	58227	2.5761244E-4	-1.0	39.985504	TRUE		NaN	NaN	NaN	NaN	NaN	NaN	NaN	NaN	NaN
SPIKE	S81:G>A	67	58227	0.001150669	180.02802	40.0	TRUE	G	3.9256926E-4	126.0	6.7357445E-4	0.95736057	174.90839	0.181536	0.12971123	111.0	0.0
SPIKE	S81:G>T	5	58227	8.5870815E-5	10.658173	40.0	TRUE	G	3.4676903E-4	4.0	5.235808E-4	0.96224004	98.6986	0.20468271	0.13253108	111.0	1.0
SPIKE	S81:G>C	26	58227	4.4652825E-4	79.51719	40.0	TRUE	G	1.6318416E-4	45.0	3.619007E-4	0.98204964	160.9498	0.21122587	0.14835791	111.0	0.0
SPIKE	D81-82:G>	1	58227	1.7174163E-5	-1.0	39.998608	TRUE		NaN	NaN	NaN	NaN	NaN	NaN	NaN	NaN	NaN
SPIKE	S82:G>A	31	58227	5.3239905E-4	82.3502	40.0	TRUE	G	2.8040662E-4	90.0	6.7357445E-4	0.9693543	174.90839	0.181536	0.12971123	111.0	0.0
SPIKE	S82:G>T	8	58227	1.373933E-4	18.199682	40.0	TRUE	G	3.4676903E-4	7.0	5.235808E-4	0.96224004	98.6986	0.20468271	0.13253108	111.0	1.0
SPIKE	S82:G>C	29	58227	4.980507E-4	60.04673	40.0	TRUE	G	5.439472E-4	150.0	3.619007E-4	0.94140846	160.9498	0.21122587	0.14835791	111.0	0.0
SPIKE	S83:C>G	40	58227	6.869665E-4	89.35573	40.0	TRUE	C	6.564623E-4	176.0	3.1748906E-4	0.9297242	160.9498	0.21724981	0.16443138	111.0	0.0
SPIKE	S83:C>A	10	58227	1.7174163E-4	23.451881	40.0	TRUE	C	3.129595E-4	5.0	6.354817E-4	0.9658579	98.6986	0.1847471	0.14812745	111.0	1.0
SPIKE	S83:C>T	63	58227	0.0010819723	168.50946	40.0	TRUE	C	4.1311182E-4	135.0	7.606466E-4	0.95518005	174.90839	0.17831536	0.12313406	111.0	0.0
SPIKE	S84:G>A	76	58227	0.0013052364	194.85368	40.0	TRUE	G	5.670445E-4	182.0	6.7357445E-4	0.938998	174.90839	0.181536	0.12971123	111.0	0.0
SPIKE	S84:G>T	4	58227	6.869665E-5	8.284564	40.0	TRUE	G	3.4676903E-4	4.0	5.235808E-4	0.96224004	98.6986	0.20468271	0.13253108	111.0	1.0
SPIKE	S84:G>C	8	58227	1.373933E-4	25.331787	40.0	TRUE	G	1.1966839E-4	33.0	3.619007E-4	0.98680466	160.9498	0.21122587	0.14835791	111.0	0.0
SPIKE	S85:A>G	40	58227	6.869665E-4	121.661385	40.0	TRUE	A	1.8897442E-4	61.0	7.392898E-4	0.9792423	204.4881	0.18051729	0.12572534	111.0	0.0
SPIKE	S85:A>T	21	58227	3.6065743E-4	45.93784	40.0	TRUE	A	4.6329683E-4	122.0	5.750807E-4	0.949874	92.66747	0.22124514	0.13238062	111.0	0.0
SPIKE	S85:A>C	3	58227	5.152249E-5	-1.0	40.0	TRUE	A	3.9033785E-5	11.0	9.6138235E-4	0.99567664	125.42641	0.20681885	0.13867854	111.0	0.0
SPIKE	S86:T>G	5	58227	8.5870815E-5	-1.0	40.0	TRUE	T	3.5315166E-5	10.0	4.6391098E-4	0.9960877	125.42641	0.20572506	0.12743415	111.0	0.0
SPIKE	S86:T>A	16	58227	2.747866E-4	49.41419	40.0	TRUE	T	9.2663E-5	26.0	5.2820356E-4	0.98976713	92.66747	0.20762846	0.13190499	111.0	0.0
SPIKE	S86:T>C	42	58227	7.2131486E-4	114.22498	40.0	TRUE	T	3.1203168E-4	98.0	7.711495E-4	0.9659574	204.4881	0.18553767	0.13957146	111.0	0.0
SPIKE	D86-87:T>	24	58227	4.121799E-4	-1.0	39.997063	TRUE		NaN	NaN	NaN	NaN	NaN	NaN	NaN	NaN	NaN
SPIKE	S87:T>G	2	58227	3.4348326E-5	2.2639637	40.0	TRUE	T	4.4294546E-4	5.0	4.6391098E-4	0.9520222	125.42641	0.20572506	0.12743415	111.0	1.0
SPIKE	S87:T>A	12	58227	2.0608996E-4	-1.0	40.0	TRUE	T	4.989546E-5	14.0	5.2820356E-4	0.9944769	92.66747	0.20762846	0.13190499	111.0	0.0
SPIKE	S87:T>C	51	58227	8.7588234E-4	154.77469	40.0	TRUE	T	1.9103981E-4	60.0	7.711495E-4	0.97901785	204.4881	0.18553767	0.13957146	111.0	0.0
SPIKE	S88:T>G	5	58227	8.5870815E-5	7.3154635	40.0	TRUE	T	4.4294546E-4	3.0	4.6391098E-4	0.9520222	125.42641	0.20572506	0.12743415	111.0	1.0
SPIKE	S88:T>A	8	58227	1.373933E-4	13.595069	40.0	TRUE	T	5.0608255E-4	142.0	5.2820356E-4	0.94537354	92.66747	0.20762846	0.13190499	111.0	0.0
SPIKE	S88:T>C	44	58227	7.556632E-4	133.70259	40.0	TRUE	T	1.6875184E-4	53.0	7.711495E-4	0.98144287	204.4881	0.18553767	0.13957146	111.0	0.0
SPIKE	S89:A>G	50	58227	8.5870817E-4	137.5869	40.0	TRUE	A	2.2924766E-4	74.0	7.392898E-4	0.97487456	204.4881	0.18051729	0.12572534	111.0	0.0
SPIKE	S89:A>T	28	58227	4.8087657E-4	51.216248	40.0	TRUE	A	6.9874275E-4	184.0	5.750807E-4	0.9253711	92.66747	0.22124514	0.13238062	111.0	0.0
SPIKE	S89:A>C	2	58227	3.4348326E-5	2.2639637	40.0	TRUE	A	4.4507885E-4	1.0	9.6138235E-4	0.95179677	125.42641	0.20681885	0.13867854	111.0	1.0
SPIKE	D89-90:A>	1	58227	1.7174163E-5	-1.0	39.99229	TRUE		NaN	NaN	NaN	NaN	NaN	NaN	NaN	NaN	NaN
SPIKE	D89-92:ATC>	1	58227	1.7174163E-5	-1.0	39.99229	TRUE		NaN	NaN	NaN	NaN	NaN	NaN	NaN	NaN	NaN
SPIKE	S90:T>G	2	58227	3.4348326E-5	2.2639637	40.0	TRUE	T	4.4294546E-4	2.0	4.6391098E-4	0.9520222	125.42641	0.20572506	0.12743415	111.0	1.0
SPIKE	S90:T>A	17	58227	2.9196078E-4	52.424488	40.0	TRUE	T	1.675062E-4	47.0	5.2820356E-4	0.9815786	92.66747	0.20762846	0.13190499	111.0	0.0
SPIKE	S90:T>C	37	58227	6.35444E-4	81.25747	40.0	TRUE	T	6.017754E-4	189.0	7.711495E-4	0.935385	204.4881	0.18553767	0.13957146	111.0	0.0
SPIKE	S91:C>G	13	58227	2.2326413E-4	20.706247	40.0	TRUE	C	5.520251E-4	148.0	3.1748906E-4	0.94056475	160.9498	0.21724981	0.16443138	111.0	0.0
SPIKE	S91:C>A	22	58227	3.778316E-4	56.62427	40.0	TRUE	C	3.129595E-4	8.0	6.354817E-4	0.9658579	98.6986	0.1847471	0.14812745	111.0	1.0
SPIKE	S91:C>T	69	58227	0.0011850173	198.29062	40.0	TRUE	C	3.672105E-4	120.0	7.606466E-4	0.96005917	174.90839	0.17831536	0.12313406	111.0	0.0
SPIKE	D91-92:C>	1	58227	1.7174163E-5	-1.0	39.99356	TRUE		NaN	NaN	NaN	NaN	NaN	NaN	NaN	NaN	NaN
SPIKE	S92:G>A	80	58227	0.001373933	217.65251	40.0	TRUE	G	4.9850065E-4	160.0	6.7357445E-4	0.9461695	174.90839	0.181536	0.12971123	111.0	0.0
SPIKE	S92:G>T	6	58227	1.0304498E-4	9.311187	40.0	TRUE	G	5.129584E-4	146.0	5.235808E-4	0.94465226	98.6986	0.20468271	0.13253108	111.0	0.0
SPIKE	S92:G>C	43	58227	7.3848903E-4	117.13841	40.0	TRUE	G	2.7922622E-4	77.0	3.619007E-4	0.9694813	160.9498	0.21122587	0.14835791	111.0	0.0
SPIKE	S93:T>A	30	58227	5.152249E-4	91.55839	40.0	TRUE	T	8.197111E-5	23.0	5.2820356E-4	0.9909425	92.66747	0.20762846	0.13190499	111.0	0.0
SPIKE	S93:T>C	34	58227	5.8392156E-4	66.29316	40.0	TRUE	T	8.373912E-4	263.0	7.711495E-4	0.9112387	204.4881	0.18553767	0.13957146	111.0	0.0
SPIKE	S93:T>G	0	58227	0.0	-1.0	0.0	TRUE	T	1.2360308E-4	35.0	4.6391098E-4	0.9863737	125.42641	0.20572506	0.12743415	111.0	0.0
SPIKE	S94:C>G	29	58227	4.980507E-4	60.04673	40.0	TRUE	C	6.564623E-4	176.0	3.1748906E-4	0.9297242	160.9498	0.21724981	0.16443138	111.0	0.0
SPIKE	S94:C>A	10	58227	1.7174163E-4	-1.0	40.0	TRUE	C	3.1708605E-5	10.0	6.354817E-4	0.99648654	98.6986	0.1847471	0.14812745	111.0	0.0
SPIKE	S94:C>T	64	58227	0.0010991464	171.38612	40.0	TRUE	C	4.4677278E-4	146.0	7.606466E-4	0.95161784	174.90839	0.17831536	0.12313406	111.0	0.0
SPIKE	D94-95:C>	2	58227	3.4348326E-5	-1.0	39.994434	TRUE		NaN	NaN	NaN	NaN	NaN	NaN	NaN	NaN	NaN
SPIKE	S95:G>A	84	58227	0.0014426297	229.27753	40.0	TRUE	G	5.2031E-4	167.0	6.7357445E-4	0.94388175	174.90839	0.181536	0.12971123	111.0	0.0
SPIKE	S95:G>T	1	58227	1.7174163E-5	1.0720997	40.0	TRUE	G	5.09445E-4	145.0	5.235808E-4	0.94502074	98.6986	0.20468271	0.13253108	111.0	0.0
SPIKE	S95:G>C	51	58227	8.7588234E-4	140.515	40.0	TRUE	G	3.2636832E-4	90.0	3.619007E-4	0.96442145	160.9498	0.21122587	0.14835791	111.0	0.0
SPIKE	D95-98:GTC>	4	58227	6.869665E-5	-1.0	39.991394	TRUE		NaN	NaN	NaN	NaN	NaN	NaN	NaN	NaN	NaN
SPIKE	S96:T>C	44	58227	7.556632E-4	85.2992	40.0	TRUE	T	9.265431E-4	291.0	7.711495E-4	0.90226567	204.4881	0.18553767	0.13957146	111.0	0.0
SPIKE	S96:T>A	17	58227	2.9196078E-4	52.424488	40.0	TRUE	T	8.197111E-5	23.0	5.2820356E-4	0.9909425	92.66747	0.20762846	0.13190499	111.0	0.0
SPIKE	S96:T>G	2	58227	3.4348326E-5	7.269987	40.0	TRUE	T	1.483237E-4	42.0	4.6391098E-4	0.98367083	125.42641	0.20572506	0.12743415	111.0	0.0
SPIKE	S97:C>T	41	58227	7.041407E-4	111.31377	40.0	TRUE	C	2.692877E-4	88.0	7.606466E-4	0.9705514	174.90839	0.17831536	0.12313406	111.0	0.0
SPIKE	S97:C>A	8	58227	1.373933E-4	13.595069	40.0	TRUE	C	4.661165E-4	147.0	6.354817E-4	0.94957674	98.6986	0.1847471	0.14812745	111.0	0.0
SPIKE	S97:C>G	25	58227	4.2935408E-4	76.50689	40.0	TRUE	C	9.6977376E-5	26.0	3.1748906E-4	0.9892932	160.9498	0.21724981	0.16443138	111.0	0.0
SPIKE	D97-98:C>	1	58227	1.7174163E-5	-1.0	39.992134	TRUE		NaN	NaN	NaN	NaN	NaN	NaN	NaN	NaN	NaN
SPIKE	S98:A>C	4	58227	6.869665E-5	13.290587	40.0	TRUE	A	1.3484398E-4	38.0	9.6138235E-4	0.9851438	125.42641	0.20681885	0.13867854	111.0	0.0
SPIKE	S98:A>T	4	58227	6.869665E-5	3.6487768	40.0	TRUE	A	5.9620984E-4	157.0	5.750807E-4	0.93596303	92.66747	0.22124514	0.13238062	111.0	0.0
SPIKE	S98:A>G	93	58227	0.0015971971	255.50089	40.0	TRUE	A	5.0806237E-4	164.0	7.392898E-4	0.9451658	204.4881	0.18051729	0.12572534	111.0	0.0
SPIKE	D98-99:A>	1	58227	1.7174163E-5	-1.0	39.989986	TRUE		NaN	NaN	NaN	NaN	NaN	NaN	NaN	NaN	NaN
SPIKE	I98:>GTC	5	58227	8.5870815E-5	-1.0	39.989986	TRUE		NaN	NaN	NaN	NaN	NaN	NaN	NaN	NaN	NaN
SPIKE	D98-101:ATC>	3	58227	5.152249E-5	-1.0	39.989986	TRUE		NaN	NaN	NaN	NaN	NaN	NaN	NaN	NaN	NaN
SPIKE	S99:T>C	39	58227	6.6979235E-4	79.196175	40.0	TRUE	T	7.259513E-4	228.0	7.711495E-4	0.92258054	204.4881	0.18553767	0.13957146	111.0	0.0
SPIKE	S99:T>A	14	58227	2.4043828E-4	43.393585	40.0	TRUE	T	1.7819808E-4	50.0	5.2820356E-4	0.98041433	92.66747	0.20762846	0.13190499	111.0	0.0
SPIKE	S99:T>G	2	58227	3.4348326E-5	2.2639637	40.0	TRUE	T	4.4294546E-4	7.0	4.6391098E-4	0.9520222	125.42641	0.20572506	0.12743415	111.0	1.0
SPIKE	S100:C>T	86	58227	0.0014769781	223.38489	40.0	TRUE	C	5.661162E-4	185.0	7.606466E-4	0.9390947	174.90839	0.17831536	0.12313406	111.0	0.0
SPIKE	S100:C>A	14	58227	2.4043828E-4	34.27314	40.0	TRUE	C	3.129595E-4	8.0	6.354817E-4	0.9658579	98.6986	0.1847471	0.14812745	111.0	1.0
SPIKE	S100:C>G	8	58227	1.373933E-4	7.8612313	40.0	TRUE	C	6.9749117E-4	187.0	3.1748906E-4	0.9254997	160.9498	0.21724981	0.16443138	111.0	0.0
SPIKE	S101:G>C	37	58227	6.35444E-4	112.630486	40.0	TRUE	G	2.212052E-4	61.0	3.619007E-4	0.9757452	160.9498	0.21122587	0.14835791	111.0	0.0
SPIKE	S101:G>T	1	58227	1.7174163E-5	1.0720997	40.0	TRUE	G	5.129584E-4	146.0	5.235808E-4	0.94465226	98.6986	0.20468271	0.13253108	111.0	0.0
SPIKE	S101:G>A	80	58227	0.001373933	217.65251	40.0	TRUE	G	4.206099E-4	135.0	6.7357445E-4	0.9543854	174.90839	0.181536	0.12971123	111.0	0.0
SPIKE	S102:T>C	75	58227	0.0012880622	203.15096	39.946667	TRUE	T	4.7441554E-4	149.0	7.711495E-4	0.9487024	204.4881	0.18553767	0.13957146	111.0	0.0
SPIKE	S102:T>A	23	58227	3.9500574E-4	-1.0	40.0	TRUE	T	5.7023386E-5	16.0	5.2820356E-4	0.9936904	92.66747	0.20762846	0.13190499	111.0	0.0
SPIKE	S102:T>G	3	58227	5.152249E-5	2.3797824	40.0	TRUE	T	6.4626755E-4	183.0	4.6391098E-4	0.9307769	125.42641	0.20572506	0.12743415	111.0	0.0
SPIKE	D102-105:TGG>	1	58227	1.7174163E-5	-1.0	39.99114	TRUE		NaN	NaN	NaN	NaN	NaN	NaN	NaN	NaN	NaN
SPIKE	S103:G>C	24	58227	4.121799E-4	73.49659	40.0	TRUE	G	1.232947E-4	34.0	3.619007E-4	0.9864075	160.9498	0.21122587	0.14835791	111.0	0.0
SPIKE	S103:G>T	3	58227	5.152249E-5	10.280287	40.0	TRUE	G	1.1242924E-4	32.0	5.235808E-4	0.9875979	98.6986	0.20468271	0.13253108	111.0	0.0
SPIKE	S103:G>A	36	58227	6.182699E-4	96.79472	40.0	TRUE	G	2.3055654E-4	74.0	6.7357445E-4	0.97473294	174.90839	0.181536	0.12971123	111.0	0.0
SPIKE	D103-104:G>	16	58227	2.747866E-4	-1.0	39.99332	TRUE		NaN	NaN	NaN	NaN	NaN	NaN	NaN	NaN	NaN
SPIKE	S104:G>C	30	58227	5.152249E-4	56.184185	40.0	TRUE	G	6.9625245E-4	192.0	3.619007E-4	0.92562693	160.9498	0.21122587	0.14835791	111.0	0.0
SPIKE	S104:G>T	6	58227	1.0304498E-4	-1.0	40.0	TRUE	G	3.5134137E-5	10.0	5.235808E-4	0.9961077	98.6986	0.20468271	0.13253108	111.0	0.0
SPIKE	S104:G>A	28	58227	4.8087657E-4	73.72888	40.0	TRUE	G	3.645286E-4	117.0	6.7357445E-4	0.96034503	174.90839	0.181536	0.12971123	111.0	0.0
SPIKE	S105:C>T	70	58227	0.0012021915	177.83487	40.0	TRUE	C	6.181377E-4	202.0	7.606466E-4	0.9336877	174.90839	0.17831536	0.12313406	111.0	0.0
SPIKE	S105:C>A	15	58227	2.5761244E-4	-1.0	40.0	TRUE	C	4.7562906E-5	15.0	6.354817E-4	0.9947344	98.6986	0.1847471	0.14812745	111.0	0.0
SPIKE	S105:C>G	28	58227	4.8087657E-4	45.819233	40.0	TRUE	C	9.846934E-4	264.0	3.1748906E-4	0.8964606	160.9498	0.21724981	0.16443138	111.0	0.0
SPIKE	D105-106:C>	26	58227	4.4652825E-4	-1.0	39.969105	TRUE		NaN	NaN	NaN	NaN	NaN	NaN	NaN	NaN	NaN
SPIKE	D105-107:CG>	5	58227	8.5870815E-5	-1.0	39.969105	TRUE		NaN	NaN	NaN	NaN	NaN	NaN	NaN	NaN	NaN
SPIKE	S106:G>C	33	58227	5.667474E-4	88.11774	40.0	TRUE	G	2.5021573E-4	69.0	3.619007E-4	0.9726082	160.9498	0.21122587	0.14835791	111.0	0.0
SPIKE	S106:G>T	5	58227	8.5870815E-5	10.658173	40.0	TRUE	G	3.4676903E-4	6.0	5.235808E-4	0.96224004	98.6986	0.20468271	0.13253108	111.0	1.0
SPIKE	S106:G>A	71	58227	0.0012193656	180.66544	40.0	TRUE	G	5.670445E-4	182.0	6.7357445E-4	0.938998	174.90839	0.181536	0.12971123	111.0	0.0
SPIKE	D106-107:G>	6	58227	1.0304498E-4	-1.0	39.991	TRUE		NaN	NaN	NaN	NaN	NaN	NaN	NaN	NaN	NaN
SPIKE	S107:G>C	42	58227	7.2131486E-4	80.19312	40.0	TRUE	G	9.319629E-4	257.0	3.619007E-4	0.901723	160.9498	0.21122587	0.14835791	111.0	0.0
SPIKE	S107:G>T	9	58227	1.5456747E-4	20.808811	40.0	TRUE	G	3.4676903E-4	9.0	5.235808E-4	0.96224004	98.6986	0.20468271	0.13253108	111.0	1.0
SPIKE	S107:G>A	20	58227	3.4348326E-4	43.298504	40.0	TRUE	G	4.1126303E-4	132.0	6.7357445E-4	0.9553761	174.90839	0.181536	0.12971123	111.0	0.0
SPIKE	S108:C>T	31	58227	5.3239905E-4	82.3502	40.0	TRUE	C	2.937684E-4	96.0	7.606466E-4	0.9679176	174.90839	0.17831536	0.12313406	111.0	0.0
SPIKE	S108:C>A	9	58227	1.5456747E-4	12.2497015	40.0	TRUE	C	6.119761E-4	193.0	6.354817E-4	0.93432647	98.6986	0.1847471	0.14812745	111.0	0.0
SPIKE	S108:C>G	34	58227	5.8392156E-4	91.006836	40.0	TRUE	C	3.2077133E-4	86.0	3.1748906E-4	0.96502084	160.9498	0.21724981	0.16443138	111.0	0.0
SPIKE	S109:A>C	5	58227	8.5870815E-5	16.300888	40.0	TRUE	A	1.8807188E-4	53.0	9.6138235E-4	0.97934043	125.42641	0.20681885	0.13867854	111.0	0.0
SPIKE	S109:A>T	12	58227	2.0608996E-4	-1.0	40.0	TRUE	A	6.076024E-5	16.0	5.750807E-4	0.9932783	92.66747	0.22124514	0.13238062	111.0	0.0
SPIKE	S109:A>G	56	58227	9.6175313E-4	109.381546	39.857143	TRUE	A	0.0010502021	339.0	7.392898E-4	0.88996565	204.4881	0.18051729	0.12572534	111.0	0.0
SPIKE	S110:G>C	25	58227	4.2935408E-4	43.893612	40.0	TRUE	G	8.122945E-4	224.0	3.619007E-4	0.9137807	160.9498	0.21122587	0.14835791	111.0	0.0
SPIKE	S110:G>T	6	58227	1.0304498E-4	19.311188	40.0	TRUE	G	1.5107679E-4	43.0	5.235808E-4	0.9833703	98.6986	0.20468271	0.13253108	111.0	0.0
SPIKE	S110:G>A	31	58227	5.3239905E-4	73.00521	40.0	TRUE	G	4.206099E-4	135.0	6.7357445E-4	0.9543854	174.90839	0.181536	0.12971123	111.0	0.0
SPIKE	S111:C>T	65	58227	0.0011163206	174.26482	40.0	TRUE	C	4.0393157E-4	132.0	7.606466E-4	0.95615387	174.90839	0.17831536	0.12313406	111.0	0.0
SPIKE	S111:C>A	9	58227	1.5456747E-4	20.808811	40.0	TRUE	C	3.129595E-4	8.0	6.354817E-4	0.9658579	98.6986	0.1847471	0.14812745	111.0	1.0
SPIKE	S111:C>G	17	58227	2.9196078E-4	18.435606	40.0	TRUE	C	0.0010481017	281.0	3.1748906E-4	0.89017314	160.9498	0.21724981	0.16443138	111.0	0.0
SPIKE	D111-112:C>	1	58227	1.7174163E-5	-1.0	39.98803	TRUE		NaN	NaN	NaN	NaN	NaN	NaN	NaN	NaN	NaN
SPIKE	S112:G>C	38	58225	6.526406E-4	102.594444	40.0	TRUE	G	3.771497E-4	104.0	3.619007E-4	0.9590006	160.94426	0.21122587	0.14835791	111.0	0.0
SPIKE	S112:G>A	71	58225	0.0012194074	191.57625	40.0	TRUE	G	4.517817E-4	145.0	6.7357445E-4	0.95108885	174.90239	0.181536	0.12971123	111.0	0.0
SPIKE	D112-113:G>	1	58225	1.7174752E-5	-1.0	39.99177	TRUE		NaN	NaN	NaN	NaN	NaN	NaN	NaN	NaN	NaN
SPIKE	S112:G>T	0	58225	0.0	-1.0	0.0	TRUE	G	6.5351743E-4	186.0	5.235808E-4	0.93002814	98.69521	0.20468271	0.13253108	111.0	0.0
SPIKE	S113:T>C	61	58225	0.0010476599	138.23218	40.0	TRUE	T	7.0687156E-4	222.0	7.711495E-4	0.9245365	204.48108	0.18553767	0.13957146	111.0	0.0
SPIKE	S113:T>G	1	58225	1.7174752E-5	0.17304859	40.0	TRUE	T	8.7584625E-4	248.0	4.6391098E-4	0.90735734	125.422104	0.20572506	0.12743415	111.0	0.0
SPIKE	S113:T>A	15	58225	2.576213E-4	-1.0	40.0	TRUE	T	6.771759E-5	19.0	5.2820356E-4	0.9925115	92.66429	0.20762846	0.13190499	111.0	0.0
SPIKE	D113-115:TG>	2	58225	3.4349505E-5	-1.0	39.984077	TRUE		NaN	NaN	NaN	NaN	NaN	NaN	NaN	NaN	NaN
SPIKE	S114:G>T	3	58225	5.152426E-5	10.280287	40.0	TRUE	G	1.7919026E-4	51.0	5.235808E-4	0.9803064	98.69521	0.20468271	0.13253108	111.0	0.0
SPIKE	S114:G>C	30	58225	5.152426E-4	79.47218	40.0	TRUE	G	2.8286228E-4	78.0	3.619007E-4	0.9690901	160.94426	0.21122587	0.14835791	111.0	0.0
SPIKE	S114:G>A	38	58225	6.526406E-4	70.10475	40.0	TRUE	G	8.4436446E-4	271.0	6.7357445E-4	0.9105336	174.90239	0.181536	0.12971123	111.0	0.0
SPIKE	D114-115:G>	1	58225	1.7174752E-5	-1.0	39.98942	TRUE		NaN	NaN	NaN	NaN	NaN	NaN	NaN	NaN	NaN
SPIKE	S115:A>T	24	58225	4.121941E-4	62.301826	39.958332	TRUE	A	2.4684696E-4	65.0	5.750807E-4	0.972972	92.66429	0.22124514	0.13238062	111.0	0.0
SPIKE	S115:A>C	7	58225	1.20223274E-4	6.3054132	40.0	TRUE	A	7.381187E-4	208.0	9.6138235E-4	0.92133534	125.422104	0.20681885	0.13867854	111.0	0.0
SPIKE	S115:A>G	37	58225	6.3546584E-4	81.25747	40.0	TRUE	A	5.793349E-4	187.0	7.392898E-4	0.93771785	204.48108	0.18051729	0.12572534	111.0	0.0
SPIKE	S116:C>T	25	58225	4.2936884E-4	76.50689	40.0	TRUE	C	2.2645426E-4	74.0	7.606466E-4	0.9751769	174.90239	0.17831536	0.12313406	111.0	0.0
SPIKE	S116:C>G	73	58225	0.0012537569	210.09048	40.0	TRUE	C	2.6856197E-4	72.0	3.1748906E-4	0.9706296	160.94426	0.21724981	0.16443138	111.0	0.0
SPIKE	S116:C>A	4	58225	6.869901E-5	8.284564	40.0	TRUE	C	2.7270336E-4	86.0	6.354817E-4	0.9701835	98.69521	0.1847471	0.14812745	111.0	0.0
SPIKE	D116-117:C>	4	58225	6.869901E-5	-1.0	39.988956	TRUE		NaN	NaN	NaN	NaN	NaN	NaN	NaN	NaN	NaN
SPIKE	S117:C>T	16	58225	2.7479604E-4	19.635284	40.0	TRUE	C	9.21118E-4	301.0	7.606466E-4	0.90280914	174.90239	0.17831536	0.12313406	111.0	0.0
SPIKE	S117:C>G	12	58225	2.0609704E-4	-1.0	40.0	TRUE	C	5.222038E-5	14.0	3.1748906E-4	0.9942203	160.94426	0.21724981	0.16443138	111.0	0.0
SPIKE	S117:C>A	22	58225	3.7784458E-4	67.47598	40.0	TRUE	C	1.0781296E-4	34.0	6.354817E-4	0.9881041	98.69521	0.1847471	0.14812745	111.0	0.0
SPIKE	S118:T>C	36	58225	6.182911E-4	86.86131	40.0	TRUE	T	5.2219344E-4	164.0	7.711495E-4	0.9436844	204.48108	0.18553767	0.13957146	111.0	0.0
SPIKE	S118:T>G	1	58225	1.7174752E-5	4.2596874	40.0	TRUE	T	1.6245536E-4	46.0	4.6391098E-4	0.9821291	125.422104	0.20572506	0.12743415	111.0	0.0
SPIKE	S118:T>A	14	58225	2.4044655E-4	19.02269	40.0	TRUE	T	8.090471E-4	227.0	5.2820356E-4	0.9141101	92.66429	0.20762846	0.13190499	111.0	0.0
SPIKE	D118-119:T>	3	58225	5.152426E-5	-1.0	39.9865	TRUE		NaN	NaN	NaN	NaN	NaN	NaN	NaN	NaN	NaN
SPIKE	S119:A>T	18	58225	3.0914554E-4	17.43255	40.0	TRUE	A	0.0011658772	307.0	5.750807E-4	0.87861156	92.66429	0.22124514	0.13238062	111.0	0.0
SPIKE	S119:A>C	2	58225	3.4349505E-5	7.269987	40.0	TRUE	A	9.9362136E-5	28.0	9.6138235E-4	0.9890314	125.422104	0.20681885	0.13867854	111.0	0.0
SPIKE	S119:A>G	48	58225	8.243882E-4	120.6484	40.0	TRUE	A	3.9964815E-4	129.0	7.392898E-4	0.9566086	204.48108	0.18051729	0.12572534	111.0	0.0
SPIKE	D119-121:AT>	1	58225	1.7174752E-5	-1.0	39.98753	TRUE		NaN	NaN	NaN	NaN	NaN	NaN	NaN	NaN	NaN
SPIKE	S120:T>C	71	58225	0.0012194074	191.57625	40.0	TRUE	T	3.8846096E-4	122.0	7.711495E-4	0.9577972	204.48108	0.18553767	0.13957146	111.0	0.0
SPIKE	S120:T>G	6	58225	1.0304852E-4	3.5300503	40.0	TRUE	T	8.935044E-4	253.0	4.6391098E-4	0.9055806	125.422104	0.20572506	0.12743415	111.0	0.0
SPIKE	S120:T>A	9	58225	1.5457277E-4	20.808811	40.0	TRUE	T	2.4592178E-4	69.0	5.2820356E-4	0.9730719	92.66429	0.20762846	0.13190499	111.0	0.0
SPIKE	S121:G>T	2	58225	3.4349505E-5	0.28028724	40.0	TRUE	G	0.0010575738	301.0	5.235808E-4	0.8892377	98.69521	0.20468271	0.13253108	111.0	0.0
SPIKE	S121:G>C	32	58225	5.495921E-4	97.57899	40.0	TRUE	G	1.378047E-4	38.0	3.619007E-4	0.98482007	160.94426	0.21122587	0.14835791	111.0	0.0
SPIKE	S121:G>A	61	58225	0.0010476599	174.73528	40.0	TRUE	G	3.022264E-4	97.0	6.7357445E-4	0.96700937	174.90239	0.181536	0.12971123	111.0	0.0
SPIKE	S122:T>C	57	58225	9.789609E-4	136.22482	40.0	TRUE	T	6.559259E-4	206.0	7.711495E-4	0.9297795	204.48108	0.18553767	0.13957146	111.0	0.0
SPIKE	S122:T>A	24	58225	4.121941E-4	73.49659	40.0	TRUE	T	1.2830702E-4	36.0	5.2820356E-4	0.98585886	92.66429	0.20762846	0.13190499	111.0	0.0
SPIKE	S122:T>G	0	58225	0.0	-1.0	0.0	TRUE	T	0.0010806812	306.0	4.6391098E-4	0.8869598	125.422104	0.20572506	0.12743415	111.0	0.0
SPIKE	S123:G>T	1	58225	1.7174752E-5	0.17304859	40.0	TRUE	G	9.3108666E-4	265.0	5.235808E-4	0.9018107	98.69521	0.20468271	0.13253108	111.0	0.0
SPIKE	S123:G>C	10	58225	1.7174752E-4	31.352386	40.0	TRUE	G	1.9582773E-4	54.0	3.619007E-4	0.9784977	160.94426	0.21122587	0.14835791	111.0	0.0
SPIKE	S123:G>A	35	58225	6.0111634E-4	93.899216	39.942856	TRUE	G	2.430274E-4	78.0	6.7357445E-4	0.97338456	174.90239	0.181536	0.12971123	111.0	0.0
SPIKE	S124:T>C	83	58225	0.0014255045	214.80594	40.0	TRUE	T	6.431895E-4	202.0	7.711495E-4	0.93109494	204.48108	0.18553767	0.13957146	111.0	0.0
SPIKE	S124:T>A	17	58225	2.919708E-4	52.424488	40.0	TRUE	T	9.6230266E-5	27.0	5.2820356E-4	0.9893753	92.66429	0.20762846	0.13190499	111.0	0.0
SPIKE	D124-126:TG>	1	58225	1.7174752E-5	-1.0	39.98564	TRUE		NaN	NaN	NaN	NaN	NaN	NaN	NaN	NaN	NaN
SPIKE	S124:T>G	0	58225	0.0	-1.0	0.0	TRUE	T	0.0010877445	308.0	4.6391098E-4	0.8862647	125.422104	0.20572506	0.12743415	111.0	0.0
SPIKE	S125:G>T	2	58225	3.4349505E-5	7.269987	40.0	TRUE	G	2.0027146E-4	57.0	5.235808E-4	0.9780151	98.69521	0.20468271	0.13253108	111.0	0.0
SPIKE	S125:G>C	34	58225	5.839416E-4	66.29316	40.0	TRUE	G	8.232017E-4	227.0	3.619007E-4	0.912675	160.94426	0.21122587	0.14835791	111.0	0.0
SPIKE	S125:G>A	27	58225	4.6371834E-4	82.52749	40.0	TRUE	G	2.2121725E-4	71.0	6.7357445E-4	0.9757439	174.90239	0.181536	0.12971123	111.0	0.0
SPIKE	D125-126:G>	1	58225	1.7174752E-5	-1.0	39.99265	TRUE		NaN	NaN	NaN	NaN	NaN	NaN	NaN	NaN	NaN
SPIKE	I126:>TG	1	58225	1.7174752E-5	-1.0	39.97367	TRUE		NaN	NaN	NaN	NaN	NaN	NaN	NaN	NaN	NaN
SPIKE	S126:C>T	63	58225	0.0010820094	168.50946	40.0	TRUE	C	4.6820947E-4	153.0	7.606466E-4	0.94935614	174.90239	0.17831536	0.12313406	111.0	0.0
SPIKE	S126:C>G	19	58225	3.263203E-4	19.197655	40.0	TRUE	C	0.0012458292	334.0	3.1748906E-4	0.8708487	160.94426	0.21724981	0.16443138	111.0	0.0
SPIKE	S126:C>A	16	58225	2.7479604E-4	49.41419	40.0	TRUE	C	1.6806138E-4	53.0	6.354817E-4	0.9815181	98.69521	0.1847471	0.14812745	111.0	0.0
SPIKE	D126-127:C>	24	58225	4.121941E-4	-1.0	39.97367	TRUE		NaN	NaN	NaN	NaN	NaN	NaN	NaN	NaN	NaN
SPIKE	D126-128:CG>	1	58225	1.7174752E-5	-1.0	39.97367	TRUE		NaN	NaN	NaN	NaN	NaN	NaN	NaN	NaN	NaN
SPIKE	S127:G>T	2	58225	3.4349505E-5	-1.0	40.0	TRUE	G	3.864888E-5	11.0	5.235808E-4	0.99571913	98.69521	0.20468271	0.13253108	111.0	0.0
SPIKE	S127:G>C	14	58225	2.4044655E-4	34.27314	40.0	TRUE	G	3.771497E-4	104.0	3.619007E-4	0.9590006	160.94426	0.21122587	0.14835791	111.0	0.0
SPIKE	S127:G>A	60	58225	0.0010304851	154.8871	40.0	TRUE	G	3.9569847E-4	127.0	6.7357445E-4	0.9570281	174.90239	0.181536	0.12971123	111.0	0.0
SPIKE	D127-128:G>	4	58225	6.869901E-5	-1.0	39.991875	TRUE		NaN	NaN	NaN	NaN	NaN	NaN	NaN	NaN	NaN
SPIKE	S128:G>A	17	58225	2.919708E-4	42.57172	40.0	TRUE	G	2.6483755E-4	85.0	6.7357445E-4	0.9710309	174.90239	0.181536	0.12971123	111.0	0.0
SPIKE	S128:G>C	16	58225	2.7479604E-4	19.635284	40.0	TRUE	G	8.8847766E-4	245.0	3.619007E-4	0.906086	160.94426	0.21122587	0.14835791	111.0	0.0
SPIKE	S128:G>T	9	58225	1.5457277E-4	-1.0	40.0	TRUE	G	4.5675948E-5	13.0	5.235808E-4	0.9949428	98.69521	0.20468271	0.13253108	111.0	0.0
SPIKE	S129:C>A	9	58223	1.5457808E-4	28.342087	40.0	TRUE	C	1.902647E-4	60.0	6.354817E-4	0.9791021	98.691826	0.1847471	0.14812745	111.0	0.0
SPIKE	S129:C>G	20	58223	3.4350686E-4	18.252304	40.0	TRUE	C	0.0013018242	349.0	3.1748906E-4	0.86545277	160.93874	0.21724981	0.16443138	111.0	0.0
SPIKE	S129:C>T	67	58223	0.001150748	180.02802	40.0	TRUE	C	4.8658735E-4	159.0	7.606466E-4	0.9474215	174.89638	0.17831536	0.12313406	111.0	0.0
SPIKE	D129-130:C>	23	58223	3.950329E-4	-1.0	39.97405	TRUE		NaN	NaN	NaN	NaN	NaN	NaN	NaN	NaN	NaN
SPIKE	S130:G>A	70	58223	0.001202274	177.83487	40.0	TRUE	G	5.670834E-4	182.0	6.7357445E-4	0.93899393	174.89638	0.181536	0.12971123	111.0	0.0
SPIKE	S130:G>C	9	58223	1.5457808E-4	15.850103	40.0	TRUE	G	4.0617515E-4	112.0	3.619007E-4	0.9559158	160.93874	0.21122587	0.14835791	111.0	0.0
SPIKE	D130-131:G>	4	58223	6.8701374E-5	-1.0	39.98217	TRUE		NaN	NaN	NaN	NaN	NaN	NaN	NaN	NaN	NaN
SPIKE	D130-133:GGC>	15	58223	2.5763013E-4	-1.0	39.98217	TRUE		NaN	NaN	NaN	NaN	NaN	NaN	NaN	NaN	NaN
SPIKE	S130:G>T	0	58223	0.0	-1.0	0.0	TRUE	G	3.4676903E-4	4.0	5.235808E-4	0.96224004	98.691826	0.20468271	0.13253108	111.0	1.0
SPIKE	S131:G>A	20	58223	3.4350686E-4	43.298504	40.0	TRUE	G	5.328092E-4	171.0	6.7357445E-4	0.9425731	174.89638	0.181536	0.12971123	111.0	0.0
SPIKE	S131:G>C	43	58223	7.3853973E-4	76.49194	40.0	TRUE	G	0.0011097286	306.0	3.619007E-4	0.8841046	160.93874	0.21122587	0.14835791	111.0	0.0
SPIKE	S131:G>T	11	58223	1.8892877E-4	-1.0	40.0	TRUE	G	3.5136552E-5	10.0	5.235808E-4	0.99610746	98.691826	0.20468271	0.13253108	111.0	0.0
SPIKE	S132:C>A	9	58222	1.5458075E-4	7.4129806	40.0	TRUE	C	9.862223E-4	311.0	6.354817E-4	0.8963084	98.690125	0.1847471	0.14812745	111.0	0.0
SPIKE	S132:C>G	40	58222	6.8702555E-4	98.05198	40.0	TRUE	C	5.110401E-4	137.0	3.1748906E-4	0.9448534	160.93597	0.21724981	0.16443138	111.0	0.0
SPIKE	S132:C>T	33	58222	5.6679605E-4	88.11774	39.727272	TRUE	C	3.6724203E-4	120.0	7.606466E-4	0.9600558	174.89337	0.17831536	0.12313406	111.0	0.0
SPIKE	S133:A>G	2	58218	3.4353638E-5	0.47457275	40.0	TRUE	A	9.1713236E-4	296.0	7.392898E-4	0.9032087	204.4565	0.18051729	0.12572534	111.0	0.0
SPIKE	S133:A>C	1	58218	1.7176819E-5	0.17304859	40.0	TRUE	A	9.369556E-4	264.0	9.6138235E-4	0.9012234	125.40702	0.20681885	0.13867854	111.0	0.0
SPIKE	I133:>GGCTGATT	1	58218	1.7176819E-5	-1.0	39.988956	TRUE		NaN	NaN	NaN	NaN	NaN	NaN	NaN	NaN	NaN
SPIKE	S133:A>T	0	58218	0.0	-1.0	0.0	TRUE	A	3.519061E-4	4.0	5.750807E-4	0.9616915	92.65315	0.22124514	0.13238062	111.0	1.0
SPIKE	S134:G>A	91	58218	0.0015630905	208.07137	40.0	TRUE	G	0.0010252004	329.0	6.7357445E-4	0.8924389	174.88135	0.181536	0.12971123	111.0	0.0
SPIKE	S134:G>C	8	58218	1.3741455E-4	4.5662546	40.0	TRUE	G	0.0010916895	301.0	3.619007E-4	0.88587666	160.92491	0.21122587	0.14835791	111.0	0.0
SPIKE	S134:G>T	1	58218	1.7176819E-5	2.0412	40.0	TRUE	G	2.3543512E-4	67.0	5.235808E-4	0.9742052	98.68335	0.20468271	0.13253108	111.0	0.0
SPIKE	I135:>C	10	58217	1.7177113E-4	-1.0	39.990707	TRUE		NaN	NaN	NaN	NaN	NaN	NaN	NaN	NaN	NaN
SPIKE	S135:C>A	20	58217	3.4354225E-4	50.97615	40.0	TRUE	C	2.4102679E-4	76.0	6.354817E-4	0.97360075	98.681656	0.1847471	0.14812745	111.0	0.0
SPIKE	S135:C>G	2	58217	3.4354227E-5	2.2639637	40.0	TRUE	C	5.148145E-4	138.0	3.1748906E-4	0.94445765	160.92215	0.21724981	0.16443138	111.0	0.0
SPIKE	S135:C>T	26	58217	4.4660494E-4	59.339897	40.0	TRUE	C	5.2336487E-4	171.0	7.606466E-4	0.94356173	174.87836	0.17831536	0.12313406	111.0	0.0
SPIKE	D135-136:C>	40	58217	6.870845E-4	-1.0	39.990707	TRUE		NaN	NaN	NaN	NaN	NaN	NaN	NaN	NaN	NaN
SPIKE	S136:C>A	7	58217	1.2023979E-4	11.410683	40.0	TRUE	C	4.344825E-4	137.0	6.354817E-4	0.9529169	98.681656	0.1847471	0.14812745	111.0	0.0
SPIKE	S136:C>G	3	58217	5.153134E-5	10.280287	40.0	TRUE	C	2.0517969E-4	55.0	3.1748906E-4	0.97748244	160.92215	0.21724981	0.16443138	111.0	0.0
SPIKE	S136:C>T	34	58217	5.8402185E-4	54.802315	40.0	TRUE	C	0.0011324269	370.0	7.606466E-4	0.8818799	174.87836	0.17831536	0.12313406	111.0	0.0
SPIKE	I137:>T	9	58185	1.5467904E-4	-1.0	39.45627	TRUE		NaN	NaN	NaN	NaN	NaN	NaN	NaN	NaN	NaN
SPIKE	S137:T>A	22	58185	3.7810433E-4	48.59232	39.136364	TRUE	T	3.9231876E-4	110.0	5.2820356E-4	0.9573872	92.60063	0.20762846	0.13190499	111.0	0.0
SPIKE	S137:T>G	4	58185	6.874624E-5	0.7240611	39.5	TRUE	T	0.0011733099	332.0	4.6391098E-4	0.877887	125.33594	0.20572506	0.12743415	111.0	0.0
SPIKE	S137:T>C	7	58185	1.2030592E-4	11.410683	35.857143	TRUE	T	5.098072E-4	160.0	7.711495E-4	0.94498277	204.3406	0.18553767	0.13957146	111.0	0.0
SPIKE	D137-138:T>	34	58185	5.8434304E-4	-1.0	39.45627	TRUE		NaN	NaN	NaN	NaN	NaN	NaN	NaN	NaN	NaN
SPIKE	D137-139:TG>	7	58185	1.2030592E-4	-1.0	39.45627	TRUE		NaN	NaN	NaN	NaN	NaN	NaN	NaN	NaN	NaN
SPIKE	I138:>G	5	58184	8.5934276E-5	-1.0	39.44208	TRUE		NaN	NaN	NaN	NaN	NaN	NaN	NaN	NaN	NaN
SPIKE	S138:G>A	21	58184	3.6092396E-4	19.97355	38.61905	TRUE	G	0.0013750078	441.0	6.7357445E-4	0.85845083	174.77922	0.181536	0.12971123	111.0	0.0
SPIKE	S138:G>C	2	58184	3.4373712E-5	7.269987	36.5	TRUE	G	7.983788E-5	22.0	3.619007E-4	0.99117714	160.83093	0.21122587	0.14835791	111.0	0.0
SPIKE	D138-139:G>	15	58184	2.5780284E-4	-1.0	39.44208	TRUE		NaN	NaN	NaN	NaN	NaN	NaN	NaN	NaN	NaN
SPIKE	I138:>CT	1	58184	1.7186856E-5	-1.0	39.44208	TRUE		NaN	NaN	NaN	NaN	NaN	NaN	NaN	NaN	NaN
SPIKE	D138-140:GA>	2	58184	3.4373712E-5	-1.0	39.44208	TRUE		NaN	NaN	NaN	NaN	NaN	NaN	NaN	NaN	NaN
SPIKE	D138-142:GATT>	2	58184	3.4373712E-5	-1.0	39.44208	TRUE		NaN	NaN	NaN	NaN	NaN	NaN	NaN	NaN	NaN
SPIKE	D138-141:GAT>	2	58184	3.4373712E-5	-1.0	39.44208	TRUE		NaN	NaN	NaN	NaN	NaN	NaN	NaN	NaN	NaN
SPIKE	S138:G>T	0	58184	0.0	-1.0	0.0	TRUE	G	7.770383E-4	221.0	5.235808E-4	0.9173637	98.62572	0.20468271	0.13253108	111.0	0.0
SPIKE	D139-141:AT>	6	58177	1.0313354E-4	-1.0	39.134125	TRUE		NaN	NaN	NaN	NaN	NaN	NaN	NaN	NaN	NaN
SPIKE	D139-140:A>	18	58177	3.094006E-4	-1.0	39.134125	TRUE		NaN	NaN	NaN	NaN	NaN	NaN	NaN	NaN	NaN
SPIKE	I139:>A	6	58177	1.0313354E-4	-1.0	39.134125	TRUE		NaN	NaN	NaN	NaN	NaN	NaN	NaN	NaN	NaN
SPIKE	D139-143:ATTA>	1	58177	1.7188924E-5	-1.0	39.134125	TRUE		NaN	NaN	NaN	NaN	NaN	NaN	NaN	NaN	NaN
SPIKE	S139:A>G	0	58177	0.0	-1.0	0.0	TRUE	A	4.7129177E-4	152.0	7.392898E-4	0.9490314	204.3125	0.18051729	0.12572534	111.0	0.0
SPIKE	S139:A>C	0	58177	0.0	-1.0	0.0	TRUE	A	4.0487963E-4	114.0	9.6138235E-4	0.95605326	125.3187	0.20681885	0.13867854	111.0	0.0
SPIKE	S139:A>T	0	58177	0.0	-1.0	0.0	TRUE	A	0.0017141512	451.0	5.750807E-4	0.82673526	92.5879	0.22124514	0.13238062	111.0	0.0
SPIKE	I140:>G	1	58173	1.7190105E-5	-1.0	39.46929	TRUE		NaN	NaN	NaN	NaN	NaN	NaN	NaN	NaN	NaN
SPIKE	I140:>T	12	58173	2.0628127E-4	-1.0	39.46929	TRUE		NaN	NaN	NaN	NaN	NaN	NaN	NaN	NaN	NaN
SPIKE	D140-144:TTAG>	3	58173	5.1570318E-5	-1.0	39.46929	TRUE		NaN	NaN	NaN	NaN	NaN	NaN	NaN	NaN	NaN
SPIKE	D140-143:TTA>	5	58173	8.595052E-5	-1.0	39.46929	TRUE		NaN	NaN	NaN	NaN	NaN	NaN	NaN	NaN	NaN
SPIKE	S140:T>A	2	58173	3.438021E-5	0.7986036	39.0	TRUE	T	8.276066E-4	232.0	5.2820356E-4	0.9122289	92.581535	0.20762846	0.13190499	111.0	0.0
SPIKE	S140:T>G	5	58173	8.595052E-5	10.658173	39.6	TRUE	T	3.534795E-4	100.0	4.6391098E-4	0.96152353	125.31009	0.20572506	0.12743415	111.0	0.0
SPIKE	S140:T>C	4	58173	6.876042E-5	13.290587	36.5	TRUE	T	1.2429114E-4	39.0	7.711495E-4	0.98629844	204.29846	0.18553767	0.13957146	111.0	0.0
SPIKE	D140-141:T>	69	58173	0.0011861173	-1.0	39.46929	TRUE		NaN	NaN	NaN	NaN	NaN	NaN	NaN	NaN	NaN
SPIKE	D140-142:TT>	2	58173	3.438021E-5	-1.0	39.46929	TRUE		NaN	NaN	NaN	NaN	NaN	NaN	NaN	NaN	NaN
SPIKE	S141:T>A	33	58159	5.6741E-4	27.200174	39.363636	TRUE	T	0.0021979671	616.0	5.2820356E-4	0.7835077	92.55925	0.20762846	0.13190499	111.0	0.0
SPIKE	S141:T>G	3	58159	5.158273E-5	3.748162	40.0	TRUE	T	4.1367055E-4	117.0	4.6391098E-4	0.9551208	125.27993	0.20572506	0.12743415	111.0	0.0
SPIKE	S141:T>C	5	58159	8.5971216E-5	7.3154635	36.4	TRUE	T	3.889018E-4	122.0	7.711495E-4	0.9577504	204.24928	0.18553767	0.13957146	111.0	0.0
SPIKE	S142:A>G	1	58151	1.719661E-5	0.0022536993	40.0	TRUE	A	0.0020069876	647.0	7.392898E-4	0.8002944	204.22119	0.18051729	0.12572534	111.0	0.0
SPIKE	D142-143:A>	29	58151	4.9870164E-4	-1.0	39.186325	TRUE		NaN	NaN	NaN	NaN	NaN	NaN	NaN	NaN	NaN
SPIKE	I142:>A	4	58151	6.878644E-5	-1.0	39.186325	TRUE		NaN	NaN	NaN	NaN	NaN	NaN	NaN	NaN	NaN
SPIKE	D142-144:AG>	1	58151	1.719661E-5	-1.0	39.186325	TRUE		NaN	NaN	NaN	NaN	NaN	NaN	NaN	NaN	NaN
SPIKE	D142-145:AGC>	2	58151	3.439322E-5	-1.0	39.186325	TRUE		NaN	NaN	NaN	NaN	NaN	NaN	NaN	NaN	NaN
SPIKE	S142:A>C	0	58151	0.0	-1.0	0.0	TRUE	A	6.715479E-4	189.0	9.6138235E-4	0.92816865	125.2627	0.20681885	0.13867854	111.0	0.0
SPIKE	S142:A>T	0	58151	0.0	-1.0	0.0	TRUE	A	8.707675E-4	229.0	5.750807E-4	0.907869	92.546524	0.22124514	0.13238062	111.0	0.0
SPIKE	I143:>G	2	58146	3.4396176E-5	-1.0	39.343052	TRUE		NaN	NaN	NaN	NaN	NaN	NaN	NaN	NaN	NaN
SPIKE	S143:G>A	11	58146	1.8917896E-4	10.535764	37.909092	TRUE	G	9.2663086E-4	297.0	6.7357445E-4	0.90225685	174.66507	0.181536	0.12971123	111.0	0.0
SPIKE	S143:G>C	3	58146	5.1594263E-5	0.0011691677	37.333332	TRUE	G	0.0029087246	801.0	3.619007E-4	0.7240691	160.72589	0.21122587	0.14835791	111.0	0.0
SPIKE	S143:G>T	1	58146	1.7198088E-5	4.2596874	40.0	TRUE	G	1.9350694E-4	55.0	5.235808E-4	0.97874975	98.5613	0.20468271	0.13253108	111.0	0.0
SPIKE	D143-144:G>	22	58146	3.7835792E-4	-1.0	39.343052	TRUE		NaN	NaN	NaN	NaN	NaN	NaN	NaN	NaN	NaN
SPIKE	D143-145:GC>	1	58146	1.7198088E-5	-1.0	39.343052	TRUE		NaN	NaN	NaN	NaN	NaN	NaN	NaN	NaN	NaN
SPIKE	I144:>C	20	58141	3.4399133E-4	-1.0	39.448425	TRUE		NaN	NaN	NaN	NaN	NaN	NaN	NaN	NaN	NaN
SPIKE	S144:C>G	10	58141	1.7199566E-4	4.370724	39.8	TRUE	C	0.0014157228	379.0	3.1748906E-4	0.8545799	160.71208	0.21724981	0.16443138	111.0	0.0
SPIKE	S144:C>A	3	58141	5.15987E-5	10.280287	40.0	TRUE	C	1.7147974E-4	54.0	6.354817E-4	0.98114574	98.552826	0.1847471	0.14812745	111.0	0.0
SPIKE	S144:C>T	13	58141	2.2359437E-4	20.706247	38.0	TRUE	C	5.5469514E-4	181.0	7.606466E-4	0.94028604	174.65005	0.17831536	0.12313406	111.0	0.0
SPIKE	D144-145:C>	47	58141	8.083796E-4	-1.0	39.448425	TRUE		NaN	NaN	NaN	NaN	NaN	NaN	NaN	NaN	NaN
SPIKE	S145:C>G	3	58129	5.1609353E-5	2.3797824	37.0	TRUE	C	6.837223E-4	183.0	3.1748906E-4	0.9269152	160.67891	0.21724981	0.16443138	111.0	0.0
SPIKE	S145:C>A	10	58129	1.7203117E-4	31.352386	38.0	TRUE	C	1.3340067E-4	42.0	6.354817E-4	0.9853016	98.532486	0.1847471	0.14812745	111.0	0.0
SPIKE	S145:C>T	8	58129	1.3762494E-4	10.308654	37.625	TRUE	C	6.191798E-4	202.0	7.606466E-4	0.9335797	174.61401	0.17831536	0.12313406	111.0	0.0
SPIKE	I146:>A	2	58109	3.4418077E-5	-1.0	39.25497	TRUE		NaN	NaN	NaN	NaN	NaN	NaN	NaN	NaN	NaN
SPIKE	I146:>TC	1	58109	1.7209039E-5	-1.0	39.25497	TRUE		NaN	NaN	NaN	NaN	NaN	NaN	NaN	NaN	NaN
SPIKE	S146:C>G	4	58109	6.8836154E-5	7.4926927E-4	35.5	TRUE	C	0.0033338263	892.0	3.1748906E-4	0.69069654	160.62363	0.21724981	0.16443138	111.0	0.0
SPIKE	S146:C>A	7	58109	1.20463264E-4	22.321487	38.42857	TRUE	C	1.0485088E-4	33.0	6.354817E-4	0.988429	98.49859	0.1847471	0.14812745	111.0	0.0
SPIKE	S146:C>T	8	58109	1.3767231E-4	5.998918	38.875	TRUE	C	9.04559E-4	295.0	7.606466E-4	0.9044701	174.55392	0.17831536	0.12313406	111.0	0.0
SPIKE	I146:>TG	1	58109	1.7209039E-5	-1.0	39.25497	TRUE		NaN	NaN	NaN	NaN	NaN	NaN	NaN	NaN	NaN
SPIKE	S147:G>A	30	58088	5.164578E-4	50.54593	39.033333	TRUE	G	9.431715E-4	302.0	6.7357445E-4	0.9006018	174.49084	0.181536	0.12971123	111.0	0.0
SPIKE	S147:G>C	2	58088	3.443052E-5	0.031391714	37.0	TRUE	G	0.0016939064	466.0	3.619007E-4	0.82859516	160.56557	0.21122587	0.14835791	111.0	0.0
SPIKE	S147:G>T	0	58088	0.0	-1.0	0.0	TRUE	G	0.002912546	827.0	5.235808E-4	0.72376204	98.46299	0.20468271	0.13253108	111.0	0.0
SPIKE	S148:T>G	6	58062	1.03337814E-4	2.8372655E-4	39.5	TRUE	T	0.0042215306	1192.0	4.6391098E-4	0.62588423	125.070984	0.20572506	0.12743415	111.0	0.0
SPIKE	S148:T>A	4	58062	6.889187E-5	8.284564	40.0	TRUE	T	3.037976E-4	85.0	5.2820356E-4	0.9668407	92.40488	0.20762846	0.13190499	111.0	0.0
SPIKE	S148:T>C	4	58062	6.889187E-5	2.4537697	37.25	TRUE	T	7.8868214E-4	247.0	7.711495E-4	0.9161788	203.90863	0.18553767	0.13957146	111.0	0.0
SPIKE	S149:G>A	29	58038	4.996726E-4	38.999504	38.551723	TRUE	G	0.0012409326	397.0	6.7357445E-4	0.87132215	174.34065	0.181536	0.12971123	111.0	0.0
SPIKE	S149:G>C	2	58038	3.446018E-5	1.5428312E-4	36.0	TRUE	G	0.0030596622	841.0	3.619007E-4	0.71203905	160.42737	0.21122587	0.14835791	111.0	0.0
SPIKE	S149:G>T	0	58038	0.0	-1.0	0.0	TRUE	G	0.0017377536	493.0	5.235808E-4	0.82457215	98.378235	0.20468271	0.13253108	111.0	0.0
SPIKE	S150:C>A	0	57952	0.0	-1.0	0.0	TRUE	C	1.1150675E-4	35.0	6.354817E-4	0.98769903	98.23246	0.1847471	0.14812745	111.0	0.0
SPIKE	S150:C>G	0	57952	0.0	-1.0	0.0	TRUE	C	0.0026420571	705.0	3.1748906E-4	0.745822	160.18965	0.21724981	0.16443138	111.0	0.0
SPIKE	S150:C>T	0	57952	0.0	-1.0	0.0	TRUE	C	0.0029516243	960.0	7.606466E-4	0.7206294	174.08232	0.17831536	0.12313406	111.0	0.0
SPIKE	S151:T>A	0	57897	0.0	-1.0	0.0	TRUE	T	8.602261E-5	24.0	5.2820356E-4	0.99049693	92.14228	0.20762846	0.13190499	111.0	0.0
SPIKE	S151:T>G	0	57897	0.0	-1.0	0.0	TRUE	T	0.0038286739	1078.0	4.6391098E-4	0.65378106	124.71556	0.20572506	0.12743415	111.0	0.0
SPIKE	S151:T>C	0	57897	0.0	-1.0	0.0	TRUE	T	0.0019180848	599.0	7.711495E-4	0.80823094	203.32916	0.18553767	0.13957146	111.0	0.0
SPIKE	S152:G>A	0	57759	0.0	-1.0	0.0	TRUE	G	0.0010584744	337.0	6.7357445E-4	0.88914883	173.50256	0.181536	0.12971123	111.0	0.0
SPIKE	S152:G>C	0	57759	0.0	-1.0	0.0	TRUE	G	1.09670924E-4	30.0	3.619007E-4	0.9879003	159.65616	0.21122587	0.14835791	111.0	0.0
SPIKE	S152:G>T	0	57759	0.0	-1.0	0.0	TRUE	G	0.0014309202	404.0	5.235808E-4	0.8531396	97.90531	0.20468271	0.13253108	111.0	0.0
SPIKE	S153:G>A	0	57445	0.0	-1.0	0.0	TRUE	G	8.842518E-4	280.0	6.7357445E-4	0.9065111	172.55934	0.181536	0.12971123	111.0	0.0
SPIKE	S153:G>C	0	57445	0.0	-1.0	0.0	TRUE	G	1.102704E-4	30.0	3.619007E-4	0.9878346	158.78821	0.21122587	0.14835791	111.0	0.0
SPIKE	S153:G>T	0	57445	0.0	-1.0	0.0	TRUE	G	1.0683726E-4	30.0	5.235808E-4	0.9882111	97.37306	0.20468271	0.13253108	111.0	0.0
