#pipeline_block
reference	mutation	count	coverage	freq	score	cqs	has.reference	ancestral.allele	error.rate	minor.count.local	minor.fdr	minor.recall	minor.count.global	read.fraction.in.minors	q.filtered.read.fraction	mig.size	global.est
SPIKE	S0:T>A	0	152110	0.0	-1.0	0.0	TRUE	T	2.7731932E-5	21.0	0.0016387575	0.9985313	25.278347	0.20120135	0.17040898	53.0	0.0
SPIKE	S0:T>G	0	152110	0.0	-1.0	0.0	TRUE	T	2.8905202E-5	18.0	6.5544713E-4	0.9984692	113.66549	0.24442522	0.17266819	53.0	0.0
SPIKE	S0:T>C	0	152110	0.0	-1.0	0.0	TRUE	T	1.3546039E-4	147.0	6.6470646E-4	0.9928463	176.3607	0.14026248	0.1846426	53.0	0.0
SPIKE	S1:A>G	0	152227	0.0	-1.0	0.0	TRUE	A	1.9824151E-4	258.0	7.193831E-4	0.9895482	176.49637	0.11705207	0.17601366	53.0	0.0
SPIKE	S1:A>C	0	152227	0.0	-1.0	0.0	TRUE	A	4.1647425E-5	3.0	0.0010688812	0.9977951	113.75292	0.055793263	0.15502901	53.0	1.0
SPIKE	S1:A>T	0	152227	0.0	-1.0	0.0	TRUE	A	7.202744E-5	53.0	0.0015969484	0.99618983	25.29779	0.20720866	0.14719833	53.0	0.0
SPIKE	S2:G>A	0	152362	0.0	-1.0	0.0	TRUE	G	1.6173425E-4	198.0	7.3550054E-4	0.99146473	138.7986	0.12454693	0.17701067	53.0	0.0
SPIKE	S2:G>C	0	152362	0.0	-1.0	0.0	TRUE	G	8.913777E-5	8.0	9.510383E-4	0.9952868	57.536736	0.23626883	0.16563343	53.0	1.0
SPIKE	S2:G>T	0	152362	0.0	-1.0	0.0	TRUE	G	5.914289E-5	3.0	8.783001E-4	0.99687034	34.79921	0.259174	0.16445751	53.0	1.0
SPIKE	S3:C>A	0	152521	0.0	-1.0	0.0	TRUE	C	2.9551886E-5	3.0	0.00186376	0.99843496	34.835526	0.12962915	0.18272631	53.0	1.0
SPIKE	S3:C>G	0	152521	0.0	-1.0	0.0	TRUE	C	1.2996275E-4	85.0	8.1871176E-4	0.99313563	57.59678	0.23339166	0.16838257	53.0	0.0
SPIKE	S3:C>T	0	152521	0.0	-1.0	0.0	TRUE	C	2.652322E-4	284.0	6.225705E-4	0.986041	138.94345	0.14253058	0.17529687	53.0	0.0
SPIKE	S4:G>A	75	152682	4.91217E-4	215.99525	40.0	TRUE	G	1.442776E-4	177.0	7.3550054E-4	0.99238247	139.09012	0.12454693	0.17701067	53.0	0.0
SPIKE	S4:G>C	4	152682	2.6198242E-5	8.284564	40.0	TRUE	G	1.2213284E-4	79.0	9.510383E-4	0.99354786	57.657578	0.23626883	0.16563343	53.0	0.0
SPIKE	S4:G>T	4	152682	2.6198242E-5	-1.0	40.0	TRUE	G	1.695985E-5	10.0	8.783001E-4	0.9991015	34.872295	0.259174	0.16445751	53.0	0.0
SPIKE	S5:T>A	4	152768	2.6183494E-5	13.290587	40.0	TRUE	T	3.338178E-5	1.0	0.0016387575	0.9982323	25.387697	0.20120135	0.17040898	53.0	1.0
SPIKE	S5:T>G	4	152768	2.6183494E-5	5.449171	40.0	TRUE	T	1.6788743E-4	105.0	6.5544713E-4	0.99114144	114.15719	0.24442522	0.17266819	53.0	0.0
SPIKE	S5:T>C	85	152768	5.5639923E-4	232.18681	40.0	TRUE	T	1.8901122E-4	206.0	6.6470646E-4	0.99003243	177.12361	0.14026248	0.1846426	53.0	0.0
SPIKE	S6:G>A	69	152843	4.5144363E-4	213.7313	40.0	TRUE	G	6.595579E-5	81.0	7.3550054E-4	0.99651045	139.23679	0.12454693	0.17701067	53.0	0.0
SPIKE	S6:G>C	1	152843	6.5426616E-6	2.0412	40.0	TRUE	G	8.913777E-5	0.0	9.510383E-4	0.9952868	57.71838	0.23626883	0.16563343	53.0	1.0
SPIKE	S6:G>T	0	152843	0.0	-1.0	0.0	TRUE	G	1.3723008E-4	81.0	8.783001E-4	0.9927532	34.90907	0.259174	0.16445751	53.0	0.0
SPIKE	S7:A>G	18	152896	1.1772708E-4	45.363	40.0	TRUE	A	1.1628241E-4	152.0	7.193831E-4	0.993856	177.27202	0.11705207	0.17601366	53.0	0.0
SPIKE	S7:A>C	12	152896	7.848472E-5	37.372986	40.0	TRUE	A	4.1647425E-5	2.0	0.0010688812	0.9977951	114.25284	0.055793263	0.15502901	53.0	1.0
SPIKE	D7-8:A>	141	152896	9.221955E-4	-1.0	39.999763	TRUE		NaN	NaN	NaN	NaN	NaN	NaN	NaN	NaN	NaN
SPIKE	I7:>A	1	152896	6.5403933E-6	-1.0	39.999763	TRUE		NaN	NaN	NaN	NaN	NaN	NaN	NaN	NaN	NaN
SPIKE	S7:A>T	0	152896	0.0	-1.0	0.0	TRUE	A	3.4379907E-5	3.0	0.0015969484	0.9981795	25.408968	0.20720866	0.14719833	53.0	1.0
SPIKE	S8:A>G	28	152904	1.8312143E-4	73.72888	40.0	TRUE	A	1.26986E-4	166.0	7.193831E-4	0.99329233	177.2813	0.11705207	0.17601366	53.0	0.0
SPIKE	S8:A>C	12	152904	7.848062E-5	37.372986	40.0	TRUE	A	4.1647425E-5	8.0	0.0010688812	0.9977951	114.25881	0.055793263	0.15502901	53.0	1.0
SPIKE	S8:A>T	1	152904	6.5400513E-6	4.2596874	40.0	TRUE	A	3.4379907E-5	7.0	0.0015969484	0.9981795	25.410297	0.20720866	0.14719833	53.0	1.0
SPIKE	S9:G>A	52	152908	3.4007378E-4	143.39166	40.0	TRUE	G	1.4080867E-4	173.0	7.3550054E-4	0.9925649	139.29599	0.12454693	0.17701067	53.0	0.0
SPIKE	S9:G>T	2	152908	1.3079761E-5	7.269987	40.0	TRUE	G	5.914289E-5	2.0	8.783001E-4	0.99687034	34.923916	0.259174	0.16445751	53.0	1.0
SPIKE	D9-10:G>	38	152908	2.4851545E-4	-1.0	39.98743	TRUE		NaN	NaN	NaN	NaN	NaN	NaN	NaN	NaN	NaN
SPIKE	D9-11:GA>	7	152908	4.577916E-5	-1.0	39.98743	TRUE		NaN	NaN	NaN	NaN	NaN	NaN	NaN	NaN	NaN
SPIKE	S9:G>C	0	152908	0.0	-1.0	0.0	TRUE	G	8.913777E-5	1.0	9.510383E-4	0.9952868	57.742924	0.23626883	0.16563343	53.0	1.0
SPIKE	S10:A>G	49	152908	3.2045413E-4	105.66353	40.0	TRUE	A	3.0521737E-4	399.0	7.193831E-4	0.9839536	177.28593	0.11705207	0.17601366	53.0	0.0
SPIKE	S10:A>C	7	152908	4.577916E-5	-1.0	40.0	TRUE	A	4.738386E-6	13.0	0.0010688812	0.9997489	114.2618	0.055793263	0.15502901	53.0	0.0
SPIKE	S10:A>T	2	152908	1.3079761E-5	7.269987	40.0	TRUE	A	3.4379907E-5	1.0	0.0015969484	0.9981795	25.410963	0.20720866	0.14719833	53.0	1.0
SPIKE	D10-11:A>	58	152908	3.7931305E-4	-1.0	39.98027	TRUE		NaN	NaN	NaN	NaN	NaN	NaN	NaN	NaN	NaN
SPIKE	D10-12:AC>	4	152908	2.6159521E-5	-1.0	39.98027	TRUE		NaN	NaN	NaN	NaN	NaN	NaN	NaN	NaN	NaN
SPIKE	I11:>C	1	152911	6.5397517E-6	-1.0	39.98465	TRUE		NaN	NaN	NaN	NaN	NaN	NaN	NaN	NaN	NaN
SPIKE	S11:C>G	5	152911	3.269876E-5	10.658173	40.0	TRUE	C	8.8063956E-5	8.0	8.1871176E-4	0.9953435	57.744057	0.23339166	0.16838257	53.0	1.0
SPIKE	S11:C>T	52	152911	3.400671E-4	132.03407	40.0	TRUE	C	1.9096452E-4	205.0	6.225705E-4	0.9899299	139.29874	0.14253058	0.17529687	53.0	0.0
SPIKE	D11-13:CG>	1	152911	6.5397517E-6	-1.0	39.98465	TRUE		NaN	NaN	NaN	NaN	NaN	NaN	NaN	NaN	NaN
SPIKE	D11-12:C>	47	152911	3.0736835E-4	-1.0	39.98465	TRUE		NaN	NaN	NaN	NaN	NaN	NaN	NaN	NaN	NaN
SPIKE	S11:C>A	0	152911	0.0	-1.0	0.0	TRUE	C	6.515451E-5	77.0	0.00186376	0.99655277	34.9246	0.12962915	0.18272631	53.0	0.0
SPIKE	S12:G>A	62	152912	4.0546196E-4	192.6592	40.0	TRUE	G	7.813456E-5	96.0	7.3550054E-4	0.99586743	139.29964	0.12454693	0.17701067	53.0	0.0
SPIKE	S12:G>C	3	152912	1.9619127E-5	6.0206	40.0	TRUE	G	1.312111E-4	85.0	9.510383E-4	0.99306995	57.744434	0.23626883	0.16563343	53.0	0.0
SPIKE	S12:G>T	6	152912	3.9238254E-5	19.311188	40.0	TRUE	G	5.914289E-5	4.0	8.783001E-4	0.99687034	34.924828	0.259174	0.16445751	53.0	1.0
SPIKE	D12-13:G>	50	152912	3.2698546E-4	-1.0	39.985016	TRUE		NaN	NaN	NaN	NaN	NaN	NaN	NaN	NaN	NaN
SPIKE	D12-14:GA>	3	152912	1.9619127E-5	-1.0	39.985016	TRUE		NaN	NaN	NaN	NaN	NaN	NaN	NaN	NaN	NaN
SPIKE	S13:A>G	80	152912	5.2317674E-4	157.8796	40.0	TRUE	A	5.048576E-4	660.0	7.193831E-4	0.97359735	177.29057	0.11705207	0.17601366	53.0	0.0
SPIKE	S13:A>C	13	152912	8.501622E-5	-1.0	40.0	TRUE	A	7.6541155E-6	21.0	0.0010688812	0.9995944	114.26479	0.055793263	0.15502901	53.0	0.0
SPIKE	S13:A>T	9	152912	5.8857382E-5	-1.0	40.0	TRUE	A	2.2999646E-5	17.0	0.0015969484	0.99878174	25.411627	0.20720866	0.14719833	53.0	0.0
SPIKE	D13-14:A>	29	152912	1.8965156E-4	-1.0	39.990463	TRUE		NaN	NaN	NaN	NaN	NaN	NaN	NaN	NaN	NaN
SPIKE	I13:>A	1	152912	6.539709E-6	-1.0	39.990463	TRUE		NaN	NaN	NaN	NaN	NaN	NaN	NaN	NaN	NaN
SPIKE	I14:>C	1	152912	6.539709E-6	-1.0	39.989822	TRUE		NaN	NaN	NaN	NaN	NaN	NaN	NaN	NaN	NaN
SPIKE	S14:C>G	1	152912	6.539709E-6	2.0412	40.0	TRUE	C	8.8063956E-5	1.0	8.1871176E-4	0.9953435	57.744434	0.23339166	0.16838257	53.0	1.0
SPIKE	S14:C>T	35	152912	2.2888982E-4	106.609886	40.0	TRUE	C	8.663212E-5	93.0	6.225705E-4	0.995419	139.29964	0.14253058	0.17529687	53.0	0.0
SPIKE	D14-15:C>	35	152912	2.2888982E-4	-1.0	39.989822	TRUE		NaN	NaN	NaN	NaN	NaN	NaN	NaN	NaN	NaN
SPIKE	S14:C>A	0	152912	0.0	-1.0	0.0	TRUE	C	7.700028E-5	91.0	0.00186376	0.9959273	34.924828	0.12962915	0.18272631	53.0	0.0
SPIKE	S15:A>G	38	152912	2.4850894E-4	102.594444	40.0	TRUE	A	1.3998325E-4	183.0	7.193831E-4	0.99260837	177.29057	0.11705207	0.17601366	53.0	0.0
SPIKE	S15:A>C	13	152912	8.501622E-5	40.383286	40.0	TRUE	A	3.608369E-5	99.0	0.0010688812	0.9980894	114.26479	0.055793263	0.15502901	53.0	0.0
SPIKE	S15:A>T	2	152912	1.3079418E-5	7.269987	40.0	TRUE	A	3.4379907E-5	4.0	0.0015969484	0.9981795	25.411627	0.20720866	0.14719833	53.0	1.0
SPIKE	D15-16:A>	26	152912	1.7003244E-4	-1.0	39.992886	TRUE		NaN	NaN	NaN	NaN	NaN	NaN	NaN	NaN	NaN
SPIKE	S16:G>A	56	152912	3.662237E-4	143.42717	40.0	TRUE	G	1.530135E-4	188.0	7.3550054E-4	0.9919231	139.29964	0.12454693	0.17701067	53.0	0.0
SPIKE	S16:G>T	8	152912	5.231767E-5	25.331787	40.0	TRUE	G	5.914289E-5	1.0	8.783001E-4	0.99687034	34.924828	0.259174	0.16445751	53.0	1.0
SPIKE	D16-17:G>	10	152912	6.539709E-5	-1.0	39.996212	TRUE		NaN	NaN	NaN	NaN	NaN	NaN	NaN	NaN	NaN
SPIKE	S16:G>C	0	152912	0.0	-1.0	0.0	TRUE	G	8.913777E-5	0.0	9.510383E-4	0.9952868	57.744434	0.23626883	0.16563343	53.0	1.0
SPIKE	S17:A>G	58	152912	3.7930312E-4	101.53061	40.0	TRUE	A	5.2398106E-4	685.0	7.193831E-4	0.97261107	177.29057	0.11705207	0.17601366	53.0	0.0
SPIKE	S17:A>T	4	152912	2.6158836E-5	-1.0	40.0	TRUE	A	2.2999646E-5	17.0	0.0015969484	0.99878174	25.411627	0.20720866	0.14719833	53.0	0.0
SPIKE	S17:A>C	8	152912	5.231767E-5	-1.0	40.0	TRUE	A	5.4672255E-6	15.0	0.0010688812	0.99971026	114.26479	0.055793263	0.15502901	53.0	0.0
SPIKE	D17-18:A>	11	152912	7.19368E-5	-1.0	39.998882	TRUE		NaN	NaN	NaN	NaN	NaN	NaN	NaN	NaN	NaN
SPIKE	S18:A>G	42	152912	2.7466778E-4	94.78963	40.0	TRUE	A	2.2565607E-4	295.0	7.193831E-4	0.98811144	177.29057	0.11705207	0.17601366	53.0	0.0
SPIKE	S18:A>C	49	152912	3.2044575E-4	-1.0	40.0	TRUE	A	3.644817E-6	10.0	0.0010688812	0.9998068	114.26479	0.055793263	0.15502901	53.0	0.0
SPIKE	S18:A>T	0	152912	0.0	-1.0	0.0	TRUE	A	3.4379907E-5	6.0	0.0015969484	0.9981795	25.411627	0.20720866	0.14719833	53.0	1.0
SPIKE	S19:C>T	26	152912	1.7003244E-4	68.00451	40.0	TRUE	C	1.3134547E-4	141.0	6.225705E-4	0.99306285	139.29964	0.14253058	0.17529687	53.0	0.0
SPIKE	S19:C>A	0	152912	0.0	-1.0	0.0	TRUE	C	6.176945E-5	73.0	0.00186376	0.9967316	34.924828	0.12962915	0.18272631	53.0	0.0
SPIKE	S19:C>G	0	152912	0.0	-1.0	0.0	TRUE	C	8.8063956E-5	1.0	8.1871176E-4	0.9953435	57.744434	0.23339166	0.16838257	53.0	1.0
SPIKE	S20:C>G	2	152912	1.3079418E-5	3.9120662	40.0	TRUE	C	8.8063956E-5	0.0	8.1871176E-4	0.9953435	57.744434	0.23339166	0.16838257	53.0	1.0
SPIKE	S20:C>A	1	152912	6.539709E-6	4.2596874	40.0	TRUE	C	2.9551886E-5	6.0	0.00186376	0.99843496	34.924828	0.12962915	0.18272631	53.0	1.0
SPIKE	S20:C>T	16	152912	1.0463534E-4	49.41419	40.0	TRUE	C	5.123405E-5	55.0	6.225705E-4	0.9972883	139.29964	0.14253058	0.17529687	53.0	0.0
SPIKE	S21:A>G	18	152912	1.17714764E-4	45.363	40.0	TRUE	A	1.216248E-4	159.0	7.193831E-4	0.9935746	177.29057	0.11705207	0.17601366	53.0	0.0
SPIKE	S21:A>C	11	152912	7.19368E-5	34.362686	40.0	TRUE	A	3.243887E-5	89.0	0.0010688812	0.9982822	114.26479	0.055793263	0.15502901	53.0	0.0
SPIKE	D21-24:AAA>	2	152912	1.3079418E-5	-1.0	39.99983	TRUE		NaN	NaN	NaN	NaN	NaN	NaN	NaN	NaN	NaN
SPIKE	S21:A>T	0	152912	0.0	-1.0	0.0	TRUE	A	3.4379907E-5	0.0	0.0015969484	0.9981795	25.411627	0.20720866	0.14719833	53.0	1.0
SPIKE	S22:A>T	55	152912	3.59684E-4	171.5871	40.0	TRUE	A	3.382301E-5	25.0	0.0015969484	0.998209	25.411627	0.20720866	0.14719833	53.0	0.0
SPIKE	S22:A>G	0	152912	0.0	-1.0	0.0	TRUE	A	1.356159E-4	0.0	7.193831E-4	0.99283814	177.29057	0.11705207	0.17601366	53.0	1.0
SPIKE	S22:A>C	0	152912	0.0	-1.0	0.0	TRUE	A	4.1647425E-5	0.0	0.0010688812	0.9977951	114.26479	0.055793263	0.15502901	53.0	1.0
SPIKE	S23:A>G	55	152912	3.59684E-4	-1.0	40.0	TRUE	T	1.4533781E-5	19.0	7.193831E-4	0.99923	177.29057	0.11705207	0.17601366	53.0	0.0
SPIKE	S23:A>T	152843	152912	0.99954873	9999.0	39.999947	TRUE	T	3.4379907E-5	0.0	0.0015969484	0.9981795	25.411627	0.20720866	0.14719833	53.0	1.0
SPIKE	S23:A>C	0	152912	0.0	-1.0	0.0	TRUE	T	4.1647425E-5	0.0	0.0010688812	0.9977951	114.26479	0.055793263	0.15502901	53.0	1.0
SPIKE	S24:A>G	152852	152912	0.9996076	9999.0	39.999615	TRUE	G	1.356159E-4	0.0	7.193831E-4	0.99283814	177.29057	0.11705207	0.17601366	53.0	1.0
SPIKE	S24:A>C	55	152912	3.59684E-4	-1.0	40.0	TRUE	G	8.747561E-6	24.0	0.0010688812	0.9995365	114.26479	0.055793263	0.15502901	53.0	0.0
SPIKE	S24:A>T	0	152912	0.0	-1.0	0.0	TRUE	G	9.064566E-5	67.0	0.0015969484	0.9952073	25.411627	0.20720866	0.14719833	53.0	0.0
SPIKE	S25:A>T	55	152912	3.59684E-4	171.5871	40.0	TRUE	C	3.247009E-5	24.0	0.0015969484	0.9982806	25.411627	0.20720866	0.14719833	53.0	0.0
SPIKE	S25:A>C	152848	152912	0.99958146	9999.0	39.999783	TRUE	C	4.1647425E-5	0.0	0.0010688812	0.9977951	114.26479	0.055793263	0.15502901	53.0	1.0
SPIKE	S25:A>G	0	152912	0.0	-1.0	0.0	TRUE	C	5.660525E-5	74.0	7.193831E-4	0.9970044	177.29057	0.11705207	0.17601366	53.0	0.0
SPIKE	S26:T>G	5	152913	3.269833E-5	16.300888	40.0	TRUE	T	4.1532705E-5	26.0	6.5544713E-4	0.9978012	114.26554	0.24442522	0.17266819	53.0	0.0
SPIKE	S26:T>A	6	152913	3.9238E-5	19.311188	40.0	TRUE	T	3.338178E-5	8.0	0.0016387575	0.9982323	25.411793	0.20120135	0.17040898	53.0	1.0
SPIKE	S26:T>C	70	152913	4.5777665E-4	138.6527	40.0	TRUE	T	4.619967E-4	504.0	6.6470646E-4	0.97581154	177.29173	0.14026248	0.1846426	53.0	0.0
SPIKE	S27:G>A	13	152913	8.5015665E-5	40.383286	40.0	TRUE	G	5.6158846E-5	69.0	7.3550054E-4	0.997028	139.30055	0.12454693	0.17701067	53.0	0.0
SPIKE	S27:G>T	1	152913	6.539666E-6	2.0412	40.0	TRUE	G	1.3716726E-4	81.0	8.783001E-4	0.9927565	34.925056	0.259174	0.16445751	53.0	0.0
SPIKE	S27:G>C	0	152913	0.0	-1.0	0.0	TRUE	G	8.913777E-5	0.0	9.510383E-4	0.9952868	57.744812	0.23626883	0.16563343	53.0	1.0
SPIKE	I28:>CT	2	152913	1.3079332E-5	-1.0	39.9999	TRUE		NaN	NaN	NaN	NaN	NaN	NaN	NaN	NaN	NaN
SPIKE	S28:G>A	34	152913	2.2234865E-4	103.59959	40.0	TRUE	G	8.220353E-5	101.0	7.3550054E-4	0.9956527	139.30055	0.12454693	0.17701067	53.0	0.0
SPIKE	S28:G>T	1	152913	6.539666E-6	4.2596874	40.0	TRUE	G	5.914289E-5	1.0	8.783001E-4	0.99687034	34.925056	0.259174	0.16445751	53.0	1.0
SPIKE	S28:G>C	0	152913	0.0	-1.0	0.0	TRUE	G	8.913777E-5	0.0	9.510383E-4	0.9952868	57.744812	0.23626883	0.16563343	53.0	1.0
SPIKE	S29:G>A	32	152913	2.0926932E-4	97.57899	40.0	TRUE	G	8.545911E-5	105.0	7.3550054E-4	0.9954809	139.30055	0.12454693	0.17701067	53.0	0.0
SPIKE	S29:G>C	1	152913	6.539666E-6	2.0412	40.0	TRUE	G	8.913777E-5	0.0	9.510383E-4	0.9952868	57.744812	0.23626883	0.16563343	53.0	1.0
SPIKE	S29:G>T	0	152913	0.0	-1.0	0.0	TRUE	G	5.914289E-5	0.0	8.783001E-4	0.99687034	34.925056	0.259174	0.16445751	53.0	1.0
SPIKE	S30:A>G	13	152913	8.5015665E-5	31.537222	40.0	TRUE	A	1.1626949E-4	152.0	7.193831E-4	0.99385667	177.29173	0.11705207	0.17601366	53.0	0.0
SPIKE	S30:A>C	0	152913	0.0	-1.0	0.0	TRUE	A	4.1647425E-5	2.0	0.0010688812	0.9977951	114.26554	0.055793263	0.15502901	53.0	1.0
SPIKE	S30:A>T	0	152913	0.0	-1.0	0.0	TRUE	A	3.4379907E-5	4.0	0.0015969484	0.9981795	25.411793	0.20720866	0.14719833	53.0	1.0
SPIKE	S31:T>G	2	152913	1.3079332E-5	2.2639637	40.0	TRUE	T	1.825291E-4	5.0	6.5544713E-4	0.9903726	114.26554	0.24442522	0.17266819	53.0	1.0
SPIKE	S31:T>C	38	152913	2.4850733E-4	92.44626	40.0	TRUE	T	1.4666562E-4	160.0	6.6470646E-4	0.9922569	177.29173	0.14026248	0.1846426	53.0	0.0
SPIKE	S31:T>A	0	152913	0.0	-1.0	0.0	TRUE	T	7.4877105E-5	57.0	0.0016387575	0.9960394	25.411793	0.20120135	0.17040898	53.0	0.0
SPIKE	S32:C>T	24	152913	1.56952E-4	53.942116	40.0	TRUE	C	1.4624897E-4	157.0	6.225705E-4	0.99227875	139.30055	0.14253058	0.17529687	53.0	0.0
SPIKE	S32:C>A	1	152913	6.539666E-6	4.2596874	40.0	TRUE	C	2.9551886E-5	1.0	0.00186376	0.99843496	34.925056	0.12962915	0.18272631	53.0	1.0
SPIKE	S32:C>G	0	152913	0.0	-1.0	0.0	TRUE	C	8.8063956E-5	0.0	8.1871176E-4	0.9953435	57.744812	0.23339166	0.16838257	53.0	1.0
SPIKE	S33:C>T	23	152913	1.5041232E-4	59.459663	40.0	TRUE	C	9.967286E-5	107.0	6.225705E-4	0.99473125	139.30055	0.14253058	0.17529687	53.0	0.0
SPIKE	S33:C>A	0	152913	0.0	-1.0	0.0	TRUE	C	2.9551886E-5	5.0	0.00186376	0.99843496	34.925056	0.12962915	0.18272631	53.0	1.0
SPIKE	S33:C>G	0	152913	0.0	-1.0	0.0	TRUE	C	8.8063956E-5	0.0	8.1871176E-4	0.9953435	57.744812	0.23339166	0.16838257	53.0	1.0
SPIKE	S34:A>C	1	152913	6.539666E-6	-1.0	40.0	TRUE	A	2.2597718E-5	62.0	0.0010688812	0.998803	114.26554	0.055793263	0.15502901	53.0	0.0
SPIKE	S34:A>T	1	152913	6.539666E-6	4.2596874	40.0	TRUE	A	3.4379907E-5	7.0	0.0015969484	0.9981795	25.411793	0.20720866	0.14719833	53.0	1.0
SPIKE	S34:A>G	16	152913	1.0463466E-4	49.41419	40.0	TRUE	A	5.507502E-5	72.0	7.193831E-4	0.9970853	177.29173	0.11705207	0.17601366	53.0	0.0
SPIKE	S35:T>C	43	152913	2.8120566E-4	117.13841	40.0	TRUE	T	1.4391563E-4	157.0	6.6470646E-4	0.9924015	177.29173	0.14026248	0.1846426	53.0	0.0
SPIKE	S35:T>A	4	152913	2.6158665E-5	13.290587	40.0	TRUE	T	8.407254E-5	64.0	0.0016387575	0.9955541	25.411793	0.20120135	0.17040898	53.0	0.0
SPIKE	S35:T>G	6	152913	3.9238E-5	-1.0	40.0	TRUE	T	2.3961175E-5	15.0	6.5544713E-4	0.99873084	114.26554	0.24442522	0.17266819	53.0	0.0
SPIKE	S36:T>C	14	152913	9.155533E-5	-1.0	40.0	TRUE	T	1.1916582E-5	13.0	6.6470646E-4	0.9993686	177.29173	0.14026248	0.1846426	53.0	0.0
SPIKE	S36:T>G	1	152913	6.539666E-6	1.0720997	40.0	TRUE	T	1.825291E-4	0.0	6.5544713E-4	0.9903726	114.26554	0.24442522	0.17266819	53.0	1.0
SPIKE	S36:T>A	0	152913	0.0	-1.0	0.0	TRUE	T	3.338178E-5	4.0	0.0016387575	0.9982323	25.411793	0.20120135	0.17040898	53.0	1.0
SPIKE	S37:A>G	14	152913	9.155533E-5	43.393585	40.0	TRUE	A	4.666078E-5	61.0	7.193831E-4	0.99753004	177.29173	0.11705207	0.17601366	53.0	0.0
SPIKE	S37:A>C	0	152913	0.0	-1.0	0.0	TRUE	A	4.1647425E-5	1.0	0.0010688812	0.9977951	114.26554	0.055793263	0.15502901	53.0	1.0
SPIKE	S37:A>T	0	152913	0.0	-1.0	0.0	TRUE	A	6.899849E-5	51.0	0.0015969484	0.99634975	25.411793	0.20720866	0.14719833	53.0	0.0
SPIKE	S38:T>C	4	152913	2.6158665E-5	-1.0	40.0	TRUE	T	1.8333203E-5	20.0	6.6470646E-4	0.9990288	177.29173	0.14026248	0.1846426	53.0	0.0
SPIKE	S38:T>G	1	152913	6.539666E-6	1.0720997	40.0	TRUE	T	1.825291E-4	3.0	6.5544713E-4	0.9903726	114.26554	0.24442522	0.17266819	53.0	1.0
SPIKE	S38:T>A	0	152913	0.0	-1.0	0.0	TRUE	T	4.7290803E-5	36.0	0.0016387575	0.9974967	25.411793	0.20120135	0.17040898	53.0	0.0
SPIKE	S39:C>T	32	152913	2.0926932E-4	85.232124	40.0	TRUE	C	1.3320766E-4	143.0	6.225705E-4	0.99296486	139.30055	0.14253058	0.17529687	53.0	0.0
SPIKE	S39:C>A	3	152913	1.9619E-5	10.280287	40.0	TRUE	C	2.9551886E-5	1.0	0.00186376	0.99843496	34.925056	0.12962915	0.18272631	53.0	1.0
SPIKE	S39:C>G	0	152913	0.0	-1.0	0.0	TRUE	C	8.8063956E-5	3.0	8.1871176E-4	0.9953435	57.744812	0.23339166	0.16838257	53.0	1.0
SPIKE	S40:G>T	1	152913	6.539666E-6	4.2596874	40.0	TRUE	G	5.914289E-5	2.0	8.783001E-4	0.99687034	34.925056	0.259174	0.16445751	53.0	1.0
SPIKE	S40:G>A	35	152913	2.2888833E-4	93.899216	40.0	TRUE	G	1.19642755E-4	147.0	7.3550054E-4	0.993679	139.30055	0.12454693	0.17701067	53.0	0.0
SPIKE	S40:G>C	0	152913	0.0	-1.0	0.0	TRUE	G	8.181344E-5	53.0	9.510383E-4	0.9956733	57.744812	0.23626883	0.16563343	53.0	0.0
SPIKE	S41:G>A	40	152913	2.6158665E-4	121.661385	40.0	TRUE	G	8.545911E-5	105.0	7.3550054E-4	0.9954809	139.30055	0.12454693	0.17701067	53.0	0.0
SPIKE	S41:G>C	0	152913	0.0	-1.0	0.0	TRUE	G	8.913777E-5	4.0	9.510383E-4	0.9952868	57.744812	0.23626883	0.16563343	53.0	1.0
SPIKE	S41:G>T	0	152913	0.0	-1.0	0.0	TRUE	G	5.914289E-5	2.0	8.783001E-4	0.99687034	34.925056	0.259174	0.16445751	53.0	1.0
SPIKE	S42:C>T	59	152913	3.858403E-4	151.92128	40.0	TRUE	C	1.7512616E-4	188.0	6.225705E-4	0.9907613	139.30055	0.14253058	0.17529687	53.0	0.0
SPIKE	S42:C>A	2	152913	1.3079332E-5	7.269987	40.0	TRUE	C	2.9551886E-5	5.0	0.00186376	0.99843496	34.925056	0.12962915	0.18272631	53.0	1.0
SPIKE	S42:C>G	0	152913	0.0	-1.0	0.0	TRUE	C	8.082786E-5	53.0	8.1871176E-4	0.9957253	57.744812	0.23339166	0.16838257	53.0	0.0
SPIKE	S43:G>T	1	152913	6.539666E-6	4.2596874	40.0	TRUE	G	5.914289E-5	1.0	8.783001E-4	0.99687034	34.925056	0.259174	0.16445751	53.0	1.0
SPIKE	S43:G>A	36	152913	2.3542799E-4	109.620186	40.0	TRUE	G	6.7553396E-5	83.0	7.3550054E-4	0.99642605	139.30055	0.12454693	0.17701067	53.0	0.0
SPIKE	S43:G>C	0	152913	0.0	-1.0	0.0	TRUE	G	6.9464244E-5	45.0	9.510383E-4	0.99632514	57.744812	0.23626883	0.16563343	53.0	0.0
SPIKE	S44:G>T	3	152913	1.9619E-5	10.280287	40.0	TRUE	G	5.914289E-5	2.0	8.783001E-4	0.99687034	34.925056	0.259174	0.16445751	53.0	1.0
SPIKE	S44:G>A	70	152913	4.5777665E-4	201.23932	40.0	TRUE	G	1.310373E-4	161.0	7.3550054E-4	0.99307907	139.30055	0.12454693	0.17701067	53.0	0.0
SPIKE	S44:G>C	0	152913	0.0	-1.0	0.0	TRUE	G	8.913777E-5	2.0	9.510383E-4	0.9952868	57.744812	0.23626883	0.16563343	53.0	1.0
SPIKE	S45:C>T	24	152913	1.56952E-4	73.49659	39.708332	TRUE	C	6.706959E-5	72.0	6.225705E-4	0.9964516	139.30055	0.14253058	0.17529687	53.0	0.0
SPIKE	S45:C>A	2	152913	1.3079332E-5	7.269987	40.0	TRUE	C	2.9551886E-5	1.0	0.00186376	0.99843496	34.925056	0.12962915	0.18272631	53.0	1.0
SPIKE	S45:C>G	0	152913	0.0	-1.0	0.0	TRUE	C	8.235291E-5	54.0	8.1871176E-4	0.9956448	57.744812	0.23339166	0.16838257	53.0	0.0
SPIKE	S46:G>T	1	152913	6.539666E-6	4.2596874	40.0	TRUE	G	5.914289E-5	0.0	8.783001E-4	0.99687034	34.925056	0.259174	0.16445751	53.0	1.0
SPIKE	S46:G>A	33	152913	2.1580899E-4	100.58929	40.0	TRUE	G	7.813405E-5	96.0	7.3550054E-4	0.99586743	139.30055	0.12454693	0.17701067	53.0	0.0
SPIKE	S46:G>C	0	152913	0.0	-1.0	0.0	TRUE	G	8.6444394E-5	56.0	9.510383E-4	0.9954289	57.744812	0.23626883	0.16563343	53.0	0.0
SPIKE	S47:A>G	3	152913	1.9619E-5	10.280287	40.0	TRUE	A	6.119446E-5	80.0	7.193831E-4	0.9967619	177.29173	0.11705207	0.17601366	53.0	0.0
SPIKE	S47:A>C	0	152913	0.0	-1.0	0.0	TRUE	A	4.1647425E-5	1.0	0.0010688812	0.9977951	114.26554	0.055793263	0.15502901	53.0	1.0
SPIKE	S47:A>T	0	152913	0.0	-1.0	0.0	TRUE	A	3.4379907E-5	1.0	0.0015969484	0.9981795	25.411793	0.20720866	0.14719833	53.0	1.0
SPIKE	S48:A>C	1	152913	6.539666E-6	4.2596874	40.0	TRUE	A	4.1647425E-5	5.0	0.0010688812	0.9977951	114.26554	0.055793263	0.15502901	53.0	1.0
SPIKE	S48:A>G	3	152913	1.9619E-5	-1.0	40.0	TRUE	A	1.1473962E-5	15.0	7.193831E-4	0.9993921	177.29173	0.11705207	0.17601366	53.0	0.0
SPIKE	S48:A>T	0	152913	0.0	-1.0	0.0	TRUE	A	3.4379907E-5	3.0	0.0015969484	0.9981795	25.411793	0.20720866	0.14719833	53.0	1.0
SPIKE	S49:T>C	6	152913	3.9238E-5	-1.0	40.0	TRUE	T	1.8333203E-5	20.0	6.6470646E-4	0.9990288	177.29173	0.14026248	0.1846426	53.0	0.0
SPIKE	S49:T>G	1	152913	6.539666E-6	1.0720997	40.0	TRUE	T	1.825291E-4	3.0	6.5544713E-4	0.9903726	114.26554	0.24442522	0.17266819	53.0	1.0
SPIKE	D49-50:T>	3	152913	1.9619E-5	-1.0	39.999577	TRUE		NaN	NaN	NaN	NaN	NaN	NaN	NaN	NaN	NaN
SPIKE	S49:T>A	0	152913	0.0	-1.0	0.0	TRUE	T	6.962257E-5	53.0	0.0016387575	0.9963168	25.411793	0.20120135	0.17040898	53.0	0.0
SPIKE	S50:T>C	6	152913	3.9238E-5	-1.0	40.0	TRUE	T	1.5583222E-5	17.0	6.6470646E-4	0.9991744	177.29173	0.14026248	0.1846426	53.0	0.0
SPIKE	S50:T>A	0	152913	0.0	-1.0	0.0	TRUE	T	3.338178E-5	1.0	0.0016387575	0.9982323	25.411793	0.20120135	0.17040898	53.0	1.0
SPIKE	S50:T>G	0	152913	0.0	-1.0	0.0	TRUE	T	1.825291E-4	1.0	6.5544713E-4	0.9903726	114.26554	0.24442522	0.17266819	53.0	1.0
SPIKE	S51:T>C	6	152913	3.9238E-5	-1.0	40.0	TRUE	T	1.8333203E-5	20.0	6.6470646E-4	0.9990288	177.29173	0.14026248	0.1846426	53.0	0.0
SPIKE	S51:T>A	0	152913	0.0	-1.0	0.0	TRUE	T	3.338178E-5	1.0	0.0016387575	0.9982323	25.411793	0.20120135	0.17040898	53.0	1.0
SPIKE	S51:T>G	0	152913	0.0	-1.0	0.0	TRUE	T	1.825291E-4	0.0	6.5544713E-4	0.9903726	114.26554	0.24442522	0.17266819	53.0	1.0
SPIKE	S52:A>G	26	152913	1.7003133E-4	79.51719	40.0	TRUE	A	4.8190643E-5	63.0	7.193831E-4	0.99744916	177.29173	0.11705207	0.17601366	53.0	0.0
SPIKE	S52:A>C	0	152913	0.0	-1.0	0.0	TRUE	A	4.1647425E-5	2.0	0.0010688812	0.9977951	114.26554	0.055793263	0.15502901	53.0	1.0
SPIKE	S52:A>T	0	152913	0.0	-1.0	0.0	TRUE	A	3.4379907E-5	7.0	0.0015969484	0.9981795	25.411793	0.20720866	0.14719833	53.0	1.0
SPIKE	S53:C>T	31	152913	2.0272966E-4	82.3502	40.0	TRUE	C	1.2575548E-4	135.0	6.225705E-4	0.9933571	139.30055	0.14253058	0.17529687	53.0	0.0
SPIKE	S53:C>G	1	152913	6.539666E-6	2.0412	40.0	TRUE	C	8.8063956E-5	1.0	8.1871176E-4	0.9953435	57.744812	0.23339166	0.16838257	53.0	1.0
SPIKE	S53:C>A	1	152913	6.539666E-6	-1.0	40.0	TRUE	C	1.0999968E-5	13.0	0.00186376	0.9994172	34.925056	0.12962915	0.18272631	53.0	0.0
SPIKE	D53-54:C>	1	152913	6.539666E-6	-1.0	39.999783	TRUE		NaN	NaN	NaN	NaN	NaN	NaN	NaN	NaN	NaN
SPIKE	S54:C>T	17	152913	1.11174326E-4	42.57172	40.0	TRUE	C	9.128916E-5	98.0	6.225705E-4	0.99517334	139.30055	0.14253058	0.17529687	53.0	0.0
SPIKE	S54:C>A	3	152913	1.9619E-5	10.280287	40.0	TRUE	C	2.9551886E-5	3.0	0.00186376	0.99843496	34.925056	0.12962915	0.18272631	53.0	1.0
SPIKE	S54:C>G	0	152913	0.0	-1.0	0.0	TRUE	C	8.8063956E-5	0.0	8.1871176E-4	0.9953435	57.744812	0.23339166	0.16838257	53.0	1.0
SPIKE	S55:A>T	4	152913	2.6158665E-5	13.290587	40.0	TRUE	A	3.3822787E-5	25.0	0.0015969484	0.998209	25.411793	0.20720866	0.14719833	53.0	0.0
SPIKE	S55:A>C	5	152913	3.269833E-5	16.300888	40.0	TRUE	A	3.243866E-5	89.0	0.0010688812	0.99828225	114.26554	0.055793263	0.15502901	53.0	0.0
SPIKE	S55:A>G	103	152913	6.7358563E-4	232.12634	40.0	TRUE	A	4.6048837E-4	602.0	7.193831E-4	0.9758895	177.29173	0.11705207	0.17601366	53.0	0.0
SPIKE	S56:C>T	21	152913	1.3733299E-4	53.79622	40.0	TRUE	C	1.1923483E-4	128.0	6.225705E-4	0.9937005	139.30055	0.14253058	0.17529687	53.0	0.0
SPIKE	S56:C>A	1	152913	6.539666E-6	-1.0	40.0	TRUE	C	1.0153817E-5	12.0	0.00186376	0.999462	34.925056	0.12962915	0.18272631	53.0	0.0
SPIKE	S56:C>G	0	152913	0.0	-1.0	0.0	TRUE	C	8.8063956E-5	0.0	8.1871176E-4	0.9953435	57.744812	0.23339166	0.16838257	53.0	1.0
SPIKE	S57:C>T	21	152913	1.3733299E-4	64.46568	40.0	TRUE	C	8.290546E-5	89.0	6.225705E-4	0.99561566	139.30055	0.14253058	0.17529687	53.0	0.0
SPIKE	S57:C>A	2	152913	1.3079332E-5	7.269987	40.0	TRUE	C	2.9551886E-5	1.0	0.00186376	0.99843496	34.925056	0.12962915	0.18272631	53.0	1.0
SPIKE	S57:C>G	0	152913	0.0	-1.0	0.0	TRUE	C	8.8063956E-5	0.0	8.1871176E-4	0.9953435	57.744812	0.23339166	0.16838257	53.0	1.0
SPIKE	S58:A>C	2	152913	1.3079332E-5	-1.0	40.0	TRUE	A	1.8223966E-5	50.0	0.0010688812	0.9990346	114.26554	0.055793263	0.15502901	53.0	0.0
SPIKE	S58:A>G	18	152913	1.1771399E-4	45.363	40.0	TRUE	A	1.4151221E-4	185.0	7.193831E-4	0.9925279	177.29173	0.11705207	0.17601366	53.0	0.0
SPIKE	S58:A>T	0	152913	0.0	-1.0	0.0	TRUE	A	3.4379907E-5	4.0	0.0015969484	0.9981795	25.411793	0.20720866	0.14719833	53.0	1.0
SPIKE	S59:T>C	39	152913	2.55047E-4	105.49838	40.0	TRUE	T	1.3383238E-4	146.0	6.6470646E-4	0.99293196	177.29173	0.14026248	0.1846426	53.0	0.0
SPIKE	S59:T>G	2	152913	1.3079332E-5	2.2639637	40.0	TRUE	T	1.825291E-4	1.0	6.5544713E-4	0.9903726	114.26554	0.24442522	0.17266819	53.0	1.0
SPIKE	S59:T>A	1	152913	6.539666E-6	4.2596874	40.0	TRUE	T	5.9113503E-5	45.0	0.0016387575	0.9968719	25.411793	0.20120135	0.17040898	53.0	0.0
SPIKE	D59-60:T>	1	152913	6.539666E-6	-1.0	39.999313	TRUE		NaN	NaN	NaN	NaN	NaN	NaN	NaN	NaN	NaN
SPIKE	S60:T>C	15	152913	9.809499E-5	46.403885	40.0	TRUE	T	4.4916345E-5	49.0	6.6470646E-4	0.99762225	177.29173	0.14026248	0.1846426	53.0	0.0
SPIKE	S60:T>A	0	152913	0.0	-1.0	0.0	TRUE	T	3.338178E-5	0.0	0.0016387575	0.9982323	25.411793	0.20120135	0.17040898	53.0	1.0
SPIKE	S60:T>G	0	152913	0.0	-1.0	0.0	TRUE	T	1.825291E-4	5.0	6.5544713E-4	0.9903726	114.26554	0.24442522	0.17266819	53.0	1.0
SPIKE	S61:G>T	1	152913	6.539666E-6	4.2596874	40.0	TRUE	G	5.5882956E-5	33.0	8.783001E-4	0.9970426	34.925056	0.259174	0.16445751	53.0	0.0
SPIKE	S61:G>A	16	152913	1.0463466E-4	49.41419	40.0	TRUE	G	6.185612E-5	76.0	7.3550054E-4	0.996727	139.30055	0.12454693	0.17701067	53.0	0.0
SPIKE	S61:G>C	0	152913	0.0	-1.0	0.0	TRUE	G	8.913777E-5	0.0	9.510383E-4	0.9952868	57.744812	0.23626883	0.16563343	53.0	1.0
SPIKE	S62:A>G	4	152913	2.6158665E-5	13.290587	40.0	TRUE	A	4.8955575E-5	64.0	7.193831E-4	0.9974087	177.29173	0.11705207	0.17601366	53.0	0.0
SPIKE	D62-63:A>	10	152913	6.539666E-5	-1.0	39.99979	TRUE		NaN	NaN	NaN	NaN	NaN	NaN	NaN	NaN	NaN
SPIKE	S62:A>C	0	152913	0.0	-1.0	0.0	TRUE	A	4.1647425E-5	3.0	0.0010688812	0.9977951	114.26554	0.055793263	0.15502901	53.0	1.0
SPIKE	S62:A>T	0	152913	0.0	-1.0	0.0	TRUE	A	3.4379907E-5	0.0	0.0015969484	0.9981795	25.411793	0.20720866	0.14719833	53.0	1.0
SPIKE	S63:A>T	1	152913	6.539666E-6	4.2596874	40.0	TRUE	A	3.4379907E-5	1.0	0.0015969484	0.9981795	25.411793	0.20720866	0.14719833	53.0	1.0
SPIKE	S63:A>G	13	152913	8.5015665E-5	-1.0	40.0	TRUE	A	2.4477788E-5	32.0	7.193831E-4	0.99870354	177.29173	0.11705207	0.17601366	53.0	0.0
SPIKE	S63:A>C	0	152913	0.0	-1.0	0.0	TRUE	A	4.1647425E-5	1.0	0.0010688812	0.9977951	114.26554	0.055793263	0.15502901	53.0	1.0
SPIKE	S64:A>G	19	152913	1.2425367E-4	58.445087	40.0	TRUE	A	7.8022946E-5	102.0	7.193831E-4	0.99587333	177.29173	0.11705207	0.17601366	53.0	0.0
SPIKE	S64:A>C	1	152913	6.539666E-6	-1.0	40.0	TRUE	A	4.0092723E-6	11.0	0.0010688812	0.9997875	114.26554	0.055793263	0.15502901	53.0	0.0
SPIKE	S64:A>T	3	152913	1.9619E-5	10.280287	40.0	TRUE	A	3.4379907E-5	2.0	0.0015969484	0.9981795	25.411793	0.20720866	0.14719833	53.0	1.0
SPIKE	S65:A>G	45	152913	2.9428498E-4	102.98714	40.0	TRUE	A	2.355987E-4	308.0	7.193831E-4	0.9875909	177.29173	0.11705207	0.17601366	53.0	0.0
SPIKE	S65:A>C	19	152913	1.2425367E-4	58.445087	39.68421	TRUE	A	4.4466477E-5	122.0	0.0010688812	0.99764603	114.26554	0.055793263	0.15502901	53.0	0.0
SPIKE	S65:A>T	1	152913	6.539666E-6	4.2596874	40.0	TRUE	A	3.4379907E-5	4.0	0.0015969484	0.9981795	25.411793	0.20720866	0.14719833	53.0	1.0
SPIKE	S66:C>A	1	152913	6.539666E-6	4.2596874	40.0	TRUE	C	2.9551886E-5	2.0	0.00186376	0.99843496	34.925056	0.12962915	0.18272631	53.0	1.0
SPIKE	S66:C>T	28	152913	1.8311066E-4	85.53779	40.0	TRUE	C	8.476851E-5	91.0	6.225705E-4	0.9955174	139.30055	0.14253058	0.17529687	53.0	0.0
SPIKE	S66:C>G	0	152913	0.0	-1.0	0.0	TRUE	C	8.8063956E-5	0.0	8.1871176E-4	0.9953435	57.744812	0.23339166	0.16838257	53.0	1.0
SPIKE	S67:C>T	14	152913	9.155533E-5	43.393585	40.0	TRUE	C	5.309676E-5	57.0	6.225705E-4	0.9971898	139.30055	0.14253058	0.17529687	53.0	0.0
SPIKE	S67:C>A	0	152913	0.0	-1.0	0.0	TRUE	C	3.8076814E-5	45.0	0.00186376	0.997984	34.925056	0.12962915	0.18272631	53.0	0.0
SPIKE	S67:C>G	0	152913	0.0	-1.0	0.0	TRUE	C	8.8063956E-5	0.0	8.1871176E-4	0.9953435	57.744812	0.23339166	0.16838257	53.0	1.0
SPIKE	S68:A>G	95	152913	6.212683E-4	219.03197	40.0	TRUE	A	3.8629008E-4	505.0	7.193831E-4	0.9797348	177.29173	0.11705207	0.17601366	53.0	0.0
SPIKE	S68:A>C	12	152913	7.8476E-5	-1.0	39.666668	TRUE	A	9.840942E-6	27.0	0.0010688812	0.9994786	114.26554	0.055793263	0.15502901	53.0	0.0
SPIKE	S68:A>T	4	152913	2.6158665E-5	-1.0	40.0	TRUE	A	1.8940762E-5	14.0	0.0015969484	0.9989966	25.411793	0.20720866	0.14719833	53.0	0.0
SPIKE	S69:G>A	36	152913	2.3542799E-4	109.620186	40.0	TRUE	G	7.1622875E-5	88.0	7.3550054E-4	0.9962112	139.30055	0.12454693	0.17701067	53.0	0.0
SPIKE	S69:G>T	6	152913	3.9238E-5	19.311188	40.0	TRUE	G	5.914289E-5	2.0	8.783001E-4	0.99687034	34.925056	0.259174	0.16445751	53.0	1.0
SPIKE	S69:G>C	0	152913	0.0	-1.0	0.0	TRUE	G	6.1745995E-5	40.0	9.510383E-4	0.99673283	57.744812	0.23626883	0.16563343	53.0	0.0
SPIKE	S70:C>A	2	152913	1.3079332E-5	7.269987	40.0	TRUE	C	2.9551886E-5	0.0	0.00186376	0.99843496	34.925056	0.12962915	0.18272631	53.0	1.0
SPIKE	S70:C>G	1	152913	6.539666E-6	2.0412	40.0	TRUE	C	8.8063956E-5	4.0	8.1871176E-4	0.9953435	57.744812	0.23339166	0.16838257	53.0	1.0
SPIKE	S70:C>T	68	152913	4.446973E-4	182.91243	40.0	TRUE	C	1.7046854E-4	183.0	6.225705E-4	0.99100584	139.30055	0.14253058	0.17529687	53.0	0.0
SPIKE	S71:C>A	1	152913	6.539666E-6	4.2596874	40.0	TRUE	C	2.9551886E-5	9.0	0.00186376	0.99843496	34.925056	0.12962915	0.18272631	53.0	1.0
SPIKE	S71:C>T	19	152913	1.2425367E-4	48.1648	40.0	TRUE	C	1.0712504E-4	115.0	6.225705E-4	0.99433845	139.30055	0.14253058	0.17529687	53.0	0.0
SPIKE	S71:C>G	0	152913	0.0	-1.0	0.0	TRUE	C	5.3376887E-5	35.0	8.1871176E-4	0.99717504	57.744812	0.23339166	0.16838257	53.0	0.0
SPIKE	S72:G>A	45	152913	2.9428498E-4	122.97151	40.0	TRUE	G	1.0824821E-4	133.0	7.3550054E-4	0.99427927	139.30055	0.12454693	0.17701067	53.0	0.0
SPIKE	S72:G>C	0	152913	0.0	-1.0	0.0	TRUE	G	8.913777E-5	4.0	9.510383E-4	0.9952868	57.744812	0.23626883	0.16563343	53.0	1.0
SPIKE	S72:G>T	0	152913	0.0	-1.0	0.0	TRUE	G	3.556188E-5	21.0	8.783001E-4	0.99811697	34.925056	0.259174	0.16445751	53.0	0.0
SPIKE	S73:T>A	2	152913	1.3079332E-5	7.269987	40.0	TRUE	T	3.338178E-5	4.0	0.0016387575	0.9982323	25.411793	0.20120135	0.17040898	53.0	1.0
SPIKE	S73:T>G	6	152913	3.9238E-5	13.113299	40.0	TRUE	T	1.00636935E-4	63.0	6.5544713E-4	0.99468046	114.26554	0.24442522	0.17266819	53.0	0.0
SPIKE	S73:T>C	109	152913	7.1282365E-4	267.52744	40.0	TRUE	T	3.584141E-4	391.0	6.6470646E-4	0.98118335	177.29173	0.14026248	0.1846426	53.0	0.0
SPIKE	S74:G>A	20	152913	1.3079333E-4	61.455387	40.0	TRUE	G	5.1275467E-5	63.0	7.3550054E-4	0.9972861	139.30055	0.12454693	0.17701067	53.0	0.0
SPIKE	S74:G>T	1	152913	6.539666E-6	4.2596874	40.0	TRUE	G	5.914289E-5	2.0	8.783001E-4	0.99687034	34.925056	0.259174	0.16445751	53.0	1.0
SPIKE	S74:G>C	0	152913	0.0	-1.0	0.0	TRUE	G	8.913777E-5	0.0	9.510383E-4	0.9952868	57.744812	0.23626883	0.16563343	53.0	1.0
SPIKE	S75:G>A	40	152913	2.6158665E-4	121.661385	40.0	TRUE	G	5.7786638E-5	71.0	7.3550054E-4	0.996942	139.30055	0.12454693	0.17701067	53.0	0.0
SPIKE	S75:G>C	0	152913	0.0	-1.0	0.0	TRUE	G	8.913777E-5	1.0	9.510383E-4	0.9952868	57.744812	0.23626883	0.16563343	53.0	1.0
SPIKE	S75:G>T	0	152913	0.0	-1.0	0.0	TRUE	G	4.741584E-5	28.0	8.783001E-4	0.9974901	34.925056	0.259174	0.16445751	53.0	0.0
SPIKE	S76:T>G	11	152913	7.193633E-5	34.362686	40.0	TRUE	T	6.549388E-5	41.0	6.5544713E-4	0.9965348	114.26554	0.24442522	0.17266819	53.0	0.0
SPIKE	S76:T>C	43	152913	2.8120566E-4	106.49548	40.0	TRUE	T	1.9341528E-4	211.0	6.6470646E-4	0.98980135	177.29173	0.14026248	0.1846426	53.0	0.0
SPIKE	D76-77:T>	3	152913	1.9619E-5	-1.0	39.999157	TRUE		NaN	NaN	NaN	NaN	NaN	NaN	NaN	NaN	NaN
SPIKE	S76:T>A	0	152913	0.0	-1.0	0.0	TRUE	T	3.338178E-5	4.0	0.0016387575	0.9982323	25.411793	0.20120135	0.17040898	53.0	1.0
SPIKE	S77:T>C	9	152913	5.8856996E-5	-1.0	40.0	TRUE	T	2.6583144E-5	29.0	6.6470646E-4	0.9985921	177.29173	0.14026248	0.1846426	53.0	0.0
SPIKE	S77:T>A	0	152913	0.0	-1.0	0.0	TRUE	T	3.338178E-5	0.0	0.0016387575	0.9982323	25.411793	0.20120135	0.17040898	53.0	1.0
SPIKE	S77:T>G	0	152913	0.0	-1.0	0.0	TRUE	T	1.825291E-4	0.0	6.5544713E-4	0.9903726	114.26554	0.24442522	0.17266819	53.0	1.0
SPIKE	S78:T>G	2	152913	1.3079332E-5	7.269987	40.0	TRUE	T	7.348094E-5	46.0	6.5544713E-4	0.99611306	114.26554	0.24442522	0.17266819	53.0	0.0
SPIKE	S78:T>A	0	152913	0.0	-1.0	0.0	TRUE	T	3.338178E-5	0.0	0.0016387575	0.9982323	25.411793	0.20120135	0.17040898	53.0	1.0
SPIKE	S78:T>C	0	152913	0.0	-1.0	0.0	TRUE	T	1.0083261E-5	11.0	6.6470646E-4	0.9994657	177.29173	0.14026248	0.1846426	53.0	0.0
SPIKE	S79:G>A	23	152913	1.5041232E-4	70.48629	40.0	TRUE	G	5.4531054E-5	67.0	7.3550054E-4	0.997114	139.30055	0.12454693	0.17701067	53.0	0.0
SPIKE	S79:G>C	0	152913	0.0	-1.0	0.0	TRUE	G	7.718249E-5	50.0	9.510383E-4	0.9959177	57.744812	0.23626883	0.16563343	53.0	0.0
SPIKE	S79:G>T	0	152913	0.0	-1.0	0.0	TRUE	G	5.914289E-5	1.0	8.783001E-4	0.99687034	34.925056	0.259174	0.16445751	53.0	1.0
SPIKE	S80:C>A	3	152913	1.9619E-5	10.280287	40.0	TRUE	C	2.9551886E-5	7.0	0.00186376	0.99843496	34.925056	0.12962915	0.18272631	53.0	1.0
SPIKE	S80:C>T	65	152913	4.2507832E-4	158.13971	40.0	TRUE	C	2.0586638E-4	221.0	6.225705E-4	0.9891484	139.30055	0.14253058	0.17529687	53.0	0.0
SPIKE	S80:C>G	0	152913	0.0	-1.0	0.0	TRUE	C	6.557732E-5	43.0	8.1871176E-4	0.9965304	57.744812	0.23339166	0.16838257	53.0	0.0
SPIKE	S81:G>A	43	152913	2.8120566E-4	117.13841	40.0	TRUE	G	9.766756E-5	120.0	7.3550054E-4	0.994837	139.30055	0.12454693	0.17701067	53.0	0.0
SPIKE	S81:G>T	1	152913	6.539666E-6	4.2596874	40.0	TRUE	G	5.914289E-5	3.0	8.783001E-4	0.99687034	34.925056	0.259174	0.16445751	53.0	1.0
SPIKE	S81:G>C	0	152913	0.0	-1.0	0.0	TRUE	G	8.913777E-5	1.0	9.510383E-4	0.9952868	57.744812	0.23626883	0.16563343	53.0	1.0
SPIKE	S82:G>A	72	152913	4.7085597E-4	207.13927	40.0	TRUE	G	1.11503796E-4	137.0	7.3550054E-4	0.9941077	139.30055	0.12454693	0.17701067	53.0	0.0
SPIKE	S82:G>T	1	152913	6.539666E-6	4.2596874	40.0	TRUE	G	5.914289E-5	4.0	8.783001E-4	0.99687034	34.925056	0.259174	0.16445751	53.0	1.0
SPIKE	S82:G>C	0	152913	0.0	-1.0	0.0	TRUE	G	6.483329E-5	42.0	9.510383E-4	0.99656975	57.744812	0.23626883	0.16563343	53.0	0.0
SPIKE	S83:C>T	22	152913	1.4387266E-4	56.62427	40.0	TRUE	C	1.2296092E-4	132.0	6.225705E-4	0.9935043	139.30055	0.14253058	0.17529687	53.0	0.0
SPIKE	S83:C>A	0	152913	0.0	-1.0	0.0	TRUE	C	2.9551886E-5	1.0	0.00186376	0.99843496	34.925056	0.12962915	0.18272631	53.0	1.0
SPIKE	S83:C>G	0	152913	0.0	-1.0	0.0	TRUE	C	6.710237E-5	44.0	8.1871176E-4	0.9964499	57.744812	0.23339166	0.16838257	53.0	0.0
SPIKE	S84:G>A	43	152913	2.8120566E-4	117.13841	40.0	TRUE	G	9.4411975E-5	116.0	7.3550054E-4	0.99500865	139.30055	0.12454693	0.17701067	53.0	0.0
SPIKE	S84:G>T	3	152913	1.9619E-5	10.280287	40.0	TRUE	G	5.914289E-5	0.0	8.783001E-4	0.99687034	34.925056	0.259174	0.16445751	53.0	1.0
SPIKE	S84:G>C	0	152913	0.0	-1.0	0.0	TRUE	G	8.913777E-5	1.0	9.510383E-4	0.9952868	57.744812	0.23626883	0.16563343	53.0	1.0
SPIKE	S85:A>G	6	152913	3.9238E-5	-1.0	40.0	TRUE	A	9.944101E-6	13.0	7.193831E-4	0.9994731	177.29173	0.11705207	0.17601366	53.0	0.0
SPIKE	S85:A>C	0	152913	0.0	-1.0	0.0	TRUE	A	5.6129815E-5	154.0	0.0010688812	0.99702954	114.26554	0.055793263	0.15502901	53.0	0.0
SPIKE	S85:A>T	0	152913	0.0	-1.0	0.0	TRUE	A	4.7351903E-5	35.0	0.0015969484	0.9974935	25.411793	0.20720866	0.14719833	53.0	0.0
SPIKE	S86:T>C	22	152913	1.4387266E-4	67.47598	40.0	TRUE	T	6.324955E-5	69.0	6.6470646E-4	0.9966534	177.29173	0.14026248	0.1846426	53.0	0.0
SPIKE	S86:T>A	0	152913	0.0	-1.0	0.0	TRUE	T	3.338178E-5	2.0	0.0016387575	0.9982323	25.411793	0.20120135	0.17040898	53.0	1.0
SPIKE	S86:T>G	0	152913	0.0	-1.0	0.0	TRUE	T	1.825291E-4	5.0	6.5544713E-4	0.9903726	114.26554	0.24442522	0.17266819	53.0	1.0
SPIKE	S87:T>G	3	152913	1.9619E-5	3.748162	40.0	TRUE	T	1.825291E-4	9.0	6.5544713E-4	0.9903726	114.26554	0.24442522	0.17266819	53.0	1.0
SPIKE	S87:T>A	1	152913	6.539666E-6	4.2596874	40.0	TRUE	T	3.338178E-5	2.0	0.0016387575	0.9982323	25.411793	0.20120135	0.17040898	53.0	1.0
SPIKE	S87:T>C	13	152913	8.5015665E-5	40.383286	40.0	TRUE	T	2.9333123E-5	32.0	6.6470646E-4	0.9984465	177.29173	0.14026248	0.1846426	53.0	0.0
SPIKE	S88:T>C	8	152913	5.231733E-5	-1.0	40.0	TRUE	T	1.4666562E-5	16.0	6.6470646E-4	0.999223	177.29173	0.14026248	0.1846426	53.0	0.0
SPIKE	S88:T>A	0	152913	0.0	-1.0	0.0	TRUE	T	5.9113503E-5	45.0	0.0016387575	0.9968719	25.411793	0.20120135	0.17040898	53.0	0.0
SPIKE	S88:T>G	0	152913	0.0	-1.0	0.0	TRUE	T	1.825291E-4	0.0	6.5544713E-4	0.9903726	114.26554	0.24442522	0.17266819	53.0	1.0
SPIKE	S89:A>G	13	152913	8.5015665E-5	-1.0	40.0	TRUE	A	2.6772579E-5	35.0	7.193831E-4	0.99858207	177.29173	0.11705207	0.17601366	53.0	0.0
SPIKE	S89:A>C	1	152913	6.539666E-6	4.2596874	40.0	TRUE	A	4.1647425E-5	2.0	0.0010688812	0.9977951	114.26554	0.055793263	0.15502901	53.0	1.0
SPIKE	S89:A>T	0	152913	0.0	-1.0	0.0	TRUE	A	7.4410134E-5	55.0	0.0015969484	0.996064	25.411793	0.20720866	0.14719833	53.0	0.0
SPIKE	S90:T>G	3	152913	1.9619E-5	3.748162	40.0	TRUE	T	1.825291E-4	7.0	6.5544713E-4	0.9903726	114.26554	0.24442522	0.17266819	53.0	1.0
SPIKE	S90:T>A	1	152913	6.539666E-6	4.2596874	40.0	TRUE	T	3.338178E-5	6.0	0.0016387575	0.9982323	25.411793	0.20120135	0.17040898	53.0	1.0
SPIKE	S90:T>C	12	152913	7.8476E-5	37.372986	40.0	TRUE	T	7.974943E-5	87.0	6.6470646E-4	0.9957822	177.29173	0.14026248	0.1846426	53.0	0.0
SPIKE	S91:C>A	3	152913	1.9619E-5	10.280287	40.0	TRUE	C	2.9551886E-5	1.0	0.00186376	0.99843496	34.925056	0.12962915	0.18272631	53.0	1.0
SPIKE	S91:C>T	24	152913	1.56952E-4	62.301826	40.0	TRUE	C	8.84946E-5	95.0	6.225705E-4	0.9953208	139.30055	0.14253058	0.17529687	53.0	0.0
SPIKE	S91:C>G	0	152913	0.0	-1.0	0.0	TRUE	C	7.472764E-5	49.0	8.1871176E-4	0.99604726	57.744812	0.23339166	0.16838257	53.0	0.0
SPIKE	S92:G>A	46	152913	3.0082464E-4	125.891014	40.0	TRUE	G	1.21270554E-4	149.0	7.3550054E-4	0.9935933	139.30055	0.12454693	0.17701067	53.0	0.0
SPIKE	S92:G>C	0	152913	0.0	-1.0	0.0	TRUE	G	8.913777E-5	1.0	9.510383E-4	0.9952868	57.744812	0.23626883	0.16563343	53.0	1.0
SPIKE	S92:G>T	0	152913	0.0	-1.0	0.0	TRUE	G	8.297772E-5	49.0	8.783001E-4	0.99561185	34.925056	0.259174	0.16445751	53.0	0.0
SPIKE	S93:T>G	3	152913	1.9619E-5	3.748162	40.0	TRUE	T	1.825291E-4	6.0	6.5544713E-4	0.9903726	114.26554	0.24442522	0.17266819	53.0	1.0
SPIKE	S93:T>C	60	152913	3.9237997E-4	144.67522	40.0	TRUE	T	2.2549838E-4	246.0	6.6470646E-4	0.9881197	177.29173	0.14026248	0.1846426	53.0	0.0
SPIKE	S93:T>A	0	152913	0.0	-1.0	0.0	TRUE	T	3.338178E-5	4.0	0.0016387575	0.9982323	25.411793	0.20120135	0.17040898	53.0	1.0
SPIKE	S94:C>A	1	152913	6.539666E-6	4.2596874	40.0	TRUE	C	2.9551886E-5	2.0	0.00186376	0.99843496	34.925056	0.12962915	0.18272631	53.0	1.0
SPIKE	S94:C>T	19	152913	1.2425367E-4	48.1648	40.0	TRUE	C	8.756308E-5	94.0	6.225705E-4	0.9953699	139.30055	0.14253058	0.17529687	53.0	0.0
SPIKE	S94:C>G	0	152913	0.0	-1.0	0.0	TRUE	C	7.62527E-5	50.0	8.1871176E-4	0.9959668	57.744812	0.23339166	0.16838257	53.0	0.0
SPIKE	S95:G>A	46	152913	3.0082464E-4	125.891014	40.0	TRUE	G	1.2045666E-4	148.0	7.3550054E-4	0.99363613	139.30055	0.12454693	0.17701067	53.0	0.0
SPIKE	D95-98:GTC>	1	152913	6.539666E-6	-1.0	39.999367	TRUE		NaN	NaN	NaN	NaN	NaN	NaN	NaN	NaN	NaN
SPIKE	S95:G>C	0	152913	0.0	-1.0	0.0	TRUE	G	8.913777E-5	1.0	9.510383E-4	0.9952868	57.744812	0.23626883	0.16563343	53.0	1.0
SPIKE	S95:G>T	0	152913	0.0	-1.0	0.0	TRUE	G	8.467114E-5	50.0	8.783001E-4	0.9955225	34.925056	0.259174	0.16445751	53.0	0.0
SPIKE	S96:T>C	68	152913	4.446973E-4	157.8124	40.0	TRUE	T	2.639981E-4	288.0	6.6470646E-4	0.98610556	177.29173	0.14026248	0.1846426	53.0	0.0
SPIKE	S96:T>A	2	152913	1.3079332E-5	7.269987	40.0	TRUE	T	3.338178E-5	4.0	0.0016387575	0.9982323	25.411793	0.20120135	0.17040898	53.0	1.0
SPIKE	S96:T>G	4	152913	2.6158665E-5	5.449171	40.0	TRUE	T	1.825291E-4	9.0	6.5544713E-4	0.9903726	114.26554	0.24442522	0.17266819	53.0	1.0
SPIKE	S97:C>T	7	152913	4.5777666E-5	22.321487	40.0	TRUE	C	4.9370672E-5	53.0	6.225705E-4	0.99738675	139.30055	0.14253058	0.17529687	53.0	0.0
SPIKE	S97:C>A	1	152913	6.539666E-6	4.2596874	40.0	TRUE	C	4.3999873E-5	52.0	0.00186376	0.9976707	34.925056	0.12962915	0.18272631	53.0	0.0
SPIKE	S97:C>G	0	152913	0.0	-1.0	0.0	TRUE	C	8.8063956E-5	0.0	8.1871176E-4	0.9953435	57.744812	0.23339166	0.16838257	53.0	1.0
SPIKE	S98:A>C	2	152913	1.3079332E-5	7.269987	40.0	TRUE	A	4.1647425E-5	3.0	0.0010688812	0.9977951	114.26554	0.055793263	0.15502901	53.0	1.0
SPIKE	S98:A>G	25	152913	1.6349166E-4	76.50689	40.0	TRUE	A	7.955281E-5	104.0	7.193831E-4	0.99579257	177.29173	0.11705207	0.17601366	53.0	0.0
SPIKE	S98:A>T	0	152913	0.0	-1.0	0.0	TRUE	A	7.576305E-5	56.0	0.0015969484	0.9959926	25.411793	0.20720866	0.14719833	53.0	0.0
SPIKE	S99:T>C	12	152913	7.8476E-5	28.819815	40.0	TRUE	T	9.6249314E-5	105.0	6.6470646E-4	0.9949118	177.29173	0.14026248	0.1846426	53.0	0.0
SPIKE	S99:T>A	0	152913	0.0	-1.0	0.0	TRUE	T	3.338178E-5	1.0	0.0016387575	0.9982323	25.411793	0.20120135	0.17040898	53.0	1.0
SPIKE	S99:T>G	0	152913	0.0	-1.0	0.0	TRUE	T	1.825291E-4	2.0	6.5544713E-4	0.9903726	114.26554	0.24442522	0.17266819	53.0	1.0
SPIKE	S100:C>T	38	152913	2.4850733E-4	92.44626	40.0	TRUE	C	1.769892E-4	190.0	6.225705E-4	0.9906634	139.30055	0.14253058	0.17529687	53.0	0.0
SPIKE	S100:C>A	3	152913	1.9619E-5	10.280287	40.0	TRUE	C	2.9551886E-5	3.0	0.00186376	0.99843496	34.925056	0.12962915	0.18272631	53.0	1.0
SPIKE	S100:C>G	0	152913	0.0	-1.0	0.0	TRUE	C	1.12853995E-4	74.0	8.1871176E-4	0.9940366	57.744812	0.23339166	0.16838257	53.0	0.0
SPIKE	S101:G>T	1	152913	6.539666E-6	4.2596874	40.0	TRUE	G	7.959088E-5	47.0	8.783001E-4	0.99579054	34.925056	0.259174	0.16445751	53.0	0.0
SPIKE	S101:G>A	33	152913	2.1580899E-4	88.11774	40.0	TRUE	G	9.8481454E-5	121.0	7.3550054E-4	0.9947941	139.30055	0.12454693	0.17701067	53.0	0.0
SPIKE	S101:G>C	0	152913	0.0	-1.0	0.0	TRUE	G	8.913777E-5	1.0	9.510383E-4	0.9952868	57.744812	0.23626883	0.16563343	53.0	1.0
SPIKE	S102:T>C	31	152913	2.0272966E-4	82.3502	40.0	TRUE	T	1.2008248E-4	131.0	6.6470646E-4	0.99365586	177.29173	0.14026248	0.1846426	53.0	0.0
SPIKE	S102:T>G	1	152913	6.539666E-6	2.0412	40.0	TRUE	T	9.105247E-5	57.0	6.5544713E-4	0.99518585	114.26554	0.24442522	0.17266819	53.0	0.0
SPIKE	S102:T>A	0	152913	0.0	-1.0	0.0	TRUE	T	3.338178E-5	2.0	0.0016387575	0.9982323	25.411793	0.20120135	0.17040898	53.0	1.0
SPIKE	S103:G>T	1	152913	6.539666E-6	4.2596874	40.0	TRUE	G	5.914289E-5	2.0	8.783001E-4	0.99687034	34.925056	0.259174	0.16445751	53.0	1.0
SPIKE	S103:G>A	18	152913	1.1771399E-4	55.434788	40.0	TRUE	G	5.046157E-5	62.0	7.3550054E-4	0.9973291	139.30055	0.12454693	0.17701067	53.0	0.0
SPIKE	S103:G>C	0	152913	0.0	-1.0	0.0	TRUE	G	8.913777E-5	3.0	9.510383E-4	0.9952868	57.744812	0.23626883	0.16563343	53.0	1.0
SPIKE	S104:G>A	48	152913	3.13904E-4	131.73553	40.0	TRUE	G	9.8481454E-5	121.0	7.3550054E-4	0.9947941	139.30055	0.12454693	0.17701067	53.0	0.0
SPIKE	S104:G>C	0	152913	0.0	-1.0	0.0	TRUE	G	6.9464244E-5	45.0	9.510383E-4	0.99632514	57.744812	0.23626883	0.16563343	53.0	0.0
SPIKE	S104:G>T	0	152913	0.0	-1.0	0.0	TRUE	G	5.914289E-5	0.0	8.783001E-4	0.99687034	34.925056	0.259174	0.16445751	53.0	1.0
SPIKE	S105:C>T	63	152913	4.1199898E-4	168.50946	40.0	TRUE	C	1.8630442E-4	200.0	6.225705E-4	0.9901745	139.30055	0.14253058	0.17529687	53.0	0.0
SPIKE	S105:C>A	1	152913	6.539666E-6	4.2596874	40.0	TRUE	C	2.9551886E-5	8.0	0.00186376	0.99843496	34.925056	0.12962915	0.18272631	53.0	1.0
SPIKE	S105:C>G	0	152913	0.0	-1.0	0.0	TRUE	C	8.235291E-5	54.0	8.1871176E-4	0.9956448	57.744812	0.23339166	0.16838257	53.0	0.0
SPIKE	S106:G>T	1	152913	6.539666E-6	4.2596874	40.0	TRUE	G	5.914289E-5	2.0	8.783001E-4	0.99687034	34.925056	0.259174	0.16445751	53.0	1.0
SPIKE	S106:G>A	40	152913	2.6158665E-4	108.40486	40.0	TRUE	G	1.3510679E-4	166.0	7.3550054E-4	0.9928649	139.30055	0.12454693	0.17701067	53.0	0.0
SPIKE	S106:G>C	0	152913	0.0	-1.0	0.0	TRUE	G	8.913777E-5	1.0	9.510383E-4	0.9952868	57.744812	0.23626883	0.16563343	53.0	1.0
SPIKE	S107:G>T	1	152913	6.539666E-6	4.2596874	40.0	TRUE	G	5.914289E-5	1.0	8.783001E-4	0.99687034	34.925056	0.259174	0.16445751	53.0	1.0
SPIKE	S107:G>A	101	152913	6.605063E-4	292.9852	40.0	TRUE	G	1.4161796E-4	174.0	7.3550054E-4	0.99252236	139.30055	0.12454693	0.17701067	53.0	0.0
SPIKE	S107:G>C	0	152913	0.0	-1.0	0.0	TRUE	G	1.0959915E-4	71.0	9.510383E-4	0.9942081	57.744812	0.23626883	0.16563343	53.0	0.0
SPIKE	S108:C>T	47	152913	3.0736433E-4	128.81238	40.0	TRUE	C	1.0712504E-4	115.0	6.225705E-4	0.99433845	139.30055	0.14253058	0.17529687	53.0	0.0
SPIKE	S108:C>A	1	152913	6.539666E-6	4.2596874	40.0	TRUE	C	3.553836E-5	42.0	0.00186376	0.9981182	34.925056	0.12962915	0.18272631	53.0	0.0
SPIKE	S108:C>G	0	152913	0.0	-1.0	0.0	TRUE	C	8.8063956E-5	2.0	8.1871176E-4	0.9953435	57.744812	0.23339166	0.16838257	53.0	1.0
SPIKE	S109:A>C	1	152913	6.539666E-6	-1.0	40.0	TRUE	A	1.640157E-5	45.0	0.0010688812	0.9991311	114.26554	0.055793263	0.15502901	53.0	0.0
SPIKE	S109:A>G	15	152913	9.809499E-5	37.025364	40.0	TRUE	A	8.796705E-5	115.0	7.193831E-4	0.9953486	177.29173	0.11705207	0.17601366	53.0	0.0
SPIKE	S109:A>T	0	152913	0.0	-1.0	0.0	TRUE	A	3.4379907E-5	2.0	0.0015969484	0.9981795	25.411793	0.20720866	0.14719833	53.0	1.0
SPIKE	S110:G>A	36	152913	2.3542799E-4	109.620186	40.0	TRUE	G	7.976184E-5	98.0	7.3550054E-4	0.99578154	139.30055	0.12454693	0.17701067	53.0	0.0
SPIKE	S110:G>C	0	152913	0.0	-1.0	0.0	TRUE	G	6.9464244E-5	45.0	9.510383E-4	0.99632514	57.744812	0.23626883	0.16563343	53.0	0.0
SPIKE	S110:G>T	0	152913	0.0	-1.0	0.0	TRUE	G	2.5401343E-5	15.0	8.783001E-4	0.99865466	34.925056	0.259174	0.16445751	53.0	0.0
SPIKE	S111:C>T	49	152913	3.2044365E-4	134.66039	40.0	TRUE	C	1.2389243E-4	133.0	6.225705E-4	0.99345523	139.30055	0.14253058	0.17529687	53.0	0.0
SPIKE	S111:C>A	1	152913	6.539666E-6	4.2596874	40.0	TRUE	C	2.9551886E-5	1.0	0.00186376	0.99843496	34.925056	0.12962915	0.18272631	53.0	1.0
SPIKE	S111:C>G	0	152913	0.0	-1.0	0.0	TRUE	C	8.387797E-5	55.0	8.1871176E-4	0.99556434	57.744812	0.23339166	0.16838257	53.0	0.0
SPIKE	S112:G>A	22	152911	1.4387454E-4	67.47598	40.0	TRUE	G	6.185693E-5	76.0	7.3550054E-4	0.99672693	139.29874	0.12454693	0.17701067	53.0	0.0
SPIKE	S112:G>C	0	152911	0.0	-1.0	0.0	TRUE	G	8.913777E-5	1.0	9.510383E-4	0.9952868	57.744057	0.23626883	0.16563343	53.0	1.0
SPIKE	S112:G>T	0	152911	0.0	-1.0	0.0	TRUE	G	5.5883684E-5	33.0	8.783001E-4	0.99704254	34.9246	0.259174	0.16445751	53.0	0.0
SPIKE	S113:T>C	51	152911	3.3352734E-4	129.18161	40.0	TRUE	T	1.9983453E-4	218.0	6.6470646E-4	0.98946464	177.28941	0.14026248	0.1846426	53.0	0.0
SPIKE	S113:T>G	3	152911	1.9619256E-5	10.280287	40.0	TRUE	T	7.667676E-5	48.0	6.5544713E-4	0.9959444	114.264046	0.24442522	0.17266819	53.0	0.0
SPIKE	S113:T>A	0	152911	0.0	-1.0	0.0	TRUE	T	3.338178E-5	2.0	0.0016387575	0.9982323	25.41146	0.20120135	0.17040898	53.0	1.0
SPIKE	S114:G>A	23	152911	1.504143E-4	59.459663	40.0	TRUE	G	8.952976E-5	110.0	7.3550054E-4	0.99526614	139.29874	0.12454693	0.17701067	53.0	0.0
SPIKE	S114:G>C	0	152911	0.0	-1.0	0.0	TRUE	G	3.08734E-5	20.0	9.510383E-4	0.99836504	57.744057	0.23626883	0.16563343	53.0	0.0
SPIKE	S114:G>T	0	152911	0.0	-1.0	0.0	TRUE	G	5.914289E-5	1.0	8.783001E-4	0.99687034	34.9246	0.259174	0.16445751	53.0	1.0
SPIKE	S115:A>C	2	152911	1.3079503E-5	7.269987	40.0	TRUE	A	4.7747417E-5	131.0	0.0010688812	0.9974726	114.264046	0.055793263	0.15502901	53.0	0.0
SPIKE	S115:A>G	51	152911	3.3352734E-4	129.18161	40.0	TRUE	A	1.5528299E-4	203.0	7.193831E-4	0.99180377	177.28941	0.11705207	0.17601366	53.0	0.0
SPIKE	S115:A>T	0	152911	0.0	-1.0	0.0	TRUE	A	2.5705654E-5	19.0	0.0015969484	0.9986385	25.41146	0.20720866	0.14719833	53.0	0.0
SPIKE	S116:C>T	15	152911	9.809628E-5	46.403885	40.0	TRUE	C	6.0549726E-5	65.0	6.225705E-4	0.996796	139.29874	0.14253058	0.17529687	53.0	0.0
SPIKE	S116:C>G	1	152911	6.5397517E-6	2.0412	40.0	TRUE	C	8.8063956E-5	0.0	8.1871176E-4	0.9953435	57.744057	0.23339166	0.16838257	53.0	1.0
SPIKE	S116:C>A	0	152911	0.0	-1.0	0.0	TRUE	C	1.6077087E-5	19.0	0.00186376	0.99914825	34.9246	0.12962915	0.18272631	53.0	0.0
SPIKE	S117:C>T	14	152911	9.1556525E-5	34.27314	40.0	TRUE	C	1.2855174E-4	138.0	6.225705E-4	0.9932099	139.29874	0.14253058	0.17529687	53.0	0.0
SPIKE	S117:C>A	4	152911	2.6159007E-5	13.290587	40.0	TRUE	C	2.9551886E-5	8.0	0.00186376	0.99843496	34.9246	0.12962915	0.18272631	53.0	1.0
SPIKE	S117:C>G	0	152911	0.0	-1.0	0.0	TRUE	C	8.8063956E-5	2.0	8.1871176E-4	0.9953435	57.744057	0.23339166	0.16838257	53.0	1.0
SPIKE	S118:T>C	49	152911	3.2044784E-4	123.48962	40.0	TRUE	T	1.5400091E-4	168.0	6.6470646E-4	0.9918712	177.28941	0.14026248	0.1846426	53.0	0.0
SPIKE	S118:T>G	9	152911	5.8857768E-5	28.342087	40.0	TRUE	T	3.674095E-5	23.0	6.5544713E-4	0.9980546	114.264046	0.24442522	0.17266819	53.0	0.0
SPIKE	S118:T>A	25	152911	1.634938E-4	65.15026	40.0	TRUE	T	9.064189E-5	69.0	0.0016387575	0.9952075	25.41146	0.20120135	0.17040898	53.0	0.0
SPIKE	S119:A>C	1	152911	6.5397517E-6	4.2596874	40.0	TRUE	A	7.982201E-5	219.0	0.0010688812	0.9957784	114.264046	0.055793263	0.15502901	53.0	0.0
SPIKE	S119:A>G	32	152911	2.0927205E-4	85.232124	40.0	TRUE	A	1.0173713E-4	133.0	7.193831E-4	0.99462247	177.28941	0.11705207	0.17601366	53.0	0.0
SPIKE	S119:A>T	0	152911	0.0	-1.0	0.0	TRUE	A	9.605797E-5	71.0	0.0015969484	0.99492186	25.41146	0.20720866	0.14719833	53.0	0.0
SPIKE	S120:T>C	23	152911	1.504143E-4	70.48629	40.0	TRUE	T	7.791713E-5	85.0	6.6470646E-4	0.99587893	177.28941	0.14026248	0.1846426	53.0	0.0
SPIKE	S120:T>G	1	152911	6.5397517E-6	2.0412	40.0	TRUE	T	1.1182028E-4	70.0	6.5544713E-4	0.99409103	114.264046	0.24442522	0.17266819	53.0	0.0
SPIKE	S120:T>A	0	152911	0.0	-1.0	0.0	TRUE	T	3.338178E-5	2.0	0.0016387575	0.9982323	25.41146	0.20120135	0.17040898	53.0	1.0
SPIKE	S121:G>A	31	152911	2.027323E-4	94.56869	40.0	TRUE	G	5.7787394E-5	71.0	7.3550054E-4	0.9969419	139.29874	0.12454693	0.17701067	53.0	0.0
SPIKE	S121:G>C	0	152911	0.0	-1.0	0.0	TRUE	G	8.913777E-5	0.0	9.510383E-4	0.9952868	57.744057	0.23626883	0.16563343	53.0	1.0
SPIKE	S121:G>T	0	152911	0.0	-1.0	0.0	TRUE	G	1.2700837E-4	75.0	8.783001E-4	0.99329114	34.9246	0.259174	0.16445751	53.0	0.0
SPIKE	S122:T>C	73	152911	4.774019E-4	176.49983	40.0	TRUE	T	2.8691837E-4	313.0	6.6470646E-4	0.98490834	177.28941	0.14026248	0.1846426	53.0	0.0
SPIKE	S122:T>G	4	152911	2.6159007E-5	8.284564	40.0	TRUE	T	1.4376894E-4	90.0	6.5544713E-4	0.9924092	114.264046	0.24442522	0.17266819	53.0	0.0
SPIKE	S122:T>A	1	152911	6.5397517E-6	4.2596874	40.0	TRUE	T	3.338178E-5	4.0	0.0016387575	0.9982323	25.41146	0.20120135	0.17040898	53.0	1.0
SPIKE	S123:G>A	25	152911	1.634938E-4	76.50689	40.0	TRUE	G	4.8834416E-5	60.0	7.3550054E-4	0.9974151	139.29874	0.12454693	0.17701067	53.0	0.0
SPIKE	S123:G>C	0	152911	0.0	-1.0	0.0	TRUE	G	2.3155051E-5	15.0	9.510383E-4	0.9987735	57.744057	0.23626883	0.16563343	53.0	0.0
SPIKE	S123:G>T	0	152911	0.0	-1.0	0.0	TRUE	G	9.483292E-5	56.0	8.783001E-4	0.9949865	34.9246	0.259174	0.16445751	53.0	0.0
SPIKE	S124:T>C	34	152911	2.2235156E-4	81.299355	40.0	TRUE	T	1.9616784E-4	214.0	6.6470646E-4	0.989657	177.28941	0.14026248	0.1846426	53.0	0.0
SPIKE	S124:T>G	3	152911	1.9619256E-5	6.0206	40.0	TRUE	T	1.4376894E-4	90.0	6.5544713E-4	0.9924092	114.264046	0.24442522	0.17266819	53.0	0.0
SPIKE	S124:T>A	1	152911	6.5397517E-6	4.2596874	40.0	TRUE	T	3.338178E-5	3.0	0.0016387575	0.9982323	25.41146	0.20120135	0.17040898	53.0	1.0
SPIKE	S125:G>A	39	152911	2.550503E-4	118.651085	40.0	TRUE	G	7.5693344E-5	93.0	7.3550054E-4	0.9959963	139.29874	0.12454693	0.17701067	53.0	0.0
SPIKE	S125:G>C	0	152911	0.0	-1.0	0.0	TRUE	G	8.0270846E-5	52.0	9.510383E-4	0.99575466	57.744057	0.23626883	0.16563343	53.0	0.0
SPIKE	S125:G>T	0	152911	0.0	-1.0	0.0	TRUE	G	5.914289E-5	5.0	8.783001E-4	0.99687034	34.9246	0.259174	0.16445751	53.0	1.0
SPIKE	S126:C>T	53	152911	3.4660686E-4	134.88	40.0	TRUE	C	1.630185E-4	175.0	6.225705E-4	0.99139726	139.29874	0.14253058	0.17529687	53.0	0.0
SPIKE	S126:C>A	2	152911	1.3079503E-5	-1.0	40.0	TRUE	C	1.692325E-5	20.0	0.00186376	0.9991035	34.9246	0.12962915	0.18272631	53.0	0.0
SPIKE	S126:C>G	0	152911	0.0	-1.0	0.0	TRUE	C	1.1743069E-4	77.0	8.1871176E-4	0.9937955	57.744057	0.23339166	0.16838257	53.0	0.0
SPIKE	S127:G>A	39	152911	2.550503E-4	118.651085	40.0	TRUE	G	6.7554276E-5	83.0	7.3550054E-4	0.99642605	139.29874	0.12454693	0.17701067	53.0	0.0
SPIKE	S127:G>C	0	152911	0.0	-1.0	0.0	TRUE	G	4.9397444E-5	32.0	9.510383E-4	0.9973854	57.744057	0.23626883	0.16563343	53.0	0.0
SPIKE	S127:G>T	0	152911	0.0	-1.0	0.0	TRUE	G	5.914289E-5	4.0	8.783001E-4	0.99687034	34.9246	0.259174	0.16445751	53.0	1.0
SPIKE	S128:G>A	58	152911	3.793056E-4	165.91978	40.0	TRUE	G	9.848274E-5	121.0	7.3550054E-4	0.994794	139.29874	0.12454693	0.17701067	53.0	0.0
SPIKE	S128:G>T	1	152911	6.5397517E-6	4.2596874	40.0	TRUE	G	5.914289E-5	5.0	8.783001E-4	0.99687034	34.9246	0.259174	0.16445751	53.0	1.0
SPIKE	S128:G>C	0	152911	0.0	-1.0	0.0	TRUE	G	5.0941115E-5	33.0	9.510383E-4	0.9973038	57.744057	0.23626883	0.16563343	53.0	0.0
SPIKE	S129:C>A	6	152909	3.9239025E-5	19.311188	40.0	TRUE	C	3.8077807E-5	45.0	0.00186376	0.99798393	34.924145	0.12962915	0.18272631	53.0	0.0
SPIKE	S129:C>T	51	152909	3.335317E-4	129.18161	40.0	TRUE	C	1.4718434E-4	158.0	6.225705E-4	0.9922296	139.2969	0.14253058	0.17529687	53.0	0.0
SPIKE	S129:C>G	0	152909	0.0	-1.0	0.0	TRUE	C	1.1590713E-4	76.0	8.1871176E-4	0.99387574	57.7433	0.23339166	0.16838257	53.0	0.0
SPIKE	D130-133:GGC>	1	152909	6.5398376E-6	-1.0	39.999596	TRUE		NaN	NaN	NaN	NaN	NaN	NaN	NaN	NaN	NaN
SPIKE	S130:G>A	30	152909	1.9619512E-4	91.55839	40.0	TRUE	G	7.488042E-5	92.0	7.3550054E-4	0.9960392	139.2969	0.12454693	0.17701067	53.0	0.0
SPIKE	S130:G>C	1	152909	6.5398376E-6	4.2596874	40.0	TRUE	G	5.094178E-5	33.0	9.510383E-4	0.9973037	57.7433	0.23626883	0.16563343	53.0	0.0
SPIKE	S130:G>T	2	152909	1.3079675E-5	7.269987	40.0	TRUE	G	5.914289E-5	2.0	8.783001E-4	0.99687034	34.924145	0.259174	0.16445751	53.0	1.0
SPIKE	S131:G>A	76	152909	4.9702765E-4	206.04845	40.0	TRUE	G	1.6278352E-4	200.0	7.3550054E-4	0.9914096	139.2969	0.12454693	0.17701067	53.0	0.0
SPIKE	S131:G>T	2	152909	1.3079675E-5	7.269987	40.0	TRUE	G	5.914289E-5	5.0	8.783001E-4	0.99687034	34.924145	0.259174	0.16445751	53.0	1.0
SPIKE	S131:G>C	0	152909	0.0	-1.0	0.0	TRUE	G	5.557285E-5	36.0	9.510383E-4	0.997059	57.7433	0.23626883	0.16563343	53.0	0.0
SPIKE	S132:C>A	1	152909	6.5398376E-6	2.0412	40.0	TRUE	C	9.054057E-5	107.0	0.00186376	0.99521285	34.924145	0.12962915	0.18272631	53.0	0.0
SPIKE	S132:C>T	69	152909	4.5124878E-4	198.29062	40.0	TRUE	C	1.322796E-4	142.0	6.225705E-4	0.9930137	139.2969	0.14253058	0.17529687	53.0	0.0
SPIKE	S132:C>G	0	152909	0.0	-1.0	0.0	TRUE	C	5.1853192E-5	34.0	8.1871176E-4	0.99725556	57.7433	0.23339166	0.16838257	53.0	0.0
SPIKE	S133:A>G	16	152909	1.046374E-4	49.41419	40.0	TRUE	A	6.5785774E-5	86.0	7.193831E-4	0.99651945	177.2871	0.11705207	0.17601366	53.0	0.0
SPIKE	S133:A>C	1	152909	6.5398376E-6	0.027655387	40.0	TRUE	A	5.2231253E-4	1433.0	0.0010688812	0.9726971	114.26255	0.055793263	0.15502901	53.0	0.0
SPIKE	S133:A>T	1	152909	6.5398376E-6	4.2596874	40.0	TRUE	A	3.4379907E-5	2.0	0.0015969484	0.9981795	25.411129	0.20720866	0.14719833	53.0	1.0
SPIKE	D133-136:AGC>	3	152909	1.9619512E-5	-1.0	39.998425	TRUE		NaN	NaN	NaN	NaN	NaN	NaN	NaN	NaN	NaN
SPIKE	S134:G>A	84	152909	5.493463E-4	242.60191	40.0	TRUE	G	1.03367536E-4	127.0	7.3550054E-4	0.9945365	139.2969	0.12454693	0.17701067	53.0	0.0
SPIKE	S134:G>C	12	152909	7.847805E-5	28.819815	40.0	TRUE	G	1.3584475E-4	88.0	9.510383E-4	0.9928261	57.7433	0.23626883	0.16563343	53.0	0.0
SPIKE	S134:G>T	0	152909	0.0	-1.0	0.0	TRUE	G	4.911055E-5	29.0	8.783001E-4	0.9974005	34.924145	0.259174	0.16445751	53.0	0.0
SPIKE	I135:>C	8	152909	5.23187E-5	-1.0	39.996647	TRUE		NaN	NaN	NaN	NaN	NaN	NaN	NaN	NaN	NaN
SPIKE	S135:C>A	18	152909	1.1771707E-4	-1.0	40.0	TRUE	C	1.9461992E-5	23.0	0.00186376	0.998969	34.924145	0.12962915	0.18272631	53.0	0.0
SPIKE	S135:C>G	3	152909	1.9619512E-5	10.280287	40.0	TRUE	C	4.2702628E-5	28.0	8.1871176E-4	0.9977393	57.7433	0.23339166	0.16838257	53.0	0.0
SPIKE	S135:C>T	143	152909	9.3519676E-4	388.46506	40.0	TRUE	C	2.3940744E-4	257.0	6.225705E-4	0.9873916	139.2969	0.14253058	0.17529687	53.0	0.0
SPIKE	D135-136:C>	10	152909	6.539837E-5	-1.0	39.996647	TRUE		NaN	NaN	NaN	NaN	NaN	NaN	NaN	NaN	NaN
SPIKE	S136:C>A	3	152909	1.9619512E-5	10.280287	40.0	TRUE	C	6.346301E-5	75.0	0.00186376	0.9966421	34.924145	0.12962915	0.18272631	53.0	0.0
SPIKE	S136:C>G	3	152909	1.9619512E-5	10.280287	40.0	TRUE	C	4.727791E-5	31.0	8.1871176E-4	0.9974974	57.7433	0.23339166	0.16838257	53.0	0.0
SPIKE	S136:C>T	110	152909	7.1938214E-4	319.71066	40.0	TRUE	C	1.2762187E-4	137.0	6.225705E-4	0.9932589	139.2969	0.14253058	0.17529687	53.0	0.0
SPIKE	I137:>T	15	152892	9.810847E-5	-1.0	38.979855	TRUE		NaN	NaN	NaN	NaN	NaN	NaN	NaN	NaN	NaN
SPIKE	S137:T>G	14	152892	9.1567905E-5	34.27314	39.57143	TRUE	T	1.0065076E-4	63.0	6.5544713E-4	0.9946797	114.24985	0.24442522	0.17266819	53.0	0.0
SPIKE	S137:T>C	12	152892	7.848677E-5	28.819815	36.25	TRUE	T	1.2284933E-4	134.0	6.6470646E-4	0.9935101	177.26738	0.14026248	0.1846426	53.0	0.0
SPIKE	D137-138:T>	40	152892	2.616226E-4	-1.0	38.979855	TRUE		NaN	NaN	NaN	NaN	NaN	NaN	NaN	NaN	NaN
SPIKE	S137:T>A	0	152892	0.0	-1.0	0.0	TRUE	T	3.8100603E-5	29.0	0.0016387575	0.9979827	25.408304	0.20120135	0.17040898	53.0	0.0
SPIKE	D138-140:GA>	1	152892	6.5405648E-6	-1.0	39.082233	TRUE		NaN	NaN	NaN	NaN	NaN	NaN	NaN	NaN	NaN
SPIKE	I138:>G	14	152892	9.1567905E-5	-1.0	39.082233	TRUE		NaN	NaN	NaN	NaN	NaN	NaN	NaN	NaN	NaN
SPIKE	S138:G>A	31	152892	2.027575E-4	82.3502	37.51613	TRUE	G	1.3593935E-4	167.0	7.3550054E-4	0.9928211	139.28142	0.12454693	0.17701067	53.0	0.0
SPIKE	S138:G>C	2	152892	1.30811295E-5	3.9120662	39.0	TRUE	G	8.913777E-5	7.0	9.510383E-4	0.9952868	57.73688	0.23626883	0.16563343	53.0	1.0
SPIKE	D138-139:G>	32	152892	2.0929807E-4	-1.0	39.082233	TRUE		NaN	NaN	NaN	NaN	NaN	NaN	NaN	NaN	NaN
SPIKE	S138:G>T	0	152892	0.0	-1.0	0.0	TRUE	G	1.3041147E-4	77.0	8.783001E-4	0.993112	34.92026	0.259174	0.16445751	53.0	0.0
SPIKE	S139:A>G	7	152890	4.5784553E-5	22.321487	38.57143	TRUE	A	6.1203675E-5	80.0	7.193831E-4	0.99676144	177.26506	0.11705207	0.17601366	53.0	0.0
SPIKE	S139:A>C	1	152890	6.5406502E-6	0.007959459	39.0	TRUE	A	6.5251614E-4	1790.0	0.0010688812	0.9660078	114.24835	0.055793263	0.15502901	53.0	0.0
SPIKE	S139:A>T	8	152890	5.2325202E-5	10.308654	38.875	TRUE	A	2.0432037E-4	151.0	0.0015969484	0.98922944	25.40797	0.20720866	0.14719833	53.0	0.0
SPIKE	D139-140:A>	49	152890	3.2049185E-4	-1.0	38.607674	TRUE		NaN	NaN	NaN	NaN	NaN	NaN	NaN	NaN	NaN
SPIKE	D139-141:AT>	4	152890	2.6162601E-5	-1.0	38.607674	TRUE		NaN	NaN	NaN	NaN	NaN	NaN	NaN	NaN	NaN
SPIKE	I139:>A	8	152890	5.2325202E-5	-1.0	38.607674	TRUE		NaN	NaN	NaN	NaN	NaN	NaN	NaN	NaN	NaN
SPIKE	I140:>T	38	152888	2.4854796E-4	-1.0	38.857845	TRUE		NaN	NaN	NaN	NaN	NaN	NaN	NaN	NaN	NaN
SPIKE	D140-142:TT>	10	152888	6.540736E-5	-1.0	38.857845	TRUE		NaN	NaN	NaN	NaN	NaN	NaN	NaN	NaN	NaN
SPIKE	D140-143:TTA>	2	152888	1.30814715E-5	-1.0	38.857845	TRUE		NaN	NaN	NaN	NaN	NaN	NaN	NaN	NaN	NaN
SPIKE	S140:T>A	1	152888	6.5407357E-6	2.0412	38.0	TRUE	T	1.1561864E-4	88.0	0.0016387575	0.99389094	25.407639	0.20120135	0.17040898	53.0	0.0
SPIKE	S140:T>G	5	152888	3.270368E-5	16.300888	39.8	TRUE	T	6.710226E-5	42.0	6.5544713E-4	0.9964499	114.24686	0.24442522	0.17266819	53.0	0.0
SPIKE	S140:T>C	4	152888	2.6162943E-5	13.290587	37.0	TRUE	T	3.117154E-5	34.0	6.6470646E-4	0.99834925	177.26274	0.14026248	0.1846426	53.0	0.0
SPIKE	D140-141:T>	142	152888	9.287845E-4	-1.0	38.857845	TRUE		NaN	NaN	NaN	NaN	NaN	NaN	NaN	NaN	NaN
SPIKE	I141:>GAT	1	152870	6.541506E-6	-1.0	39.127697	TRUE		NaN	NaN	NaN	NaN	NaN	NaN	NaN	NaN	NaN
SPIKE	S141:T>G	11	152870	7.1956565E-5	26.1236	39.090908	TRUE	T	1.1185027E-4	70.0	6.5544713E-4	0.9940895	114.233406	0.24442522	0.17266819	53.0	0.0
SPIKE	S141:T>C	4	152870	2.6166024E-5	13.290587	39.25	TRUE	T	7.335344E-5	80.0	6.6470646E-4	0.9961198	177.24187	0.14026248	0.1846426	53.0	0.0
SPIKE	S141:T>A	0	152870	0.0	-1.0	0.0	TRUE	T	3.140467E-4	239.0	0.0016387575	0.98349327	25.404648	0.20120135	0.17040898	53.0	0.0
SPIKE	S142:A>G	1	152845	6.5425756E-6	0.09432235	37.0	TRUE	A	3.849314E-4	503.0	7.193831E-4	0.97980535	177.21289	0.11705207	0.17601366	53.0	0.0
SPIKE	S142:A>T	7	152845	4.579803E-5	8.459471	38.857143	TRUE	A	2.219762E-4	164.0	0.0015969484	0.9883042	25.400494	0.20720866	0.14719833	53.0	0.0
SPIKE	D142-143:A>	66	152845	4.3181E-4	-1.0	38.757965	TRUE		NaN	NaN	NaN	NaN	NaN	NaN	NaN	NaN	NaN
SPIKE	I142:>A	11	152845	7.196833E-5	-1.0	38.757965	TRUE		NaN	NaN	NaN	NaN	NaN	NaN	NaN	NaN	NaN
SPIKE	I142:>GATT	1	152845	6.5425756E-6	-1.0	38.757965	TRUE		NaN	NaN	NaN	NaN	NaN	NaN	NaN	NaN	NaN
SPIKE	D142-144:AG>	3	152845	1.9627727E-5	-1.0	38.757965	TRUE		NaN	NaN	NaN	NaN	NaN	NaN	NaN	NaN	NaN
SPIKE	D142-145:AGC>	2	152845	1.3085151E-5	-1.0	38.757965	TRUE		NaN	NaN	NaN	NaN	NaN	NaN	NaN	NaN	NaN
SPIKE	S142:A>C	0	152845	0.0	-1.0	0.0	TRUE	A	1.3528198E-4	371.0	0.0010688812	0.99285567	114.21472	0.055793263	0.15502901	53.0	0.0
SPIKE	I143:>G	10	152830	6.543218E-5	-1.0	39.063477	TRUE		NaN	NaN	NaN	NaN	NaN	NaN	NaN	NaN	NaN
SPIKE	S143:G>A	27	152830	1.7666689E-4	54.85469	35.592594	TRUE	G	2.2801473E-4	280.0	7.3550054E-4	0.98798794	139.22495	0.12454693	0.17701067	53.0	0.0
SPIKE	S143:G>C	4	152830	2.6172871E-5	0.07701976	37.25	TRUE	G	7.3054293E-4	473.0	9.510383E-4	0.96202123	57.71347	0.23626883	0.16563343	53.0	0.0
SPIKE	D143-144:G>	60	152830	3.9259307E-4	-1.0	39.063477	TRUE		NaN	NaN	NaN	NaN	NaN	NaN	NaN	NaN	NaN
SPIKE	D143-145:GC>	8	152830	5.2345742E-5	-1.0	39.063477	TRUE		NaN	NaN	NaN	NaN	NaN	NaN	NaN	NaN	NaN
SPIKE	S143:G>T	0	152830	0.0	-1.0	0.0	TRUE	G	3.2192507E-5	19.0	8.783001E-4	0.99829525	34.9061	0.259174	0.16445751	53.0	0.0
SPIKE	I144:>C	79	152818	5.169548E-4	-1.0	39.112938	TRUE		NaN	NaN	NaN	NaN	NaN	NaN	NaN	NaN	NaN
SPIKE	S144:C>G	3	152818	1.9631196E-5	0.6090995	38.0	TRUE	C	4.0133853E-4	263.0	8.1871176E-4	0.97895366	57.70894	0.23339166	0.16838257	53.0	0.0
SPIKE	S144:C>A	1	152818	6.5437316E-6	-1.0	31.0	TRUE	C	1.8626903E-5	22.0	0.00186376	0.99901325	34.90336	0.12962915	0.18272631	53.0	0.0
SPIKE	S144:C>T	34	152818	2.2248688E-4	81.299355	37.764706	TRUE	C	1.9667335E-4	211.0	6.225705E-4	0.98963046	139.214	0.14253058	0.17529687	53.0	0.0
SPIKE	D144-145:C>	163	152818	0.0010666283	-1.0	39.112938	TRUE		NaN	NaN	NaN	NaN	NaN	NaN	NaN	NaN	NaN
SPIKE	S145:C>G	1	152788	6.5450167E-6	1.0720997	40.0	TRUE	C	1.6026167E-4	105.0	8.1871176E-4	0.9915421	57.69761	0.23339166	0.16838257	53.0	0.0
SPIKE	S145:C>A	1	152788	6.5450167E-6	-1.0	38.0	TRUE	C	1.5243186E-5	18.0	0.00186376	0.9991924	34.896507	0.12962915	0.18272631	53.0	0.0
SPIKE	S145:C>T	32	152788	2.0944054E-4	75.76293	37.4375	TRUE	C	1.650143E-4	177.0	6.225705E-4	0.99129236	139.18668	0.14253058	0.17529687	53.0	0.0
SPIKE	S146:C>T	42	152745	2.7496807E-4	87.05457	38.142857	TRUE	C	2.9934748E-4	321.0	6.225705E-4	0.9842598	139.1475	0.14253058	0.17529687	53.0	0.0
SPIKE	S146:C>A	0	152745	0.0	-1.0	0.0	TRUE	C	2.3718298E-5	28.0	0.00186376	0.9987437	34.886684	0.12962915	0.18272631	53.0	0.0
SPIKE	S146:C>G	0	152745	0.0	-1.0	0.0	TRUE	C	9.0077147E-4	590.0	8.1871176E-4	0.95338076	57.68137	0.23339166	0.16838257	53.0	0.0
SPIKE	S147:G>A	33	152646	2.1618647E-4	88.11774	37.666668	TRUE	G	1.4105035E-4	173.0	7.3550054E-4	0.9925522	139.05733	0.12454693	0.17701067	53.0	0.0
SPIKE	S147:G>C	1	152646	6.5511053E-6	0.007959459	37.0	TRUE	G	6.2627177E-4	405.0	9.510383E-4	0.96735245	57.643986	0.23626883	0.16563343	53.0	0.0
SPIKE	S147:G>T	0	152646	0.0	-1.0	0.0	TRUE	G	9.974743E-4	588.0	8.783001E-4	0.94850695	34.864075	0.259174	0.16445751	53.0	0.0
SPIKE	S148:T>G	9	152556	5.899473E-5	0.006314234	38.11111	TRUE	T	0.0015723291	982.0	6.5544713E-4	0.9200443	113.998764	0.24442522	0.17266819	53.0	0.0
SPIKE	S148:T>C	10	152556	6.55497E-5	14.269594	36.9	TRUE	T	2.1500041E-4	234.0	6.6470646E-4	0.98866963	176.8778	0.14026248	0.1846426	53.0	0.0
SPIKE	S148:T>A	0	152556	0.0	-1.0	0.0	TRUE	T	3.338178E-5	0.0	0.0016387575	0.9982323	25.352465	0.20120135	0.17040898	53.0	1.0
SPIKE	S149:G>A	24	152457	1.5742144E-4	53.942116	36.916668	TRUE	G	1.6408246E-4	201.0	7.3550054E-4	0.99134135	138.88515	0.12454693	0.17701067	53.0	0.0
SPIKE	S149:G>C	1	152457	6.5592267E-6	1.7395719E-4	34.0	TRUE	G	9.908909E-4	640.0	9.510383E-4	0.948838	57.572613	0.23626883	0.16563343	53.0	0.0
SPIKE	S149:G>T	0	152457	0.0	-1.0	0.0	TRUE	G	7.7960594E-4	459.0	8.783001E-4	0.9595229	34.820908	0.259174	0.16445751	53.0	0.0
SPIKE	S150:C>A	0	152253	0.0	-1.0	0.0	TRUE	C	1.359711E-5	16.0	0.00186376	0.9992796	34.774315	0.12962915	0.18272631	53.0	0.0
SPIKE	S150:C>G	0	152253	0.0	-1.0	0.0	TRUE	C	8.4394735E-4	551.0	8.1871176E-4	0.9562564	57.495575	0.23339166	0.16838257	53.0	0.0
SPIKE	S150:C>T	0	152253	0.0	-1.0	0.0	TRUE	C	7.690304E-4	822.0	6.225705E-4	0.96006083	138.69931	0.14253058	0.17529687	53.0	0.0
SPIKE	S151:T>A	0	152101	0.0	-1.0	0.0	TRUE	T	3.338178E-5	8.0	0.0016387575	0.9982323	25.276852	0.20120135	0.17040898	53.0	1.0
SPIKE	S151:T>G	0	152101	0.0	-1.0	0.0	TRUE	T	0.0013505952	841.0	6.5544713E-4	0.93092036	113.65877	0.24442522	0.17266819	53.0	0.0
SPIKE	S151:T>C	0	152101	0.0	-1.0	0.0	TRUE	T	7.197335E-4	781.0	6.6470646E-4	0.9625725	176.35027	0.14026248	0.1846426	53.0	0.0
SPIKE	S152:G>A	0	151954	0.0	-1.0	0.0	TRUE	G	9.9922014E-5	122.0	7.3550054E-4	0.99471813	138.42693	0.12454693	0.17701067	53.0	0.0
SPIKE	S152:G>C	0	151954	0.0	-1.0	0.0	TRUE	G	3.106784E-5	20.0	9.510383E-4	0.99835473	57.382664	0.23626883	0.16563343	53.0	0.0
SPIKE	S152:G>T	0	151954	0.0	-1.0	0.0	TRUE	G	7.003893E-4	411.0	8.783001E-4	0.96355987	34.706024	0.259174	0.16445751	53.0	0.0
SPIKE	S153:G>A	0	151526	0.0	-1.0	0.0	TRUE	G	5.913694E-5	72.0	7.3550054E-4	0.99687064	138.03702	0.12454693	0.17701067	53.0	0.0
SPIKE	S153:G>C	0	151526	0.0	-1.0	0.0	TRUE	G	1.5577798E-5	10.0	9.510383E-4	0.9991747	57.22104	0.23626883	0.16563343	53.0	0.0
SPIKE	S153:G>T	0	151526	0.0	-1.0	0.0	TRUE	G	3.0760628E-5	18.0	8.783001E-4	0.998371	34.60827	0.259174	0.16445751	53.0	0.0
