#pipeline_block
reference	mutation	count	coverage	freq	score	cqs	has.reference	ancestral.allele	error.rate	minor.count.local	minor.fdr	minor.recall	minor.count.global	read.fraction.in.minors	q.filtered.read.fraction	mig.size	global.est
SPIKE	S0:T>A	0	43765	0.0	-1.0	0.0	TRUE	T	1.6912661E-4	31.0	0.0026849906	0.9729734	21.776785	0.2394114	0.15269703	162.0	0.0
SPIKE	S0:T>G	0	43765	0.0	-1.0	0.0	TRUE	T	2.0369184E-4	5.0	0.0021294663	0.96754044	37.7492	0.23665662	0.13734365	162.0	1.0
SPIKE	S0:T>C	0	43765	0.0	-1.0	0.0	TRUE	T	3.2696218E-4	81.0	0.0022181321	0.94841045	108.62617	0.17705323	0.15313649	162.0	0.0
SPIKE	S1:A>G	0	43864	0.0	-1.0	0.0	TRUE	A	4.511117E-4	135.0	0.0023139792	0.9295264	108.87189	0.14691451	0.12874407	162.0	0.0
SPIKE	S1:A>C	0	43864	0.0	-1.0	0.0	TRUE	A	1.446256E-4	2.0	0.0040039695	0.976843	37.83459	0.16834754	0.1490657	162.0	1.0
SPIKE	S1:A>T	0	43864	0.0	-1.0	0.0	TRUE	A	1.544491E-4	30.0	0.0027426137	0.97528964	21.826046	0.22644621	0.14819978	162.0	0.0
SPIKE	S2:G>A	0	43949	0.0	-1.0	0.0	TRUE	G	3.4436214E-4	95.0	0.0023510747	0.9457409	82.40868	0.15968461	0.14243488	162.0	0.0
SPIKE	S2:G>C	0	43949	0.0	-1.0	0.0	TRUE	G	1.2403251E-4	22.0	0.0026433705	0.98010725	37.70571	0.2484342	0.1521356	162.0	0.0
SPIKE	S2:G>T	0	43949	0.0	-1.0	0.0	TRUE	G	1.556246E-4	0.0	0.002759885	0.975104	26.378908	0.2599984	0.14084852	162.0	1.0
SPIKE	S3:C>A	0	44023	0.0	-1.0	0.0	TRUE	C	9.2577466E-5	2.0	0.0025761118	0.98511434	26.423325	0.15463853	0.16211416	162.0	1.0
SPIKE	S3:C>G	0	44023	0.0	-1.0	0.0	TRUE	C	4.3889164E-4	81.0	0.0021588316	0.93136835	37.7692	0.23905097	0.15763067	162.0	0.0
SPIKE	S3:C>T	0	44023	0.0	-1.0	0.0	TRUE	C	4.593022E-4	129.0	0.002285733	0.9282938	82.54744	0.1571022	0.13342445	162.0	0.0
SPIKE	S4:G>A	33	44087	7.4851996E-4	88.11774	40.0	TRUE	G	3.7941942E-4	105.0	0.0023510747	0.940385	82.66745	0.15968461	0.14243488	162.0	0.0
SPIKE	S4:G>C	1	44087	2.2682423E-5	4.2596874	40.0	TRUE	G	2.922501E-4	52.0	0.0026433705	0.9537588	37.82411	0.2484342	0.1521356	162.0	0.0
SPIKE	S4:G>T	1	44087	2.2682423E-5	4.2596874	40.0	TRUE	G	1.3526571E-4	23.0	0.002759885	0.9783253	26.461739	0.2599984	0.14084852	162.0	0.0
SPIKE	S5:T>A	2	44111	4.5340166E-5	7.269987	40.0	TRUE	T	1.1880754E-4	0.0	0.0026849906	0.98093724	21.94895	0.2394114	0.15269703	162.0	1.0
SPIKE	S5:T>G	6	44111	1.3602049E-4	13.113299	40.0	TRUE	T	4.0152002E-4	75.0	0.0021294663	0.9370241	38.047638	0.23665662	0.13734365	162.0	0.0
SPIKE	S5:T>C	87	44111	0.0019722972	251.48216	40.0	TRUE	T	4.485497E-4	112.0	0.0022181321	0.92991227	109.484955	0.17705323	0.15313649	162.0	0.0
SPIKE	S6:G>A	34	44127	7.705033E-4	103.59959	40.0	TRUE	G	2.3827601E-4	66.0	0.0023510747	0.9621348	82.742455	0.15968461	0.14243488	162.0	0.0
SPIKE	S6:G>T	1	44127	2.2661863E-5	4.2596874	40.0	TRUE	G	2.8203777E-4	48.0	0.002759885	0.95533794	26.485746	0.2599984	0.14084852	162.0	0.0
SPIKE	S6:G>C	0	44127	0.0	-1.0	0.0	TRUE	G	2.1257882E-4	0.0	0.0026433705	0.96614844	37.858425	0.2484342	0.1521356	162.0	1.0
SPIKE	S7:A>G	78	44139	0.0017671447	224.85803	40.0	TRUE	A	3.5199942E-4	106.0	0.0023139792	0.9445715	109.55445	0.14691451	0.12874407	162.0	0.0
SPIKE	S7:A>C	7	44139	1.5858992E-4	22.321487	40.0	TRUE	A	1.446256E-4	0.0	0.0040039695	0.976843	38.07179	0.16834754	0.1490657	162.0	1.0
SPIKE	S7:A>T	10	44139	2.2655701E-4	31.352386	40.0	TRUE	A	1.12367095E-4	4.0	0.0027426137	0.9819612	21.962881	0.22644621	0.14819978	162.0	1.0
SPIKE	D7-8:A>	39	44139	8.835723E-4	-1.0	39.999413	TRUE		NaN	NaN	NaN	NaN	NaN	NaN	NaN	NaN	NaN
SPIKE	S8:A>G	85	44143	0.0019255601	245.56142	40.0	TRUE	A	4.2501738E-4	128.0	0.0023139792	0.93346405	109.56438	0.14691451	0.12874407	162.0	0.0
SPIKE	S8:A>C	6	44143	1.3592189E-4	19.311188	40.0	TRUE	A	1.446256E-4	2.0	0.0040039695	0.976843	38.07524	0.16834754	0.1490657	162.0	1.0
SPIKE	S8:A>T	2	44143	4.5307297E-5	7.269987	40.0	TRUE	A	1.12367095E-4	3.0	0.0027426137	0.9819612	21.964872	0.22644621	0.14819978	162.0	1.0
SPIKE	S9:G>A	27	44146	6.116069E-4	70.864174	40.0	TRUE	G	4.1499923E-4	115.0	0.0023510747	0.9349803	82.778076	0.15968461	0.14243488	162.0	0.0
SPIKE	S9:G>T	1	44146	2.265211E-5	4.2596874	40.0	TRUE	G	1.556246E-4	1.0	0.002759885	0.975104	26.49715	0.2599984	0.14084852	162.0	1.0
SPIKE	D9-10:G>	19	44146	4.3039006E-4	-1.0	39.97796	TRUE		NaN	NaN	NaN	NaN	NaN	NaN	NaN	NaN	NaN
SPIKE	D9-11:GA>	4	44146	9.060844E-5	-1.0	39.97796	TRUE		NaN	NaN	NaN	NaN	NaN	NaN	NaN	NaN	NaN
SPIKE	S9:G>C	0	44146	0.0	-1.0	0.0	TRUE	G	2.1257882E-4	2.0	0.0026433705	0.96614844	37.874725	0.2484342	0.1521356	162.0	1.0
SPIKE	S10:A>G	57	44146	0.0012911703	146.38963	40.0	TRUE	A	6.740052E-4	203.0	0.0023139792	0.8965611	109.57182	0.14691451	0.12874407	162.0	0.0
SPIKE	S10:A>C	7	44146	1.5856476E-4	22.321487	40.0	TRUE	A	1.1014658E-4	29.0	0.0040039695	0.9823145	38.077827	0.16834754	0.1490657	162.0	0.0
SPIKE	S10:A>T	2	44146	4.530422E-5	7.269987	40.0	TRUE	A	1.12367095E-4	2.0	0.0027426137	0.9819612	21.966364	0.22644621	0.14819978	162.0	1.0
SPIKE	D10-11:A>	22	44146	4.983464E-4	-1.0	39.973133	TRUE		NaN	NaN	NaN	NaN	NaN	NaN	NaN	NaN	NaN
SPIKE	D10-12:AC>	2	44146	4.530422E-5	-1.0	39.973133	TRUE		NaN	NaN	NaN	NaN	NaN	NaN	NaN	NaN	NaN
SPIKE	S11:C>A	1	44146	2.265211E-5	4.2596874	40.0	TRUE	C	1.8168098E-4	52.0	0.0025761118	0.9709966	26.49715	0.15463853	0.16211416	162.0	0.0
SPIKE	S11:C>G	1	44146	2.265211E-5	4.2596874	40.0	TRUE	C	1.2967964E-4	24.0	0.0021588316	0.97921103	37.874725	0.23905097	0.15763067	162.0	0.0
SPIKE	S11:C>T	30	44146	6.7956327E-4	79.47218	40.0	TRUE	C	4.083146E-4	115.0	0.002285733	0.9359933	82.778076	0.1571022	0.13342445	162.0	0.0
SPIKE	D11-12:C>	12	44146	2.718253E-4	-1.0	39.983032	TRUE		NaN	NaN	NaN	NaN	NaN	NaN	NaN	NaN	NaN
SPIKE	D11-13:CG>	2	44146	4.530422E-5	-1.0	39.983032	TRUE		NaN	NaN	NaN	NaN	NaN	NaN	NaN	NaN	NaN
SPIKE	S12:G>A	35	44146	7.928238E-4	106.609886	40.0	TRUE	G	2.3817347E-4	66.0	0.0023510747	0.9621508	82.778076	0.15968461	0.14243488	162.0	0.0
SPIKE	S12:G>C	2	44146	4.530422E-5	7.269987	40.0	TRUE	G	2.8624682E-4	51.0	0.0026433705	0.95468676	37.874725	0.2484342	0.1521356	162.0	0.0
SPIKE	S12:G>T	3	44146	6.795632E-5	10.280287	40.0	TRUE	G	1.556246E-4	3.0	0.002759885	0.975104	26.49715	0.2599984	0.14084852	162.0	1.0
SPIKE	D12-13:G>	13	44146	2.9447742E-4	-1.0	39.980904	TRUE		NaN	NaN	NaN	NaN	NaN	NaN	NaN	NaN	NaN
SPIKE	D12-14:GA>	4	44146	9.060844E-5	-1.0	39.980904	TRUE		NaN	NaN	NaN	NaN	NaN	NaN	NaN	NaN	NaN
SPIKE	S13:A>G	54	44146	0.0012232139	104.229805	40.0	TRUE	A	0.0013513307	407.0	0.0023139792	0.80338955	109.57182	0.14691451	0.12874407	162.0	0.0
SPIKE	S13:A>C	8	44146	1.8121688E-4	25.331787	40.0	TRUE	A	1.4053185E-4	37.0	0.0040039695	0.977491	38.077827	0.16834754	0.1490657	162.0	0.0
SPIKE	S13:A>T	14	44146	3.171295E-4	43.393585	40.0	TRUE	A	1.1765457E-4	23.0	0.0027426137	0.98112047	21.966364	0.22644621	0.14819978	162.0	0.0
SPIKE	D13-14:A>	18	44146	4.0773797E-4	-1.0	39.97796	TRUE		NaN	NaN	NaN	NaN	NaN	NaN	NaN	NaN	NaN
SPIKE	S14:C>G	3	44146	6.795632E-5	10.280287	40.0	TRUE	C	2.046492E-4	1.0	0.0021588316	0.96739036	37.874725	0.23905097	0.15763067	162.0	1.0
SPIKE	S14:C>T	17	44146	3.8508585E-4	52.424488	40.0	TRUE	C	1.775281E-4	50.0	0.002285733	0.97165006	82.778076	0.1571022	0.13342445	162.0	0.0
SPIKE	D14-15:C>	16	44146	3.6243376E-4	-1.0	39.981606	TRUE		NaN	NaN	NaN	NaN	NaN	NaN	NaN	NaN	NaN
SPIKE	D14-16:CA>	2	44146	4.530422E-5	-1.0	39.981606	TRUE		NaN	NaN	NaN	NaN	NaN	NaN	NaN	NaN	NaN
SPIKE	S14:C>A	0	44146	0.0	-1.0	0.0	TRUE	C	2.58546E-4	74.0	0.0025761118	0.95898056	26.49715	0.15463853	0.16211416	162.0	0.0
SPIKE	S15:A>G	95	44146	0.0021519503	275.18668	40.0	TRUE	A	4.3494918E-4	131.0	0.0023139792	0.9319634	109.57182	0.14691451	0.12874407	162.0	0.0
SPIKE	S15:A>C	6	44146	1.3591265E-4	19.311188	40.0	TRUE	A	2.354858E-4	62.0	0.0040039695	0.9625698	38.077827	0.16834754	0.1490657	162.0	0.0
SPIKE	S15:A>T	15	44146	3.3978163E-4	46.403885	40.0	TRUE	A	1.12367095E-4	4.0	0.0027426137	0.9819612	21.966364	0.22644621	0.14819978	162.0	1.0
SPIKE	D15-16:A>	13	44146	2.9447742E-4	-1.0	39.98471	TRUE		NaN	NaN	NaN	NaN	NaN	NaN	NaN	NaN	NaN
SPIKE	S16:G>A	23	44146	5.209985E-4	59.459663	40.0	TRUE	G	4.3304267E-4	120.0	0.0023510747	0.9322513	82.778076	0.15968461	0.14243488	162.0	0.0
SPIKE	S16:G>T	3	44146	6.795632E-5	10.280287	40.0	TRUE	G	1.556246E-4	1.0	0.002759885	0.975104	26.49715	0.2599984	0.14084852	162.0	1.0
SPIKE	D16-17:G>	15	44146	3.3978163E-4	-1.0	39.980972	TRUE		NaN	NaN	NaN	NaN	NaN	NaN	NaN	NaN	NaN
SPIKE	D16-18:GA>	3	44146	6.795632E-5	-1.0	39.980972	TRUE		NaN	NaN	NaN	NaN	NaN	NaN	NaN	NaN	NaN
SPIKE	S16:G>C	0	44146	0.0	-1.0	0.0	TRUE	G	2.1257882E-4	0.0	0.0026433705	0.96614844	37.874725	0.2484342	0.1521356	162.0	1.0
SPIKE	S17:A>G	54	44146	0.0012232139	111.329765	40.0	TRUE	A	0.0011952801	360.0	0.0023139792	0.8239583	109.57182	0.14691451	0.12874407	162.0	0.0
SPIKE	S17:A>T	14	44146	3.171295E-4	43.393585	40.0	TRUE	A	1.02308324E-4	20.0	0.0027426137	0.98356265	21.966364	0.22644621	0.14819978	162.0	0.0
SPIKE	S17:A>C	7	44146	1.5856476E-4	-1.0	40.0	TRUE	A	3.798158E-5	10.0	0.0040039695	0.99386585	38.077827	0.16834754	0.1490657	162.0	0.0
SPIKE	D17-18:A>	31	44146	7.0221536E-4	-1.0	39.995266	TRUE		NaN	NaN	NaN	NaN	NaN	NaN	NaN	NaN	NaN
SPIKE	D17-19:AA>	1	44146	2.265211E-5	-1.0	39.995266	TRUE		NaN	NaN	NaN	NaN	NaN	NaN	NaN	NaN	NaN
SPIKE	S18:A>G	71	44146	0.0016082998	191.57625	40.0	TRUE	A	6.076007E-4	183.0	0.0023139792	0.9062579	109.57182	0.14691451	0.12874407	162.0	0.0
SPIKE	S18:A>C	13	44146	2.9447742E-4	40.383286	40.0	TRUE	A	1.02550264E-4	27.0	0.0040039695	0.9835241	38.077827	0.16834754	0.1490657	162.0	0.0
SPIKE	S18:A>T	0	44146	0.0	-1.0	0.0	TRUE	A	1.12367095E-4	3.0	0.0027426137	0.9819612	21.966364	0.22644621	0.14819978	162.0	1.0
SPIKE	S19:C>A	1	44146	2.265211E-5	4.2596874	40.0	TRUE	C	1.607178E-4	46.0	0.0025761118	0.9742997	26.49715	0.15463853	0.16211416	162.0	0.0
SPIKE	S19:C>T	20	44146	4.530422E-4	50.97615	40.0	TRUE	C	3.4085393E-4	96.0	0.002285733	0.9462785	82.778076	0.1571022	0.13342445	162.0	0.0
SPIKE	D19-20:C>	4	44146	9.060844E-5	-1.0	39.999344	TRUE		NaN	NaN	NaN	NaN	NaN	NaN	NaN	NaN	NaN
SPIKE	S19:C>G	0	44146	0.0	-1.0	0.0	TRUE	C	2.046492E-4	3.0	0.0021588316	0.96739036	37.874725	0.23905097	0.15763067	162.0	1.0
SPIKE	S20:C>G	14	44146	3.171295E-4	43.393585	40.0	TRUE	C	2.046492E-4	1.0	0.0021588316	0.96739036	37.874725	0.23905097	0.15763067	162.0	1.0
SPIKE	S20:C>T	45	44146	0.0010193449	136.71289	40.0	TRUE	C	2.3078652E-4	65.0	0.002285733	0.96330285	82.778076	0.1571022	0.13342445	162.0	0.0
SPIKE	S20:C>A	0	44146	0.0	-1.0	0.0	TRUE	C	8.385276E-5	24.0	0.0025761118	0.9865077	26.49715	0.15463853	0.16211416	162.0	0.0
SPIKE	S21:A>G	49	44146	0.0011099534	105.66353	40.0	TRUE	A	9.130612E-4	275.0	0.0023139792	0.86250365	109.57182	0.14691451	0.12874407	162.0	0.0
SPIKE	S21:A>T	13	44146	2.9447742E-4	-1.0	40.0	TRUE	A	6.138499E-5	12.0	0.0027426137	0.9901049	21.966364	0.22644621	0.14819978	162.0	0.0
SPIKE	S21:A>C	6	44146	1.3591265E-4	19.311188	40.0	TRUE	A	2.2409132E-4	59.0	0.0040039695	0.96434826	38.077827	0.16834754	0.1490657	162.0	0.0
SPIKE	S22:A>G	44141	44146	0.99988675	9999.0	39.999977	TRUE	G	3.6380286E-4	0.0	0.0023139792	0.942767	109.57182	0.14691451	0.12874407	162.0	1.0
SPIKE	S22:A>C	0	44146	0.0	-1.0	0.0	TRUE	G	8.7357635E-5	23.0	0.0040039695	0.9859477	38.077827	0.16834754	0.1490657	162.0	0.0
SPIKE	S22:A>T	0	44146	0.0	-1.0	0.0	TRUE	G	1.12367095E-4	0.0	0.0027426137	0.9819612	21.966364	0.22644621	0.14819978	162.0	1.0
SPIKE	S23:A>C	44140	44146	0.9998641	9999.0	39.999863	TRUE	C	1.446256E-4	0.0	0.0040039695	0.976843	38.077827	0.16834754	0.1490657	162.0	1.0
SPIKE	S23:A>G	0	44146	0.0	-1.0	0.0	TRUE	C	1.759718E-4	53.0	0.0023139792	0.9718951	109.57182	0.14691451	0.12874407	162.0	0.0
SPIKE	S23:A>T	0	44146	0.0	-1.0	0.0	TRUE	C	1.12367095E-4	0.0	0.0027426137	0.9819612	21.966364	0.22644621	0.14819978	162.0	1.0
SPIKE	S24:A>G	0	44146	0.0	-1.0	0.0	TRUE	A	3.6380286E-4	0.0	0.0023139792	0.942767	109.57182	0.14691451	0.12874407	162.0	1.0
SPIKE	S24:A>C	0	44146	0.0	-1.0	0.0	TRUE	A	2.1269685E-4	56.0	0.0040039695	0.96613	38.077827	0.16834754	0.1490657	162.0	0.0
SPIKE	S24:A>T	0	44146	0.0	-1.0	0.0	TRUE	A	1.12367095E-4	1.0	0.0027426137	0.9819612	21.966364	0.22644621	0.14819978	162.0	1.0
SPIKE	S25:A>G	0	44146	0.0	-1.0	0.0	TRUE	A	3.6380286E-4	1.0	0.0023139792	0.942767	109.57182	0.14691451	0.12874407	162.0	1.0
SPIKE	S25:A>C	0	44146	0.0	-1.0	0.0	TRUE	A	3.798158E-5	10.0	0.0040039695	0.99386585	38.077827	0.16834754	0.1490657	162.0	0.0
SPIKE	S25:A>T	0	44146	0.0	-1.0	0.0	TRUE	A	1.1765457E-4	23.0	0.0027426137	0.98112047	21.966364	0.22644621	0.14819978	162.0	0.0
SPIKE	S26:T>G	5	44146	1.1326055E-4	16.300888	40.0	TRUE	T	1.444326E-4	27.0	0.0021294663	0.9768735	38.077827	0.23665662	0.13734365	162.0	0.0
SPIKE	S26:T>A	1	44146	2.265211E-5	4.2596874	40.0	TRUE	T	2.6502198E-4	49.0	0.0026849906	0.95797503	21.966364	0.2394114	0.15269703	162.0	0.0
SPIKE	S26:T>C	55	44146	0.001245866	151.94922	40.0	TRUE	T	3.5215248E-4	88.0	0.0022181321	0.9445481	109.57182	0.17705323	0.15313649	162.0	0.0
SPIKE	D26-27:T>	1	44146	2.265211E-5	-1.0	39.99563	TRUE		NaN	NaN	NaN	NaN	NaN	NaN	NaN	NaN	NaN
SPIKE	S27:G>A	27	44146	6.116069E-4	82.52749	40.0	TRUE	G	1.5517362E-4	43.0	0.0023510747	0.9751752	82.778076	0.15968461	0.14243488	162.0	0.0
SPIKE	S27:G>T	2	44146	4.530422E-5	3.9120662	40.0	TRUE	G	3.2302918E-4	55.0	0.002759885	0.94901496	26.49715	0.2599984	0.14084852	162.0	0.0
SPIKE	D27-28:G>	6	44146	1.3591265E-4	-1.0	39.99959	TRUE		NaN	NaN	NaN	NaN	NaN	NaN	NaN	NaN	NaN
SPIKE	S27:G>C	0	44146	0.0	-1.0	0.0	TRUE	G	2.1257882E-4	0.0	0.0026433705	0.96614844	37.874725	0.2484342	0.1521356	162.0	1.0
SPIKE	S28:G>A	38	44147	8.607606E-4	115.640785	40.0	TRUE	G	1.515615E-4	42.0	0.0023510747	0.97574604	82.77995	0.15968461	0.14243488	162.0	0.0
SPIKE	S28:G>T	1	44147	2.2651595E-5	4.2596874	40.0	TRUE	G	1.556246E-4	2.0	0.002759885	0.975104	26.497751	0.2599984	0.14084852	162.0	1.0
SPIKE	S28:G>C	1	44147	2.2651595E-5	4.2596874	40.0	TRUE	G	2.1257882E-4	0.0	0.0026433705	0.96614844	37.875584	0.2484342	0.1521356	162.0	1.0
SPIKE	S29:G>A	26	44147	5.889415E-4	79.51719	40.0	TRUE	G	2.8147135E-4	78.0	0.0023510747	0.9554256	82.77995	0.15968461	0.14243488	162.0	0.0
SPIKE	S29:G>C	1	44147	2.2651595E-5	4.2596874	40.0	TRUE	G	2.1257882E-4	0.0	0.0026433705	0.96614844	37.875584	0.2484342	0.1521356	162.0	1.0
SPIKE	S29:G>T	0	44147	0.0	-1.0	0.0	TRUE	G	1.556246E-4	1.0	0.002759885	0.975104	26.497751	0.2599984	0.14084852	162.0	1.0
SPIKE	S30:A>G	65	44147	0.0014723537	174.26482	40.0	TRUE	A	6.5406907E-4	197.0	0.0023139792	0.8994614	109.5743	0.14691451	0.12874407	162.0	0.0
SPIKE	S30:A>T	2	44147	4.530319E-5	7.269987	40.0	TRUE	A	1.1765191E-4	23.0	0.0027426137	0.9811209	21.966862	0.22644621	0.14819978	162.0	0.0
SPIKE	S30:A>C	4	44147	9.060638E-5	13.290587	40.0	TRUE	A	1.446256E-4	4.0	0.0040039695	0.976843	38.07869	0.16834754	0.1490657	162.0	1.0
SPIKE	D30-31:A>	1	44147	2.2651595E-5	-1.0	39.996853	TRUE		NaN	NaN	NaN	NaN	NaN	NaN	NaN	NaN	NaN
SPIKE	I30:>A	2	44147	4.530319E-5	-1.0	39.996853	TRUE		NaN	NaN	NaN	NaN	NaN	NaN	NaN	NaN	NaN
SPIKE	S31:T>G	3	44147	6.795479E-5	10.280287	40.0	TRUE	T	2.0369184E-4	5.0	0.0021294663	0.96754044	38.07869	0.23665662	0.13734365	162.0	1.0
SPIKE	S31:T>A	3	44147	6.795479E-5	10.280287	40.0	TRUE	T	2.7042447E-4	50.0	0.0026849906	0.957137	21.966862	0.2394114	0.15269703	162.0	0.0
SPIKE	S31:T>C	68	44147	0.0015403085	195.3428	40.0	TRUE	T	4.1216915E-4	103.0	0.0022181321	0.935409	109.5743	0.17705323	0.15313649	162.0	0.0
SPIKE	S32:C>T	23	44147	5.209867E-4	59.459663	40.0	TRUE	C	3.4084622E-4	96.0	0.002285733	0.9462797	82.77995	0.1571022	0.13342445	162.0	0.0
SPIKE	S32:C>A	2	44147	4.530319E-5	-1.0	40.0	TRUE	C	9.2577466E-5	1.0	0.0025761118	0.98511434	26.497751	0.15463853	0.16211416	162.0	1.0
SPIKE	S32:C>G	1	44147	2.2651595E-5	4.2596874	40.0	TRUE	C	2.046492E-4	0.0	0.0021588316	0.96739036	37.875584	0.23905097	0.15763067	162.0	1.0
SPIKE	S33:C>T	19	44147	4.303803E-4	58.445087	40.0	TRUE	C	1.526707E-4	43.0	0.002285733	0.9755707	82.77995	0.1571022	0.13342445	162.0	0.0
SPIKE	S33:C>A	2	44147	4.530319E-5	-1.0	40.0	TRUE	C	6.987572E-5	20.0	0.0025761118	0.98874396	26.497751	0.15463853	0.16211416	162.0	0.0
SPIKE	S33:C>G	0	44147	0.0	-1.0	0.0	TRUE	C	2.046492E-4	0.0	0.0021588316	0.96739036	37.875584	0.23905097	0.15763067	162.0	1.0
SPIKE	S34:A>C	6	44147	1.3590958E-4	19.311188	40.0	TRUE	A	1.9749974E-4	52.0	0.0040039695	0.96851146	38.07869	0.16834754	0.1490657	162.0	0.0
SPIKE	S34:A>T	3	44147	6.795479E-5	10.280287	40.0	TRUE	A	1.227672E-4	24.0	0.0027426137	0.9803082	21.966862	0.22644621	0.14819978	162.0	0.0
SPIKE	S34:A>G	54	44147	0.0012231861	168.5768	40.0	TRUE	A	1.5604692E-4	47.0	0.0023139792	0.9750373	109.5743	0.14691451	0.12874407	162.0	0.0
SPIKE	S35:T>C	65	44147	0.0014723537	186.50496	40.0	TRUE	T	3.4013958E-4	85.0	0.0022181321	0.946388	109.5743	0.17705323	0.15313649	162.0	0.0
SPIKE	S35:T>A	5	44147	1.1325798E-4	16.300888	40.0	TRUE	T	2.6501596E-4	49.0	0.0026849906	0.957976	21.966862	0.2394114	0.15269703	162.0	0.0
SPIKE	S35:T>G	2	44147	4.530319E-5	7.269987	40.0	TRUE	T	2.0369184E-4	6.0	0.0021294663	0.96754044	38.07869	0.23665662	0.13734365	162.0	1.0
SPIKE	D35-36:T>	1	44147	2.2651595E-5	-1.0	39.99889	TRUE		NaN	NaN	NaN	NaN	NaN	NaN	NaN	NaN	NaN
SPIKE	S36:T>C	34	44147	7.7015423E-4	-1.0	40.0	TRUE	T	7.60312E-5	19.0	0.0022181321	0.9877585	109.5743	0.17705323	0.15313649	162.0	0.0
SPIKE	S36:T>G	2	44147	4.530319E-5	7.269987	40.0	TRUE	T	2.0369184E-4	1.0	0.0021294663	0.96754044	38.07869	0.23665662	0.13734365	162.0	1.0
SPIKE	S36:T>A	0	44147	0.0	-1.0	0.0	TRUE	T	1.2439526E-4	23.0	0.0026849906	0.98004967	21.966862	0.2394114	0.15269703	162.0	0.0
SPIKE	S37:A>C	4	44147	9.060638E-5	13.290587	40.0	TRUE	A	1.446256E-4	1.0	0.0040039695	0.976843	38.07869	0.16834754	0.1490657	162.0	1.0
SPIKE	S37:A>T	1	44147	2.2651595E-5	2.0412	40.0	TRUE	A	3.3760982E-4	66.0	0.0027426137	0.946776	21.966862	0.22644621	0.14819978	162.0	0.0
SPIKE	S37:A>G	62	44147	0.0014043989	192.6592	40.0	TRUE	A	1.6268723E-4	49.0	0.0023139792	0.97398895	109.5743	0.14691451	0.12874407	162.0	0.0
SPIKE	S38:T>C	25	44147	5.662899E-4	76.50689	40.0	TRUE	T	1.4806076E-4	37.0	0.0022181321	0.9762995	109.5743	0.17705323	0.15313649	162.0	0.0
SPIKE	S38:T>A	3	44147	6.795479E-5	10.280287	40.0	TRUE	T	2.3256504E-4	43.0	0.0026849906	0.96302533	21.966862	0.2394114	0.15269703	162.0	0.0
SPIKE	S38:T>G	4	44147	9.060638E-5	13.290587	40.0	TRUE	T	2.0369184E-4	2.0	0.0021294663	0.96754044	38.07869	0.23665662	0.13734365	162.0	1.0
SPIKE	S39:C>T	20	44147	4.530319E-4	50.97615	40.0	TRUE	C	4.189568E-4	118.0	0.002285733	0.934381	82.77995	0.1571022	0.13342445	162.0	0.0
SPIKE	S39:C>A	8	44147	1.8121276E-4	-1.0	40.0	TRUE	C	9.2577466E-5	1.0	0.0025761118	0.98511434	26.497751	0.15463853	0.16211416	162.0	1.0
SPIKE	S39:C>G	0	44147	0.0	-1.0	0.0	TRUE	C	1.1346712E-4	21.0	0.0021588316	0.98178625	37.875584	0.23905097	0.15763067	162.0	0.0
SPIKE	S40:G>T	2	44147	4.530319E-5	7.269987	40.0	TRUE	G	1.556246E-4	4.0	0.002759885	0.975104	26.497751	0.2599984	0.14084852	162.0	1.0
SPIKE	S40:G>A	43	44147	9.740186E-4	130.69229	40.0	TRUE	G	2.995144E-4	83.0	0.0023510747	0.952637	82.77995	0.15968461	0.14243488	162.0	0.0
SPIKE	S40:G>C	0	44147	0.0	-1.0	0.0	TRUE	G	2.4695243E-4	44.0	0.0026433705	0.96078336	37.875584	0.2484342	0.1521356	162.0	0.0
SPIKE	S41:G>C	1	44147	2.2651595E-5	4.2596874	40.0	TRUE	G	1.1225111E-4	20.0	0.0026433705	0.98197967	37.875584	0.2484342	0.1521356	162.0	0.0
SPIKE	S41:G>T	1	44147	2.2651595E-5	4.2596874	40.0	TRUE	G	1.556246E-4	1.0	0.002759885	0.975104	26.497751	0.2599984	0.14084852	162.0	1.0
SPIKE	S41:G>A	20	44147	4.530319E-4	61.455387	40.0	TRUE	G	2.02082E-4	56.0	0.0023510747	0.9677928	82.77995	0.15968461	0.14243488	162.0	0.0
SPIKE	S42:C>T	26	44147	5.889415E-4	68.00451	40.0	TRUE	C	4.189568E-4	118.0	0.002285733	0.934381	82.77995	0.1571022	0.13342445	162.0	0.0
SPIKE	S42:C>A	7	44147	1.5856118E-4	-1.0	40.0	TRUE	C	9.2577466E-5	4.0	0.0025761118	0.98511434	26.497751	0.15463853	0.16211416	162.0	1.0
SPIKE	S42:C>G	3	44147	6.795479E-5	6.0206	40.0	TRUE	C	3.5661095E-4	66.0	0.0021588316	0.9438661	37.875584	0.23905097	0.15763067	162.0	0.0
SPIKE	S43:G>C	2	44147	4.530319E-5	7.269987	40.0	TRUE	G	2.4133989E-4	43.0	0.0026433705	0.96165735	37.875584	0.2484342	0.1521356	162.0	0.0
SPIKE	S43:G>A	33	44147	7.4750267E-4	100.58929	40.0	TRUE	G	1.984734E-4	55.0	0.0023510747	0.9683587	82.77995	0.15968461	0.14243488	162.0	0.0
SPIKE	S43:G>T	0	44147	0.0	-1.0	0.0	TRUE	G	1.556246E-4	4.0	0.002759885	0.975104	26.497751	0.2599984	0.14084852	162.0	1.0
SPIKE	S44:G>A	28	44147	6.342447E-4	73.72888	40.0	TRUE	G	3.2116604E-4	89.0	0.0023510747	0.9493014	82.77995	0.15968461	0.14243488	162.0	0.0
SPIKE	S44:G>C	0	44147	0.0	-1.0	0.0	TRUE	G	5.6125555E-5	10.0	0.0026433705	0.99094886	37.875584	0.2484342	0.1521356	162.0	0.0
SPIKE	S44:G>T	0	44147	0.0	-1.0	0.0	TRUE	G	1.556246E-4	0.0	0.002759885	0.975104	26.497751	0.2599984	0.14084852	162.0	1.0
SPIKE	S45:C>T	28	44147	6.342447E-4	85.53779	40.0	TRUE	C	1.7397359E-4	49.0	0.002285733	0.97220975	82.77995	0.1571022	0.13342445	162.0	0.0
SPIKE	S45:C>A	4	44147	9.060638E-5	-1.0	40.0	TRUE	C	9.2577466E-5	0.0	0.0025761118	0.98511434	26.497751	0.15463853	0.16211416	162.0	1.0
SPIKE	S45:C>G	1	44147	2.2651595E-5	4.2596874	40.0	TRUE	C	2.917726E-4	54.0	0.0021588316	0.95383257	37.875584	0.23905097	0.15763067	162.0	0.0
SPIKE	S46:G>A	28	44147	6.342447E-4	85.53779	40.0	TRUE	G	2.526025E-4	70.0	0.0023510747	0.9599044	82.77995	0.15968461	0.14243488	162.0	0.0
SPIKE	S46:G>C	0	44147	0.0	-1.0	0.0	TRUE	G	2.4133989E-4	43.0	0.0026433705	0.96165735	37.875584	0.2484342	0.1521356	162.0	0.0
SPIKE	S46:G>T	0	44147	0.0	-1.0	0.0	TRUE	G	1.556246E-4	0.0	0.002759885	0.975104	26.497751	0.2599984	0.14084852	162.0	1.0
SPIKE	S47:A>C	1	44147	2.2651595E-5	4.2596874	40.0	TRUE	A	1.446256E-4	2.0	0.0040039695	0.976843	38.07869	0.16834754	0.1490657	162.0	1.0
SPIKE	S47:A>T	2	44147	4.530319E-5	7.269987	40.0	TRUE	A	1.12367095E-4	2.0	0.0027426137	0.9819612	21.966862	0.22644621	0.14819978	162.0	1.0
SPIKE	S47:A>G	20	44147	4.530319E-4	61.455387	40.0	TRUE	A	1.9256855E-4	58.0	0.0023139792	0.9692855	109.5743	0.14691451	0.12874407	162.0	0.0
SPIKE	S48:A>T	1	44147	2.2651595E-5	-1.0	40.0	TRUE	A	6.13836E-5	12.0	0.0027426137	0.99010515	21.966862	0.22644621	0.14819978	162.0	0.0
SPIKE	S48:A>C	1	44147	2.2651595E-5	4.2596874	40.0	TRUE	A	1.446256E-4	0.0	0.0040039695	0.976843	38.07869	0.16834754	0.1490657	162.0	1.0
SPIKE	S48:A>G	53	44147	0.0012005345	-1.0	40.0	TRUE	A	8.300369E-5	25.0	0.0023139792	0.98664343	109.5743	0.14691451	0.12874407	162.0	0.0
SPIKE	S49:T>C	69	44147	0.0015629601	213.7313	40.0	TRUE	T	1.520624E-4	38.0	0.0022181321	0.9756668	109.5743	0.17705323	0.15313649	162.0	0.0
SPIKE	S49:T>G	1	44147	2.2651595E-5	4.2596874	40.0	TRUE	T	2.0369184E-4	2.0	0.0021294663	0.96754044	38.07869	0.23665662	0.13734365	162.0	1.0
SPIKE	S49:T>A	3	44147	6.795479E-5	10.280287	40.0	TRUE	T	2.8124143E-4	52.0	0.0026849906	0.9554612	21.966862	0.2394114	0.15269703	162.0	0.0
SPIKE	D49-50:T>	38	44147	8.607606E-4	-1.0	39.999435	TRUE		NaN	NaN	NaN	NaN	NaN	NaN	NaN	NaN	NaN
SPIKE	S50:T>C	82	44147	0.0018574309	252.8652	40.0	TRUE	T	1.2004926E-4	30.0	0.0022181321	0.9807399	109.5743	0.17705323	0.15313649	162.0	0.0
SPIKE	S50:T>A	3	44147	6.795479E-5	10.280287	40.0	TRUE	T	1.1880754E-4	2.0	0.0026849906	0.98093724	21.966862	0.2394114	0.15269703	162.0	1.0
SPIKE	S50:T>G	0	44147	0.0	-1.0	0.0	TRUE	T	2.0369184E-4	3.0	0.0021294663	0.96754044	38.07869	0.23665662	0.13734365	162.0	1.0
SPIKE	S51:T>C	82	44147	0.0018574309	252.8652	40.0	TRUE	T	1.4405911E-4	36.0	0.0022181321	0.97693264	109.5743	0.17705323	0.15313649	162.0	0.0
SPIKE	S51:T>G	1	44147	2.2651595E-5	4.2596874	40.0	TRUE	T	2.0369184E-4	1.0	0.0021294663	0.96754044	38.07869	0.23665662	0.13734365	162.0	1.0
SPIKE	S51:T>A	3	44147	6.795479E-5	10.280287	40.0	TRUE	T	1.1880754E-4	6.0	0.0026849906	0.98093724	21.966862	0.2394114	0.15269703	162.0	1.0
SPIKE	S52:A>G	46	44147	0.0010419734	139.72319	40.0	TRUE	A	1.4608649E-4	44.0	0.0023139792	0.97661185	109.5743	0.14691451	0.12874407	162.0	0.0
SPIKE	S52:A>C	0	44147	0.0	-1.0	0.0	TRUE	A	1.446256E-4	5.0	0.0040039695	0.976843	38.07869	0.16834754	0.1490657	162.0	1.0
SPIKE	S52:A>T	0	44147	0.0	-1.0	0.0	TRUE	A	5.62683E-5	11.0	0.0027426137	0.99092597	21.966862	0.22644621	0.14819978	162.0	0.0
SPIKE	S53:C>T	20	44147	4.530319E-4	61.455387	40.0	TRUE	C	2.2012985E-4	62.0	0.002285733	0.9649673	82.77995	0.1571022	0.13342445	162.0	0.0
SPIKE	S53:C>A	1	44147	2.2651595E-5	-1.0	40.0	TRUE	C	3.493786E-5	10.0	0.0025761118	0.99435604	26.497751	0.15463853	0.16211416	162.0	0.0
SPIKE	D53-54:C>	7	44147	1.5856118E-4	-1.0	39.999706	TRUE		NaN	NaN	NaN	NaN	NaN	NaN	NaN	NaN	NaN
SPIKE	S53:C>G	0	44147	0.0	-1.0	0.0	TRUE	C	2.046492E-4	2.0	0.0021588316	0.96739036	37.875584	0.23905097	0.15763067	162.0	1.0
SPIKE	S54:C>T	29	44147	6.5689627E-4	88.54809	40.0	TRUE	C	1.7397359E-4	49.0	0.002285733	0.97220975	82.77995	0.1571022	0.13342445	162.0	0.0
SPIKE	S54:C>G	1	44147	2.2651595E-5	4.2596874	40.0	TRUE	C	2.046492E-4	0.0	0.0021588316	0.96739036	37.875584	0.23905097	0.15763067	162.0	1.0
SPIKE	S54:C>A	5	44147	1.1325798E-4	-1.0	40.0	TRUE	C	9.2577466E-5	5.0	0.0025761118	0.98511434	26.497751	0.15463853	0.16211416	162.0	1.0
SPIKE	S55:A>T	17	44147	3.8507712E-4	-1.0	40.0	TRUE	A	8.18448E-5	16.0	0.0027426137	0.9868286	21.966862	0.22644621	0.14819978	162.0	0.0
SPIKE	S55:A>C	3	44147	6.795479E-5	10.280287	40.0	TRUE	A	1.7091323E-4	45.0	0.0040039695	0.97269183	38.07869	0.16834754	0.1490657	162.0	0.0
SPIKE	S55:A>G	62	44147	0.0014043989	132.62303	40.0	TRUE	A	0.001148771	346.0	0.0023139792	0.8301898	109.5743	0.14691451	0.12874407	162.0	0.0
SPIKE	S56:C>T	26	44147	5.889415E-4	79.51719	40.0	TRUE	C	2.485337E-4	70.0	0.002285733	0.9605373	82.77995	0.1571022	0.13342445	162.0	0.0
SPIKE	S56:C>G	1	44147	2.2651595E-5	4.2596874	40.0	TRUE	C	2.046492E-4	0.0	0.0021588316	0.96739036	37.875584	0.23905097	0.15763067	162.0	1.0
SPIKE	S56:C>A	5	44147	1.1325798E-4	-1.0	40.0	TRUE	C	4.5419216E-5	13.0	0.0025761118	0.9926691	26.497751	0.15463853	0.16211416	162.0	0.0
SPIKE	D56-57:C>	1	44147	2.2651595E-5	-1.0	39.999863	TRUE		NaN	NaN	NaN	NaN	NaN	NaN	NaN	NaN	NaN
SPIKE	S57:C>T	33	44147	7.4750267E-4	100.58929	40.0	TRUE	C	1.5622118E-4	44.0	0.002285733	0.97500974	82.77995	0.1571022	0.13342445	162.0	0.0
SPIKE	S57:C>A	4	44147	9.060638E-5	-1.0	40.0	TRUE	C	9.2577466E-5	5.0	0.0025761118	0.98511434	26.497751	0.15463853	0.16211416	162.0	1.0
SPIKE	S57:C>G	0	44147	0.0	-1.0	0.0	TRUE	C	2.046492E-4	0.0	0.0021588316	0.96739036	37.875584	0.23905097	0.15763067	162.0	1.0
SPIKE	S58:A>T	2	44147	4.530319E-5	7.269987	40.0	TRUE	A	1.12367095E-4	5.0	0.0027426137	0.9819612	21.966862	0.22644621	0.14819978	162.0	1.0
SPIKE	S58:A>C	2	44147	4.530319E-5	7.269987	40.0	TRUE	A	1.1394216E-4	30.0	0.0040039695	0.9817107	38.07869	0.16834754	0.1490657	162.0	0.0
SPIKE	S58:A>G	41	44147	9.2871545E-4	111.31377	40.0	TRUE	A	3.1209385E-4	94.0	0.0023139792	0.95069766	109.5743	0.14691451	0.12874407	162.0	0.0
SPIKE	S59:T>C	64	44147	0.0014497021	183.56096	40.0	TRUE	T	3.2013137E-4	80.0	0.0022181321	0.94946057	109.5743	0.17705323	0.15313649	162.0	0.0
SPIKE	S59:T>A	2	44147	4.530319E-5	7.269987	40.0	TRUE	T	1.5143769E-4	28.0	0.0026849906	0.9757656	21.966862	0.2394114	0.15269703	162.0	0.0
SPIKE	D59-60:T>	2	44147	4.530319E-5	-1.0	39.999004	TRUE		NaN	NaN	NaN	NaN	NaN	NaN	NaN	NaN	NaN
SPIKE	S59:T>G	0	44147	0.0	-1.0	0.0	TRUE	T	2.0369184E-4	4.0	0.0021294663	0.96754044	38.07869	0.23665662	0.13734365	162.0	1.0
SPIKE	S60:T>C	69	44147	0.0015629601	213.7313	40.0	TRUE	T	1.6806897E-4	42.0	0.0022181321	0.9731401	109.5743	0.17705323	0.15313649	162.0	0.0
SPIKE	S60:T>G	1	44147	2.2651595E-5	4.2596874	40.0	TRUE	T	2.0369184E-4	4.0	0.0021294663	0.96754044	38.07869	0.23665662	0.13734365	162.0	1.0
SPIKE	S60:T>A	5	44147	1.1325798E-4	16.300888	40.0	TRUE	T	1.1880754E-4	1.0	0.0026849906	0.98093724	21.966862	0.2394114	0.15269703	162.0	1.0
SPIKE	S61:G>A	9	44147	2.0386436E-4	28.342087	40.0	TRUE	G	1.1547543E-4	32.0	0.0023510747	0.9814669	82.77995	0.15968461	0.14243488	162.0	0.0
SPIKE	D61-62:G>	1	44147	2.2651595E-5	-1.0	39.995514	TRUE		NaN	NaN	NaN	NaN	NaN	NaN	NaN	NaN	NaN
SPIKE	S61:G>C	0	44147	0.0	-1.0	0.0	TRUE	G	2.1257882E-4	0.0	0.0026433705	0.96614844	37.875584	0.2484342	0.1521356	162.0	1.0
SPIKE	S61:G>T	0	44147	0.0	-1.0	0.0	TRUE	G	1.40955E-4	24.0	0.002759885	0.977424	26.497751	0.2599984	0.14084852	162.0	0.0
SPIKE	S62:A>T	6	44147	1.3590958E-4	19.311188	40.0	TRUE	A	1.12367095E-4	3.0	0.0027426137	0.9819612	21.966862	0.22644621	0.14819978	162.0	1.0
SPIKE	S62:A>G	49	44147	0.0011099282	148.75409	40.0	TRUE	A	1.6600738E-4	50.0	0.0023139792	0.9734652	109.5743	0.14691451	0.12874407	162.0	0.0
SPIKE	D62-63:A>	26	44147	5.889415E-4	-1.0	39.999435	TRUE		NaN	NaN	NaN	NaN	NaN	NaN	NaN	NaN	NaN
SPIKE	S62:A>C	0	44147	0.0	-1.0	0.0	TRUE	A	1.446256E-4	2.0	0.0040039695	0.976843	38.07869	0.16834754	0.1490657	162.0	1.0
SPIKE	S63:A>T	2	44147	4.530319E-5	7.269987	40.0	TRUE	A	1.12367095E-4	0.0	0.0027426137	0.9819612	21.966862	0.22644621	0.14819978	162.0	1.0
SPIKE	S63:A>C	2	44147	4.530319E-5	7.269987	40.0	TRUE	A	1.446256E-4	1.0	0.0040039695	0.976843	38.07869	0.16834754	0.1490657	162.0	1.0
SPIKE	S63:A>G	84	44147	0.001902734	258.8858	40.0	TRUE	A	1.2948575E-4	39.0	0.0023139792	0.9792418	109.5743	0.14691451	0.12874407	162.0	0.0
SPIKE	S64:A>G	96	44147	0.0021745532	295.0094	40.0	TRUE	A	2.6893194E-4	81.0	0.0023139792	0.95736843	109.5743	0.14691451	0.12874407	162.0	0.0
SPIKE	S64:A>C	4	44147	9.060638E-5	13.290587	40.0	TRUE	A	1.446256E-4	1.0	0.0040039695	0.976843	38.07869	0.16834754	0.1490657	162.0	1.0
SPIKE	S64:A>T	6	44147	1.3590958E-4	19.311188	40.0	TRUE	A	1.12367095E-4	4.0	0.0027426137	0.9819612	21.966862	0.22644621	0.14819978	162.0	1.0
SPIKE	S65:A>G	78	44147	0.0017668245	224.85803	40.0	TRUE	A	4.6482065E-4	140.0	0.0023139792	0.9274643	109.5743	0.14691451	0.12874407	162.0	0.0
SPIKE	S65:A>C	11	44147	2.4916756E-4	34.362686	40.0	TRUE	A	2.430766E-4	64.0	0.0040039695	0.96138686	38.07869	0.16834754	0.1490657	162.0	0.0
SPIKE	S65:A>T	3	44147	6.795479E-5	10.280287	40.0	TRUE	A	1.12367095E-4	4.0	0.0027426137	0.9819612	21.966862	0.22644621	0.14819978	162.0	1.0
SPIKE	S66:C>A	2	44147	4.530319E-5	-1.0	40.0	TRUE	C	3.8431644E-5	11.0	0.0025761118	0.9937934	26.497751	0.15463853	0.16211416	162.0	0.0
SPIKE	S66:C>T	19	44147	4.303803E-4	58.445087	40.0	TRUE	C	2.2012985E-4	62.0	0.002285733	0.9649673	82.77995	0.1571022	0.13342445	162.0	0.0
SPIKE	D66-67:C>	1	44147	2.2651595E-5	-1.0	39.99787	TRUE		NaN	NaN	NaN	NaN	NaN	NaN	NaN	NaN	NaN
SPIKE	S66:C>G	0	44147	0.0	-1.0	0.0	TRUE	C	2.046492E-4	0.0	0.0021588316	0.96739036	37.875584	0.23905097	0.15763067	162.0	1.0
SPIKE	S67:C>A	4	44147	9.060638E-5	-1.0	40.0	TRUE	C	8.734465E-5	25.0	0.0025761118	0.9859498	26.497751	0.15463853	0.16211416	162.0	0.0
SPIKE	S67:C>T	24	44147	5.436383E-4	73.49659	40.0	TRUE	C	1.3136781E-4	37.0	0.002285733	0.9789433	82.77995	0.1571022	0.13342445	162.0	0.0
SPIKE	S67:C>G	0	44147	0.0	-1.0	0.0	TRUE	C	2.046492E-4	0.0	0.0021588316	0.96739036	37.875584	0.23905097	0.15763067	162.0	1.0
SPIKE	S68:A>G	55	44147	0.0012458378	130.64134	40.0	TRUE	A	8.897995E-4	268.0	0.0023139792	0.86576	109.5743	0.14691451	0.12874407	162.0	0.0
SPIKE	S68:A>C	5	44147	1.1325798E-4	-1.0	40.0	TRUE	A	6.076915E-5	16.0	0.0040039695	0.9902037	38.07869	0.16834754	0.1490657	162.0	0.0
SPIKE	S68:A>T	19	44147	4.303803E-4	58.445087	40.0	TRUE	A	1.12367095E-4	6.0	0.0027426137	0.9819612	21.966862	0.22644621	0.14819978	162.0	1.0
SPIKE	S69:G>A	26	44147	5.889415E-4	79.51719	40.0	TRUE	G	1.3712708E-4	38.0	0.0023510747	0.9780303	82.77995	0.15968461	0.14243488	162.0	0.0
SPIKE	S69:G>C	1	44147	2.2651595E-5	4.2596874	40.0	TRUE	G	1.2908877E-4	23.0	0.0026433705	0.9793048	37.875584	0.2484342	0.1521356	162.0	0.0
SPIKE	S69:G>T	6	44147	1.3590958E-4	19.311188	40.0	TRUE	G	1.556246E-4	0.0	0.002759885	0.975104	26.497751	0.2599984	0.14084852	162.0	1.0
SPIKE	S70:C>A	3	44147	6.795479E-5	-1.0	40.0	TRUE	C	9.2577466E-5	2.0	0.0025761118	0.98511434	26.497751	0.15463853	0.16211416	162.0	1.0
SPIKE	S70:C>G	4	44147	9.060638E-5	13.290587	40.0	TRUE	C	2.046492E-4	4.0	0.0021588316	0.96739036	37.875584	0.23905097	0.15763067	162.0	1.0
SPIKE	S70:C>T	36	44147	8.1545743E-4	96.79472	40.0	TRUE	C	3.2309382E-4	91.0	0.002285733	0.949005	82.77995	0.1571022	0.13342445	162.0	0.0
SPIKE	S71:C>A	2	44147	4.530319E-5	-1.0	40.0	TRUE	C	9.2577466E-5	5.0	0.0025761118	0.98511434	26.497751	0.15463853	0.16211416	162.0	1.0
SPIKE	S71:C>T	31	44147	7.0219947E-4	94.56869	40.0	TRUE	C	2.094784E-4	59.0	0.002285733	0.96663386	82.77995	0.1571022	0.13342445	162.0	0.0
SPIKE	S71:C>G	0	44147	0.0	-1.0	0.0	TRUE	C	1.1887031E-4	22.0	0.0021588316	0.9809272	37.875584	0.23905097	0.15763067	162.0	0.0
SPIKE	S72:G>A	23	44147	5.209867E-4	70.48629	40.0	TRUE	G	2.489939E-4	69.0	0.0023510747	0.96046567	82.77995	0.15968461	0.14243488	162.0	0.0
SPIKE	S72:G>C	1	44147	2.2651595E-5	4.2596874	40.0	TRUE	G	2.1257882E-4	5.0	0.0026433705	0.96614844	37.875584	0.2484342	0.1521356	162.0	1.0
SPIKE	S72:G>T	2	44147	4.530319E-5	7.269987	40.0	TRUE	G	1.0571625E-4	18.0	0.002759885	0.98301977	26.497751	0.2599984	0.14084852	162.0	0.0
SPIKE	S73:T>A	6	44147	1.3590958E-4	-1.0	40.0	TRUE	T	5.4084892E-5	10.0	0.0026849906	0.9912765	21.966862	0.2394114	0.15269703	162.0	0.0
SPIKE	S73:T>G	4	44147	9.060638E-5	13.290587	40.0	TRUE	T	1.9257245E-4	36.0	0.0021294663	0.96928483	38.07869	0.23665662	0.13734365	162.0	0.0
SPIKE	S73:T>C	66	44147	0.0014950053	151.9501	40.0	TRUE	T	9.603941E-4	240.0	0.0022181321	0.8559153	109.5743	0.17705323	0.15313649	162.0	0.0
SPIKE	S74:G>A	23	44147	5.209867E-4	70.48629	40.0	TRUE	G	1.3351846E-4	37.0	0.0023510747	0.97860223	82.77995	0.15968461	0.14243488	162.0	0.0
SPIKE	S74:G>C	0	44147	0.0	-1.0	0.0	TRUE	G	2.1257882E-4	0.0	0.0026433705	0.96614844	37.875584	0.2484342	0.1521356	162.0	1.0
SPIKE	S74:G>T	0	44147	0.0	-1.0	0.0	TRUE	G	1.556246E-4	3.0	0.002759885	0.975104	26.497751	0.2599984	0.14084852	162.0	1.0
SPIKE	S75:G>A	23	44147	5.209867E-4	70.48629	40.0	TRUE	G	1.6960454E-4	47.0	0.0023510747	0.97289807	82.77995	0.15968461	0.14243488	162.0	0.0
SPIKE	S75:G>C	1	44147	2.2651595E-5	4.2596874	40.0	TRUE	G	2.1257882E-4	0.0	0.0026433705	0.96614844	37.875584	0.2484342	0.1521356	162.0	1.0
SPIKE	S75:G>T	0	44147	0.0	-1.0	0.0	TRUE	G	1.2333563E-4	21.0	0.002759885	0.98021793	26.497751	0.2599984	0.14084852	162.0	0.0
SPIKE	I76:>T	1	44147	2.2651595E-5	-1.0	39.997417	TRUE		NaN	NaN	NaN	NaN	NaN	NaN	NaN	NaN	NaN
SPIKE	S76:T>A	2	44147	4.530319E-5	7.269987	40.0	TRUE	T	1.1880754E-4	1.0	0.0026849906	0.98093724	21.966862	0.2394114	0.15269703	162.0	1.0
SPIKE	S76:T>G	19	44147	4.303803E-4	58.445087	39.63158	TRUE	T	1.5512781E-4	29.0	0.0021294663	0.9751824	38.07869	0.23665662	0.13734365	162.0	0.0
SPIKE	S76:T>C	60	44147	0.0013590958	171.7956	40.0	TRUE	T	3.881593E-4	97.0	0.0022181321	0.9390544	109.5743	0.17705323	0.15313649	162.0	0.0
SPIKE	D76-77:T>	1	44147	2.2651595E-5	-1.0	39.997417	TRUE		NaN	NaN	NaN	NaN	NaN	NaN	NaN	NaN	NaN
SPIKE	S77:T>A	3	44147	6.795479E-5	10.280287	40.0	TRUE	T	1.1880754E-4	0.0	0.0026849906	0.98093724	21.966862	0.2394114	0.15269703	162.0	1.0
SPIKE	S77:T>G	3	44147	6.795479E-5	10.280287	40.0	TRUE	T	2.0369184E-4	3.0	0.0021294663	0.96754044	38.07869	0.23665662	0.13734365	162.0	1.0
SPIKE	S77:T>C	36	44147	8.1545743E-4	109.620186	40.0	TRUE	T	1.3205419E-4	33.0	0.0022181321	0.97883445	109.5743	0.17705323	0.15313649	162.0	0.0
SPIKE	S78:T>A	1	44147	2.2651595E-5	4.2596874	40.0	TRUE	T	1.1880754E-4	1.0	0.0026849906	0.98093724	21.966862	0.2394114	0.15269703	162.0	1.0
SPIKE	S78:T>G	1	44147	2.2651595E-5	4.2596874	40.0	TRUE	T	1.4442933E-4	27.0	0.0021294663	0.97687405	38.07869	0.23665662	0.13734365	162.0	0.0
SPIKE	S78:T>C	69	44147	0.0015629601	213.7313	40.0	TRUE	T	1.240509E-4	31.0	0.0022181321	0.9801043	109.5743	0.17705323	0.15313649	162.0	0.0
SPIKE	S79:G>A	26	44147	5.889415E-4	79.51719	40.0	TRUE	G	1.4795289E-4	41.0	0.0023510747	0.9763166	82.77995	0.15968461	0.14243488	162.0	0.0
SPIKE	S79:G>C	0	44147	0.0	-1.0	0.0	TRUE	G	1.4592645E-4	26.0	0.0026433705	0.9766371	37.875584	0.2484342	0.1521356	162.0	0.0
SPIKE	S79:G>T	0	44147	0.0	-1.0	0.0	TRUE	G	1.556246E-4	5.0	0.002759885	0.975104	26.497751	0.2599984	0.14084852	162.0	1.0
SPIKE	S80:C>A	4	44147	9.060638E-5	-1.0	40.0	TRUE	C	9.2577466E-5	2.0	0.0025761118	0.98511434	26.497751	0.15463853	0.16211416	162.0	1.0
SPIKE	S80:C>T	30	44147	6.795479E-4	79.47218	40.0	TRUE	C	3.83452E-4	108.0	0.002285733	0.9397708	82.77995	0.1571022	0.13342445	162.0	0.0
SPIKE	S80:C>G	0	44147	0.0	-1.0	0.0	TRUE	C	1.458863E-4	27.0	0.0021588316	0.9766435	37.875584	0.23905097	0.15763067	162.0	0.0
SPIKE	S81:G>A	27	44147	6.115931E-4	82.52749	40.0	TRUE	G	2.4538528E-4	68.0	0.0023510747	0.9610273	82.77995	0.15968461	0.14243488	162.0	0.0
SPIKE	S81:G>T	1	44147	2.2651595E-5	4.2596874	40.0	TRUE	G	1.556246E-4	2.0	0.002759885	0.975104	26.497751	0.2599984	0.14084852	162.0	1.0
SPIKE	S81:G>C	0	44147	0.0	-1.0	0.0	TRUE	G	2.1257882E-4	4.0	0.0026433705	0.96614844	37.875584	0.2484342	0.1521356	162.0	1.0
SPIKE	S82:G>A	23	44147	5.209867E-4	70.48629	40.0	TRUE	G	2.6342832E-4	73.0	0.0023510747	0.9582224	82.77995	0.15968461	0.14243488	162.0	0.0
SPIKE	S82:G>T	1	44147	2.2651595E-5	4.2596874	40.0	TRUE	G	1.556246E-4	0.0	0.002759885	0.975104	26.497751	0.2599984	0.14084852	162.0	1.0
SPIKE	S82:G>C	2	44147	4.530319E-5	7.269987	40.0	TRUE	G	1.2908877E-4	23.0	0.0026433705	0.9793048	37.875584	0.2484342	0.1521356	162.0	0.0
SPIKE	S83:C>G	3	44147	6.795479E-5	10.280287	40.0	TRUE	C	1.404831E-4	26.0	0.0021588316	0.97749877	37.875584	0.23905097	0.15763067	162.0	0.0
SPIKE	S83:C>A	10	44147	2.2651596E-4	-1.0	40.0	TRUE	C	9.2577466E-5	2.0	0.0025761118	0.98511434	26.497751	0.15463853	0.16211416	162.0	1.0
SPIKE	S83:C>T	39	44147	8.8341226E-4	118.651085	40.0	TRUE	C	2.1657937E-4	61.0	0.002285733	0.9655225	82.77995	0.1571022	0.13342445	162.0	0.0
SPIKE	S84:G>A	22	44147	4.983351E-4	67.47598	40.0	TRUE	G	2.02082E-4	56.0	0.0023510747	0.9677928	82.77995	0.15968461	0.14243488	162.0	0.0
SPIKE	S84:G>C	0	44147	0.0	-1.0	0.0	TRUE	G	2.1257882E-4	4.0	0.0026433705	0.96614844	37.875584	0.2484342	0.1521356	162.0	1.0
SPIKE	S84:G>T	0	44147	0.0	-1.0	0.0	TRUE	G	1.556246E-4	1.0	0.002759885	0.975104	26.497751	0.2599984	0.14084852	162.0	1.0
SPIKE	S85:A>G	13	44147	2.9447075E-4	-1.0	39.615383	TRUE	A	6.30828E-5	19.0	0.0023139792	0.98983264	109.5743	0.14691451	0.12874407	162.0	0.0
SPIKE	S85:A>C	0	44147	0.0	-1.0	0.0	TRUE	A	7.975951E-5	21.0	0.0040039695	0.98716205	38.07869	0.16834754	0.1490657	162.0	0.0
SPIKE	S85:A>T	0	44147	0.0	-1.0	0.0	TRUE	A	1.125366E-4	22.0	0.0027426137	0.98193425	21.966862	0.22644621	0.14819978	162.0	0.0
SPIKE	S86:T>G	2	44147	4.530319E-5	7.269987	40.0	TRUE	T	2.0369184E-4	7.0	0.0021294663	0.96754044	38.07869	0.23665662	0.13734365	162.0	1.0
SPIKE	S86:T>A	2	44147	4.530319E-5	7.269987	40.0	TRUE	T	1.1880754E-4	4.0	0.0026849906	0.98093724	21.966862	0.2394114	0.15269703	162.0	1.0
SPIKE	S86:T>C	77	44147	0.0017441729	237.81369	40.0	TRUE	T	2.360969E-4	59.0	0.0022181321	0.9624745	109.5743	0.17705323	0.15313649	162.0	0.0
SPIKE	D86-87:T>	14	44147	3.1712235E-4	-1.0	39.99871	TRUE		NaN	NaN	NaN	NaN	NaN	NaN	NaN	NaN	NaN
SPIKE	S87:T>G	8	44147	1.8121276E-4	25.331787	40.0	TRUE	T	2.0369184E-4	2.0	0.0021294663	0.96754044	38.07869	0.23665662	0.13734365	162.0	1.0
SPIKE	S87:T>A	3	44147	6.795479E-5	10.280287	40.0	TRUE	T	1.1880754E-4	0.0	0.0026849906	0.98093724	21.966862	0.2394114	0.15269703	162.0	1.0
SPIKE	S87:T>C	51	44147	0.0011552314	154.77469	40.0	TRUE	T	1.3205419E-4	33.0	0.0022181321	0.97883445	109.5743	0.17705323	0.15313649	162.0	0.0
SPIKE	S88:T>G	2	44147	4.530319E-5	7.269987	40.0	TRUE	T	2.0369184E-4	0.0	0.0021294663	0.96754044	38.07869	0.23665662	0.13734365	162.0	1.0
SPIKE	S88:T>A	2	44147	4.530319E-5	7.269987	40.0	TRUE	T	1.4062072E-4	26.0	0.0026849906	0.97747695	21.966862	0.2394114	0.15269703	162.0	0.0
SPIKE	S88:T>C	52	44147	0.001177883	157.78499	40.0	TRUE	T	1.2805255E-4	32.0	0.0022181321	0.9794692	109.5743	0.17705323	0.15313649	162.0	0.0
SPIKE	S89:A>G	37	44147	8.3810906E-4	-1.0	40.0	TRUE	A	8.964398E-5	27.0	0.0023139792	0.9855826	109.5743	0.14691451	0.12874407	162.0	0.0
SPIKE	S89:A>C	1	44147	2.2651595E-5	4.2596874	40.0	TRUE	A	1.446256E-4	2.0	0.0040039695	0.976843	38.07869	0.16834754	0.1490657	162.0	1.0
SPIKE	S89:A>T	0	44147	0.0	-1.0	0.0	TRUE	A	1.8926611E-4	37.0	0.0027426137	0.96980417	21.966862	0.22644621	0.14819978	162.0	0.0
SPIKE	S90:T>G	2	44147	4.530319E-5	7.269987	40.0	TRUE	T	2.0369184E-4	1.0	0.0021294663	0.96754044	38.07869	0.23665662	0.13734365	162.0	1.0
SPIKE	S90:T>A	2	44147	4.530319E-5	7.269987	40.0	TRUE	T	1.1880754E-4	7.0	0.0026849906	0.98093724	21.966862	0.2394114	0.15269703	162.0	1.0
SPIKE	S90:T>C	49	44147	0.0011099282	148.75409	40.0	TRUE	T	2.5210346E-4	63.0	0.0022181321	0.959982	109.5743	0.17705323	0.15313649	162.0	0.0
SPIKE	S91:C>G	1	44147	2.2651595E-5	4.2596874	40.0	TRUE	C	1.6749908E-4	31.0	0.0021588316	0.97323	37.875584	0.23905097	0.15763067	162.0	0.0
SPIKE	S91:C>A	7	44147	1.5856118E-4	-1.0	40.0	TRUE	C	9.2577466E-5	0.0	0.0025761118	0.98511434	26.497751	0.15463853	0.16211416	162.0	1.0
SPIKE	S91:C>T	23	44147	5.209867E-4	70.48629	40.0	TRUE	C	1.9882697E-4	56.0	0.002285733	0.96830326	82.77995	0.1571022	0.13342445	162.0	0.0
SPIKE	S92:G>A	32	44147	7.2485104E-4	97.57899	40.0	TRUE	G	2.922972E-4	81.0	0.0023510747	0.9537515	82.77995	0.15968461	0.14243488	162.0	0.0
SPIKE	S92:G>T	2	44147	4.530319E-5	7.269987	40.0	TRUE	G	1.8794E-4	32.0	0.002759885	0.97001255	26.497751	0.2599984	0.14084852	162.0	0.0
SPIKE	S92:G>C	0	44147	0.0	-1.0	0.0	TRUE	G	2.1257882E-4	5.0	0.0026433705	0.96614844	37.875584	0.2484342	0.1521356	162.0	1.0
SPIKE	S93:T>G	1	44147	2.2651595E-5	-1.0	40.0	TRUE	T	6.419082E-5	12.0	0.0021294663	0.98965496	38.07869	0.23665662	0.13734365	162.0	0.0
SPIKE	S93:T>A	9	44147	2.0386436E-4	28.342087	40.0	TRUE	T	1.1880754E-4	6.0	0.0026849906	0.98093724	21.966862	0.2394114	0.15269703	162.0	1.0
SPIKE	S93:T>C	61	44147	0.0013817473	157.85266	40.0	TRUE	T	5.082085E-4	127.0	0.0022181321	0.9209682	109.5743	0.17705323	0.15313649	162.0	0.0
SPIKE	S94:C>A	5	44147	1.1325798E-4	-1.0	40.0	TRUE	C	9.2577466E-5	0.0	0.0025761118	0.98511434	26.497751	0.15463853	0.16211416	162.0	1.0
SPIKE	S94:C>T	32	44147	7.2485104E-4	97.57899	40.0	TRUE	C	1.7752407E-4	50.0	0.002285733	0.9716507	82.77995	0.1571022	0.13342445	162.0	0.0
SPIKE	S94:C>G	0	44147	0.0	-1.0	0.0	TRUE	C	1.6209588E-4	30.0	0.0021588316	0.97408223	37.875584	0.23905097	0.15763067	162.0	0.0
SPIKE	S95:G>A	38	44147	8.607606E-4	102.594444	40.0	TRUE	G	3.2838323E-4	91.0	0.0023510747	0.9481922	82.77995	0.15968461	0.14243488	162.0	0.0
SPIKE	S95:G>C	1	44147	2.2651595E-5	4.2596874	40.0	TRUE	G	2.1257882E-4	7.0	0.0026433705	0.96614844	37.875584	0.2484342	0.1521356	162.0	1.0
SPIKE	D95-98:GTC>	3	44147	6.795479E-5	-1.0	39.995243	TRUE		NaN	NaN	NaN	NaN	NaN	NaN	NaN	NaN	NaN
SPIKE	S95:G>T	0	44147	0.0	-1.0	0.0	TRUE	G	1.8794E-4	32.0	0.002759885	0.97001255	26.497751	0.2599984	0.14084852	162.0	0.0
SPIKE	S96:T>C	57	44147	0.0012911409	146.38963	40.0	TRUE	T	6.4026273E-4	160.0	0.0022181321	0.90147537	109.5743	0.17705323	0.15313649	162.0	0.0
SPIKE	S96:T>A	11	44147	2.4916756E-4	-1.0	40.0	TRUE	T	5.4084892E-5	10.0	0.0026849906	0.9912765	21.966862	0.2394114	0.15269703	162.0	0.0
SPIKE	S96:T>G	3	44147	6.795479E-5	-1.0	40.0	TRUE	T	5.3492346E-5	10.0	0.0021294663	0.9913717	38.07869	0.23665662	0.13734365	162.0	0.0
SPIKE	S97:C>T	23	44147	5.209867E-4	70.48629	40.0	TRUE	C	1.3846878E-4	39.0	0.002285733	0.9778178	82.77995	0.1571022	0.13342445	162.0	0.0
SPIKE	S97:C>A	3	44147	6.795479E-5	10.280287	40.0	TRUE	C	1.1529493E-4	33.0	0.0025761118	0.98149556	26.497751	0.15463853	0.16211416	162.0	0.0
SPIKE	S97:C>G	1	44147	2.2651595E-5	4.2596874	40.0	TRUE	C	2.046492E-4	0.0	0.0021588316	0.96739036	37.875584	0.23905097	0.15763067	162.0	1.0
SPIKE	S98:A>C	4	44147	9.060638E-5	13.290587	40.0	TRUE	A	1.446256E-4	5.0	0.0040039695	0.976843	38.07869	0.16834754	0.1490657	162.0	1.0
SPIKE	S98:A>G	58	44147	0.0013137925	180.618	40.0	TRUE	A	2.3905061E-4	72.0	0.0023139792	0.9620141	109.5743	0.14691451	0.12874407	162.0	0.0
SPIKE	I98:>GTC	2	44147	4.530319E-5	-1.0	39.992638	TRUE		NaN	NaN	NaN	NaN	NaN	NaN	NaN	NaN	NaN
SPIKE	D98-101:ATC>	5	44147	1.1325798E-4	-1.0	39.992638	TRUE		NaN	NaN	NaN	NaN	NaN	NaN	NaN	NaN	NaN
SPIKE	S98:A>T	0	44147	0.0	-1.0	0.0	TRUE	A	1.5857432E-4	31.0	0.0027426137	0.9746381	21.966862	0.22644621	0.14819978	162.0	0.0
SPIKE	S99:T>C	53	44147	0.0012005345	165.5665	40.0	TRUE	T	2.6010675E-4	65.0	0.0022181321	0.95873815	109.5743	0.17705323	0.15313649	162.0	0.0
SPIKE	S99:T>A	2	44147	4.530319E-5	7.269987	40.0	TRUE	T	1.1880754E-4	7.0	0.0026849906	0.98093724	21.966862	0.2394114	0.15269703	162.0	1.0
SPIKE	S99:T>G	0	44147	0.0	-1.0	0.0	TRUE	T	2.0369184E-4	1.0	0.0021294663	0.96754044	38.07869	0.23665662	0.13734365	162.0	1.0
SPIKE	S100:C>T	32	44147	7.2485104E-4	85.232124	40.0	TRUE	C	3.3374527E-4	94.0	0.002285733	0.94736886	82.77995	0.1571022	0.13342445	162.0	0.0
SPIKE	S100:C>A	4	44147	9.060638E-5	-1.0	40.0	TRUE	C	9.2577466E-5	1.0	0.0025761118	0.98511434	26.497751	0.15463853	0.16211416	162.0	1.0
SPIKE	S100:C>G	0	44147	0.0	-1.0	0.0	TRUE	C	3.2959497E-4	61.0	0.0021588316	0.94800603	37.875584	0.23905097	0.15763067	162.0	0.0
SPIKE	S101:G>C	2	44147	4.530319E-5	7.269987	40.0	TRUE	G	2.1257882E-4	6.0	0.0026433705	0.96614844	37.875584	0.2484342	0.1521356	162.0	1.0
SPIKE	S101:G>T	1	44147	2.2651595E-5	4.2596874	40.0	TRUE	G	1.5270125E-4	26.0	0.002759885	0.97556585	26.497751	0.2599984	0.14084852	162.0	0.0
SPIKE	S101:G>A	35	44147	7.9280586E-4	106.609886	40.0	TRUE	G	2.1290782E-4	59.0	0.0023510747	0.966097	82.77995	0.15968461	0.14243488	162.0	0.0
SPIKE	S102:T>C	73	44147	0.0016535665	210.09048	40.0	TRUE	T	3.80156E-4	95.0	0.0022181321	0.94027275	109.5743	0.17705323	0.15313649	162.0	0.0
SPIKE	S102:T>A	6	44147	1.3590958E-4	19.311188	40.0	TRUE	T	1.1880754E-4	2.0	0.0026849906	0.98093724	21.966862	0.2394114	0.15269703	162.0	1.0
SPIKE	S102:T>G	4	44147	9.060638E-5	13.290587	40.0	TRUE	T	1.9792169E-4	37.0	0.0021294663	0.96844524	38.07869	0.23665662	0.13734365	162.0	0.0
SPIKE	D102-104:TG>	1	44147	2.2651595E-5	-1.0	39.99513	TRUE		NaN	NaN	NaN	NaN	NaN	NaN	NaN	NaN	NaN
SPIKE	S103:G>A	22	44147	4.983351E-4	67.47598	40.0	TRUE	G	1.3712708E-4	38.0	0.0023510747	0.9780303	82.77995	0.15968461	0.14243488	162.0	0.0
SPIKE	D103-104:G>	1	44147	2.2651595E-5	-1.0	39.998165	TRUE		NaN	NaN	NaN	NaN	NaN	NaN	NaN	NaN	NaN
SPIKE	S103:G>C	0	44147	0.0	-1.0	0.0	TRUE	G	2.1257882E-4	3.0	0.0026433705	0.96614844	37.875584	0.2484342	0.1521356	162.0	1.0
SPIKE	S103:G>T	0	44147	0.0	-1.0	0.0	TRUE	G	1.556246E-4	5.0	0.002759885	0.975104	26.497751	0.2599984	0.14084852	162.0	1.0
SPIKE	S104:G>C	1	44147	2.2651595E-5	4.2596874	40.0	TRUE	G	1.5715156E-4	28.0	0.0026433705	0.97486275	37.875584	0.2484342	0.1521356	162.0	0.0
SPIKE	S104:G>A	19	44147	4.303803E-4	58.445087	40.0	TRUE	G	2.489939E-4	69.0	0.0023510747	0.96046567	82.77995	0.15968461	0.14243488	162.0	0.0
SPIKE	S104:G>T	0	44147	0.0	-1.0	0.0	TRUE	G	1.556246E-4	1.0	0.002759885	0.975104	26.497751	0.2599984	0.14084852	162.0	1.0
SPIKE	S105:C>T	31	44147	7.0219947E-4	82.3502	40.0	TRUE	C	4.615626E-4	130.0	0.002285733	0.92795396	82.77995	0.1571022	0.13342445	162.0	0.0
SPIKE	S105:C>A	7	44147	1.5856118E-4	-1.0	40.0	TRUE	C	9.2577466E-5	4.0	0.0025761118	0.98511434	26.497751	0.15463853	0.16211416	162.0	1.0
SPIKE	S105:C>G	4	44147	9.060638E-5	13.290587	40.0	TRUE	C	2.1072464E-4	39.0	0.0021588316	0.9664387	37.875584	0.23905097	0.15763067	162.0	0.0
SPIKE	D105-106:C>	1	44147	2.2651595E-5	-1.0	39.99556	TRUE		NaN	NaN	NaN	NaN	NaN	NaN	NaN	NaN	NaN
SPIKE	D105-107:CG>	1	44147	2.2651595E-5	-1.0	39.99556	TRUE		NaN	NaN	NaN	NaN	NaN	NaN	NaN	NaN	NaN
SPIKE	D106-109:GGC>	1	44147	2.2651595E-5	-1.0	39.997055	TRUE		NaN	NaN	NaN	NaN	NaN	NaN	NaN	NaN	NaN
SPIKE	S106:G>C	1	44147	2.2651595E-5	4.2596874	40.0	TRUE	G	2.1257882E-4	6.0	0.0026433705	0.96614844	37.875584	0.2484342	0.1521356	162.0	1.0
SPIKE	S106:G>A	35	44147	7.9280586E-4	93.899216	40.0	TRUE	G	3.8612096E-4	107.0	0.0023510747	0.9393646	82.77995	0.15968461	0.14243488	162.0	0.0
SPIKE	S106:G>T	0	44147	0.0	-1.0	0.0	TRUE	G	1.556246E-4	2.0	0.002759885	0.975104	26.497751	0.2599984	0.14084852	162.0	1.0
SPIKE	S107:G>C	1	44147	2.2651595E-5	4.2596874	40.0	TRUE	G	2.02052E-4	36.0	0.0026433705	0.96779746	37.875584	0.2484342	0.1521356	162.0	0.0
SPIKE	S107:G>A	31	44147	7.0219947E-4	82.3502	40.0	TRUE	G	4.3303287E-4	120.0	0.0023510747	0.93225276	82.77995	0.15968461	0.14243488	162.0	0.0
SPIKE	S107:G>T	0	44147	0.0	-1.0	0.0	TRUE	G	1.556246E-4	1.0	0.002759885	0.975104	26.497751	0.2599984	0.14084852	162.0	1.0
SPIKE	S108:C>T	20	44147	4.530319E-4	61.455387	40.0	TRUE	C	2.3788225E-4	67.0	0.002285733	0.9621962	82.77995	0.1571022	0.13342445	162.0	0.0
SPIKE	S108:C>A	3	44147	6.795479E-5	10.280287	40.0	TRUE	C	1.04813575E-4	30.0	0.0025761118	0.98316354	26.497751	0.15463853	0.16211416	162.0	0.0
SPIKE	S108:C>G	0	44147	0.0	-1.0	0.0	TRUE	C	2.046492E-4	8.0	0.0021588316	0.96739036	37.875584	0.23905097	0.15763067	162.0	1.0
SPIKE	S109:A>C	2	44147	4.530319E-5	7.269987	40.0	TRUE	A	1.446256E-4	9.0	0.0040039695	0.976843	38.07869	0.16834754	0.1490657	162.0	1.0
SPIKE	S109:A>T	1	44147	2.2651595E-5	4.2596874	40.0	TRUE	A	1.12367095E-4	1.0	0.0027426137	0.9819612	21.966862	0.22644621	0.14819978	162.0	1.0
SPIKE	S109:A>G	71	44147	0.0016082634	204.18887	40.0	TRUE	A	3.9509754E-4	119.0	0.0023139792	0.93799955	109.5743	0.14691451	0.12874407	162.0	0.0
SPIKE	S110:G>T	1	44147	2.2651595E-5	4.2596874	40.0	TRUE	G	1.644475E-4	28.0	0.002759885	0.97371125	26.497751	0.2599984	0.14084852	162.0	0.0
SPIKE	S110:G>A	18	44147	4.0772872E-4	55.434788	40.0	TRUE	G	2.2734224E-4	63.0	0.0023510747	0.9638405	82.77995	0.15968461	0.14243488	162.0	0.0
SPIKE	S110:G>C	0	44147	0.0	-1.0	0.0	TRUE	G	1.7398922E-4	31.0	0.0026433705	0.97220725	37.875584	0.2484342	0.1521356	162.0	0.0
SPIKE	S111:C>T	33	44147	7.4750267E-4	100.58929	40.0	TRUE	C	2.9468996E-4	83.0	0.002285733	0.95338184	82.77995	0.1571022	0.13342445	162.0	0.0
SPIKE	S111:C>A	5	44147	1.1325798E-4	-1.0	40.0	TRUE	C	9.2577466E-5	5.0	0.0025761118	0.98511434	26.497751	0.15463853	0.16211416	162.0	1.0
SPIKE	S111:C>G	0	44147	0.0	-1.0	0.0	TRUE	C	3.7282053E-4	69.0	0.0021588316	0.9413908	37.875584	0.23905097	0.15763067	162.0	0.0
SPIKE	S112:G>T	1	44141	2.2654674E-5	4.2596874	40.0	TRUE	G	1.52722E-4	26.0	0.002759885	0.9755626	26.49415	0.2599984	0.14084852	162.0	0.0
SPIKE	S112:G>A	28	44141	6.343309E-4	85.53779	40.0	TRUE	G	2.5263685E-4	70.0	0.0023510747	0.95989907	82.76871	0.15968461	0.14243488	162.0	0.0
SPIKE	S112:G>C	0	44141	0.0	-1.0	0.0	TRUE	G	2.1257882E-4	7.0	0.0026433705	0.96614844	37.870438	0.2484342	0.1521356	162.0	1.0
SPIKE	S113:T>C	93	44141	0.0021068847	255.50089	40.0	TRUE	T	5.523017E-4	138.0	0.0022181321	0.9144131	109.55941	0.17705323	0.15313649	162.0	0.0
SPIKE	S113:T>G	4	44141	9.06187E-5	13.290587	40.0	TRUE	T	2.1399847E-4	40.0	0.0021294663	0.9659263	38.073513	0.23665662	0.13734365	162.0	0.0
SPIKE	S113:T>A	3	44141	6.796402E-5	10.280287	40.0	TRUE	T	1.1880754E-4	9.0	0.0026849906	0.98093724	21.963877	0.2394114	0.15269703	162.0	1.0
SPIKE	D113-115:TG>	1	44141	2.2654674E-5	-1.0	39.99529	TRUE		NaN	NaN	NaN	NaN	NaN	NaN	NaN	NaN	NaN
SPIKE	S114:G>A	24	44141	5.437122E-4	73.49659	40.0	TRUE	G	2.4180954E-4	67.0	0.0023510747	0.9615842	82.76871	0.15968461	0.14243488	162.0	0.0
SPIKE	S114:G>C	0	44141	0.0	-1.0	0.0	TRUE	G	1.9085284E-4	34.0	0.0026433705	0.9695549	37.870438	0.2484342	0.1521356	162.0	0.0
SPIKE	S114:G>T	0	44141	0.0	-1.0	0.0	TRUE	G	1.556246E-4	9.0	0.002759885	0.975104	26.49415	0.2599984	0.14084852	162.0	1.0
SPIKE	S115:A>T	3	44141	6.796402E-5	10.280287	40.0	TRUE	A	1.6882786E-4	33.0	0.0027426137	0.9730205	21.963877	0.22644621	0.14819978	162.0	0.0
SPIKE	S115:A>C	6	44141	1.3592804E-4	19.311188	40.0	TRUE	A	1.4814494E-4	39.0	0.0040039695	0.97628623	38.073513	0.16834754	0.1490657	162.0	0.0
SPIKE	S115:A>G	75	44141	0.0016991006	215.99525	40.0	TRUE	A	4.3499842E-4	131.0	0.0023139792	0.93195593	109.55941	0.14691451	0.12874407	162.0	0.0
SPIKE	S116:C>T	7	44141	1.5858273E-4	-1.0	40.0	TRUE	C	8.8774104E-5	25.0	0.002285733	0.9857215	82.76871	0.1571022	0.13342445	162.0	0.0
SPIKE	S116:C>A	1	44141	2.2654674E-5	4.2596874	40.0	TRUE	C	1.5025321E-4	43.0	0.0025761118	0.9759528	26.49415	0.15463853	0.16211416	162.0	0.0
SPIKE	S116:C>G	0	44141	0.0	-1.0	0.0	TRUE	C	2.046492E-4	0.0	0.0021588316	0.96739036	37.870438	0.23905097	0.15763067	162.0	1.0
SPIKE	S117:C>T	28	44141	6.343309E-4	73.72888	40.0	TRUE	C	3.9060606E-4	110.0	0.002285733	0.9386823	82.76871	0.1571022	0.13342445	162.0	0.0
SPIKE	S117:C>A	3	44141	6.796402E-5	-1.0	40.0	TRUE	C	4.891965E-5	14.0	0.0025761118	0.9921063	26.49415	0.15463853	0.16211416	162.0	0.0
SPIKE	S117:C>G	0	44141	0.0	-1.0	0.0	TRUE	C	2.046492E-4	2.0	0.0021588316	0.96739036	37.870438	0.23905097	0.15763067	162.0	1.0
SPIKE	S118:T>C	52	44141	0.0011780431	143.39166	40.0	TRUE	T	4.282339E-4	107.0	0.0022181321	0.9329778	109.55941	0.17705323	0.15313649	162.0	0.0
SPIKE	S118:T>G	2	44141	4.530935E-5	7.269987	40.0	TRUE	T	1.6049885E-4	30.0	0.0021294663	0.9743343	38.073513	0.23665662	0.13734365	162.0	0.0
SPIKE	S118:T>A	9	44141	2.0389208E-4	28.342087	40.0	TRUE	T	2.434151E-4	45.0	0.0026849906	0.9613341	21.963877	0.2394114	0.15269703	162.0	0.0
SPIKE	S119:A>T	8	44141	1.812374E-4	18.199682	40.0	TRUE	A	3.530037E-4	69.0	0.0027426137	0.94441783	21.963877	0.22644621	0.14819978	162.0	0.0
SPIKE	S119:A>C	3	44141	6.796402E-5	-1.0	40.0	TRUE	A	7.5971766E-5	20.0	0.0040039695	0.987768	38.073513	0.16834754	0.1490657	162.0	0.0
SPIKE	S119:A>G	44	44141	9.968057E-4	133.70259	40.0	TRUE	A	2.324419E-4	70.0	0.0023139792	0.9630446	109.55941	0.14691451	0.12874407	162.0	0.0
SPIKE	S120:T>C	81	44141	0.0018350286	249.85489	40.0	TRUE	T	2.561399E-4	64.0	0.0022181321	0.95935446	109.55941	0.17705323	0.15313649	162.0	0.0
SPIKE	S120:T>G	3	44141	6.796402E-5	6.0206	40.0	TRUE	T	3.4774753E-4	65.0	0.0021294663	0.9452223	38.073513	0.23665662	0.13734365	162.0	0.0
SPIKE	S120:T>A	3	44141	6.796402E-5	-1.0	40.0	TRUE	T	8.1138365E-5	15.0	0.0026849906	0.9869416	21.963877	0.2394114	0.15269703	162.0	0.0
SPIKE	S121:G>C	1	44141	2.2654674E-5	4.2596874	40.0	TRUE	G	2.1257882E-4	1.0	0.0026433705	0.96614844	37.870438	0.2484342	0.1521356	162.0	1.0
SPIKE	S121:G>A	28	44141	6.343309E-4	85.53779	40.0	TRUE	G	1.7323668E-4	48.0	0.0023510747	0.9723258	82.76871	0.15968461	0.14243488	162.0	0.0
SPIKE	S121:G>T	0	44141	0.0	-1.0	0.0	TRUE	G	4.4641818E-4	76.0	0.002759885	0.9302334	26.49415	0.2599984	0.14084852	162.0	0.0
SPIKE	S122:T>C	83	44141	0.001880338	214.80594	40.0	TRUE	T	7.6041534E-4	190.0	0.0022181321	0.88409805	109.55941	0.17705323	0.15313649	162.0	0.0
SPIKE	S122:T>G	2	44141	4.530935E-5	3.9120662	40.0	TRUE	T	4.4404683E-4	83.0	0.0021294663	0.9305908	38.073513	0.23665662	0.13734365	162.0	0.0
SPIKE	S122:T>A	3	44141	6.796402E-5	10.280287	40.0	TRUE	T	1.0818449E-4	20.0	0.0026849906	0.9826268	21.963877	0.2394114	0.15269703	162.0	0.0
SPIKE	S123:G>A	30	44141	6.796402E-4	-1.0	40.0	TRUE	G	9.7445634E-5	27.0	0.0023510747	0.98433775	82.76871	0.15968461	0.14243488	162.0	0.0
SPIKE	S123:G>C	0	44141	0.0	-1.0	0.0	TRUE	G	1.6278624E-4	29.0	0.0026433705	0.97397333	37.870438	0.2484342	0.1521356	162.0	0.0
SPIKE	S123:G>T	0	44141	0.0	-1.0	0.0	TRUE	G	2.995701E-4	51.0	0.002759885	0.95262843	26.49415	0.2599984	0.14084852	162.0	0.0
SPIKE	S124:T>C	90	44141	0.0020389208	246.7502	40.0	TRUE	T	5.0427543E-4	126.0	0.0022181321	0.92155516	109.55941	0.17705323	0.15313649	162.0	0.0
SPIKE	S124:T>G	2	44141	4.530935E-5	3.9120662	40.0	TRUE	T	4.493968E-4	84.0	0.0021294663	0.92978466	38.073513	0.23665662	0.13734365	162.0	0.0
SPIKE	S124:T>A	1	44141	2.2654674E-5	4.2596874	40.0	TRUE	T	1.1880754E-4	7.0	0.0026849906	0.98093724	21.963877	0.2394114	0.15269703	162.0	1.0
SPIKE	D124-126:TG>	7	44141	1.5858273E-4	-1.0	39.990147	TRUE		NaN	NaN	NaN	NaN	NaN	NaN	NaN	NaN	NaN
SPIKE	S125:G>A	31	44141	7.022949E-4	94.56869	40.0	TRUE	G	2.2015495E-4	61.0	0.0023510747	0.9649634	82.76871	0.15968461	0.14243488	162.0	0.0
SPIKE	S125:G>C	0	44141	0.0	-1.0	0.0	TRUE	G	1.6278624E-4	29.0	0.0026433705	0.97397333	37.870438	0.2484342	0.1521356	162.0	0.0
SPIKE	S125:G>T	0	44141	0.0	-1.0	0.0	TRUE	G	6.461316E-5	11.0	0.002759885	0.98958725	26.49415	0.2599984	0.14084852	162.0	0.0
SPIKE	S126:C>T	39	44141	8.8353234E-4	105.49838	40.0	TRUE	C	3.9060606E-4	110.0	0.002285733	0.9386823	82.76871	0.1571022	0.13342445	162.0	0.0
SPIKE	S126:C>G	6	44141	1.3592804E-4	13.113299	40.0	TRUE	C	3.0802403E-4	57.0	0.0021588316	0.95132464	37.870438	0.23905097	0.15763067	162.0	0.0
SPIKE	S126:C>A	2	44141	4.530935E-5	7.269987	40.0	TRUE	C	1.432647E-4	41.0	0.0025761118	0.97705835	26.49415	0.15463853	0.16211416	162.0	0.0
SPIKE	D126-127:C>	1	44141	2.2654674E-5	-1.0	39.995785	TRUE		NaN	NaN	NaN	NaN	NaN	NaN	NaN	NaN	NaN
SPIKE	S127:G>A	22	44140	4.9841416E-4	67.47598	40.0	TRUE	G	1.8767733E-4	52.0	0.0023510747	0.9700538	82.76683	0.15968461	0.14243488	162.0	0.0
SPIKE	S127:G>C	0	44140	0.0	-1.0	0.0	TRUE	G	1.4033614E-4	25.0	0.0026433705	0.977522	37.86958	0.2484342	0.1521356	162.0	0.0
SPIKE	S127:G>T	0	44140	0.0	-1.0	0.0	TRUE	G	1.556246E-4	5.0	0.002759885	0.975104	26.49355	0.2599984	0.14084852	162.0	1.0
SPIKE	S128:G>A	30	44140	6.7965564E-4	91.55839	40.0	TRUE	G	2.490334E-4	69.0	0.0023510747	0.96045953	82.76683	0.15968461	0.14243488	162.0	0.0
SPIKE	S128:G>T	1	44140	2.2655187E-5	4.2596874	40.0	TRUE	G	1.556246E-4	0.0	0.002759885	0.975104	26.49355	0.2599984	0.14084852	162.0	1.0
SPIKE	S128:G>C	0	44140	0.0	-1.0	0.0	TRUE	G	1.7963027E-4	32.0	0.0026433705	0.9713192	37.86958	0.2484342	0.1521356	162.0	0.0
SPIKE	S129:C>A	3	44140	6.7965564E-5	6.0206	40.0	TRUE	C	3.319623E-4	95.0	0.0025761118	0.94764256	26.49355	0.15463853	0.16211416	162.0	0.0
SPIKE	S129:C>T	31	44140	7.023108E-4	82.3502	40.0	TRUE	C	3.2669608E-4	92.0	0.002285733	0.94845134	82.76683	0.1571022	0.13342445	162.0	0.0
SPIKE	S129:C>G	0	44140	0.0	-1.0	0.0	TRUE	C	3.1343507E-4	58.0	0.0021588316	0.9504911	37.86958	0.23905097	0.15763067	162.0	0.0
SPIKE	S130:G>A	39	44140	8.8355236E-4	105.49838	40.0	TRUE	G	3.5369958E-4	98.0	0.0023510747	0.9443114	82.76683	0.15968461	0.14243488	162.0	0.0
SPIKE	S130:G>T	2	44140	4.5310375E-5	7.269987	40.0	TRUE	G	1.556246E-4	2.0	0.002759885	0.975104	26.49355	0.2599984	0.14084852	162.0	1.0
SPIKE	D130-133:GGC>	16	44140	3.62483E-4	-1.0	39.98385	TRUE		NaN	NaN	NaN	NaN	NaN	NaN	NaN	NaN	NaN
SPIKE	S130:G>C	0	44140	0.0	-1.0	0.0	TRUE	G	1.4594958E-4	26.0	0.0026433705	0.9766335	37.86958	0.2484342	0.1521356	162.0	0.0
SPIKE	S131:G>A	24	44140	5.437245E-4	62.301826	40.0	TRUE	G	4.6558413E-4	129.0	0.0023510747	0.9273496	82.76683	0.15968461	0.14243488	162.0	0.0
SPIKE	S131:G>C	11	44140	2.4920708E-4	34.362686	40.0	TRUE	G	1.8524371E-4	33.0	0.0026433705	0.97043633	37.86958	0.2484342	0.1521356	162.0	0.0
SPIKE	S131:G>T	0	44140	0.0	-1.0	0.0	TRUE	G	1.556246E-4	1.0	0.002759885	0.975104	26.49355	0.2599984	0.14084852	162.0	1.0
SPIKE	S132:C>A	2	44140	4.5310375E-5	3.9120662	40.0	TRUE	C	4.4378117E-4	127.0	0.0025761118	0.93063086	26.49355	0.15463853	0.16211416	162.0	0.0
SPIKE	S132:C>T	28	44140	6.343453E-4	85.53779	40.0	TRUE	C	2.9118566E-4	82.0	0.002285733	0.9539232	82.76683	0.1571022	0.13342445	162.0	0.0
SPIKE	S132:C>G	0	44140	0.0	-1.0	0.0	TRUE	C	1.9454591E-4	36.0	0.0021588316	0.968975	37.86958	0.23905097	0.15763067	162.0	0.0
SPIKE	S133:A>G	4	44139	9.062281E-5	13.290587	40.0	TRUE	A	2.224902E-4	67.0	0.0023139792	0.9645984	109.55445	0.14691451	0.12874407	162.0	0.0
SPIKE	S133:A>C	0	44139	0.0	-1.0	0.0	TRUE	A	6.1539916E-4	162.0	0.0040039695	0.90511376	38.07179	0.16834754	0.1490657	162.0	0.0
SPIKE	S133:A>T	0	44139	0.0	-1.0	0.0	TRUE	A	1.12367095E-4	1.0	0.0027426137	0.9819612	21.962881	0.22644621	0.14819978	162.0	1.0
SPIKE	S134:G>A	97	44139	0.002197603	281.11774	40.0	TRUE	G	4.908595E-4	136.0	0.0023510747	0.92356026	82.76495	0.15968461	0.14243488	162.0	0.0
SPIKE	S134:G>C	1	44139	2.2655702E-5	2.0412	40.0	TRUE	G	3.704958E-4	66.0	0.0026433705	0.9417454	37.86872	0.2484342	0.1521356	162.0	0.0
SPIKE	S134:G>T	0	44139	0.0	-1.0	0.0	TRUE	G	3.0545786E-4	52.0	0.002759885	0.95172024	26.492949	0.2599984	0.14084852	162.0	0.0
SPIKE	I135:>C	3	44138	6.796864E-5	-1.0	39.99683	TRUE		NaN	NaN	NaN	NaN	NaN	NaN	NaN	NaN	NaN
SPIKE	S135:C>A	8	44138	1.8124972E-4	25.331787	40.0	TRUE	C	1.3628544E-4	39.0	0.0025761118	0.9781637	26.49235	0.15463853	0.16211416	162.0	0.0
SPIKE	S135:C>G	2	44138	4.531243E-5	3.9120662	40.0	TRUE	C	3.1885356E-4	59.0	0.0021588316	0.94965714	37.867863	0.23905097	0.15763067	162.0	0.0
SPIKE	S135:C>T	30	44138	6.7968643E-4	79.47218	40.0	TRUE	C	4.4034948E-4	124.0	0.002285733	0.9311484	82.76308	0.1571022	0.13342445	162.0	0.0
SPIKE	D135-136:C>	41	44138	9.289048E-4	-1.0	39.99683	TRUE		NaN	NaN	NaN	NaN	NaN	NaN	NaN	NaN	NaN
SPIKE	S136:C>A	2	44138	4.531243E-5	3.9120662	40.0	TRUE	C	4.333178E-4	124.0	0.0025761118	0.93220973	26.49235	0.15463853	0.16211416	162.0	0.0
SPIKE	S136:C>T	35	44138	7.929675E-4	93.899216	40.0	TRUE	C	4.1549103E-4	117.0	0.002285733	0.93490577	82.76308	0.1571022	0.13342445	162.0	0.0
SPIKE	S136:C>G	0	44138	0.0	-1.0	0.0	TRUE	C	1.1889455E-4	22.0	0.0021588316	0.9809234	37.867863	0.23905097	0.15763067	162.0	0.0
SPIKE	I137:>T	7	44129	1.5862584E-4	-1.0	39.40368	TRUE		NaN	NaN	NaN	NaN	NaN	NaN	NaN	NaN	NaN
SPIKE	S137:T>A	1	44129	2.2660835E-5	4.2596874	39.0	TRUE	T	1.298567E-4	24.0	0.0026849906	0.97918296	21.957907	0.2394114	0.15269703	162.0	0.0
SPIKE	S137:T>C	5	44129	1.1330417E-4	10.658173	36.0	TRUE	T	3.4027832E-4	85.0	0.0022181321	0.9463668	109.529625	0.17705323	0.15313649	162.0	0.0
SPIKE	D137-138:T>	15	44129	3.3991254E-4	-1.0	39.40368	TRUE		NaN	NaN	NaN	NaN	NaN	NaN	NaN	NaN	NaN
SPIKE	D137-139:TG>	1	44129	2.2660835E-5	-1.0	39.40368	TRUE		NaN	NaN	NaN	NaN	NaN	NaN	NaN	NaN	NaN
SPIKE	S137:T>G	0	44129	0.0	-1.0	0.0	TRUE	T	3.85302E-4	72.0	0.0021294663	0.93948925	38.063164	0.23665662	0.13734365	162.0	0.0
SPIKE	I138:>G	1	44128	2.2661348E-5	-1.0	39.330948	TRUE		NaN	NaN	NaN	NaN	NaN	NaN	NaN	NaN	NaN
SPIKE	S138:G>A	16	44128	3.6258157E-4	39.792072	38.5	TRUE	G	4.1155834E-4	114.0	0.0023510747	0.9355016	82.74432	0.15968461	0.14243488	162.0	0.0
SPIKE	S138:G>C	2	44128	4.5322697E-5	-1.0	37.5	TRUE	G	7.860961E-5	14.0	0.0026433705	0.987346	37.859283	0.2484342	0.1521356	162.0	0.0
SPIKE	D138-139:G>	13	44128	2.9459753E-4	-1.0	39.330948	TRUE		NaN	NaN	NaN	NaN	NaN	NaN	NaN	NaN	NaN
SPIKE	I138:>CT	1	44128	2.2661348E-5	-1.0	39.330948	TRUE		NaN	NaN	NaN	NaN	NaN	NaN	NaN	NaN	NaN
SPIKE	D138-140:GA>	3	44128	6.7984045E-5	-1.0	39.330948	TRUE		NaN	NaN	NaN	NaN	NaN	NaN	NaN	NaN	NaN
SPIKE	D138-142:GATT>	1	44128	2.2661348E-5	-1.0	39.330948	TRUE		NaN	NaN	NaN	NaN	NaN	NaN	NaN	NaN	NaN
SPIKE	D138-141:GAT>	1	44128	2.2661348E-5	-1.0	39.330948	TRUE		NaN	NaN	NaN	NaN	NaN	NaN	NaN	NaN	NaN
SPIKE	S138:G>T	0	44128	0.0	-1.0	0.0	TRUE	G	5.7581405E-4	98.0	0.002759885	0.9109367	26.486347	0.2599984	0.14084852	162.0	0.0
SPIKE	S139:A>G	3	44126	6.798713E-5	10.280287	39.333332	TRUE	A	1.8269502E-4	55.0	0.0023139792	0.9708371	109.52219	0.14691451	0.12874407	162.0	0.0
SPIKE	S139:A>C	1	44126	2.2662376E-5	1.0720997	37.0	TRUE	A	5.05384E-4	133.0	0.0040039695	0.9213897	38.060577	0.16834754	0.1490657	162.0	0.0
SPIKE	D139-140:A>	27	44126	6.1188417E-4	-1.0	39.008022	TRUE		NaN	NaN	NaN	NaN	NaN	NaN	NaN	NaN	NaN
SPIKE	D139-141:AT>	3	44126	6.798713E-5	-1.0	39.008022	TRUE		NaN	NaN	NaN	NaN	NaN	NaN	NaN	NaN	NaN
SPIKE	I139:>A	4	44126	9.0649504E-5	-1.0	39.008022	TRUE		NaN	NaN	NaN	NaN	NaN	NaN	NaN	NaN	NaN
SPIKE	D139-143:ATTA>	1	44126	2.2662376E-5	-1.0	39.008022	TRUE		NaN	NaN	NaN	NaN	NaN	NaN	NaN	NaN	NaN
SPIKE	S139:A>T	0	44126	0.0	-1.0	0.0	TRUE	A	5.322444E-4	104.0	0.0027426137	0.9173891	21.956413	0.22644621	0.14819978	162.0	0.0
SPIKE	I140:>T	22	44126	4.9857225E-4	-1.0	39.28278	TRUE		NaN	NaN	NaN	NaN	NaN	NaN	NaN	NaN	NaN
SPIKE	D140-144:TTAG>	1	44126	2.2662376E-5	-1.0	39.28278	TRUE		NaN	NaN	NaN	NaN	NaN	NaN	NaN	NaN	NaN
SPIKE	D140-143:TTA>	3	44126	6.798713E-5	-1.0	39.28278	TRUE		NaN	NaN	NaN	NaN	NaN	NaN	NaN	NaN	NaN
SPIKE	S140:T>G	5	44126	1.1331188E-4	10.658173	39.0	TRUE	T	3.532175E-4	66.0	0.0021294663	0.9443851	38.060577	0.23665662	0.13734365	162.0	0.0
SPIKE	S140:T>C	1	44126	2.2662376E-5	-1.0	35.0	TRUE	T	8.007093E-5	20.0	0.0022181321	0.9871123	109.52219	0.17705323	0.15313649	162.0	0.0
SPIKE	D140-141:T>	46	44126	0.0010424693	-1.0	39.28278	TRUE		NaN	NaN	NaN	NaN	NaN	NaN	NaN	NaN	NaN
SPIKE	D140-142:TT>	4	44126	9.0649504E-5	-1.0	39.28278	TRUE		NaN	NaN	NaN	NaN	NaN	NaN	NaN	NaN	NaN
SPIKE	S140:T>A	0	44126	0.0	-1.0	0.0	TRUE	T	4.5994038E-4	85.0	0.0026849906	0.92819786	21.956413	0.2394114	0.15269703	162.0	0.0
SPIKE	S141:T>A	1	44118	2.2666485E-5	0.57991946	40.0	TRUE	T	7.7392237E-4	143.0	0.0026849906	0.8821657	21.952433	0.2394114	0.15269703	162.0	0.0
SPIKE	S141:T>G	6	44118	1.3599891E-4	13.113299	38.666668	TRUE	T	3.3187054E-4	62.0	0.0021294663	0.94765663	38.053677	0.23665662	0.13734365	162.0	0.0
SPIKE	S141:T>C	3	44118	6.7999455E-5	6.0206	37.0	TRUE	T	3.3235463E-4	83.0	0.0022181321	0.94758236	109.50233	0.17705323	0.15313649	162.0	0.0
SPIKE	I141:>GAT	1	44118	2.2666485E-5	-1.0	39.39691	TRUE		NaN	NaN	NaN	NaN	NaN	NaN	NaN	NaN	NaN
SPIKE	S142:A>G	3	44108	6.801487E-5	2.3797824	40.0	TRUE	A	8.7397086E-4	263.0	0.0023139792	0.86798286	109.47751	0.14691451	0.12874407	162.0	0.0
SPIKE	S142:A>T	2	44108	4.5343248E-5	2.2639637	38.0	TRUE	A	5.2222196E-4	102.0	0.0027426137	0.9188798	21.947456	0.22644621	0.14819978	162.0	0.0
SPIKE	D142-143:A>	26	44108	5.8946223E-4	-1.0	39.07366	TRUE		NaN	NaN	NaN	NaN	NaN	NaN	NaN	NaN	NaN
SPIKE	I142:>A	7	44108	1.5870137E-4	-1.0	39.07366	TRUE		NaN	NaN	NaN	NaN	NaN	NaN	NaN	NaN	NaN
SPIKE	D142-144:AG>	1	44108	2.2671624E-5	-1.0	39.07366	TRUE		NaN	NaN	NaN	NaN	NaN	NaN	NaN	NaN	NaN
SPIKE	D142-145:AGC>	1	44108	2.2671624E-5	-1.0	39.07366	TRUE		NaN	NaN	NaN	NaN	NaN	NaN	NaN	NaN	NaN
SPIKE	S142:A>C	0	44108	0.0	-1.0	0.0	TRUE	A	3.8394445E-4	101.0	0.0040039695	0.9396959	38.04505	0.16834754	0.1490657	162.0	0.0
SPIKE	I143:>G	3	44107	6.8016416E-5	-1.0	39.25132	TRUE		NaN	NaN	NaN	NaN	NaN	NaN	NaN	NaN	NaN
SPIKE	S143:G>A	14	44107	3.1740993E-4	27.870962	37.857143	TRUE	G	5.381701E-4	149.0	0.0023510747	0.91650885	82.70495	0.15968461	0.14243488	162.0	0.0
SPIKE	S143:G>C	1	44107	2.2672139E-5	0.09432235	38.0	TRUE	G	0.0014718231	262.0	0.0026433705	0.7878596	37.841267	0.2484342	0.1521356	162.0	0.0
SPIKE	D143-144:G>	16	44107	3.6275422E-4	-1.0	39.25132	TRUE		NaN	NaN	NaN	NaN	NaN	NaN	NaN	NaN	NaN
SPIKE	D143-145:GC>	1	44107	2.2672139E-5	-1.0	39.25132	TRUE		NaN	NaN	NaN	NaN	NaN	NaN	NaN	NaN	NaN
SPIKE	S143:G>T	0	44107	0.0	-1.0	0.0	TRUE	G	1.5871819E-4	27.0	0.002759885	0.9746154	26.473742	0.2599984	0.14084852	162.0	0.0
SPIKE	I144:>C	11	44106	2.4939916E-4	-1.0	39.32558	TRUE		NaN	NaN	NaN	NaN	NaN	NaN	NaN	NaN	NaN
SPIKE	S144:C>G	2	44106	4.5345303E-5	0.7986036	39.0	TRUE	C	9.1939716E-4	170.0	0.0021588316	0.8616188	37.84041	0.23905097	0.15763067	162.0	0.0
SPIKE	S144:C>T	19	44106	4.307804E-4	40.675655	38.210526	TRUE	C	5.295135E-4	149.0	0.002285733	0.91779506	82.70307	0.1571022	0.13342445	162.0	0.0
SPIKE	D144-145:C>	52	44106	0.0011789779	-1.0	39.32558	TRUE		NaN	NaN	NaN	NaN	NaN	NaN	NaN	NaN	NaN
SPIKE	S144:C>A	0	44106	0.0	-1.0	0.0	TRUE	C	9.791694E-5	28.0	0.0025761118	0.9842626	26.473143	0.15463853	0.16211416	162.0	0.0
SPIKE	S145:C>G	2	44101	4.5350447E-5	3.9120662	38.5	TRUE	C	3.1912109E-4	59.0	0.0021588316	0.94961596	37.83612	0.23905097	0.15763067	162.0	0.0
SPIKE	S145:C>A	3	44101	6.802567E-5	-1.0	38.333332	TRUE	C	6.6451175E-5	19.0	0.0025761118	0.9892926	26.47014	0.15463853	0.16211416	162.0	0.0
SPIKE	S145:C>T	11	44101	2.4942745E-4	26.1236	37.636364	TRUE	C	4.5138146E-4	127.0	0.002285733	0.92948574	82.6937	0.1571022	0.13342445	162.0	0.0
SPIKE	I145:>AC	1	44101	2.2675224E-5	-1.0	39.366978	TRUE		NaN	NaN	NaN	NaN	NaN	NaN	NaN	NaN	NaN
SPIKE	I146:>T	1	44086	2.2682938E-5	-1.0	39.211792	TRUE		NaN	NaN	NaN	NaN	NaN	NaN	NaN	NaN	NaN
SPIKE	S146:C>T	11	44086	2.4951232E-4	20.53052	39.272728	TRUE	C	5.6886306E-4	160.0	0.002285733	0.91196305	82.66557	0.1571022	0.13342445	162.0	0.0
SPIKE	S146:C>A	0	44086	0.0	-1.0	0.0	TRUE	C	1.3294756E-4	38.0	0.0025761118	0.97869277	26.461138	0.15463853	0.16211416	162.0	0.0
SPIKE	S146:C>G	0	44086	0.0	-1.0	0.0	TRUE	C	0.0015961484	295.0	0.0021588316	0.77215034	37.82325	0.23905097	0.15763067	162.0	0.0
SPIKE	S147:G>A	19	44061	4.3122037E-4	48.1648	38.31579	TRUE	G	4.5557198E-4	126.0	0.0023510747	0.928855	82.6187	0.15968461	0.14243488	162.0	0.0
SPIKE	S147:G>C	0	44061	0.0	-1.0	0.0	TRUE	G	0.0013159014	234.0	0.0026433705	0.8080139	37.8018	0.2484342	0.1521356	162.0	0.0
SPIKE	S147:G>T	0	44061	0.0	-1.0	0.0	TRUE	G	0.0014181858	241.0	0.002759885	0.7947354	26.446133	0.2599984	0.14084852	162.0	0.0
SPIKE	S148:T>A	1	44047	2.2703021E-5	4.2596874	38.0	TRUE	T	1.1880754E-4	4.0	0.0026849906	0.98093724	21.917105	0.2394114	0.15269703	162.0	1.0
SPIKE	S148:T>G	0	44047	0.0	-1.0	0.0	TRUE	T	0.0021391902	399.0	0.0021294663	0.7071243	37.992435	0.23665662	0.13734365	162.0	0.0
SPIKE	S148:T>C	0	44047	0.0	-1.0	0.0	TRUE	T	5.5348035E-4	138.0	0.0022181321	0.9142385	109.3261	0.17705323	0.15313649	162.0	0.0
SPIKE	S149:G>A	17	44011	3.8626706E-4	42.57172	37.764706	TRUE	G	4.7418833E-4	131.0	0.0023510747	0.92605793	82.52494	0.15968461	0.14243488	162.0	0.0
SPIKE	S149:G>C	1	44011	2.2721591E-5	0.09432235	36.0	TRUE	G	0.0014412542	256.0	0.0026433705	0.79177094	37.758904	0.2484342	0.1521356	162.0	0.0
SPIKE	S149:G>T	0	44011	0.0	-1.0	0.0	TRUE	G	0.0011900374	202.0	0.002759885	0.8246584	26.41612	0.2599984	0.14084852	162.0	0.0
SPIKE	S150:C>A	0	43950	0.0	-1.0	0.0	TRUE	C	3.5094465E-5	10.0	0.0025761118	0.9943308	26.379509	0.15463853	0.16211416	162.0	0.0
SPIKE	S150:C>G	0	43950	0.0	-1.0	0.0	TRUE	C	0.001503394	277.0	0.0021588316	0.7838404	37.70657	0.23905097	0.15763067	162.0	0.0
SPIKE	S150:C>T	0	43950	0.0	-1.0	0.0	TRUE	C	0.0011804771	331.0	0.002285733	0.82593656	82.41056	0.1571022	0.13342445	162.0	0.0
SPIKE	S151:T>A	0	43897	0.0	-1.0	0.0	TRUE	T	5.4392913E-5	10.0	0.0026849906	0.99122703	21.842466	0.2394114	0.15269703	162.0	0.0
SPIKE	S151:T>G	0	43897	0.0	-1.0	0.0	TRUE	T	0.001861376	346.0	0.0021294663	0.73967606	37.863052	0.23665662	0.13734365	162.0	0.0
SPIKE	S151:T>C	0	43897	0.0	-1.0	0.0	TRUE	T	0.0016137973	401.0	0.0022181321	0.7699458	108.9538	0.17705323	0.15313649	162.0	0.0
SPIKE	S152:G>A	0	43788	0.0	-1.0	0.0	TRUE	G	3.929248E-4	108.0	0.0023510747	0.93832976	82.1068	0.15968461	0.14243488	162.0	0.0
SPIKE	S152:G>C	0	43788	0.0	-1.0	0.0	TRUE	G	9.053713E-5	16.0	0.0026433705	0.98544	37.56758	0.2484342	0.1521356	162.0	0.0
SPIKE	S152:G>T	0	43788	0.0	-1.0	0.0	TRUE	G	0.0010243808	173.0	0.002759885	0.8470889	26.282272	0.2599984	0.14084852	162.0	0.0
SPIKE	S153:G>A	0	43577	0.0	-1.0	0.0	TRUE	G	2.4128339E-4	66.0	0.0023510747	0.96166617	81.71115	0.15968461	0.14243488	162.0	0.0
SPIKE	S153:G>C	0	43577	0.0	-1.0	0.0	TRUE	G	7.39176E-5	13.0	0.0026433705	0.9880968	37.38656	0.2484342	0.1521356	162.0	0.0
SPIKE	S153:G>T	0	43577	0.0	-1.0	0.0	TRUE	G	1.13049E-4	19.0	0.002759885	0.98185277	26.155628	0.2599984	0.14084852	162.0	0.0
