#pipeline_block
reference	mutation	count	coverage	freq	score	cqs	has.reference	ancestral.allele	error.rate	minor.count.local	minor.fdr	minor.recall	minor.count.global	read.fraction.in.minors	q.filtered.read.fraction	global.est
SPIKE	S0:T>A	0	53360	0.0	9999.0	0.0	TRUE	T	2.6048929E-5	6.0	0.001658627	0.9955296	60.808075	0.022896303	0.9883488	1.0
SPIKE	S0:T>G	0	53360	0.0	9999.0	0.0	TRUE	T	2.0527054E-4	4.0	3.7149564E-4	0.9653095	540.32874	0.020278962	0.9815877	1.0
SPIKE	S0:T>C	0	53360	0.0	9999.0	0.0	TRUE	T	5.590509E-5	92.0	0.0019063229	0.9904304	125.59417	0.032486882	0.9725449	0.0
SPIKE	S1:A>G	0	53394	0.0	9999.0	0.0	TRUE	A	7.360662E-5	134.0	0.0018767474	0.9874195	184.72423	0.029384641	0.978046	0.0
SPIKE	S1:A>C	0	53394	0.0	9999.0	0.0	TRUE	A	1.5469332E-4	197.0	0.002486547	0.9737436	25.927567	0.0420319	0.9381352	0.0
SPIKE	S1:A>T	0	53394	0.0	9999.0	0.0	TRUE	A	5.5102732E-6	11.0	0.002158926	0.9990527	43.328312	0.026804736	0.9851855	0.0
SPIKE	S2:G>A	0	53435	0.0	9999.0	0.0	TRUE	G	6.9632864E-5	126.0	0.002446348	0.98809457	152.82025	0.029602831	0.9761418	0.0
SPIKE	S2:G>C	0	53435	0.0	9999.0	0.0	TRUE	G	8.704482E-5	1.0	6.960845E-4	0.9851398	237.25096	0.01961838	0.9855808	1.0
SPIKE	S2:G>T	0	53435	0.0	9999.0	0.0	TRUE	G	7.604665E-5	6.0	8.5020973E-4	0.9870052	197.33049	0.020610148	0.98308724	1.0
SPIKE	S3:C>A	0	53478	0.0	9999.0	0.0	TRUE	C	5.4182565E-6	2.0	0.009965896	0.9990685	4.638906	0.063091226	0.97419137	1.0
SPIKE	S3:C>G	0	53478	0.0	9999.0	0.0	TRUE	C	3.6338433E-6	10.0	8.3086686E-4	0.99937516	228.5878	0.019449228	0.9874135	0.0
SPIKE	S3:C>T	0	53478	0.0	9999.0	0.0	TRUE	C	1.0018356E-4	221.0	0.0013588812	0.98291606	332.05893	0.024275597	0.9829959	0.0
SPIKE	S4:G>A	13	53524	2.428817E-4	143.22835	40.0	TRUE	G	8.110326E-5	147.0	0.002446348	0.9861471	153.07478	0.029602831	0.9761418	0.0
SPIKE	S4:G>C	1	53524	1.8683208E-5	5.9727106	40.0	TRUE	G	8.704482E-5	9.0	6.960845E-4	0.9851398	237.64613	0.01961838	0.9855808	1.0
SPIKE	S4:G>T	0	53524	0.0	9999.0	0.0	TRUE	G	7.604665E-5	3.0	8.5020973E-4	0.9870052	197.65916	0.020610148	0.98308724	1.0
SPIKE	S5:T>A	4	53565	7.467563E-5	49.39032	36.0	TRUE	T	2.6048929E-5	0.0	0.001658627	0.9955296	61.04169	0.022896303	0.9883488	1.0
SPIKE	S5:T>C	6	53565	1.1201344E-4	51.94116	38.666668	TRUE	T	8.0510006E-5	133.0	0.0019063229	0.9862477	126.076675	0.032486882	0.9725449	0.0
SPIKE	S5:T>G	0	53565	0.0	9999.0	0.0	TRUE	T	4.5413453E-6	12.0	3.7149564E-4	0.9992192	542.4046	0.020278962	0.9815877	0.0
SPIKE	S6:G>A	17	53582	3.1727072E-4	260.42392	37.52941	TRUE	G	3.6925416E-5	67.0	0.002446348	0.993669	153.24066	0.029602831	0.9761418	0.0
SPIKE	S6:G>T	1	53582	1.8662984E-5	18.948195	40.0	TRUE	G	4.2275183E-6	11.0	8.5020973E-4	0.9992731	197.87335	0.020610148	0.98308724	0.0
SPIKE	S6:G>C	0	53582	0.0	9999.0	0.0	TRUE	G	8.704482E-5	0.0	6.960845E-4	0.9851398	237.90364	0.01961838	0.9855808	1.0
SPIKE	S7:A>C	2	53601	3.7312737E-5	29.721733	39.5	TRUE	A	1.0950978E-5	14.0	0.002486547	0.9981182	26.028084	0.0420319	0.9381352	0.0
SPIKE	D7-8:A>	51	53601	9.5147477E-4	9999.0	39.840023	TRUE		NaN	NaN	NaN	NaN	NaN	NaN	NaN	NaN
SPIKE	I7:>A	1	53601	1.8656368E-5	9999.0	39.840023	TRUE		NaN	NaN	NaN	NaN	NaN	NaN	NaN	NaN
SPIKE	S7:A>G	0	53601	0.0	9999.0	0.0	TRUE	A	2.7906273E-5	51.0	0.0018767474	0.9952116	185.44037	0.029384641	0.978046	0.0
SPIKE	S7:A>T	0	53601	0.0	9999.0	0.0	TRUE	A	2.1704622E-5	3.0	0.002158926	0.99627376	43.49629	0.026804736	0.9851855	1.0
SPIKE	S8:A>C	5	53608	9.3269664E-5	69.70143	40.0	TRUE	A	2.03595E-5	6.0	0.002486547	0.9965043	26.031483	0.0420319	0.9381352	1.0
SPIKE	S8:A>G	0	53608	0.0	9999.0	0.0	TRUE	A	4.431594E-5	81.0	0.0018767474	0.9924066	185.46458	0.029384641	0.978046	0.0
SPIKE	S8:A>T	0	53608	0.0	9999.0	0.0	TRUE	A	2.1704622E-5	2.0	0.002158926	0.99627376	43.50197	0.026804736	0.9851855	1.0
SPIKE	D9-11:GA>	2	53610	3.7306472E-5	9999.0	39.931973	TRUE		NaN	NaN	NaN	NaN	NaN	NaN	NaN	NaN
SPIKE	S9:G>A	16	53610	2.9845178E-4	224.51938	39.3125	TRUE	G	4.737205E-5	86.0	0.002446348	0.9918851	153.32074	0.029602831	0.9761418	0.0
SPIKE	D9-10:G>	16	53610	2.9845178E-4	9999.0	39.931973	TRUE		NaN	NaN	NaN	NaN	NaN	NaN	NaN	NaN
SPIKE	S9:G>C	0	53610	0.0	9999.0	0.0	TRUE	G	8.704482E-5	0.0	6.960845E-4	0.9851398	238.02797	0.01961838	0.9855808	1.0
SPIKE	S9:G>T	0	53610	0.0	9999.0	0.0	TRUE	G	7.604665E-5	1.0	8.5020973E-4	0.9870052	197.97675	0.020610148	0.98308724	1.0
SPIKE	S10:A>G	2	53610	3.7306472E-5	11.647909	40.0	TRUE	A	9.628783E-5	176.0	0.0018767474	0.98357487	185.47151	0.029384641	0.978046	0.0
SPIKE	S10:A>C	3	53610	5.595971E-5	38.385284	39.666668	TRUE	A	2.03595E-5	6.0	0.002486547	0.9965043	26.032454	0.0420319	0.9381352	1.0
SPIKE	D10-11:A>	17	53610	3.17105E-4	9999.0	39.907665	TRUE		NaN	NaN	NaN	NaN	NaN	NaN	NaN	NaN
SPIKE	D10-12:AC>	1	53610	1.8653236E-5	9999.0	39.907665	TRUE		NaN	NaN	NaN	NaN	NaN	NaN	NaN	NaN
SPIKE	S10:A>T	0	53610	0.0	9999.0	0.0	TRUE	A	2.1704622E-5	3.0	0.002158926	0.99627376	43.50359	0.026804736	0.9851855	1.0
SPIKE	S11:C>G	1	53610	1.8653236E-5	6.156801	40.0	TRUE	C	8.306523E-5	1.0	8.3086686E-4	0.98581433	229.15202	0.019449228	0.9874135	1.0
SPIKE	S11:C>T	10	53610	1.8653236E-4	103.15321	39.6	TRUE	C	7.777893E-5	172.0	0.0013588812	0.9867111	332.87857	0.024275597	0.9829959	0.0
SPIKE	D11-12:C>	16	53610	2.9845178E-4	9999.0	39.797127	TRUE		NaN	NaN	NaN	NaN	NaN	NaN	NaN	NaN
SPIKE	S11:C>A	0	53610	0.0	9999.0	0.0	TRUE	C	5.4182565E-6	9.0	0.009965896	0.9990685	4.6503563	0.063091226	0.97419137	1.0
SPIKE	D12-14:GA>	2	53610	3.7306472E-5	9999.0	39.88062	TRUE		NaN	NaN	NaN	NaN	NaN	NaN	NaN	NaN
SPIKE	I12:>G	1	53610	1.8653236E-5	9999.0	39.88062	TRUE		NaN	NaN	NaN	NaN	NaN	NaN	NaN	NaN
SPIKE	S12:G>A	25	53610	4.663309E-4	383.806	39.96	TRUE	G	5.122791E-5	93.0	0.002446348	0.9912275	153.32074	0.029602831	0.9761418	0.0
SPIKE	S12:G>C	1	53610	1.8653236E-5	5.966188	40.0	TRUE	G	8.704482E-5	9.0	6.960845E-4	0.9851398	238.02797	0.01961838	0.9855808	1.0
SPIKE	D12-13:G>	16	53610	2.9845178E-4	9999.0	39.88062	TRUE		NaN	NaN	NaN	NaN	NaN	NaN	NaN	NaN
SPIKE	S12:G>T	0	53610	0.0	9999.0	0.0	TRUE	G	7.604665E-5	0.0	8.5020973E-4	0.9870052	197.97675	0.020610148	0.98308724	1.0
SPIKE	D13-14:A>	11	53610	2.051856E-4	9999.0	39.79405	TRUE		NaN	NaN	NaN	NaN	NaN	NaN	NaN	NaN
SPIKE	S13:A>G	0	53610	0.0	9999.0	0.0	TRUE	A	2.1227091E-4	388.0	0.0018767474	0.96414787	185.47151	0.029384641	0.978046	0.0
SPIKE	S13:A>C	0	53610	0.0	9999.0	0.0	TRUE	A	1.01670585E-5	13.0	0.002486547	0.9982528	26.032454	0.0420319	0.9381352	0.0
SPIKE	S13:A>T	0	53610	0.0	9999.0	0.0	TRUE	A	7.4837344E-6	15.0	0.002158926	0.9987136	43.50359	0.026804736	0.9851855	0.0
SPIKE	S14:C>G	1	53610	1.8653236E-5	6.156801	40.0	TRUE	C	8.306523E-5	2.0	8.3086686E-4	0.98581433	229.15202	0.019449228	0.9874135	1.0
SPIKE	S14:C>T	13	53610	2.4249207E-4	180.71649	39.923077	TRUE	C	4.1150484E-5	91.0	0.0013588812	0.9929471	332.87857	0.024275597	0.9829959	0.0
SPIKE	D14-15:C>	13	53610	2.4249207E-4	9999.0	39.88254	TRUE		NaN	NaN	NaN	NaN	NaN	NaN	NaN	NaN
SPIKE	I14:>C	1	53610	1.8653236E-5	9999.0	39.88254	TRUE		NaN	NaN	NaN	NaN	NaN	NaN	NaN	NaN
SPIKE	D14-16:CA>	3	53610	5.595971E-5	9999.0	39.88254	TRUE		NaN	NaN	NaN	NaN	NaN	NaN	NaN	NaN
SPIKE	S14:C>A	0	53610	0.0	9999.0	0.0	TRUE	C	5.4182565E-6	9.0	0.009965896	0.9990685	4.6503563	0.063091226	0.97419137	1.0
SPIKE	S15:A>G	1	53610	1.8653236E-5	7.728003	40.0	TRUE	A	5.6897356E-5	104.0	0.0018767474	0.9902614	185.47151	0.029384641	0.978046	0.0
SPIKE	S15:A>C	5	53610	9.326618E-5	81.52084	39.6	TRUE	A	1.1731222E-5	15.0	0.002486547	0.9979843	26.032454	0.0420319	0.9381352	0.0
SPIKE	D15-16:A>	18	53610	3.3575826E-4	9999.0	39.881367	TRUE		NaN	NaN	NaN	NaN	NaN	NaN	NaN	NaN
SPIKE	S15:A>T	0	53610	0.0	9999.0	0.0	TRUE	A	2.1704622E-5	2.0	0.002158926	0.99627376	43.50359	0.026804736	0.9851855	1.0
SPIKE	S16:G>A	16	53610	2.9845178E-4	210.9229	40.0	TRUE	G	5.7837966E-5	105.0	0.002446348	0.9901012	153.32074	0.029602831	0.9761418	0.0
SPIKE	S16:G>T	2	53610	3.7306472E-5	13.497992	35.5	TRUE	G	7.604665E-5	0.0	8.5020973E-4	0.9870052	197.97675	0.020610148	0.98308724	1.0
SPIKE	D16-17:G>	15	53610	2.7979855E-4	9999.0	39.926395	TRUE		NaN	NaN	NaN	NaN	NaN	NaN	NaN	NaN
SPIKE	S16:G>C	0	53610	0.0	9999.0	0.0	TRUE	G	8.704482E-5	0.0	6.960845E-4	0.9851398	238.02797	0.01961838	0.9855808	1.0
SPIKE	S17:A>T	1	53610	1.8653236E-5	11.852432	39.0	TRUE	A	2.1704622E-5	7.0	0.002158926	0.99627376	43.50359	0.026804736	0.9851855	1.0
SPIKE	S17:A>C	3	53610	5.595971E-5	38.385284	39.333332	TRUE	A	2.03595E-5	6.0	0.002486547	0.9965043	26.032454	0.0420319	0.9381352	1.0
SPIKE	D17-18:A>	14	53610	2.611453E-4	9999.0	39.897575	TRUE		NaN	NaN	NaN	NaN	NaN	NaN	NaN	NaN
SPIKE	S17:A>G	0	53610	0.0	9999.0	0.0	TRUE	A	1.3294286E-4	243.0	0.0018767474	0.97739327	185.47151	0.029384641	0.978046	0.0
SPIKE	S18:A>G	1	53610	1.8653236E-5	6.1792207	40.0	TRUE	A	8.261058E-5	151.0	0.0018767474	0.98589146	185.47151	0.029384641	0.978046	0.0
SPIKE	S18:A>C	7	53610	1.3057265E-4	104.19485	39.57143	TRUE	A	2.03595E-5	1.0	0.002486547	0.9965043	26.032454	0.0420319	0.9381352	1.0
SPIKE	S18:A>T	0	53610	0.0	9999.0	0.0	TRUE	A	2.1704622E-5	3.0	0.002158926	0.99627376	43.50359	0.026804736	0.9851855	1.0
SPIKE	S19:C>T	1	53610	1.8653236E-5	7.8926644	40.0	TRUE	C	5.4716576E-5	121.0	0.0013588812	0.9906329	332.87857	0.024275597	0.9829959	0.0
SPIKE	S19:C>A	0	53610	0.0	9999.0	0.0	TRUE	C	5.4182565E-6	6.0	0.009965896	0.9990685	4.6503563	0.063091226	0.97419137	1.0
SPIKE	S19:C>G	0	53610	0.0	9999.0	0.0	TRUE	C	8.306523E-5	0.0	8.3086686E-4	0.98581433	229.15202	0.019449228	0.9874135	1.0
SPIKE	S20:C>G	3	53610	5.595971E-5	20.908411	39.666668	TRUE	C	8.306523E-5	0.0	8.3086686E-4	0.98581433	229.15202	0.019449228	0.9874135	1.0
SPIKE	S20:C>T	8	53610	1.4922589E-4	99.461754	39.875	TRUE	C	3.9793875E-5	88.0	0.0013588812	0.99317884	332.87857	0.024275597	0.9829959	0.0
SPIKE	S20:C>A	0	53610	0.0	9999.0	0.0	TRUE	C	5.4182565E-6	2.0	0.009965896	0.9990685	4.6503563	0.063091226	0.97419137	1.0
SPIKE	S21:A>C	2	53610	3.7306472E-5	24.418598	40.0	TRUE	A	2.03595E-5	9.0	0.002486547	0.9965043	26.032454	0.0420319	0.9381352	1.0
SPIKE	S21:A>G	0	53610	0.0	9999.0	0.0	TRUE	A	1.09418E-4	200.0	0.0018767474	0.9813561	185.47151	0.029384641	0.978046	0.0
SPIKE	S21:A>T	0	53610	0.0	9999.0	0.0	TRUE	A	2.1704622E-5	4.0	0.002158926	0.99627376	43.50359	0.026804736	0.9851855	1.0
SPIKE	S22:A>C	53608	53610	0.9999627	Infinity	39.99312	TRUE	C	2.03595E-5	0.0	0.002486547	0.9965043	26.032454	0.0420319	0.9381352	1.0
SPIKE	S22:A>G	0	53610	0.0	9999.0	0.0	TRUE	C	1.014696E-4	0.0	0.0018767474	0.9826986	185.47151	0.029384641	0.978046	1.0
SPIKE	S22:A>T	0	53610	0.0	9999.0	0.0	TRUE	C	2.1704622E-5	0.0	0.002158926	0.99627376	43.50359	0.026804736	0.9851855	1.0
SPIKE	S23:A>T	53608	53610	0.9999627	Infinity	39.99308	TRUE	T	2.1704622E-5	0.0	0.002158926	0.99627376	43.50359	0.026804736	0.9851855	1.0
SPIKE	S23:A>G	0	53610	0.0	9999.0	0.0	TRUE	T	1.014696E-4	0.0	0.0018767474	0.9826986	185.47151	0.029384641	0.978046	1.0
SPIKE	S23:A>C	0	53610	0.0	9999.0	0.0	TRUE	T	2.03595E-5	7.0	0.002486547	0.9965043	26.032454	0.0420319	0.9381352	1.0
SPIKE	S24:A>C	53608	53610	0.9999627	Infinity	39.99308	TRUE	C	2.03595E-5	0.0	0.002486547	0.9965043	26.032454	0.0420319	0.9381352	1.0
SPIKE	S24:A>G	0	53610	0.0	9999.0	0.0	TRUE	C	1.014696E-4	0.0	0.0018767474	0.9826986	185.47151	0.029384641	0.978046	1.0
SPIKE	S24:A>T	0	53610	0.0	9999.0	0.0	TRUE	C	2.1704622E-5	6.0	0.002158926	0.99627376	43.50359	0.026804736	0.9851855	1.0
SPIKE	S25:A>G	0	53610	0.0	9999.0	0.0	TRUE	A	1.014696E-4	0.0	0.0018767474	0.9826986	185.47151	0.029384641	0.978046	1.0
SPIKE	S25:A>C	0	53610	0.0	9999.0	0.0	TRUE	A	2.03595E-5	6.0	0.002486547	0.9965043	26.032454	0.0420319	0.9381352	1.0
SPIKE	S25:A>T	0	53610	0.0	9999.0	0.0	TRUE	A	2.1704622E-5	1.0	0.002158926	0.99627376	43.50359	0.026804736	0.9851855	1.0
SPIKE	S26:T>A	0	53610	0.0	9999.0	0.0	TRUE	T	2.6048929E-5	8.0	0.001658627	0.9955296	61.09297	0.022896303	0.9883488	1.0
SPIKE	S26:T>G	0	53610	0.0	9999.0	0.0	TRUE	T	2.0527054E-4	6.0	3.7149564E-4	0.9653095	542.8603	0.020278962	0.9815877	1.0
SPIKE	S26:T>C	0	53610	0.0	9999.0	0.0	TRUE	T	6.834582E-5	113.0	0.0019063229	0.9883133	126.182594	0.032486882	0.9725449	0.0
SPIKE	S27:G>A	2	53610	3.7306472E-5	19.03889	39.5	TRUE	G	3.8558643E-5	70.0	0.002446348	0.99338984	153.32074	0.029602831	0.9761418	0.0
SPIKE	S27:G>C	0	53610	0.0	9999.0	0.0	TRUE	G	8.704482E-5	0.0	6.960845E-4	0.9851398	238.02797	0.01961838	0.9855808	1.0
SPIKE	S27:G>T	0	53610	0.0	9999.0	0.0	TRUE	G	7.604665E-5	7.0	8.5020973E-4	0.9870052	197.97675	0.020610148	0.98308724	1.0
SPIKE	S28:G>A	3	53610	5.595971E-5	25.881487	40.0	TRUE	G	5.5083776E-5	100.0	0.002446348	0.9905703	153.32074	0.029602831	0.9761418	0.0
SPIKE	S28:G>C	0	53610	0.0	9999.0	0.0	TRUE	G	8.704482E-5	0.0	6.960845E-4	0.9851398	238.02797	0.01961838	0.9855808	1.0
SPIKE	S28:G>T	0	53610	0.0	9999.0	0.0	TRUE	G	7.604665E-5	1.0	8.5020973E-4	0.9870052	197.97675	0.020610148	0.98308724	1.0
SPIKE	S29:G>A	4	53610	7.4612944E-5	38.57008	40.0	TRUE	G	4.95754E-5	90.0	0.002446348	0.99150926	153.32074	0.029602831	0.9761418	0.0
SPIKE	S29:G>C	0	53610	0.0	9999.0	0.0	TRUE	G	8.704482E-5	1.0	6.960845E-4	0.9851398	238.02797	0.01961838	0.9855808	1.0
SPIKE	S29:G>T	0	53610	0.0	9999.0	0.0	TRUE	G	7.604665E-5	3.0	8.5020973E-4	0.9870052	197.97675	0.020610148	0.98308724	1.0
SPIKE	S30:A>G	0	53610	0.0	9999.0	0.0	TRUE	A	7.823387E-5	143.0	0.0018767474	0.9866339	185.47151	0.029384641	0.978046	0.0
SPIKE	S30:A>C	0	53610	0.0	9999.0	0.0	TRUE	A	2.03595E-5	2.0	0.002486547	0.9965043	26.032454	0.0420319	0.9381352	1.0
SPIKE	S30:A>T	0	53610	0.0	9999.0	0.0	TRUE	A	2.1704622E-5	1.0	0.002158926	0.99627376	43.50359	0.026804736	0.9851855	1.0
SPIKE	S31:T>A	0	53610	0.0	9999.0	0.0	TRUE	T	2.6048929E-5	1.0	0.001658627	0.9955296	61.09297	0.022896303	0.9883488	1.0
SPIKE	S31:T>G	0	53610	0.0	9999.0	0.0	TRUE	T	2.0527054E-4	2.0	3.7149564E-4	0.9653095	542.8603	0.020278962	0.9815877	1.0
SPIKE	S31:T>C	0	53610	0.0	9999.0	0.0	TRUE	T	5.98782E-5	99.0	0.0019063229	0.9897538	126.182594	0.032486882	0.9725449	0.0
SPIKE	S32:C>T	1	53610	1.8653236E-5	9.393618	40.0	TRUE	C	3.8437265E-5	85.0	0.0013588812	0.9934106	332.87857	0.024275597	0.9829959	0.0
SPIKE	S32:C>A	1	53610	1.8653236E-5	17.86848	39.0	TRUE	C	5.4182565E-6	1.0	0.009965896	0.9990685	4.6503563	0.063091226	0.97419137	1.0
SPIKE	S32:C>G	0	53610	0.0	9999.0	0.0	TRUE	C	8.306523E-5	1.0	8.3086686E-4	0.98581433	229.15202	0.019449228	0.9874135	1.0
SPIKE	S33:C>T	4	53610	7.4612944E-5	44.916405	40.0	TRUE	C	3.3915232E-5	75.0	0.0013588812	0.99418354	332.87857	0.024275597	0.9829959	0.0
SPIKE	S33:C>A	0	53610	0.0	9999.0	0.0	TRUE	C	5.4182565E-6	0.0	0.009965896	0.9990685	4.6503563	0.063091226	0.97419137	1.0
SPIKE	S33:C>G	0	53610	0.0	9999.0	0.0	TRUE	C	8.306523E-5	0.0	8.3086686E-4	0.98581433	229.15202	0.019449228	0.9874135	1.0
SPIKE	S34:A>G	0	53610	0.0	9999.0	0.0	TRUE	A	1.8053968E-5	33.0	0.0018767474	0.99689955	185.47151	0.029384641	0.978046	0.0
SPIKE	S34:A>C	0	53610	0.0	9999.0	0.0	TRUE	A	2.03595E-5	4.0	0.002486547	0.9965043	26.032454	0.0420319	0.9381352	1.0
SPIKE	S34:A>T	0	53610	0.0	9999.0	0.0	TRUE	A	2.1704622E-5	0.0	0.002158926	0.99627376	43.50359	0.026804736	0.9851855	1.0
SPIKE	S35:T>C	1	53610	1.8653236E-5	6.643263	40.0	TRUE	T	7.37893E-5	122.0	0.0019063229	0.98738843	126.182594	0.032486882	0.9725449	0.0
SPIKE	S35:T>A	0	53610	0.0	9999.0	0.0	TRUE	T	2.6048929E-5	2.0	0.001658627	0.9955296	61.09297	0.022896303	0.9883488	1.0
SPIKE	S35:T>G	0	53610	0.0	9999.0	0.0	TRUE	T	2.0527054E-4	9.0	3.7149564E-4	0.9653095	542.8603	0.020278962	0.9815877	1.0
SPIKE	S36:T>A	0	53610	0.0	9999.0	0.0	TRUE	T	2.6048929E-5	1.0	0.001658627	0.9955296	61.09297	0.022896303	0.9883488	1.0
SPIKE	S36:T>G	0	53610	0.0	9999.0	0.0	TRUE	T	2.0527054E-4	0.0	3.7149564E-4	0.9653095	542.8603	0.020278962	0.9815877	1.0
SPIKE	S36:T>C	0	53610	0.0	9999.0	0.0	TRUE	T	6.6531334E-6	11.0	0.0019063229	0.9988563	126.182594	0.032486882	0.9725449	0.0
SPIKE	S37:A>G	1	53610	1.8653236E-5	13.681103	39.0	TRUE	A	1.4224339E-5	26.0	0.0018767474	0.9975564	185.47151	0.029384641	0.978046	0.0
SPIKE	S37:A>C	0	53610	0.0	9999.0	0.0	TRUE	A	2.03595E-5	0.0	0.002486547	0.9965043	26.032454	0.0420319	0.9381352	1.0
SPIKE	S37:A>T	0	53610	0.0	9999.0	0.0	TRUE	A	2.1704622E-5	0.0	0.002158926	0.99627376	43.50359	0.026804736	0.9851855	1.0
SPIKE	S38:T>A	0	53610	0.0	9999.0	0.0	TRUE	T	2.6048929E-5	1.0	0.001658627	0.9955296	61.09297	0.022896303	0.9883488	1.0
SPIKE	S38:T>G	0	53610	0.0	9999.0	0.0	TRUE	T	2.0527054E-4	2.0	3.7149564E-4	0.9653095	542.8603	0.020278962	0.9815877	1.0
SPIKE	S38:T>C	0	53610	0.0	9999.0	0.0	TRUE	T	9.072454E-6	15.0	0.0019063229	0.99844074	126.182594	0.032486882	0.9725449	0.0
SPIKE	S39:C>T	2	53610	3.7306472E-5	16.496347	40.0	TRUE	C	5.245556E-5	116.0	0.0013588812	0.99101824	332.87857	0.024275597	0.9829959	0.0
SPIKE	S39:C>A	2	53610	3.7306472E-5	35.78308	39.0	TRUE	C	5.4182565E-6	1.0	0.009965896	0.9990685	4.6503563	0.063091226	0.97419137	1.0
SPIKE	S39:C>G	0	53610	0.0	9999.0	0.0	TRUE	C	8.306523E-5	1.0	8.3086686E-4	0.98581433	229.15202	0.019449228	0.9874135	1.0
SPIKE	S40:G>A	6	53610	1.1191942E-4	53.332844	39.666668	TRUE	G	7.601561E-5	138.0	0.002446348	0.9870104	153.32074	0.029602831	0.9761418	0.0
SPIKE	S40:G>C	0	53610	0.0	9999.0	0.0	TRUE	G	8.704482E-5	0.0	6.960845E-4	0.9851398	238.02797	0.01961838	0.9855808	1.0
SPIKE	S40:G>T	0	53610	0.0	9999.0	0.0	TRUE	G	7.604665E-5	3.0	8.5020973E-4	0.9870052	197.97675	0.020610148	0.98308724	1.0
SPIKE	S41:G>A	1	53610	1.8653236E-5	8.75737	39.0	TRUE	G	4.461786E-5	81.0	0.002446348	0.9923551	153.32074	0.029602831	0.9761418	0.0
SPIKE	S41:G>C	0	53610	0.0	9999.0	0.0	TRUE	G	8.704482E-5	1.0	6.960845E-4	0.9851398	238.02797	0.01961838	0.9855808	1.0
SPIKE	S41:G>T	0	53610	0.0	9999.0	0.0	TRUE	G	7.604665E-5	2.0	8.5020973E-4	0.9870052	197.97675	0.020610148	0.98308724	1.0
SPIKE	S42:C>T	4	53610	7.4612944E-5	33.41441	39.5	TRUE	C	6.7830464E-5	150.0	0.0013588812	0.98840094	332.87857	0.024275597	0.9829959	0.0
SPIKE	S42:C>A	1	53610	1.8653236E-5	17.86848	40.0	TRUE	C	5.4182565E-6	0.0	0.009965896	0.9990685	4.6503563	0.063091226	0.97419137	1.0
SPIKE	S42:C>G	0	53610	0.0	9999.0	0.0	TRUE	C	8.306523E-5	1.0	8.3086686E-4	0.98581433	229.15202	0.019449228	0.9874135	1.0
SPIKE	S43:G>A	6	53610	1.1191942E-4	59.64159	39.333332	TRUE	G	5.893964E-5	107.0	0.002446348	0.9899136	153.32074	0.029602831	0.9761418	0.0
SPIKE	S43:G>C	0	53610	0.0	9999.0	0.0	TRUE	G	8.704482E-5	0.0	6.960845E-4	0.9851398	238.02797	0.01961838	0.9855808	1.0
SPIKE	S43:G>T	0	53610	0.0	9999.0	0.0	TRUE	G	7.604665E-5	0.0	8.5020973E-4	0.9870052	197.97675	0.020610148	0.98308724	1.0
SPIKE	S44:G>A	3	53610	5.595971E-5	20.2057	40.0	TRUE	G	8.8134046E-5	160.0	0.002446348	0.98495525	153.32074	0.029602831	0.9761418	0.0
SPIKE	S44:G>C	0	53610	0.0	9999.0	0.0	TRUE	G	8.704482E-5	1.0	6.960845E-4	0.9851398	238.02797	0.01961838	0.9855808	1.0
SPIKE	S44:G>T	0	53610	0.0	9999.0	0.0	TRUE	G	7.604665E-5	1.0	8.5020973E-4	0.9870052	197.97675	0.020610148	0.98308724	1.0
SPIKE	S45:C>T	4	53610	7.4612944E-5	54.35122	39.75	TRUE	C	1.9444733E-5	43.0	0.0013588812	0.99666107	332.87857	0.024275597	0.9829959	0.0
SPIKE	S45:C>A	1	53610	1.8653236E-5	17.86848	40.0	TRUE	C	5.4182565E-6	1.0	0.009965896	0.9990685	4.6503563	0.063091226	0.97419137	1.0
SPIKE	S45:C>G	0	53610	0.0	9999.0	0.0	TRUE	C	8.306523E-5	0.0	8.3086686E-4	0.98581433	229.15202	0.019449228	0.9874135	1.0
SPIKE	S46:G>A	7	53610	1.3057265E-4	77.0683	40.0	TRUE	G	5.0677074E-5	92.0	0.002446348	0.99132144	153.32074	0.029602831	0.9761418	0.0
SPIKE	S46:G>C	0	53610	0.0	9999.0	0.0	TRUE	G	8.704482E-5	0.0	6.960845E-4	0.9851398	238.02797	0.01961838	0.9855808	1.0
SPIKE	S46:G>T	0	53610	0.0	9999.0	0.0	TRUE	G	7.604665E-5	0.0	8.5020973E-4	0.9870052	197.97675	0.020610148	0.98308724	1.0
SPIKE	S47:A>G	1	53610	1.8653236E-5	5.3492723	40.0	TRUE	A	1.014696E-4	6.0	0.0018767474	0.9826986	185.47151	0.029384641	0.978046	1.0
SPIKE	S47:A>C	0	53610	0.0	9999.0	0.0	TRUE	A	2.03595E-5	0.0	0.002486547	0.9965043	26.032454	0.0420319	0.9381352	1.0
SPIKE	S47:A>T	0	53610	0.0	9999.0	0.0	TRUE	A	2.1704622E-5	1.0	0.002158926	0.99627376	43.50359	0.026804736	0.9851855	1.0
SPIKE	S48:A>G	2	53610	3.7306472E-5	33.435204	40.0	TRUE	A	7.1121694E-6	13.0	0.0018767474	0.99877745	185.47151	0.029384641	0.978046	0.0
SPIKE	S48:A>C	0	53610	0.0	9999.0	0.0	TRUE	A	2.03595E-5	0.0	0.002486547	0.9965043	26.032454	0.0420319	0.9381352	1.0
SPIKE	S48:A>T	0	53610	0.0	9999.0	0.0	TRUE	A	2.1704622E-5	0.0	0.002158926	0.99627376	43.50359	0.026804736	0.9851855	1.0
SPIKE	S49:T>A	0	53610	0.0	9999.0	0.0	TRUE	T	2.6048929E-5	0.0	0.001658627	0.9955296	61.09297	0.022896303	0.9883488	1.0
SPIKE	S49:T>G	0	53610	0.0	9999.0	0.0	TRUE	T	2.0527054E-4	2.0	3.7149564E-4	0.9653095	542.8603	0.020278962	0.9815877	1.0
SPIKE	S49:T>C	0	53610	0.0	9999.0	0.0	TRUE	T	7.862794E-6	13.0	0.0019063229	0.9986485	126.182594	0.032486882	0.9725449	0.0
SPIKE	S50:T>A	0	53610	0.0	9999.0	0.0	TRUE	T	2.6048929E-5	1.0	0.001658627	0.9955296	61.09297	0.022896303	0.9883488	1.0
SPIKE	S50:T>G	0	53610	0.0	9999.0	0.0	TRUE	T	2.0527054E-4	3.0	3.7149564E-4	0.9653095	542.8603	0.020278962	0.9815877	1.0
SPIKE	S50:T>C	0	53610	0.0	9999.0	0.0	TRUE	T	1.0886945E-5	18.0	0.0019063229	0.9981292	126.182594	0.032486882	0.9725449	0.0
SPIKE	S51:T>A	0	53610	0.0	9999.0	0.0	TRUE	T	2.6048929E-5	3.0	0.001658627	0.9955296	61.09297	0.022896303	0.9883488	1.0
SPIKE	S51:T>G	0	53610	0.0	9999.0	0.0	TRUE	T	2.0527054E-4	0.0	3.7149564E-4	0.9653095	542.8603	0.020278962	0.9815877	1.0
SPIKE	S51:T>C	0	53610	0.0	9999.0	0.0	TRUE	T	8.467624E-6	14.0	0.0019063229	0.99854463	126.182594	0.032486882	0.9725449	0.0
SPIKE	S52:A>G	3	53610	5.595971E-5	37.15047	40.0	TRUE	A	2.243069E-5	41.0	0.0018767474	0.99614936	185.47151	0.029384641	0.978046	0.0
SPIKE	S52:A>C	0	53610	0.0	9999.0	0.0	TRUE	A	2.03595E-5	3.0	0.002486547	0.9965043	26.032454	0.0420319	0.9381352	1.0
SPIKE	S52:A>T	0	53610	0.0	9999.0	0.0	TRUE	A	2.1704622E-5	0.0	0.002158926	0.99627376	43.50359	0.026804736	0.9851855	1.0
SPIKE	S53:C>T	5	53610	9.326618E-5	49.35714	39.8	TRUE	C	5.3359967E-5	118.0	0.0013588812	0.9908641	332.87857	0.024275597	0.9829959	0.0
SPIKE	S53:C>A	0	53610	0.0	9999.0	0.0	TRUE	C	5.4182565E-6	0.0	0.009965896	0.9990685	4.6503563	0.063091226	0.97419137	1.0
SPIKE	S53:C>G	0	53610	0.0	9999.0	0.0	TRUE	C	8.306523E-5	2.0	8.3086686E-4	0.98581433	229.15202	0.019449228	0.9874135	1.0
SPIKE	S54:C>T	3	53610	5.595971E-5	27.480623	40.0	TRUE	C	4.8385733E-5	107.0	0.0013588812	0.9917122	332.87857	0.024275597	0.9829959	0.0
SPIKE	S54:C>A	0	53610	0.0	9999.0	0.0	TRUE	C	5.4182565E-6	4.0	0.009965896	0.9990685	4.6503563	0.063091226	0.97419137	1.0
SPIKE	S54:C>G	0	53610	0.0	9999.0	0.0	TRUE	C	8.306523E-5	0.0	8.3086686E-4	0.98581433	229.15202	0.019449228	0.9874135	1.0
SPIKE	S55:A>G	8	53610	1.4922589E-4	43.97148	40.0	TRUE	A	2.182889E-4	399.0	0.0018767474	0.9631504	185.47151	0.029384641	0.978046	0.0
SPIKE	S55:A>C	0	53610	0.0	9999.0	0.0	TRUE	A	3.8321992E-5	49.0	0.002486547	0.9934303	26.032454	0.0420319	0.9381352	0.0
SPIKE	S55:A>T	0	53610	0.0	9999.0	0.0	TRUE	A	7.98265E-6	16.0	0.002158926	0.9986279	43.50359	0.026804736	0.9851855	0.0
SPIKE	S56:C>T	2	53610	3.7306472E-5	17.082731	40.0	TRUE	C	4.8837937E-5	108.0	0.0013588812	0.9916351	332.87857	0.024275597	0.9829959	0.0
SPIKE	S56:C>G	1	53610	1.8653236E-5	6.156801	40.0	TRUE	C	8.306523E-5	1.0	8.3086686E-4	0.98581433	229.15202	0.019449228	0.9874135	1.0
SPIKE	S56:C>A	0	53610	0.0	9999.0	0.0	TRUE	C	5.4182565E-6	5.0	0.009965896	0.9990685	4.6503563	0.063091226	0.97419137	1.0
SPIKE	S57:C>T	3	53610	5.595971E-5	28.570763	40.0	TRUE	C	4.4315904E-5	98.0	0.0013588812	0.99240667	332.87857	0.024275597	0.9829959	0.0
SPIKE	S57:C>A	0	53610	0.0	9999.0	0.0	TRUE	C	5.4182565E-6	5.0	0.009965896	0.9990685	4.6503563	0.063091226	0.97419137	1.0
SPIKE	S57:C>G	0	53610	0.0	9999.0	0.0	TRUE	C	8.306523E-5	0.0	8.3086686E-4	0.98581433	229.15202	0.019449228	0.9874135	1.0
SPIKE	S58:A>G	3	53610	5.595971E-5	30.941053	40.0	TRUE	A	3.6655027E-5	67.0	0.0018767474	0.99371517	185.47151	0.029384641	0.978046	0.0
SPIKE	S58:A>C	0	53610	0.0	9999.0	0.0	TRUE	A	3.0501176E-5	39.0	0.002486547	0.99476755	26.032454	0.0420319	0.9381352	0.0
SPIKE	S58:A>T	0	53610	0.0	9999.0	0.0	TRUE	A	2.1704622E-5	4.0	0.002158926	0.99627376	43.50359	0.026804736	0.9851855	1.0
SPIKE	S59:T>C	1	53610	1.8653236E-5	8.466176	40.0	TRUE	T	4.7781592E-5	79.0	0.0019063229	0.99181527	126.182594	0.032486882	0.9725449	0.0
SPIKE	S59:T>A	0	53610	0.0	9999.0	0.0	TRUE	T	1.4923362E-5	35.0	0.001658627	0.99743646	61.09297	0.022896303	0.9883488	0.0
SPIKE	S59:T>G	0	53610	0.0	9999.0	0.0	TRUE	T	2.0527054E-4	2.0	3.7149564E-4	0.9653095	542.8603	0.020278962	0.9815877	1.0
SPIKE	S60:T>A	0	53610	0.0	9999.0	0.0	TRUE	T	2.6048929E-5	1.0	0.001658627	0.9955296	61.09297	0.022896303	0.9883488	1.0
SPIKE	S60:T>G	0	53610	0.0	9999.0	0.0	TRUE	T	2.0527054E-4	5.0	3.7149564E-4	0.9653095	542.8603	0.020278962	0.9815877	1.0
SPIKE	S60:T>C	0	53610	0.0	9999.0	0.0	TRUE	T	1.99594E-5	33.0	0.0019063229	0.99657285	126.182594	0.032486882	0.9725449	0.0
SPIKE	S61:G>A	5	53610	9.326618E-5	53.348988	40.0	TRUE	G	4.4067023E-5	80.0	0.002446348	0.9924491	153.32074	0.029602831	0.9761418	0.0
SPIKE	S61:G>C	0	53610	0.0	9999.0	0.0	TRUE	G	8.704482E-5	0.0	6.960845E-4	0.9851398	238.02797	0.01961838	0.9855808	1.0
SPIKE	S61:G>T	0	53610	0.0	9999.0	0.0	TRUE	G	1.4212407E-5	37.0	8.5020973E-4	0.9975585	197.97675	0.020610148	0.98308724	0.0
SPIKE	D62-63:A>	2	53610	3.7306472E-5	9999.0	40.0	TRUE		NaN	NaN	NaN	NaN	NaN	NaN	NaN	NaN
SPIKE	S62:A>G	0	53610	0.0	9999.0	0.0	TRUE	A	3.227831E-5	59.0	0.0018767474	0.9944635	185.47151	0.029384641	0.978046	0.0
SPIKE	S62:A>C	0	53610	0.0	9999.0	0.0	TRUE	A	2.03595E-5	0.0	0.002486547	0.9965043	26.032454	0.0420319	0.9381352	1.0
SPIKE	S62:A>T	0	53610	0.0	9999.0	0.0	TRUE	A	2.1704622E-5	3.0	0.002158926	0.99627376	43.50359	0.026804736	0.9851855	1.0
SPIKE	S63:A>G	1	53610	1.8653236E-5	14.212466	40.0	TRUE	A	1.2583069E-5	23.0	0.0018767474	0.9978381	185.47151	0.029384641	0.978046	0.0
SPIKE	S63:A>C	0	53610	0.0	9999.0	0.0	TRUE	A	2.03595E-5	0.0	0.002486547	0.9965043	26.032454	0.0420319	0.9381352	1.0
SPIKE	S63:A>T	0	53610	0.0	9999.0	0.0	TRUE	A	2.1704622E-5	5.0	0.002158926	0.99627376	43.50359	0.026804736	0.9851855	1.0
SPIKE	S64:A>G	1	53610	1.8653236E-5	8.892918	40.0	TRUE	A	4.322011E-5	79.0	0.0018767474	0.9925937	185.47151	0.029384641	0.978046	0.0
SPIKE	S64:A>C	0	53610	0.0	9999.0	0.0	TRUE	A	2.03595E-5	3.0	0.002486547	0.9965043	26.032454	0.0420319	0.9381352	1.0
SPIKE	S64:A>T	0	53610	0.0	9999.0	0.0	TRUE	A	2.1704622E-5	0.0	0.002158926	0.99627376	43.50359	0.026804736	0.9851855	1.0
SPIKE	S65:A>G	11	53610	2.051856E-4	104.81729	40.0	TRUE	A	1.0121165E-4	185.0	0.0018767474	0.98274225	185.47151	0.029384641	0.978046	0.0
SPIKE	S65:A>C	2	53610	3.7306472E-5	14.026206	40.0	TRUE	A	7.116941E-5	91.0	0.002486547	0.9878335	26.032454	0.0420319	0.9381352	0.0
SPIKE	S65:A>T	0	53610	0.0	9999.0	0.0	TRUE	A	2.1704622E-5	0.0	0.002158926	0.99627376	43.50359	0.026804736	0.9851855	1.0
SPIKE	S66:C>T	5	53610	9.326618E-5	53.882366	40.0	TRUE	C	4.2959295E-5	95.0	0.0013588812	0.99263823	332.87857	0.024275597	0.9829959	0.0
SPIKE	S66:C>A	0	53610	0.0	9999.0	0.0	TRUE	C	5.4182565E-6	7.0	0.009965896	0.9990685	4.6503563	0.063091226	0.97419137	1.0
SPIKE	S66:C>G	0	53610	0.0	9999.0	0.0	TRUE	C	8.306523E-5	0.0	8.3086686E-4	0.98581433	229.15202	0.019449228	0.9874135	1.0
SPIKE	S67:C>T	4	53610	7.4612944E-5	41.856705	40.0	TRUE	C	4.069828E-5	90.0	0.0013588812	0.99302435	332.87857	0.024275597	0.9829959	0.0
SPIKE	S67:C>A	0	53610	0.0	9999.0	0.0	TRUE	C	4.6605088E-5	40.0	0.009965896	0.99201596	4.6503563	0.063091226	0.97419137	0.0
SPIKE	S67:C>G	0	53610	0.0	9999.0	0.0	TRUE	C	8.306523E-5	0.0	8.3086686E-4	0.98581433	229.15202	0.019449228	0.9874135	1.0
SPIKE	S68:A>G	9	53610	1.6787913E-4	56.11341	40.0	TRUE	A	1.964053E-4	359.0	0.0018767474	0.9667825	185.47151	0.029384641	0.978046	0.0
SPIKE	S68:A>C	0	53610	0.0	9999.0	0.0	TRUE	A	1.7987873E-5	23.0	0.002486547	0.99691087	26.032454	0.0420319	0.9381352	0.0
SPIKE	S68:A>T	0	53610	0.0	9999.0	0.0	TRUE	A	2.1704622E-5	7.0	0.002158926	0.99627376	43.50359	0.026804736	0.9851855	1.0
SPIKE	S69:G>A	3	53610	5.595971E-5	24.171988	40.0	TRUE	G	6.334634E-5	115.0	0.002446348	0.9891636	153.32074	0.029602831	0.9761418	0.0
SPIKE	S69:G>C	0	53610	0.0	9999.0	0.0	TRUE	G	1.645612E-5	45.0	6.960845E-4	0.99717355	238.02797	0.01961838	0.9855808	0.0
SPIKE	S69:G>T	0	53610	0.0	9999.0	0.0	TRUE	G	7.604665E-5	4.0	8.5020973E-4	0.9870052	197.97675	0.020610148	0.98308724	1.0
SPIKE	S70:C>T	8	53610	1.4922589E-4	78.131516	40.0	TRUE	C	7.506571E-5	166.0	0.0013588812	0.9871717	332.87857	0.024275597	0.9829959	0.0
SPIKE	S70:C>A	0	53610	0.0	9999.0	0.0	TRUE	C	5.4182565E-6	3.0	0.009965896	0.9990685	4.6503563	0.063091226	0.97419137	1.0
SPIKE	S70:C>G	0	53610	0.0	9999.0	0.0	TRUE	C	8.306523E-5	3.0	8.3086686E-4	0.98581433	229.15202	0.019449228	0.9874135	1.0
SPIKE	S71:C>A	1	53610	1.8653236E-5	14.546036	40.0	TRUE	C	1.1651272E-5	10.0	0.009965896	0.997998	4.6503563	0.063091226	0.97419137	0.0
SPIKE	S71:C>T	4	53610	7.4612944E-5	32.986084	40.0	TRUE	C	6.963928E-5	154.0	0.0013588812	0.9880935	332.87857	0.024275597	0.9829959	0.0
SPIKE	S71:C>G	0	53610	0.0	9999.0	0.0	TRUE	C	1.30496255E-5	36.0	8.3086686E-4	0.997758	229.15202	0.019449228	0.9874135	0.0
SPIKE	S72:G>A	4	53610	7.4612944E-5	31.921349	40.0	TRUE	G	7.43631E-5	135.0	0.002446348	0.987291	153.32074	0.029602831	0.9761418	0.0
SPIKE	S72:G>C	0	53610	0.0	9999.0	0.0	TRUE	G	8.704482E-5	4.0	6.960845E-4	0.9851398	238.02797	0.01961838	0.9855808	1.0
SPIKE	S72:G>T	0	53610	0.0	9999.0	0.0	TRUE	G	8.066501E-6	21.0	8.5020973E-4	0.99861354	197.97675	0.020610148	0.98308724	0.0
SPIKE	S73:T>A	1	53610	1.8653236E-5	11.064975	40.0	TRUE	T	2.6048929E-5	6.0	0.001658627	0.9955296	61.09297	0.022896303	0.9883488	1.0
SPIKE	S73:T>C	7	53610	1.3057265E-4	36.19176	40.0	TRUE	T	2.1652925E-4	358.0	0.0019063229	0.96344197	126.182594	0.032486882	0.9725449	0.0
SPIKE	S73:T>G	0	53610	0.0	9999.0	0.0	TRUE	T	2.1553282E-5	57.0	3.7149564E-4	0.9962997	542.8603	0.020278962	0.9815877	0.0
SPIKE	S74:G>A	2	53610	3.7306472E-5	18.46536	40.0	TRUE	G	4.1312833E-5	75.0	0.002446348	0.9929194	153.32074	0.029602831	0.9761418	0.0
SPIKE	S74:G>C	0	53610	0.0	9999.0	0.0	TRUE	G	8.704482E-5	3.0	6.960845E-4	0.9851398	238.02797	0.01961838	0.9855808	1.0
SPIKE	S74:G>T	0	53610	0.0	9999.0	0.0	TRUE	G	7.604665E-5	4.0	8.5020973E-4	0.9870052	197.97675	0.020610148	0.98308724	1.0
SPIKE	S75:G>A	3	53610	5.595971E-5	26.383698	40.0	TRUE	G	5.2880427E-5	96.0	0.002446348	0.9909458	153.32074	0.029602831	0.9761418	0.0
SPIKE	S75:G>C	0	53610	0.0	9999.0	0.0	TRUE	G	8.704482E-5	0.0	6.960845E-4	0.9851398	238.02797	0.01961838	0.9855808	1.0
SPIKE	S75:G>T	0	53610	0.0	9999.0	0.0	TRUE	G	1.3828288E-5	36.0	8.5020973E-4	0.99762434	197.97675	0.020610148	0.98308724	0.0
SPIKE	S76:T>G	1	53610	1.8653236E-5	14.661994	40.0	TRUE	T	1.1343833E-5	30.0	3.7149564E-4	0.99805075	542.8603	0.020278962	0.9815877	0.0
SPIKE	S76:T>C	1	53610	1.8653236E-5	6.381637	40.0	TRUE	T	7.862794E-5	130.0	0.0019063229	0.986567	126.182594	0.032486882	0.9725449	0.0
SPIKE	S76:T>A	0	53610	0.0	9999.0	0.0	TRUE	T	2.6048929E-5	3.0	0.001658627	0.9955296	61.09297	0.022896303	0.9883488	1.0
SPIKE	S77:T>A	0	53610	0.0	9999.0	0.0	TRUE	T	2.6048929E-5	0.0	0.001658627	0.9955296	61.09297	0.022896303	0.9883488	1.0
SPIKE	S77:T>G	0	53610	0.0	9999.0	0.0	TRUE	T	2.0527054E-4	4.0	3.7149564E-4	0.9653095	542.8603	0.020278962	0.9815877	1.0
SPIKE	S77:T>C	0	53610	0.0	9999.0	0.0	TRUE	T	6.6531334E-6	11.0	0.0019063229	0.9988563	126.182594	0.032486882	0.9725449	0.0
SPIKE	S78:T>A	0	53610	0.0	9999.0	0.0	TRUE	T	2.6048929E-5	0.0	0.001658627	0.9955296	61.09297	0.022896303	0.9883488	1.0
SPIKE	S78:T>G	0	53610	0.0	9999.0	0.0	TRUE	T	1.5881365E-5	42.0	3.7149564E-4	0.99727213	542.8603	0.020278962	0.9815877	0.0
SPIKE	S78:T>C	0	53610	0.0	9999.0	0.0	TRUE	T	7.6319055E-5	7.0	0.0019063229	0.9869589	126.182594	0.032486882	0.9725449	1.0
SPIKE	S79:G>A	0	53610	0.0	9999.0	0.0	TRUE	G	4.4067023E-5	80.0	0.002446348	0.9924491	153.32074	0.029602831	0.9761418	0.0
SPIKE	S79:G>C	0	53610	0.0	9999.0	0.0	TRUE	G	1.4261971E-5	39.0	6.960845E-4	0.99754995	238.02797	0.01961838	0.9855808	0.0
SPIKE	S79:G>T	0	53610	0.0	9999.0	0.0	TRUE	G	7.604665E-5	2.0	8.5020973E-4	0.9870052	197.97675	0.020610148	0.98308724	1.0
SPIKE	S80:C>T	3	53610	5.595971E-5	21.28339	40.0	TRUE	C	8.049215E-5	178.0	0.0013588812	0.98625076	332.87857	0.024275597	0.9829959	0.0
SPIKE	S80:C>A	0	53610	0.0	9999.0	0.0	TRUE	C	5.4182565E-6	4.0	0.009965896	0.9990685	4.6503563	0.063091226	0.97419137	1.0
SPIKE	S80:C>G	0	53610	0.0	9999.0	0.0	TRUE	C	1.3412116E-5	37.0	8.3086686E-4	0.9976958	229.15202	0.019449228	0.9874135	0.0
SPIKE	S81:G>A	1	53610	1.8653236E-5	6.9300456	40.0	TRUE	G	6.885472E-5	125.0	0.002446348	0.98822683	153.32074	0.029602831	0.9761418	0.0
SPIKE	S81:G>T	1	53610	1.8653236E-5	6.5189443	40.0	TRUE	G	7.604665E-5	3.0	8.5020973E-4	0.9870052	197.97675	0.020610148	0.98308724	1.0
SPIKE	S81:G>C	0	53610	0.0	9999.0	0.0	TRUE	G	8.704482E-5	0.0	6.960845E-4	0.9851398	238.02797	0.01961838	0.9855808	1.0
SPIKE	S82:G>A	2	53610	3.7306472E-5	11.421972	40.0	TRUE	G	9.91508E-5	180.0	0.002446348	0.98309064	153.32074	0.029602831	0.9761418	0.0
SPIKE	S82:G>C	0	53610	0.0	9999.0	0.0	TRUE	G	1.389628E-5	38.0	6.960845E-4	0.9976127	238.02797	0.01961838	0.9855808	0.0
SPIKE	S82:G>T	0	53610	0.0	9999.0	0.0	TRUE	G	7.604665E-5	1.0	8.5020973E-4	0.9870052	197.97675	0.020610148	0.98308724	1.0
SPIKE	S83:C>T	5	53610	9.326618E-5	50.07421	40.0	TRUE	C	5.1551153E-5	114.0	0.0013588812	0.9911724	332.87857	0.024275597	0.9829959	0.0
SPIKE	S83:C>A	0	53610	0.0	9999.0	0.0	TRUE	C	5.4182565E-6	2.0	0.009965896	0.9990685	4.6503563	0.063091226	0.97419137	1.0
SPIKE	S83:C>G	0	53610	0.0	9999.0	0.0	TRUE	C	1.5224564E-5	42.0	8.3086686E-4	0.9973848	229.15202	0.019449228	0.9874135	0.0
SPIKE	S84:G>A	6	53610	1.1191942E-4	52.978622	40.0	TRUE	G	7.7117285E-5	140.0	0.002446348	0.9868234	153.32074	0.029602831	0.9761418	0.0
SPIKE	S84:G>C	0	53610	0.0	9999.0	0.0	TRUE	G	8.704482E-5	0.0	6.960845E-4	0.9851398	238.02797	0.01961838	0.9855808	1.0
SPIKE	S84:G>T	0	53610	0.0	9999.0	0.0	TRUE	G	7.604665E-5	0.0	8.5020973E-4	0.9870052	197.97675	0.020610148	0.98308724	1.0
SPIKE	S85:A>C	1	53610	1.8653236E-5	12.128924	40.0	TRUE	A	2.03595E-5	0.0	0.002486547	0.9965043	26.032454	0.0420319	0.9381352	1.0
SPIKE	S85:A>G	0	53610	0.0	9999.0	0.0	TRUE	A	8.75344E-6	16.0	0.0018767474	0.9984955	185.47151	0.029384641	0.978046	0.0
SPIKE	S85:A>T	0	53610	0.0	9999.0	0.0	TRUE	A	1.6963131E-5	34.0	0.002158926	0.9970866	43.50359	0.026804736	0.9851855	0.0
SPIKE	S86:T>C	1	53610	1.8653236E-5	10.171876	40.0	TRUE	T	3.2056007E-5	53.0	0.0019063229	0.99450153	126.182594	0.032486882	0.9725449	0.0
SPIKE	S86:T>A	0	53610	0.0	9999.0	0.0	TRUE	T	2.6048929E-5	1.0	0.001658627	0.9955296	61.09297	0.022896303	0.9883488	1.0
SPIKE	S86:T>G	0	53610	0.0	9999.0	0.0	TRUE	T	2.0527054E-4	2.0	3.7149564E-4	0.9653095	542.8603	0.020278962	0.9815877	1.0
SPIKE	S87:T>A	0	53610	0.0	9999.0	0.0	TRUE	T	2.6048929E-5	2.0	0.001658627	0.9955296	61.09297	0.022896303	0.9883488	1.0
SPIKE	S87:T>G	0	53610	0.0	9999.0	0.0	TRUE	T	2.0527054E-4	7.0	3.7149564E-4	0.9653095	542.8603	0.020278962	0.9815877	1.0
SPIKE	S87:T>C	0	53610	0.0	9999.0	0.0	TRUE	T	1.5120758E-5	25.0	0.0019063229	0.9974026	126.182594	0.032486882	0.9725449	0.0
SPIKE	S88:T>A	0	53610	0.0	9999.0	0.0	TRUE	T	2.6048929E-5	3.0	0.001658627	0.9955296	61.09297	0.022896303	0.9883488	1.0
SPIKE	S88:T>G	0	53610	0.0	9999.0	0.0	TRUE	T	2.0527054E-4	0.0	3.7149564E-4	0.9653095	542.8603	0.020278962	0.9815877	1.0
SPIKE	S88:T>C	0	53610	0.0	9999.0	0.0	TRUE	T	9.677285E-6	16.0	0.0019063229	0.9983369	126.182594	0.032486882	0.9725449	0.0
SPIKE	S89:A>G	0	53610	0.0	9999.0	0.0	TRUE	A	1.09418E-5	20.0	0.0018767474	0.9981198	185.47151	0.029384641	0.978046	0.0
SPIKE	S89:A>C	0	53610	0.0	9999.0	0.0	TRUE	A	2.03595E-5	0.0	0.002486547	0.9965043	26.032454	0.0420319	0.9381352	1.0
SPIKE	S89:A>T	0	53610	0.0	9999.0	0.0	TRUE	A	2.1704622E-5	4.0	0.002158926	0.99627376	43.50359	0.026804736	0.9851855	1.0
SPIKE	S90:T>C	1	53610	1.8653236E-5	12.626986	38.0	TRUE	T	1.8144909E-5	30.0	0.0019063229	0.9968839	126.182594	0.032486882	0.9725449	0.0
SPIKE	S90:T>A	0	53610	0.0	9999.0	0.0	TRUE	T	2.6048929E-5	0.0	0.001658627	0.9955296	61.09297	0.022896303	0.9883488	1.0
SPIKE	S90:T>G	0	53610	0.0	9999.0	0.0	TRUE	T	2.0527054E-4	3.0	3.7149564E-4	0.9653095	542.8603	0.020278962	0.9815877	1.0
SPIKE	S91:C>A	1	53610	1.8653236E-5	17.86848	39.0	TRUE	C	5.4182565E-6	1.0	0.009965896	0.9990685	4.6503563	0.063091226	0.97419137	1.0
SPIKE	S91:C>T	2	53610	3.7306472E-5	18.68261	39.5	TRUE	C	4.0246076E-5	89.0	0.0013588812	0.9931016	332.87857	0.024275597	0.9829959	0.0
SPIKE	S91:C>G	0	53610	0.0	9999.0	0.0	TRUE	C	8.306523E-5	0.0	8.3086686E-4	0.98581433	229.15202	0.019449228	0.9874135	1.0
SPIKE	S92:G>A	5	53610	9.326618E-5	36.932785	39.8	TRUE	G	9.8049124E-5	178.0	0.002446348	0.98327696	153.32074	0.029602831	0.9761418	0.0
SPIKE	S92:G>C	0	53610	0.0	9999.0	0.0	TRUE	G	8.704482E-5	0.0	6.960845E-4	0.9851398	238.02797	0.01961838	0.9855808	1.0
SPIKE	S92:G>T	0	53610	0.0	9999.0	0.0	TRUE	G	7.604665E-5	2.0	8.5020973E-4	0.9870052	197.97675	0.020610148	0.98308724	1.0
SPIKE	S93:T>A	0	53610	0.0	9999.0	0.0	TRUE	T	2.6048929E-5	2.0	0.001658627	0.9955296	61.09297	0.022896303	0.9883488	1.0
SPIKE	S93:T>G	0	53610	0.0	9999.0	0.0	TRUE	T	2.0527054E-4	5.0	3.7149564E-4	0.9653095	542.8603	0.020278962	0.9815877	1.0
SPIKE	S93:T>C	0	53610	0.0	9999.0	0.0	TRUE	T	8.467624E-5	140.0	0.0019063229	0.9855412	126.182594	0.032486882	0.9725449	0.0
SPIKE	S94:C>T	2	53610	3.7306472E-5	17.968878	39.0	TRUE	C	4.38637E-5	97.0	0.0013588812	0.99248385	332.87857	0.024275597	0.9829959	0.0
SPIKE	S94:C>A	0	53610	0.0	9999.0	0.0	TRUE	C	5.4182565E-6	0.0	0.009965896	0.9990685	4.6503563	0.063091226	0.97419137	1.0
SPIKE	S94:C>G	0	53610	0.0	9999.0	0.0	TRUE	C	8.306523E-5	0.0	8.3086686E-4	0.98581433	229.15202	0.019449228	0.9874135	1.0
SPIKE	S95:G>A	7	53610	1.3057265E-4	69.78379	38.42857	TRUE	G	6.499886E-5	118.0	0.002446348	0.9888825	153.32074	0.029602831	0.9761418	0.0
SPIKE	S95:G>C	0	53610	0.0	9999.0	0.0	TRUE	G	8.704482E-5	2.0	6.960845E-4	0.9851398	238.02797	0.01961838	0.9855808	1.0
SPIKE	S95:G>T	0	53610	0.0	9999.0	0.0	TRUE	G	7.604665E-5	0.0	8.5020973E-4	0.9870052	197.97675	0.020610148	0.98308724	1.0
SPIKE	S96:T>A	0	53610	0.0	9999.0	0.0	TRUE	T	2.6048929E-5	8.0	0.001658627	0.9955296	61.09297	0.022896303	0.9883488	1.0
SPIKE	S96:T>G	0	53610	0.0	9999.0	0.0	TRUE	T	2.0527054E-4	5.0	3.7149564E-4	0.9653095	542.8603	0.020278962	0.9815877	1.0
SPIKE	S96:T>C	0	53610	0.0	9999.0	0.0	TRUE	T	9.4958355E-5	157.0	0.0019063229	0.9837998	126.182594	0.032486882	0.9725449	0.0
SPIKE	S97:C>T	2	53610	3.7306472E-5	18.68261	40.0	TRUE	C	4.0246076E-5	89.0	0.0013588812	0.9931016	332.87857	0.024275597	0.9829959	0.0
SPIKE	S97:C>A	1	53610	1.8653236E-5	17.86848	40.0	TRUE	C	5.4182565E-6	0.0	0.009965896	0.9990685	4.6503563	0.063091226	0.97419137	1.0
SPIKE	S97:C>G	0	53610	0.0	9999.0	0.0	TRUE	C	8.306523E-5	0.0	8.3086686E-4	0.98581433	229.15202	0.019449228	0.9874135	1.0
SPIKE	S98:A>G	1	53610	1.8653236E-5	11.40542	38.0	TRUE	A	2.4071958E-5	44.0	0.0018767474	0.9958682	185.47151	0.029384641	0.978046	0.0
SPIKE	S98:A>C	0	53610	0.0	9999.0	0.0	TRUE	A	2.03595E-5	1.0	0.002486547	0.9965043	26.032454	0.0420319	0.9381352	1.0
SPIKE	S98:A>T	0	53610	0.0	9999.0	0.0	TRUE	A	2.1704622E-5	0.0	0.002158926	0.99627376	43.50359	0.026804736	0.9851855	1.0
SPIKE	S99:T>A	0	53610	0.0	9999.0	0.0	TRUE	T	2.6048929E-5	1.0	0.001658627	0.9955296	61.09297	0.022896303	0.9883488	1.0
SPIKE	S99:T>G	0	53610	0.0	9999.0	0.0	TRUE	T	2.0527054E-4	4.0	3.7149564E-4	0.9653095	542.8603	0.020278962	0.9815877	1.0
SPIKE	S99:T>C	0	53610	0.0	9999.0	0.0	TRUE	T	1.4515927E-5	24.0	0.0019063229	0.9975064	126.182594	0.032486882	0.9725449	0.0
SPIKE	S100:C>T	6	53610	1.1191942E-4	60.486935	39.666668	TRUE	C	5.697759E-5	126.0	0.0013588812	0.9902477	332.87857	0.024275597	0.9829959	0.0
SPIKE	S100:C>A	2	53610	3.7306472E-5	35.78308	38.5	TRUE	C	5.4182565E-6	2.0	0.009965896	0.9990685	4.6503563	0.063091226	0.97419137	1.0
SPIKE	S100:C>G	0	53610	0.0	9999.0	0.0	TRUE	C	8.306523E-5	0.0	8.3086686E-4	0.98581433	229.15202	0.019449228	0.9874135	1.0
SPIKE	S101:G>A	4	53610	7.4612944E-5	34.389423	39.75	TRUE	G	6.389718E-5	116.0	0.002446348	0.9890699	153.32074	0.029602831	0.9761418	0.0
SPIKE	S101:G>C	0	53610	0.0	9999.0	0.0	TRUE	G	8.704482E-5	0.0	6.960845E-4	0.9851398	238.02797	0.01961838	0.9855808	1.0
SPIKE	S101:G>T	0	53610	0.0	9999.0	0.0	TRUE	G	7.604665E-5	1.0	8.5020973E-4	0.9870052	197.97675	0.020610148	0.98308724	1.0
SPIKE	S102:T>C	1	53610	1.8653236E-5	9.935486	38.0	TRUE	T	3.3870496E-5	56.0	0.0019063229	0.9941912	126.182594	0.032486882	0.9725449	0.0
SPIKE	S102:T>A	0	53610	0.0	9999.0	0.0	TRUE	T	2.6048929E-5	1.0	0.001658627	0.9955296	61.09297	0.022896303	0.9883488	1.0
SPIKE	S102:T>G	0	53610	0.0	9999.0	0.0	TRUE	T	2.0527054E-4	5.0	3.7149564E-4	0.9653095	542.8603	0.020278962	0.9815877	1.0
SPIKE	S103:G>A	1	53610	1.8653236E-5	10.040701	40.0	TRUE	G	3.3050266E-5	60.0	0.002446348	0.9943315	153.32074	0.029602831	0.9761418	0.0
SPIKE	S103:G>C	0	53610	0.0	9999.0	0.0	TRUE	G	8.704482E-5	0.0	6.960845E-4	0.9851398	238.02797	0.01961838	0.9855808	1.0
SPIKE	S103:G>T	0	53610	0.0	9999.0	0.0	TRUE	G	7.604665E-5	0.0	8.5020973E-4	0.9870052	197.97675	0.020610148	0.98308724	1.0
SPIKE	S104:G>A	2	53610	3.7306472E-5	12.384542	39.0	TRUE	G	8.7583205E-5	159.0	0.002446348	0.9850486	153.32074	0.029602831	0.9761418	0.0
SPIKE	S104:G>C	0	53610	0.0	9999.0	0.0	TRUE	G	8.704482E-5	2.0	6.960845E-4	0.9851398	238.02797	0.01961838	0.9855808	1.0
SPIKE	S104:G>T	0	53610	0.0	9999.0	0.0	TRUE	G	7.604665E-5	1.0	8.5020973E-4	0.9870052	197.97675	0.020610148	0.98308724	1.0
SPIKE	S105:C>T	3	53610	5.595971E-5	18.72939	39.333332	TRUE	C	9.9936886E-5	221.0	0.0013588812	0.9829577	332.87857	0.024275597	0.9829959	0.0
SPIKE	S105:C>A	0	53610	0.0	9999.0	0.0	TRUE	C	5.4182565E-6	5.0	0.009965896	0.9990685	4.6503563	0.063091226	0.97419137	1.0
SPIKE	S105:C>G	0	53610	0.0	9999.0	0.0	TRUE	C	8.306523E-5	0.0	8.3086686E-4	0.98581433	229.15202	0.019449228	0.9874135	1.0
SPIKE	S106:G>A	5	53610	9.326618E-5	38.33178	39.4	TRUE	G	9.143907E-5	166.0	0.002446348	0.9843955	153.32074	0.029602831	0.9761418	0.0
SPIKE	S106:G>C	0	53610	0.0	9999.0	0.0	TRUE	G	8.704482E-5	0.0	6.960845E-4	0.9851398	238.02797	0.01961838	0.9855808	1.0
SPIKE	S106:G>T	0	53610	0.0	9999.0	0.0	TRUE	G	7.604665E-5	4.0	8.5020973E-4	0.9870052	197.97675	0.020610148	0.98308724	1.0
SPIKE	S107:G>A	2	53610	3.7306472E-5	11.007497	39.5	TRUE	G	1.0465918E-4	190.0	0.002446348	0.9821597	153.32074	0.029602831	0.9761418	0.0
SPIKE	S107:G>C	0	53610	0.0	9999.0	0.0	TRUE	G	8.704482E-5	0.0	6.960845E-4	0.9851398	238.02797	0.01961838	0.9855808	1.0
SPIKE	S107:G>T	0	53610	0.0	9999.0	0.0	TRUE	G	7.604665E-5	1.0	8.5020973E-4	0.9870052	197.97675	0.020610148	0.98308724	1.0
SPIKE	S108:C>T	5	53610	9.326618E-5	42.825523	39.6	TRUE	C	7.32569E-5	162.0	0.0013588812	0.98747885	332.87857	0.024275597	0.9829959	0.0
SPIKE	S108:C>A	0	53610	0.0	9999.0	0.0	TRUE	C	5.4182565E-6	0.0	0.009965896	0.9990685	4.6503563	0.063091226	0.97419137	1.0
SPIKE	S108:C>G	0	53610	0.0	9999.0	0.0	TRUE	C	8.306523E-5	0.0	8.3086686E-4	0.98581433	229.15202	0.019449228	0.9874135	1.0
SPIKE	S109:A>G	2	53610	3.7306472E-5	27.155079	40.0	TRUE	A	1.4771429E-5	27.0	0.0018767474	0.9974625	185.47151	0.029384641	0.978046	0.0
SPIKE	S109:A>C	0	53610	0.0	9999.0	0.0	TRUE	A	2.03595E-5	0.0	0.002486547	0.9965043	26.032454	0.0420319	0.9381352	1.0
SPIKE	S109:A>T	0	53610	0.0	9999.0	0.0	TRUE	A	2.1704622E-5	0.0	0.002158926	0.99627376	43.50359	0.026804736	0.9851855	1.0
SPIKE	S110:G>A	2	53610	3.7306472E-5	16.430317	40.0	TRUE	G	5.2880427E-5	96.0	0.002446348	0.9909458	153.32074	0.029602831	0.9761418	0.0
SPIKE	S110:G>C	0	53610	0.0	9999.0	0.0	TRUE	G	8.704482E-5	0.0	6.960845E-4	0.9851398	238.02797	0.01961838	0.9855808	1.0
SPIKE	S110:G>T	0	53610	0.0	9999.0	0.0	TRUE	G	7.604665E-5	0.0	8.5020973E-4	0.9870052	197.97675	0.020610148	0.98308724	1.0
SPIKE	S111:C>T	2	53610	3.7306472E-5	16.08414	39.0	TRUE	C	5.516878E-5	122.0	0.0013588812	0.9905558	332.87857	0.024275597	0.9829959	0.0
SPIKE	S111:C>A	0	53610	0.0	9999.0	0.0	TRUE	C	5.4182565E-6	1.0	0.009965896	0.9990685	4.6503563	0.063091226	0.97419137	1.0
SPIKE	S111:C>G	0	53610	0.0	9999.0	0.0	TRUE	C	8.306523E-5	0.0	8.3086686E-4	0.98581433	229.15202	0.019449228	0.9874135	1.0
SPIKE	S112:G>A	1	53609	1.8653584E-5	8.705157	40.0	TRUE	G	4.516954E-5	82.0	0.002446348	0.99226093	153.31789	0.029602831	0.9761418	0.0
SPIKE	S112:G>C	0	53609	0.0	9999.0	0.0	TRUE	G	8.704482E-5	0.0	6.960845E-4	0.9851398	238.02353	0.01961838	0.9855808	1.0
SPIKE	S112:G>T	0	53609	0.0	9999.0	0.0	TRUE	G	7.604665E-5	1.0	8.5020973E-4	0.9870052	197.97305	0.020610148	0.98308724	1.0
SPIKE	S113:T>A	0	53609	0.0	9999.0	0.0	TRUE	T	2.6048929E-5	3.0	0.001658627	0.9955296	61.09183	0.022896303	0.9883488	1.0
SPIKE	S113:T>G	0	53609	0.0	9999.0	0.0	TRUE	T	2.0527054E-4	5.0	3.7149564E-4	0.9653095	542.85016	0.020278962	0.9815877	1.0
SPIKE	S113:T>C	0	53609	0.0	9999.0	0.0	TRUE	T	6.169384E-5	102.0	0.0019063229	0.98944473	126.180244	0.032486882	0.9725449	0.0
SPIKE	S114:G>A	3	53609	5.5960754E-5	28.333855	40.0	TRUE	G	4.516954E-5	82.0	0.002446348	0.99226093	153.31789	0.029602831	0.9761418	0.0
SPIKE	S114:G>C	0	53609	0.0	9999.0	0.0	TRUE	G	8.704482E-5	0.0	6.960845E-4	0.9851398	238.02353	0.01961838	0.9855808	1.0
SPIKE	S114:G>T	0	53609	0.0	9999.0	0.0	TRUE	G	7.604665E-5	0.0	8.5020973E-4	0.9870052	197.97305	0.020610148	0.98308724	1.0
SPIKE	S115:A>G	2	53609	3.7307167E-5	12.487352	39.0	TRUE	A	8.6441825E-5	158.0	0.0018767474	0.985242	185.46805	0.029384641	0.978046	0.0
SPIKE	S115:A>C	0	53609	0.0	9999.0	0.0	TRUE	A	2.03595E-5	1.0	0.002486547	0.9965043	26.03197	0.0420319	0.9381352	1.0
SPIKE	S115:A>T	0	53609	0.0	9999.0	0.0	TRUE	A	2.1704622E-5	2.0	0.002158926	0.99627376	43.50278	0.026804736	0.9851855	1.0
SPIKE	S116:C>T	2	53609	3.7307167E-5	20.688635	39.5	TRUE	C	3.1654807E-5	70.0	0.0013588812	0.9945702	332.87234	0.024275597	0.9829959	0.0
SPIKE	S116:C>A	0	53609	0.0	9999.0	0.0	TRUE	C	5.4182565E-6	0.0	0.009965896	0.9990685	4.6502695	0.063091226	0.97419137	1.0
SPIKE	S116:C>G	0	53609	0.0	9999.0	0.0	TRUE	C	8.306523E-5	0.0	8.3086686E-4	0.98581433	229.14775	0.019449228	0.9874135	1.0
SPIKE	S117:C>T	3	53609	5.5960754E-5	29.49391	39.0	TRUE	C	4.1151252E-5	91.0	0.0013588812	0.992947	332.87234	0.024275597	0.9829959	0.0
SPIKE	S117:C>A	0	53609	0.0	9999.0	0.0	TRUE	C	5.4182565E-6	2.0	0.009965896	0.9990685	4.6502695	0.063091226	0.97419137	1.0
SPIKE	S117:C>G	0	53609	0.0	9999.0	0.0	TRUE	C	8.306523E-5	0.0	8.3086686E-4	0.98581433	229.14775	0.019449228	0.9874135	1.0
SPIKE	S118:T>C	1	53609	1.8653584E-5	6.643263	40.0	TRUE	T	7.3790674E-5	122.0	0.0019063229	0.9873882	126.180244	0.032486882	0.9725449	0.0
SPIKE	S118:T>A	0	53609	0.0	9999.0	0.0	TRUE	T	2.6048929E-5	6.0	0.001658627	0.9955296	61.09183	0.022896303	0.9883488	1.0
SPIKE	S118:T>G	0	53609	0.0	9999.0	0.0	TRUE	T	2.0527054E-4	3.0	3.7149564E-4	0.9653095	542.85016	0.020278962	0.9815877	1.0
SPIKE	S119:A>C	1	53609	1.8653584E-5	12.129005	38.0	TRUE	A	2.03595E-5	2.0	0.002486547	0.9965043	26.03197	0.0420319	0.9381352	1.0
SPIKE	S119:A>G	4	53609	7.4614334E-5	42.875374	39.5	TRUE	A	3.8297014E-5	70.0	0.0018767474	0.99343455	185.46805	0.029384641	0.978046	0.0
SPIKE	S119:A>T	0	53609	0.0	9999.0	0.0	TRUE	A	2.1704622E-5	1.0	0.002158926	0.99627376	43.50278	0.026804736	0.9851855	1.0
SPIKE	S120:T>C	1	53609	1.8653584E-5	8.10647	40.0	TRUE	T	5.2016378E-5	86.0	0.0019063229	0.9910931	126.180244	0.032486882	0.9725449	0.0
SPIKE	S120:T>A	0	53609	0.0	9999.0	0.0	TRUE	T	2.6048929E-5	0.0	0.001658627	0.9955296	61.09183	0.022896303	0.9883488	1.0
SPIKE	S120:T>G	0	53609	0.0	9999.0	0.0	TRUE	T	2.0527054E-4	2.0	3.7149564E-4	0.9653095	542.85016	0.020278962	0.9815877	1.0
SPIKE	S121:G>A	4	53609	7.4614334E-5	37.849697	39.5	TRUE	G	5.1779716E-5	94.0	0.002446348	0.99113345	153.31789	0.029602831	0.9761418	0.0
SPIKE	S121:G>C	0	53609	0.0	9999.0	0.0	TRUE	G	8.704482E-5	0.0	6.960845E-4	0.9851398	238.02353	0.01961838	0.9855808	1.0
SPIKE	S121:G>T	0	53609	0.0	9999.0	0.0	TRUE	G	7.604665E-5	0.0	8.5020973E-4	0.9870052	197.97305	0.020610148	0.98308724	1.0
SPIKE	S122:T>C	2	53609	3.7307167E-5	11.325566	38.0	TRUE	T	1.00403704E-4	166.0	0.0019063229	0.9828788	126.180244	0.032486882	0.9725449	0.0
SPIKE	S122:T>A	0	53609	0.0	9999.0	0.0	TRUE	T	2.6048929E-5	1.0	0.001658627	0.9955296	61.09183	0.022896303	0.9883488	1.0
SPIKE	S122:T>G	0	53609	0.0	9999.0	0.0	TRUE	T	2.0527054E-4	8.0	3.7149564E-4	0.9653095	542.85016	0.020278962	0.9815877	1.0
SPIKE	S123:G>A	2	53609	3.7307167E-5	20.326666	39.0	TRUE	G	3.3050885E-5	60.0	0.002446348	0.99433136	153.31789	0.029602831	0.9761418	0.0
SPIKE	D123-124:G>	1	53609	1.8653584E-5	9999.0	39.200394	TRUE		NaN	NaN	NaN	NaN	NaN	NaN	NaN	NaN
SPIKE	S123:G>C	0	53609	0.0	9999.0	0.0	TRUE	G	8.704482E-5	0.0	6.960845E-4	0.9851398	238.02353	0.01961838	0.9855808	1.0
SPIKE	S123:G>T	0	53609	0.0	9999.0	0.0	TRUE	G	7.604665E-5	0.0	8.5020973E-4	0.9870052	197.97305	0.020610148	0.98308724	1.0
SPIKE	S124:T>A	0	53609	0.0	9999.0	0.0	TRUE	T	2.6048929E-5	0.0	0.001658627	0.9955296	61.09183	0.022896303	0.9883488	1.0
SPIKE	S124:T>G	0	53609	0.0	9999.0	0.0	TRUE	T	2.0527054E-4	1.0	3.7149564E-4	0.9653095	542.85016	0.020278962	0.9815877	1.0
SPIKE	S124:T>C	0	53609	0.0	9999.0	0.0	TRUE	T	8.104877E-5	134.0	0.0019063229	0.98615634	126.180244	0.032486882	0.9725449	0.0
SPIKE	S125:G>A	2	53609	3.7307167E-5	14.822811	37.5	TRUE	G	6.4449225E-5	117.0	0.002446348	0.98897594	153.31789	0.029602831	0.9761418	0.0
SPIKE	S125:G>C	0	53609	0.0	9999.0	0.0	TRUE	G	8.704482E-5	0.0	6.960845E-4	0.9851398	238.02353	0.01961838	0.9855808	1.0
SPIKE	S125:G>T	0	53609	0.0	9999.0	0.0	TRUE	G	7.604665E-5	0.0	8.5020973E-4	0.9870052	197.97305	0.020610148	0.98308724	1.0
SPIKE	S126:C>T	7	53609	1.3057509E-4	67.03492	39.0	TRUE	C	7.144942E-5	158.0	0.0013588812	0.9877859	332.87234	0.024275597	0.9829959	0.0
SPIKE	S126:C>A	1	53609	1.8653584E-5	17.868563	39.0	TRUE	C	5.4182565E-6	1.0	0.009965896	0.9990685	4.6502695	0.063091226	0.97419137	1.0
SPIKE	S126:C>G	0	53609	0.0	9999.0	0.0	TRUE	C	8.306523E-5	5.0	8.3086686E-4	0.98581433	229.14775	0.019449228	0.9874135	1.0
SPIKE	S127:G>A	1	53609	1.8653584E-5	7.2775908	40.0	TRUE	G	6.334753E-5	115.0	0.002446348	0.9891634	153.31789	0.029602831	0.9761418	0.0
SPIKE	S127:G>C	0	53609	0.0	9999.0	0.0	TRUE	G	8.704482E-5	4.0	6.960845E-4	0.9851398	238.02353	0.01961838	0.9855808	1.0
SPIKE	S127:G>T	0	53609	0.0	9999.0	0.0	TRUE	G	7.604665E-5	2.0	8.5020973E-4	0.9870052	197.97305	0.020610148	0.98308724	1.0
SPIKE	S128:G>A	1	53609	1.8653584E-5	5.742457	39.0	TRUE	G	9.199163E-5	167.0	0.002446348	0.984302	153.31789	0.029602831	0.9761418	0.0
SPIKE	S128:G>C	0	53609	0.0	9999.0	0.0	TRUE	G	8.704482E-5	2.0	6.960845E-4	0.9851398	238.02353	0.01961838	0.9855808	1.0
SPIKE	S128:G>T	0	53609	0.0	9999.0	0.0	TRUE	G	7.604665E-5	4.0	8.5020973E-4	0.9870052	197.97305	0.020610148	0.98308724	1.0
SPIKE	S129:C>T	1	53609	1.8653584E-5	8.2192955	39.0	TRUE	C	5.0647694E-5	112.0	0.0013588812	0.99132645	332.87234	0.024275597	0.9829959	0.0
SPIKE	S129:C>A	0	53609	0.0	9999.0	0.0	TRUE	C	5.4182565E-6	4.0	0.009965896	0.9990685	4.6502695	0.063091226	0.97419137	1.0
SPIKE	S129:C>G	0	53609	0.0	9999.0	0.0	TRUE	C	8.306523E-5	5.0	8.3086686E-4	0.98581433	229.14775	0.019449228	0.9874135	1.0
SPIKE	S130:G>A	3	53609	5.5960754E-5	26.775126	39.333332	TRUE	G	5.1228868E-5	93.0	0.002446348	0.9912273	153.31789	0.029602831	0.9761418	0.0
SPIKE	S130:G>C	0	53609	0.0	9999.0	0.0	TRUE	G	8.704482E-5	4.0	6.960845E-4	0.9851398	238.02353	0.01961838	0.9855808	1.0
SPIKE	S130:G>T	0	53609	0.0	9999.0	0.0	TRUE	G	7.604665E-5	4.0	8.5020973E-4	0.9870052	197.97305	0.020610148	0.98308724	1.0
SPIKE	S131:G>A	2	53609	3.7307167E-5	10.467593	38.5	TRUE	G	1.12373E-4	204.0	0.002446348	0.98085743	153.31789	0.029602831	0.9761418	0.0
SPIKE	S131:G>C	0	53609	0.0	9999.0	0.0	TRUE	G	8.704482E-5	4.0	6.960845E-4	0.9851398	238.02353	0.01961838	0.9855808	1.0
SPIKE	S131:G>T	0	53609	0.0	9999.0	0.0	TRUE	G	7.604665E-5	0.0	8.5020973E-4	0.9870052	197.97305	0.020610148	0.98308724	1.0
SPIKE	S132:C>T	2	53609	3.7307167E-5	17.634901	35.5	TRUE	C	4.5673365E-5	101.0	0.0013588812	0.992175	332.87234	0.024275597	0.9829959	0.0
SPIKE	S132:C>A	0	53609	0.0	9999.0	0.0	TRUE	C	5.4182565E-6	3.0	0.009965896	0.9990685	4.6502695	0.063091226	0.97419137	1.0
SPIKE	S132:C>G	0	53609	0.0	9999.0	0.0	TRUE	C	8.306523E-5	3.0	8.3086686E-4	0.98581433	229.14775	0.019449228	0.9874135	1.0
SPIKE	S133:A>G	0	53609	0.0	9999.0	0.0	TRUE	A	1.014696E-4	4.0	0.0018767474	0.9826986	185.46805	0.029384641	0.978046	1.0
SPIKE	S133:A>C	0	53609	0.0	9999.0	0.0	TRUE	A	2.03595E-5	8.0	0.002486547	0.9965043	26.03197	0.0420319	0.9381352	1.0
SPIKE	S133:A>T	0	53609	0.0	9999.0	0.0	TRUE	A	2.1704622E-5	0.0	0.002158926	0.99627376	43.50278	0.026804736	0.9851855	1.0
SPIKE	S134:G>A	0	53609	0.0	9999.0	0.0	TRUE	G	1.9555105E-4	355.0	0.002446348	0.9669246	153.31789	0.029602831	0.9761418	0.0
SPIKE	S134:G>C	0	53609	0.0	9999.0	0.0	TRUE	G	1.609073E-5	44.0	6.960845E-4	0.9972362	238.02353	0.01961838	0.9855808	0.0
SPIKE	S134:G>T	0	53609	0.0	9999.0	0.0	TRUE	G	7.604665E-5	5.0	8.5020973E-4	0.9870052	197.97305	0.020610148	0.98308724	1.0
SPIKE	S135:C>A	0	53609	0.0	9999.0	0.0	TRUE	C	5.4182565E-6	3.0	0.009965896	0.9990685	4.6502695	0.063091226	0.97419137	1.0
SPIKE	S135:C>G	0	53609	0.0	9999.0	0.0	TRUE	C	4.3499563E-6	12.0	8.3086686E-4	0.9992521	229.14775	0.019449228	0.9874135	0.0
SPIKE	S135:C>T	0	53609	0.0	9999.0	0.0	TRUE	C	1.374723E-4	304.0	0.0013588812	0.9766321	332.87234	0.024275597	0.9829959	0.0
SPIKE	S136:C>A	0	53609	0.0	9999.0	0.0	TRUE	C	5.4182565E-6	5.0	0.009965896	0.9990685	4.6502695	0.063091226	0.97419137	1.0
SPIKE	S136:C>G	0	53609	0.0	9999.0	0.0	TRUE	C	3.6249637E-6	10.0	8.3086686E-4	0.9993767	229.14775	0.019449228	0.9874135	0.0
SPIKE	S136:C>T	0	53609	0.0	9999.0	0.0	TRUE	C	1.8043241E-4	399.0	0.0013588812	0.96944225	332.87234	0.024275597	0.9829959	0.0
SPIKE	S137:T>A	0	53609	0.0	9999.0	0.0	TRUE	T	2.6048929E-5	8.0	0.001658627	0.9955296	61.09183	0.022896303	0.9883488	1.0
SPIKE	S137:T>G	0	53609	0.0	9999.0	0.0	TRUE	T	8.6971006E-5	230.0	3.7149564E-4	0.9851523	542.85016	0.020278962	0.9815877	0.0
SPIKE	S137:T>C	0	53609	0.0	9999.0	0.0	TRUE	T	1.5725882E-5	26.0	0.0019063229	0.9972988	126.180244	0.032486882	0.9725449	0.0
SPIKE	S138:G>A	0	53609	0.0	9999.0	0.0	TRUE	G	4.2029706E-4	763.0	0.002446348	0.93026006	153.31789	0.029602831	0.9761418	0.0
SPIKE	S138:G>C	0	53609	0.0	9999.0	0.0	TRUE	G	8.704482E-5	4.0	6.960845E-4	0.9851398	238.02353	0.01961838	0.9855808	1.0
SPIKE	S138:G>T	0	53609	0.0	9999.0	0.0	TRUE	G	2.4968207E-5	65.0	8.5020973E-4	0.99571466	197.97305	0.020610148	0.98308724	0.0
SPIKE	S139:A>G	0	53609	0.0	9999.0	0.0	TRUE	A	6.236942E-5	114.0	0.0018767474	0.9893298	185.46805	0.029384641	0.978046	0.0
SPIKE	S139:A>C	0	53609	0.0	9999.0	0.0	TRUE	A	2.03595E-5	3.0	0.002486547	0.9965043	26.03197	0.0420319	0.9381352	1.0
SPIKE	S139:A>T	0	53609	0.0	9999.0	0.0	TRUE	A	4.7347977E-4	949.0	0.002158926	0.9217894	43.50278	0.026804736	0.9851855	0.0
SPIKE	S140:T>A	0	53609	0.0	9999.0	0.0	TRUE	T	9.167379E-5	215.0	0.001658627	0.98435575	61.09183	0.022896303	0.9883488	0.0
SPIKE	S140:T>G	0	53609	0.0	9999.0	0.0	TRUE	T	2.760384E-5	73.0	3.7149564E-4	0.9952634	542.85016	0.020278962	0.9815877	0.0
SPIKE	S140:T>C	0	53609	0.0	9999.0	0.0	TRUE	T	1.9354931E-5	32.0	0.0019063229	0.9966765	126.180244	0.032486882	0.9725449	0.0
SPIKE	S141:T>A	0	53609	0.0	9999.0	0.0	TRUE	T	7.7261816E-4	1812.0	0.001658627	0.8755611	61.09183	0.022896303	0.9883488	0.0
SPIKE	S141:T>G	0	53609	0.0	9999.0	0.0	TRUE	T	6.1635976E-5	163.0	3.7149564E-4	0.9894546	542.85016	0.020278962	0.9815877	0.0
SPIKE	S141:T>C	0	53609	0.0	9999.0	0.0	TRUE	T	6.532289E-5	108.0	0.0019063229	0.98882735	126.180244	0.032486882	0.9725449	0.0
SPIKE	S142:A>G	0	53609	0.0	9999.0	0.0	TRUE	A	0.0013792395	2521.0	0.0018767474	0.7888105	185.46805	0.029384641	0.978046	0.0
SPIKE	S142:A>C	0	53609	0.0	9999.0	0.0	TRUE	A	2.588738E-4	331.0	0.002486547	0.95645046	26.03197	0.0420319	0.9381352	0.0
SPIKE	S142:A>T	0	53609	0.0	9999.0	0.0	TRUE	A	1.5666243E-4	314.0	0.002158926	0.9734139	43.50278	0.026804736	0.9851855	0.0
SPIKE	S143:G>A	0	53609	0.0	9999.0	0.0	TRUE	G	3.6080548E-4	655.0	0.002446348	0.93982786	153.31789	0.029602831	0.9761418	0.0
SPIKE	S143:G>C	0	53609	0.0	9999.0	0.0	TRUE	G	0.0014035504	3838.0	6.960845E-4	0.78551894	238.02353	0.01961838	0.9855808	0.0
SPIKE	S143:G>T	0	53609	0.0	9999.0	0.0	TRUE	G	1.4980925E-5	39.0	8.5020973E-4	0.99742657	197.97305	0.020610148	0.98308724	0.0
SPIKE	S144:C>A	0	53609	0.0	9999.0	0.0	TRUE	C	1.6312084E-5	14.0	0.009965896	0.9971982	4.6502695	0.063091226	0.97419137	0.0
SPIKE	S144:C>G	0	53609	0.0	9999.0	0.0	TRUE	C	2.1604783E-4	596.0	8.3086686E-4	0.9635217	229.14775	0.019449228	0.9874135	0.0
SPIKE	S144:C>T	0	53609	0.0	9999.0	0.0	TRUE	C	1.4606433E-4	323.0	0.0013588812	0.97518986	332.87234	0.024275597	0.9829959	0.0
SPIKE	S145:C>A	0	53609	0.0	9999.0	0.0	TRUE	C	1.28166375E-5	11.0	0.009965896	0.99779797	4.6502695	0.063091226	0.97419137	0.0
SPIKE	S145:C>G	0	53609	0.0	9999.0	0.0	TRUE	C	1.5406095E-4	425.0	8.3086686E-4	0.97384953	229.14775	0.019449228	0.9874135	0.0
SPIKE	S145:C>T	0	53609	0.0	9999.0	0.0	TRUE	C	2.1253942E-4	470.0	0.0013588812	0.96410334	332.87234	0.024275597	0.9829959	0.0
SPIKE	S146:C>A	0	53609	0.0	9999.0	0.0	TRUE	C	5.4182565E-6	9.0	0.009965896	0.9990685	4.6502695	0.063091226	0.97419137	1.0
SPIKE	S146:C>G	0	53609	0.0	9999.0	0.0	TRUE	C	0.0018929561	5222.0	8.3086686E-4	0.72210234	229.14775	0.019449228	0.9874135	0.0
SPIKE	S146:C>T	0	53609	0.0	9999.0	0.0	TRUE	C	3.1202598E-4	690.0	0.0013588812	0.9477463	332.87234	0.024275597	0.9829959	0.0
SPIKE	S147:G>A	0	53609	0.0	9999.0	0.0	TRUE	G	1.1898318E-4	216.0	0.002446348	0.9797429	153.31789	0.029602831	0.9761418	0.0
SPIKE	S147:G>C	0	53609	0.0	9999.0	0.0	TRUE	G	4.0409673E-4	1105.0	6.960845E-4	0.9328558	238.02353	0.01961838	0.9855808	0.0
SPIKE	S147:G>T	0	53609	0.0	9999.0	0.0	TRUE	G	0.0021587897	5620.0	8.5020973E-4	0.6898288	197.97305	0.020610148	0.98308724	0.0
SPIKE	S148:T>A	0	53609	0.0	9999.0	0.0	TRUE	T	2.6048929E-5	6.0	0.001658627	0.9955296	61.09183	0.022896303	0.9883488	1.0
SPIKE	S148:T>G	0	53609	0.0	9999.0	0.0	TRUE	T	0.0034009444	8994.0	3.7149564E-4	0.55712676	542.85016	0.020278962	0.9815877	0.0
SPIKE	S148:T>C	0	53609	0.0	9999.0	0.0	TRUE	T	2.649206E-4	438.0	0.0019063229	0.9554562	126.180244	0.032486882	0.9725449	0.0
SPIKE	S149:G>A	0	53609	0.0	9999.0	0.0	TRUE	G	1.05762825E-4	192.0	0.002446348	0.98197323	153.31789	0.029602831	0.9761418	0.0
SPIKE	S149:G>C	0	53609	0.0	9999.0	0.0	TRUE	G	0.0021850478	5975.0	6.960845E-4	0.68672025	238.02353	0.01961838	0.9855808	0.0
SPIKE	S149:G>T	0	53609	0.0	9999.0	0.0	TRUE	G	7.309923E-4	1903.0	8.5020973E-4	0.8818523	197.97305	0.020610148	0.98308724	0.0
SPIKE	S150:C>A	0	53608	0.0	9999.0	0.0	TRUE	C	5.4182565E-6	7.0	0.009965896	0.9990685	4.6501827	0.063091226	0.97419137	1.0
SPIKE	S150:C>G	0	53608	0.0	9999.0	0.0	TRUE	C	9.968836E-4	2750.0	8.3086686E-4	0.8424306	229.14348	0.019449228	0.9874135	0.0
SPIKE	S150:C>T	0	53608	0.0	9999.0	0.0	TRUE	C	0.0032984926	7294.0	0.0013588812	0.5670313	332.86615	0.024275597	0.9829959	0.0
SPIKE	S151:T>A	0	53606	0.0	9999.0	0.0	TRUE	T	2.6048929E-5	1.0	0.001658627	0.9955296	61.088413	0.022896303	0.9883488	1.0
SPIKE	S151:T>G	0	53606	0.0	9999.0	0.0	TRUE	T	0.003519876	9308.0	3.7149564E-4	0.54584587	542.81976	0.020278962	0.9815877	0.0
SPIKE	S151:T>C	0	53606	0.0	9999.0	0.0	TRUE	T	8.7464985E-4	1446.0	0.0019063229	0.86032957	126.17318	0.032486882	0.9725449	0.0
SPIKE	S152:G>A	0	53601	0.0	9999.0	0.0	TRUE	G	1.2230652E-4	222.0	0.002446348	0.979183	153.295	0.029602831	0.9761418	0.0
SPIKE	S152:G>C	0	53601	0.0	9999.0	0.0	TRUE	G	1.0972589E-5	30.0	6.960845E-4	0.99811447	237.988	0.01961838	0.9855808	0.0
SPIKE	S152:G>T	0	53601	0.0	9999.0	0.0	TRUE	G	5.7051267E-4	1485.0	8.5020973E-4	0.9065327	197.94351	0.020610148	0.98308724	0.0
SPIKE	S153:G>A	0	53544	0.0	9999.0	0.0	TRUE	G	1.19679135E-4	217.0	0.002446348	0.9796256	153.13199	0.029602831	0.9761418	0.0
SPIKE	S153:G>C	0	53544	0.0	9999.0	0.0	TRUE	G	7.3228466E-6	20.0	6.960845E-4	0.99874127	237.73492	0.01961838	0.9855808	0.0
SPIKE	S153:G>T	0	53544	0.0	9999.0	0.0	TRUE	G	7.691851E-6	20.0	8.5020973E-4	0.99867785	197.73302	0.020610148	0.98308724	0.0
