#pipeline_block
reference	mutation	count	coverage	freq	score	cqs	has.reference	ancestral.allele	error.rate	minor.count.local	minor.fdr	minor.recall	minor.count.global	read.fraction.in.minors	q.filtered.read.fraction	global.est
SPIKE	S0:T>A	0	175075	0.0	9999.0	0.0	TRUE	T	8.4099316E-5	53.0	1.4022346E-5	0.9987393	27.386608	0.27780932	0.9780123	0.0
SPIKE	S0:T>G	0	175075	0.0	9999.0	0.0	TRUE	T	2.6584901E-5	19.0	7.902409E-6	0.9996013	159.50911	0.2449678	0.9792644	0.0
SPIKE	S0:T>C	0	175075	0.0	9999.0	0.0	TRUE	T	3.1478612E-5	20.0	1.651345E-5	0.99952793	40.786873	0.27556044	0.9720976	0.0
SPIKE	S1:A>G	0	175170	0.0	9999.0	0.0	TRUE	A	8.5046995E-5	52.0	2.6875614E-5	0.9987251	39.682674	0.2865016	0.9747618	0.0
SPIKE	S1:A>C	0	175170	0.0	9999.0	0.0	TRUE	A	4.7913145E-5	28.0	1.5650665E-5	0.9992816	7.737597	0.29975274	0.9685621	0.0
SPIKE	S1:A>T	0	175170	0.0	9999.0	0.0	TRUE	A	1.1966072E-4	69.0	1.0519583E-5	0.9982067	19.797659	0.30378532	0.97464806	0.0
SPIKE	S2:G>A	0	175324	0.0	9999.0	0.0	TRUE	G	1.02007405E-4	66.0	2.9355984E-5	0.9984711	28.120487	0.27098292	0.97265816	0.0
SPIKE	S2:G>C	0	175324	0.0	9999.0	0.0	TRUE	G	4.5447672E-5	31.0	1.0912546E-5	0.99931854	85.54947	0.25703725	0.9813701	0.0
SPIKE	S2:G>T	0	175324	0.0	9999.0	0.0	TRUE	G	1.850015E-5	12.0	1.1220114E-5	0.99972254	83.03264	0.2702964	0.9774858	0.0
SPIKE	S3:C>A	0	175447	0.0	9999.0	0.0	TRUE	C	1.9051811E-5	9.0	3.0203013E-5	0.99971426	11.731844	0.284924	0.97333837	1.0
SPIKE	S3:C>G	0	175447	0.0	9999.0	0.0	TRUE	C	1.0344558E-4	73.0	1.2411034E-5	0.9984495	91.655334	0.24862249	0.9818446	0.0
SPIKE	S3:C>T	0	175447	0.0	9999.0	0.0	TRUE	C	5.074278E-5	36.0	2.1465767E-5	0.99923915	117.36982	0.24730165	0.9749267	0.0
SPIKE	S4:G>A	22	175518	1.2534327E-4	189.27594	39.363636	TRUE	G	6.947363E-5	45.0	2.9355984E-5	0.9989584	28.151604	0.27098292	0.97265816	0.0
SPIKE	S4:G>C	2	175518	1.1394843E-5	6.0214615	35.5	TRUE	G	6.443507E-5	44.0	1.0912546E-5	0.9990339	85.644135	0.25703725	0.9813701	0.0
SPIKE	S4:G>T	1	175518	5.6974213E-6	3.8175485	40.0	TRUE	G	4.6199257E-5	30.0	1.1220114E-5	0.9993073	83.12451	0.2702964	0.9774858	0.0
SPIKE	S5:T>A	2	175548	1.1392895E-5	8.721989	37.5	TRUE	T	4.345651E-5	2.0	1.4022346E-5	0.99934834	27.4606	0.27780932	0.9780123	1.0
SPIKE	S5:T>C	3	175548	1.7089344E-5	24.496641	40.0	TRUE	T	1.8836277E-5	12.0	1.651345E-5	0.9997175	40.897068	0.27556044	0.9720976	0.0
SPIKE	S5:T>G	0	175548	0.0	9999.0	0.0	TRUE	T	9.349416E-5	67.0	7.902409E-6	0.9985986	159.94006	0.2449678	0.9792644	0.0
SPIKE	S6:G>A	19	175595	1.0820354E-4	159.03253	37.473682	TRUE	G	6.481362E-5	42.0	2.9355984E-5	0.99902827	28.163954	0.27098292	0.97265816	0.0
SPIKE	S6:G>C	1	175595	5.694923E-6	0.9040782	40.0	TRUE	G	1.2542013E-4	0.0	1.0912546E-5	0.9981205	85.6817	0.25703725	0.9813701	1.0
SPIKE	S6:G>T	1	175595	5.694923E-6	3.0736072	40.0	TRUE	G	5.6954097E-5	37.0	1.1220114E-5	0.99914604	83.16098	0.2702964	0.9774858	0.0
SPIKE	S7:A>C	9	175625	5.124555E-5	111.93045	40.0	TRUE	A	1.324045E-5	9.0	1.5650665E-5	0.9998014	7.757695	0.29975274	0.9685621	1.0
SPIKE	D7-8:A>	153	175625	8.711744E-4	9999.0	39.908577	TRUE		NaN	NaN	NaN	NaN	NaN	NaN	NaN	NaN
SPIKE	I7:>A	1	175625	5.6939502E-6	9999.0	39.908577	TRUE		NaN	NaN	NaN	NaN	NaN	NaN	NaN	NaN
SPIKE	S7:A>G	0	175625	0.0	9999.0	0.0	TRUE	A	6.851384E-5	42.0	2.6875614E-5	0.99897283	39.78575	0.2865016	0.9747618	0.0
SPIKE	S7:A>T	0	175625	0.0	9999.0	0.0	TRUE	A	3.4333363E-5	3.0	1.0519583E-5	0.99948514	19.849083	0.30378532	0.97464806	1.0
SPIKE	S8:A>G	1	175632	5.6937233E-6	4.4348764	40.0	TRUE	A	3.9149207E-5	24.0	2.6875614E-5	0.99941295	39.787334	0.2865016	0.9747618	0.0
SPIKE	S8:A>C	6	175632	3.4162338E-5	67.33738	39.166668	TRUE	A	1.324045E-5	2.0	1.5650665E-5	0.9998014	7.7580047	0.29975274	0.9685621	1.0
SPIKE	S8:A>T	0	175632	0.0	9999.0	0.0	TRUE	A	3.4333363E-5	1.0	1.0519583E-5	0.99948514	19.849873	0.30378532	0.97464806	1.0
SPIKE	I9:>G	1	175639	5.6934964E-6	9999.0	39.97377	TRUE		NaN	NaN	NaN	NaN	NaN	NaN	NaN	NaN
SPIKE	S9:G>A	17	175639	9.678944E-5	151.6771	39.764706	TRUE	G	5.0912233E-5	33.0	2.9355984E-5	0.9992366	28.171011	0.27098292	0.97265816	0.0
SPIKE	S9:G>C	2	175639	1.1386993E-5	2.3702264	40.0	TRUE	G	1.2542013E-4	0.0	1.0912546E-5	0.9981205	85.70317	0.25703725	0.9813701	1.0
SPIKE	S9:G>T	2	175639	1.1386993E-5	2.2826972	40.0	TRUE	G	1.2800969E-4	1.0	1.1220114E-5	0.9980817	83.181816	0.2702964	0.9774858	1.0
SPIKE	D9-10:G>	44	175639	2.5051384E-4	9999.0	39.97377	TRUE		NaN	NaN	NaN	NaN	NaN	NaN	NaN	NaN
SPIKE	D9-11:GA>	7	175639	3.9854473E-5	9999.0	39.97377	TRUE		NaN	NaN	NaN	NaN	NaN	NaN	NaN	NaN
SPIKE	S10:A>C	4	175639	2.2773986E-5	40.790874	40.0	TRUE	A	1.324045E-5	8.0	1.5650665E-5	0.9998014	7.7583137	0.29975274	0.9685621	1.0
SPIKE	D10-11:A>	55	175639	3.131423E-4	9999.0	39.969147	TRUE		NaN	NaN	NaN	NaN	NaN	NaN	NaN	NaN
SPIKE	D10-12:AC>	4	175639	2.2773986E-5	9999.0	39.969147	TRUE		NaN	NaN	NaN	NaN	NaN	NaN	NaN	NaN
SPIKE	S10:A>G	0	175639	0.0	9999.0	0.0	TRUE	A	3.588534E-5	22.0	2.6875614E-5	0.9994619	39.78892	0.2865016	0.9747618	0.0
SPIKE	S10:A>T	0	175639	0.0	9999.0	0.0	TRUE	A	3.4333363E-5	0.0	1.0519583E-5	0.99948514	19.850664	0.30378532	0.97464806	1.0
SPIKE	S11:C>A	1	175639	5.6934964E-6	8.015599	40.0	TRUE	C	1.6221647E-5	10.0	3.0203013E-5	0.9997567	11.744683	0.284924	0.97333837	0.0
SPIKE	S11:C>G	1	175639	5.6934964E-6	0.8374488	40.0	TRUE	C	1.2988136E-4	6.0	1.2411034E-5	0.99805367	91.75564	0.24862249	0.9818446	1.0
SPIKE	S11:C>T	2	175639	1.1386993E-5	16.768572	40.0	TRUE	C	1.5487789E-5	11.0	2.1465767E-5	0.9997677	117.49827	0.24730165	0.9749267	0.0
SPIKE	D11-12:C>	18	175639	1.0248293E-4	9999.0	39.93176	TRUE		NaN	NaN	NaN	NaN	NaN	NaN	NaN	NaN
SPIKE	S12:G>A	31	175639	1.7649839E-4	376.9066	40.0	TRUE	G	4.0112667E-5	26.0	2.9355984E-5	0.99939847	28.171011	0.27098292	0.97265816	0.0
SPIKE	S12:G>T	8	175639	4.554797E-5	25.390427	38.625	TRUE	G	1.2800969E-4	4.0	1.1220114E-5	0.9980817	83.181816	0.2702964	0.9774858	1.0
SPIKE	D12-13:G>	24	175639	1.3664391E-4	9999.0	39.96096	TRUE		NaN	NaN	NaN	NaN	NaN	NaN	NaN	NaN
SPIKE	S12:G>C	0	175639	0.0	9999.0	0.0	TRUE	G	1.2542013E-4	9.0	1.0912546E-5	0.9981205	85.70317	0.25703725	0.9813701	1.0
SPIKE	S13:A>C	3	175639	1.7080489E-5	28.836512	40.0	TRUE	A	1.324045E-5	3.0	1.5650665E-5	0.9998014	7.7583137	0.29975274	0.9685621	1.0
SPIKE	D13-14:A>	23	175639	1.3095042E-4	9999.0	39.962917	TRUE		NaN	NaN	NaN	NaN	NaN	NaN	NaN	NaN
SPIKE	I13:>A	2	175639	1.1386993E-5	9999.0	39.962917	TRUE		NaN	NaN	NaN	NaN	NaN	NaN	NaN	NaN
SPIKE	S13:A>G	0	175639	0.0	9999.0	0.0	TRUE	A	2.1204974E-5	13.0	2.6875614E-5	0.99968195	39.78892	0.2865016	0.9747618	0.0
SPIKE	S13:A>T	0	175639	0.0	9999.0	0.0	TRUE	A	3.4333363E-5	0.0	1.0519583E-5	0.99948514	19.850664	0.30378532	0.97464806	1.0
SPIKE	D14-16:CA>	1	175639	5.6934964E-6	9999.0	39.965553	TRUE		NaN	NaN	NaN	NaN	NaN	NaN	NaN	NaN
SPIKE	S14:C>A	1	175639	5.6934964E-6	7.3393292	40.0	TRUE	C	1.9051811E-5	8.0	3.0203013E-5	0.99971426	11.744683	0.284924	0.97333837	1.0
SPIKE	S14:C>G	2	175639	1.1386993E-5	2.2215476	40.0	TRUE	C	1.2988136E-4	1.0	1.2411034E-5	0.99805367	91.75564	0.24862249	0.9818446	1.0
SPIKE	S14:C>T	2	175639	1.1386993E-5	11.601287	37.0	TRUE	C	2.9567598E-5	21.0	2.1465767E-5	0.9995566	117.49827	0.24730165	0.9749267	0.0
SPIKE	D14-15:C>	10	175639	5.6934965E-5	9999.0	39.965553	TRUE		NaN	NaN	NaN	NaN	NaN	NaN	NaN	NaN
SPIKE	S15:A>C	3	175639	1.7080489E-5	28.836512	40.0	TRUE	A	1.324045E-5	2.0	1.5650665E-5	0.9998014	7.7583137	0.29975274	0.9685621	1.0
SPIKE	D15-16:A>	3	175639	1.7080489E-5	9999.0	39.967087	TRUE		NaN	NaN	NaN	NaN	NaN	NaN	NaN	NaN
SPIKE	S15:A>G	0	175639	0.0	9999.0	0.0	TRUE	A	6.4901775E-5	8.0	2.6875614E-5	0.99902695	39.78892	0.2865016	0.9747618	1.0
SPIKE	S15:A>T	0	175639	0.0	9999.0	0.0	TRUE	A	3.4333363E-5	2.0	1.0519583E-5	0.99948514	19.850664	0.30378532	0.97464806	1.0
SPIKE	S16:G>A	22	175639	1.2525692E-4	231.79837	39.590908	TRUE	G	4.3462092E-5	9.0	2.9355984E-5	0.9993483	28.171011	0.27098292	0.97265816	1.0
SPIKE	S16:G>T	2	175639	1.1386993E-5	2.2826972	40.0	TRUE	G	1.2800969E-4	3.0	1.1220114E-5	0.9980817	83.181816	0.2702964	0.9774858	1.0
SPIKE	S16:G>C	0	175639	0.0	9999.0	0.0	TRUE	G	1.2542013E-4	0.0	1.0912546E-5	0.9981205	85.70317	0.25703725	0.9813701	1.0
SPIKE	S17:A>C	1	175639	5.6934964E-6	8.877299	40.0	TRUE	A	1.324045E-5	1.0	1.5650665E-5	0.9998014	7.7583137	0.29975274	0.9685621	1.0
SPIKE	S17:A>G	0	175639	0.0	9999.0	0.0	TRUE	A	6.4901775E-5	2.0	2.6875614E-5	0.99902695	39.78892	0.2865016	0.9747618	1.0
SPIKE	S17:A>T	0	175639	0.0	9999.0	0.0	TRUE	A	3.4333363E-5	0.0	1.0519583E-5	0.99948514	19.850664	0.30378532	0.97464806	1.0
SPIKE	S18:A>C	3	175639	1.7080489E-5	28.836512	40.0	TRUE	A	1.324045E-5	3.0	1.5650665E-5	0.9998014	7.7583137	0.29975274	0.9685621	1.0
SPIKE	S18:A>G	0	175639	0.0	9999.0	0.0	TRUE	A	6.4901775E-5	2.0	2.6875614E-5	0.99902695	39.78892	0.2865016	0.9747618	1.0
SPIKE	S18:A>T	0	175639	0.0	9999.0	0.0	TRUE	A	3.4333363E-5	0.0	1.0519583E-5	0.99948514	19.850664	0.30378532	0.97464806	1.0
SPIKE	S19:C>G	1	175639	5.6934964E-6	0.8374488	40.0	TRUE	C	1.2988136E-4	1.0	1.2411034E-5	0.99805367	91.75564	0.24862249	0.9818446	1.0
SPIKE	S19:C>A	1	175639	5.6934964E-6	7.3393292	34.0	TRUE	C	1.9051811E-5	5.0	3.0203013E-5	0.99971426	11.744683	0.284924	0.97333837	1.0
SPIKE	S19:C>T	2	175639	1.1386993E-5	1.331604	40.0	TRUE	C	1.6543531E-4	7.0	2.1465767E-5	0.9975215	117.49827	0.24730165	0.9749267	1.0
SPIKE	S20:C>A	17	175639	9.678944E-5	222.28844	39.47059	TRUE	C	1.9051811E-5	4.0	3.0203013E-5	0.99971426	11.744683	0.284924	0.97333837	1.0
SPIKE	S20:C>G	0	175639	0.0	9999.0	0.0	TRUE	C	1.2988136E-4	1.0	1.2411034E-5	0.99805367	91.75564	0.24862249	0.9818446	1.0
SPIKE	S20:C>T	0	175639	0.0	9999.0	0.0	TRUE	C	1.6543531E-4	2.0	2.1465767E-5	0.9975215	117.49827	0.24730165	0.9749267	1.0
SPIKE	S21:A>G	0	175639	0.0	9999.0	0.0	TRUE	A	6.4901775E-5	5.0	2.6875614E-5	0.99902695	39.78892	0.2865016	0.9747618	1.0
SPIKE	S21:A>C	0	175639	0.0	9999.0	0.0	TRUE	A	1.324045E-5	1.0	1.5650665E-5	0.9998014	7.7583137	0.29975274	0.9685621	1.0
SPIKE	S21:A>T	0	175639	0.0	9999.0	0.0	TRUE	A	3.4333363E-5	2.0	1.0519583E-5	0.99948514	19.850664	0.30378532	0.97464806	1.0
SPIKE	S22:A>G	175637	175639	0.9999886	Infinity	39.99724	TRUE	G	6.4901775E-5	0.0	2.6875614E-5	0.99902695	39.78892	0.2865016	0.9747618	1.0
SPIKE	S22:A>C	0	175639	0.0	9999.0	0.0	TRUE	G	1.324045E-5	0.0	1.5650665E-5	0.9998014	7.7583137	0.29975274	0.9685621	1.0
SPIKE	S22:A>T	0	175639	0.0	9999.0	0.0	TRUE	G	3.4333363E-5	0.0	1.0519583E-5	0.99948514	19.850664	0.30378532	0.97464806	1.0
SPIKE	S23:A>G	0	175639	0.0	9999.0	0.0	TRUE	A	6.4901775E-5	0.0	2.6875614E-5	0.99902695	39.78892	0.2865016	0.9747618	1.0
SPIKE	S23:A>C	0	175639	0.0	9999.0	0.0	TRUE	A	1.324045E-5	0.0	1.5650665E-5	0.9998014	7.7583137	0.29975274	0.9685621	1.0
SPIKE	S23:A>T	0	175639	0.0	9999.0	0.0	TRUE	A	3.4333363E-5	0.0	1.0519583E-5	0.99948514	19.850664	0.30378532	0.97464806	1.0
SPIKE	S24:A>G	0	175639	0.0	9999.0	0.0	TRUE	A	6.4901775E-5	0.0	2.6875614E-5	0.99902695	39.78892	0.2865016	0.9747618	1.0
SPIKE	S24:A>C	0	175639	0.0	9999.0	0.0	TRUE	A	1.324045E-5	2.0	1.5650665E-5	0.9998014	7.7583137	0.29975274	0.9685621	1.0
SPIKE	S24:A>T	0	175639	0.0	9999.0	0.0	TRUE	A	3.4333363E-5	0.0	1.0519583E-5	0.99948514	19.850664	0.30378532	0.97464806	1.0
SPIKE	S25:A>C	175637	175639	0.9999886	Infinity	39.99724	TRUE	C	1.324045E-5	0.0	1.5650665E-5	0.9998014	7.7583137	0.29975274	0.9685621	1.0
SPIKE	S25:A>G	0	175639	0.0	9999.0	0.0	TRUE	C	6.4901775E-5	0.0	2.6875614E-5	0.99902695	39.78892	0.2865016	0.9747618	1.0
SPIKE	S25:A>T	0	175639	0.0	9999.0	0.0	TRUE	C	3.4333363E-5	2.0	1.0519583E-5	0.99948514	19.850664	0.30378532	0.97464806	1.0
SPIKE	S26:T>A	0	175639	0.0	9999.0	0.0	TRUE	T	4.345651E-5	1.0	1.4022346E-5	0.99934834	27.474834	0.27780932	0.9780123	1.0
SPIKE	S26:T>G	0	175639	0.0	9999.0	0.0	TRUE	T	2.23186E-4	2.0	7.902409E-6	0.9966578	160.02296	0.2449678	0.9792644	1.0
SPIKE	S26:T>C	0	175639	0.0	9999.0	0.0	TRUE	T	6.419571E-5	8.0	1.651345E-5	0.9990375	40.918266	0.27556044	0.9720976	1.0
SPIKE	S27:G>T	1	175639	5.6934964E-6	0.8645698	40.0	TRUE	G	1.2800969E-4	4.0	1.1220114E-5	0.9980817	83.181816	0.2702964	0.9774858	1.0
SPIKE	D27-28:G>	1	175639	5.6934964E-6	9999.0	39.988544	TRUE		NaN	NaN	NaN	NaN	NaN	NaN	NaN	NaN
SPIKE	S27:G>A	0	175639	0.0	9999.0	0.0	TRUE	G	4.3462092E-5	3.0	2.9355984E-5	0.9993483	28.171011	0.27098292	0.97265816	1.0
SPIKE	S27:G>C	0	175639	0.0	9999.0	0.0	TRUE	G	1.2542013E-4	0.0	1.0912546E-5	0.9981205	85.70317	0.25703725	0.9813701	1.0
SPIKE	S28:G>A	1	175639	5.6934964E-6	4.0406303	40.0	TRUE	G	4.3462092E-5	7.0	2.9355984E-5	0.9993483	28.171011	0.27098292	0.97265816	1.0
SPIKE	S28:G>T	1	175639	5.6934964E-6	0.8645698	40.0	TRUE	G	1.2800969E-4	4.0	1.1220114E-5	0.9980817	83.181816	0.2702964	0.9774858	1.0
SPIKE	S28:G>C	0	175639	0.0	9999.0	0.0	TRUE	G	1.2542013E-4	1.0	1.0912546E-5	0.9981205	85.70317	0.25703725	0.9813701	1.0
SPIKE	S29:G>A	1	175639	5.6934964E-6	4.0406303	40.0	TRUE	G	4.3462092E-5	4.0	2.9355984E-5	0.9993483	28.171011	0.27098292	0.97265816	1.0
SPIKE	S29:G>C	0	175639	0.0	9999.0	0.0	TRUE	G	1.2542013E-4	0.0	1.0912546E-5	0.9981205	85.70317	0.25703725	0.9813701	1.0
SPIKE	S29:G>T	0	175639	0.0	9999.0	0.0	TRUE	G	1.2800969E-4	4.0	1.1220114E-5	0.9980817	83.181816	0.2702964	0.9774858	1.0
SPIKE	S30:A>G	0	175639	0.0	9999.0	0.0	TRUE	A	6.4901775E-5	0.0	2.6875614E-5	0.99902695	39.78892	0.2865016	0.9747618	1.0
SPIKE	S30:A>C	0	175639	0.0	9999.0	0.0	TRUE	A	1.324045E-5	0.0	1.5650665E-5	0.9998014	7.7583137	0.29975274	0.9685621	1.0
SPIKE	S30:A>T	0	175639	0.0	9999.0	0.0	TRUE	A	3.4333363E-5	1.0	1.0519583E-5	0.99948514	19.850664	0.30378532	0.97464806	1.0
SPIKE	S31:T>C	1	175639	5.6934964E-6	2.673228	40.0	TRUE	T	6.419571E-5	4.0	1.651345E-5	0.9990375	40.918266	0.27556044	0.9720976	1.0
SPIKE	S31:T>A	0	175639	0.0	9999.0	0.0	TRUE	T	4.345651E-5	0.0	1.4022346E-5	0.99934834	27.474834	0.27780932	0.9780123	1.0
SPIKE	S31:T>G	0	175639	0.0	9999.0	0.0	TRUE	T	2.23186E-4	0.0	7.902409E-6	0.9966578	160.02296	0.2449678	0.9792644	1.0
SPIKE	S32:C>A	5	175639	2.8467482E-5	46.111126	39.4	TRUE	C	1.9051811E-5	2.0	3.0203013E-5	0.99971426	11.744683	0.284924	0.97333837	1.0
SPIKE	S32:C>G	0	175639	0.0	9999.0	0.0	TRUE	C	1.2988136E-4	0.0	1.2411034E-5	0.99805367	91.75564	0.24862249	0.9818446	1.0
SPIKE	S32:C>T	0	175639	0.0	9999.0	0.0	TRUE	C	1.6543531E-4	5.0	2.1465767E-5	0.9975215	117.49827	0.24730165	0.9749267	1.0
SPIKE	S33:C>A	10	175639	5.6934965E-5	112.376396	40.0	TRUE	C	1.9051811E-5	3.0	3.0203013E-5	0.99971426	11.744683	0.284924	0.97333837	1.0
SPIKE	S33:C>G	0	175639	0.0	9999.0	0.0	TRUE	C	1.2988136E-4	0.0	1.2411034E-5	0.99805367	91.75564	0.24862249	0.9818446	1.0
SPIKE	S33:C>T	0	175639	0.0	9999.0	0.0	TRUE	C	1.6543531E-4	3.0	2.1465767E-5	0.9975215	117.49827	0.24730165	0.9749267	1.0
SPIKE	S34:A>G	0	175639	0.0	9999.0	0.0	TRUE	A	6.4901775E-5	6.0	2.6875614E-5	0.99902695	39.78892	0.2865016	0.9747618	1.0
SPIKE	S34:A>C	0	175639	0.0	9999.0	0.0	TRUE	A	1.324045E-5	0.0	1.5650665E-5	0.9998014	7.7583137	0.29975274	0.9685621	1.0
SPIKE	S34:A>T	0	175639	0.0	9999.0	0.0	TRUE	A	3.4333363E-5	1.0	1.0519583E-5	0.99948514	19.850664	0.30378532	0.97464806	1.0
SPIKE	S35:T>A	0	175639	0.0	9999.0	0.0	TRUE	T	4.345651E-5	1.0	1.4022346E-5	0.99934834	27.474834	0.27780932	0.9780123	1.0
SPIKE	S35:T>G	0	175639	0.0	9999.0	0.0	TRUE	T	2.23186E-4	1.0	7.902409E-6	0.9966578	160.02296	0.2449678	0.9792644	1.0
SPIKE	S35:T>C	0	175639	0.0	9999.0	0.0	TRUE	T	6.419571E-5	4.0	1.651345E-5	0.9990375	40.918266	0.27556044	0.9720976	1.0
SPIKE	S36:T>A	0	175639	0.0	9999.0	0.0	TRUE	T	4.345651E-5	2.0	1.4022346E-5	0.99934834	27.474834	0.27780932	0.9780123	1.0
SPIKE	S36:T>G	0	175639	0.0	9999.0	0.0	TRUE	T	2.23186E-4	0.0	7.902409E-6	0.9966578	160.02296	0.2449678	0.9792644	1.0
SPIKE	S36:T>C	0	175639	0.0	9999.0	0.0	TRUE	T	6.419571E-5	3.0	1.651345E-5	0.9990375	40.918266	0.27556044	0.9720976	1.0
SPIKE	S37:A>G	0	175639	0.0	9999.0	0.0	TRUE	A	6.4901775E-5	1.0	2.6875614E-5	0.99902695	39.78892	0.2865016	0.9747618	1.0
SPIKE	S37:A>C	0	175639	0.0	9999.0	0.0	TRUE	A	1.324045E-5	0.0	1.5650665E-5	0.9998014	7.7583137	0.29975274	0.9685621	1.0
SPIKE	S37:A>T	0	175639	0.0	9999.0	0.0	TRUE	A	3.4333363E-5	0.0	1.0519583E-5	0.99948514	19.850664	0.30378532	0.97464806	1.0
SPIKE	S38:T>A	0	175639	0.0	9999.0	0.0	TRUE	T	4.345651E-5	1.0	1.4022346E-5	0.99934834	27.474834	0.27780932	0.9780123	1.0
SPIKE	S38:T>G	0	175639	0.0	9999.0	0.0	TRUE	T	2.23186E-4	0.0	7.902409E-6	0.9966578	160.02296	0.2449678	0.9792644	1.0
SPIKE	S38:T>C	0	175639	0.0	9999.0	0.0	TRUE	T	6.419571E-5	1.0	1.651345E-5	0.9990375	40.918266	0.27556044	0.9720976	1.0
SPIKE	S39:C>T	7	175639	3.9854473E-5	54.494606	39.285713	TRUE	C	3.379154E-5	24.0	2.1465767E-5	0.99949324	117.49827	0.24730165	0.9749267	0.0
SPIKE	S39:C>A	9	175639	5.1241466E-5	98.1038	39.333332	TRUE	C	1.9051811E-5	6.0	3.0203013E-5	0.99971426	11.744683	0.284924	0.97333837	1.0
SPIKE	S39:C>G	0	175639	0.0	9999.0	0.0	TRUE	C	1.2988136E-4	0.0	1.2411034E-5	0.99805367	91.75564	0.24862249	0.9818446	1.0
SPIKE	S40:G>T	1	175639	5.6934964E-6	0.8645698	40.0	TRUE	G	1.2800969E-4	3.0	1.1220114E-5	0.9980817	83.181816	0.2702964	0.9774858	1.0
SPIKE	S40:G>A	1	175639	5.6934964E-6	4.0406303	34.0	TRUE	G	4.3462092E-5	3.0	2.9355984E-5	0.9993483	28.171011	0.27098292	0.97265816	1.0
SPIKE	S40:G>C	0	175639	0.0	9999.0	0.0	TRUE	G	1.2542013E-4	0.0	1.0912546E-5	0.9981205	85.70317	0.25703725	0.9813701	1.0
SPIKE	S41:G>A	1	175639	5.6934964E-6	8.227762	35.0	TRUE	G	1.542795E-5	10.0	2.9355984E-5	0.9997686	28.171011	0.27098292	0.97265816	0.0
SPIKE	S41:G>C	0	175639	0.0	9999.0	0.0	TRUE	G	1.2542013E-4	0.0	1.0912546E-5	0.9981205	85.70317	0.25703725	0.9813701	1.0
SPIKE	S41:G>T	0	175639	0.0	9999.0	0.0	TRUE	G	1.2800969E-4	5.0	1.1220114E-5	0.9980817	83.181816	0.2702964	0.9774858	1.0
SPIKE	S42:C>T	4	175639	2.2773986E-5	33.09033	39.0	TRUE	C	2.1119713E-5	15.0	2.1465767E-5	0.99968326	117.49827	0.24730165	0.9749267	0.0
SPIKE	S42:C>A	21	175639	1.19563425E-4	290.8346	39.809525	TRUE	C	1.9051811E-5	6.0	3.0203013E-5	0.99971426	11.744683	0.284924	0.97333837	1.0
SPIKE	S42:C>G	0	175639	0.0	9999.0	0.0	TRUE	C	1.2988136E-4	0.0	1.2411034E-5	0.99805367	91.75564	0.24862249	0.9818446	1.0
SPIKE	S43:G>T	1	175639	5.6934964E-6	0.8645698	40.0	TRUE	G	1.2800969E-4	5.0	1.1220114E-5	0.9980817	83.181816	0.2702964	0.9774858	1.0
SPIKE	S43:G>A	5	175639	2.8467482E-5	26.051554	40.0	TRUE	G	5.2455027E-5	34.0	2.9355984E-5	0.99921346	28.171011	0.27098292	0.97265816	0.0
SPIKE	S43:G>C	0	175639	0.0	9999.0	0.0	TRUE	G	1.2542013E-4	1.0	1.0912546E-5	0.9981205	85.70317	0.25703725	0.9813701	1.0
SPIKE	S44:G>C	1	175639	5.6934964E-6	0.9035937	31.0	TRUE	G	1.2542013E-4	3.0	1.0912546E-5	0.9981205	85.70317	0.25703725	0.9813701	1.0
SPIKE	S44:G>A	8	175639	4.554797E-5	16.36863	38.375	TRUE	G	1.8513539E-4	120.0	2.9355984E-5	0.99722683	28.171011	0.27098292	0.97265816	0.0
SPIKE	S44:G>T	0	175639	0.0	9999.0	0.0	TRUE	G	1.2800969E-4	6.0	1.1220114E-5	0.9980817	83.181816	0.2702964	0.9774858	1.0
SPIKE	S45:C>T	1	175639	5.6934964E-6	0.45870572	31.0	TRUE	C	1.6543531E-4	6.0	2.1465767E-5	0.9975215	117.49827	0.24730165	0.9749267	1.0
SPIKE	S45:C>A	3	175639	1.7080489E-5	24.351618	40.0	TRUE	C	1.9051811E-5	4.0	3.0203013E-5	0.99971426	11.744683	0.284924	0.97333837	1.0
SPIKE	S45:C>G	0	175639	0.0	9999.0	0.0	TRUE	C	1.2988136E-4	0.0	1.2411034E-5	0.99805367	91.75564	0.24862249	0.9818446	1.0
SPIKE	S46:G>A	2	175639	1.1386993E-5	12.087454	40.0	TRUE	G	2.7770307E-5	18.0	2.9355984E-5	0.99958354	28.171011	0.27098292	0.97265816	0.0
SPIKE	S46:G>C	0	175639	0.0	9999.0	0.0	TRUE	G	1.2542013E-4	2.0	1.0912546E-5	0.9981205	85.70317	0.25703725	0.9813701	1.0
SPIKE	S46:G>T	0	175639	0.0	9999.0	0.0	TRUE	G	1.2800969E-4	7.0	1.1220114E-5	0.9980817	83.181816	0.2702964	0.9774858	1.0
SPIKE	S47:A>G	0	175639	0.0	9999.0	0.0	TRUE	A	6.4901775E-5	0.0	2.6875614E-5	0.99902695	39.78892	0.2865016	0.9747618	1.0
SPIKE	S47:A>C	0	175639	0.0	9999.0	0.0	TRUE	A	1.324045E-5	0.0	1.5650665E-5	0.9998014	7.7583137	0.29975274	0.9685621	1.0
SPIKE	S47:A>T	0	175639	0.0	9999.0	0.0	TRUE	A	3.4333363E-5	2.0	1.0519583E-5	0.99948514	19.850664	0.30378532	0.97464806	1.0
SPIKE	S48:A>T	1	175639	5.6934964E-6	4.94233	40.0	TRUE	A	3.4333363E-5	1.0	1.0519583E-5	0.99948514	19.850664	0.30378532	0.97464806	1.0
SPIKE	S48:A>G	0	175639	0.0	9999.0	0.0	TRUE	A	6.4901775E-5	0.0	2.6875614E-5	0.99902695	39.78892	0.2865016	0.9747618	1.0
SPIKE	S48:A>C	0	175639	0.0	9999.0	0.0	TRUE	A	1.324045E-5	0.0	1.5650665E-5	0.9998014	7.7583137	0.29975274	0.9685621	1.0
SPIKE	S49:T>C	1	175639	5.6934964E-6	2.673228	31.0	TRUE	T	6.419571E-5	0.0	1.651345E-5	0.9990375	40.918266	0.27556044	0.9720976	1.0
SPIKE	S49:T>A	0	175639	0.0	9999.0	0.0	TRUE	T	4.345651E-5	0.0	1.4022346E-5	0.99934834	27.474834	0.27780932	0.9780123	1.0
SPIKE	S49:T>G	0	175639	0.0	9999.0	0.0	TRUE	T	2.23186E-4	0.0	7.902409E-6	0.9966578	160.02296	0.2449678	0.9792644	1.0
SPIKE	S50:T>C	1	175639	5.6934964E-6	2.673228	31.0	TRUE	T	6.419571E-5	0.0	1.651345E-5	0.9990375	40.918266	0.27556044	0.9720976	1.0
SPIKE	S50:T>A	0	175639	0.0	9999.0	0.0	TRUE	T	4.345651E-5	0.0	1.4022346E-5	0.99934834	27.474834	0.27780932	0.9780123	1.0
SPIKE	S50:T>G	0	175639	0.0	9999.0	0.0	TRUE	T	2.23186E-4	0.0	7.902409E-6	0.9966578	160.02296	0.2449678	0.9792644	1.0
SPIKE	S51:T>A	0	175639	0.0	9999.0	0.0	TRUE	T	4.345651E-5	1.0	1.4022346E-5	0.99934834	27.474834	0.27780932	0.9780123	1.0
SPIKE	S51:T>G	0	175639	0.0	9999.0	0.0	TRUE	T	2.23186E-4	0.0	7.902409E-6	0.9966578	160.02296	0.2449678	0.9792644	1.0
SPIKE	S51:T>C	0	175639	0.0	9999.0	0.0	TRUE	T	6.419571E-5	0.0	1.651345E-5	0.9990375	40.918266	0.27556044	0.9720976	1.0
SPIKE	S52:A>G	4	175639	2.2773986E-5	23.31601	38.0	TRUE	A	3.9147646E-5	24.0	2.6875614E-5	0.99941295	39.78892	0.2865016	0.9747618	0.0
SPIKE	S52:A>C	0	175639	0.0	9999.0	0.0	TRUE	A	1.324045E-5	0.0	1.5650665E-5	0.9998014	7.7583137	0.29975274	0.9685621	1.0
SPIKE	S52:A>T	0	175639	0.0	9999.0	0.0	TRUE	A	3.4333363E-5	2.0	1.0519583E-5	0.99948514	19.850664	0.30378532	0.97464806	1.0
SPIKE	S53:C>G	1	175639	5.6934964E-6	0.8374488	40.0	TRUE	C	1.2988136E-4	8.0	1.2411034E-5	0.99805367	91.75564	0.24862249	0.9818446	1.0
SPIKE	S53:C>A	1	175639	5.6934964E-6	7.3393292	40.0	TRUE	C	1.9051811E-5	5.0	3.0203013E-5	0.99971426	11.744683	0.284924	0.97333837	1.0
SPIKE	S53:C>T	0	175639	0.0	9999.0	0.0	TRUE	C	3.379154E-5	24.0	2.1465767E-5	0.99949324	117.49827	0.24730165	0.9749267	0.0
SPIKE	S54:C>T	2	175639	1.1386993E-5	1.331604	40.0	TRUE	C	1.6543531E-4	7.0	2.1465767E-5	0.9975215	117.49827	0.24730165	0.9749267	1.0
SPIKE	S54:C>A	17	175639	9.678944E-5	214.96582	40.0	TRUE	C	2.1088143E-5	13.0	3.0203013E-5	0.99968374	11.744683	0.284924	0.97333837	0.0
SPIKE	S54:C>G	0	175639	0.0	9999.0	0.0	TRUE	C	1.2988136E-4	2.0	1.2411034E-5	0.99805367	91.75564	0.24862249	0.9818446	1.0
SPIKE	S55:A>G	6	175639	3.4160978E-5	50.445404	40.0	TRUE	A	2.609843E-5	16.0	2.6875614E-5	0.9996086	39.78892	0.2865016	0.9747618	0.0
SPIKE	S55:A>C	0	175639	0.0	9999.0	0.0	TRUE	A	2.9012446E-5	17.0	1.5650665E-5	0.9995649	7.7583137	0.29975274	0.9685621	0.0
SPIKE	S55:A>T	0	175639	0.0	9999.0	0.0	TRUE	A	3.4333363E-5	1.0	1.0519583E-5	0.99948514	19.850664	0.30378532	0.97464806	1.0
SPIKE	S56:C>T	5	175639	2.8467482E-5	45.40974	40.0	TRUE	C	1.9711732E-5	14.0	2.1465767E-5	0.99970436	117.49827	0.24730165	0.9749267	0.0
SPIKE	S56:C>G	1	175639	5.6934964E-6	0.8374488	40.0	TRUE	C	1.2988136E-4	3.0	1.2411034E-5	0.99805367	91.75564	0.24862249	0.9818446	1.0
SPIKE	S56:C>A	4	175639	2.2773986E-5	34.772377	40.0	TRUE	C	1.9051811E-5	2.0	3.0203013E-5	0.99971426	11.744683	0.284924	0.97333837	1.0
SPIKE	S57:C>T	1	175639	5.6934964E-6	0.45870572	40.0	TRUE	C	1.6543531E-4	3.0	2.1465767E-5	0.9975215	117.49827	0.24730165	0.9749267	1.0
SPIKE	S57:C>A	23	175639	1.3095042E-4	326.36295	40.0	TRUE	C	1.9051811E-5	9.0	3.0203013E-5	0.99971426	11.744683	0.284924	0.97333837	1.0
SPIKE	S57:C>G	0	175639	0.0	9999.0	0.0	TRUE	C	1.2988136E-4	0.0	1.2411034E-5	0.99805367	91.75564	0.24862249	0.9818446	1.0
SPIKE	S58:A>T	2	175639	1.1386993E-5	10.459957	40.0	TRUE	A	3.4333363E-5	7.0	1.0519583E-5	0.99948514	19.850664	0.30378532	0.97464806	1.0
SPIKE	S58:A>G	1	175639	5.6934964E-6	2.6377409	40.0	TRUE	A	6.4901775E-5	2.0	2.6875614E-5	0.99902695	39.78892	0.2865016	0.9747618	1.0
SPIKE	S58:A>C	0	175639	0.0	9999.0	0.0	TRUE	A	2.5599216E-5	15.0	1.5650665E-5	0.9996161	7.7583137	0.29975274	0.9685621	0.0
SPIKE	S59:T>C	3	175639	1.7080489E-5	10.562552	40.0	TRUE	T	6.419571E-5	7.0	1.651345E-5	0.9990375	40.918266	0.27556044	0.9720976	1.0
SPIKE	S59:T>G	1	175639	5.6934964E-6	0.1725639	40.0	TRUE	T	2.23186E-4	2.0	7.902409E-6	0.9966578	160.02296	0.2449678	0.9792644	1.0
SPIKE	S59:T>A	1	175639	5.6934964E-6	6.428861	40.0	TRUE	T	2.3725264E-5	15.0	1.4022346E-5	0.99964416	27.474834	0.27780932	0.9780123	0.0
SPIKE	S60:T>C	9	175639	5.1241466E-5	65.89842	40.0	TRUE	T	4.5497418E-5	29.0	1.651345E-5	0.99931777	40.918266	0.27556044	0.9720976	0.0
SPIKE	S60:T>A	0	175639	0.0	9999.0	0.0	TRUE	T	4.345651E-5	1.0	1.4022346E-5	0.99934834	27.474834	0.27780932	0.9780123	1.0
SPIKE	S60:T>G	0	175639	0.0	9999.0	0.0	TRUE	T	2.23186E-4	5.0	7.902409E-6	0.9966578	160.02296	0.2449678	0.9792644	1.0
SPIKE	S61:G>A	2	175639	1.1386993E-5	8.717321	40.0	TRUE	G	4.3462092E-5	9.0	2.9355984E-5	0.9993483	28.171011	0.27098292	0.97265816	1.0
SPIKE	S61:G>C	0	175639	0.0	9999.0	0.0	TRUE	G	1.2542013E-4	0.0	1.0912546E-5	0.9981205	85.70317	0.25703725	0.9813701	1.0
SPIKE	S61:G>T	0	175639	0.0	9999.0	0.0	TRUE	G	2.4622628E-5	16.0	1.1220114E-5	0.99963075	83.181816	0.2702964	0.9774858	0.0
SPIKE	S62:A>G	1	175639	5.6934964E-6	6.0387926	40.0	TRUE	A	2.609843E-5	16.0	2.6875614E-5	0.9996086	39.78892	0.2865016	0.9747618	0.0
SPIKE	D62-63:A>	7	175639	3.9854473E-5	9999.0	40.0	TRUE		NaN	NaN	NaN	NaN	NaN	NaN	NaN	NaN
SPIKE	S62:A>C	0	175639	0.0	9999.0	0.0	TRUE	A	1.324045E-5	0.0	1.5650665E-5	0.9998014	7.7583137	0.29975274	0.9685621	1.0
SPIKE	S62:A>T	0	175639	0.0	9999.0	0.0	TRUE	A	3.4333363E-5	2.0	1.0519583E-5	0.99948514	19.850664	0.30378532	0.97464806	1.0
SPIKE	S63:A>T	2	175639	1.1386993E-5	10.459957	40.0	TRUE	A	3.4333363E-5	2.0	1.0519583E-5	0.99948514	19.850664	0.30378532	0.97464806	1.0
SPIKE	S63:A>G	0	175639	0.0	9999.0	0.0	TRUE	A	6.4901775E-5	0.0	2.6875614E-5	0.99902695	39.78892	0.2865016	0.9747618	1.0
SPIKE	S63:A>C	0	175639	0.0	9999.0	0.0	TRUE	A	1.324045E-5	0.0	1.5650665E-5	0.9998014	7.7583137	0.29975274	0.9685621	1.0
SPIKE	S64:A>G	0	175639	0.0	9999.0	0.0	TRUE	A	6.4901775E-5	2.0	2.6875614E-5	0.99902695	39.78892	0.2865016	0.9747618	1.0
SPIKE	S64:A>C	0	175639	0.0	9999.0	0.0	TRUE	A	1.324045E-5	0.0	1.5650665E-5	0.9998014	7.7583137	0.29975274	0.9685621	1.0
SPIKE	S64:A>T	0	175639	0.0	9999.0	0.0	TRUE	A	3.4333363E-5	0.0	1.0519583E-5	0.99948514	19.850664	0.30378532	0.97464806	1.0
SPIKE	S65:A>G	1	175639	5.6934964E-6	2.6377409	40.0	TRUE	A	6.4901775E-5	4.0	2.6875614E-5	0.99902695	39.78892	0.2865016	0.9747618	1.0
SPIKE	S65:A>C	1	175639	5.6934964E-6	6.7055135	40.0	TRUE	A	2.2185988E-5	13.0	1.5650665E-5	0.9996673	7.7583137	0.29975274	0.9685621	0.0
SPIKE	S65:A>T	0	175639	0.0	9999.0	0.0	TRUE	A	3.4333363E-5	0.0	1.0519583E-5	0.99948514	19.850664	0.30378532	0.97464806	1.0
SPIKE	S66:C>A	5	175639	2.8467482E-5	41.10323	40.0	TRUE	C	2.4332472E-5	15.0	3.0203013E-5	0.9996351	11.744683	0.284924	0.97333837	0.0
SPIKE	S66:C>G	1	175639	5.6934964E-6	0.8374488	40.0	TRUE	C	1.2988136E-4	4.0	1.2411034E-5	0.99805367	91.75564	0.24862249	0.9818446	1.0
SPIKE	S66:C>T	6	175639	3.4160978E-5	10.90596	40.0	TRUE	C	1.6543531E-4	7.0	2.1465767E-5	0.9975215	117.49827	0.24730165	0.9749267	1.0
SPIKE	S67:C>A	20	175639	1.1386993E-4	232.59642	40.0	TRUE	C	3.082113E-5	19.0	3.0203013E-5	0.99953777	11.744683	0.284924	0.97333837	0.0
SPIKE	S67:C>T	1	175639	5.6934964E-6	0.45870572	40.0	TRUE	C	1.6543531E-4	5.0	2.1465767E-5	0.9975215	117.49827	0.24730165	0.9749267	1.0
SPIKE	S67:C>G	0	175639	0.0	9999.0	0.0	TRUE	C	1.2988136E-4	0.0	1.2411034E-5	0.99805367	91.75564	0.24862249	0.9818446	1.0
SPIKE	S68:A>C	1	175639	5.6934964E-6	8.877299	40.0	TRUE	A	1.324045E-5	9.0	1.5650665E-5	0.9998014	7.7583137	0.29975274	0.9685621	1.0
SPIKE	S68:A>G	0	175639	0.0	9999.0	0.0	TRUE	A	3.7516493E-5	23.0	2.6875614E-5	0.9994374	39.78892	0.2865016	0.9747618	0.0
SPIKE	S68:A>T	0	175639	0.0	9999.0	0.0	TRUE	A	3.4333363E-5	2.0	1.0519583E-5	0.99948514	19.850664	0.30378532	0.97464806	1.0
SPIKE	S69:G>A	1	175639	5.6934964E-6	6.816534	40.0	TRUE	G	2.1599128E-5	14.0	2.9355984E-5	0.99967605	28.171011	0.27098292	0.97265816	0.0
SPIKE	S69:G>C	0	175639	0.0	9999.0	0.0	TRUE	G	2.0487945E-5	14.0	1.0912546E-5	0.99969274	85.70317	0.25703725	0.9813701	0.0
SPIKE	S69:G>T	0	175639	0.0	9999.0	0.0	TRUE	G	1.2800969E-4	4.0	1.1220114E-5	0.9980817	83.181816	0.2702964	0.9774858	1.0
SPIKE	S70:C>A	9	175639	5.1241466E-5	98.1038	40.0	TRUE	C	1.9051811E-5	7.0	3.0203013E-5	0.99971426	11.744683	0.284924	0.97333837	1.0
SPIKE	S70:C>G	1	175639	5.6934964E-6	8.593038	40.0	TRUE	C	1.4155137E-5	10.0	1.2411034E-5	0.9997877	91.75564	0.24862249	0.9818446	0.0
SPIKE	S70:C>T	29	175639	1.651114E-4	199.17268	40.0	TRUE	C	1.3657415E-4	97.0	2.1465767E-5	0.9979535	117.49827	0.24730165	0.9749267	0.0
SPIKE	S71:C>A	21	175639	1.19563425E-4	290.8346	40.0	TRUE	C	1.9051811E-5	4.0	3.0203013E-5	0.99971426	11.744683	0.284924	0.97333837	1.0
SPIKE	S71:C>T	2	175639	1.1386993E-5	1.331604	40.0	TRUE	C	1.6543531E-4	1.0	2.1465767E-5	0.9975215	117.49827	0.24730165	0.9749267	1.0
SPIKE	S71:C>G	0	175639	0.0	9999.0	0.0	TRUE	C	1.8401677E-5	13.0	1.2411034E-5	0.99972403	91.75564	0.24862249	0.9818446	0.0
SPIKE	S72:G>A	7	175639	3.9854473E-5	67.31293	40.0	TRUE	G	2.1599128E-5	14.0	2.9355984E-5	0.99967605	28.171011	0.27098292	0.97265816	0.0
SPIKE	S72:G>T	1	175639	5.6934964E-6	8.238427	40.0	TRUE	G	1.5389143E-5	10.0	1.1220114E-5	0.9997692	83.181816	0.2702964	0.9774858	0.0
SPIKE	S72:G>C	0	175639	0.0	9999.0	0.0	TRUE	G	1.2542013E-4	7.0	1.0912546E-5	0.9981205	85.70317	0.25703725	0.9813701	1.0
SPIKE	S73:T>C	1	175639	5.6934964E-6	2.673228	40.0	TRUE	T	6.419571E-5	0.0	1.651345E-5	0.9990375	40.918266	0.27556044	0.9720976	1.0
SPIKE	S73:T>A	0	175639	0.0	9999.0	0.0	TRUE	T	4.345651E-5	0.0	1.4022346E-5	0.99934834	27.474834	0.27780932	0.9780123	1.0
SPIKE	S73:T>G	0	175639	0.0	9999.0	0.0	TRUE	T	2.510482E-5	18.0	7.902409E-6	0.9996235	160.02296	0.2449678	0.9792644	0.0
SPIKE	S74:G>A	1	175639	5.6934964E-6	4.0406303	40.0	TRUE	G	4.3462092E-5	2.0	2.9355984E-5	0.9993483	28.171011	0.27098292	0.97265816	1.0
SPIKE	S74:G>T	1	175639	5.6934964E-6	7.8357453	40.0	TRUE	G	1.6928057E-5	11.0	1.1220114E-5	0.9997461	83.181816	0.2702964	0.9774858	0.0
SPIKE	S74:G>C	0	175639	0.0	9999.0	0.0	TRUE	G	1.2542013E-4	0.0	1.0912546E-5	0.9981205	85.70317	0.25703725	0.9813701	1.0
SPIKE	S75:G>A	1	175639	5.6934964E-6	4.0406303	40.0	TRUE	G	4.3462092E-5	9.0	2.9355984E-5	0.9993483	28.171011	0.27098292	0.97265816	1.0
SPIKE	S75:G>C	1	175639	5.6934964E-6	0.9035937	40.0	TRUE	G	1.2542013E-4	4.0	1.0912546E-5	0.9981205	85.70317	0.25703725	0.9813701	1.0
SPIKE	S75:G>T	0	175639	0.0	9999.0	0.0	TRUE	G	2.15448E-5	14.0	1.1220114E-5	0.9996769	83.181816	0.2702964	0.9774858	0.0
SPIKE	S76:T>A	1	175639	5.6934964E-6	4.0411086	40.0	TRUE	T	4.345651E-5	1.0	1.4022346E-5	0.99934834	27.474834	0.27780932	0.9780123	1.0
SPIKE	S76:T>G	0	175639	0.0	9999.0	0.0	TRUE	T	2.23186E-4	7.0	7.902409E-6	0.9966578	160.02296	0.2449678	0.9792644	1.0
SPIKE	S76:T>C	0	175639	0.0	9999.0	0.0	TRUE	T	6.419571E-5	2.0	1.651345E-5	0.9990375	40.918266	0.27556044	0.9720976	1.0
SPIKE	S77:T>A	1	175639	5.6934964E-6	4.0411086	40.0	TRUE	T	4.345651E-5	0.0	1.4022346E-5	0.99934834	27.474834	0.27780932	0.9780123	1.0
SPIKE	S77:T>G	0	175639	0.0	9999.0	0.0	TRUE	T	2.23186E-4	0.0	7.902409E-6	0.9966578	160.02296	0.2449678	0.9792644	1.0
SPIKE	S77:T>C	0	175639	0.0	9999.0	0.0	TRUE	T	6.419571E-5	4.0	1.651345E-5	0.9990375	40.918266	0.27556044	0.9720976	1.0
SPIKE	S78:T>A	0	175639	0.0	9999.0	0.0	TRUE	T	4.345651E-5	1.0	1.4022346E-5	0.99934834	27.474834	0.27780932	0.9780123	1.0
SPIKE	S78:T>G	0	175639	0.0	9999.0	0.0	TRUE	T	1.6736547E-5	12.0	7.902409E-6	0.999749	160.02296	0.2449678	0.9792644	0.0
SPIKE	S78:T>C	0	175639	0.0	9999.0	0.0	TRUE	T	6.419571E-5	2.0	1.651345E-5	0.9990375	40.918266	0.27556044	0.9720976	1.0
SPIKE	S79:G>A	4	175639	2.2773986E-5	36.673218	40.0	TRUE	G	1.6970744E-5	11.0	2.9355984E-5	0.9997455	28.171011	0.27098292	0.97265816	0.0
SPIKE	S79:G>C	0	175639	0.0	9999.0	0.0	TRUE	G	1.7561095E-5	12.0	1.0912546E-5	0.9997366	85.70317	0.25703725	0.9813701	0.0
SPIKE	S79:G>T	0	175639	0.0	9999.0	0.0	TRUE	G	1.2800969E-4	9.0	1.1220114E-5	0.9980817	83.181816	0.2702964	0.9774858	1.0
SPIKE	S80:C>G	1	175639	5.6934964E-6	5.9166527	40.0	TRUE	C	2.689476E-5	19.0	1.2411034E-5	0.99959666	91.75564	0.24862249	0.9818446	0.0
SPIKE	S80:C>A	10	175639	5.6934965E-5	119.16169	40.0	TRUE	C	1.6221647E-5	10.0	3.0203013E-5	0.9997567	11.744683	0.284924	0.97333837	0.0
SPIKE	S80:C>T	57	175639	3.245293E-4	323.60443	40.0	TRUE	C	3.449553E-4	245.0	2.1465767E-5	0.994839	117.49827	0.24730165	0.9749267	0.0
SPIKE	S81:G>A	3	175639	1.7080489E-5	18.595436	40.0	TRUE	G	3.08559E-5	20.0	2.9355984E-5	0.9995373	28.171011	0.27098292	0.97265816	0.0
SPIKE	S81:G>C	0	175639	0.0	9999.0	0.0	TRUE	G	1.2542013E-4	7.0	1.0912546E-5	0.9981205	85.70317	0.25703725	0.9813701	1.0
SPIKE	S81:G>T	0	175639	0.0	9999.0	0.0	TRUE	G	1.2800969E-4	6.0	1.1220114E-5	0.9980817	83.181816	0.2702964	0.9774858	1.0
SPIKE	S82:G>A	18	175639	1.0248293E-4	138.52109	40.0	TRUE	G	7.251136E-5	47.0	2.9355984E-5	0.99891293	28.171011	0.27098292	0.97265816	0.0
SPIKE	S82:G>T	2	175639	1.1386993E-5	2.2826972	40.0	TRUE	G	1.2800969E-4	8.0	1.1220114E-5	0.9980817	83.181816	0.2702964	0.9774858	1.0
SPIKE	S82:G>C	0	175639	0.0	9999.0	0.0	TRUE	G	2.195137E-5	15.0	1.0912546E-5	0.9996708	85.70317	0.25703725	0.9813701	0.0
SPIKE	S83:C>A	10	175639	5.6934965E-5	112.376396	40.0	TRUE	C	1.9051811E-5	7.0	3.0203013E-5	0.99971426	11.744683	0.284924	0.97333837	1.0
SPIKE	S83:C>T	3	175639	1.7080489E-5	19.666067	40.0	TRUE	C	2.8159617E-5	20.0	2.1465767E-5	0.9995777	117.49827	0.24730165	0.9749267	0.0
SPIKE	S83:C>G	0	175639	0.0	9999.0	0.0	TRUE	C	2.689476E-5	19.0	1.2411034E-5	0.99959666	91.75564	0.24862249	0.9818446	0.0
SPIKE	S84:G>A	3	175639	1.7080489E-5	16.03514	40.0	TRUE	G	3.8569873E-5	25.0	2.9355984E-5	0.9994216	28.171011	0.27098292	0.97265816	0.0
SPIKE	S84:G>T	2	175639	1.1386993E-5	2.2826972	40.0	TRUE	G	1.2800969E-4	2.0	1.1220114E-5	0.9980817	83.181816	0.2702964	0.9774858	1.0
SPIKE	S84:G>C	0	175639	0.0	9999.0	0.0	TRUE	G	1.2542013E-4	6.0	1.0912546E-5	0.9981205	85.70317	0.25703725	0.9813701	1.0
SPIKE	S85:A>G	1	175639	5.6934964E-6	2.6377409	40.0	TRUE	A	6.4901775E-5	8.0	2.6875614E-5	0.99902695	39.78892	0.2865016	0.9747618	1.0
SPIKE	S85:A>T	2	175639	1.1386993E-5	10.791802	40.0	TRUE	A	3.2862066E-5	19.0	1.0519583E-5	0.9995072	19.850664	0.30378532	0.97464806	0.0
SPIKE	S85:A>C	0	175639	0.0	9999.0	0.0	TRUE	A	1.324045E-5	0.0	1.5650665E-5	0.9998014	7.7583137	0.29975274	0.9685621	1.0
SPIKE	S86:T>G	1	175639	5.6934964E-6	0.1725639	40.0	TRUE	T	2.23186E-4	2.0	7.902409E-6	0.9966578	160.02296	0.2449678	0.9792644	1.0
SPIKE	D86-87:T>	1	175639	5.6934964E-6	9999.0	39.937042	TRUE		NaN	NaN	NaN	NaN	NaN	NaN	NaN	NaN
SPIKE	S86:T>A	0	175639	0.0	9999.0	0.0	TRUE	T	4.345651E-5	4.0	1.4022346E-5	0.99934834	27.474834	0.27780932	0.9780123	1.0
SPIKE	S86:T>C	0	175639	0.0	9999.0	0.0	TRUE	T	6.419571E-5	1.0	1.651345E-5	0.9990375	40.918266	0.27556044	0.9720976	1.0
SPIKE	S87:T>G	1	175639	5.6934964E-6	0.1725639	40.0	TRUE	T	2.23186E-4	4.0	7.902409E-6	0.9966578	160.02296	0.2449678	0.9792644	1.0
SPIKE	S87:T>A	0	175639	0.0	9999.0	0.0	TRUE	T	4.345651E-5	3.0	1.4022346E-5	0.99934834	27.474834	0.27780932	0.9780123	1.0
SPIKE	S87:T>C	0	175639	0.0	9999.0	0.0	TRUE	T	6.419571E-5	2.0	1.651345E-5	0.9990375	40.918266	0.27556044	0.9720976	1.0
SPIKE	S88:T>A	1	175639	5.6934964E-6	4.0411086	31.0	TRUE	T	4.345651E-5	0.0	1.4022346E-5	0.99934834	27.474834	0.27780932	0.9780123	1.0
SPIKE	S88:T>C	1	175639	5.6934964E-6	2.673228	40.0	TRUE	T	6.419571E-5	8.0	1.651345E-5	0.9990375	40.918266	0.27556044	0.9720976	1.0
SPIKE	S88:T>G	0	175639	0.0	9999.0	0.0	TRUE	T	2.23186E-4	0.0	7.902409E-6	0.9966578	160.02296	0.2449678	0.9792644	1.0
SPIKE	D89-104:ATCGTCGTCATCGTG>	1	175639	5.6934964E-6	9999.0	39.93694	TRUE		NaN	NaN	NaN	NaN	NaN	NaN	NaN	NaN
SPIKE	S89:A>G	0	175639	0.0	9999.0	0.0	TRUE	A	6.4901775E-5	4.0	2.6875614E-5	0.99902695	39.78892	0.2865016	0.9747618	1.0
SPIKE	S89:A>C	0	175639	0.0	9999.0	0.0	TRUE	A	1.324045E-5	0.0	1.5650665E-5	0.9998014	7.7583137	0.29975274	0.9685621	1.0
SPIKE	S89:A>T	0	175639	0.0	9999.0	0.0	TRUE	A	3.4333363E-5	1.0	1.0519583E-5	0.99948514	19.850664	0.30378532	0.97464806	1.0
SPIKE	S90:T>A	1	175639	5.6934964E-6	4.0411086	40.0	TRUE	T	4.345651E-5	2.0	1.4022346E-5	0.99934834	27.474834	0.27780932	0.9780123	1.0
SPIKE	S90:T>G	0	175639	0.0	9999.0	0.0	TRUE	T	2.23186E-4	0.0	7.902409E-6	0.9966578	160.02296	0.2449678	0.9792644	1.0
SPIKE	S90:T>C	0	175639	0.0	9999.0	0.0	TRUE	T	6.419571E-5	1.0	1.651345E-5	0.9990375	40.918266	0.27556044	0.9720976	1.0
SPIKE	S91:C>A	9	175639	5.1241466E-5	98.1038	40.0	TRUE	C	1.9051811E-5	6.0	3.0203013E-5	0.99971426	11.744683	0.284924	0.97333837	1.0
SPIKE	S91:C>T	2	175639	1.1386993E-5	7.437315	40.0	TRUE	C	5.2095293E-5	37.0	2.1465767E-5	0.9992189	117.49827	0.24730165	0.9749267	0.0
SPIKE	S91:C>G	0	175639	0.0	9999.0	0.0	TRUE	C	1.2988136E-4	0.0	1.2411034E-5	0.99805367	91.75564	0.24862249	0.9818446	1.0
SPIKE	S92:G>A	4	175639	2.2773986E-5	35.242153	40.0	TRUE	G	1.851354E-5	12.0	2.9355984E-5	0.99972236	28.171011	0.27098292	0.97265816	0.0
SPIKE	S92:G>T	2	175639	1.1386993E-5	2.2826972	40.0	TRUE	G	1.2800969E-4	7.0	1.1220114E-5	0.9980817	83.181816	0.2702964	0.9774858	1.0
SPIKE	S92:G>C	0	175639	0.0	9999.0	0.0	TRUE	G	1.2542013E-4	0.0	1.0912546E-5	0.9981205	85.70317	0.25703725	0.9813701	1.0
SPIKE	S93:T>A	0	175639	0.0	9999.0	0.0	TRUE	T	4.345651E-5	2.0	1.4022346E-5	0.99934834	27.474834	0.27780932	0.9780123	1.0
SPIKE	S93:T>G	0	175639	0.0	9999.0	0.0	TRUE	T	2.23186E-4	0.0	7.902409E-6	0.9966578	160.02296	0.2449678	0.9792644	1.0
SPIKE	S93:T>C	0	175639	0.0	9999.0	0.0	TRUE	T	6.419571E-5	4.0	1.651345E-5	0.9990375	40.918266	0.27556044	0.9720976	1.0
SPIKE	S94:C>A	17	175639	9.678944E-5	222.28844	40.0	TRUE	C	1.9051811E-5	5.0	3.0203013E-5	0.99971426	11.744683	0.284924	0.97333837	1.0
SPIKE	S94:C>T	1	175639	5.6934964E-6	0.45870572	40.0	TRUE	C	1.6543531E-4	2.0	2.1465767E-5	0.9975215	117.49827	0.24730165	0.9749267	1.0
SPIKE	S94:C>G	0	175639	0.0	9999.0	0.0	TRUE	C	1.2988136E-4	0.0	1.2411034E-5	0.99805367	91.75564	0.24862249	0.9818446	1.0
SPIKE	S95:G>A	2	175639	1.1386993E-5	12.533929	40.0	TRUE	G	2.6227513E-5	17.0	2.9355984E-5	0.99960667	28.171011	0.27098292	0.97265816	0.0
SPIKE	S95:G>C	0	175639	0.0	9999.0	0.0	TRUE	G	1.2542013E-4	0.0	1.0912546E-5	0.9981205	85.70317	0.25703725	0.9813701	1.0
SPIKE	S95:G>T	0	175639	0.0	9999.0	0.0	TRUE	G	1.2800969E-4	3.0	1.1220114E-5	0.9980817	83.181816	0.2702964	0.9774858	1.0
SPIKE	S96:T>C	1	175639	5.6934964E-6	2.673228	40.0	TRUE	T	6.419571E-5	7.0	1.651345E-5	0.9990375	40.918266	0.27556044	0.9720976	1.0
SPIKE	S96:T>A	0	175639	0.0	9999.0	0.0	TRUE	T	4.345651E-5	0.0	1.4022346E-5	0.99934834	27.474834	0.27780932	0.9780123	1.0
SPIKE	S96:T>G	0	175639	0.0	9999.0	0.0	TRUE	T	2.23186E-4	0.0	7.902409E-6	0.9966578	160.02296	0.2449678	0.9792644	1.0
SPIKE	S97:C>T	2	175639	1.1386993E-5	1.331604	40.0	TRUE	C	1.6543531E-4	6.0	2.1465767E-5	0.9975215	117.49827	0.24730165	0.9749267	1.0
SPIKE	S97:C>A	9	175639	5.1241466E-5	98.1038	40.0	TRUE	C	1.9051811E-5	4.0	3.0203013E-5	0.99971426	11.744683	0.284924	0.97333837	1.0
SPIKE	S97:C>G	0	175639	0.0	9999.0	0.0	TRUE	C	1.2988136E-4	0.0	1.2411034E-5	0.99805367	91.75564	0.24862249	0.9818446	1.0
SPIKE	S98:A>G	1	175639	5.6934964E-6	2.6377409	40.0	TRUE	A	6.4901775E-5	6.0	2.6875614E-5	0.99902695	39.78892	0.2865016	0.9747618	1.0
SPIKE	S98:A>C	0	175639	0.0	9999.0	0.0	TRUE	A	1.324045E-5	0.0	1.5650665E-5	0.9998014	7.7583137	0.29975274	0.9685621	1.0
SPIKE	S98:A>T	0	175639	0.0	9999.0	0.0	TRUE	A	3.4333363E-5	0.0	1.0519583E-5	0.99948514	19.850664	0.30378532	0.97464806	1.0
SPIKE	S99:T>C	1	175639	5.6934964E-6	2.673228	40.0	TRUE	T	6.419571E-5	7.0	1.651345E-5	0.9990375	40.918266	0.27556044	0.9720976	1.0
SPIKE	S99:T>A	0	175639	0.0	9999.0	0.0	TRUE	T	4.345651E-5	2.0	1.4022346E-5	0.99934834	27.474834	0.27780932	0.9780123	1.0
SPIKE	S99:T>G	0	175639	0.0	9999.0	0.0	TRUE	T	2.23186E-4	0.0	7.902409E-6	0.9966578	160.02296	0.2449678	0.9792644	1.0
SPIKE	S100:C>T	1	175639	5.6934964E-6	5.730741	40.0	TRUE	C	2.8159617E-5	20.0	2.1465767E-5	0.9995777	117.49827	0.24730165	0.9749267	0.0
SPIKE	S100:C>A	5	175639	2.8467482E-5	46.111126	40.0	TRUE	C	1.9051811E-5	2.0	3.0203013E-5	0.99971426	11.744683	0.284924	0.97333837	1.0
SPIKE	S100:C>G	0	175639	0.0	9999.0	0.0	TRUE	C	1.2988136E-4	2.0	1.2411034E-5	0.99805367	91.75564	0.24862249	0.9818446	1.0
SPIKE	S101:G>T	1	175639	5.6934964E-6	0.8645698	40.0	TRUE	G	1.2800969E-4	2.0	1.1220114E-5	0.9980817	83.181816	0.2702964	0.9774858	1.0
SPIKE	S101:G>A	1	175639	5.6934964E-6	7.459376	40.0	TRUE	G	1.851354E-5	12.0	2.9355984E-5	0.99972236	28.171011	0.27098292	0.97265816	0.0
SPIKE	S101:G>C	0	175639	0.0	9999.0	0.0	TRUE	G	1.2542013E-4	0.0	1.0912546E-5	0.9981205	85.70317	0.25703725	0.9813701	1.0
SPIKE	S102:T>A	0	175639	0.0	9999.0	0.0	TRUE	T	4.345651E-5	0.0	1.4022346E-5	0.99934834	27.474834	0.27780932	0.9780123	1.0
SPIKE	S102:T>G	0	175639	0.0	9999.0	0.0	TRUE	T	2.23186E-4	0.0	7.902409E-6	0.9966578	160.02296	0.2449678	0.9792644	1.0
SPIKE	S102:T>C	0	175639	0.0	9999.0	0.0	TRUE	T	6.419571E-5	1.0	1.651345E-5	0.9990375	40.918266	0.27556044	0.9720976	1.0
SPIKE	S103:G>A	2	175639	1.1386993E-5	8.717321	37.5	TRUE	G	4.3462092E-5	7.0	2.9355984E-5	0.9993483	28.171011	0.27098292	0.97265816	1.0
SPIKE	S103:G>C	0	175639	0.0	9999.0	0.0	TRUE	G	1.2542013E-4	0.0	1.0912546E-5	0.9981205	85.70317	0.25703725	0.9813701	1.0
SPIKE	S103:G>T	0	175639	0.0	9999.0	0.0	TRUE	G	1.2800969E-4	2.0	1.1220114E-5	0.9980817	83.181816	0.2702964	0.9774858	1.0
SPIKE	S104:G>A	3	175639	1.7080489E-5	21.999146	37.666668	TRUE	G	2.3141924E-5	15.0	2.9355984E-5	0.9996529	28.171011	0.27098292	0.97265816	0.0
SPIKE	S104:G>C	0	175639	0.0	9999.0	0.0	TRUE	G	1.2542013E-4	0.0	1.0912546E-5	0.9981205	85.70317	0.25703725	0.9813701	1.0
SPIKE	S104:G>T	0	175639	0.0	9999.0	0.0	TRUE	G	1.2800969E-4	5.0	1.1220114E-5	0.9980817	83.181816	0.2702964	0.9774858	1.0
SPIKE	S105:C>T	5	175639	2.8467482E-5	14.365791	37.6	TRUE	C	1.027826E-4	73.0	2.1465767E-5	0.99845946	117.49827	0.24730165	0.9749267	0.0
SPIKE	S105:C>A	12	175639	6.8321955E-5	142.12248	40.0	TRUE	C	1.9051811E-5	7.0	3.0203013E-5	0.99971426	11.744683	0.284924	0.97333837	1.0
SPIKE	S105:C>G	0	175639	0.0	9999.0	0.0	TRUE	C	1.2988136E-4	1.0	1.2411034E-5	0.99805367	91.75564	0.24862249	0.9818446	1.0
SPIKE	S106:G>T	1	175639	5.6934964E-6	0.8645698	40.0	TRUE	G	1.2800969E-4	7.0	1.1220114E-5	0.9980817	83.181816	0.2702964	0.9774858	1.0
SPIKE	S106:G>A	0	175639	0.0	9999.0	0.0	TRUE	G	1.542795E-5	10.0	2.9355984E-5	0.9997686	28.171011	0.27098292	0.97265816	0.0
SPIKE	S106:G>C	0	175639	0.0	9999.0	0.0	TRUE	G	1.2542013E-4	0.0	1.0912546E-5	0.9981205	85.70317	0.25703725	0.9813701	1.0
SPIKE	S107:G>A	7	175639	3.9854473E-5	14.559476	36.142857	TRUE	G	1.6662184E-4	108.0	2.9355984E-5	0.9975038	28.171011	0.27098292	0.97265816	0.0
SPIKE	S107:G>C	0	175639	0.0	9999.0	0.0	TRUE	G	1.2542013E-4	0.0	1.0912546E-5	0.9981205	85.70317	0.25703725	0.9813701	1.0
SPIKE	S107:G>T	0	175639	0.0	9999.0	0.0	TRUE	G	1.2800969E-4	2.0	1.1220114E-5	0.9980817	83.181816	0.2702964	0.9774858	1.0
SPIKE	S108:C>T	2	175639	1.1386993E-5	9.42863	40.0	TRUE	C	3.9423463E-5	28.0	2.1465767E-5	0.99940884	117.49827	0.24730165	0.9749267	0.0
SPIKE	S108:C>A	11	175639	6.262846E-5	127.05712	39.18182	TRUE	C	1.9051811E-5	7.0	3.0203013E-5	0.99971426	11.744683	0.284924	0.97333837	1.0
SPIKE	S108:C>G	0	175639	0.0	9999.0	0.0	TRUE	C	1.2988136E-4	1.0	1.2411034E-5	0.99805367	91.75564	0.24862249	0.9818446	1.0
SPIKE	S109:A>G	0	175639	0.0	9999.0	0.0	TRUE	A	6.4901775E-5	3.0	2.6875614E-5	0.99902695	39.78892	0.2865016	0.9747618	1.0
SPIKE	S109:A>C	0	175639	0.0	9999.0	0.0	TRUE	A	1.324045E-5	0.0	1.5650665E-5	0.9998014	7.7583137	0.29975274	0.9685621	1.0
SPIKE	S109:A>T	0	175639	0.0	9999.0	0.0	TRUE	A	3.4333363E-5	0.0	1.0519583E-5	0.99948514	19.850664	0.30378532	0.97464806	1.0
SPIKE	S110:G>T	1	175639	5.6934964E-6	0.8645698	40.0	TRUE	G	1.2800969E-4	4.0	1.1220114E-5	0.9980817	83.181816	0.2702964	0.9774858	1.0
SPIKE	S110:G>A	0	175639	0.0	9999.0	0.0	TRUE	G	2.7770307E-5	18.0	2.9355984E-5	0.99958354	28.171011	0.27098292	0.97265816	0.0
SPIKE	S110:G>C	0	175639	0.0	9999.0	0.0	TRUE	G	1.2542013E-4	1.0	1.0912546E-5	0.9981205	85.70317	0.25703725	0.9813701	1.0
SPIKE	S111:C>T	4	175639	2.2773986E-5	10.248169	37.75	TRUE	C	9.996664E-5	71.0	2.1465767E-5	0.9985016	117.49827	0.24730165	0.9749267	0.0
SPIKE	S111:C>A	5	175639	2.8467482E-5	46.111126	40.0	TRUE	C	1.9051811E-5	8.0	3.0203013E-5	0.99971426	11.744683	0.284924	0.97333837	1.0
SPIKE	S111:C>G	0	175639	0.0	9999.0	0.0	TRUE	C	1.2988136E-4	3.0	1.2411034E-5	0.99805367	91.75564	0.24862249	0.9818446	1.0
SPIKE	S112:G>C	1	175638	5.6935287E-6	0.90360475	40.0	TRUE	G	1.2542013E-4	0.0	1.0912546E-5	0.9981205	85.70269	0.25703725	0.9813701	1.0
SPIKE	S112:G>A	4	175638	2.2774115E-5	16.96002	40.0	TRUE	G	6.0169343E-5	39.0	2.9355984E-5	0.9990979	28.17085	0.27098292	0.97265816	0.0
SPIKE	S112:G>T	0	175638	0.0	9999.0	0.0	TRUE	G	1.2800969E-4	3.0	1.1220114E-5	0.9980817	83.18134	0.2702964	0.9774858	1.0
SPIKE	S113:T>A	0	175638	0.0	9999.0	0.0	TRUE	T	4.345651E-5	0.0	1.4022346E-5	0.99934834	27.474678	0.27780932	0.9780123	1.0
SPIKE	S113:T>G	0	175638	0.0	9999.0	0.0	TRUE	T	2.23186E-4	0.0	7.902409E-6	0.9966578	160.02206	0.2449678	0.9792644	1.0
SPIKE	S113:T>C	0	175638	0.0	9999.0	0.0	TRUE	T	6.419571E-5	2.0	1.651345E-5	0.9990375	40.918034	0.27556044	0.9720976	1.0
SPIKE	S114:G>T	1	175638	5.6935287E-6	0.8645805	40.0	TRUE	G	1.2800969E-4	4.0	1.1220114E-5	0.9980817	83.18134	0.2702964	0.9774858	1.0
SPIKE	S114:G>A	1	175638	5.6935287E-6	4.040652	40.0	TRUE	G	4.3462092E-5	0.0	2.9355984E-5	0.9993483	28.17085	0.27098292	0.97265816	1.0
SPIKE	S114:G>C	0	175638	0.0	9999.0	0.0	TRUE	G	1.2542013E-4	0.0	1.0912546E-5	0.9981205	85.70269	0.25703725	0.9813701	1.0
SPIKE	S115:A>G	0	175638	0.0	9999.0	0.0	TRUE	A	2.4467417E-5	15.0	2.6875614E-5	0.9996331	39.788696	0.2865016	0.9747618	0.0
SPIKE	S115:A>C	0	175638	0.0	9999.0	0.0	TRUE	A	1.324045E-5	0.0	1.5650665E-5	0.9998014	7.7582693	0.29975274	0.9685621	1.0
SPIKE	S115:A>T	0	175638	0.0	9999.0	0.0	TRUE	A	3.4333363E-5	1.0	1.0519583E-5	0.99948514	19.850552	0.30378532	0.97464806	1.0
SPIKE	S116:C>A	3	175638	1.7080587E-5	24.351688	38.666668	TRUE	C	1.9051811E-5	3.0	3.0203013E-5	0.99971426	11.7446165	0.284924	0.97333837	1.0
SPIKE	S116:C>G	0	175638	0.0	9999.0	0.0	TRUE	C	1.2988136E-4	0.0	1.2411034E-5	0.99805367	91.75511	0.24862249	0.9818446	1.0
SPIKE	S116:C>T	0	175638	0.0	9999.0	0.0	TRUE	C	1.6543531E-4	5.0	2.1465767E-5	0.9975215	117.4976	0.24730165	0.9749267	1.0
SPIKE	S117:C>A	8	175638	4.554823E-5	80.890335	40.0	TRUE	C	2.1088263E-5	13.0	3.0203013E-5	0.99968374	11.7446165	0.284924	0.97333837	0.0
SPIKE	S117:C>G	0	175638	0.0	9999.0	0.0	TRUE	C	1.2988136E-4	1.0	1.2411034E-5	0.99805367	91.75511	0.24862249	0.9818446	1.0
SPIKE	S117:C>T	0	175638	0.0	9999.0	0.0	TRUE	C	1.6543531E-4	2.0	2.1465767E-5	0.9975215	117.4976	0.24730165	0.9749267	1.0
SPIKE	S118:T>C	2	175638	1.1387057E-5	11.957104	37.5	TRUE	T	2.8239936E-5	18.0	1.651345E-5	0.9995765	40.918034	0.27556044	0.9720976	0.0
SPIKE	S118:T>A	0	175638	0.0	9999.0	0.0	TRUE	T	4.345651E-5	4.0	1.4022346E-5	0.99934834	27.474678	0.27780932	0.9780123	1.0
SPIKE	S118:T>G	0	175638	0.0	9999.0	0.0	TRUE	T	2.23186E-4	3.0	7.902409E-6	0.9966578	160.02206	0.2449678	0.9792644	1.0
SPIKE	S119:A>G	0	175638	0.0	9999.0	0.0	TRUE	A	6.4901775E-5	5.0	2.6875614E-5	0.99902695	39.788696	0.2865016	0.9747618	1.0
SPIKE	S119:A>C	0	175638	0.0	9999.0	0.0	TRUE	A	1.324045E-5	0.0	1.5650665E-5	0.9998014	7.7582693	0.29975274	0.9685621	1.0
SPIKE	S119:A>T	0	175638	0.0	9999.0	0.0	TRUE	A	3.4333363E-5	1.0	1.0519583E-5	0.99948514	19.850552	0.30378532	0.97464806	1.0
SPIKE	S120:T>A	0	175638	0.0	9999.0	0.0	TRUE	T	4.345651E-5	0.0	1.4022346E-5	0.99934834	27.474678	0.27780932	0.9780123	1.0
SPIKE	S120:T>G	0	175638	0.0	9999.0	0.0	TRUE	T	2.23186E-4	0.0	7.902409E-6	0.9966578	160.02206	0.2449678	0.9792644	1.0
SPIKE	S120:T>C	0	175638	0.0	9999.0	0.0	TRUE	T	6.419571E-5	3.0	1.651345E-5	0.9990375	40.918034	0.27556044	0.9720976	1.0
SPIKE	S121:G>T	1	175638	5.6935287E-6	0.8645805	40.0	TRUE	G	1.2800969E-4	1.0	1.1220114E-5	0.9980817	83.18134	0.2702964	0.9774858	1.0
SPIKE	S121:G>A	1	175638	5.6935287E-6	4.040652	40.0	TRUE	G	4.3462092E-5	3.0	2.9355984E-5	0.9993483	28.17085	0.27098292	0.97265816	1.0
SPIKE	S121:G>C	0	175638	0.0	9999.0	0.0	TRUE	G	1.2542013E-4	0.0	1.0912546E-5	0.9981205	85.70269	0.25703725	0.9813701	1.0
SPIKE	S122:T>A	0	175638	0.0	9999.0	0.0	TRUE	T	4.345651E-5	1.0	1.4022346E-5	0.99934834	27.474678	0.27780932	0.9780123	1.0
SPIKE	S122:T>G	0	175638	0.0	9999.0	0.0	TRUE	T	2.23186E-4	0.0	7.902409E-6	0.9966578	160.02206	0.2449678	0.9792644	1.0
SPIKE	S122:T>C	0	175638	0.0	9999.0	0.0	TRUE	T	6.419571E-5	3.0	1.651345E-5	0.9990375	40.918034	0.27556044	0.9720976	1.0
SPIKE	S123:G>A	2	175638	1.1387057E-5	8.717362	40.0	TRUE	G	4.3462092E-5	5.0	2.9355984E-5	0.9993483	28.17085	0.27098292	0.97265816	1.0
SPIKE	S123:G>C	0	175638	0.0	9999.0	0.0	TRUE	G	1.2542013E-4	0.0	1.0912546E-5	0.9981205	85.70269	0.25703725	0.9813701	1.0
SPIKE	S123:G>T	0	175638	0.0	9999.0	0.0	TRUE	G	1.2800969E-4	2.0	1.1220114E-5	0.9980817	83.18134	0.2702964	0.9774858	1.0
SPIKE	S124:T>A	0	175638	0.0	9999.0	0.0	TRUE	T	4.345651E-5	1.0	1.4022346E-5	0.99934834	27.474678	0.27780932	0.9780123	1.0
SPIKE	S124:T>G	0	175638	0.0	9999.0	0.0	TRUE	T	2.23186E-4	1.0	7.902409E-6	0.9966578	160.02206	0.2449678	0.9792644	1.0
SPIKE	S124:T>C	0	175638	0.0	9999.0	0.0	TRUE	T	6.419571E-5	6.0	1.651345E-5	0.9990375	40.918034	0.27556044	0.9720976	1.0
SPIKE	S125:G>A	0	175638	0.0	9999.0	0.0	TRUE	G	4.3462092E-5	5.0	2.9355984E-5	0.9993483	28.17085	0.27098292	0.97265816	1.0
SPIKE	S125:G>C	0	175638	0.0	9999.0	0.0	TRUE	G	1.2542013E-4	1.0	1.0912546E-5	0.9981205	85.70269	0.25703725	0.9813701	1.0
SPIKE	S125:G>T	0	175638	0.0	9999.0	0.0	TRUE	G	1.2800969E-4	1.0	1.1220114E-5	0.9980817	83.18134	0.2702964	0.9774858	1.0
SPIKE	S126:C>T	25	175638	1.4233822E-4	77.60244	38.76	TRUE	C	3.294694E-4	234.0	2.1465767E-5	0.99507016	117.4976	0.24730165	0.9749267	0.0
SPIKE	S126:C>A	8	175638	4.554823E-5	89.680374	39.25	TRUE	C	1.622174E-5	10.0	3.0203013E-5	0.9997567	11.7446165	0.284924	0.97333837	0.0
SPIKE	S126:C>G	0	175638	0.0	9999.0	0.0	TRUE	C	1.2988136E-4	4.0	1.2411034E-5	0.99805367	91.75511	0.24862249	0.9818446	1.0
SPIKE	S127:G>T	1	175638	5.6935287E-6	0.8645805	40.0	TRUE	G	1.2800969E-4	3.0	1.1220114E-5	0.9980817	83.18134	0.2702964	0.9774858	1.0
SPIKE	S127:G>A	3	175638	1.7080587E-5	21.999146	38.0	TRUE	G	2.3142054E-5	15.0	2.9355984E-5	0.9996529	28.17085	0.27098292	0.97265816	0.0
SPIKE	S127:G>C	0	175638	0.0	9999.0	0.0	TRUE	G	1.2542013E-4	0.0	1.0912546E-5	0.9981205	85.70269	0.25703725	0.9813701	1.0
SPIKE	S128:G>A	1	175638	5.6935287E-6	3.9330394	40.0	TRUE	G	4.4741308E-5	29.0	2.9355984E-5	0.9993291	28.17085	0.27098292	0.97265816	0.0
SPIKE	S128:G>C	0	175638	0.0	9999.0	0.0	TRUE	G	1.2542013E-4	2.0	1.0912546E-5	0.9981205	85.70269	0.25703725	0.9813701	1.0
SPIKE	S128:G>T	0	175638	0.0	9999.0	0.0	TRUE	G	1.2800969E-4	3.0	1.1220114E-5	0.9980817	83.18134	0.2702964	0.9774858	1.0
SPIKE	S129:C>A	10	175638	5.693529E-5	112.376625	38.7	TRUE	C	1.9051811E-5	6.0	3.0203013E-5	0.99971426	11.7446165	0.284924	0.97333837	1.0
SPIKE	S129:C>T	5	175638	2.8467644E-5	34.518852	38.0	TRUE	C	3.3791734E-5	24.0	2.1465767E-5	0.99949324	117.4976	0.24730165	0.9749267	0.0
SPIKE	S129:C>G	0	175638	0.0	9999.0	0.0	TRUE	C	1.2988136E-4	3.0	1.2411034E-5	0.99805367	91.75511	0.24862249	0.9818446	1.0
SPIKE	S130:G>A	3	175638	1.7080587E-5	14.700499	40.0	TRUE	G	4.3462092E-5	5.0	2.9355984E-5	0.9993483	28.17085	0.27098292	0.97265816	1.0
SPIKE	S130:G>C	0	175638	0.0	9999.0	0.0	TRUE	G	1.2542013E-4	1.0	1.0912546E-5	0.9981205	85.70269	0.25703725	0.9813701	1.0
SPIKE	S130:G>T	0	175638	0.0	9999.0	0.0	TRUE	G	1.2800969E-4	1.0	1.1220114E-5	0.9980817	83.18134	0.2702964	0.9774858	1.0
SPIKE	S131:G>A	2	175638	1.1387057E-5	3.7673602	40.0	TRUE	G	9.411103E-5	61.0	2.9355984E-5	0.99858934	28.17085	0.27098292	0.97265816	0.0
SPIKE	S131:G>T	1	175638	5.6935287E-6	0.8645805	34.0	TRUE	G	1.2800969E-4	7.0	1.1220114E-5	0.9980817	83.18134	0.2702964	0.9774858	1.0
SPIKE	S131:G>C	0	175638	0.0	9999.0	0.0	TRUE	G	1.2542013E-4	3.0	1.0912546E-5	0.9981205	85.70269	0.25703725	0.9813701	1.0
SPIKE	S132:C>A	4	175638	2.2774115E-5	34.772472	39.0	TRUE	C	1.9051811E-5	4.0	3.0203013E-5	0.99971426	11.7446165	0.284924	0.97333837	1.0
SPIKE	S132:C>T	2	175638	1.1387057E-5	13.254343	37.5	TRUE	C	2.393581E-5	17.0	2.1465767E-5	0.999641	117.4976	0.24730165	0.9749267	0.0
SPIKE	S132:C>G	0	175638	0.0	9999.0	0.0	TRUE	C	1.2988136E-4	1.0	1.2411034E-5	0.99805367	91.75511	0.24862249	0.9818446	1.0
SPIKE	S133:A>G	0	175638	0.0	9999.0	0.0	TRUE	A	6.4901775E-5	3.0	2.6875614E-5	0.99902695	39.788696	0.2865016	0.9747618	1.0
SPIKE	S133:A>C	0	175638	0.0	9999.0	0.0	TRUE	A	1.324045E-5	0.0	1.5650665E-5	0.9998014	7.7582693	0.29975274	0.9685621	1.0
SPIKE	S133:A>T	0	175638	0.0	9999.0	0.0	TRUE	A	3.4333363E-5	0.0	1.0519583E-5	0.99948514	19.850552	0.30378532	0.97464806	1.0
SPIKE	S134:G>A	0	175638	0.0	9999.0	0.0	TRUE	G	1.8513643E-5	12.0	2.9355984E-5	0.99972236	28.17085	0.27098292	0.97265816	0.0
SPIKE	S134:G>C	0	175638	0.0	9999.0	0.0	TRUE	G	1.2542013E-4	1.0	1.0912546E-5	0.9981205	85.70269	0.25703725	0.9813701	1.0
SPIKE	S134:G>T	0	175638	0.0	9999.0	0.0	TRUE	G	1.2800969E-4	6.0	1.1220114E-5	0.9980817	83.18134	0.2702964	0.9774858	1.0
SPIKE	S135:C>T	6	175638	3.4161174E-5	5.0560317	37.5	TRUE	C	2.53438E-4	180.0	2.1465767E-5	0.9962056	117.4976	0.24730165	0.9749267	0.0
SPIKE	S135:C>A	0	175638	0.0	9999.0	0.0	TRUE	C	6.9753485E-5	43.0	3.0203013E-5	0.99895424	11.7446165	0.284924	0.97333837	0.0
SPIKE	S135:C>G	0	175638	0.0	9999.0	0.0	TRUE	C	1.2988136E-4	1.0	1.2411034E-5	0.99805367	91.75511	0.24862249	0.9818446	1.0
SPIKE	S136:C>T	4	175638	2.2774115E-5	0.37111363	40.0	TRUE	C	3.928289E-4	279.0	2.1465767E-5	0.9941249	117.4976	0.24730165	0.9749267	0.0
SPIKE	S136:C>A	0	175638	0.0	9999.0	0.0	TRUE	C	5.8398266E-5	36.0	3.0203013E-5	0.9991244	11.7446165	0.284924	0.97333837	0.0
SPIKE	S136:C>G	0	175638	0.0	9999.0	0.0	TRUE	C	1.2988136E-4	1.0	1.2411034E-5	0.99805367	91.75511	0.24862249	0.9818446	1.0
SPIKE	I137:>T	1	175638	5.6935287E-6	9999.0	39.571556	TRUE		NaN	NaN	NaN	NaN	NaN	NaN	NaN	NaN
SPIKE	S137:T>C	2	175638	1.1387057E-5	4.0459538	40.0	TRUE	T	8.942647E-5	57.0	1.651345E-5	0.9986595	40.918034	0.27556044	0.9720976	0.0
SPIKE	D137-138:T>	1	175638	5.6935287E-6	9999.0	39.571556	TRUE		NaN	NaN	NaN	NaN	NaN	NaN	NaN	NaN
SPIKE	S137:T>A	0	175638	0.0	9999.0	0.0	TRUE	T	4.345651E-5	7.0	1.4022346E-5	0.99934834	27.474678	0.27780932	0.9780123	1.0
SPIKE	S137:T>G	0	175638	0.0	9999.0	0.0	TRUE	T	4.6025765E-5	33.0	7.902409E-6	0.99930984	160.02206	0.2449678	0.9792644	0.0
SPIKE	I138:>G	5	175638	2.8467644E-5	9999.0	39.574593	TRUE		NaN	NaN	NaN	NaN	NaN	NaN	NaN	NaN
SPIKE	S138:G>C	1	175638	5.6935287E-6	0.90360475	34.0	TRUE	G	1.2542013E-4	6.0	1.0912546E-5	0.9981205	85.70269	0.25703725	0.9813701	1.0
SPIKE	D138-139:G>	3	175638	1.7080587E-5	9999.0	39.574593	TRUE		NaN	NaN	NaN	NaN	NaN	NaN	NaN	NaN
SPIKE	S138:G>A	0	175638	0.0	9999.0	0.0	TRUE	G	4.3198503E-5	28.0	2.9355984E-5	0.9993522	28.17085	0.27098292	0.97265816	0.0
SPIKE	S138:G>T	0	175638	0.0	9999.0	0.0	TRUE	G	3.077846E-5	20.0	1.1220114E-5	0.9995384	83.18134	0.2702964	0.9774858	0.0
SPIKE	D139-140:A>	14	175638	7.97094E-5	9999.0	39.559925	TRUE		NaN	NaN	NaN	NaN	NaN	NaN	NaN	NaN
SPIKE	I139:>A	2	175638	1.1387057E-5	9999.0	39.559925	TRUE		NaN	NaN	NaN	NaN	NaN	NaN	NaN	NaN
SPIKE	S139:A>G	0	175638	0.0	9999.0	0.0	TRUE	A	1.0113199E-4	62.0	2.6875614E-5	0.9984842	39.788696	0.2865016	0.9747618	0.0
SPIKE	S139:A>C	0	175638	0.0	9999.0	0.0	TRUE	A	1.324045E-5	2.0	1.5650665E-5	0.9998014	7.7582693	0.29975274	0.9685621	1.0
SPIKE	S139:A>T	0	175638	0.0	9999.0	0.0	TRUE	A	4.1856134E-4	242.0	1.0519583E-5	0.9937413	19.850552	0.30378532	0.97464806	0.0
SPIKE	I140:>T	10	175634	5.6936584E-5	9999.0	39.561543	TRUE		NaN	NaN	NaN	NaN	NaN	NaN	NaN	NaN
SPIKE	D140-142:TT>	2	175634	1.1387317E-5	9999.0	39.561543	TRUE		NaN	NaN	NaN	NaN	NaN	NaN	NaN	NaN
SPIKE	D140-143:TTA>	1	175634	5.6936583E-6	9999.0	39.561543	TRUE		NaN	NaN	NaN	NaN	NaN	NaN	NaN	NaN
SPIKE	D140-141:T>	37	175634	2.1066536E-4	9999.0	39.561543	TRUE		NaN	NaN	NaN	NaN	NaN	NaN	NaN	NaN
SPIKE	S140:T>A	0	175634	0.0	9999.0	0.0	TRUE	T	2.214421E-4	140.0	1.4022346E-5	0.9966839	27.474052	0.27780932	0.9780123	0.0
SPIKE	S140:T>G	0	175634	0.0	9999.0	0.0	TRUE	T	6.4158594E-5	46.0	7.902409E-6	0.9990381	160.01842	0.2449678	0.9792644	0.0
SPIKE	S140:T>C	0	175634	0.0	9999.0	0.0	TRUE	T	6.419571E-5	6.0	1.651345E-5	0.9990375	40.917103	0.27556044	0.9720976	1.0
SPIKE	S141:T>G	1	175627	5.693885E-6	0.39467737	40.0	TRUE	T	1.7435095E-4	125.0	7.902409E-6	0.9973881	160.01204	0.2449678	0.9792644	0.0
SPIKE	S141:T>A	0	175627	0.0	9999.0	0.0	TRUE	T	0.0010882731	688.0	1.4022346E-5	0.9838084	27.472958	0.27780932	0.9780123	0.0
SPIKE	S141:T>C	0	175627	0.0	9999.0	0.0	TRUE	T	5.648341E-5	36.0	1.651345E-5	0.99915314	40.91547	0.27556044	0.9720976	0.0
SPIKE	D142-143:A>	18	175622	1.0249286E-4	9999.0	39.479256	TRUE		NaN	NaN	NaN	NaN	NaN	NaN	NaN	NaN
SPIKE	I142:>A	7	175622	3.9858332E-5	9999.0	39.479256	TRUE		NaN	NaN	NaN	NaN	NaN	NaN	NaN	NaN
SPIKE	S142:A>G	0	175622	0.0	9999.0	0.0	TRUE	A	0.0015383251	943.0	2.6875614E-5	0.9771893	39.785072	0.2865016	0.9747618	0.0
SPIKE	S142:A>C	0	175622	0.0	9999.0	0.0	TRUE	A	2.4065594E-4	141.0	1.5650665E-5	0.99639666	7.7575626	0.29975274	0.9685621	0.0
SPIKE	S142:A>T	0	175622	0.0	9999.0	0.0	TRUE	A	5.068167E-4	293.0	1.0519583E-5	0.9924266	19.848743	0.30378532	0.97464806	0.0
SPIKE	D143-144:G>	11	175617	6.26363E-5	9999.0	39.457592	TRUE		NaN	NaN	NaN	NaN	NaN	NaN	NaN	NaN
SPIKE	D143-145:GC>	3	175617	1.7082628E-5	9999.0	39.457592	TRUE		NaN	NaN	NaN	NaN	NaN	NaN	NaN	NaN
SPIKE	S143:G>A	0	175617	0.0	9999.0	0.0	TRUE	G	5.1381503E-4	333.0	2.9355984E-5	0.9923224	28.167482	0.27098292	0.97265816	0.0
SPIKE	S143:G>C	0	175617	0.0	9999.0	0.0	TRUE	G	0.0018690273	1277.0	1.0912546E-5	0.97235394	85.69244	0.25703725	0.9813701	0.0
SPIKE	S143:G>T	0	175617	0.0	9999.0	0.0	TRUE	G	2.9243034E-5	19.0	1.1220114E-5	0.9995614	83.1714	0.2702964	0.9774858	0.0
SPIKE	I144:>C	23	175613	1.309698E-4	9999.0	39.519466	TRUE		NaN	NaN	NaN	NaN	NaN	NaN	NaN	NaN
SPIKE	S144:C>A	1	175613	5.694339E-6	2.137243	32.0	TRUE	C	7.625303E-5	47.0	3.0203013E-5	0.99885684	11.742945	0.284924	0.97333837	0.0
SPIKE	D144-145:C>	34	175613	1.9360753E-4	9999.0	39.519466	TRUE		NaN	NaN	NaN	NaN	NaN	NaN	NaN	NaN
SPIKE	S144:C>G	0	175613	0.0	9999.0	0.0	TRUE	C	6.0309813E-4	426.0	1.2411034E-5	0.99099433	91.74205	0.24862249	0.9818446	0.0
SPIKE	S144:C>T	0	175613	0.0	9999.0	0.0	TRUE	C	3.2669993E-4	232.0	2.1465767E-5	0.99511147	117.48087	0.24730165	0.9749267	0.0
SPIKE	S145:C>T	2	175601	1.1389457E-5	0.060334355	35.0	TRUE	C	3.7319565E-4	265.0	2.1465767E-5	0.9944177	117.47285	0.24730165	0.9749267	0.0
SPIKE	S145:C>A	0	175601	0.0	9999.0	0.0	TRUE	C	6.976818E-5	43.0	3.0203013E-5	0.998954	11.742142	0.284924	0.97333837	0.0
SPIKE	S145:C>G	0	175601	0.0	9999.0	0.0	TRUE	C	2.83164E-4	200.0	1.2411034E-5	0.9957616	91.73579	0.24862249	0.9818446	0.0
SPIKE	S146:C>A	1	175552	5.696318E-6	2.720914	40.0	TRUE	C	6.329578E-5	39.0	3.0203013E-5	0.99905103	11.738866	0.284924	0.97333837	0.0
SPIKE	S146:C>T	1	175552	5.696318E-6	9.507569E-4	40.0	TRUE	C	5.183937E-4	368.0	2.1465767E-5	0.99225426	117.44006	0.24730165	0.9749267	0.0
SPIKE	S146:C>G	0	175552	0.0	9999.0	0.0	TRUE	C	0.0022602794	1596.0	1.2411034E-5	0.96666414	91.71018	0.24862249	0.9818446	0.0
SPIKE	S147:G>A	0	175540	0.0	9999.0	0.0	TRUE	G	2.9329634E-5	19.0	2.9355984E-5	0.9995602	28.155132	0.27098292	0.97265816	0.0
SPIKE	S147:G>C	0	175540	0.0	9999.0	0.0	TRUE	G	0.0010381532	709.0	1.0912546E-5	0.98454833	85.65487	0.25703725	0.9813701	0.0
SPIKE	S147:G>T	0	175540	0.0	9999.0	0.0	TRUE	G	0.0026114706	1696.0	1.1220114E-5	0.9615852	83.13493	0.2702964	0.9774858	0.0
SPIKE	S148:T>G	1	175501	5.6979734E-6	-0.0	40.0	TRUE	T	0.003615145	2590.0	7.902409E-6	0.94721687	159.89723	0.2449678	0.9792644	0.0
SPIKE	S148:T>A	0	175501	0.0	9999.0	0.0	TRUE	T	4.345651E-5	0.0	1.4022346E-5	0.99934834	27.453247	0.27780932	0.9780123	1.0
SPIKE	S148:T>C	0	175501	0.0	9999.0	0.0	TRUE	T	4.1136885E-4	262.0	1.651345E-5	0.99384844	40.886116	0.27556044	0.9720976	0.0
SPIKE	S149:G>A	0	175483	0.0	9999.0	0.0	TRUE	G	4.3462092E-5	5.0	2.9355984E-5	0.9993483	28.14599	0.27098292	0.97265816	1.0
SPIKE	S149:G>C	0	175483	0.0	9999.0	0.0	TRUE	G	0.0028093436	1918.0	1.0912546E-5	0.9587354	85.62705	0.25703725	0.9813701	0.0
SPIKE	S149:G>T	0	175483	0.0	9999.0	0.0	TRUE	G	0.0015341212	996.0	1.1220114E-5	0.97725093	83.10794	0.2702964	0.9774858	0.0
SPIKE	S150:C>A	0	175451	0.0	9999.0	0.0	TRUE	C	4.3845383E-5	27.0	3.0203013E-5	0.99934256	11.732112	0.284924	0.97333837	0.0
SPIKE	S150:C>G	0	175451	0.0	9999.0	0.0	TRUE	C	0.0016692618	1178.0	1.2411034E-5	0.97527194	91.657425	0.24862249	0.9818446	0.0
SPIKE	S150:C>T	0	175451	0.0	9999.0	0.0	TRUE	C	0.0030783252	2184.0	2.1465767E-5	0.95487493	117.3725	0.24730165	0.9749267	0.0
SPIKE	S151:T>A	0	175414	0.0	9999.0	0.0	TRUE	T	4.345651E-5	1.0	1.4022346E-5	0.99934834	27.439638	0.27780932	0.9780123	1.0
SPIKE	S151:T>G	0	175414	0.0	9999.0	0.0	TRUE	T	0.0034954427	2503.0	7.902409E-6	0.9489192	159.81798	0.2449678	0.9792644	0.0
SPIKE	S151:T>C	0	175414	0.0	9999.0	0.0	TRUE	T	0.0013682442	871.0	1.651345E-5	0.9796855	40.86585	0.27556044	0.9720976	0.0
SPIKE	S152:G>A	0	175389	0.0	9999.0	0.0	TRUE	G	2.0084923E-5	13.0	2.9355984E-5	0.99969876	28.130913	0.27098292	0.97265816	0.0
SPIKE	S152:G>C	0	175389	0.0	9999.0	0.0	TRUE	G	3.9568786E-5	27.0	1.0912546E-5	0.99940664	85.581184	0.25703725	0.9813701	0.0
SPIKE	S152:G>T	0	175389	0.0	9999.0	0.0	TRUE	G	0.0014994979	973.0	1.1220114E-5	0.9777586	83.06342	0.2702964	0.9774858	0.0
SPIKE	S153:G>A	0	175318	0.0	9999.0	0.0	TRUE	G	4.3462092E-5	8.0	2.9355984E-5	0.9993483	28.119526	0.27098292	0.97265816	1.0
SPIKE	S153:G>C	0	175318	0.0	9999.0	0.0	TRUE	G	1.6127145E-5	11.0	1.0912546E-5	0.9997581	85.54654	0.25703725	0.9813701	0.0
SPIKE	S153:G>T	0	175318	0.0	9999.0	0.0	TRUE	G	3.083464E-5	20.0	1.1220114E-5	0.9995376	83.02979	0.2702964	0.9774858	0.0
