#pipeline_block
reference	mutation	count	coverage	freq	score	cqs	has.reference	ancestral.allele	error.rate	minor.count.local	minor.fdr	minor.recall	minor.count.global	read.fraction.in.minors	q.filtered.read.fraction	mig.size	global.est
SPIKE	S0:T>A	0	88462	0.0	-1.0	0.0	TRUE	T	8.342404E-6	3.0	0.14162189	0.9988077	6.9397726	0.12388654	0.0028767008	143.0	1.0
SPIKE	S0:T>G	0	88462	0.0	-1.0	0.0	TRUE	T	3.6702084E-5	1.0	0.018979615	0.99476534	74.73885	0.044281572	0.003378263	143.0	1.0
SPIKE	S0:T>C	0	88462	0.0	-1.0	0.0	TRUE	T	3.8935636E-5	36.0	0.08016147	0.99444765	35.66331	0.10401355	0.008973637	143.0	0.0
SPIKE	S1:A>G	0	88518	0.0	-1.0	0.0	TRUE	A	2.8276032E-5	32.0	0.065735295	0.9959647	35.685886	0.08372018	0.0107977465	143.0	0.0
SPIKE	S1:A>C	0	88518	0.0	-1.0	0.0	TRUE	A	7.0097914E-5	0.0	0.051978797	0.99002606	74.78616	0.087518	0.05372408	143.0	1.0
SPIKE	S1:A>T	0	88518	0.0	-1.0	0.0	TRUE	A	9.696267E-6	6.0	0.18050866	0.9986144	6.9441657	0.15082444	0.007009471	143.0	1.0
SPIKE	S2:G>A	0	88584	0.0	-1.0	0.0	TRUE	G	4.2253418E-5	49.0	0.08306046	0.993976	60.599007	0.083306774	0.0070107332	143.0	0.0
SPIKE	S2:G>C	0	88584	0.0	-1.0	0.0	TRUE	G	2.4680243E-5	1.0	0.042676892	0.99647695	41.30116	0.055294752	0.0031748281	143.0	1.0
SPIKE	S2:G>T	0	88584	0.0	-1.0	0.0	TRUE	G	1.1102911E-5	6.0	0.05633204	0.99841356	17.23807	0.06046225	0.0029669132	143.0	1.0
SPIKE	S3:C>A	0	88671	0.0	-1.0	0.0	TRUE	C	2.535987E-5	3.0	0.48243374	0.9963801	17.255	0.25179535	0.033626672	143.0	1.0
SPIKE	S3:C>G	0	88671	0.0	-1.0	0.0	TRUE	C	2.3980147E-5	6.0	0.052939005	0.9965767	41.341724	0.05430839	0.002507527	143.0	1.0
SPIKE	S3:C>T	0	88671	0.0	-1.0	0.0	TRUE	C	5.462588E-5	76.0	0.050211336	0.9922189	60.65852	0.06710262	0.006373395	143.0	0.0
SPIKE	S4:G>A	30	88743	3.3805484E-4	-1.0	39.866665	TRUE	G	2.9266166E-5	34.0	0.08306046	0.9958237	60.707775	0.083306774	0.0070107332	143.0	0.0
SPIKE	S4:G>C	2	88743	2.253699E-5	-1.0	39.5	TRUE	G	2.4680243E-5	4.0	0.042676892	0.99647695	41.375294	0.055294752	0.0031748281	143.0	1.0
SPIKE	S4:G>T	0	88743	0.0	-1.0	0.0	TRUE	G	1.1102911E-5	6.0	0.05633204	0.99841356	17.26901	0.06046225	0.0029669132	143.0	1.0
SPIKE	S5:T>A	2	88802	2.2522016E-5	-1.0	39.5	TRUE	T	8.342404E-6	0.0	0.14162189	0.9988077	6.966445	0.12388654	0.0028767008	143.0	1.0
SPIKE	S5:T>G	1	88802	1.1261008E-5	-1.0	40.0	TRUE	T	9.7838165E-6	20.0	0.018979615	0.9986019	75.02611	0.044281572	0.003378263	143.0	0.0
SPIKE	S5:T>C	6	88802	6.756605E-5	-1.0	38.5	TRUE	T	4.7405796E-5	44.0	0.08016147	0.9932439	35.80038	0.10401355	0.008973637	143.0	0.0
SPIKE	I6:>G	2	88864	2.2506301E-5	-1.0	39.954773	TRUE		NaN	NaN	NaN	NaN	NaN	NaN	NaN	NaN	NaN
SPIKE	S6:G>A	23	88864	2.5882246E-4	-1.0	39.913044	TRUE	G	2.492833E-5	29.0	0.08306046	0.9964416	60.79055	0.083306774	0.0070107332	143.0	0.0
SPIKE	S6:G>T	2	88864	2.2506301E-5	-1.0	38.0	TRUE	G	1.1102911E-5	4.0	0.05633204	0.99841356	17.292557	0.06046225	0.0029669132	143.0	1.0
SPIKE	S6:G>C	0	88864	0.0	-1.0	0.0	TRUE	G	2.4680243E-5	0.0	0.042676892	0.99647695	41.431705	0.055294752	0.0031748281	143.0	1.0
SPIKE	S7:A>C	7	88904	7.8736615E-5	22.321487	39.57143	TRUE	A	7.0097914E-5	1.0	0.051978797	0.99002606	75.11228	0.087518	0.05372408	143.0	1.0
SPIKE	D7-8:A>	80	88904	8.99847E-4	-1.0	39.964535	TRUE		NaN	NaN	NaN	NaN	NaN	NaN	NaN	NaN	NaN
SPIKE	S7:A>G	0	88904	0.0	-1.0	0.0	TRUE	A	1.3196843E-5	15.0	0.065735295	0.99811465	35.841503	0.08372018	0.0107977465	143.0	0.0
SPIKE	S7:A>T	0	88904	0.0	-1.0	0.0	TRUE	A	9.696267E-6	0.0	0.18050866	0.9986144	6.974447	0.15082444	0.007009471	143.0	1.0
SPIKE	S8:A>G	1	88907	1.1247708E-5	-1.0	40.0	TRUE	A	2.4633275E-5	28.0	0.065735295	0.9964836	35.842712	0.08372018	0.0107977465	143.0	0.0
SPIKE	S8:A>C	9	88907	1.0122937E-4	28.342087	39.77778	TRUE	A	7.0097914E-5	3.0	0.051978797	0.99002606	75.114815	0.087518	0.05372408	143.0	1.0
SPIKE	S8:A>T	0	88907	0.0	-1.0	0.0	TRUE	A	9.696267E-6	0.0	0.18050866	0.9986144	6.9746823	0.15082444	0.007009471	143.0	1.0
SPIKE	D9-11:GA>	10	88913	1.1246949E-4	-1.0	39.928547	TRUE		NaN	NaN	NaN	NaN	NaN	NaN	NaN	NaN	NaN
SPIKE	I9:>G	1	88913	1.1246949E-5	-1.0	39.928547	TRUE		NaN	NaN	NaN	NaN	NaN	NaN	NaN	NaN	NaN
SPIKE	S9:G>A	27	88913	3.0366762E-4	-1.0	39.703705	TRUE	G	3.092846E-5	36.0	0.08306046	0.995587	60.82407	0.083306774	0.0070107332	143.0	0.0
SPIKE	D9-10:G>	45	88913	5.061127E-4	-1.0	39.928547	TRUE		NaN	NaN	NaN	NaN	NaN	NaN	NaN	NaN	NaN
SPIKE	S9:G>C	0	88913	0.0	-1.0	0.0	TRUE	G	2.4680243E-5	0.0	0.042676892	0.99647695	41.45455	0.055294752	0.0031748281	143.0	1.0
SPIKE	S9:G>T	0	88913	0.0	-1.0	0.0	TRUE	G	1.1102911E-5	2.0	0.05633204	0.99841356	17.302092	0.06046225	0.0029669132	143.0	1.0
SPIKE	S10:A>G	1	88913	1.1246949E-5	-1.0	40.0	TRUE	A	3.430832E-5	39.0	0.065735295	0.9951059	35.84513	0.08372018	0.0107977465	143.0	0.0
SPIKE	S10:A>C	5	88913	5.6234745E-5	16.300888	40.0	TRUE	A	7.0097914E-5	2.0	0.051978797	0.99002606	75.11989	0.087518	0.05372408	143.0	1.0
SPIKE	D10-11:A>	32	88913	3.5990236E-4	-1.0	39.922024	TRUE		NaN	NaN	NaN	NaN	NaN	NaN	NaN	NaN	NaN
SPIKE	D10-12:AC>	3	88913	3.374085E-5	-1.0	39.922024	TRUE		NaN	NaN	NaN	NaN	NaN	NaN	NaN	NaN	NaN
SPIKE	S10:A>T	0	88913	0.0	-1.0	0.0	TRUE	A	9.696267E-6	0.0	0.18050866	0.9986144	6.975153	0.15082444	0.007009471	143.0	1.0
SPIKE	S11:C>G	1	88914	1.1246822E-5	-1.0	40.0	TRUE	C	2.3980147E-5	1.0	0.052939005	0.9965767	41.455017	0.05430839	0.002507527	143.0	1.0
SPIKE	S11:C>T	27	88914	3.0366422E-4	-1.0	39.814816	TRUE	C	4.085744E-5	57.0	0.050211336	0.9941744	60.824753	0.06710262	0.006373395	143.0	0.0
SPIKE	D11-13:CG>	1	88914	1.1246822E-5	-1.0	39.89384	TRUE		NaN	NaN	NaN	NaN	NaN	NaN	NaN	NaN	NaN
SPIKE	D11-12:C>	32	88914	3.5989832E-4	-1.0	39.89384	TRUE		NaN	NaN	NaN	NaN	NaN	NaN	NaN	NaN	NaN
SPIKE	I11:>C	1	88914	1.1246822E-5	-1.0	39.89384	TRUE		NaN	NaN	NaN	NaN	NaN	NaN	NaN	NaN	NaN
SPIKE	S11:C>A	0	88914	0.0	-1.0	0.0	TRUE	C	2.535987E-5	0.0	0.48243374	0.9963801	17.302286	0.25179535	0.033626672	143.0	1.0
SPIKE	D12-14:GA>	5	88914	5.6234116E-5	-1.0	39.791977	TRUE		NaN	NaN	NaN	NaN	NaN	NaN	NaN	NaN	NaN
SPIKE	S12:G>A	35	88914	3.936388E-4	-1.0	39.74286	TRUE	G	2.8350767E-5	33.0	0.08306046	0.99595404	60.824753	0.083306774	0.0070107332	143.0	0.0
SPIKE	S12:G>T	3	88914	3.3740467E-5	-1.0	36.0	TRUE	G	1.1102911E-5	1.0	0.05633204	0.99841356	17.302286	0.06046225	0.0029669132	143.0	1.0
SPIKE	D12-13:G>	36	88914	4.0488562E-4	-1.0	39.791977	TRUE		NaN	NaN	NaN	NaN	NaN	NaN	NaN	NaN	NaN
SPIKE	S12:G>C	0	88914	0.0	-1.0	0.0	TRUE	G	2.4680243E-5	0.0	0.042676892	0.99647695	41.455017	0.055294752	0.0031748281	143.0	1.0
SPIKE	S13:A>C	1	88914	1.1246822E-5	4.2596874	40.0	TRUE	A	7.0097914E-5	5.0	0.051978797	0.99002606	75.12073	0.087518	0.05372408	143.0	1.0
SPIKE	D13-14:A>	31	88914	3.4865152E-4	-1.0	39.832806	TRUE		NaN	NaN	NaN	NaN	NaN	NaN	NaN	NaN	NaN
SPIKE	S13:A>G	0	88914	0.0	-1.0	0.0	TRUE	A	1.13480084E-4	129.0	0.065735295	0.9839033	35.84553	0.08372018	0.0107977465	143.0	0.0
SPIKE	S13:A>T	0	88914	0.0	-1.0	0.0	TRUE	A	9.696267E-6	4.0	0.18050866	0.9986144	6.975231	0.15082444	0.007009471	143.0	1.0
SPIKE	S14:C>G	4	88914	4.498729E-5	-1.0	40.0	TRUE	C	2.3980147E-5	1.0	0.052939005	0.9965767	41.455017	0.05430839	0.002507527	143.0	1.0
SPIKE	S14:C>T	21	88914	2.3618327E-4	-1.0	39.761906	TRUE	C	1.791993E-5	25.0	0.050211336	0.99744076	60.824753	0.06710262	0.006373395	143.0	0.0
SPIKE	D14-15:C>	28	88914	3.1491104E-4	-1.0	39.93414	TRUE		NaN	NaN	NaN	NaN	NaN	NaN	NaN	NaN	NaN
SPIKE	S14:C>A	0	88914	0.0	-1.0	0.0	TRUE	C	2.535987E-5	0.0	0.48243374	0.9963801	17.302286	0.25179535	0.033626672	143.0	1.0
SPIKE	S15:A>C	9	88914	1.01221405E-4	28.342087	39.555557	TRUE	A	7.0097914E-5	1.0	0.051978797	0.99002606	75.12073	0.087518	0.05372408	143.0	1.0
SPIKE	D15-16:A>	32	88914	3.5989832E-4	-1.0	39.848854	TRUE		NaN	NaN	NaN	NaN	NaN	NaN	NaN	NaN	NaN
SPIKE	S15:A>G	0	88914	0.0	-1.0	0.0	TRUE	A	2.3751645E-5	27.0	0.065735295	0.9966093	35.84553	0.08372018	0.0107977465	143.0	0.0
SPIKE	S15:A>T	0	88914	0.0	-1.0	0.0	TRUE	A	9.696267E-6	2.0	0.18050866	0.9986144	6.975231	0.15082444	0.007009471	143.0	1.0
SPIKE	S16:G>A	21	88914	2.3618327E-4	-1.0	39.714287	TRUE	G	3.2646338E-5	38.0	0.08306046	0.99534243	60.824753	0.083306774	0.0070107332	143.0	0.0
SPIKE	S16:G>T	1	88914	1.1246822E-5	-1.0	38.0	TRUE	G	1.1102911E-5	0.0	0.05633204	0.99841356	17.302286	0.06046225	0.0029669132	143.0	1.0
SPIKE	D16-17:G>	19	88914	2.1368964E-4	-1.0	39.94116	TRUE		NaN	NaN	NaN	NaN	NaN	NaN	NaN	NaN	NaN
SPIKE	S16:G>C	0	88914	0.0	-1.0	0.0	TRUE	G	2.4680243E-5	0.0	0.042676892	0.99647695	41.455017	0.055294752	0.0031748281	143.0	1.0
SPIKE	S17:A>C	4	88914	4.498729E-5	13.290587	40.0	TRUE	A	7.0097914E-5	2.0	0.051978797	0.99002606	75.12073	0.087518	0.05372408	143.0	1.0
SPIKE	D17-18:A>	9	88914	1.01221405E-4	-1.0	39.920753	TRUE		NaN	NaN	NaN	NaN	NaN	NaN	NaN	NaN	NaN
SPIKE	S17:A>G	0	88914	0.0	-1.0	0.0	TRUE	A	5.893927E-5	67.0	0.065735295	0.9916071	35.84553	0.08372018	0.0107977465	143.0	0.0
SPIKE	S17:A>T	0	88914	0.0	-1.0	0.0	TRUE	A	9.696267E-6	3.0	0.18050866	0.9986144	6.975231	0.15082444	0.007009471	143.0	1.0
SPIKE	S18:A>G	1	88914	1.1246822E-5	-1.0	40.0	TRUE	A	4.0465766E-5	46.0	0.065735295	0.9942301	35.84553	0.08372018	0.0107977465	143.0	0.0
SPIKE	S18:A>C	13	88914	1.462087E-4	40.383286	39.615383	TRUE	A	7.0097914E-5	4.0	0.051978797	0.99002606	75.12073	0.087518	0.05372408	143.0	1.0
SPIKE	S18:A>T	0	88914	0.0	-1.0	0.0	TRUE	A	9.696267E-6	1.0	0.18050866	0.9986144	6.975231	0.15082444	0.007009471	143.0	1.0
SPIKE	S19:C>G	8	88914	8.997458E-5	-1.0	39.75	TRUE	C	2.3980147E-5	0.0	0.052939005	0.9965767	41.455017	0.05430839	0.002507527	143.0	1.0
SPIKE	S19:C>T	8	88914	8.997458E-5	-1.0	40.0	TRUE	C	2.5087904E-5	35.0	0.050211336	0.99641883	60.824753	0.06710262	0.006373395	143.0	0.0
SPIKE	S19:C>A	0	88914	0.0	-1.0	0.0	TRUE	C	2.535987E-5	0.0	0.48243374	0.9963801	17.302286	0.25179535	0.033626672	143.0	1.0
SPIKE	S20:C>G	5	88914	5.6234116E-5	-1.0	39.2	TRUE	C	2.3980147E-5	0.0	0.052939005	0.9965767	41.455017	0.05430839	0.002507527	143.0	1.0
SPIKE	S20:C>T	4	88914	4.498729E-5	-1.0	40.0	TRUE	C	2.2220715E-5	31.0	0.050211336	0.9968275	60.824753	0.06710262	0.006373395	143.0	0.0
SPIKE	S20:C>A	0	88914	0.0	-1.0	0.0	TRUE	C	2.535987E-5	0.0	0.48243374	0.9963801	17.302286	0.25179535	0.033626672	143.0	1.0
SPIKE	S21:A>G	0	88914	0.0	-1.0	0.0	TRUE	A	3.9586077E-5	45.0	0.065735295	0.9943552	35.84553	0.08372018	0.0107977465	143.0	0.0
SPIKE	S21:A>C	0	88914	0.0	-1.0	0.0	TRUE	A	7.0097914E-5	0.0	0.051978797	0.99002606	75.12073	0.087518	0.05372408	143.0	1.0
SPIKE	S21:A>T	0	88914	0.0	-1.0	0.0	TRUE	A	9.696267E-6	0.0	0.18050866	0.9986144	6.975231	0.15082444	0.007009471	143.0	1.0
SPIKE	S22:A>C	88914	88914	1.0	9999.0	39.993736	FALSE	C	7.0097914E-5	0.0	0.051978797	0.99002606	75.12073	0.087518	0.05372408	143.0	1.0
SPIKE	S22:A>G	0	88914	0.0	-1.0	0.0	FALSE	C	3.1532978E-5	0.0	0.065735295	0.9955009	35.84553	0.08372018	0.0107977465	143.0	1.0
SPIKE	S22:A>T	0	88914	0.0	-1.0	0.0	FALSE	C	9.696267E-6	0.0	0.18050866	0.9986144	6.975231	0.15082444	0.007009471	143.0	1.0
SPIKE	S23:A>T	88914	88914	1.0	-1.0	39.993702	FALSE	T	9.696267E-6	0.0	0.18050866	0.9986144	6.975231	0.15082444	0.007009471	143.0	1.0
SPIKE	S23:A>G	0	88914	0.0	-1.0	0.0	FALSE	T	3.1532978E-5	0.0	0.065735295	0.9955009	35.84553	0.08372018	0.0107977465	143.0	1.0
SPIKE	S23:A>C	0	88914	0.0	-1.0	0.0	FALSE	T	7.0097914E-5	0.0	0.051978797	0.99002606	75.12073	0.087518	0.05372408	143.0	1.0
SPIKE	S24:A>C	88914	88914	1.0	9999.0	39.993713	FALSE	C	7.0097914E-5	0.0	0.051978797	0.99002606	75.12073	0.087518	0.05372408	143.0	1.0
SPIKE	S24:A>G	0	88914	0.0	-1.0	0.0	FALSE	C	3.1532978E-5	0.0	0.065735295	0.9955009	35.84553	0.08372018	0.0107977465	143.0	1.0
SPIKE	S24:A>T	0	88914	0.0	-1.0	0.0	FALSE	C	9.696267E-6	0.0	0.18050866	0.9986144	6.975231	0.15082444	0.007009471	143.0	1.0
SPIKE	S25:A>G	0	88915	0.0	-1.0	0.0	TRUE	A	3.1532978E-5	0.0	0.065735295	0.9955009	35.845936	0.08372018	0.0107977465	143.0	1.0
SPIKE	S25:A>C	0	88915	0.0	-1.0	0.0	TRUE	A	7.0097914E-5	0.0	0.051978797	0.99002606	75.121574	0.087518	0.05372408	143.0	1.0
SPIKE	S25:A>T	0	88915	0.0	-1.0	0.0	TRUE	A	9.696267E-6	0.0	0.18050866	0.9986144	6.97531	0.15082444	0.007009471	143.0	1.0
SPIKE	S26:T>C	1	88915	1.1246696E-5	-1.0	40.0	TRUE	T	2.7976916E-5	26.0	0.08016147	0.99600726	35.845936	0.10401355	0.008973637	143.0	0.0
SPIKE	S26:T>A	0	88915	0.0	-1.0	0.0	TRUE	T	8.342404E-6	1.0	0.14162189	0.9988077	6.97531	0.12388654	0.0028767008	143.0	1.0
SPIKE	S26:T>G	0	88915	0.0	-1.0	0.0	TRUE	T	3.6702084E-5	2.0	0.018979615	0.99476534	75.121574	0.044281572	0.003378263	143.0	1.0
SPIKE	S27:G>A	4	88915	4.4986784E-5	-1.0	39.75	TRUE	G	3.0068657E-5	35.0	0.08306046	0.9957094	60.82544	0.083306774	0.0070107332	143.0	0.0
SPIKE	S27:G>C	0	88915	0.0	-1.0	0.0	TRUE	G	2.4680243E-5	0.0	0.042676892	0.99647695	41.455486	0.055294752	0.0031748281	143.0	1.0
SPIKE	S27:G>T	0	88915	0.0	-1.0	0.0	TRUE	G	1.1102911E-5	0.0	0.05633204	0.99841356	17.30248	0.06046225	0.0029669132	143.0	1.0
SPIKE	S28:G>A	7	88915	7.872687E-5	-1.0	38.42857	TRUE	G	2.4054927E-5	28.0	0.08306046	0.99656606	60.82544	0.083306774	0.0070107332	143.0	0.0
SPIKE	S28:G>C	0	88915	0.0	-1.0	0.0	TRUE	G	2.4680243E-5	0.0	0.042676892	0.99647695	41.455486	0.055294752	0.0031748281	143.0	1.0
SPIKE	S28:G>T	0	88915	0.0	-1.0	0.0	TRUE	G	1.1102911E-5	1.0	0.05633204	0.99841356	17.30248	0.06046225	0.0029669132	143.0	1.0
SPIKE	S29:G>A	6	88915	6.748018E-5	-1.0	39.666668	TRUE	G	3.9518807E-5	46.0	0.08306046	0.99436474	60.82544	0.083306774	0.0070107332	143.0	0.0
SPIKE	S29:G>C	0	88915	0.0	-1.0	0.0	TRUE	G	2.4680243E-5	0.0	0.042676892	0.99647695	41.455486	0.055294752	0.0031748281	143.0	1.0
SPIKE	S29:G>T	0	88915	0.0	-1.0	0.0	TRUE	G	1.1102911E-5	0.0	0.05633204	0.99841356	17.30248	0.06046225	0.0029669132	143.0	1.0
SPIKE	S30:A>G	0	88915	0.0	-1.0	0.0	TRUE	A	3.782627E-5	43.0	0.065735295	0.9946054	35.845936	0.08372018	0.0107977465	143.0	0.0
SPIKE	S30:A>C	0	88915	0.0	-1.0	0.0	TRUE	A	7.0097914E-5	4.0	0.051978797	0.99002606	75.121574	0.087518	0.05372408	143.0	1.0
SPIKE	S30:A>T	0	88915	0.0	-1.0	0.0	TRUE	A	9.696267E-6	0.0	0.18050866	0.9986144	6.97531	0.15082444	0.007009471	143.0	1.0
SPIKE	S31:T>A	0	88915	0.0	-1.0	0.0	TRUE	T	8.342404E-6	0.0	0.14162189	0.9988077	6.97531	0.12388654	0.0028767008	143.0	1.0
SPIKE	S31:T>G	0	88915	0.0	-1.0	0.0	TRUE	T	3.6702084E-5	1.0	0.018979615	0.99476534	75.121574	0.044281572	0.003378263	143.0	1.0
SPIKE	S31:T>C	0	88915	0.0	-1.0	0.0	TRUE	T	3.4433127E-5	32.0	0.08016147	0.99508816	35.845936	0.10401355	0.008973637	143.0	0.0
SPIKE	S32:C>T	4	88915	4.4986784E-5	-1.0	40.0	TRUE	C	2.4370831E-5	34.0	0.050211336	0.99652106	60.82544	0.06710262	0.006373395	143.0	0.0
SPIKE	S32:C>A	0	88915	0.0	-1.0	0.0	TRUE	C	2.535987E-5	0.0	0.48243374	0.9963801	17.30248	0.25179535	0.033626672	143.0	1.0
SPIKE	S32:C>G	0	88915	0.0	-1.0	0.0	TRUE	C	2.3980147E-5	0.0	0.052939005	0.9965767	41.455486	0.05430839	0.002507527	143.0	1.0
SPIKE	S33:C>A	0	88915	0.0	-1.0	0.0	TRUE	C	2.535987E-5	0.0	0.48243374	0.9963801	17.30248	0.25179535	0.033626672	143.0	1.0
SPIKE	S33:C>G	0	88915	0.0	-1.0	0.0	TRUE	C	2.3980147E-5	0.0	0.052939005	0.9965767	41.455486	0.05430839	0.002507527	143.0	1.0
SPIKE	S33:C>T	0	88915	0.0	-1.0	0.0	TRUE	C	2.0070096E-5	28.0	0.050211336	0.9971341	60.82544	0.06710262	0.006373395	143.0	0.0
SPIKE	S34:A>G	0	88915	0.0	-1.0	0.0	TRUE	A	1.05561685E-5	12.0	0.065735295	0.9984916	35.845936	0.08372018	0.0107977465	143.0	0.0
SPIKE	S34:A>C	0	88915	0.0	-1.0	0.0	TRUE	A	7.0097914E-5	0.0	0.051978797	0.99002606	75.121574	0.087518	0.05372408	143.0	1.0
SPIKE	S34:A>T	0	88915	0.0	-1.0	0.0	TRUE	A	9.696267E-6	0.0	0.18050866	0.9986144	6.97531	0.15082444	0.007009471	143.0	1.0
SPIKE	S35:T>A	0	88915	0.0	-1.0	0.0	TRUE	T	8.342404E-6	1.0	0.14162189	0.9988077	6.97531	0.12388654	0.0028767008	143.0	1.0
SPIKE	S35:T>G	0	88915	0.0	-1.0	0.0	TRUE	T	3.6702084E-5	2.0	0.018979615	0.99476534	75.121574	0.044281572	0.003378263	143.0	1.0
SPIKE	S35:T>C	0	88915	0.0	-1.0	0.0	TRUE	T	3.550916E-5	33.0	0.08016147	0.99493504	35.845936	0.10401355	0.008973637	143.0	0.0
SPIKE	S36:T>A	0	88915	0.0	-1.0	0.0	TRUE	T	8.342404E-6	0.0	0.14162189	0.9988077	6.97531	0.12388654	0.0028767008	143.0	1.0
SPIKE	S36:T>G	0	88915	0.0	-1.0	0.0	TRUE	T	3.6702084E-5	0.0	0.018979615	0.99476534	75.121574	0.044281572	0.003378263	143.0	1.0
SPIKE	S36:T>C	0	88915	0.0	-1.0	0.0	TRUE	T	3.857149E-5	1.0	0.08016147	0.99449944	35.845936	0.10401355	0.008973637	143.0	1.0
SPIKE	S37:A>G	0	88915	0.0	-1.0	0.0	TRUE	A	3.1532978E-5	9.0	0.065735295	0.9955009	35.845936	0.08372018	0.0107977465	143.0	1.0
SPIKE	S37:A>C	0	88915	0.0	-1.0	0.0	TRUE	A	1.7729399E-4	190.0	0.051978797	0.97496563	75.121574	0.087518	0.05372408	143.0	0.0
SPIKE	S37:A>T	0	88915	0.0	-1.0	0.0	TRUE	A	9.696267E-6	0.0	0.18050866	0.9986144	6.97531	0.15082444	0.007009471	143.0	1.0
SPIKE	S38:T>C	1	88915	1.1246696E-5	-1.0	33.0	TRUE	T	3.857149E-5	4.0	0.08016147	0.99449944	35.845936	0.10401355	0.008973637	143.0	1.0
SPIKE	S38:T>A	0	88915	0.0	-1.0	0.0	TRUE	T	8.342404E-6	0.0	0.14162189	0.9988077	6.97531	0.12388654	0.0028767008	143.0	1.0
SPIKE	S38:T>G	0	88915	0.0	-1.0	0.0	TRUE	T	3.6702084E-5	1.0	0.018979615	0.99476534	75.121574	0.044281572	0.003378263	143.0	1.0
SPIKE	S39:C>T	1	88915	1.1246696E-5	-1.0	40.0	TRUE	C	3.440588E-5	48.0	0.050211336	0.99509203	60.82544	0.06710262	0.006373395	143.0	0.0
SPIKE	S39:C>A	4	88915	4.4986784E-5	-1.0	39.75	TRUE	C	2.535987E-5	0.0	0.48243374	0.9963801	17.30248	0.25179535	0.033626672	143.0	1.0
SPIKE	S39:C>G	0	88915	0.0	-1.0	0.0	TRUE	C	2.3980147E-5	0.0	0.052939005	0.9965767	41.455486	0.05430839	0.002507527	143.0	1.0
SPIKE	S40:G>A	4	88915	4.4986784E-5	-1.0	40.0	TRUE	G	3.3505075E-5	39.0	0.08306046	0.99522024	60.82544	0.083306774	0.0070107332	143.0	0.0
SPIKE	S40:G>C	0	88915	0.0	-1.0	0.0	TRUE	G	2.4680243E-5	0.0	0.042676892	0.99647695	41.455486	0.055294752	0.0031748281	143.0	1.0
SPIKE	S40:G>T	0	88915	0.0	-1.0	0.0	TRUE	G	1.1102911E-5	1.0	0.05633204	0.99841356	17.30248	0.06046225	0.0029669132	143.0	1.0
SPIKE	S41:G>A	3	88915	3.374009E-5	-1.0	38.333332	TRUE	G	3.264597E-5	38.0	0.08306046	0.9953425	60.82544	0.083306774	0.0070107332	143.0	0.0
SPIKE	S41:G>C	0	88915	0.0	-1.0	0.0	TRUE	G	2.4680243E-5	1.0	0.042676892	0.99647695	41.455486	0.055294752	0.0031748281	143.0	1.0
SPIKE	S41:G>T	0	88915	0.0	-1.0	0.0	TRUE	G	1.1102911E-5	0.0	0.05633204	0.99841356	17.30248	0.06046225	0.0029669132	143.0	1.0
SPIKE	S42:C>T	3	88915	3.374009E-5	-1.0	39.333332	TRUE	C	3.1538722E-5	44.0	0.050211336	0.9955001	60.82544	0.06710262	0.006373395	143.0	0.0
SPIKE	S42:C>A	1	88915	1.1246696E-5	-1.0	40.0	TRUE	C	2.535987E-5	0.0	0.48243374	0.9963801	17.30248	0.25179535	0.033626672	143.0	1.0
SPIKE	S42:C>G	0	88915	0.0	-1.0	0.0	TRUE	C	2.3980147E-5	0.0	0.052939005	0.9965767	41.455486	0.05430839	0.002507527	143.0	1.0
SPIKE	S43:G>A	2	88915	2.2493392E-5	-1.0	40.0	TRUE	G	3.608239E-5	42.0	0.08306046	0.9948535	60.82544	0.083306774	0.0070107332	143.0	0.0
SPIKE	S43:G>C	0	88915	0.0	-1.0	0.0	TRUE	G	2.4680243E-5	0.0	0.042676892	0.99647695	41.455486	0.055294752	0.0031748281	143.0	1.0
SPIKE	S43:G>T	0	88915	0.0	-1.0	0.0	TRUE	G	1.1102911E-5	0.0	0.05633204	0.99841356	17.30248	0.06046225	0.0029669132	143.0	1.0
SPIKE	S44:G>A	1	88915	1.1246696E-5	-1.0	40.0	TRUE	G	3.7800597E-5	44.0	0.08306046	0.9946091	60.82544	0.083306774	0.0070107332	143.0	0.0
SPIKE	S44:G>C	0	88915	0.0	-1.0	0.0	TRUE	G	2.4680243E-5	0.0	0.042676892	0.99647695	41.455486	0.055294752	0.0031748281	143.0	1.0
SPIKE	S44:G>T	0	88915	0.0	-1.0	0.0	TRUE	G	1.1102911E-5	0.0	0.05633204	0.99841356	17.30248	0.06046225	0.0029669132	143.0	1.0
SPIKE	S45:C>T	3	88915	3.374009E-5	-1.0	38.666668	TRUE	C	1.7919729E-5	25.0	0.050211336	0.99744076	60.82544	0.06710262	0.006373395	143.0	0.0
SPIKE	S45:C>A	3	88915	3.374009E-5	-1.0	39.333332	TRUE	C	2.535987E-5	1.0	0.48243374	0.9963801	17.30248	0.25179535	0.033626672	143.0	1.0
SPIKE	S45:C>G	0	88915	0.0	-1.0	0.0	TRUE	C	2.3980147E-5	0.0	0.052939005	0.9965767	41.455486	0.05430839	0.002507527	143.0	1.0
SPIKE	S46:G>A	5	88915	5.6233483E-5	-1.0	40.0	TRUE	G	3.436418E-5	40.0	0.08306046	0.995098	60.82544	0.083306774	0.0070107332	143.0	0.0
SPIKE	S46:G>C	0	88915	0.0	-1.0	0.0	TRUE	G	2.4680243E-5	0.0	0.042676892	0.99647695	41.455486	0.055294752	0.0031748281	143.0	1.0
SPIKE	S46:G>T	0	88915	0.0	-1.0	0.0	TRUE	G	1.1102911E-5	0.0	0.05633204	0.99841356	17.30248	0.06046225	0.0029669132	143.0	1.0
SPIKE	S47:A>G	0	88915	0.0	-1.0	0.0	TRUE	A	3.1532978E-5	6.0	0.065735295	0.9955009	35.845936	0.08372018	0.0107977465	143.0	1.0
SPIKE	S47:A>C	0	88915	0.0	-1.0	0.0	TRUE	A	7.0097914E-5	0.0	0.051978797	0.99002606	75.121574	0.087518	0.05372408	143.0	1.0
SPIKE	S47:A>T	0	88915	0.0	-1.0	0.0	TRUE	A	9.696267E-6	0.0	0.18050866	0.9986144	6.97531	0.15082444	0.007009471	143.0	1.0
SPIKE	S48:A>G	0	88915	0.0	-1.0	0.0	TRUE	A	3.1532978E-5	2.0	0.065735295	0.9955009	35.845936	0.08372018	0.0107977465	143.0	1.0
SPIKE	S48:A>C	0	88915	0.0	-1.0	0.0	TRUE	A	7.0097914E-5	0.0	0.051978797	0.99002606	75.121574	0.087518	0.05372408	143.0	1.0
SPIKE	S48:A>T	0	88915	0.0	-1.0	0.0	TRUE	A	9.696267E-6	0.0	0.18050866	0.9986144	6.97531	0.15082444	0.007009471	143.0	1.0
SPIKE	S49:T>C	1	88915	1.1246696E-5	-1.0	40.0	TRUE	T	3.857149E-5	6.0	0.08016147	0.99449944	35.845936	0.10401355	0.008973637	143.0	1.0
SPIKE	S49:T>A	0	88915	0.0	-1.0	0.0	TRUE	T	8.342404E-6	0.0	0.14162189	0.9988077	6.97531	0.12388654	0.0028767008	143.0	1.0
SPIKE	S49:T>G	0	88915	0.0	-1.0	0.0	TRUE	T	3.6702084E-5	0.0	0.018979615	0.99476534	75.121574	0.044281572	0.003378263	143.0	1.0
SPIKE	S50:T>A	0	88915	0.0	-1.0	0.0	TRUE	T	8.342404E-6	0.0	0.14162189	0.9988077	6.97531	0.12388654	0.0028767008	143.0	1.0
SPIKE	S50:T>G	0	88915	0.0	-1.0	0.0	TRUE	T	3.6702084E-5	0.0	0.018979615	0.99476534	75.121574	0.044281572	0.003378263	143.0	1.0
SPIKE	S50:T>C	0	88915	0.0	-1.0	0.0	TRUE	T	3.857149E-5	3.0	0.08016147	0.99449944	35.845936	0.10401355	0.008973637	143.0	1.0
SPIKE	S51:T>C	1	88915	1.1246696E-5	-1.0	39.0	TRUE	T	3.857149E-5	3.0	0.08016147	0.99449944	35.845936	0.10401355	0.008973637	143.0	1.0
SPIKE	S51:T>A	0	88915	0.0	-1.0	0.0	TRUE	T	8.342404E-6	0.0	0.14162189	0.9988077	6.97531	0.12388654	0.0028767008	143.0	1.0
SPIKE	S51:T>G	0	88915	0.0	-1.0	0.0	TRUE	T	3.6702084E-5	0.0	0.018979615	0.99476534	75.121574	0.044281572	0.003378263	143.0	1.0
SPIKE	S52:A>G	0	88915	0.0	-1.0	0.0	TRUE	A	1.05561685E-5	12.0	0.065735295	0.9984916	35.845936	0.08372018	0.0107977465	143.0	0.0
SPIKE	S52:A>C	0	88915	0.0	-1.0	0.0	TRUE	A	1.1477453E-4	123.0	0.051978797	0.9837212	75.121574	0.087518	0.05372408	143.0	0.0
SPIKE	S52:A>T	0	88915	0.0	-1.0	0.0	TRUE	A	9.696267E-6	0.0	0.18050866	0.9986144	6.97531	0.15082444	0.007009471	143.0	1.0
SPIKE	S53:C>T	1	88915	1.1246696E-5	-1.0	34.0	TRUE	C	2.7954777E-5	39.0	0.050211336	0.9960104	60.82544	0.06710262	0.006373395	143.0	0.0
SPIKE	S53:C>A	1	88915	1.1246696E-5	-1.0	40.0	TRUE	C	2.535987E-5	0.0	0.48243374	0.9963801	17.30248	0.25179535	0.033626672	143.0	1.0
SPIKE	S53:C>G	0	88915	0.0	-1.0	0.0	TRUE	C	2.3980147E-5	1.0	0.052939005	0.9965767	41.455486	0.05430839	0.002507527	143.0	1.0
SPIKE	S54:C>T	4	88915	4.4986784E-5	-1.0	40.0	TRUE	C	2.8671566E-5	40.0	0.050211336	0.9959084	60.82544	0.06710262	0.006373395	143.0	0.0
SPIKE	S54:C>G	1	88915	1.1246696E-5	-1.0	40.0	TRUE	C	2.3980147E-5	0.0	0.052939005	0.9965767	41.455486	0.05430839	0.002507527	143.0	1.0
SPIKE	S54:C>A	0	88915	0.0	-1.0	0.0	TRUE	C	2.535987E-5	0.0	0.48243374	0.9963801	17.30248	0.25179535	0.033626672	143.0	1.0
SPIKE	S55:A>C	1	88915	1.1246696E-5	-1.0	40.0	TRUE	A	2.519441E-5	27.0	0.051978797	0.9964037	75.121574	0.087518	0.05372408	143.0	0.0
SPIKE	S55:A>G	11	88915	1.2371366E-4	26.1236	40.0	TRUE	A	1.6010189E-4	182.0	0.065735295	0.9773655	35.845936	0.08372018	0.0107977465	143.0	0.0
SPIKE	S55:A>T	0	88915	0.0	-1.0	0.0	TRUE	A	9.696267E-6	2.0	0.18050866	0.9986144	6.97531	0.15082444	0.007009471	143.0	1.0
SPIKE	S56:C>T	1	88915	1.1246696E-5	-1.0	40.0	TRUE	C	2.508762E-5	35.0	0.050211336	0.9964189	60.82544	0.06710262	0.006373395	143.0	0.0
SPIKE	S56:C>A	0	88915	0.0	-1.0	0.0	TRUE	C	1.4656783E-5	10.0	0.48243374	0.99790627	17.30248	0.25179535	0.033626672	143.0	0.0
SPIKE	S56:C>G	0	88915	0.0	-1.0	0.0	TRUE	C	2.3980147E-5	0.0	0.052939005	0.9965767	41.455486	0.05430839	0.002507527	143.0	1.0
SPIKE	S57:C>T	4	88915	4.4986784E-5	-1.0	40.0	TRUE	C	3.5839457E-5	50.0	0.050211336	0.99488807	60.82544	0.06710262	0.006373395	143.0	0.0
SPIKE	S57:C>A	2	88915	2.2493392E-5	-1.0	40.0	TRUE	C	2.535987E-5	0.0	0.48243374	0.9963801	17.30248	0.25179535	0.033626672	143.0	1.0
SPIKE	S57:C>G	0	88915	0.0	-1.0	0.0	TRUE	C	2.3980147E-5	0.0	0.052939005	0.9965767	41.455486	0.05430839	0.002507527	143.0	1.0
SPIKE	S58:A>G	1	88915	1.1246696E-5	-1.0	40.0	TRUE	A	1.9352976E-5	22.0	0.065735295	0.9972364	35.845936	0.08372018	0.0107977465	143.0	0.0
SPIKE	S58:A>C	0	88915	0.0	-1.0	0.0	TRUE	A	1.1197515E-5	12.0	0.051978797	0.99840003	75.121574	0.087518	0.05372408	143.0	0.0
SPIKE	S58:A>T	0	88915	0.0	-1.0	0.0	TRUE	A	9.696267E-6	0.0	0.18050866	0.9986144	6.97531	0.15082444	0.007009471	143.0	1.0
SPIKE	S59:T>C	3	88915	3.374009E-5	-1.0	40.0	TRUE	T	1.6140528E-5	15.0	0.08016147	0.99769455	35.845936	0.10401355	0.008973637	143.0	0.0
SPIKE	S59:T>A	0	88915	0.0	-1.0	0.0	TRUE	T	1.43518855E-5	12.0	0.14162189	0.9979498	6.97531	0.12388654	0.0028767008	143.0	0.0
SPIKE	S59:T>G	0	88915	0.0	-1.0	0.0	TRUE	T	3.6702084E-5	0.0	0.018979615	0.99476534	75.121574	0.044281572	0.003378263	143.0	1.0
SPIKE	S60:T>A	0	88915	0.0	-1.0	0.0	TRUE	T	8.342404E-6	0.0	0.14162189	0.9988077	6.97531	0.12388654	0.0028767008	143.0	1.0
SPIKE	S60:T>G	0	88915	0.0	-1.0	0.0	TRUE	T	3.6702084E-5	0.0	0.018979615	0.99476534	75.121574	0.044281572	0.003378263	143.0	1.0
SPIKE	S60:T>C	0	88915	0.0	-1.0	0.0	TRUE	T	3.857149E-5	4.0	0.08016147	0.99449944	35.845936	0.10401355	0.008973637	143.0	1.0
SPIKE	S61:G>A	2	88915	2.2493392E-5	-1.0	40.0	TRUE	G	2.663224E-5	31.0	0.08306046	0.99619883	60.82544	0.083306774	0.0070107332	143.0	0.0
SPIKE	S61:G>C	0	88915	0.0	-1.0	0.0	TRUE	G	2.4680243E-5	0.0	0.042676892	0.99647695	41.455486	0.055294752	0.0031748281	143.0	1.0
SPIKE	S61:G>T	0	88915	0.0	-1.0	0.0	TRUE	G	7.0586425E-6	11.0	0.05633204	0.99899113	17.30248	0.06046225	0.0029669132	143.0	0.0
SPIKE	D62-63:A>	1	88915	1.1246696E-5	-1.0	40.0	TRUE		NaN	NaN	NaN	NaN	NaN	NaN	NaN	NaN	NaN
SPIKE	S62:A>G	0	88915	0.0	-1.0	0.0	TRUE	A	1.319521E-5	15.0	0.065735295	0.9981149	35.845936	0.08372018	0.0107977465	143.0	0.0
SPIKE	S62:A>C	0	88915	0.0	-1.0	0.0	TRUE	A	7.0097914E-5	1.0	0.051978797	0.99002606	75.121574	0.087518	0.05372408	143.0	1.0
SPIKE	S62:A>T	0	88915	0.0	-1.0	0.0	TRUE	A	9.696267E-6	2.0	0.18050866	0.9986144	6.97531	0.15082444	0.007009471	143.0	1.0
SPIKE	S63:A>G	1	88915	1.1246696E-5	-1.0	40.0	TRUE	A	8.7968065E-6	10.0	0.065735295	0.9987428	35.845936	0.08372018	0.0107977465	143.0	0.0
SPIKE	S63:A>C	0	88915	0.0	-1.0	0.0	TRUE	A	7.0097914E-5	0.0	0.051978797	0.99002606	75.121574	0.087518	0.05372408	143.0	1.0
SPIKE	S63:A>T	0	88915	0.0	-1.0	0.0	TRUE	A	9.696267E-6	1.0	0.18050866	0.9986144	6.97531	0.15082444	0.007009471	143.0	1.0
SPIKE	S64:A>G	3	88915	3.374009E-5	-1.0	40.0	TRUE	A	1.8473294E-5	21.0	0.065735295	0.9973618	35.845936	0.08372018	0.0107977465	143.0	0.0
SPIKE	S64:A>T	1	88915	1.1246696E-5	-1.0	40.0	TRUE	A	9.696267E-6	0.0	0.18050866	0.9986144	6.97531	0.15082444	0.007009471	143.0	1.0
SPIKE	S64:A>C	0	88915	0.0	-1.0	0.0	TRUE	A	7.0097914E-5	1.0	0.051978797	0.99002606	75.121574	0.087518	0.05372408	143.0	1.0
SPIKE	S65:A>G	4	88915	4.4986784E-5	-1.0	40.0	TRUE	A	3.782627E-5	43.0	0.065735295	0.9946054	35.845936	0.08372018	0.0107977465	143.0	0.0
SPIKE	S65:A>C	0	88915	0.0	-1.0	0.0	TRUE	A	3.1726293E-5	34.0	0.051978797	0.99547344	75.121574	0.087518	0.05372408	143.0	0.0
SPIKE	S65:A>T	0	88915	0.0	-1.0	0.0	TRUE	A	9.696267E-6	1.0	0.18050866	0.9986144	6.97531	0.15082444	0.007009471	143.0	1.0
SPIKE	S66:C>T	6	88915	6.748018E-5	-1.0	40.0	TRUE	C	2.7237988E-5	38.0	0.050211336	0.9961125	60.82544	0.06710262	0.006373395	143.0	0.0
SPIKE	S66:C>A	0	88915	0.0	-1.0	0.0	TRUE	C	1.4656783E-5	10.0	0.48243374	0.99790627	17.30248	0.25179535	0.033626672	143.0	0.0
SPIKE	S66:C>G	0	88915	0.0	-1.0	0.0	TRUE	C	2.3980147E-5	0.0	0.052939005	0.9965767	41.455486	0.05430839	0.002507527	143.0	1.0
SPIKE	S67:C>T	2	88915	2.2493392E-5	-1.0	40.0	TRUE	C	2.1503674E-5	30.0	0.050211336	0.9969297	60.82544	0.06710262	0.006373395	143.0	0.0
SPIKE	S67:C>A	0	88915	0.0	-1.0	0.0	TRUE	C	1.4656783E-5	10.0	0.48243374	0.99790627	17.30248	0.25179535	0.033626672	143.0	0.0
SPIKE	S67:C>G	0	88915	0.0	-1.0	0.0	TRUE	C	2.3980147E-5	0.0	0.052939005	0.9965767	41.455486	0.05430839	0.002507527	143.0	1.0
SPIKE	S68:A>G	9	88915	1.0122027E-4	28.342087	40.0	TRUE	A	1.12599126E-4	128.0	0.065735295	0.98402727	35.845936	0.08372018	0.0107977465	143.0	0.0
SPIKE	S68:A>C	1	88915	1.1246696E-5	-1.0	40.0	TRUE	A	9.331263E-6	10.0	0.051978797	0.9986665	75.121574	0.087518	0.05372408	143.0	0.0
SPIKE	S68:A>T	1	88915	1.1246696E-5	-1.0	40.0	TRUE	A	9.696267E-6	7.0	0.18050866	0.9986144	6.97531	0.15082444	0.007009471	143.0	1.0
SPIKE	S69:G>A	5	88915	5.6233483E-5	-1.0	40.0	TRUE	G	2.491403E-5	29.0	0.08306046	0.9964436	60.82544	0.083306774	0.0070107332	143.0	0.0
SPIKE	S69:G>C	0	88915	0.0	-1.0	0.0	TRUE	G	6.5487757E-6	11.0	0.042676892	0.99906397	41.455486	0.055294752	0.0031748281	143.0	0.0
SPIKE	S69:G>T	0	88915	0.0	-1.0	0.0	TRUE	G	1.1102911E-5	1.0	0.05633204	0.99841356	17.30248	0.06046225	0.0029669132	143.0	1.0
SPIKE	S70:C>A	1	88915	1.1246696E-5	-1.0	40.0	TRUE	C	2.535987E-5	0.0	0.48243374	0.9963801	17.30248	0.25179535	0.033626672	143.0	1.0
SPIKE	S70:C>T	5	88915	5.6233483E-5	-1.0	40.0	TRUE	C	4.372414E-5	61.0	0.050211336	0.99376696	60.82544	0.06710262	0.006373395	143.0	0.0
SPIKE	S70:C>G	0	88915	0.0	-1.0	0.0	TRUE	C	2.3980147E-5	1.0	0.052939005	0.9965767	41.455486	0.05430839	0.002507527	143.0	1.0
SPIKE	S71:C>A	3	88915	3.374009E-5	-1.0	40.0	TRUE	C	2.535987E-5	2.0	0.48243374	0.9963801	17.30248	0.25179535	0.033626672	143.0	1.0
SPIKE	S71:C>T	9	88915	1.0122027E-4	-1.0	40.0	TRUE	C	4.372414E-5	61.0	0.050211336	0.99376696	60.82544	0.06710262	0.006373395	143.0	0.0
SPIKE	S71:C>G	0	88915	0.0	-1.0	0.0	TRUE	C	2.3980147E-5	9.0	0.052939005	0.9965767	41.455486	0.05430839	0.002507527	143.0	1.0
SPIKE	S72:G>A	4	88915	4.4986784E-5	-1.0	40.0	TRUE	G	4.1237017E-5	48.0	0.08306046	0.9941205	60.82544	0.083306774	0.0070107332	143.0	0.0
SPIKE	S72:G>C	0	88915	0.0	-1.0	0.0	TRUE	G	2.4680243E-5	2.0	0.042676892	0.99647695	41.455486	0.055294752	0.0031748281	143.0	1.0
SPIKE	S72:G>T	0	88915	0.0	-1.0	0.0	TRUE	G	1.1102911E-5	9.0	0.05633204	0.99841356	17.30248	0.06046225	0.0029669132	143.0	1.0
SPIKE	S73:T>C	6	88915	6.748018E-5	19.311188	40.0	TRUE	T	1.2697215E-4	118.0	0.08016147	0.98200685	35.845936	0.10401355	0.008973637	143.0	0.0
SPIKE	S73:T>A	0	88915	0.0	-1.0	0.0	TRUE	T	8.342404E-6	2.0	0.14162189	0.9988077	6.97531	0.12388654	0.0028767008	143.0	1.0
SPIKE	S73:T>G	0	88915	0.0	-1.0	0.0	TRUE	T	8.794244E-6	18.0	0.018979615	0.99874324	75.121574	0.044281572	0.003378263	143.0	0.0
SPIKE	S74:G>A	8	88915	8.997357E-5	-1.0	40.0	TRUE	G	2.2336717E-5	26.0	0.08306046	0.996811	60.82544	0.083306774	0.0070107332	143.0	0.0
SPIKE	S74:G>C	0	88915	0.0	-1.0	0.0	TRUE	G	2.4680243E-5	1.0	0.042676892	0.99647695	41.455486	0.055294752	0.0031748281	143.0	1.0
SPIKE	S74:G>T	0	88915	0.0	-1.0	0.0	TRUE	G	1.1102911E-5	1.0	0.05633204	0.99841356	17.30248	0.06046225	0.0029669132	143.0	1.0
SPIKE	S75:G>A	2	88915	2.2493392E-5	-1.0	40.0	TRUE	G	3.0927764E-5	36.0	0.08306046	0.9955871	60.82544	0.083306774	0.0070107332	143.0	0.0
SPIKE	S75:G>C	0	88915	0.0	-1.0	0.0	TRUE	G	2.4680243E-5	0.0	0.042676892	0.99647695	41.455486	0.055294752	0.0031748281	143.0	1.0
SPIKE	S75:G>T	0	88915	0.0	-1.0	0.0	TRUE	G	1.1102911E-5	9.0	0.05633204	0.99841356	17.30248	0.06046225	0.0029669132	143.0	1.0
SPIKE	S76:T>C	2	88915	2.2493392E-5	-1.0	40.0	TRUE	T	4.088934E-5	38.0	0.08016147	0.9941699	35.845936	0.10401355	0.008973637	143.0	0.0
SPIKE	S76:T>A	0	88915	0.0	-1.0	0.0	TRUE	T	8.342404E-6	0.0	0.14162189	0.9988077	6.97531	0.12388654	0.0028767008	143.0	1.0
SPIKE	S76:T>G	0	88915	0.0	-1.0	0.0	TRUE	T	3.6702084E-5	3.0	0.018979615	0.99476534	75.121574	0.044281572	0.003378263	143.0	1.0
SPIKE	S77:T>A	0	88915	0.0	-1.0	0.0	TRUE	T	8.342404E-6	0.0	0.14162189	0.9988077	6.97531	0.12388654	0.0028767008	143.0	1.0
SPIKE	S77:T>G	0	88915	0.0	-1.0	0.0	TRUE	T	3.6702084E-5	1.0	0.018979615	0.99476534	75.121574	0.044281572	0.003378263	143.0	1.0
SPIKE	S77:T>C	0	88915	0.0	-1.0	0.0	TRUE	T	3.857149E-5	8.0	0.08016147	0.99449944	35.845936	0.10401355	0.008973637	143.0	1.0
SPIKE	S78:T>A	0	88915	0.0	-1.0	0.0	TRUE	T	8.342404E-6	0.0	0.14162189	0.9988077	6.97531	0.12388654	0.0028767008	143.0	1.0
SPIKE	S78:T>G	0	88915	0.0	-1.0	0.0	TRUE	T	5.3742606E-6	11.0	0.018979615	0.99923176	75.121574	0.044281572	0.003378263	143.0	0.0
SPIKE	S78:T>C	0	88915	0.0	-1.0	0.0	TRUE	T	3.857149E-5	6.0	0.08016147	0.99449944	35.845936	0.10401355	0.008973637	143.0	1.0
SPIKE	S79:G>A	3	88915	3.374009E-5	-1.0	40.0	TRUE	G	2.5773135E-5	30.0	0.08306046	0.9963212	60.82544	0.083306774	0.0070107332	143.0	0.0
SPIKE	S79:G>C	0	88915	0.0	-1.0	0.0	TRUE	G	5.9534323E-6	10.0	0.042676892	0.999149	41.455486	0.055294752	0.0031748281	143.0	0.0
SPIKE	S79:G>T	0	88915	0.0	-1.0	0.0	TRUE	G	1.1102911E-5	1.0	0.05633204	0.99841356	17.30248	0.06046225	0.0029669132	143.0	1.0
SPIKE	S80:C>A	2	88915	2.2493392E-5	-1.0	40.0	TRUE	C	2.535987E-5	2.0	0.48243374	0.9963801	17.30248	0.25179535	0.033626672	143.0	1.0
SPIKE	S80:C>T	4	88915	4.4986784E-5	-1.0	40.0	TRUE	C	4.0140192E-5	56.0	0.050211336	0.9942764	60.82544	0.06710262	0.006373395	143.0	0.0
SPIKE	S80:C>G	0	88915	0.0	-1.0	0.0	TRUE	C	5.7845537E-6	10.0	0.052939005	0.99917316	41.455486	0.05430839	0.002507527	143.0	0.0
SPIKE	S81:G>A	5	88915	5.6233483E-5	-1.0	40.0	TRUE	G	3.7800597E-5	44.0	0.08306046	0.9946091	60.82544	0.083306774	0.0070107332	143.0	0.0
SPIKE	S81:G>C	0	88915	0.0	-1.0	0.0	TRUE	G	2.4680243E-5	0.0	0.042676892	0.99647695	41.455486	0.055294752	0.0031748281	143.0	1.0
SPIKE	S81:G>T	0	88915	0.0	-1.0	0.0	TRUE	G	1.1102911E-5	1.0	0.05633204	0.99841356	17.30248	0.06046225	0.0029669132	143.0	1.0
SPIKE	S82:G>A	7	88915	7.872687E-5	-1.0	40.0	TRUE	G	3.9518807E-5	46.0	0.08306046	0.99436474	60.82544	0.083306774	0.0070107332	143.0	0.0
SPIKE	S82:G>C	0	88915	0.0	-1.0	0.0	TRUE	G	2.4680243E-5	9.0	0.042676892	0.99647695	41.455486	0.055294752	0.0031748281	143.0	1.0
SPIKE	S82:G>T	0	88915	0.0	-1.0	0.0	TRUE	G	1.1102911E-5	1.0	0.05633204	0.99841356	17.30248	0.06046225	0.0029669132	143.0	1.0
SPIKE	S83:C>A	3	88915	3.374009E-5	-1.0	40.0	TRUE	C	2.535987E-5	0.0	0.48243374	0.9963801	17.30248	0.25179535	0.033626672	143.0	1.0
SPIKE	S83:C>T	2	88915	2.2493392E-5	-1.0	40.0	TRUE	C	2.7237988E-5	38.0	0.050211336	0.9961125	60.82544	0.06710262	0.006373395	143.0	0.0
SPIKE	S83:C>G	0	88915	0.0	-1.0	0.0	TRUE	C	6.3630087E-6	11.0	0.052939005	0.9990905	41.455486	0.05430839	0.002507527	143.0	0.0
SPIKE	S84:G>A	3	88915	3.374009E-5	-1.0	40.0	TRUE	G	4.2955224E-5	50.0	0.08306046	0.9938762	60.82544	0.083306774	0.0070107332	143.0	0.0
SPIKE	S84:G>C	0	88915	0.0	-1.0	0.0	TRUE	G	2.4680243E-5	0.0	0.042676892	0.99647695	41.455486	0.055294752	0.0031748281	143.0	1.0
SPIKE	S84:G>T	0	88915	0.0	-1.0	0.0	TRUE	G	1.1102911E-5	0.0	0.05633204	0.99841356	17.30248	0.06046225	0.0029669132	143.0	1.0
SPIKE	S85:A>G	0	88915	0.0	-1.0	0.0	TRUE	A	3.1532978E-5	5.0	0.065735295	0.9955009	35.845936	0.08372018	0.0107977465	143.0	1.0
SPIKE	S85:A>C	0	88915	0.0	-1.0	0.0	TRUE	A	7.0097914E-5	0.0	0.051978797	0.99002606	75.121574	0.087518	0.05372408	143.0	1.0
SPIKE	S85:A>T	0	88915	0.0	-1.0	0.0	TRUE	A	1.3900841E-5	10.0	0.18050866	0.99801415	6.97531	0.15082444	0.007009471	143.0	0.0
SPIKE	S86:T>A	0	88915	0.0	-1.0	0.0	TRUE	T	8.342404E-6	0.0	0.14162189	0.9988077	6.97531	0.12388654	0.0028767008	143.0	1.0
SPIKE	S86:T>G	0	88915	0.0	-1.0	0.0	TRUE	T	3.6702084E-5	0.0	0.018979615	0.99476534	75.121574	0.044281572	0.003378263	143.0	1.0
SPIKE	S86:T>C	0	88915	0.0	-1.0	0.0	TRUE	T	2.044467E-5	19.0	0.08016147	0.9970807	35.845936	0.10401355	0.008973637	143.0	0.0
SPIKE	S87:T>A	0	88915	0.0	-1.0	0.0	TRUE	T	8.342404E-6	1.0	0.14162189	0.9988077	6.97531	0.12388654	0.0028767008	143.0	1.0
SPIKE	S87:T>G	0	88915	0.0	-1.0	0.0	TRUE	T	3.6702084E-5	3.0	0.018979615	0.99476534	75.121574	0.044281572	0.003378263	143.0	1.0
SPIKE	S87:T>C	0	88915	0.0	-1.0	0.0	TRUE	T	3.857149E-5	6.0	0.08016147	0.99449944	35.845936	0.10401355	0.008973637	143.0	1.0
SPIKE	S88:T>A	0	88915	0.0	-1.0	0.0	TRUE	T	8.342404E-6	1.0	0.14162189	0.9988077	6.97531	0.12388654	0.0028767008	143.0	1.0
SPIKE	S88:T>G	0	88915	0.0	-1.0	0.0	TRUE	T	3.6702084E-5	0.0	0.018979615	0.99476534	75.121574	0.044281572	0.003378263	143.0	1.0
SPIKE	S88:T>C	0	88915	0.0	-1.0	0.0	TRUE	T	3.857149E-5	6.0	0.08016147	0.99449944	35.845936	0.10401355	0.008973637	143.0	1.0
SPIKE	S89:A>G	0	88915	0.0	-1.0	0.0	TRUE	A	3.1532978E-5	5.0	0.065735295	0.9955009	35.845936	0.08372018	0.0107977465	143.0	1.0
SPIKE	S89:A>C	0	88915	0.0	-1.0	0.0	TRUE	A	7.0097914E-5	0.0	0.051978797	0.99002606	75.121574	0.087518	0.05372408	143.0	1.0
SPIKE	S89:A>T	0	88915	0.0	-1.0	0.0	TRUE	A	9.696267E-6	1.0	0.18050866	0.9986144	6.97531	0.15082444	0.007009471	143.0	1.0
SPIKE	S90:T>A	0	88915	0.0	-1.0	0.0	TRUE	T	8.342404E-6	0.0	0.14162189	0.9988077	6.97531	0.12388654	0.0028767008	143.0	1.0
SPIKE	S90:T>G	0	88915	0.0	-1.0	0.0	TRUE	T	3.6702084E-5	0.0	0.018979615	0.99476534	75.121574	0.044281572	0.003378263	143.0	1.0
SPIKE	S90:T>C	0	88915	0.0	-1.0	0.0	TRUE	T	3.857149E-5	5.0	0.08016147	0.99449944	35.845936	0.10401355	0.008973637	143.0	1.0
SPIKE	S91:C>A	1	88915	1.1246696E-5	-1.0	40.0	TRUE	C	2.535987E-5	0.0	0.48243374	0.9963801	17.30248	0.25179535	0.033626672	143.0	1.0
SPIKE	S91:C>T	1	88915	1.1246696E-5	-1.0	40.0	TRUE	C	2.8671566E-5	40.0	0.050211336	0.9959084	60.82544	0.06710262	0.006373395	143.0	0.0
SPIKE	S91:C>G	0	88915	0.0	-1.0	0.0	TRUE	C	2.3980147E-5	0.0	0.052939005	0.9965767	41.455486	0.05430839	0.002507527	143.0	1.0
SPIKE	S92:G>A	12	88915	1.3496036E-4	-1.0	39.583332	TRUE	G	4.0377912E-5	47.0	0.08306046	0.9942426	60.82544	0.083306774	0.0070107332	143.0	0.0
SPIKE	S92:G>C	0	88915	0.0	-1.0	0.0	TRUE	G	2.4680243E-5	0.0	0.042676892	0.99647695	41.455486	0.055294752	0.0031748281	143.0	1.0
SPIKE	S92:G>T	0	88915	0.0	-1.0	0.0	TRUE	G	1.1102911E-5	0.0	0.05633204	0.99841356	17.30248	0.06046225	0.0029669132	143.0	1.0
SPIKE	S93:T>A	0	88915	0.0	-1.0	0.0	TRUE	T	8.342404E-6	2.0	0.14162189	0.9988077	6.97531	0.12388654	0.0028767008	143.0	1.0
SPIKE	S93:T>G	0	88915	0.0	-1.0	0.0	TRUE	T	3.6702084E-5	5.0	0.018979615	0.99476534	75.121574	0.044281572	0.003378263	143.0	1.0
SPIKE	S93:T>C	0	88915	0.0	-1.0	0.0	TRUE	T	3.3357093E-5	31.0	0.08016147	0.9952413	35.845936	0.10401355	0.008973637	143.0	0.0
SPIKE	S94:C>A	4	88915	4.4986784E-5	-1.0	39.5	TRUE	C	2.535987E-5	0.0	0.48243374	0.9963801	17.30248	0.25179535	0.033626672	143.0	1.0
SPIKE	S94:C>T	4	88915	4.4986784E-5	-1.0	39.25	TRUE	C	2.7954777E-5	39.0	0.050211336	0.9960104	60.82544	0.06710262	0.006373395	143.0	0.0
SPIKE	S94:C>G	0	88915	0.0	-1.0	0.0	TRUE	C	2.3980147E-5	0.0	0.052939005	0.9965767	41.455486	0.05430839	0.002507527	143.0	1.0
SPIKE	S95:G>A	8	88915	8.997357E-5	-1.0	39.25	TRUE	G	3.9518807E-5	46.0	0.08306046	0.99436474	60.82544	0.083306774	0.0070107332	143.0	0.0
SPIKE	S95:G>C	0	88915	0.0	-1.0	0.0	TRUE	G	2.4680243E-5	0.0	0.042676892	0.99647695	41.455486	0.055294752	0.0031748281	143.0	1.0
SPIKE	S95:G>T	0	88915	0.0	-1.0	0.0	TRUE	G	1.1102911E-5	0.0	0.05633204	0.99841356	17.30248	0.06046225	0.0029669132	143.0	1.0
SPIKE	S96:T>C	1	88915	1.1246696E-5	4.2596874	38.0	TRUE	T	5.2725725E-5	49.0	0.08016147	0.99248856	35.845936	0.10401355	0.008973637	143.0	0.0
SPIKE	S96:T>A	0	88915	0.0	-1.0	0.0	TRUE	T	8.342404E-6	2.0	0.14162189	0.9988077	6.97531	0.12388654	0.0028767008	143.0	1.0
SPIKE	S96:T>G	0	88915	0.0	-1.0	0.0	TRUE	T	3.6702084E-5	0.0	0.018979615	0.99476534	75.121574	0.044281572	0.003378263	143.0	1.0
SPIKE	S97:C>T	2	88915	2.2493392E-5	-1.0	39.0	TRUE	C	2.2937253E-5	32.0	0.050211336	0.9967253	60.82544	0.06710262	0.006373395	143.0	0.0
SPIKE	S97:C>A	0	88915	0.0	-1.0	0.0	TRUE	C	2.535987E-5	0.0	0.48243374	0.9963801	17.30248	0.25179535	0.033626672	143.0	1.0
SPIKE	S97:C>G	0	88915	0.0	-1.0	0.0	TRUE	C	2.3980147E-5	0.0	0.052939005	0.9965767	41.455486	0.05430839	0.002507527	143.0	1.0
SPIKE	S98:A>G	1	88915	1.1246696E-5	-1.0	40.0	TRUE	A	1.1435849E-5	13.0	0.065735295	0.998366	35.845936	0.08372018	0.0107977465	143.0	0.0
SPIKE	S98:A>C	0	88915	0.0	-1.0	0.0	TRUE	A	7.0097914E-5	1.0	0.051978797	0.99002606	75.121574	0.087518	0.05372408	143.0	1.0
SPIKE	S98:A>T	0	88915	0.0	-1.0	0.0	TRUE	A	9.696267E-6	0.0	0.18050866	0.9986144	6.97531	0.15082444	0.007009471	143.0	1.0
SPIKE	S99:T>A	0	88915	0.0	-1.0	0.0	TRUE	T	8.342404E-6	0.0	0.14162189	0.9988077	6.97531	0.12388654	0.0028767008	143.0	1.0
SPIKE	S99:T>G	0	88915	0.0	-1.0	0.0	TRUE	T	3.6702084E-5	0.0	0.018979615	0.99476534	75.121574	0.044281572	0.003378263	143.0	1.0
SPIKE	S99:T>C	0	88915	0.0	-1.0	0.0	TRUE	T	3.857149E-5	3.0	0.08016147	0.99449944	35.845936	0.10401355	0.008973637	143.0	1.0
SPIKE	S100:C>T	3	88915	3.374009E-5	-1.0	39.666668	TRUE	C	3.440588E-5	48.0	0.050211336	0.99509203	60.82544	0.06710262	0.006373395	143.0	0.0
SPIKE	S100:C>A	6	88915	6.748018E-5	-1.0	39.5	TRUE	C	2.535987E-5	0.0	0.48243374	0.9963801	17.30248	0.25179535	0.033626672	143.0	1.0
SPIKE	S100:C>G	0	88915	0.0	-1.0	0.0	TRUE	C	2.3980147E-5	0.0	0.052939005	0.9965767	41.455486	0.05430839	0.002507527	143.0	1.0
SPIKE	S101:G>A	6	88915	6.748018E-5	-1.0	39.166668	TRUE	G	4.1237017E-5	48.0	0.08306046	0.9941205	60.82544	0.083306774	0.0070107332	143.0	0.0
SPIKE	S101:G>C	0	88915	0.0	-1.0	0.0	TRUE	G	2.4680243E-5	0.0	0.042676892	0.99647695	41.455486	0.055294752	0.0031748281	143.0	1.0
SPIKE	S101:G>T	0	88915	0.0	-1.0	0.0	TRUE	G	1.1102911E-5	0.0	0.05633204	0.99841356	17.30248	0.06046225	0.0029669132	143.0	1.0
SPIKE	S102:T>C	2	88915	2.2493392E-5	-1.0	40.0	TRUE	T	2.1520704E-5	20.0	0.08016147	0.99692726	35.845936	0.10401355	0.008973637	143.0	0.0
SPIKE	S102:T>A	0	88915	0.0	-1.0	0.0	TRUE	T	8.342404E-6	1.0	0.14162189	0.9988077	6.97531	0.12388654	0.0028767008	143.0	1.0
SPIKE	S102:T>G	0	88915	0.0	-1.0	0.0	TRUE	T	3.6702084E-5	2.0	0.018979615	0.99476534	75.121574	0.044281572	0.003378263	143.0	1.0
SPIKE	S103:G>A	6	88915	6.748018E-5	-1.0	39.666668	TRUE	G	2.491403E-5	29.0	0.08306046	0.9964436	60.82544	0.083306774	0.0070107332	143.0	0.0
SPIKE	S103:G>C	0	88915	0.0	-1.0	0.0	TRUE	G	2.4680243E-5	0.0	0.042676892	0.99647695	41.455486	0.055294752	0.0031748281	143.0	1.0
SPIKE	S103:G>T	0	88915	0.0	-1.0	0.0	TRUE	G	1.1102911E-5	0.0	0.05633204	0.99841356	17.30248	0.06046225	0.0029669132	143.0	1.0
SPIKE	S104:G>A	2	88915	2.2493392E-5	-1.0	40.0	TRUE	G	4.2955224E-5	50.0	0.08306046	0.9938762	60.82544	0.083306774	0.0070107332	143.0	0.0
SPIKE	S104:G>C	0	88915	0.0	-1.0	0.0	TRUE	G	2.4680243E-5	2.0	0.042676892	0.99647695	41.455486	0.055294752	0.0031748281	143.0	1.0
SPIKE	S104:G>T	0	88915	0.0	-1.0	0.0	TRUE	G	1.1102911E-5	1.0	0.05633204	0.99841356	17.30248	0.06046225	0.0029669132	143.0	1.0
SPIKE	S105:C>T	10	88915	1.12466965E-4	-1.0	34.0	TRUE	C	3.7273036E-5	52.0	0.050211336	0.99468416	60.82544	0.06710262	0.006373395	143.0	0.0
SPIKE	S105:C>A	1	88915	1.1246696E-5	-1.0	40.0	TRUE	C	2.535987E-5	0.0	0.48243374	0.9963801	17.30248	0.25179535	0.033626672	143.0	1.0
SPIKE	S105:C>G	0	88915	0.0	-1.0	0.0	TRUE	C	2.3980147E-5	7.0	0.052939005	0.9965767	41.455486	0.05430839	0.002507527	143.0	1.0
SPIKE	S106:G>A	4	88915	4.4986784E-5	-1.0	39.75	TRUE	G	4.553254E-5	53.0	0.08306046	0.99351	60.82544	0.083306774	0.0070107332	143.0	0.0
SPIKE	S106:G>C	0	88915	0.0	-1.0	0.0	TRUE	G	2.4680243E-5	0.0	0.042676892	0.99647695	41.455486	0.055294752	0.0031748281	143.0	1.0
SPIKE	S106:G>T	0	88915	0.0	-1.0	0.0	TRUE	G	1.1102911E-5	0.0	0.05633204	0.99841356	17.30248	0.06046225	0.0029669132	143.0	1.0
SPIKE	S107:G>A	6	88915	6.748018E-5	19.311188	39.333332	TRUE	G	5.154627E-5	60.0	0.08306046	0.992656	60.82544	0.083306774	0.0070107332	143.0	0.0
SPIKE	S107:G>C	0	88915	0.0	-1.0	0.0	TRUE	G	2.4680243E-5	0.0	0.042676892	0.99647695	41.455486	0.055294752	0.0031748281	143.0	1.0
SPIKE	S107:G>T	0	88915	0.0	-1.0	0.0	TRUE	G	1.1102911E-5	0.0	0.05633204	0.99841356	17.30248	0.06046225	0.0029669132	143.0	1.0
SPIKE	S108:C>T	4	88915	4.4986784E-5	-1.0	40.0	TRUE	C	4.0856983E-5	57.0	0.050211336	0.9941745	60.82544	0.06710262	0.006373395	143.0	0.0
SPIKE	S108:C>A	0	88915	0.0	-1.0	0.0	TRUE	C	2.535987E-5	1.0	0.48243374	0.9963801	17.30248	0.25179535	0.033626672	143.0	1.0
SPIKE	S108:C>G	0	88915	0.0	-1.0	0.0	TRUE	C	2.3980147E-5	0.0	0.052939005	0.9965767	41.455486	0.05430839	0.002507527	143.0	1.0
SPIKE	S109:A>G	1	88915	1.1246696E-5	-1.0	40.0	TRUE	A	3.1532978E-5	9.0	0.065735295	0.9955009	35.845936	0.08372018	0.0107977465	143.0	1.0
SPIKE	S109:A>C	0	88915	0.0	-1.0	0.0	TRUE	A	7.0097914E-5	0.0	0.051978797	0.99002606	75.121574	0.087518	0.05372408	143.0	1.0
SPIKE	S109:A>T	0	88915	0.0	-1.0	0.0	TRUE	A	9.696267E-6	0.0	0.18050866	0.9986144	6.97531	0.15082444	0.007009471	143.0	1.0
SPIKE	S110:G>A	9	88915	1.0122027E-4	-1.0	39.11111	TRUE	G	3.5223286E-5	41.0	0.08306046	0.99497575	60.82544	0.083306774	0.0070107332	143.0	0.0
SPIKE	S110:G>C	0	88915	0.0	-1.0	0.0	TRUE	G	2.4680243E-5	0.0	0.042676892	0.99647695	41.455486	0.055294752	0.0031748281	143.0	1.0
SPIKE	S110:G>T	0	88915	0.0	-1.0	0.0	TRUE	G	1.1102911E-5	0.0	0.05633204	0.99841356	17.30248	0.06046225	0.0029669132	143.0	1.0
SPIKE	S111:C>T	2	88915	2.2493392E-5	-1.0	39.5	TRUE	C	4.0140192E-5	56.0	0.050211336	0.9942764	60.82544	0.06710262	0.006373395	143.0	0.0
SPIKE	S111:C>A	2	88915	2.2493392E-5	-1.0	39.5	TRUE	C	2.535987E-5	0.0	0.48243374	0.9963801	17.30248	0.25179535	0.033626672	143.0	1.0
SPIKE	S111:C>G	0	88915	0.0	-1.0	0.0	TRUE	C	2.3980147E-5	0.0	0.052939005	0.9965767	41.455486	0.05430839	0.002507527	143.0	1.0
SPIKE	S112:G>A	1	88914	1.1246822E-5	-1.0	38.0	TRUE	G	2.491431E-5	29.0	0.08306046	0.99644357	60.824753	0.083306774	0.0070107332	143.0	0.0
SPIKE	S112:G>C	0	88914	0.0	-1.0	0.0	TRUE	G	2.4680243E-5	0.0	0.042676892	0.99647695	41.455017	0.055294752	0.0031748281	143.0	1.0
SPIKE	S112:G>T	0	88914	0.0	-1.0	0.0	TRUE	G	1.1102911E-5	0.0	0.05633204	0.99841356	17.302286	0.06046225	0.0029669132	143.0	1.0
SPIKE	S113:T>C	1	88914	1.1246822E-5	-1.0	40.0	TRUE	T	3.0129326E-5	28.0	0.08016147	0.9957008	35.84553	0.10401355	0.008973637	143.0	0.0
SPIKE	S113:T>A	0	88914	0.0	-1.0	0.0	TRUE	T	8.342404E-6	0.0	0.14162189	0.9988077	6.975231	0.12388654	0.0028767008	143.0	1.0
SPIKE	S113:T>G	0	88914	0.0	-1.0	0.0	TRUE	T	3.6702084E-5	4.0	0.018979615	0.99476534	75.12073	0.044281572	0.003378263	143.0	1.0
SPIKE	S114:G>A	3	88914	3.3740467E-5	-1.0	39.666668	TRUE	G	2.061874E-5	24.0	0.08306046	0.9970559	60.824753	0.083306774	0.0070107332	143.0	0.0
SPIKE	S114:G>C	0	88914	0.0	-1.0	0.0	TRUE	G	2.4680243E-5	0.0	0.042676892	0.99647695	41.455017	0.055294752	0.0031748281	143.0	1.0
SPIKE	S114:G>T	0	88914	0.0	-1.0	0.0	TRUE	G	1.1102911E-5	0.0	0.05633204	0.99841356	17.302286	0.06046225	0.0029669132	143.0	1.0
SPIKE	S115:A>G	5	88914	5.6234116E-5	-1.0	39.2	TRUE	A	4.926267E-5	56.0	0.065735295	0.9929802	35.84553	0.08372018	0.0107977465	143.0	0.0
SPIKE	S115:A>C	0	88914	0.0	-1.0	0.0	TRUE	A	7.0097914E-5	0.0	0.051978797	0.99002606	75.12073	0.087518	0.05372408	143.0	1.0
SPIKE	S115:A>T	0	88914	0.0	-1.0	0.0	TRUE	A	9.696267E-6	0.0	0.18050866	0.9986144	6.975231	0.15082444	0.007009471	143.0	1.0
SPIKE	S116:C>T	2	88914	2.2493645E-5	-1.0	39.5	TRUE	C	2.9388686E-5	41.0	0.050211336	0.9958062	60.824753	0.06710262	0.006373395	143.0	0.0
SPIKE	S116:C>A	0	88914	0.0	-1.0	0.0	TRUE	C	2.535987E-5	0.0	0.48243374	0.9963801	17.302286	0.25179535	0.033626672	143.0	1.0
SPIKE	S116:C>G	0	88914	0.0	-1.0	0.0	TRUE	C	2.3980147E-5	0.0	0.052939005	0.9965767	41.455017	0.05430839	0.002507527	143.0	1.0
SPIKE	S117:C>T	5	88914	5.6234116E-5	-1.0	38.4	TRUE	C	2.5087904E-5	35.0	0.050211336	0.99641883	60.824753	0.06710262	0.006373395	143.0	0.0
SPIKE	S117:C>A	1	88914	1.1246822E-5	-1.0	40.0	TRUE	C	2.535987E-5	1.0	0.48243374	0.9963801	17.302286	0.25179535	0.033626672	143.0	1.0
SPIKE	S117:C>G	0	88914	0.0	-1.0	0.0	TRUE	C	2.3980147E-5	0.0	0.052939005	0.9965767	41.455017	0.05430839	0.002507527	143.0	1.0
SPIKE	S118:T>C	1	88914	1.1246822E-5	-1.0	39.0	TRUE	T	3.8737704E-5	36.0	0.08016147	0.99447584	35.84553	0.10401355	0.008973637	143.0	0.0
SPIKE	S118:T>A	0	88914	0.0	-1.0	0.0	TRUE	T	8.342404E-6	4.0	0.14162189	0.9988077	6.975231	0.12388654	0.0028767008	143.0	1.0
SPIKE	S118:T>G	0	88914	0.0	-1.0	0.0	TRUE	T	3.6702084E-5	1.0	0.018979615	0.99476534	75.12073	0.044281572	0.003378263	143.0	1.0
SPIKE	S119:A>G	3	88914	3.3740467E-5	-1.0	39.666668	TRUE	A	2.0232883E-5	23.0	0.065735295	0.9971109	35.84553	0.08372018	0.0107977465	143.0	0.0
SPIKE	S119:A>C	0	88914	0.0	-1.0	0.0	TRUE	A	7.0097914E-5	4.0	0.051978797	0.99002606	75.12073	0.087518	0.05372408	143.0	1.0
SPIKE	S119:A>T	0	88914	0.0	-1.0	0.0	TRUE	A	9.696267E-6	1.0	0.18050866	0.9986144	6.975231	0.15082444	0.007009471	143.0	1.0
SPIKE	S120:T>C	2	88914	2.2493645E-5	-1.0	39.5	TRUE	T	1.8292805E-5	17.0	0.08016147	0.9973875	35.84553	0.10401355	0.008973637	143.0	0.0
SPIKE	S120:T>A	0	88914	0.0	-1.0	0.0	TRUE	T	8.342404E-6	0.0	0.14162189	0.9988077	6.975231	0.12388654	0.0028767008	143.0	1.0
SPIKE	S120:T>G	0	88914	0.0	-1.0	0.0	TRUE	T	3.6702084E-5	1.0	0.018979615	0.99476534	75.12073	0.044281572	0.003378263	143.0	1.0
SPIKE	S121:G>A	6	88914	6.7480934E-5	-1.0	39.333332	TRUE	G	2.061874E-5	24.0	0.08306046	0.9970559	60.824753	0.083306774	0.0070107332	143.0	0.0
SPIKE	S121:G>C	0	88914	0.0	-1.0	0.0	TRUE	G	2.4680243E-5	0.0	0.042676892	0.99647695	41.455017	0.055294752	0.0031748281	143.0	1.0
SPIKE	S121:G>T	0	88914	0.0	-1.0	0.0	TRUE	G	1.1102911E-5	0.0	0.05633204	0.99841356	17.302286	0.06046225	0.0029669132	143.0	1.0
SPIKE	S122:T>C	1	88914	1.1246822E-5	4.2596874	39.0	TRUE	T	5.3802367E-5	50.0	0.08016147	0.9923358	35.84553	0.10401355	0.008973637	143.0	0.0
SPIKE	S122:T>A	0	88914	0.0	-1.0	0.0	TRUE	T	8.342404E-6	0.0	0.14162189	0.9988077	6.975231	0.12388654	0.0028767008	143.0	1.0
SPIKE	S122:T>G	0	88914	0.0	-1.0	0.0	TRUE	T	3.6702084E-5	0.0	0.018979615	0.99476534	75.12073	0.044281572	0.003378263	143.0	1.0
SPIKE	S123:G>A	6	88914	6.7480934E-5	-1.0	39.666668	TRUE	G	2.3196082E-5	27.0	0.08306046	0.9966885	60.824753	0.083306774	0.0070107332	143.0	0.0
SPIKE	S123:G>C	0	88914	0.0	-1.0	0.0	TRUE	G	2.4680243E-5	0.0	0.042676892	0.99647695	41.455017	0.055294752	0.0031748281	143.0	1.0
SPIKE	S123:G>T	0	88914	0.0	-1.0	0.0	TRUE	G	1.1102911E-5	0.0	0.05633204	0.99841356	17.302286	0.06046225	0.0029669132	143.0	1.0
SPIKE	S124:T>C	2	88914	2.2493645E-5	-1.0	39.5	TRUE	T	4.1965846E-5	39.0	0.08016147	0.9940168	35.84553	0.10401355	0.008973637	143.0	0.0
SPIKE	S124:T>A	0	88914	0.0	-1.0	0.0	TRUE	T	8.342404E-6	0.0	0.14162189	0.9988077	6.975231	0.12388654	0.0028767008	143.0	1.0
SPIKE	S124:T>G	0	88914	0.0	-1.0	0.0	TRUE	T	3.6702084E-5	1.0	0.018979615	0.99476534	75.12073	0.044281572	0.003378263	143.0	1.0
SPIKE	S125:G>A	2	88914	2.2493645E-5	-1.0	38.5	TRUE	G	3.092811E-5	36.0	0.08306046	0.99558705	60.824753	0.083306774	0.0070107332	143.0	0.0
SPIKE	S125:G>C	0	88914	0.0	-1.0	0.0	TRUE	G	2.4680243E-5	0.0	0.042676892	0.99647695	41.455017	0.055294752	0.0031748281	143.0	1.0
SPIKE	S125:G>T	0	88914	0.0	-1.0	0.0	TRUE	G	1.1102911E-5	0.0	0.05633204	0.99841356	17.302286	0.06046225	0.0029669132	143.0	1.0
SPIKE	S126:C>T	5	88914	5.6234116E-5	-1.0	33.4	TRUE	C	3.7990252E-5	53.0	0.050211336	0.9945821	60.824753	0.06710262	0.006373395	143.0	0.0
SPIKE	S126:C>A	0	88914	0.0	-1.0	0.0	TRUE	C	2.535987E-5	3.0	0.48243374	0.9963801	17.302286	0.25179535	0.033626672	143.0	1.0
SPIKE	S126:C>G	0	88914	0.0	-1.0	0.0	TRUE	C	2.3980147E-5	7.0	0.052939005	0.9965767	41.455017	0.05430839	0.002507527	143.0	1.0
SPIKE	S127:G>A	4	88914	4.498729E-5	-1.0	39.25	TRUE	G	3.5223682E-5	41.0	0.08306046	0.9949757	60.824753	0.083306774	0.0070107332	143.0	0.0
SPIKE	S127:G>C	0	88914	0.0	-1.0	0.0	TRUE	G	2.4680243E-5	1.0	0.042676892	0.99647695	41.455017	0.055294752	0.0031748281	143.0	1.0
SPIKE	S127:G>T	0	88914	0.0	-1.0	0.0	TRUE	G	1.1102911E-5	0.0	0.05633204	0.99841356	17.302286	0.06046225	0.0029669132	143.0	1.0
SPIKE	S128:G>A	4	88914	4.498729E-5	-1.0	39.0	TRUE	G	3.7801023E-5	44.0	0.08306046	0.99460906	60.824753	0.083306774	0.0070107332	143.0	0.0
SPIKE	S128:G>C	0	88914	0.0	-1.0	0.0	TRUE	G	2.4680243E-5	0.0	0.042676892	0.99647695	41.455017	0.055294752	0.0031748281	143.0	1.0
SPIKE	S128:G>T	0	88914	0.0	-1.0	0.0	TRUE	G	1.1102911E-5	1.0	0.05633204	0.99841356	17.302286	0.06046225	0.0029669132	143.0	1.0
SPIKE	S129:C>A	6	88914	6.7480934E-5	-1.0	39.5	TRUE	C	2.535987E-5	1.0	0.48243374	0.9963801	17.302286	0.25179535	0.033626672	143.0	1.0
SPIKE	S129:C>T	3	88914	3.3740467E-5	-1.0	33.333332	TRUE	C	3.153908E-5	44.0	0.050211336	0.9955001	60.824753	0.06710262	0.006373395	143.0	0.0
SPIKE	S129:C>G	0	88914	0.0	-1.0	0.0	TRUE	C	2.3980147E-5	4.0	0.052939005	0.9965767	41.455017	0.05430839	0.002507527	143.0	1.0
SPIKE	S130:G>A	10	88914	1.1246823E-4	-1.0	39.7	TRUE	G	4.123748E-5	48.0	0.08306046	0.9941204	60.824753	0.083306774	0.0070107332	143.0	0.0
SPIKE	S130:G>C	0	88914	0.0	-1.0	0.0	TRUE	G	2.4680243E-5	1.0	0.042676892	0.99647695	41.455017	0.055294752	0.0031748281	143.0	1.0
SPIKE	S130:G>T	0	88914	0.0	-1.0	0.0	TRUE	G	1.1102911E-5	0.0	0.05633204	0.99841356	17.302286	0.06046225	0.0029669132	143.0	1.0
SPIKE	S131:G>A	4	88914	4.498729E-5	13.290587	39.75	TRUE	G	7.0447364E-5	82.0	0.08306046	0.9899766	60.824753	0.083306774	0.0070107332	143.0	0.0
SPIKE	S131:G>C	0	88914	0.0	-1.0	0.0	TRUE	G	2.4680243E-5	0.0	0.042676892	0.99647695	41.455017	0.055294752	0.0031748281	143.0	1.0
SPIKE	S131:G>T	0	88914	0.0	-1.0	0.0	TRUE	G	1.1102911E-5	0.0	0.05633204	0.99841356	17.302286	0.06046225	0.0029669132	143.0	1.0
SPIKE	S132:C>T	1	88914	1.1246822E-5	-1.0	40.0	TRUE	C	3.082228E-5	43.0	0.050211336	0.99560213	60.824753	0.06710262	0.006373395	143.0	0.0
SPIKE	S132:C>A	0	88914	0.0	-1.0	0.0	TRUE	C	2.535987E-5	0.0	0.48243374	0.9963801	17.302286	0.25179535	0.033626672	143.0	1.0
SPIKE	S132:C>G	0	88914	0.0	-1.0	0.0	TRUE	C	2.3980147E-5	1.0	0.052939005	0.9965767	41.455017	0.05430839	0.002507527	143.0	1.0
SPIKE	S133:A>G	0	88914	0.0	-1.0	0.0	TRUE	A	3.1532978E-5	0.0	0.065735295	0.9955009	35.84553	0.08372018	0.0107977465	143.0	1.0
SPIKE	S133:A>C	0	88914	0.0	-1.0	0.0	TRUE	A	7.0097914E-5	2.0	0.051978797	0.99002606	75.12073	0.087518	0.05372408	143.0	1.0
SPIKE	S133:A>T	0	88914	0.0	-1.0	0.0	TRUE	A	9.696267E-6	0.0	0.18050866	0.9986144	6.975231	0.15082444	0.007009471	143.0	1.0
SPIKE	S134:G>A	0	88914	0.0	-1.0	0.0	TRUE	G	1.3745826E-5	16.0	0.08306046	0.99803627	60.824753	0.083306774	0.0070107332	143.0	0.0
SPIKE	S134:G>C	0	88914	0.0	-1.0	0.0	TRUE	G	5.953499E-6	10.0	0.042676892	0.999149	41.455017	0.055294752	0.0031748281	143.0	0.0
SPIKE	S134:G>T	0	88914	0.0	-1.0	0.0	TRUE	G	1.1102911E-5	1.0	0.05633204	0.99841356	17.302286	0.06046225	0.0029669132	143.0	1.0
SPIKE	S135:C>A	0	88914	0.0	-1.0	0.0	TRUE	C	2.535987E-5	1.0	0.48243374	0.9963801	17.302286	0.25179535	0.033626672	143.0	1.0
SPIKE	S135:C>G	0	88914	0.0	-1.0	0.0	TRUE	C	2.3980147E-5	1.0	0.052939005	0.9965767	41.455017	0.05430839	0.002507527	143.0	1.0
SPIKE	S135:C>T	0	88914	0.0	-1.0	0.0	TRUE	C	3.5123063E-5	49.0	0.050211336	0.99499	60.824753	0.06710262	0.006373395	143.0	0.0
SPIKE	S136:C>A	0	88914	0.0	-1.0	0.0	TRUE	C	2.535987E-5	1.0	0.48243374	0.9963801	17.302286	0.25179535	0.033626672	143.0	1.0
SPIKE	S136:C>G	0	88914	0.0	-1.0	0.0	TRUE	C	2.3980147E-5	1.0	0.052939005	0.9965767	41.455017	0.05430839	0.002507527	143.0	1.0
SPIKE	S136:C>T	0	88914	0.0	-1.0	0.0	TRUE	C	2.2937511E-5	32.0	0.050211336	0.9967253	60.824753	0.06710262	0.006373395	143.0	0.0
SPIKE	S137:T>A	0	88914	0.0	-1.0	0.0	TRUE	T	8.342404E-6	1.0	0.14162189	0.9988077	6.975231	0.12388654	0.0028767008	143.0	1.0
SPIKE	S137:T>G	0	88914	0.0	-1.0	0.0	TRUE	T	8.3057685E-6	17.0	0.018979615	0.998813	75.12073	0.044281572	0.003378263	143.0	0.0
SPIKE	S137:T>C	0	88914	0.0	-1.0	0.0	TRUE	T	3.857149E-5	0.0	0.08016147	0.99449944	35.84553	0.10401355	0.008973637	143.0	1.0
SPIKE	S138:G>A	0	88914	0.0	-1.0	0.0	TRUE	G	6.615179E-5	77.0	0.08306046	0.9905849	60.824753	0.083306774	0.0070107332	143.0	0.0
SPIKE	S138:G>C	0	88914	0.0	-1.0	0.0	TRUE	G	2.4680243E-5	0.0	0.042676892	0.99647695	41.455017	0.055294752	0.0031748281	143.0	1.0
SPIKE	S138:G>T	0	88914	0.0	-1.0	0.0	TRUE	G	1.1102911E-5	7.0	0.05633204	0.99841356	17.302286	0.06046225	0.0029669132	143.0	1.0
SPIKE	S139:A>G	0	88914	0.0	-1.0	0.0	TRUE	A	9.676596E-6	11.0	0.065735295	0.99861723	35.84553	0.08372018	0.0107977465	143.0	0.0
SPIKE	S139:A>C	0	88914	0.0	-1.0	0.0	TRUE	A	7.0097914E-5	0.0	0.051978797	0.99002606	75.12073	0.087518	0.05372408	143.0	1.0
SPIKE	S139:A>T	0	88914	0.0	-1.0	0.0	TRUE	A	1.5569116E-4	112.0	0.18050866	0.97798216	6.975231	0.15082444	0.007009471	143.0	0.0
SPIKE	S140:T>A	0	88914	0.0	-1.0	0.0	TRUE	T	2.9900099E-5	25.0	0.14162189	0.99573344	6.975231	0.12388654	0.0028767008	143.0	0.0
SPIKE	S140:T>G	0	88914	0.0	-1.0	0.0	TRUE	T	5.374321E-6	11.0	0.018979615	0.99923176	75.12073	0.044281572	0.003378263	143.0	0.0
SPIKE	S140:T>C	0	88914	0.0	-1.0	0.0	TRUE	T	3.857149E-5	3.0	0.08016147	0.99449944	35.84553	0.10401355	0.008973637	143.0	1.0
SPIKE	S141:T>A	0	88914	0.0	-1.0	0.0	TRUE	T	2.6312086E-4	220.0	0.14162189	0.9630728	6.975231	0.12388654	0.0028767008	143.0	0.0
SPIKE	S141:T>G	0	88914	0.0	-1.0	0.0	TRUE	T	9.771493E-6	20.0	0.018979615	0.99860364	75.12073	0.044281572	0.003378263	143.0	0.0
SPIKE	S141:T>C	0	88914	0.0	-1.0	0.0	TRUE	T	1.3988615E-5	13.0	0.08016147	0.99800164	35.84553	0.10401355	0.008973637	143.0	0.0
SPIKE	S142:A>G	0	88914	0.0	-1.0	0.0	TRUE	A	3.2988397E-4	375.0	0.065735295	0.953922	35.84553	0.08372018	0.0107977465	143.0	0.0
SPIKE	S142:A>C	0	88914	0.0	-1.0	0.0	TRUE	A	3.732547E-5	40.0	0.051978797	0.99467665	75.12073	0.087518	0.05372408	143.0	0.0
SPIKE	S142:A>T	0	88914	0.0	-1.0	0.0	TRUE	A	5.6994086E-5	41.0	0.18050866	0.991883	6.975231	0.15082444	0.007009471	143.0	0.0
SPIKE	S143:G>A	0	88914	0.0	-1.0	0.0	TRUE	G	5.8419762E-5	68.0	0.08306046	0.9916808	60.824753	0.083306774	0.0070107332	143.0	0.0
SPIKE	S143:G>C	0	88914	0.0	-1.0	0.0	TRUE	G	3.780472E-4	635.0	0.042676892	0.9473745	41.455017	0.055294752	0.0031748281	143.0	0.0
SPIKE	S143:G>T	0	88914	0.0	-1.0	0.0	TRUE	G	1.1102911E-5	4.0	0.05633204	0.99841356	17.302286	0.06046225	0.0029669132	143.0	1.0
SPIKE	S144:C>A	0	88914	0.0	-1.0	0.0	TRUE	C	2.535987E-5	0.0	0.48243374	0.9963801	17.302286	0.25179535	0.033626672	143.0	1.0
SPIKE	S144:C>G	0	88914	0.0	-1.0	0.0	TRUE	C	4.1649255E-5	72.0	0.052939005	0.9940619	41.455017	0.05430839	0.002507527	143.0	0.0
SPIKE	S144:C>T	0	88914	0.0	-1.0	0.0	TRUE	C	3.7273458E-5	52.0	0.050211336	0.9946841	60.824753	0.06710262	0.006373395	143.0	0.0
SPIKE	S145:C>A	0	88914	0.0	-1.0	0.0	TRUE	C	2.535987E-5	0.0	0.48243374	0.9963801	17.302286	0.25179535	0.033626672	143.0	1.0
SPIKE	S145:C>G	0	88914	0.0	-1.0	0.0	TRUE	C	3.2972326E-5	57.0	0.052939005	0.99529606	41.455017	0.05430839	0.002507527	143.0	0.0
SPIKE	S145:C>T	0	88914	0.0	-1.0	0.0	TRUE	C	4.5158224E-5	63.0	0.050211336	0.9935632	60.824753	0.06710262	0.006373395	143.0	0.0
SPIKE	S146:C>A	0	88914	0.0	-1.0	0.0	TRUE	C	2.535987E-5	0.0	0.48243374	0.9963801	17.302286	0.25179535	0.033626672	143.0	1.0
SPIKE	S146:C>G	0	88914	0.0	-1.0	0.0	TRUE	C	5.547449E-4	959.0	0.052939005	0.9237364	41.455017	0.05430839	0.002507527	143.0	0.0
SPIKE	S146:C>T	0	88914	0.0	-1.0	0.0	TRUE	C	6.451175E-5	90.0	0.050211336	0.99081725	60.824753	0.06710262	0.006373395	143.0	0.0
SPIKE	S147:G>A	0	88914	0.0	-1.0	0.0	TRUE	G	1.5464055E-5	18.0	0.08306046	0.9977911	60.824753	0.083306774	0.0070107332	143.0	0.0
SPIKE	S147:G>C	0	88914	0.0	-1.0	0.0	TRUE	G	7.858619E-5	132.0	0.042676892	0.9888251	41.455017	0.055294752	0.0031748281	143.0	0.0
SPIKE	S147:G>T	0	88914	0.0	-1.0	0.0	TRUE	G	6.391352E-4	996.0	0.05633204	0.91265595	17.302286	0.06046225	0.0029669132	143.0	0.0
SPIKE	S148:T>A	0	88914	0.0	-1.0	0.0	TRUE	T	8.342404E-6	0.0	0.14162189	0.9988077	6.975231	0.12388654	0.0028767008	143.0	1.0
SPIKE	S148:T>G	0	88914	0.0	-1.0	0.0	TRUE	T	0.0010685127	2187.0	0.018979615	0.85830367	75.12073	0.044281572	0.003378263	143.0	0.0
SPIKE	S148:T>C	0	88914	0.0	-1.0	0.0	TRUE	T	6.241074E-5	58.0	0.08016147	0.991115	35.84553	0.10401355	0.008973637	143.0	0.0
SPIKE	S149:G>A	0	88914	0.0	-1.0	0.0	TRUE	G	2.3196082E-5	27.0	0.08306046	0.9966885	60.824753	0.083306774	0.0070107332	143.0	0.0
SPIKE	S149:G>C	0	88914	0.0	-1.0	0.0	TRUE	G	7.025129E-4	1180.0	0.042676892	0.90442187	41.455017	0.055294752	0.0031748281	143.0	0.0
SPIKE	S149:G>T	0	88914	0.0	-1.0	0.0	TRUE	G	1.93794E-4	302.0	0.05633204	0.97266793	17.302286	0.06046225	0.0029669132	143.0	0.0
SPIKE	S150:C>A	0	88911	0.0	-1.0	0.0	TRUE	C	2.535987E-5	0.0	0.48243374	0.9963801	17.301702	0.25179535	0.033626672	143.0	1.0
SPIKE	S150:C>G	0	88911	0.0	-1.0	0.0	TRUE	C	2.6783688E-4	463.0	0.052939005	0.9624235	41.45362	0.05430839	0.002507527	143.0	0.0
SPIKE	S150:C>T	0	88911	0.0	-1.0	0.0	TRUE	C	0.0011612506	1620.0	0.050211336	0.84699637	60.8227	0.06710262	0.006373395	143.0	0.0
SPIKE	S151:T>A	0	88908	0.0	-1.0	0.0	TRUE	T	8.342404E-6	0.0	0.14162189	0.9988077	6.9747605	0.12388654	0.0028767008	143.0	1.0
SPIKE	S151:T>G	0	88908	0.0	-1.0	0.0	TRUE	T	0.0011897595	2435.0	0.018979615	0.84355044	75.11566	0.044281572	0.003378263	143.0	0.0
SPIKE	S151:T>C	0	88908	0.0	-1.0	0.0	TRUE	T	1.9908219E-4	185.0	0.08016147	0.97193265	35.843113	0.10401355	0.008973637	143.0	0.0
SPIKE	S152:G>A	0	88890	0.0	-1.0	0.0	TRUE	G	1.7186923E-5	20.0	0.08306046	0.9975453	60.808334	0.083306774	0.0070107332	143.0	0.0
SPIKE	S152:G>C	0	88890	0.0	-1.0	0.0	TRUE	G	2.4680243E-5	1.0	0.042676892	0.99647695	41.44383	0.055294752	0.0031748281	143.0	1.0
SPIKE	S152:G>T	0	88890	0.0	-1.0	0.0	TRUE	G	1.3094254E-4	204.0	0.05633204	0.9814494	17.297615	0.06046225	0.0029669132	143.0	0.0
SPIKE	S153:G>A	0	88761	0.0	-1.0	0.0	TRUE	G	1.4630116E-5	17.0	0.08306046	0.9979101	60.72009	0.083306774	0.0070107332	143.0	0.0
SPIKE	S153:G>C	0	88761	0.0	-1.0	0.0	TRUE	G	2.4680243E-5	1.0	0.042676892	0.99647695	41.383686	0.055294752	0.0031748281	143.0	1.0
SPIKE	S153:G>T	0	88761	0.0	-1.0	0.0	TRUE	G	1.1102911E-5	1.0	0.05633204	0.99841356	17.272512	0.06046225	0.0029669132	143.0	1.0
