#pipeline_block
reference	mutation	count	coverage	freq	score	cqs	has.reference	ancestral.allele	error.rate	minor.count.local	minor.fdr	minor.recall	minor.count.global	read.fraction.in.minors	q.filtered.read.fraction	mig.size	global.est
SPIKE	S0:T>A	0	164869	0.0	-1.0	0.0	TRUE	T	1.765271E-5	5.0	0.0077024563	0.99901193	17.074333	0.17177688	0.007352267	56.0	1.0
SPIKE	S0:T>G	0	164869	0.0	-1.0	0.0	TRUE	T	4.7452508E-5	6.0	0.002617168	0.99734616	111.65711	0.07025058	0.008512014	56.0	1.0
SPIKE	S0:T>C	0	164869	0.0	-1.0	0.0	TRUE	T	6.960145E-5	98.0	0.005200978	0.9961099	119.37322	0.117705256	0.0135839805	56.0	0.0
SPIKE	S1:A>G	0	164967	0.0	-1.0	0.0	TRUE	A	1.08178334E-4	170.0	0.005046848	0.9939603	119.444176	0.1055081	0.011438541	56.0	0.0
SPIKE	S1:A>C	0	164967	0.0	-1.0	0.0	TRUE	A	4.4350253E-4	505.0	0.0038420095	0.9754697	111.72348	0.14543656	0.05394288	56.0	0.0
SPIKE	S1:A>T	0	164967	0.0	-1.0	0.0	TRUE	A	2.3093733E-5	19.0	0.0077836867	0.9987076	17.084484	0.20208369	0.010079056	56.0	0.0
SPIKE	S2:G>A	0	165073	0.0	-1.0	0.0	TRUE	G	8.523491E-5	142.0	0.005688411	0.99523824	163.96349	0.09965124	0.012919456	56.0	0.0
SPIKE	S2:G>C	0	165073	0.0	-1.0	0.0	TRUE	G	3.6306476E-5	3.0	0.004592224	0.9979689	69.540474	0.08658077	0.008738268	56.0	1.0
SPIKE	S2:G>T	0	165073	0.0	-1.0	0.0	TRUE	G	6.9868347E-6	11.0	0.0050669927	0.9996088	33.627316	0.10538286	0.009245578	56.0	0.0
SPIKE	S3:C>A	0	165221	0.0	-1.0	0.0	TRUE	C	4.953091E-5	3.0	0.010478863	0.9972301	33.657467	0.24571691	0.015025104	56.0	1.0
SPIKE	S3:C>G	0	165221	0.0	-1.0	0.0	TRUE	C	6.6833645E-6	13.0	0.005249005	0.9996258	69.60282	0.085389145	0.008517877	56.0	0.0
SPIKE	S3:C>T	0	165221	0.0	-1.0	0.0	TRUE	C	2.3813057E-4	423.0	0.0044669653	0.9867532	164.11049	0.09342957	0.012021707	56.0	0.0
SPIKE	S4:G>A	54	165313	3.2665307E-4	168.5768	39.98148	TRUE	G	8.031617E-5	134.0	0.005688411	0.99551237	164.20187	0.09965124	0.012919456	56.0	0.0
SPIKE	S4:G>T	2	165313	1.2098262E-5	-1.0	35.5	TRUE	G	2.1358956E-5	9.0	0.0050669927	0.9988046	33.67621	0.10538286	0.009245578	56.0	1.0
SPIKE	S4:G>C	0	165313	0.0	-1.0	0.0	TRUE	G	3.6306476E-5	9.0	0.004592224	0.9979689	69.64158	0.08658077	0.008738268	56.0	1.0
SPIKE	S5:T>A	8	165399	4.8367885E-5	-1.0	33.875	TRUE	T	1.765271E-5	0.0	0.0077024563	0.99901193	17.129223	0.17177688	0.007352267	56.0	1.0
SPIKE	S5:T>G	1	165399	6.0459856E-6	-1.0	40.0	TRUE	T	6.7779583E-6	16.0	0.002617168	0.9996205	112.01605	0.07025058	0.008512014	56.0	0.0
SPIKE	S5:T>C	25	165399	1.5114964E-4	65.15026	39.84	TRUE	T	1.0619146E-4	150.0	0.005200978	0.99407095	119.756966	0.117705256	0.0135839805	56.0	0.0
SPIKE	I6:>G	2	165470	1.20867835E-5	-1.0	39.969643	TRUE		NaN	NaN	NaN	NaN	NaN	NaN	NaN	NaN	NaN
SPIKE	S6:G>A	45	165470	2.7195262E-4	-1.0	37.822224	TRUE	G	2.634745E-5	44.0	0.005688411	0.9985256	164.35782	0.09965124	0.012919456	56.0	0.0
SPIKE	S6:G>C	1	165470	6.0433917E-6	4.2596874	40.0	TRUE	G	3.6306476E-5	1.0	0.004592224	0.9979689	69.70772	0.08658077	0.008738268	56.0	1.0
SPIKE	S6:G>T	1	165470	6.0433917E-6	-1.0	37.0	TRUE	G	8.871E-6	14.0	0.0050669927	0.9995034	33.70819	0.10538286	0.009245578	56.0	0.0
SPIKE	S7:A>C	14	165535	8.457426E-5	43.393585	39.42857	TRUE	A	4.9886938E-5	57.0	0.0038420095	0.9972102	112.108154	0.14543656	0.05394288	56.0	0.0
SPIKE	D7-8:A>	144	165535	8.699067E-4	-1.0	39.881306	TRUE		NaN	NaN	NaN	NaN	NaN	NaN	NaN	NaN	NaN
SPIKE	I7:>A	1	165535	6.0410184E-6	-1.0	39.881306	TRUE		NaN	NaN	NaN	NaN	NaN	NaN	NaN	NaN	NaN
SPIKE	S7:A>G	0	165535	0.0	-1.0	0.0	TRUE	A	5.326941E-5	84.0	0.005046848	0.9970214	119.85544	0.1055081	0.011438541	56.0	0.0
SPIKE	S7:A>T	0	165535	0.0	-1.0	0.0	TRUE	A	2.0765501E-5	3.0	0.0077836867	0.9988378	17.143307	0.20208369	0.010079056	56.0	1.0
SPIKE	S8:A>G	3	165544	1.812207E-5	10.280287	39.666668	TRUE	A	6.848552E-5	108.0	0.005046848	0.99617213	119.86195	0.1055081	0.011438541	56.0	0.0
SPIKE	S8:A>C	12	165544	7.248828E-5	-1.0	40.0	TRUE	A	2.0128722E-5	23.0	0.0038420095	0.9988734	112.11425	0.14543656	0.05394288	56.0	0.0
SPIKE	S8:A>T	0	165544	0.0	-1.0	0.0	TRUE	A	1.6957125E-5	14.0	0.0077836867	0.99905086	17.14424	0.20208369	0.010079056	56.0	0.0
SPIKE	S9:G>A	53	165552	3.2014112E-4	-1.0	39.71698	TRUE	G	2.5137382E-5	42.0	0.005688411	0.9985933	164.43927	0.09965124	0.012919456	56.0	0.0
SPIKE	S9:G>T	1	165552	6.040398E-6	-1.0	40.0	TRUE	G	2.1358956E-5	4.0	0.0050669927	0.9988046	33.724895	0.10538286	0.009245578	56.0	1.0
SPIKE	D9-10:G>	63	165552	3.805451E-4	-1.0	39.95625	TRUE		NaN	NaN	NaN	NaN	NaN	NaN	NaN	NaN	NaN
SPIKE	D9-11:GA>	6	165552	3.624239E-5	-1.0	39.95625	TRUE		NaN	NaN	NaN	NaN	NaN	NaN	NaN	NaN	NaN
SPIKE	S9:G>C	0	165552	0.0	-1.0	0.0	TRUE	G	3.6306476E-5	0.0	0.004592224	0.9979689	69.74226	0.08658077	0.008738268	56.0	1.0
SPIKE	S10:A>G	3	165552	1.8121194E-5	3.748162	40.0	TRUE	A	1.6930324E-4	267.0	0.005046848	0.9905638	119.867744	0.1055081	0.011438541	56.0	0.0
SPIKE	S10:A>C	6	165552	3.624239E-5	13.113299	39.833332	TRUE	A	9.8118115E-5	6.0	0.0038420095	0.9945204	112.11967	0.14543656	0.05394288	56.0	1.0
SPIKE	D10-11:A>	55	165552	3.322219E-4	-1.0	39.902508	TRUE		NaN	NaN	NaN	NaN	NaN	NaN	NaN	NaN	NaN
SPIKE	D10-12:AC>	4	165552	2.4161593E-5	-1.0	39.902508	TRUE		NaN	NaN	NaN	NaN	NaN	NaN	NaN	NaN	NaN
SPIKE	S10:A>T	0	165552	0.0	-1.0	0.0	TRUE	A	2.0765501E-5	4.0	0.0077836867	0.9988378	17.145067	0.20208369	0.010079056	56.0	1.0
SPIKE	S11:C>A	1	165553	6.0403618E-6	4.2596874	40.0	TRUE	C	4.953091E-5	8.0	0.010478863	0.9972301	33.725098	0.24571691	0.015025104	56.0	1.0
SPIKE	S11:C>G	5	165553	3.0201809E-5	16.300888	40.0	TRUE	C	3.5783156E-5	0.0	0.005249005	0.9979982	69.74268	0.085389145	0.008517877	56.0	1.0
SPIKE	S11:C>T	18	165553	1.0872651E-4	55.434788	39.944443	TRUE	C	7.97795E-5	142.0	0.0044669653	0.9955423	164.44026	0.09342957	0.012021707	56.0	0.0
SPIKE	D11-12:C>	50	165553	3.0201807E-4	-1.0	39.87268	TRUE		NaN	NaN	NaN	NaN	NaN	NaN	NaN	NaN	NaN
SPIKE	I12:>G	1	165553	6.0403618E-6	-1.0	39.927914	TRUE		NaN	NaN	NaN	NaN	NaN	NaN	NaN	NaN	NaN
SPIKE	S12:G>A	59	165553	3.5638135E-4	183.6283	39.711864	TRUE	G	4.5486417E-5	76.0	0.005688411	0.997456	164.44026	0.09965124	0.012919456	56.0	0.0
SPIKE	S12:G>C	2	165553	1.20807235E-5	7.269987	40.0	TRUE	G	3.6306476E-5	5.0	0.004592224	0.9979689	69.74268	0.08658077	0.008738268	56.0	1.0
SPIKE	D12-13:G>	61	165553	3.6846206E-4	-1.0	39.927914	TRUE		NaN	NaN	NaN	NaN	NaN	NaN	NaN	NaN	NaN
SPIKE	D12-14:GA>	2	165553	1.20807235E-5	-1.0	39.927914	TRUE		NaN	NaN	NaN	NaN	NaN	NaN	NaN	NaN	NaN
SPIKE	S12:G>T	0	165553	0.0	-1.0	0.0	TRUE	G	9.499878E-6	15.0	0.0050669927	0.99946815	33.725098	0.10538286	0.009245578	56.0	0.0
SPIKE	S13:A>G	1	165553	6.0403618E-6	0.57991946	40.0	TRUE	A	2.314431E-4	365.0	0.005046848	0.98712283	119.86847	0.1055081	0.011438541	56.0	0.0
SPIKE	S13:A>C	8	165553	4.8322894E-5	-1.0	40.0	TRUE	A	1.1376485E-5	13.0	0.0038420095	0.9993631	112.120346	0.14543656	0.05394288	56.0	0.0
SPIKE	S13:A>T	1	165553	6.0403618E-6	-1.0	40.0	TRUE	A	2.0589676E-5	17.0	0.0077836867	0.99884766	17.145172	0.20208369	0.010079056	56.0	0.0
SPIKE	D13-14:A>	22	165553	1.3288796E-4	-1.0	39.848763	TRUE		NaN	NaN	NaN	NaN	NaN	NaN	NaN	NaN	NaN
SPIKE	I14:>C	2	165553	1.20807235E-5	-1.0	39.933865	TRUE		NaN	NaN	NaN	NaN	NaN	NaN	NaN	NaN	NaN
SPIKE	S14:C>A	1	165553	6.0403618E-6	4.2596874	40.0	TRUE	C	4.953091E-5	5.0	0.010478863	0.9972301	33.725098	0.24571691	0.015025104	56.0	1.0
SPIKE	S14:C>G	2	165553	1.20807235E-5	7.269987	39.5	TRUE	C	3.5783156E-5	0.0	0.005249005	0.9979982	69.74268	0.085389145	0.008517877	56.0	1.0
SPIKE	S14:C>T	31	165553	1.8725121E-4	94.56869	39.80645	TRUE	C	4.944082E-5	88.0	0.0044669653	0.9972351	164.44026	0.09342957	0.012021707	56.0	0.0
SPIKE	D14-15:C>	23	165553	1.3892831E-4	-1.0	39.933865	TRUE		NaN	NaN	NaN	NaN	NaN	NaN	NaN	NaN	NaN
SPIKE	S15:A>G	2	165553	1.20807235E-5	7.269987	37.0	TRUE	A	7.2920426E-5	115.0	0.005046848	0.9959248	119.86847	0.1055081	0.011438541	56.0	0.0
SPIKE	S15:A>C	6	165553	3.624217E-5	-1.0	40.0	TRUE	A	8.751143E-6	10.0	0.0038420095	0.99951005	112.120346	0.14543656	0.05394288	56.0	0.0
SPIKE	D15-16:A>	47	165553	2.83897E-4	-1.0	39.91408	TRUE		NaN	NaN	NaN	NaN	NaN	NaN	NaN	NaN	NaN
SPIKE	I15:>A	1	165553	6.0403618E-6	-1.0	39.91408	TRUE		NaN	NaN	NaN	NaN	NaN	NaN	NaN	NaN	NaN
SPIKE	S15:A>T	0	165553	0.0	-1.0	0.0	TRUE	A	2.0765501E-5	4.0	0.0077836867	0.9988378	17.145172	0.20208369	0.010079056	56.0	1.0
SPIKE	S16:G>A	54	165553	3.2617952E-4	168.5768	39.88889	TRUE	G	3.2917804E-5	55.0	0.005688411	0.9981583	164.44026	0.09965124	0.012919456	56.0	0.0
SPIKE	S16:G>T	6	165553	3.624217E-5	-1.0	35.833332	TRUE	G	2.1358956E-5	2.0	0.0050669927	0.9988046	33.725098	0.10538286	0.009245578	56.0	1.0
SPIKE	D16-17:G>	8	165553	4.8322894E-5	-1.0	39.96981	TRUE		NaN	NaN	NaN	NaN	NaN	NaN	NaN	NaN	NaN
SPIKE	S16:G>C	0	165553	0.0	-1.0	0.0	TRUE	G	3.6306476E-5	0.0	0.004592224	0.9979689	69.74268	0.08658077	0.008738268	56.0	1.0
SPIKE	S17:A>C	9	165553	5.4363256E-5	-1.0	39.77778	TRUE	A	9.6262565E-6	11.0	0.0038420095	0.99946105	112.120346	0.14543656	0.05394288	56.0	0.0
SPIKE	D17-18:A>	11	165553	6.644398E-5	-1.0	39.900112	TRUE		NaN	NaN	NaN	NaN	NaN	NaN	NaN	NaN	NaN
SPIKE	S17:A>G	0	165553	0.0	-1.0	0.0	TRUE	A	2.3778401E-4	375.0	0.005046848	0.98677236	119.86847	0.1055081	0.011438541	56.0	0.0
SPIKE	S17:A>T	0	165553	0.0	-1.0	0.0	TRUE	A	2.0765501E-5	9.0	0.0077836867	0.9988378	17.145172	0.20208369	0.010079056	56.0	1.0
SPIKE	S18:A>C	38	165553	2.2953375E-4	102.594444	39.86842	TRUE	A	9.8118115E-5	4.0	0.0038420095	0.9945204	112.120346	0.14543656	0.05394288	56.0	1.0
SPIKE	S18:A>G	0	165553	0.0	-1.0	0.0	TRUE	A	1.0969769E-4	173.0	0.005046848	0.99387574	119.86847	0.1055081	0.011438541	56.0	0.0
SPIKE	S18:A>T	0	165553	0.0	-1.0	0.0	TRUE	A	2.0765501E-5	4.0	0.0077836867	0.9988378	17.145172	0.20208369	0.010079056	56.0	1.0
SPIKE	S19:C>G	2	165553	1.20807235E-5	7.269987	39.0	TRUE	C	3.5783156E-5	2.0	0.005249005	0.9979982	69.74268	0.085389145	0.008517877	56.0	1.0
SPIKE	S19:C>T	20	165553	1.20807235E-4	50.97615	40.0	TRUE	C	8.933057E-5	159.0	0.0044669653	0.99500996	164.44026	0.09342957	0.012021707	56.0	0.0
SPIKE	S19:C>A	0	165553	0.0	-1.0	0.0	TRUE	C	4.953091E-5	5.0	0.010478863	0.9972301	33.725098	0.24571691	0.015025104	56.0	1.0
SPIKE	S20:C>G	2	165553	1.20807235E-5	7.269987	40.0	TRUE	C	3.5783156E-5	0.0	0.005249005	0.9979982	69.74268	0.085389145	0.008517877	56.0	1.0
SPIKE	S20:C>A	5	165553	3.0201809E-5	16.300888	40.0	TRUE	C	4.953091E-5	0.0	0.010478863	0.9972301	33.725098	0.24571691	0.015025104	56.0	1.0
SPIKE	S20:C>T	7	165553	4.2282532E-5	-1.0	39.285713	TRUE	C	2.6405893E-5	47.0	0.0044669653	0.99852234	164.44026	0.09342957	0.012021707	56.0	0.0
SPIKE	S21:A>G	3	165553	1.8121085E-5	10.280287	40.0	TRUE	A	5.770225E-5	91.0	0.005046848	0.9967739	119.86847	0.1055081	0.011438541	56.0	0.0
SPIKE	S21:A>C	13	165553	7.85247E-5	31.537222	39.846153	TRUE	A	9.8118115E-5	7.0	0.0038420095	0.9945204	112.120346	0.14543656	0.05394288	56.0	1.0
SPIKE	S21:A>T	0	165553	0.0	-1.0	0.0	TRUE	A	2.0765501E-5	4.0	0.0077836867	0.9988378	17.145172	0.20208369	0.010079056	56.0	1.0
SPIKE	S22:A>G	0	165553	0.0	-1.0	0.0	TRUE	A	7.600748E-5	0.0	0.005046848	0.99575263	119.86847	0.1055081	0.011438541	56.0	1.0
SPIKE	S22:A>C	0	165553	0.0	-1.0	0.0	TRUE	A	9.8118115E-5	0.0	0.0038420095	0.9945204	112.120346	0.14543656	0.05394288	56.0	1.0
SPIKE	S22:A>T	0	165553	0.0	-1.0	0.0	TRUE	A	2.0765501E-5	0.0	0.0077836867	0.9988378	17.145172	0.20208369	0.010079056	56.0	1.0
SPIKE	S23:A>T	165552	165553	0.999994	-1.0	39.995983	TRUE	T	2.0765501E-5	0.0	0.0077836867	0.9988378	17.145172	0.20208369	0.010079056	56.0	1.0
SPIKE	S23:A>G	0	165553	0.0	-1.0	0.0	TRUE	T	7.600748E-5	0.0	0.005046848	0.99575263	119.86847	0.1055081	0.011438541	56.0	1.0
SPIKE	S23:A>C	0	165553	0.0	-1.0	0.0	TRUE	T	9.8118115E-5	0.0	0.0038420095	0.9945204	112.120346	0.14543656	0.05394288	56.0	1.0
SPIKE	S24:A>G	165552	165553	0.999994	9999.0	39.995983	TRUE	G	7.600748E-5	0.0	0.005046848	0.99575263	119.86847	0.1055081	0.011438541	56.0	1.0
SPIKE	S24:A>C	0	165553	0.0	-1.0	0.0	TRUE	G	9.8118115E-5	0.0	0.0038420095	0.9945204	112.120346	0.14543656	0.05394288	56.0	1.0
SPIKE	S24:A>T	0	165553	0.0	-1.0	0.0	TRUE	G	2.0765501E-5	4.0	0.0077836867	0.9988378	17.145172	0.20208369	0.010079056	56.0	1.0
SPIKE	S25:A>C	165552	165553	0.999994	9999.0	39.995983	TRUE	C	9.8118115E-5	0.0	0.0038420095	0.9945204	112.120346	0.14543656	0.05394288	56.0	1.0
SPIKE	S25:A>G	0	165553	0.0	-1.0	0.0	TRUE	C	7.600748E-5	4.0	0.005046848	0.99575263	119.86847	0.1055081	0.011438541	56.0	1.0
SPIKE	S25:A>T	0	165553	0.0	-1.0	0.0	TRUE	C	2.0765501E-5	0.0	0.0077836867	0.9988378	17.145172	0.20208369	0.010079056	56.0	1.0
SPIKE	S26:T>C	2	165553	1.20807235E-5	2.2639637	36.5	TRUE	T	1.3509134E-4	191.0	0.005200978	0.9924634	119.86847	0.117705256	0.0135839805	56.0	0.0
SPIKE	S26:T>A	0	165553	0.0	-1.0	0.0	TRUE	T	2.162165E-5	21.0	0.0077024563	0.9987899	17.145172	0.17177688	0.007352267	56.0	0.0
SPIKE	S26:T>G	0	165553	0.0	-1.0	0.0	TRUE	T	5.07874E-6	12.0	0.002617168	0.9997156	112.120346	0.07025058	0.008512014	56.0	0.0
SPIKE	S27:G>A	14	165553	8.4565065E-5	43.393585	39.357143	TRUE	G	3.2319298E-5	54.0	0.005688411	0.9981918	164.44026	0.09965124	0.012919456	56.0	0.0
SPIKE	S27:G>T	4	165553	2.4161447E-5	-1.0	38.75	TRUE	G	2.1358956E-5	6.0	0.0050669927	0.9988046	33.725098	0.10538286	0.009245578	56.0	1.0
SPIKE	S27:G>C	0	165553	0.0	-1.0	0.0	TRUE	G	3.6306476E-5	0.0	0.004592224	0.9979689	69.74268	0.08658077	0.008738268	56.0	1.0
SPIKE	S28:G>A	12	165553	7.248434E-5	37.372986	39.916668	TRUE	G	4.129688E-5	69.0	0.005688411	0.99769	164.44026	0.09965124	0.012919456	56.0	0.0
SPIKE	S28:G>C	0	165553	0.0	-1.0	0.0	TRUE	G	3.6306476E-5	1.0	0.004592224	0.9979689	69.74268	0.08658077	0.008738268	56.0	1.0
SPIKE	S28:G>T	0	165553	0.0	-1.0	0.0	TRUE	G	2.1358956E-5	5.0	0.0050669927	0.9988046	33.725098	0.10538286	0.009245578	56.0	1.0
SPIKE	S29:G>A	11	165553	6.644398E-5	34.362686	40.0	TRUE	G	4.0698375E-5	68.0	0.005688411	0.99772346	164.44026	0.09965124	0.012919456	56.0	0.0
SPIKE	S29:G>T	2	165553	1.20807235E-5	-1.0	36.5	TRUE	G	2.1358956E-5	2.0	0.0050669927	0.9988046	33.725098	0.10538286	0.009245578	56.0	1.0
SPIKE	S29:G>C	0	165553	0.0	-1.0	0.0	TRUE	G	3.6306476E-5	0.0	0.004592224	0.9979689	69.74268	0.08658077	0.008738268	56.0	1.0
SPIKE	S30:A>G	0	165553	0.0	-1.0	0.0	TRUE	A	2.789999E-5	44.0	0.005046848	0.99843884	119.86847	0.1055081	0.011438541	56.0	0.0
SPIKE	S30:A>C	0	165553	0.0	-1.0	0.0	TRUE	A	9.8118115E-5	0.0	0.0038420095	0.9945204	112.120346	0.14543656	0.05394288	56.0	1.0
SPIKE	S30:A>T	0	165553	0.0	-1.0	0.0	TRUE	A	2.0765501E-5	0.0	0.0077836867	0.9988378	17.145172	0.20208369	0.010079056	56.0	1.0
SPIKE	S31:T>C	1	165553	6.0403618E-6	4.2596874	40.0	TRUE	T	7.567944E-5	107.0	0.005200978	0.99577093	119.86847	0.117705256	0.0135839805	56.0	0.0
SPIKE	S31:T>A	0	165553	0.0	-1.0	0.0	TRUE	T	1.765271E-5	3.0	0.0077024563	0.99901193	17.145172	0.17177688	0.007352267	56.0	1.0
SPIKE	S31:T>G	0	165553	0.0	-1.0	0.0	TRUE	T	4.7452508E-5	1.0	0.002617168	0.99734616	112.120346	0.07025058	0.008512014	56.0	1.0
SPIKE	S32:C>T	11	165553	6.644398E-5	34.362686	39.545456	TRUE	C	3.7080616E-5	66.0	0.0044669653	0.99792564	164.44026	0.09342957	0.012021707	56.0	0.0
SPIKE	S32:C>A	11	165553	6.644398E-5	34.362686	38.363636	TRUE	C	4.953091E-5	0.0	0.010478863	0.9972301	33.725098	0.24571691	0.015025104	56.0	1.0
SPIKE	S32:C>G	0	165553	0.0	-1.0	0.0	TRUE	C	3.5783156E-5	0.0	0.005249005	0.9979982	69.74268	0.085389145	0.008517877	56.0	1.0
SPIKE	S33:C>T	4	165553	2.4161447E-5	13.290587	39.5	TRUE	C	3.370965E-5	60.0	0.0044669653	0.99811405	164.44026	0.09342957	0.012021707	56.0	0.0
SPIKE	S33:C>A	19	165553	1.1476687E-4	58.445087	39.736843	TRUE	C	4.953091E-5	4.0	0.010478863	0.9972301	33.725098	0.24571691	0.015025104	56.0	1.0
SPIKE	S33:C>G	0	165553	0.0	-1.0	0.0	TRUE	C	3.5783156E-5	0.0	0.005249005	0.9979982	69.74268	0.085389145	0.008517877	56.0	1.0
SPIKE	S34:A>G	0	165553	0.0	-1.0	0.0	TRUE	A	2.0924992E-5	33.0	0.005046848	0.9988289	119.86847	0.1055081	0.011438541	56.0	0.0
SPIKE	S34:A>C	0	165553	0.0	-1.0	0.0	TRUE	A	9.8118115E-5	2.0	0.0038420095	0.9945204	112.120346	0.14543656	0.05394288	56.0	1.0
SPIKE	S34:A>T	0	165553	0.0	-1.0	0.0	TRUE	A	2.0765501E-5	0.0	0.0077836867	0.9988378	17.145172	0.20208369	0.010079056	56.0	1.0
SPIKE	S35:T>A	0	165553	0.0	-1.0	0.0	TRUE	T	1.765271E-5	3.0	0.0077024563	0.99901193	17.145172	0.17177688	0.007352267	56.0	1.0
SPIKE	S35:T>G	0	165553	0.0	-1.0	0.0	TRUE	T	4.6555115E-6	11.0	0.002617168	0.99973935	112.120346	0.07025058	0.008512014	56.0	0.0
SPIKE	S35:T>C	0	165553	0.0	-1.0	0.0	TRUE	T	9.194698E-5	130.0	0.005200978	0.9948642	119.86847	0.117705256	0.0135839805	56.0	0.0
SPIKE	S36:T>A	0	165553	0.0	-1.0	0.0	TRUE	T	1.765271E-5	1.0	0.0077024563	0.99901193	17.145172	0.17177688	0.007352267	56.0	1.0
SPIKE	S36:T>G	0	165553	0.0	-1.0	0.0	TRUE	T	4.7452508E-5	0.0	0.002617168	0.99734616	112.120346	0.07025058	0.008512014	56.0	1.0
SPIKE	S36:T>C	0	165553	0.0	-1.0	0.0	TRUE	T	7.78013E-6	11.0	0.005200978	0.9995644	119.86847	0.117705256	0.0135839805	56.0	0.0
SPIKE	S37:A>G	3	165553	1.8121085E-5	10.280287	40.0	TRUE	A	3.4240897E-5	54.0	0.005046848	0.99808437	119.86847	0.1055081	0.011438541	56.0	0.0
SPIKE	S37:A>C	0	165553	0.0	-1.0	0.0	TRUE	A	9.8118115E-5	2.0	0.0038420095	0.9945204	112.120346	0.14543656	0.05394288	56.0	1.0
SPIKE	S37:A>T	0	165553	0.0	-1.0	0.0	TRUE	A	2.0765501E-5	0.0	0.0077836867	0.9988378	17.145172	0.20208369	0.010079056	56.0	1.0
SPIKE	S38:T>C	1	165553	6.0403618E-6	-1.0	40.0	TRUE	T	9.901983E-6	14.0	0.005200978	0.9994456	119.86847	0.117705256	0.0135839805	56.0	0.0
SPIKE	S38:T>A	0	165553	0.0	-1.0	0.0	TRUE	T	1.765271E-5	1.0	0.0077024563	0.99901193	17.145172	0.17177688	0.007352267	56.0	1.0
SPIKE	S38:T>G	0	165553	0.0	-1.0	0.0	TRUE	T	4.7452508E-5	1.0	0.002617168	0.99734616	112.120346	0.07025058	0.008512014	56.0	1.0
SPIKE	S39:C>T	13	165553	7.85247E-5	40.383286	40.0	TRUE	C	6.8542955E-5	122.0	0.0044669653	0.996169	164.44026	0.09342957	0.012021707	56.0	0.0
SPIKE	S39:C>A	99	165553	5.979958E-4	304.04028	39.040405	TRUE	C	4.953091E-5	3.0	0.010478863	0.9972301	33.725098	0.24571691	0.015025104	56.0	1.0
SPIKE	S39:C>G	1	165553	6.0403618E-6	4.2596874	40.0	TRUE	C	3.5783156E-5	0.0	0.005249005	0.9979982	69.74268	0.085389145	0.008517877	56.0	1.0
SPIKE	S40:G>T	1	165553	6.0403618E-6	-1.0	36.0	TRUE	G	2.1358956E-5	8.0	0.0050669927	0.9988046	33.725098	0.10538286	0.009245578	56.0	1.0
SPIKE	S40:G>A	35	165553	2.1141265E-4	106.609886	39.714287	TRUE	G	4.788044E-5	80.0	0.005688411	0.99732226	164.44026	0.09965124	0.012919456	56.0	0.0
SPIKE	S40:G>C	0	165553	0.0	-1.0	0.0	TRUE	G	3.6306476E-5	0.0	0.004592224	0.9979689	69.74268	0.08658077	0.008738268	56.0	1.0
SPIKE	S41:G>A	9	165553	5.4363256E-5	28.342087	38.444443	TRUE	G	6.284308E-5	105.0	0.005688411	0.99648696	164.44026	0.09965124	0.012919456	56.0	0.0
SPIKE	S41:G>C	0	165553	0.0	-1.0	0.0	TRUE	G	3.6306476E-5	1.0	0.004592224	0.9979689	69.74268	0.08658077	0.008738268	56.0	1.0
SPIKE	S41:G>T	0	165553	0.0	-1.0	0.0	TRUE	G	2.1358956E-5	2.0	0.0050669927	0.9988046	33.725098	0.10538286	0.009245578	56.0	1.0
SPIKE	S42:C>T	18	165553	1.0872651E-4	32.319016	39.666668	TRUE	C	2.1405627E-4	381.0	0.0044669653	0.98808444	164.44026	0.09342957	0.012021707	56.0	0.0
SPIKE	S42:C>A	27	165553	1.6308976E-4	82.52749	39.555557	TRUE	C	4.953091E-5	5.0	0.010478863	0.9972301	33.725098	0.24571691	0.015025104	56.0	1.0
SPIKE	S42:C>G	0	165553	0.0	-1.0	0.0	TRUE	C	3.5783156E-5	2.0	0.005249005	0.9979982	69.74268	0.085389145	0.008517877	56.0	1.0
SPIKE	S43:G>A	24	165553	1.4496868E-4	73.49659	39.5	TRUE	G	4.3092397E-5	72.0	0.005688411	0.9975897	164.44026	0.09965124	0.012919456	56.0	0.0
SPIKE	S43:G>C	0	165553	0.0	-1.0	0.0	TRUE	G	3.6306476E-5	0.0	0.004592224	0.9979689	69.74268	0.08658077	0.008738268	56.0	1.0
SPIKE	S43:G>T	0	165553	0.0	-1.0	0.0	TRUE	G	2.1358956E-5	7.0	0.0050669927	0.9988046	33.725098	0.10538286	0.009245578	56.0	1.0
SPIKE	S44:G>A	14	165553	8.4565065E-5	27.870962	40.0	TRUE	G	1.5142189E-4	253.0	0.005688411	0.9915562	164.44026	0.09965124	0.012919456	56.0	0.0
SPIKE	S44:G>C	0	165553	0.0	-1.0	0.0	TRUE	G	3.6306476E-5	1.0	0.004592224	0.9979689	69.74268	0.08658077	0.008738268	56.0	1.0
SPIKE	S44:G>T	0	165553	0.0	-1.0	0.0	TRUE	G	2.1358956E-5	3.0	0.0050669927	0.9988046	33.725098	0.10538286	0.009245578	56.0	1.0
SPIKE	S45:C>T	12	165553	7.248434E-5	37.372986	38.583332	TRUE	C	4.3822543E-5	78.0	0.0044669653	0.99754894	164.44026	0.09342957	0.012021707	56.0	0.0
SPIKE	S45:C>A	8	165553	4.8322894E-5	25.331787	40.0	TRUE	C	4.953091E-5	1.0	0.010478863	0.9972301	33.725098	0.24571691	0.015025104	56.0	1.0
SPIKE	S45:C>G	0	165553	0.0	-1.0	0.0	TRUE	C	3.5783156E-5	0.0	0.005249005	0.9979982	69.74268	0.085389145	0.008517877	56.0	1.0
SPIKE	S46:G>T	3	165553	1.8121085E-5	-1.0	36.666668	TRUE	G	2.1358956E-5	7.0	0.0050669927	0.9988046	33.725098	0.10538286	0.009245578	56.0	1.0
SPIKE	S46:G>A	16	165553	9.664579E-5	49.41419	39.875	TRUE	G	3.1122287E-5	52.0	0.005688411	0.99825865	164.44026	0.09965124	0.012919456	56.0	0.0
SPIKE	S46:G>C	0	165553	0.0	-1.0	0.0	TRUE	G	3.6306476E-5	0.0	0.004592224	0.9979689	69.74268	0.08658077	0.008738268	56.0	1.0
SPIKE	S47:A>G	0	165553	0.0	-1.0	0.0	TRUE	A	7.600748E-5	3.0	0.005046848	0.99575263	119.86847	0.1055081	0.011438541	56.0	1.0
SPIKE	S47:A>C	0	165553	0.0	-1.0	0.0	TRUE	A	9.8118115E-5	0.0	0.0038420095	0.9945204	112.120346	0.14543656	0.05394288	56.0	1.0
SPIKE	S47:A>T	0	165553	0.0	-1.0	0.0	TRUE	A	2.0765501E-5	0.0	0.0077836867	0.9988378	17.145172	0.20208369	0.010079056	56.0	1.0
SPIKE	S48:A>G	1	165553	6.0403618E-6	-1.0	39.0	TRUE	A	6.340907E-6	10.0	0.005046848	0.999645	119.86847	0.1055081	0.011438541	56.0	0.0
SPIKE	S48:A>C	0	165553	0.0	-1.0	0.0	TRUE	A	9.8118115E-5	2.0	0.0038420095	0.9945204	112.120346	0.14543656	0.05394288	56.0	1.0
SPIKE	S48:A>T	0	165553	0.0	-1.0	0.0	TRUE	A	2.0765501E-5	1.0	0.0077836867	0.9988378	17.145172	0.20208369	0.010079056	56.0	1.0
SPIKE	S49:T>C	1	165553	6.0403618E-6	-1.0	40.0	TRUE	T	1.2731121E-5	18.0	0.005200978	0.9992873	119.86847	0.117705256	0.0135839805	56.0	0.0
SPIKE	S49:T>A	0	165553	0.0	-1.0	0.0	TRUE	T	1.765271E-5	0.0	0.0077024563	0.99901193	17.145172	0.17177688	0.007352267	56.0	1.0
SPIKE	S49:T>G	0	165553	0.0	-1.0	0.0	TRUE	T	4.7452508E-5	2.0	0.002617168	0.99734616	112.120346	0.07025058	0.008512014	56.0	1.0
SPIKE	S50:T>C	2	165553	1.20807235E-5	3.9120662	40.0	TRUE	T	8.478111E-5	9.0	0.005200978	0.9952635	119.86847	0.117705256	0.0135839805	56.0	1.0
SPIKE	S50:T>A	0	165553	0.0	-1.0	0.0	TRUE	T	1.765271E-5	0.0	0.0077024563	0.99901193	17.145172	0.17177688	0.007352267	56.0	1.0
SPIKE	S50:T>G	0	165553	0.0	-1.0	0.0	TRUE	T	4.7452508E-5	1.0	0.002617168	0.99734616	112.120346	0.07025058	0.008512014	56.0	1.0
SPIKE	S51:T>A	0	165553	0.0	-1.0	0.0	TRUE	T	1.765271E-5	4.0	0.0077024563	0.99901193	17.145172	0.17177688	0.007352267	56.0	1.0
SPIKE	S51:T>G	0	165553	0.0	-1.0	0.0	TRUE	T	4.7452508E-5	1.0	0.002617168	0.99734616	112.120346	0.07025058	0.008512014	56.0	1.0
SPIKE	S51:T>C	0	165553	0.0	-1.0	0.0	TRUE	T	1.20238365E-5	17.0	0.005200978	0.9993269	119.86847	0.117705256	0.0135839805	56.0	0.0
SPIKE	S52:A>G	11	165553	6.644398E-5	34.362686	39.363636	TRUE	A	5.8970432E-5	93.0	0.005046848	0.9967031	119.86847	0.1055081	0.011438541	56.0	0.0
SPIKE	S52:A>C	0	165553	0.0	-1.0	0.0	TRUE	A	9.8118115E-5	4.0	0.0038420095	0.9945204	112.120346	0.14543656	0.05394288	56.0	1.0
SPIKE	S52:A>T	0	165553	0.0	-1.0	0.0	TRUE	A	2.0765501E-5	0.0	0.0077836867	0.9988378	17.145172	0.20208369	0.010079056	56.0	1.0
SPIKE	S53:C>T	14	165553	8.4565065E-5	43.393585	39.785713	TRUE	C	7.416123E-5	132.0	0.0044669653	0.99585557	164.44026	0.09342957	0.012021707	56.0	0.0
SPIKE	S53:C>A	3	165553	1.8121085E-5	10.280287	39.666668	TRUE	C	4.953091E-5	0.0	0.010478863	0.9972301	33.725098	0.24571691	0.015025104	56.0	1.0
SPIKE	S53:C>G	0	165553	0.0	-1.0	0.0	TRUE	C	3.5783156E-5	3.0	0.005249005	0.9979982	69.74268	0.085389145	0.008517877	56.0	1.0
SPIKE	S54:C>T	14	165553	8.4565065E-5	43.393585	40.0	TRUE	C	4.719351E-5	84.0	0.0044669653	0.99736065	164.44026	0.09342957	0.012021707	56.0	0.0
SPIKE	S54:C>A	98	165553	5.9195544E-4	301.03	40.0	TRUE	C	4.953091E-5	9.0	0.010478863	0.9972301	33.725098	0.24571691	0.015025104	56.0	1.0
SPIKE	S54:C>G	0	165553	0.0	-1.0	0.0	TRUE	C	3.5783156E-5	0.0	0.005249005	0.9979982	69.74268	0.085389145	0.008517877	56.0	1.0
SPIKE	S55:A>T	1	165553	6.0403618E-6	-1.0	40.0	TRUE	A	1.4533888E-5	12.0	0.0077836867	0.99918646	17.145172	0.20208369	0.010079056	56.0	0.0
SPIKE	S55:A>C	3	165553	1.8121085E-5	10.280287	40.0	TRUE	A	6.73838E-5	77.0	0.0038420095	0.99623364	112.120346	0.14543656	0.05394288	56.0	0.0
SPIKE	S55:A>G	19	165553	1.1476687E-4	34.737488	40.0	TRUE	A	2.384181E-4	376.0	0.005046848	0.9867373	119.86847	0.1055081	0.011438541	56.0	0.0
SPIKE	S56:C>T	13	165553	7.85247E-5	40.383286	40.0	TRUE	C	6.236285E-5	111.0	0.0044669653	0.9965138	164.44026	0.09342957	0.012021707	56.0	0.0
SPIKE	S56:C>A	10	165553	6.0403618E-5	31.352386	40.0	TRUE	C	4.552865E-5	31.0	0.010478863	0.99745363	33.725098	0.24571691	0.015025104	56.0	0.0
SPIKE	S56:C>G	0	165553	0.0	-1.0	0.0	TRUE	C	3.5783156E-5	0.0	0.005249005	0.9979982	69.74268	0.085389145	0.008517877	56.0	1.0
SPIKE	S57:C>T	10	165553	6.0403618E-5	31.352386	40.0	TRUE	C	3.146234E-5	56.0	0.0044669653	0.99823964	164.44026	0.09342957	0.012021707	56.0	0.0
SPIKE	S57:C>A	78	165553	4.711482E-4	-1.0	40.0	TRUE	C	1.6155327E-5	11.0	0.010478863	0.99909574	33.725098	0.24571691	0.015025104	56.0	0.0
SPIKE	S57:C>G	0	165553	0.0	-1.0	0.0	TRUE	C	3.5783156E-5	1.0	0.005249005	0.9979982	69.74268	0.085389145	0.008517877	56.0	1.0
SPIKE	S58:A>G	4	165553	2.4161447E-5	13.290587	40.0	TRUE	A	5.7068162E-5	90.0	0.005046848	0.9968093	119.86847	0.1055081	0.011438541	56.0	0.0
SPIKE	S58:A>C	0	165553	0.0	-1.0	0.0	TRUE	A	4.725617E-5	54.0	0.0038420095	0.99735713	112.120346	0.14543656	0.05394288	56.0	0.0
SPIKE	S58:A>T	0	165553	0.0	-1.0	0.0	TRUE	A	2.0765501E-5	9.0	0.0077836867	0.9988378	17.145172	0.20208369	0.010079056	56.0	1.0
SPIKE	S59:T>C	6	165553	3.624217E-5	19.311188	40.0	TRUE	T	7.355759E-5	104.0	0.005200978	0.99588925	119.86847	0.117705256	0.0135839805	56.0	0.0
SPIKE	S59:T>A	1	165553	6.0403618E-6	4.2596874	40.0	TRUE	T	5.7657737E-5	56.0	0.0077024563	0.9967764	17.145172	0.17177688	0.007352267	56.0	0.0
SPIKE	S59:T>G	0	165553	0.0	-1.0	0.0	TRUE	T	4.7452508E-5	1.0	0.002617168	0.99734616	112.120346	0.07025058	0.008512014	56.0	1.0
SPIKE	S60:T>C	2	165553	1.20807235E-5	7.269987	40.0	TRUE	T	3.5364224E-5	50.0	0.005200978	0.99802154	119.86847	0.117705256	0.0135839805	56.0	0.0
SPIKE	S60:T>A	0	165553	0.0	-1.0	0.0	TRUE	T	1.765271E-5	2.0	0.0077024563	0.99901193	17.145172	0.17177688	0.007352267	56.0	1.0
SPIKE	S60:T>G	0	165553	0.0	-1.0	0.0	TRUE	T	4.7452508E-5	5.0	0.002617168	0.99734616	112.120346	0.07025058	0.008512014	56.0	1.0
SPIKE	S61:G>T	1	165553	6.0403618E-6	4.2596874	40.0	TRUE	G	3.166626E-5	50.0	0.0050669927	0.99822825	33.725098	0.10538286	0.009245578	56.0	0.0
SPIKE	S61:G>A	9	165553	5.4363256E-5	28.342087	40.0	TRUE	G	2.6932747E-5	45.0	0.005688411	0.9984929	164.44026	0.09965124	0.012919456	56.0	0.0
SPIKE	S61:G>C	0	165553	0.0	-1.0	0.0	TRUE	G	3.6306476E-5	0.0	0.004592224	0.9979689	69.74268	0.08658077	0.008738268	56.0	1.0
SPIKE	S62:A>G	1	165553	6.0403618E-6	4.2596874	40.0	TRUE	A	4.6922712E-5	74.0	0.005046848	0.9973758	119.86847	0.1055081	0.011438541	56.0	0.0
SPIKE	D62-63:A>	4	165553	2.4161447E-5	-1.0	40.0	TRUE		NaN	NaN	NaN	NaN	NaN	NaN	NaN	NaN	NaN
SPIKE	S62:A>C	0	165553	0.0	-1.0	0.0	TRUE	A	9.8118115E-5	1.0	0.0038420095	0.9945204	112.120346	0.14543656	0.05394288	56.0	1.0
SPIKE	S62:A>T	0	165553	0.0	-1.0	0.0	TRUE	A	2.0765501E-5	4.0	0.0077836867	0.9988378	17.145172	0.20208369	0.010079056	56.0	1.0
SPIKE	S63:A>C	1	165553	6.0403618E-6	2.0412	40.0	TRUE	A	9.8118115E-5	2.0	0.0038420095	0.9945204	112.120346	0.14543656	0.05394288	56.0	1.0
SPIKE	S63:A>G	4	165553	2.4161447E-5	-1.0	40.0	TRUE	A	2.663181E-5	42.0	0.005046848	0.9985097	119.86847	0.1055081	0.011438541	56.0	0.0
SPIKE	S63:A>T	0	165553	0.0	-1.0	0.0	TRUE	A	2.0765501E-5	5.0	0.0077836867	0.9988378	17.145172	0.20208369	0.010079056	56.0	1.0
SPIKE	S64:A>G	6	165553	3.624217E-5	19.311188	40.0	TRUE	A	5.8970432E-5	93.0	0.005046848	0.9967031	119.86847	0.1055081	0.011438541	56.0	0.0
SPIKE	S64:A>C	1	165553	6.0403618E-6	2.0412	40.0	TRUE	A	9.8118115E-5	6.0	0.0038420095	0.9945204	112.120346	0.14543656	0.05394288	56.0	1.0
SPIKE	S64:A>T	2	165553	1.20807235E-5	-1.0	40.0	TRUE	A	2.0765501E-5	2.0	0.0077836867	0.9988378	17.145172	0.20208369	0.010079056	56.0	1.0
SPIKE	S65:A>G	15	165553	9.060543E-5	30.383287	40.0	TRUE	A	1.6105904E-4	254.0	0.005046848	0.9910213	119.86847	0.1055081	0.011438541	56.0	0.0
SPIKE	S65:A>C	3	165553	1.8121085E-5	10.280287	40.0	TRUE	A	8.051051E-5	92.0	0.0038420095	0.9955016	112.120346	0.14543656	0.05394288	56.0	0.0
SPIKE	S65:A>T	0	165553	0.0	-1.0	0.0	TRUE	A	2.0765501E-5	3.0	0.0077836867	0.9988378	17.145172	0.20208369	0.010079056	56.0	1.0
SPIKE	S66:C>A	5	165553	3.0201809E-5	-1.0	40.0	TRUE	C	1.6155327E-5	11.0	0.010478863	0.99909574	33.725098	0.24571691	0.015025104	56.0	0.0
SPIKE	S66:C>T	7	165553	4.2282532E-5	22.321487	40.0	TRUE	C	4.8878992E-5	87.0	0.0044669653	0.99726653	164.44026	0.09342957	0.012021707	56.0	0.0
SPIKE	S66:C>G	0	165553	0.0	-1.0	0.0	TRUE	C	3.5783156E-5	2.0	0.005249005	0.9979982	69.74268	0.085389145	0.008517877	56.0	1.0
SPIKE	S67:C>A	67	165553	4.0470425E-4	207.7107	40.0	TRUE	C	7.78393E-5	53.0	0.010478863	0.9956505	33.725098	0.24571691	0.015025104	56.0	0.0
SPIKE	S67:C>T	12	165553	7.248434E-5	37.372986	40.0	TRUE	C	3.595696E-5	64.0	0.0044669653	0.99798846	164.44026	0.09342957	0.012021707	56.0	0.0
SPIKE	S67:C>G	0	165553	0.0	-1.0	0.0	TRUE	C	3.5783156E-5	0.0	0.005249005	0.9979982	69.74268	0.085389145	0.008517877	56.0	1.0
SPIKE	S68:A>G	22	165553	1.3288796E-4	42.137844	40.0	TRUE	A	2.2319992E-4	352.0	0.005046848	0.9875786	119.86847	0.1055081	0.011438541	56.0	0.0
SPIKE	S68:A>C	4	165553	2.4161447E-5	13.290587	40.0	TRUE	A	2.712854E-5	31.0	0.0038420095	0.9984819	112.120346	0.14543656	0.05394288	56.0	0.0
SPIKE	S68:A>T	1	165553	6.0403618E-6	4.2596874	40.0	TRUE	A	3.149009E-5	26.0	0.0077836867	0.9982381	17.145172	0.20208369	0.010079056	56.0	0.0
SPIKE	S69:G>A	13	165553	7.85247E-5	31.537222	40.0	TRUE	G	1.2748168E-4	213.0	0.005688411	0.9928864	164.44026	0.09965124	0.012919456	56.0	0.0
SPIKE	S69:G>T	1	165553	6.0403618E-6	-1.0	40.0	TRUE	G	2.1358956E-5	6.0	0.0050669927	0.9988046	33.725098	0.10538286	0.009245578	56.0	1.0
SPIKE	S69:G>C	0	165553	0.0	-1.0	0.0	TRUE	G	2.7070031E-5	52.0	0.004592224	0.9984852	69.74268	0.08658077	0.008738268	56.0	0.0
SPIKE	S70:C>A	9	165553	5.4363256E-5	28.342087	40.0	TRUE	C	4.953091E-5	2.0	0.010478863	0.9972301	33.725098	0.24571691	0.015025104	56.0	1.0
SPIKE	S70:C>T	27	165553	1.6308976E-4	54.85469	40.0	TRUE	C	2.3147292E-4	412.0	0.0044669653	0.98712116	164.44026	0.09342957	0.012021707	56.0	0.0
SPIKE	S70:C>G	0	165553	0.0	-1.0	0.0	TRUE	C	3.5783156E-5	7.0	0.005249005	0.9979982	69.74268	0.085389145	0.008517877	56.0	1.0
SPIKE	S71:C>A	55	165553	3.322199E-4	-1.0	40.0	TRUE	C	1.7623994E-5	12.0	0.010478863	0.99901354	33.725098	0.24571691	0.015025104	56.0	0.0
SPIKE	S71:C>G	1	165553	6.0403618E-6	-1.0	40.0	TRUE	C	2.3088329E-5	45.0	0.005249005	0.9987079	69.74268	0.085389145	0.008517877	56.0	0.0
SPIKE	S71:C>T	7	165553	4.2282532E-5	22.321487	40.0	TRUE	C	5.3373613E-5	95.0	0.0044669653	0.99701554	164.44026	0.09342957	0.012021707	56.0	0.0
SPIKE	S72:G>A	29	165553	1.7517048E-4	88.54809	40.0	TRUE	G	7.720721E-5	129.0	0.005688411	0.99568576	164.44026	0.09965124	0.012919456	56.0	0.0
SPIKE	S72:G>C	0	165553	0.0	-1.0	0.0	TRUE	G	3.6306476E-5	6.0	0.004592224	0.9979689	69.74268	0.08658077	0.008738268	56.0	1.0
SPIKE	S72:G>T	0	165553	0.0	-1.0	0.0	TRUE	G	2.4699682E-5	39.0	0.0050669927	0.99861777	33.725098	0.10538286	0.009245578	56.0	0.0
SPIKE	S73:T>C	14	165553	8.4565065E-5	19.02269	40.0	TRUE	T	2.454277E-4	347.0	0.005200978	0.98635006	119.86847	0.117705256	0.0135839805	56.0	0.0
SPIKE	S73:T>A	0	165553	0.0	-1.0	0.0	TRUE	T	1.765271E-5	3.0	0.0077024563	0.99901193	17.145172	0.17177688	0.007352267	56.0	1.0
SPIKE	S73:T>G	0	165553	0.0	-1.0	0.0	TRUE	T	2.8356299E-5	67.0	0.002617168	0.9984133	112.120346	0.07025058	0.008512014	56.0	0.0
SPIKE	S74:G>A	14	165553	8.4565065E-5	43.393585	40.0	TRUE	G	2.932677E-5	49.0	0.005688411	0.998359	164.44026	0.09965124	0.012919456	56.0	0.0
SPIKE	S74:G>T	1	165553	6.0403618E-6	-1.0	40.0	TRUE	G	2.1358956E-5	7.0	0.0050669927	0.9988046	33.725098	0.10538286	0.009245578	56.0	1.0
SPIKE	S74:G>C	0	165553	0.0	-1.0	0.0	TRUE	G	3.6306476E-5	4.0	0.004592224	0.9979689	69.74268	0.08658077	0.008738268	56.0	1.0
SPIKE	S75:G>A	17	165553	1.0268615E-4	52.424488	40.0	TRUE	G	6.164607E-5	103.0	0.005688411	0.9965538	164.44026	0.09965124	0.012919456	56.0	0.0
SPIKE	S75:G>T	1	165553	6.0403618E-6	4.2596874	40.0	TRUE	G	2.913296E-5	46.0	0.0050669927	0.9983699	33.725098	0.10538286	0.009245578	56.0	0.0
SPIKE	S75:G>C	0	165553	0.0	-1.0	0.0	TRUE	G	3.6306476E-5	0.0	0.004592224	0.9979689	69.74268	0.08658077	0.008738268	56.0	1.0
SPIKE	S76:T>G	1	165553	6.0403618E-6	-1.0	40.0	TRUE	T	1.4389763E-5	34.0	0.002617168	0.9991945	112.120346	0.07025058	0.008512014	56.0	0.0
SPIKE	S76:T>C	6	165553	3.624217E-5	13.113299	40.0	TRUE	T	1.280185E-4	181.0	0.005200978	0.9928566	119.86847	0.117705256	0.0135839805	56.0	0.0
SPIKE	S76:T>A	0	165553	0.0	-1.0	0.0	TRUE	T	1.765271E-5	4.0	0.0077024563	0.99901193	17.145172	0.17177688	0.007352267	56.0	1.0
SPIKE	S77:T>C	1	165553	6.0403618E-6	-1.0	40.0	TRUE	T	1.9803965E-5	28.0	0.005200978	0.9988916	119.86847	0.117705256	0.0135839805	56.0	0.0
SPIKE	S77:T>A	0	165553	0.0	-1.0	0.0	TRUE	T	1.765271E-5	0.0	0.0077024563	0.99901193	17.145172	0.17177688	0.007352267	56.0	1.0
SPIKE	S77:T>G	0	165553	0.0	-1.0	0.0	TRUE	T	4.7452508E-5	4.0	0.002617168	0.99734616	112.120346	0.07025058	0.008512014	56.0	1.0
SPIKE	S78:T>A	0	165553	0.0	-1.0	0.0	TRUE	T	1.765271E-5	0.0	0.0077024563	0.99901193	17.145172	0.17177688	0.007352267	56.0	1.0
SPIKE	S78:T>G	0	165553	0.0	-1.0	0.0	TRUE	T	2.4970472E-5	59.0	0.002617168	0.9986026	112.120346	0.07025058	0.008512014	56.0	0.0
SPIKE	S78:T>C	0	165553	0.0	-1.0	0.0	TRUE	T	8.478111E-5	5.0	0.005200978	0.9952635	119.86847	0.117705256	0.0135839805	56.0	1.0
SPIKE	S79:G>A	8	165553	4.8322894E-5	25.331787	40.0	TRUE	G	4.8478945E-5	81.0	0.005688411	0.9972889	164.44026	0.09965124	0.012919456	56.0	0.0
SPIKE	S79:G>C	0	165553	0.0	-1.0	0.0	TRUE	G	2.759061E-5	53.0	0.004592224	0.9984561	69.74268	0.08658077	0.008738268	56.0	0.0
SPIKE	S79:G>T	0	165553	0.0	-1.0	0.0	TRUE	G	2.1358956E-5	5.0	0.0050669927	0.9988046	33.725098	0.10538286	0.009245578	56.0	1.0
SPIKE	S80:C>G	1	165553	6.0403618E-6	4.2596874	40.0	TRUE	C	2.8732142E-5	56.0	0.005249005	0.9983923	69.74268	0.085389145	0.008517877	56.0	0.0
SPIKE	S80:C>A	19	165553	1.1476687E-4	58.445087	40.0	TRUE	C	4.953091E-5	6.0	0.010478863	0.9972301	33.725098	0.24571691	0.015025104	56.0	1.0
SPIKE	S80:C>T	26	165553	1.570494E-4	59.339897	40.0	TRUE	C	1.6292997E-4	290.0	0.0044669653	0.99091744	164.44026	0.09342957	0.012021707	56.0	0.0
SPIKE	S81:G>A	15	165553	9.060543E-5	46.403885	40.0	TRUE	G	5.206998E-5	87.0	0.005688411	0.9970883	164.44026	0.09965124	0.012919456	56.0	0.0
SPIKE	S81:G>T	1	165553	6.0403618E-6	-1.0	40.0	TRUE	G	6.966577E-6	11.0	0.0050669927	0.99960995	33.725098	0.10538286	0.009245578	56.0	0.0
SPIKE	S81:G>C	0	165553	0.0	-1.0	0.0	TRUE	G	3.6306476E-5	0.0	0.004592224	0.9979689	69.74268	0.08658077	0.008738268	56.0	1.0
SPIKE	S82:G>A	21	165553	1.2684759E-4	45.93784	40.0	TRUE	G	1.6219499E-4	271.0	0.005688411	0.9909582	164.44026	0.09965124	0.012919456	56.0	0.0
SPIKE	S82:G>C	0	165553	0.0	-1.0	0.0	TRUE	G	2.6028876E-5	50.0	0.004592224	0.99854344	69.74268	0.08658077	0.008738268	56.0	0.0
SPIKE	S82:G>T	0	165553	0.0	-1.0	0.0	TRUE	G	2.1358956E-5	5.0	0.0050669927	0.9988046	33.725098	0.10538286	0.009245578	56.0	1.0
SPIKE	S83:C>G	1	165553	6.0403618E-6	-1.0	40.0	TRUE	C	2.5140625E-5	49.0	0.005249005	0.9985931	69.74268	0.085389145	0.008517877	56.0	0.0
SPIKE	S83:C>A	24	165553	1.4496868E-4	73.49659	40.0	TRUE	C	4.953091E-5	2.0	0.010478863	0.9972301	33.725098	0.24571691	0.015025104	56.0	1.0
SPIKE	S83:C>T	18	165553	1.0872651E-4	45.363	40.0	TRUE	C	8.3150466E-5	148.0	0.0044669653	0.9953544	164.44026	0.09342957	0.012021707	56.0	0.0
SPIKE	S84:G>A	12	165553	7.248434E-5	37.372986	40.0	TRUE	G	7.241916E-5	121.0	0.005688411	0.9959527	164.44026	0.09965124	0.012919456	56.0	0.0
SPIKE	S84:G>T	4	165553	2.4161447E-5	-1.0	40.0	TRUE	G	6.3332523E-6	10.0	0.0050669927	0.9996454	33.725098	0.10538286	0.009245578	56.0	0.0
SPIKE	S84:G>C	0	165553	0.0	-1.0	0.0	TRUE	G	3.6306476E-5	0.0	0.004592224	0.9979689	69.74268	0.08658077	0.008738268	56.0	1.0
SPIKE	S85:A>G	1	165553	6.0403618E-6	-1.0	40.0	TRUE	A	8.243179E-6	13.0	0.005046848	0.9995385	119.86847	0.1055081	0.011438541	56.0	0.0
SPIKE	S85:A>C	0	165553	0.0	-1.0	0.0	TRUE	A	9.8118115E-5	0.0	0.0038420095	0.9945204	112.120346	0.14543656	0.05394288	56.0	1.0
SPIKE	S85:A>T	0	165553	0.0	-1.0	0.0	TRUE	A	6.298018E-5	52.0	0.0077836867	0.99647933	17.145172	0.20208369	0.010079056	56.0	0.0
SPIKE	S86:T>A	0	165553	0.0	-1.0	0.0	TRUE	T	1.765271E-5	2.0	0.0077024563	0.99901193	17.145172	0.17177688	0.007352267	56.0	1.0
SPIKE	S86:T>G	0	165553	0.0	-1.0	0.0	TRUE	T	4.7452508E-5	8.0	0.002617168	0.99734616	112.120346	0.07025058	0.008512014	56.0	1.0
SPIKE	S86:T>C	0	165553	0.0	-1.0	0.0	TRUE	T	4.385164E-5	62.0	0.005200978	0.9975473	119.86847	0.117705256	0.0135839805	56.0	0.0
SPIKE	S87:T>A	0	165553	0.0	-1.0	0.0	TRUE	T	1.765271E-5	2.0	0.0077024563	0.99901193	17.145172	0.17177688	0.007352267	56.0	1.0
SPIKE	S87:T>G	0	165553	0.0	-1.0	0.0	TRUE	T	4.2322836E-6	10.0	0.002617168	0.999763	112.120346	0.07025058	0.008512014	56.0	0.0
SPIKE	S87:T>C	0	165553	0.0	-1.0	0.0	TRUE	T	2.4047673E-5	34.0	0.005200978	0.99865425	119.86847	0.117705256	0.0135839805	56.0	0.0
SPIKE	S88:T>C	1	165553	6.0403618E-6	-1.0	31.0	TRUE	T	1.6974827E-5	24.0	0.005200978	0.99904984	119.86847	0.117705256	0.0135839805	56.0	0.0
SPIKE	S88:T>A	0	165553	0.0	-1.0	0.0	TRUE	T	1.765271E-5	5.0	0.0077024563	0.99901193	17.145172	0.17177688	0.007352267	56.0	1.0
SPIKE	S88:T>G	0	165553	0.0	-1.0	0.0	TRUE	T	4.7452508E-5	0.0	0.002617168	0.99734616	112.120346	0.07025058	0.008512014	56.0	1.0
SPIKE	S89:A>G	4	165553	2.4161447E-5	-1.0	40.0	TRUE	A	8.243179E-6	13.0	0.005046848	0.9995385	119.86847	0.1055081	0.011438541	56.0	0.0
SPIKE	S89:A>C	0	165553	0.0	-1.0	0.0	TRUE	A	9.8118115E-5	0.0	0.0038420095	0.9945204	112.120346	0.14543656	0.05394288	56.0	1.0
SPIKE	S89:A>T	0	165553	0.0	-1.0	0.0	TRUE	A	2.0765501E-5	5.0	0.0077836867	0.9988378	17.145172	0.20208369	0.010079056	56.0	1.0
SPIKE	S90:T>C	1	165553	6.0403618E-6	-1.0	40.0	TRUE	T	1.8389397E-5	26.0	0.005200978	0.99897075	119.86847	0.117705256	0.0135839805	56.0	0.0
SPIKE	S90:T>A	0	165553	0.0	-1.0	0.0	TRUE	T	1.765271E-5	1.0	0.0077024563	0.99901193	17.145172	0.17177688	0.007352267	56.0	1.0
SPIKE	S90:T>G	0	165553	0.0	-1.0	0.0	TRUE	T	4.7452508E-5	2.0	0.002617168	0.99734616	112.120346	0.07025058	0.008512014	56.0	1.0
SPIKE	S91:C>A	157	165553	9.483368E-4	478.6377	39.770702	TRUE	C	4.953091E-5	4.0	0.010478863	0.9972301	33.725098	0.24571691	0.015025104	56.0	1.0
SPIKE	S91:C>T	13	165553	7.85247E-5	40.383286	39.53846	TRUE	C	4.3260716E-5	77.0	0.0044669653	0.99758035	164.44026	0.09342957	0.012021707	56.0	0.0
SPIKE	S91:C>G	0	165553	0.0	-1.0	0.0	TRUE	C	3.5783156E-5	0.0	0.005249005	0.9979982	69.74268	0.085389145	0.008517877	56.0	1.0
SPIKE	S92:G>A	39	165553	2.355741E-4	118.651085	39.846153	TRUE	G	6.643411E-5	111.0	0.005688411	0.99628663	164.44026	0.09965124	0.012919456	56.0	0.0
SPIKE	S92:G>C	0	165553	0.0	-1.0	0.0	TRUE	G	3.6306476E-5	1.0	0.004592224	0.9979689	69.74268	0.08658077	0.008738268	56.0	1.0
SPIKE	S92:G>T	0	165553	0.0	-1.0	0.0	TRUE	G	2.1358956E-5	1.0	0.0050669927	0.9988046	33.725098	0.10538286	0.009245578	56.0	1.0
SPIKE	S93:T>A	0	165553	0.0	-1.0	0.0	TRUE	T	1.765271E-5	9.0	0.0077024563	0.99901193	17.145172	0.17177688	0.007352267	56.0	1.0
SPIKE	S93:T>G	0	165553	0.0	-1.0	0.0	TRUE	T	4.7452508E-5	8.0	0.002617168	0.99734616	112.120346	0.07025058	0.008512014	56.0	1.0
SPIKE	S93:T>C	0	165553	0.0	-1.0	0.0	TRUE	T	1.7399198E-4	246.0	0.005200978	0.99030375	119.86847	0.117705256	0.0135839805	56.0	0.0
SPIKE	S94:C>G	1	165553	6.0403618E-6	4.2596874	40.0	TRUE	C	3.5783156E-5	0.0	0.005249005	0.9979982	69.74268	0.085389145	0.008517877	56.0	1.0
SPIKE	S94:C>A	161	165553	9.724982E-4	490.6789	39.714287	TRUE	C	4.953091E-5	3.0	0.010478863	0.9972301	33.725098	0.24571691	0.015025104	56.0	1.0
SPIKE	S94:C>T	11	165553	6.644398E-5	34.362686	38.636364	TRUE	C	3.820427E-5	68.0	0.0044669653	0.9978629	164.44026	0.09342957	0.012021707	56.0	0.0
SPIKE	S95:G>A	21	165553	1.2684759E-4	53.79622	39.190475	TRUE	G	8.977582E-5	150.0	0.005688411	0.99498516	164.44026	0.09965124	0.012919456	56.0	0.0
SPIKE	S95:G>C	0	165553	0.0	-1.0	0.0	TRUE	G	3.6306476E-5	1.0	0.004592224	0.9979689	69.74268	0.08658077	0.008738268	56.0	1.0
SPIKE	S95:G>T	0	165553	0.0	-1.0	0.0	TRUE	G	2.1358956E-5	1.0	0.0050669927	0.9988046	33.725098	0.10538286	0.009245578	56.0	1.0
SPIKE	S96:T>C	1	165553	6.0403618E-6	0.57991946	32.0	TRUE	T	1.9096682E-4	270.0	0.005200978	0.98936284	119.86847	0.117705256	0.0135839805	56.0	0.0
SPIKE	S96:T>A	0	165553	0.0	-1.0	0.0	TRUE	T	1.2355229E-5	12.0	0.0077024563	0.99930835	17.145172	0.17177688	0.007352267	56.0	0.0
SPIKE	S96:T>G	0	165553	0.0	-1.0	0.0	TRUE	T	4.7452508E-5	3.0	0.002617168	0.99734616	112.120346	0.07025058	0.008512014	56.0	1.0
SPIKE	S97:C>T	8	165553	4.8322894E-5	-1.0	40.0	TRUE	C	1.8540308E-5	33.0	0.0044669653	0.9989623	164.44026	0.09342957	0.012021707	56.0	0.0
SPIKE	S97:C>A	86	165553	5.194711E-4	264.9064	39.802326	TRUE	C	4.953091E-5	2.0	0.010478863	0.9972301	33.725098	0.24571691	0.015025104	56.0	1.0
SPIKE	S97:C>G	0	165553	0.0	-1.0	0.0	TRUE	C	3.5783156E-5	0.0	0.005249005	0.9979982	69.74268	0.085389145	0.008517877	56.0	1.0
SPIKE	S98:A>G	2	165553	1.20807235E-5	7.269987	40.0	TRUE	A	5.516589E-5	87.0	0.005046848	0.99691546	119.86847	0.1055081	0.011438541	56.0	0.0
SPIKE	S98:A>C	0	165553	0.0	-1.0	0.0	TRUE	A	9.8118115E-5	6.0	0.0038420095	0.9945204	112.120346	0.14543656	0.05394288	56.0	1.0
SPIKE	S98:A>T	0	165553	0.0	-1.0	0.0	TRUE	A	2.0765501E-5	0.0	0.0077836867	0.9988378	17.145172	0.20208369	0.010079056	56.0	1.0
SPIKE	S99:T>A	1	165553	6.0403618E-6	-1.0	40.0	TRUE	T	1.765271E-5	0.0	0.0077024563	0.99901193	17.145172	0.17177688	0.007352267	56.0	1.0
SPIKE	S99:T>G	0	165553	0.0	-1.0	0.0	TRUE	T	4.7452508E-5	4.0	0.002617168	0.99734616	112.120346	0.07025058	0.008512014	56.0	1.0
SPIKE	S99:T>C	0	165553	0.0	-1.0	0.0	TRUE	T	2.2633105E-5	32.0	0.005200978	0.99873334	119.86847	0.117705256	0.0135839805	56.0	0.0
SPIKE	S100:C>T	9	165553	5.4363256E-5	28.342087	39.77778	TRUE	C	7.022844E-5	125.0	0.0044669653	0.9960749	164.44026	0.09342957	0.012021707	56.0	0.0
SPIKE	S100:C>A	69	165553	4.1678495E-4	213.7313	39.739132	TRUE	C	4.953091E-5	2.0	0.010478863	0.9972301	33.725098	0.24571691	0.015025104	56.0	1.0
SPIKE	S100:C>G	0	165553	0.0	-1.0	0.0	TRUE	C	3.5783156E-5	0.0	0.005249005	0.9979982	69.74268	0.085389145	0.008517877	56.0	1.0
SPIKE	S101:G>A	26	165553	1.570494E-4	79.51719	39.615383	TRUE	G	5.2668485E-5	88.0	0.005688411	0.99705493	164.44026	0.09965124	0.012919456	56.0	0.0
SPIKE	S101:G>C	0	165553	0.0	-1.0	0.0	TRUE	G	3.6306476E-5	1.0	0.004592224	0.9979689	69.74268	0.08658077	0.008738268	56.0	1.0
SPIKE	S101:G>T	0	165553	0.0	-1.0	0.0	TRUE	G	2.1358956E-5	3.0	0.0050669927	0.9988046	33.725098	0.10538286	0.009245578	56.0	1.0
SPIKE	S102:T>A	0	165553	0.0	-1.0	0.0	TRUE	T	1.765271E-5	0.0	0.0077024563	0.99901193	17.145172	0.17177688	0.007352267	56.0	1.0
SPIKE	S102:T>G	0	165553	0.0	-1.0	0.0	TRUE	T	4.7452508E-5	4.0	0.002617168	0.99734616	112.120346	0.07025058	0.008512014	56.0	1.0
SPIKE	S102:T>C	0	165553	0.0	-1.0	0.0	TRUE	T	6.577746E-5	93.0	0.005200978	0.9963232	119.86847	0.117705256	0.0135839805	56.0	0.0
SPIKE	S103:G>C	1	165553	6.0403618E-6	4.2596874	40.0	TRUE	G	3.6306476E-5	0.0	0.004592224	0.9979689	69.74268	0.08658077	0.008738268	56.0	1.0
SPIKE	S103:G>A	15	165553	9.060543E-5	46.403885	40.0	TRUE	G	2.7531252E-5	46.0	0.005688411	0.99845946	164.44026	0.09965124	0.012919456	56.0	0.0
SPIKE	S103:G>T	0	165553	0.0	-1.0	0.0	TRUE	G	2.1358956E-5	5.0	0.0050669927	0.9988046	33.725098	0.10538286	0.009245578	56.0	1.0
SPIKE	S104:G>C	1	165553	6.0403618E-6	4.2596874	38.0	TRUE	G	3.6306476E-5	1.0	0.004592224	0.9979689	69.74268	0.08658077	0.008738268	56.0	1.0
SPIKE	S104:G>A	9	165553	5.4363256E-5	20.808811	39.11111	TRUE	G	1.3226972E-4	221.0	0.005688411	0.9926203	164.44026	0.09965124	0.012919456	56.0	0.0
SPIKE	S104:G>T	0	165553	0.0	-1.0	0.0	TRUE	G	2.1358956E-5	3.0	0.0050669927	0.9988046	33.725098	0.10538286	0.009245578	56.0	1.0
SPIKE	S105:C>T	33	165553	1.9933193E-4	70.57339	39.727272	TRUE	C	2.2866379E-4	407.0	0.0044669653	0.9872765	164.44026	0.09342957	0.012021707	56.0	0.0
SPIKE	S105:C>A	28	165553	1.6913013E-4	85.53779	39.42857	TRUE	C	4.953091E-5	4.0	0.010478863	0.9972301	33.725098	0.24571691	0.015025104	56.0	1.0
SPIKE	S105:C>G	0	165553	0.0	-1.0	0.0	TRUE	C	3.5783156E-5	1.0	0.005249005	0.9979982	69.74268	0.085389145	0.008517877	56.0	1.0
SPIKE	S106:G>A	15	165553	9.060543E-5	46.403885	39.2	TRUE	G	6.52371E-5	109.0	0.005688411	0.9963534	164.44026	0.09965124	0.012919456	56.0	0.0
SPIKE	S106:G>C	0	165553	0.0	-1.0	0.0	TRUE	G	3.6306476E-5	1.0	0.004592224	0.9979689	69.74268	0.08658077	0.008738268	56.0	1.0
SPIKE	S106:G>T	0	165553	0.0	-1.0	0.0	TRUE	G	2.1358956E-5	8.0	0.0050669927	0.9988046	33.725098	0.10538286	0.009245578	56.0	1.0
SPIKE	S107:G>A	11	165553	6.644398E-5	16.357807	39.909092	TRUE	G	2.2144703E-4	370.0	0.005688411	0.98767555	164.44026	0.09965124	0.012919456	56.0	0.0
SPIKE	S107:G>C	0	165553	0.0	-1.0	0.0	TRUE	G	3.6306476E-5	2.0	0.004592224	0.9979689	69.74268	0.08658077	0.008738268	56.0	1.0
SPIKE	S107:G>T	0	165553	0.0	-1.0	0.0	TRUE	G	2.1358956E-5	2.0	0.0050669927	0.9988046	33.725098	0.10538286	0.009245578	56.0	1.0
SPIKE	S108:C>T	17	165553	1.0268615E-4	29.928427	39.64706	TRUE	C	1.9551597E-4	348.0	0.0044669653	0.9891108	164.44026	0.09342957	0.012021707	56.0	0.0
SPIKE	S108:C>A	13	165553	7.85247E-5	40.383286	39.76923	TRUE	C	4.953091E-5	1.0	0.010478863	0.9972301	33.725098	0.24571691	0.015025104	56.0	1.0
SPIKE	S108:C>G	0	165553	0.0	-1.0	0.0	TRUE	C	3.5783156E-5	0.0	0.005249005	0.9979982	69.74268	0.085389145	0.008517877	56.0	1.0
SPIKE	S109:A>T	1	165553	6.0403618E-6	-1.0	40.0	TRUE	A	2.0765501E-5	1.0	0.0077836867	0.9988378	17.145172	0.20208369	0.010079056	56.0	1.0
SPIKE	S109:A>G	8	165553	4.8322894E-5	-1.0	39.375	TRUE	A	2.0290901E-5	32.0	0.005046848	0.99886435	119.86847	0.1055081	0.011438541	56.0	0.0
SPIKE	S109:A>C	0	165553	0.0	-1.0	0.0	TRUE	A	9.8118115E-5	0.0	0.0038420095	0.9945204	112.120346	0.14543656	0.05394288	56.0	1.0
SPIKE	S110:G>A	9	165553	5.4363256E-5	20.808811	39.11111	TRUE	G	1.07730986E-4	180.0	0.005688411	0.99398524	164.44026	0.09965124	0.012919456	56.0	0.0
SPIKE	S110:G>C	0	165553	0.0	-1.0	0.0	TRUE	G	3.6306476E-5	0.0	0.004592224	0.9979689	69.74268	0.08658077	0.008738268	56.0	1.0
SPIKE	S110:G>T	0	165553	0.0	-1.0	0.0	TRUE	G	2.1358956E-5	1.0	0.0050669927	0.9988046	33.725098	0.10538286	0.009245578	56.0	1.0
SPIKE	S111:C>T	21	165553	1.2684759E-4	45.93784	38.761906	TRUE	C	1.3708591E-4	244.0	0.0044669653	0.9923526	164.44026	0.09342957	0.012021707	56.0	0.0
SPIKE	S111:C>A	12	165553	7.248434E-5	37.372986	39.833332	TRUE	C	4.953091E-5	1.0	0.010478863	0.9972301	33.725098	0.24571691	0.015025104	56.0	1.0
SPIKE	S111:C>G	0	165553	0.0	-1.0	0.0	TRUE	C	3.5783156E-5	0.0	0.005249005	0.9979982	69.74268	0.085389145	0.008517877	56.0	1.0
SPIKE	S112:G>C	1	165553	6.0403618E-6	4.2596874	40.0	TRUE	G	3.6306476E-5	0.0	0.004592224	0.9979689	69.74268	0.08658077	0.008738268	56.0	1.0
SPIKE	S112:G>A	13	165553	7.85247E-5	40.383286	39.846153	TRUE	G	3.8902857E-5	65.0	0.005688411	0.99782383	164.44026	0.09965124	0.012919456	56.0	0.0
SPIKE	S112:G>T	0	165553	0.0	-1.0	0.0	TRUE	G	2.1358956E-5	0.0	0.0050669927	0.9988046	33.725098	0.10538286	0.009245578	56.0	1.0
SPIKE	S113:T>A	0	165553	0.0	-1.0	0.0	TRUE	T	1.765271E-5	0.0	0.0077024563	0.99901193	17.145172	0.17177688	0.007352267	56.0	1.0
SPIKE	S113:T>G	0	165553	0.0	-1.0	0.0	TRUE	T	4.7452508E-5	9.0	0.002617168	0.99734616	112.120346	0.07025058	0.008512014	56.0	1.0
SPIKE	S113:T>C	0	165553	0.0	-1.0	0.0	TRUE	T	1.4357876E-4	203.0	0.005200978	0.9919918	119.86847	0.117705256	0.0135839805	56.0	0.0
SPIKE	S114:G>A	9	165553	5.4363256E-5	28.342087	40.0	TRUE	G	3.6508834E-5	61.0	0.005688411	0.9979576	164.44026	0.09965124	0.012919456	56.0	0.0
SPIKE	S114:G>C	0	165553	0.0	-1.0	0.0	TRUE	G	3.6306476E-5	0.0	0.004592224	0.9979689	69.74268	0.08658077	0.008738268	56.0	1.0
SPIKE	S114:G>T	0	165553	0.0	-1.0	0.0	TRUE	G	2.1358956E-5	2.0	0.0050669927	0.9988046	33.725098	0.10538286	0.009245578	56.0	1.0
SPIKE	S115:A>G	8	165553	4.8322894E-5	13.595069	39.375	TRUE	A	1.4393858E-4	227.0	0.005046848	0.99197185	119.86847	0.1055081	0.011438541	56.0	0.0
SPIKE	S115:A>C	0	165553	0.0	-1.0	0.0	TRUE	A	9.8118115E-5	2.0	0.0038420095	0.9945204	112.120346	0.14543656	0.05394288	56.0	1.0
SPIKE	S115:A>T	0	165553	0.0	-1.0	0.0	TRUE	A	2.0765501E-5	0.0	0.0077836867	0.9988378	17.145172	0.20208369	0.010079056	56.0	1.0
SPIKE	S116:C>T	5	165553	3.0201809E-5	-1.0	40.0	TRUE	C	1.573117E-5	28.0	0.0044669653	0.99911946	164.44026	0.09342957	0.012021707	56.0	0.0
SPIKE	S116:C>A	3	165553	1.8121085E-5	10.280287	39.333332	TRUE	C	4.953091E-5	0.0	0.010478863	0.9972301	33.725098	0.24571691	0.015025104	56.0	1.0
SPIKE	S116:C>G	0	165553	0.0	-1.0	0.0	TRUE	C	3.5783156E-5	0.0	0.005249005	0.9979982	69.74268	0.085389145	0.008517877	56.0	1.0
SPIKE	S117:C>T	6	165553	3.624217E-5	19.311188	38.5	TRUE	C	3.0338684E-5	54.0	0.0044669653	0.99830246	164.44026	0.09342957	0.012021707	56.0	0.0
SPIKE	S117:C>A	41	165553	2.4765483E-4	124.671684	39.80488	TRUE	C	4.953091E-5	8.0	0.010478863	0.9972301	33.725098	0.24571691	0.015025104	56.0	1.0
SPIKE	S117:C>G	0	165553	0.0	-1.0	0.0	TRUE	C	3.5783156E-5	0.0	0.005249005	0.9979982	69.74268	0.085389145	0.008517877	56.0	1.0
SPIKE	S118:T>C	1	165553	6.0403618E-6	2.0412	34.0	TRUE	T	1.12458234E-4	159.0	0.005200978	0.99372214	119.86847	0.117705256	0.0135839805	56.0	0.0
SPIKE	S118:T>A	0	165553	0.0	-1.0	0.0	TRUE	T	5.456893E-5	53.0	0.0077024563	0.9969488	17.145172	0.17177688	0.007352267	56.0	0.0
SPIKE	S118:T>G	0	165553	0.0	-1.0	0.0	TRUE	T	4.7452508E-5	9.0	0.002617168	0.99734616	112.120346	0.07025058	0.008512014	56.0	1.0
SPIKE	S119:A>C	1	165553	6.0403618E-6	2.0412	40.0	TRUE	A	9.8118115E-5	2.0	0.0038420095	0.9945204	112.120346	0.14543656	0.05394288	56.0	1.0
SPIKE	S119:A>G	2	165553	1.20807235E-5	7.269987	39.5	TRUE	A	4.502044E-5	71.0	0.005046848	0.997482	119.86847	0.1055081	0.011438541	56.0	0.0
SPIKE	S119:A>T	0	165553	0.0	-1.0	0.0	TRUE	A	2.0765501E-5	3.0	0.0077836867	0.9988378	17.145172	0.20208369	0.010079056	56.0	1.0
SPIKE	S120:T>C	3	165553	1.8121085E-5	10.280287	37.333332	TRUE	T	4.4558925E-5	63.0	0.005200978	0.9975078	119.86847	0.117705256	0.0135839805	56.0	0.0
SPIKE	S120:T>A	0	165553	0.0	-1.0	0.0	TRUE	T	1.765271E-5	0.0	0.0077024563	0.99901193	17.145172	0.17177688	0.007352267	56.0	1.0
SPIKE	S120:T>G	0	165553	0.0	-1.0	0.0	TRUE	T	4.7452508E-5	8.0	0.002617168	0.99734616	112.120346	0.07025058	0.008512014	56.0	1.0
SPIKE	S121:G>A	14	165553	8.4565065E-5	43.393585	39.714287	TRUE	G	2.8129758E-5	47.0	0.005688411	0.99842596	164.44026	0.09965124	0.012919456	56.0	0.0
SPIKE	S121:G>C	0	165553	0.0	-1.0	0.0	TRUE	G	3.6306476E-5	0.0	0.004592224	0.9979689	69.74268	0.08658077	0.008738268	56.0	1.0
SPIKE	S121:G>T	0	165553	0.0	-1.0	0.0	TRUE	G	2.1358956E-5	0.0	0.0050669927	0.9988046	33.725098	0.10538286	0.009245578	56.0	1.0
SPIKE	S122:T>C	1	165553	6.0403618E-6	1.0720997	40.0	TRUE	T	1.7045556E-4	241.0	0.005200978	0.9904999	119.86847	0.117705256	0.0135839805	56.0	0.0
SPIKE	S122:T>A	0	165553	0.0	-1.0	0.0	TRUE	T	1.765271E-5	1.0	0.0077024563	0.99901193	17.145172	0.17177688	0.007352267	56.0	1.0
SPIKE	S122:T>G	0	165553	0.0	-1.0	0.0	TRUE	T	4.7452508E-5	8.0	0.002617168	0.99734616	112.120346	0.07025058	0.008512014	56.0	1.0
SPIKE	S123:G>A	15	165553	9.060543E-5	46.403885	39.133335	TRUE	G	3.4713317E-5	58.0	0.005688411	0.99805796	164.44026	0.09965124	0.012919456	56.0	0.0
SPIKE	S123:G>C	0	165553	0.0	-1.0	0.0	TRUE	G	3.6306476E-5	0.0	0.004592224	0.9979689	69.74268	0.08658077	0.008738268	56.0	1.0
SPIKE	S123:G>T	0	165553	0.0	-1.0	0.0	TRUE	G	2.1358956E-5	0.0	0.0050669927	0.9988046	33.725098	0.10538286	0.009245578	56.0	1.0
SPIKE	S124:T>A	0	165553	0.0	-1.0	0.0	TRUE	T	1.765271E-5	2.0	0.0077024563	0.99901193	17.145172	0.17177688	0.007352267	56.0	1.0
SPIKE	S124:T>G	0	165553	0.0	-1.0	0.0	TRUE	T	4.7452508E-5	1.0	0.002617168	0.99734616	112.120346	0.07025058	0.008512014	56.0	1.0
SPIKE	S124:T>C	0	165553	0.0	-1.0	0.0	TRUE	T	1.15287374E-4	163.0	0.005200978	0.9935647	119.86847	0.117705256	0.0135839805	56.0	0.0
SPIKE	S125:G>A	15	165553	9.060543E-5	37.025364	39.266666	TRUE	G	1.0533697E-4	176.0	0.005688411	0.9941185	164.44026	0.09965124	0.012919456	56.0	0.0
SPIKE	S125:G>C	0	165553	0.0	-1.0	0.0	TRUE	G	3.6306476E-5	1.0	0.004592224	0.9979689	69.74268	0.08658077	0.008738268	56.0	1.0
SPIKE	S125:G>T	0	165553	0.0	-1.0	0.0	TRUE	G	2.1358956E-5	1.0	0.0050669927	0.9988046	33.725098	0.10538286	0.009245578	56.0	1.0
SPIKE	S126:C>T	16	165553	9.664579E-5	32.922462	39.0	TRUE	C	1.5731169E-4	280.0	0.0044669653	0.99122924	164.44026	0.09342957	0.012021707	56.0	0.0
SPIKE	S126:C>A	26	165553	1.570494E-4	79.51719	38.96154	TRUE	C	4.953091E-5	2.0	0.010478863	0.9972301	33.725098	0.24571691	0.015025104	56.0	1.0
SPIKE	S126:C>G	0	165553	0.0	-1.0	0.0	TRUE	C	3.5783156E-5	7.0	0.005249005	0.9979982	69.74268	0.085389145	0.008517877	56.0	1.0
SPIKE	S127:G>T	2	165553	1.20807235E-5	-1.0	39.5	TRUE	G	2.1358956E-5	3.0	0.0050669927	0.9988046	33.725098	0.10538286	0.009245578	56.0	1.0
SPIKE	S127:G>A	20	165553	1.20807235E-4	61.455387	39.05	TRUE	G	4.129688E-5	69.0	0.005688411	0.99769	164.44026	0.09965124	0.012919456	56.0	0.0
SPIKE	S127:G>C	0	165553	0.0	-1.0	0.0	TRUE	G	3.6306476E-5	6.0	0.004592224	0.9979689	69.74268	0.08658077	0.008738268	56.0	1.0
SPIKE	S128:G>A	13	165553	7.85247E-5	25.388708	38.23077	TRUE	G	1.4962637E-4	250.0	0.005688411	0.99165595	164.44026	0.09965124	0.012919456	56.0	0.0
SPIKE	S128:G>C	0	165553	0.0	-1.0	0.0	TRUE	G	3.6306476E-5	0.0	0.004592224	0.9979689	69.74268	0.08658077	0.008738268	56.0	1.0
SPIKE	S128:G>T	0	165553	0.0	-1.0	0.0	TRUE	G	2.1358956E-5	3.0	0.0050669927	0.9988046	33.725098	0.10538286	0.009245578	56.0	1.0
SPIKE	S129:C>A	19	165553	1.1476687E-4	58.445087	38.94737	TRUE	C	4.953091E-5	4.0	0.010478863	0.9972301	33.725098	0.24571691	0.015025104	56.0	1.0
SPIKE	S129:C>T	14	165553	8.4565065E-5	27.870962	37.5	TRUE	C	1.5169343E-4	270.0	0.0044669653	0.99154115	164.44026	0.09342957	0.012021707	56.0	0.0
SPIKE	S129:C>G	0	165553	0.0	-1.0	0.0	TRUE	C	3.5783156E-5	8.0	0.005249005	0.9979982	69.74268	0.085389145	0.008517877	56.0	1.0
SPIKE	D130-133:GGC>	1	165553	6.0403618E-6	-1.0	39.383835	TRUE		NaN	NaN	NaN	NaN	NaN	NaN	NaN	NaN	NaN
SPIKE	S130:G>A	9	165553	5.4363256E-5	28.342087	39.333332	TRUE	G	5.8055033E-5	97.0	0.005688411	0.99675417	164.44026	0.09965124	0.012919456	56.0	0.0
SPIKE	S130:G>T	2	165553	1.20807235E-5	-1.0	37.0	TRUE	G	2.1358956E-5	1.0	0.0050669927	0.9988046	33.725098	0.10538286	0.009245578	56.0	1.0
SPIKE	S130:G>C	0	165553	0.0	-1.0	0.0	TRUE	G	3.6306476E-5	7.0	0.004592224	0.9979689	69.74268	0.08658077	0.008738268	56.0	1.0
SPIKE	S131:G>A	17	165553	1.0268615E-4	29.928427	39.117645	TRUE	G	2.2384105E-4	374.0	0.005688411	0.98754317	164.44026	0.09965124	0.012919456	56.0	0.0
SPIKE	S131:G>C	0	165553	0.0	-1.0	0.0	TRUE	G	3.6306476E-5	1.0	0.004592224	0.9979689	69.74268	0.08658077	0.008738268	56.0	1.0
SPIKE	S131:G>T	0	165553	0.0	-1.0	0.0	TRUE	G	2.1358956E-5	3.0	0.0050669927	0.9988046	33.725098	0.10538286	0.009245578	56.0	1.0
SPIKE	S132:C>A	13	165553	7.85247E-5	40.383286	39.53846	TRUE	C	4.953091E-5	0.0	0.010478863	0.9972301	33.725098	0.24571691	0.015025104	56.0	1.0
SPIKE	S132:C>T	22	165553	1.3288796E-4	48.59232	35.590908	TRUE	C	1.5562621E-4	277.0	0.0044669653	0.9913228	164.44026	0.09342957	0.012021707	56.0	0.0
SPIKE	S132:C>G	0	165553	0.0	-1.0	0.0	TRUE	C	3.5783156E-5	6.0	0.005249005	0.9979982	69.74268	0.085389145	0.008517877	56.0	1.0
SPIKE	S133:A>G	0	165553	0.0	-1.0	0.0	TRUE	A	7.600748E-5	4.0	0.005046848	0.99575263	119.86847	0.1055081	0.011438541	56.0	1.0
SPIKE	S133:A>C	0	165553	0.0	-1.0	0.0	TRUE	A	1.2251599E-5	14.0	0.0038420095	0.9993141	112.120346	0.14543656	0.05394288	56.0	0.0
SPIKE	S133:A>T	0	165553	0.0	-1.0	0.0	TRUE	A	2.0765501E-5	0.0	0.0077836867	0.9988378	17.145172	0.20208369	0.010079056	56.0	1.0
SPIKE	S134:G>A	0	165553	0.0	-1.0	0.0	TRUE	G	1.4962637E-4	250.0	0.005688411	0.99165595	164.44026	0.09965124	0.012919456	56.0	0.0
SPIKE	S134:G>C	0	165553	0.0	-1.0	0.0	TRUE	G	6.767508E-6	13.0	0.004592224	0.9996211	69.74268	0.08658077	0.008738268	56.0	0.0
SPIKE	S134:G>T	0	165553	0.0	-1.0	0.0	TRUE	G	2.1358956E-5	8.0	0.0050669927	0.9988046	33.725098	0.10538286	0.009245578	56.0	1.0
SPIKE	S135:C>A	0	165553	0.0	-1.0	0.0	TRUE	C	4.953091E-5	4.0	0.010478863	0.9972301	33.725098	0.24571691	0.015025104	56.0	1.0
SPIKE	S135:C>G	0	165553	0.0	-1.0	0.0	TRUE	C	6.1568876E-6	12.0	0.005249005	0.99965525	69.74268	0.085389145	0.008517877	56.0	0.0
SPIKE	S135:C>T	0	165553	0.0	-1.0	0.0	TRUE	C	5.4497265E-5	97.0	0.0044669653	0.99695283	164.44026	0.09342957	0.012021707	56.0	0.0
SPIKE	S136:C>A	0	165553	0.0	-1.0	0.0	TRUE	C	4.953091E-5	8.0	0.010478863	0.9972301	33.725098	0.24571691	0.015025104	56.0	1.0
SPIKE	S136:C>G	0	165553	0.0	-1.0	0.0	TRUE	C	3.5783156E-5	6.0	0.005249005	0.9979982	69.74268	0.085389145	0.008517877	56.0	1.0
SPIKE	S136:C>T	0	165553	0.0	-1.0	0.0	TRUE	C	5.3935437E-5	96.0	0.0044669653	0.9969842	164.44026	0.09342957	0.012021707	56.0	0.0
SPIKE	S137:T>A	0	165553	0.0	-1.0	0.0	TRUE	T	1.765271E-5	8.0	0.0077024563	0.99901193	17.145172	0.17177688	0.007352267	56.0	1.0
SPIKE	S137:T>G	0	165553	0.0	-1.0	0.0	TRUE	T	1.8622046E-5	44.0	0.002617168	0.9989577	112.120346	0.07025058	0.008512014	56.0	0.0
SPIKE	S137:T>C	0	165553	0.0	-1.0	0.0	TRUE	T	7.072845E-6	10.0	0.005200978	0.999604	119.86847	0.117705256	0.0135839805	56.0	0.0
SPIKE	S138:G>A	0	165553	0.0	-1.0	0.0	TRUE	G	8.857881E-5	148.0	0.005688411	0.99505186	164.44026	0.09965124	0.012919456	56.0	0.0
SPIKE	S138:G>C	0	165553	0.0	-1.0	0.0	TRUE	G	3.6306476E-5	2.0	0.004592224	0.9979689	69.74268	0.08658077	0.008738268	56.0	1.0
SPIKE	S138:G>T	0	165553	0.0	-1.0	0.0	TRUE	G	2.1533056E-5	34.0	0.0050669927	0.99879485	33.725098	0.10538286	0.009245578	56.0	0.0
SPIKE	S139:A>G	0	165553	0.0	-1.0	0.0	TRUE	A	2.0290901E-5	32.0	0.005046848	0.99886435	119.86847	0.1055081	0.011438541	56.0	0.0
SPIKE	S139:A>C	0	165553	0.0	-1.0	0.0	TRUE	A	9.8118115E-5	1.0	0.0038420095	0.9945204	112.120346	0.14543656	0.05394288	56.0	1.0
SPIKE	S139:A>T	0	165553	0.0	-1.0	0.0	TRUE	A	2.5070956E-4	207.0	0.0077836867	0.98605835	17.145172	0.20208369	0.010079056	56.0	0.0
SPIKE	S140:T>A	0	165553	0.0	-1.0	0.0	TRUE	T	5.456893E-5	53.0	0.0077024563	0.9969488	17.145172	0.17177688	0.007352267	56.0	0.0
SPIKE	S140:T>G	0	165553	0.0	-1.0	0.0	TRUE	T	9.311023E-6	22.0	0.002617168	0.9994787	112.120346	0.07025058	0.008512014	56.0	0.0
SPIKE	S140:T>C	0	165553	0.0	-1.0	0.0	TRUE	T	8.478111E-5	9.0	0.005200978	0.9952635	119.86847	0.117705256	0.0135839805	56.0	1.0
SPIKE	S141:T>A	0	165553	0.0	-1.0	0.0	TRUE	T	4.27285E-4	415.0	0.0077024563	0.976356	17.145172	0.17177688	0.007352267	56.0	0.0
SPIKE	S141:T>G	0	165553	0.0	-1.0	0.0	TRUE	T	1.6505905E-5	39.0	0.002617168	0.99907607	112.120346	0.07025058	0.008512014	56.0	0.0
SPIKE	S141:T>C	0	165553	0.0	-1.0	0.0	TRUE	T	1.4852974E-5	21.0	0.005200978	0.9991686	119.86847	0.117705256	0.0135839805	56.0	0.0
SPIKE	S142:A>G	0	165553	0.0	-1.0	0.0	TRUE	A	3.9757486E-4	627.0	0.005046848	0.9779818	119.86847	0.1055081	0.011438541	56.0	0.0
SPIKE	S142:A>C	0	165553	0.0	-1.0	0.0	TRUE	A	6.1258E-5	70.0	0.0038420095	0.9965754	112.120346	0.14543656	0.05394288	56.0	0.0
SPIKE	S142:A>T	0	165553	0.0	-1.0	0.0	TRUE	A	9.08368E-5	75.0	0.0077836867	0.99492604	17.145172	0.20208369	0.010079056	56.0	0.0
SPIKE	S143:G>A	0	165553	0.0	-1.0	0.0	TRUE	G	8.857881E-5	148.0	0.005688411	0.99505186	164.44026	0.09965124	0.012919456	56.0	0.0
SPIKE	S143:G>C	0	165553	0.0	-1.0	0.0	TRUE	G	5.210981E-4	1001.0	0.004592224	0.97124016	69.74268	0.08658077	0.008738268	56.0	0.0
SPIKE	S143:G>T	0	165553	0.0	-1.0	0.0	TRUE	G	7.5999023E-6	12.0	0.0050669927	0.9995745	33.725098	0.10538286	0.009245578	56.0	0.0
SPIKE	S144:C>A	0	165553	0.0	-1.0	0.0	TRUE	C	4.953091E-5	3.0	0.010478863	0.9972301	33.725098	0.24571691	0.015025104	56.0	1.0
SPIKE	S144:C>G	0	165553	0.0	-1.0	0.0	TRUE	C	7.234343E-5	141.0	0.005249005	0.99595696	69.74268	0.085389145	0.008517877	56.0	0.0
SPIKE	S144:C>T	0	165553	0.0	-1.0	0.0	TRUE	C	5.786823E-5	103.0	0.0044669653	0.9967646	164.44026	0.09342957	0.012021707	56.0	0.0
SPIKE	S145:C>A	0	165553	0.0	-1.0	0.0	TRUE	C	4.953091E-5	2.0	0.010478863	0.9972301	33.725098	0.24571691	0.015025104	56.0	1.0
SPIKE	S145:C>G	0	165553	0.0	-1.0	0.0	TRUE	C	4.5663583E-5	89.0	0.005249005	0.9974461	69.74268	0.085389145	0.008517877	56.0	0.0
SPIKE	S145:C>T	0	165553	0.0	-1.0	0.0	TRUE	C	5.6744575E-5	101.0	0.0044669653	0.99682736	164.44026	0.09342957	0.012021707	56.0	0.0
SPIKE	S146:C>A	0	165553	0.0	-1.0	0.0	TRUE	C	4.953091E-5	1.0	0.010478863	0.9972301	33.725098	0.24571691	0.015025104	56.0	1.0
SPIKE	S146:C>G	0	165553	0.0	-1.0	0.0	TRUE	C	7.829509E-4	1526.0	0.005249005	0.95710206	69.74268	0.085389145	0.008517877	56.0	0.0
SPIKE	S146:C>T	0	165553	0.0	-1.0	0.0	TRUE	C	9.0454225E-5	161.0	0.0044669653	0.9949474	164.44026	0.09342957	0.012021707	56.0	0.0
SPIKE	S147:G>A	0	165553	0.0	-1.0	0.0	TRUE	G	2.394022E-5	40.0	0.005688411	0.99866027	164.44026	0.09965124	0.012919456	56.0	0.0
SPIKE	S147:G>C	0	165553	0.0	-1.0	0.0	TRUE	G	1.4628228E-4	281.0	0.004592224	0.9918417	69.74268	0.08658077	0.008738268	56.0	0.0
SPIKE	S147:G>T	0	165553	0.0	-1.0	0.0	TRUE	G	0.0010627197	1678.0	0.0050669927	0.94222397	33.725098	0.10538286	0.009245578	56.0	0.0
SPIKE	S148:T>A	0	165553	0.0	-1.0	0.0	TRUE	T	1.765271E-5	1.0	0.0077024563	0.99901193	17.145172	0.17177688	0.007352267	56.0	1.0
SPIKE	S148:T>G	0	165553	0.0	-1.0	0.0	TRUE	T	0.0012701083	3001.0	0.002617168	0.93134445	112.120346	0.07025058	0.008512014	56.0	0.0
SPIKE	S148:T>C	0	165553	0.0	-1.0	0.0	TRUE	T	7.567944E-5	107.0	0.005200978	0.99577093	119.86847	0.117705256	0.0135839805	56.0	0.0
SPIKE	S149:G>A	0	165553	0.0	-1.0	0.0	TRUE	G	2.9925275E-5	50.0	0.005688411	0.9983256	164.44026	0.09965124	0.012919456	56.0	0.0
SPIKE	S149:G>C	0	165553	0.0	-1.0	0.0	TRUE	G	9.406836E-4	1807.0	0.004592224	0.94868517	69.74268	0.08658077	0.008738268	56.0	0.0
SPIKE	S149:G>T	0	165553	0.0	-1.0	0.0	TRUE	G	3.2869578E-4	519.0	0.0050669927	0.9817614	33.725098	0.10538286	0.009245578	56.0	0.0
SPIKE	S150:C>A	0	165552	0.0	-1.0	0.0	TRUE	C	4.953091E-5	1.0	0.010478863	0.9972301	33.724895	0.24571691	0.015025104	56.0	1.0
SPIKE	S150:C>G	0	165552	0.0	-1.0	0.0	TRUE	C	3.9045166E-4	761.0	0.005249005	0.97837204	69.74226	0.085389145	0.008517877	56.0	0.0
SPIKE	S150:C>T	0	165552	0.0	-1.0	0.0	TRUE	C	0.0014163756	2521.0	0.0044669653	0.923747	164.43927	0.09342957	0.012021707	56.0	0.0
SPIKE	S151:T>A	0	165546	0.0	-1.0	0.0	TRUE	T	1.765271E-5	0.0	0.0077024563	0.99901193	17.144445	0.17177688	0.007352267	56.0	1.0
SPIKE	S151:T>G	0	165546	0.0	-1.0	0.0	TRUE	T	0.0014174517	3349.0	0.002617168	0.92369133	112.11561	0.07025058	0.008512014	56.0	0.0
SPIKE	S151:T>C	0	165546	0.0	-1.0	0.0	TRUE	T	2.7373066E-4	387.0	0.005200978	0.984788	119.8634	0.117705256	0.0135839805	56.0	0.0
SPIKE	S152:G>A	0	165527	0.0	-1.0	0.0	TRUE	G	2.454258E-5	41.0	0.005688411	0.99862653	164.41444	0.09965124	0.012919456	56.0	0.0
SPIKE	S152:G>C	0	165527	0.0	-1.0	0.0	TRUE	G	3.6306476E-5	5.0	0.004592224	0.9979689	69.73173	0.08658077	0.008738268	56.0	1.0
SPIKE	S152:G>T	0	165527	0.0	-1.0	0.0	TRUE	G	2.5020275E-4	395.0	0.0050669927	0.98608637	33.719803	0.10538286	0.009245578	56.0	0.0
SPIKE	S153:G>A	0	165385	0.0	-1.0	0.0	TRUE	G	1.9171632E-5	32.0	0.005688411	0.99892694	164.27339	0.09965124	0.012919456	56.0	0.0
SPIKE	S153:G>C	0	165385	0.0	-1.0	0.0	TRUE	G	3.6306476E-5	3.0	0.004592224	0.9979689	69.671906	0.08658077	0.008738268	56.0	1.0
SPIKE	S153:G>T	0	165385	0.0	-1.0	0.0	TRUE	G	2.1358956E-5	4.0	0.0050669927	0.9988046	33.690876	0.10538286	0.009245578	56.0	1.0
