#pipeline_block
reference	mutation	count	coverage	freq	score	cqs	has.reference	ancestral.allele	error.rate	minor.count.local	minor.fdr	minor.recall	minor.count.global	read.fraction.in.minors	q.filtered.read.fraction	mig.size	global.est
SPIKE	S0:T>A	0	103544	0.0	-1.0	0.0	TRUE	T	2.4808067E-5	9.0	0.0019637635	0.99522346	94.46616	0.02724553	0.0069335233	193.0	1.0
SPIKE	S0:T>G	0	103544	0.0	-1.0	0.0	TRUE	T	9.438908E-5	2.0	3.8559726E-4	0.98194784	513.50934	0.019039951	0.01379882	193.0	1.0
SPIKE	S0:T>C	0	103544	0.0	-1.0	0.0	TRUE	T	7.978547E-6	35.0	0.001525229	0.9984613	222.70033	0.023639789	0.015358298	193.0	0.0
SPIKE	S1:A>G	0	103602	0.0	-1.0	0.0	TRUE	A	5.1630537E-5	212.0	0.0018473312	0.99008477	222.82507	0.025277955	0.029084835	193.0	0.0
SPIKE	S1:A>C	0	103602	0.0	-1.0	0.0	TRUE	A	3.2375615E-6	10.0	0.0018155256	0.99937534	513.797	0.033602793	0.088004954	193.0	0.0
SPIKE	S1:A>T	0	103602	0.0	-1.0	0.0	TRUE	A	7.84641E-6	23.0	0.00297004	0.9984868	94.51907	0.035448927	0.014463327	193.0	0.0
SPIKE	S2:G>A	0	103667	0.0	-1.0	0.0	TRUE	G	1.2303763E-5	44.0	0.0018487194	0.9976282	496.9954	0.029042194	0.021573506	193.0	0.0
SPIKE	S2:G>C	0	103667	0.0	-1.0	0.0	TRUE	G	1.9510908E-6	11.0	6.916764E-4	0.99962354	467.85428	0.018400338	0.012627958	193.0	0.0
SPIKE	S2:G>T	0	103667	0.0	-1.0	0.0	TRUE	G	5.8358555E-6	30.0	8.1028446E-4	0.9988743	248.33969	0.020182543	0.013392674	193.0	0.0
SPIKE	S3:C>A	0	103715	0.0	-1.0	0.0	TRUE	C	5.9020713E-6	22.0	0.0036894653	0.99886155	248.45468	0.02792728	0.023181943	193.0	0.0
SPIKE	S3:C>G	0	103715	0.0	-1.0	0.0	TRUE	C	8.114403E-5	7.0	7.8554975E-4	0.9844612	468.07092	0.017994003	0.0103751095	193.0	1.0
SPIKE	S3:C>T	0	103715	0.0	-1.0	0.0	TRUE	C	5.0893945E-5	249.0	7.9457083E-4	0.99022555	497.2255	0.021215513	0.023872435	193.0	0.0
SPIKE	S4:G>A	7	103755	6.746663E-5	15.631419	39.42857	TRUE	G	1.5087266E-4	540.0	0.0018487194	0.97130144	497.41727	0.029042194	0.021573506	193.0	0.0
SPIKE	S4:G>C	3	103755	2.891427E-5	-1.0	40.0	TRUE	G	2.4811002E-6	14.0	6.916764E-4	0.99952126	468.25143	0.018400338	0.012627958	193.0	0.0
SPIKE	S4:G>T	0	103755	0.0	-1.0	0.0	TRUE	G	2.915453E-6	15.0	8.1028446E-4	0.99943745	248.5505	0.020182543	0.013392674	193.0	0.0
SPIKE	S5:T>A	1	103777	9.636046E-6	-1.0	40.0	TRUE	T	2.4808067E-5	1.0	0.0019637635	0.99522346	94.678734	0.02724553	0.0069335233	193.0	1.0
SPIKE	S5:T>C	10	103777	9.636046E-5	31.352386	39.7	TRUE	T	5.731656E-5	252.0	0.001525229	0.9889989	223.20146	0.023639789	0.015358298	193.0	0.0
SPIKE	S5:T>G	0	103777	0.0	-1.0	0.0	TRUE	T	2.9343857E-6	16.0	3.8559726E-4	0.9994338	514.66486	0.019039951	0.01379882	193.0	0.0
SPIKE	I6:>G	1	103808	9.633169E-6	-1.0	39.96086	TRUE		NaN	NaN	NaN	NaN	NaN	NaN	NaN	NaN	NaN
SPIKE	S6:G>A	21	103808	2.0229655E-4	-1.0	39.61905	TRUE	G	1.2566302E-5	45.0	0.0018487194	0.99757767	497.67136	0.029042194	0.021573506	193.0	0.0
SPIKE	S6:G>T	5	103808	4.8165846E-5	-1.0	40.0	TRUE	G	2.9139644E-6	15.0	8.1028446E-4	0.99943775	248.67747	0.020182543	0.013392674	193.0	0.0
SPIKE	S6:G>C	0	103808	0.0	-1.0	0.0	TRUE	G	8.2984196E-5	2.0	6.916764E-4	0.9841116	468.49063	0.018400338	0.012627958	193.0	1.0
SPIKE	S7:A>G	4	103826	3.8525995E-5	-1.0	38.75	TRUE	A	2.8675751E-5	118.0	0.0018473312	0.99448085	223.30685	0.025277955	0.029084835	193.0	0.0
SPIKE	S7:A>C	4	103826	3.8525995E-5	8.284564	40.0	TRUE	A	1.6634492E-4	2.0	0.0018155256	0.9684053	514.90784	0.033602793	0.088004954	193.0	1.0
SPIKE	S7:A>T	1	103826	9.631499E-6	-1.0	40.0	TRUE	A	3.2245018E-5	8.0	0.00297004	0.99379605	94.723434	0.035448927	0.014463327	193.0	1.0
SPIKE	D7-8:A>	54	103826	5.2010093E-4	-1.0	39.955868	TRUE		NaN	NaN	NaN	NaN	NaN	NaN	NaN	NaN	NaN
SPIKE	S8:A>G	1	103828	9.631313E-6	4.2596874	40.0	TRUE	A	5.4266882E-5	7.0	0.0018473312	0.98958117	223.31116	0.025277955	0.029084835	193.0	1.0
SPIKE	S8:A>C	10	103828	9.631313E-5	-1.0	39.5	TRUE	A	3.2305143E-6	10.0	0.0018155256	0.9993767	514.9178	0.033602793	0.088004954	193.0	0.0
SPIKE	S8:A>T	0	103828	0.0	-1.0	0.0	TRUE	A	6.808114E-6	20.0	0.00297004	0.9986869	94.725266	0.035448927	0.014463327	193.0	0.0
SPIKE	D9-11:GA>	4	103829	3.8524882E-5	-1.0	39.95794	TRUE		NaN	NaN	NaN	NaN	NaN	NaN	NaN	NaN	NaN
SPIKE	S9:G>A	10	103829	9.631221E-5	23.451881	39.5	TRUE	G	1.389753E-4	9.0	0.0018487194	0.9735343	497.77203	0.029042194	0.021573506	193.0	1.0
SPIKE	S9:G>C	1	103829	9.631221E-6	4.2596874	40.0	TRUE	G	8.2984196E-5	0.0	6.916764E-4	0.9841116	468.5854	0.018400338	0.012627958	193.0	1.0
SPIKE	S9:G>T	6	103829	5.7787325E-5	-1.0	37.666668	TRUE	G	2.913375E-6	15.0	8.1028446E-4	0.99943787	248.72778	0.020182543	0.013392674	193.0	0.0
SPIKE	D9-10:G>	20	103829	1.9262441E-4	-1.0	39.95794	TRUE		NaN	NaN	NaN	NaN	NaN	NaN	NaN	NaN	NaN
SPIKE	S10:A>G	2	103829	1.9262441E-5	-1.0	40.0	TRUE	A	1.8468594E-5	76.0	0.0018473312	0.9964419	223.31331	0.025277955	0.029084835	193.0	0.0
SPIKE	S10:A>C	1	103829	9.631221E-6	2.0412	39.0	TRUE	A	1.6634492E-4	1.0	0.0018155256	0.9684053	514.9227	0.033602793	0.088004954	193.0	1.0
SPIKE	D10-11:A>	15	103829	1.4446831E-4	-1.0	39.94491	TRUE		NaN	NaN	NaN	NaN	NaN	NaN	NaN	NaN	NaN
SPIKE	S10:A>T	0	103829	0.0	-1.0	0.0	TRUE	A	3.2245018E-5	3.0	0.00297004	0.99379605	94.72617	0.035448927	0.014463327	193.0	1.0
SPIKE	S11:C>G	2	103829	1.9262441E-5	7.269987	40.0	TRUE	C	8.114403E-5	1.0	7.8554975E-4	0.9844612	468.5854	0.017994003	0.0103751095	193.0	1.0
SPIKE	S11:C>T	1	103829	9.631221E-6	-1.0	40.0	TRUE	C	7.75842E-6	38.0	7.9457083E-4	0.99850374	497.77203	0.021215513	0.023872435	193.0	0.0
SPIKE	D11-12:C>	6	103829	5.7787325E-5	-1.0	39.922142	TRUE		NaN	NaN	NaN	NaN	NaN	NaN	NaN	NaN	NaN
SPIKE	S11:C>A	0	103829	0.0	-1.0	0.0	TRUE	C	6.665442E-5	8.0	0.0036894653	0.9872181	248.72778	0.02792728	0.023181943	193.0	1.0
SPIKE	D12-14:GA>	1	103829	9.631221E-6	-1.0	39.77829	TRUE		NaN	NaN	NaN	NaN	NaN	NaN	NaN	NaN	NaN
SPIKE	S12:G>A	12	103829	1.1557465E-4	37.372986	39.583332	TRUE	G	5.276779E-5	189.0	0.0018487194	0.9898675	497.77203	0.029042194	0.021573506	193.0	0.0
SPIKE	S12:G>C	1	103829	9.631221E-6	4.2596874	39.0	TRUE	G	8.2984196E-5	5.0	6.916764E-4	0.9841116	468.5854	0.018400338	0.012627958	193.0	1.0
SPIKE	S12:G>T	11	103829	1.0594343E-4	-1.0	38.363636	TRUE	G	2.7191502E-6	14.0	8.1028446E-4	0.99947536	248.72778	0.020182543	0.013392674	193.0	0.0
SPIKE	D12-13:G>	7	103829	6.741854E-5	-1.0	39.77829	TRUE		NaN	NaN	NaN	NaN	NaN	NaN	NaN	NaN	NaN
SPIKE	S13:A>G	2	103829	1.9262441E-5	-1.0	40.0	TRUE	A	1.7253555E-5	71.0	0.0018473312	0.9966756	223.31331	0.025277955	0.029084835	193.0	0.0
SPIKE	S13:A>C	3	103829	2.8893663E-5	6.0206	39.333332	TRUE	A	1.6634492E-4	3.0	0.0018155256	0.9684053	514.9227	0.033602793	0.088004954	193.0	1.0
SPIKE	S13:A>T	3	103829	2.8893663E-5	-1.0	39.666668	TRUE	A	1.2254487E-5	36.0	0.00297004	0.9976377	94.72617	0.035448927	0.014463327	193.0	0.0
SPIKE	D13-14:A>	3	103829	2.8893663E-5	-1.0	39.921265	TRUE		NaN	NaN	NaN	NaN	NaN	NaN	NaN	NaN	NaN
SPIKE	S14:C>T	2	103829	1.9262441E-5	-1.0	34.5	TRUE	C	1.4700164E-5	72.0	7.9457083E-4	0.9971669	497.77203	0.021215513	0.023872435	193.0	0.0
SPIKE	D14-15:C>	4	103829	3.8524882E-5	-1.0	39.95085	TRUE		NaN	NaN	NaN	NaN	NaN	NaN	NaN	NaN	NaN
SPIKE	S14:C>A	0	103829	0.0	-1.0	0.0	TRUE	C	6.665442E-5	6.0	0.0036894653	0.9872181	248.72778	0.02792728	0.023181943	193.0	1.0
SPIKE	S14:C>G	0	103829	0.0	-1.0	0.0	TRUE	C	8.114403E-5	1.0	7.8554975E-4	0.9844612	468.5854	0.017994003	0.0103751095	193.0	1.0
SPIKE	S15:A>G	1	103829	9.631221E-6	-1.0	40.0	TRUE	A	1.1907383E-5	49.0	0.0018473312	0.9977045	223.31331	0.025277955	0.029084835	193.0	0.0
SPIKE	S15:A>C	2	103829	1.9262441E-5	3.9120662	38.5	TRUE	A	1.6634492E-4	9.0	0.0018155256	0.9684053	514.9227	0.033602793	0.088004954	193.0	1.0
SPIKE	S15:A>T	0	103829	0.0	-1.0	0.0	TRUE	A	3.2245018E-5	9.0	0.00297004	0.99379605	94.72617	0.035448927	0.014463327	193.0	1.0
SPIKE	S16:G>A	16	103829	1.5409953E-4	-1.0	39.5625	TRUE	G	3.9087254E-6	14.0	0.0018487194	0.9992459	497.77203	0.029042194	0.021573506	193.0	0.0
SPIKE	S16:G>T	7	103829	6.741854E-5	-1.0	38.42857	TRUE	G	2.1364751E-6	11.0	8.1028446E-4	0.9995878	248.72778	0.020182543	0.013392674	193.0	0.0
SPIKE	S16:G>C	0	103829	0.0	-1.0	0.0	TRUE	G	8.2984196E-5	1.0	6.916764E-4	0.9841116	468.5854	0.018400338	0.012627958	193.0	1.0
SPIKE	S17:A>C	2	103829	1.9262441E-5	3.9120662	38.5	TRUE	A	1.6634492E-4	1.0	0.0018155256	0.9684053	514.9227	0.033602793	0.088004954	193.0	1.0
SPIKE	S17:A>G	0	103829	0.0	-1.0	0.0	TRUE	A	5.4266882E-5	9.0	0.0018473312	0.98958117	223.31331	0.025277955	0.029084835	193.0	1.0
SPIKE	S17:A>T	0	103829	0.0	-1.0	0.0	TRUE	A	3.2245018E-5	3.0	0.00297004	0.99379605	94.72617	0.035448927	0.014463327	193.0	1.0
SPIKE	S18:A>G	2	103829	1.9262441E-5	-1.0	34.0	TRUE	A	4.1311328E-6	17.0	0.0018473312	0.999203	223.31331	0.025277955	0.029084835	193.0	0.0
SPIKE	S18:A>C	0	103829	0.0	-1.0	0.0	TRUE	A	1.6634492E-4	4.0	0.0018155256	0.9684053	514.9227	0.033602793	0.088004954	193.0	1.0
SPIKE	S18:A>T	0	103829	0.0	-1.0	0.0	TRUE	A	3.2245018E-5	5.0	0.00297004	0.99379605	94.72617	0.035448927	0.014463327	193.0	1.0
SPIKE	S19:C>A	1	103829	9.631221E-6	-1.0	40.0	TRUE	C	5.62761E-6	21.0	0.0036894653	0.9989145	248.72778	0.02792728	0.023181943	193.0	0.0
SPIKE	S19:C>G	0	103829	0.0	-1.0	0.0	TRUE	C	8.114403E-5	6.0	7.8554975E-4	0.9844612	468.5854	0.017994003	0.0103751095	193.0	1.0
SPIKE	S19:C>T	0	103829	0.0	-1.0	0.0	TRUE	C	5.7167304E-6	28.0	7.9457083E-4	0.99889725	497.77203	0.021215513	0.023872435	193.0	0.0
SPIKE	S20:C>A	12	103829	1.1557465E-4	-1.0	39.25	TRUE	C	4.2877027E-6	16.0	0.0036894653	0.9991728	248.72778	0.02792728	0.023181943	193.0	0.0
SPIKE	S20:C>T	1	103829	9.631221E-6	4.2596874	39.0	TRUE	C	1.0162959E-4	5.0	7.9457083E-4	0.9805766	497.77203	0.021215513	0.023872435	193.0	1.0
SPIKE	S20:C>G	0	103829	0.0	-1.0	0.0	TRUE	C	8.114403E-5	0.0	7.8554975E-4	0.9844612	468.5854	0.017994003	0.0103751095	193.0	1.0
SPIKE	S21:A>G	0	103829	0.0	-1.0	0.0	TRUE	A	5.4266882E-5	7.0	0.0018473312	0.98958117	223.31331	0.025277955	0.029084835	193.0	1.0
SPIKE	S21:A>C	0	103829	0.0	-1.0	0.0	TRUE	A	1.6634492E-4	6.0	0.0018155256	0.9684053	514.9227	0.033602793	0.088004954	193.0	1.0
SPIKE	S21:A>T	0	103829	0.0	-1.0	0.0	TRUE	A	3.2245018E-5	2.0	0.00297004	0.99379605	94.72617	0.035448927	0.014463327	193.0	1.0
SPIKE	S22:A>T	103829	103829	1.0	-1.0	39.991043	FALSE	T	3.2245018E-5	0.0	0.00297004	0.99379605	94.72617	0.035448927	0.014463327	193.0	1.0
SPIKE	S22:A>G	0	103829	0.0	-1.0	0.0	FALSE	T	5.4266882E-5	0.0	0.0018473312	0.98958117	223.31331	0.025277955	0.029084835	193.0	1.0
SPIKE	S22:A>C	0	103829	0.0	-1.0	0.0	FALSE	T	1.6634492E-4	0.0	0.0018155256	0.9684053	514.9227	0.033602793	0.088004954	193.0	1.0
SPIKE	S23:A>G	0	103829	0.0	-1.0	0.0	TRUE	A	5.4266882E-5	0.0	0.0018473312	0.98958117	223.31331	0.025277955	0.029084835	193.0	1.0
SPIKE	S23:A>C	0	103829	0.0	-1.0	0.0	TRUE	A	1.6634492E-4	0.0	0.0018155256	0.9684053	514.9227	0.033602793	0.088004954	193.0	1.0
SPIKE	S23:A>T	0	103829	0.0	-1.0	0.0	TRUE	A	3.2245018E-5	1.0	0.00297004	0.99379605	94.72617	0.035448927	0.014463327	193.0	1.0
SPIKE	S24:A>C	103829	103829	1.0	9999.0	39.991024	FALSE	C	1.6634492E-4	0.0	0.0018155256	0.9684053	514.9227	0.033602793	0.088004954	193.0	1.0
SPIKE	S24:A>G	0	103829	0.0	-1.0	0.0	FALSE	C	5.4266882E-5	0.0	0.0018473312	0.98958117	223.31331	0.025277955	0.029084835	193.0	1.0
SPIKE	S24:A>T	0	103829	0.0	-1.0	0.0	FALSE	C	3.2245018E-5	0.0	0.00297004	0.99379605	94.72617	0.035448927	0.014463327	193.0	1.0
SPIKE	S25:A>T	103829	103829	1.0	-1.0	39.991177	FALSE	T	3.2245018E-5	0.0	0.00297004	0.99379605	94.72617	0.035448927	0.014463327	193.0	1.0
SPIKE	S25:A>G	0	103829	0.0	-1.0	0.0	FALSE	T	5.4266882E-5	0.0	0.0018473312	0.98958117	223.31331	0.025277955	0.029084835	193.0	1.0
SPIKE	S25:A>C	0	103829	0.0	-1.0	0.0	FALSE	T	1.6634492E-4	1.0	0.0018155256	0.9684053	514.9227	0.033602793	0.088004954	193.0	1.0
SPIKE	S26:T>A	0	103829	0.0	-1.0	0.0	TRUE	T	3.4046013E-6	13.0	0.0019637635	0.99934316	94.72617	0.02724553	0.0069335233	193.0	0.0
SPIKE	S26:T>G	0	103829	0.0	-1.0	0.0	TRUE	T	9.438908E-5	9.0	3.8559726E-4	0.98194784	514.9227	0.019039951	0.01379882	193.0	1.0
SPIKE	S26:T>C	0	103829	0.0	-1.0	0.0	TRUE	T	1.977795E-5	87.0	0.001525229	0.99619013	223.31331	0.023639789	0.015358298	193.0	0.0
SPIKE	S27:G>A	1	103829	9.631221E-6	-1.0	40.0	TRUE	G	3.350336E-6	12.0	0.0018487194	0.9993536	497.77203	0.029042194	0.021573506	193.0	0.0
SPIKE	S27:G>T	2	103829	1.9262441E-5	-1.0	39.5	TRUE	G	3.6902752E-6	19.0	8.1028446E-4	0.999288	248.72778	0.020182543	0.013392674	193.0	0.0
SPIKE	S27:G>C	0	103829	0.0	-1.0	0.0	TRUE	G	8.2984196E-5	0.0	6.916764E-4	0.9841116	468.5854	0.018400338	0.012627958	193.0	1.0
SPIKE	S28:G>A	0	103829	0.0	-1.0	0.0	TRUE	G	1.0051008E-5	36.0	0.0018487194	0.998062	497.77203	0.029042194	0.021573506	193.0	0.0
SPIKE	S28:G>C	0	103829	0.0	-1.0	0.0	TRUE	G	8.2984196E-5	3.0	6.916764E-4	0.9841116	468.5854	0.018400338	0.012627958	193.0	1.0
SPIKE	S28:G>T	0	103829	0.0	-1.0	0.0	TRUE	G	3.8845E-6	20.0	8.1028446E-4	0.9992506	248.72778	0.020182543	0.013392674	193.0	0.0
SPIKE	S29:G>A	0	103829	0.0	-1.0	0.0	TRUE	G	1.1167786E-5	40.0	0.0018487194	0.99784696	497.77203	0.029042194	0.021573506	193.0	0.0
SPIKE	S29:G>C	0	103829	0.0	-1.0	0.0	TRUE	G	8.2984196E-5	1.0	6.916764E-4	0.9841116	468.5854	0.018400338	0.012627958	193.0	1.0
SPIKE	S29:G>T	0	103829	0.0	-1.0	0.0	TRUE	G	2.913375E-6	15.0	8.1028446E-4	0.99943787	248.72778	0.020182543	0.013392674	193.0	0.0
SPIKE	S30:A>G	0	103829	0.0	-1.0	0.0	TRUE	A	5.4266882E-5	8.0	0.0018473312	0.98958117	223.31331	0.025277955	0.029084835	193.0	1.0
SPIKE	S30:A>C	0	103829	0.0	-1.0	0.0	TRUE	A	1.6634492E-4	3.0	0.0018155256	0.9684053	514.9227	0.033602793	0.088004954	193.0	1.0
SPIKE	S30:A>T	0	103829	0.0	-1.0	0.0	TRUE	A	3.2245018E-5	1.0	0.00297004	0.99379605	94.72617	0.035448927	0.014463327	193.0	1.0
SPIKE	S31:T>A	0	103829	0.0	-1.0	0.0	TRUE	T	2.4808067E-5	6.0	0.0019637635	0.99522346	94.72617	0.02724553	0.0069335233	193.0	1.0
SPIKE	S31:T>G	0	103829	0.0	-1.0	0.0	TRUE	T	9.438908E-5	2.0	3.8559726E-4	0.98194784	514.9227	0.019039951	0.01379882	193.0	1.0
SPIKE	S31:T>C	0	103829	0.0	-1.0	0.0	TRUE	T	2.727993E-6	12.0	0.001525229	0.99947363	223.31331	0.023639789	0.015358298	193.0	0.0
SPIKE	S32:C>T	1	103829	9.631221E-6	-1.0	39.0	TRUE	C	1.9600218E-5	96.0	7.9457083E-4	0.9962243	497.77203	0.021215513	0.023872435	193.0	0.0
SPIKE	S32:C>A	6	103829	5.7787325E-5	-1.0	39.666668	TRUE	C	4.2877027E-6	16.0	0.0036894653	0.9991728	248.72778	0.02792728	0.023181943	193.0	0.0
SPIKE	S32:C>G	0	103829	0.0	-1.0	0.0	TRUE	C	8.114403E-5	6.0	7.8554975E-4	0.9844612	468.5854	0.017994003	0.0103751095	193.0	1.0
SPIKE	S33:C>A	10	103829	9.631221E-5	-1.0	39.5	TRUE	C	1.527494E-5	57.0	0.0036894653	0.9970563	248.72778	0.02792728	0.023181943	193.0	0.0
SPIKE	S33:C>G	0	103829	0.0	-1.0	0.0	TRUE	C	8.114403E-5	0.0	7.8554975E-4	0.9844612	468.5854	0.017994003	0.0103751095	193.0	1.0
SPIKE	S33:C>T	0	103829	0.0	-1.0	0.0	TRUE	C	7.350082E-6	36.0	7.9457083E-4	0.9985824	497.77203	0.021215513	0.023872435	193.0	0.0
SPIKE	S34:A>G	0	103829	0.0	-1.0	0.0	TRUE	A	2.1870705E-5	90.0	0.0018473312	0.99578786	223.31331	0.025277955	0.029084835	193.0	0.0
SPIKE	S34:A>C	0	103829	0.0	-1.0	0.0	TRUE	A	1.6634492E-4	5.0	0.0018155256	0.9684053	514.9227	0.033602793	0.088004954	193.0	1.0
SPIKE	S34:A>T	0	103829	0.0	-1.0	0.0	TRUE	A	4.084829E-6	12.0	0.00297004	0.99921197	94.72617	0.035448927	0.014463327	193.0	0.0
SPIKE	S35:T>A	0	103829	0.0	-1.0	0.0	TRUE	T	2.4808067E-5	9.0	0.0019637635	0.99522346	94.72617	0.02724553	0.0069335233	193.0	1.0
SPIKE	S35:T>G	0	103829	0.0	-1.0	0.0	TRUE	T	9.438908E-5	8.0	3.8559726E-4	0.98194784	514.9227	0.019039951	0.01379882	193.0	1.0
SPIKE	S35:T>C	0	103829	0.0	-1.0	0.0	TRUE	T	3.4099912E-6	15.0	0.001525229	0.9993421	223.31331	0.023639789	0.015358298	193.0	0.0
SPIKE	S36:T>A	0	103829	0.0	-1.0	0.0	TRUE	T	2.4808067E-5	9.0	0.0019637635	0.99522346	94.72617	0.02724553	0.0069335233	193.0	1.0
SPIKE	S36:T>G	0	103829	0.0	-1.0	0.0	TRUE	T	9.438908E-5	1.0	3.8559726E-4	0.98194784	514.9227	0.019039951	0.01379882	193.0	1.0
SPIKE	S36:T>C	0	103829	0.0	-1.0	0.0	TRUE	T	5.0766426E-5	7.0	0.001525229	0.99024993	223.31331	0.023639789	0.015358298	193.0	1.0
SPIKE	S37:A>G	0	103829	0.0	-1.0	0.0	TRUE	A	8.748281E-6	36.0	0.0018473312	0.998313	223.31331	0.025277955	0.029084835	193.0	0.0
SPIKE	S37:A>C	0	103829	0.0	-1.0	0.0	TRUE	A	3.3597025E-5	104.0	0.0018155256	0.9935368	514.9227	0.033602793	0.088004954	193.0	0.0
SPIKE	S37:A>T	0	103829	0.0	-1.0	0.0	TRUE	A	3.2245018E-5	1.0	0.00297004	0.99379605	94.72617	0.035448927	0.014463327	193.0	1.0
SPIKE	S38:T>A	0	103829	0.0	-1.0	0.0	TRUE	T	2.4808067E-5	7.0	0.0019637635	0.99522346	94.72617	0.02724553	0.0069335233	193.0	1.0
SPIKE	S38:T>G	0	103829	0.0	-1.0	0.0	TRUE	T	9.438908E-5	0.0	3.8559726E-4	0.98194784	514.9227	0.019039951	0.01379882	193.0	1.0
SPIKE	S38:T>C	0	103829	0.0	-1.0	0.0	TRUE	T	2.727993E-6	12.0	0.001525229	0.99947363	223.31331	0.023639789	0.015358298	193.0	0.0
SPIKE	S39:C>A	9	103829	8.6680986E-5	-1.0	39.333332	TRUE	C	5.895591E-6	22.0	0.0036894653	0.9988628	248.72778	0.02792728	0.023181943	193.0	0.0
SPIKE	S39:C>G	0	103829	0.0	-1.0	0.0	TRUE	C	8.114403E-5	8.0	7.8554975E-4	0.9844612	468.5854	0.017994003	0.0103751095	193.0	1.0
SPIKE	S39:C>T	0	103829	0.0	-1.0	0.0	TRUE	C	7.3909156E-5	362.0	7.9457083E-4	0.9858368	497.77203	0.021215513	0.023872435	193.0	0.0
SPIKE	S40:G>A	0	103829	0.0	-1.0	0.0	TRUE	G	5.025504E-6	18.0	0.0018487194	0.99903053	497.77203	0.029042194	0.021573506	193.0	0.0
SPIKE	S40:G>C	0	103829	0.0	-1.0	0.0	TRUE	G	8.2984196E-5	1.0	6.916764E-4	0.9841116	468.5854	0.018400338	0.012627958	193.0	1.0
SPIKE	S40:G>T	0	103829	0.0	-1.0	0.0	TRUE	G	7.186325E-6	37.0	8.1028446E-4	0.998614	248.72778	0.020182543	0.013392674	193.0	0.0
SPIKE	S41:G>T	2	103829	1.9262441E-5	7.269987	39.0	TRUE	G	4.8309153E-5	8.0	8.1028446E-4	0.9907197	248.72778	0.020182543	0.013392674	193.0	1.0
SPIKE	S41:G>A	0	103829	0.0	-1.0	0.0	TRUE	G	2.2893963E-5	82.0	0.0018487194	0.9955912	497.77203	0.029042194	0.021573506	193.0	0.0
SPIKE	S41:G>C	0	103829	0.0	-1.0	0.0	TRUE	G	8.2984196E-5	7.0	6.916764E-4	0.9841116	468.5854	0.018400338	0.012627958	193.0	1.0
SPIKE	S42:C>T	3	103829	2.8893663E-5	-1.0	38.666668	TRUE	C	1.8783543E-5	92.0	7.9457083E-4	0.99638134	497.77203	0.021215513	0.023872435	193.0	0.0
SPIKE	S42:C>A	24	103829	2.311493E-4	-1.0	39.125	TRUE	C	4.2877027E-6	16.0	0.0036894653	0.9991728	248.72778	0.02792728	0.023181943	193.0	0.0
SPIKE	S42:C>G	0	103829	0.0	-1.0	0.0	TRUE	C	8.114403E-5	5.0	7.8554975E-4	0.9844612	468.5854	0.017994003	0.0103751095	193.0	1.0
SPIKE	S43:G>A	0	103829	0.0	-1.0	0.0	TRUE	G	6.337719E-5	227.0	0.0018487194	0.9878427	497.77203	0.029042194	0.021573506	193.0	0.0
SPIKE	S43:G>C	0	103829	0.0	-1.0	0.0	TRUE	G	1.7709514E-6	10.0	6.916764E-4	0.9996583	468.5854	0.018400338	0.012627958	193.0	0.0
SPIKE	S43:G>T	0	103829	0.0	-1.0	0.0	TRUE	G	4.6614E-6	24.0	8.1028446E-4	0.99910074	248.72778	0.020182543	0.013392674	193.0	0.0
SPIKE	S44:G>A	4	103829	3.8524882E-5	5.449171	38.25	TRUE	G	2.9678392E-4	1063.0	0.0018487194	0.9443303	497.77203	0.029042194	0.021573506	193.0	0.0
SPIKE	S44:G>C	0	103829	0.0	-1.0	0.0	TRUE	G	1.06257085E-5	60.0	6.916764E-4	0.9979513	468.5854	0.018400338	0.012627958	193.0	0.0
SPIKE	S44:G>T	0	103829	0.0	-1.0	0.0	TRUE	G	4.467175E-6	23.0	8.1028446E-4	0.99913824	248.72778	0.020182543	0.013392674	193.0	0.0
SPIKE	S45:C>T	1	103829	9.631221E-6	-1.0	37.0	TRUE	C	2.6541961E-6	13.0	7.9457083E-4	0.9994879	497.77203	0.021215513	0.023872435	193.0	0.0
SPIKE	S45:C>A	5	103829	4.8156104E-5	-1.0	39.6	TRUE	C	6.6995353E-6	25.0	0.0036894653	0.99870783	248.72778	0.02792728	0.023181943	193.0	0.0
SPIKE	S45:C>G	0	103829	0.0	-1.0	0.0	TRUE	C	8.114403E-5	8.0	7.8554975E-4	0.9844612	468.5854	0.017994003	0.0103751095	193.0	1.0
SPIKE	S46:G>A	0	103829	0.0	-1.0	0.0	TRUE	G	7.203223E-5	258.0	0.0018487194	0.98619395	497.77203	0.029042194	0.021573506	193.0	0.0
SPIKE	S46:G>C	0	103829	0.0	-1.0	0.0	TRUE	G	8.2984196E-5	2.0	6.916764E-4	0.9841116	468.5854	0.018400338	0.012627958	193.0	1.0
SPIKE	S46:G>T	0	103829	0.0	-1.0	0.0	TRUE	G	4.6614E-6	24.0	8.1028446E-4	0.99910074	248.72778	0.020182543	0.013392674	193.0	0.0
SPIKE	S47:A>G	0	103829	0.0	-1.0	0.0	TRUE	A	5.4266882E-5	4.0	0.0018473312	0.98958117	223.31331	0.025277955	0.029084835	193.0	1.0
SPIKE	S47:A>C	0	103829	0.0	-1.0	0.0	TRUE	A	1.6634492E-4	0.0	0.0018155256	0.9684053	514.9227	0.033602793	0.088004954	193.0	1.0
SPIKE	S47:A>T	0	103829	0.0	-1.0	0.0	TRUE	A	3.2245018E-5	9.0	0.00297004	0.99379605	94.72617	0.035448927	0.014463327	193.0	1.0
SPIKE	S48:A>G	0	103829	0.0	-1.0	0.0	TRUE	A	5.4266882E-5	4.0	0.0018473312	0.98958117	223.31331	0.025277955	0.029084835	193.0	1.0
SPIKE	S48:A>C	0	103829	0.0	-1.0	0.0	TRUE	A	1.6634492E-4	0.0	0.0018155256	0.9684053	514.9227	0.033602793	0.088004954	193.0	1.0
SPIKE	S48:A>T	0	103829	0.0	-1.0	0.0	TRUE	A	4.7656335E-6	14.0	0.00297004	0.99908066	94.72617	0.035448927	0.014463327	193.0	0.0
SPIKE	S49:T>A	0	103829	0.0	-1.0	0.0	TRUE	T	2.4808067E-5	4.0	0.0019637635	0.99522346	94.72617	0.02724553	0.0069335233	193.0	1.0
SPIKE	S49:T>G	0	103829	0.0	-1.0	0.0	TRUE	T	9.438908E-5	3.0	3.8559726E-4	0.98194784	514.9227	0.019039951	0.01379882	193.0	1.0
SPIKE	S49:T>C	0	103829	0.0	-1.0	0.0	TRUE	T	5.0766426E-5	9.0	0.001525229	0.99024993	223.31331	0.023639789	0.015358298	193.0	1.0
SPIKE	S50:T>A	0	103829	0.0	-1.0	0.0	TRUE	T	2.4808067E-5	2.0	0.0019637635	0.99522346	94.72617	0.02724553	0.0069335233	193.0	1.0
SPIKE	S50:T>G	0	103829	0.0	-1.0	0.0	TRUE	T	9.438908E-5	3.0	3.8559726E-4	0.98194784	514.9227	0.019039951	0.01379882	193.0	1.0
SPIKE	S50:T>C	0	103829	0.0	-1.0	0.0	TRUE	T	5.0766426E-5	4.0	0.001525229	0.99024993	223.31331	0.023639789	0.015358298	193.0	1.0
SPIKE	S51:T>A	0	103829	0.0	-1.0	0.0	TRUE	T	3.142709E-6	12.0	0.0019637635	0.99939364	94.72617	0.02724553	0.0069335233	193.0	0.0
SPIKE	S51:T>G	0	103829	0.0	-1.0	0.0	TRUE	T	9.438908E-5	0.0	3.8559726E-4	0.98194784	514.9227	0.019039951	0.01379882	193.0	1.0
SPIKE	S51:T>C	0	103829	0.0	-1.0	0.0	TRUE	T	3.637324E-6	16.0	0.001525229	0.9992982	223.31331	0.023639789	0.015358298	193.0	0.0
SPIKE	S52:A>G	0	103829	0.0	-1.0	0.0	TRUE	A	7.3388364E-5	302.0	0.0018473312	0.98593587	223.31331	0.025277955	0.029084835	193.0	0.0
SPIKE	S52:A>C	0	103829	0.0	-1.0	0.0	TRUE	A	1.162974E-5	36.0	0.0018155256	0.997758	514.9227	0.033602793	0.088004954	193.0	0.0
SPIKE	S52:A>T	0	103829	0.0	-1.0	0.0	TRUE	A	4.7656335E-6	14.0	0.00297004	0.99908066	94.72617	0.035448927	0.014463327	193.0	0.0
SPIKE	S53:C>T	2	103830	1.9262256E-5	7.269987	39.0	TRUE	C	6.9212605E-5	339.0	7.9457083E-4	0.9867308	497.77682	0.021215513	0.023872435	193.0	0.0
SPIKE	S53:C>A	9	103830	8.668015E-5	-1.0	39.333332	TRUE	C	3.215746E-6	12.0	0.0036894653	0.9993796	248.73018	0.02792728	0.023181943	193.0	0.0
SPIKE	S53:C>G	0	103830	0.0	-1.0	0.0	TRUE	C	8.831486E-6	51.0	7.8554975E-4	0.998297	468.5899	0.017994003	0.0103751095	193.0	0.0
SPIKE	S54:C>A	9	103831	8.667931E-5	-1.0	40.0	TRUE	C	9.647145E-6	36.0	0.0036894653	0.99813986	248.73257	0.02792728	0.023181943	193.0	0.0
SPIKE	S54:C>G	0	103831	0.0	-1.0	0.0	TRUE	C	1.9048122E-6	11.0	7.8554975E-4	0.9996324	468.59442	0.017994003	0.0103751095	193.0	0.0
SPIKE	S54:C>T	0	103831	0.0	-1.0	0.0	TRUE	C	1.061658E-5	52.0	7.9457083E-4	0.9979531	497.78162	0.021215513	0.023872435	193.0	0.0
SPIKE	S55:A>G	2	103831	1.926207E-5	7.269987	40.0	TRUE	A	8.869615E-5	365.0	0.0018473312	0.98302734	223.31761	0.025277955	0.029084835	193.0	0.0
SPIKE	S55:A>C	0	103831	0.0	-1.0	0.0	TRUE	A	1.5021458E-4	465.0	0.0018155256	0.9714248	514.9327	0.033602793	0.088004954	193.0	0.0
SPIKE	S55:A>T	0	103831	0.0	-1.0	0.0	TRUE	A	3.2245018E-5	5.0	0.00297004	0.99379605	94.728	0.035448927	0.014463327	193.0	1.0
SPIKE	S56:C>A	5	103831	4.8155176E-5	16.300888	40.0	TRUE	C	7.717716E-5	288.0	0.0036894653	0.9852152	248.73257	0.02792728	0.023181943	193.0	0.0
SPIKE	S56:C>G	0	103831	0.0	-1.0	0.0	TRUE	C	8.114403E-5	5.0	7.8554975E-4	0.9844612	468.59442	0.017994003	0.0103751095	193.0	1.0
SPIKE	S56:C>T	0	103831	0.0	-1.0	0.0	TRUE	C	8.3707655E-6	41.0	7.9457083E-4	0.9983857	497.78162	0.021215513	0.023872435	193.0	0.0
SPIKE	S57:C>A	20	103831	1.926207E-4	-1.0	40.0	TRUE	C	8.039287E-6	30.0	0.0036894653	0.9984496	248.73257	0.02792728	0.023181943	193.0	0.0
SPIKE	S57:C>G	0	103831	0.0	-1.0	0.0	TRUE	C	8.114403E-5	2.0	7.8554975E-4	0.9844612	468.59442	0.017994003	0.0103751095	193.0	1.0
SPIKE	S57:C>T	0	103831	0.0	-1.0	0.0	TRUE	C	1.0162959E-4	9.0	7.9457083E-4	0.9805766	497.78162	0.021215513	0.023872435	193.0	1.0
SPIKE	S58:A>G	0	103831	0.0	-1.0	0.0	TRUE	A	5.4266882E-5	8.0	0.0018473312	0.98958117	223.31761	0.025277955	0.029084835	193.0	1.0
SPIKE	S58:A>C	0	103831	0.0	-1.0	0.0	TRUE	A	1.143569E-4	354.0	0.0018155256	0.9781709	514.9327	0.033602793	0.088004954	193.0	0.0
SPIKE	S58:A>T	0	103831	0.0	-1.0	0.0	TRUE	A	1.32754385E-5	39.0	0.00297004	0.9974411	94.728	0.035448927	0.014463327	193.0	0.0
SPIKE	S59:T>C	2	103831	1.926207E-5	-1.0	40.0	TRUE	T	2.7052076E-5	119.0	0.001525229	0.9947926	223.31761	0.023639789	0.015358298	193.0	0.0
SPIKE	S59:T>A	0	103831	0.0	-1.0	0.0	TRUE	T	9.427945E-5	360.0	0.0019637635	0.98196864	94.728	0.02724553	0.0069335233	193.0	0.0
SPIKE	S59:T>G	0	103831	0.0	-1.0	0.0	TRUE	T	3.849378E-6	21.0	3.8559726E-4	0.9992573	514.9327	0.019039951	0.01379882	193.0	0.0
SPIKE	S60:T>A	0	103831	0.0	-1.0	0.0	TRUE	T	2.4808067E-5	6.0	0.0019637635	0.99522346	94.728	0.02724553	0.0069335233	193.0	1.0
SPIKE	S60:T>G	0	103831	0.0	-1.0	0.0	TRUE	T	4.3992895E-6	24.0	3.8559726E-4	0.9991513	514.9327	0.019039951	0.01379882	193.0	0.0
SPIKE	S60:T>C	0	103831	0.0	-1.0	0.0	TRUE	T	1.0047914E-4	442.0	0.001525229	0.98079437	223.31761	0.023639789	0.015358298	193.0	0.0
SPIKE	S61:G>A	3	103831	2.8893106E-5	-1.0	40.0	TRUE	G	3.3502714E-5	120.0	0.0018487194	0.99355483	497.78162	0.029042194	0.021573506	193.0	0.0
SPIKE	D61-62:G>	1	103831	9.631035E-6	-1.0	39.999603	TRUE		NaN	NaN	NaN	NaN	NaN	NaN	NaN	NaN	NaN
SPIKE	S61:G>C	0	103831	0.0	-1.0	0.0	TRUE	G	8.2984196E-5	1.0	6.916764E-4	0.9841116	468.59442	0.018400338	0.012627958	193.0	1.0
SPIKE	S61:G>T	0	103831	0.0	-1.0	0.0	TRUE	G	7.458097E-5	384.0	8.1028446E-4	0.98570895	248.73257	0.020182543	0.013392674	193.0	0.0
SPIKE	S62:A>G	0	103831	0.0	-1.0	0.0	TRUE	A	1.08136395E-4	445.0	0.0018473312	0.979346	223.31761	0.025277955	0.029084835	193.0	0.0
SPIKE	S62:A>C	0	103831	0.0	-1.0	0.0	TRUE	A	1.6634492E-4	4.0	0.0018155256	0.9684053	514.9327	0.033602793	0.088004954	193.0	1.0
SPIKE	S62:A>T	0	103831	0.0	-1.0	0.0	TRUE	A	3.2245018E-5	2.0	0.00297004	0.99379605	94.728	0.035448927	0.014463327	193.0	1.0
SPIKE	S63:A>G	0	103831	0.0	-1.0	0.0	TRUE	A	3.6450472E-6	15.0	0.0018473312	0.9992967	223.31761	0.025277955	0.029084835	193.0	0.0
SPIKE	S63:A>C	0	103831	0.0	-1.0	0.0	TRUE	A	1.6634492E-4	8.0	0.0018155256	0.9684053	514.9327	0.033602793	0.088004954	193.0	1.0
SPIKE	S63:A>T	0	103831	0.0	-1.0	0.0	TRUE	A	4.0847503E-6	12.0	0.00297004	0.99921197	94.728	0.035448927	0.014463327	193.0	0.0
SPIKE	S64:A>G	0	103831	0.0	-1.0	0.0	TRUE	A	2.9160376E-6	12.0	0.0018473312	0.9994374	223.31761	0.025277955	0.029084835	193.0	0.0
SPIKE	S64:A>C	0	103831	0.0	-1.0	0.0	TRUE	A	1.6634492E-4	7.0	0.0018155256	0.9684053	514.9327	0.033602793	0.088004954	193.0	1.0
SPIKE	S64:A>T	0	103831	0.0	-1.0	0.0	TRUE	A	3.2245018E-5	3.0	0.00297004	0.99379605	94.728	0.035448927	0.014463327	193.0	1.0
SPIKE	S65:A>G	1	103831	9.631035E-6	-1.0	40.0	TRUE	A	7.047091E-6	29.0	0.0018473312	0.99864084	223.31761	0.025277955	0.029084835	193.0	0.0
SPIKE	S65:A>T	1	103831	9.631035E-6	-1.0	40.0	TRUE	A	3.2245018E-5	3.0	0.00297004	0.99379605	94.728	0.035448927	0.014463327	193.0	1.0
SPIKE	S65:A>C	0	103831	0.0	-1.0	0.0	TRUE	A	1.6249018E-4	503.0	0.0018155256	0.96912605	514.9327	0.033602793	0.088004954	193.0	0.0
SPIKE	S66:C>A	7	103831	6.741725E-5	-1.0	40.0	TRUE	C	9.111192E-6	34.0	0.0036894653	0.9982431	248.73257	0.02792728	0.023181943	193.0	0.0
SPIKE	S66:C>G	0	103831	0.0	-1.0	0.0	TRUE	C	2.5974712E-6	15.0	7.8554975E-4	0.9994988	468.59442	0.017994003	0.0103751095	193.0	0.0
SPIKE	S66:C>T	0	103831	0.0	-1.0	0.0	TRUE	C	2.776644E-5	136.0	7.9457083E-4	0.99465543	497.78162	0.021215513	0.023872435	193.0	0.0
SPIKE	S67:C>A	11	103831	1.05941384E-4	34.362686	40.0	TRUE	C	1.01563E-4	379.0	0.0036894653	0.9805892	248.73257	0.02792728	0.023181943	193.0	0.0
SPIKE	S67:C>G	0	103831	0.0	-1.0	0.0	TRUE	C	8.114403E-5	3.0	7.8554975E-4	0.9844612	468.59442	0.017994003	0.0103751095	193.0	1.0
SPIKE	S67:C>T	0	103831	0.0	-1.0	0.0	TRUE	C	6.94161E-6	34.0	7.9457083E-4	0.99866116	497.78162	0.021215513	0.023872435	193.0	0.0
SPIKE	S68:A>G	0	103831	0.0	-1.0	0.0	TRUE	A	9.744426E-5	401.0	0.0018473312	0.981369	223.31761	0.025277955	0.029084835	193.0	0.0
SPIKE	S68:A>C	0	103831	0.0	-1.0	0.0	TRUE	A	1.22756E-5	38.0	0.0018155256	0.99763364	514.9327	0.033602793	0.088004954	193.0	0.0
SPIKE	S68:A>T	0	103831	0.0	-1.0	0.0	TRUE	A	3.2245018E-5	9.0	0.00297004	0.99379605	94.728	0.035448927	0.014463327	193.0	1.0
SPIKE	S69:G>A	1	103831	9.631035E-6	-1.0	40.0	TRUE	G	1.3959465E-5	50.0	0.0018487194	0.99730945	497.78162	0.029042194	0.021573506	193.0	0.0
SPIKE	S69:G>C	0	103831	0.0	-1.0	0.0	TRUE	G	6.9597045E-5	393.0	6.916764E-4	0.98665756	468.59442	0.018400338	0.012627958	193.0	0.0
SPIKE	S69:G>T	0	103831	0.0	-1.0	0.0	TRUE	G	4.6613104E-6	24.0	8.1028446E-4	0.99910074	248.73257	0.020182543	0.013392674	193.0	0.0
SPIKE	S70:C>A	14	103831	1.348345E-4	-1.0	40.0	TRUE	C	3.4836912E-6	13.0	0.0036894653	0.9993279	248.73257	0.02792728	0.023181943	193.0	0.0
SPIKE	S70:C>T	2	103831	1.926207E-5	2.2639637	40.0	TRUE	C	2.9889756E-4	1464.0	7.9457083E-4	0.9439451	497.78162	0.021215513	0.023872435	193.0	0.0
SPIKE	S70:C>G	0	103831	0.0	-1.0	0.0	TRUE	C	7.446084E-6	43.0	7.8554975E-4	0.99856395	468.59442	0.017994003	0.0103751095	193.0	0.0
SPIKE	S71:C>A	19	103831	1.8298966E-4	-1.0	40.0	TRUE	C	5.0915487E-6	19.0	0.0036894653	0.99901783	248.73257	0.02792728	0.023181943	193.0	0.0
SPIKE	S71:C>G	0	103831	0.0	-1.0	0.0	TRUE	C	6.164665E-5	356.0	7.8554975E-4	0.9881727	468.59442	0.017994003	0.0103751095	193.0	0.0
SPIKE	S71:C>T	0	103831	0.0	-1.0	0.0	TRUE	C	3.67497E-6	18.0	7.9457083E-4	0.999291	497.78162	0.021215513	0.023872435	193.0	0.0
SPIKE	S72:G>A	1	103831	9.631035E-6	-1.0	40.0	TRUE	G	2.4010278E-5	86.0	0.0018487194	0.99537677	497.78162	0.029042194	0.021573506	193.0	0.0
SPIKE	S72:G>C	0	103831	0.0	-1.0	0.0	TRUE	G	2.3021923E-6	13.0	6.916764E-4	0.99955577	468.59442	0.018400338	0.012627958	193.0	0.0
SPIKE	S72:G>T	0	103831	0.0	-1.0	0.0	TRUE	G	4.272868E-5	220.0	8.1028446E-4	0.99178725	248.73257	0.020182543	0.013392674	193.0	0.0
SPIKE	S73:T>A	0	103831	0.0	-1.0	0.0	TRUE	T	2.4808067E-5	1.0	0.0019637635	0.99522346	94.728	0.02724553	0.0069335233	193.0	1.0
SPIKE	S73:T>G	0	103831	0.0	-1.0	0.0	TRUE	T	7.332149E-5	400.0	3.8559726E-4	0.9859486	514.9327	0.019039951	0.01379882	193.0	0.0
SPIKE	S73:T>C	0	103831	0.0	-1.0	0.0	TRUE	T	2.9552689E-6	13.0	0.001525229	0.9994298	223.31761	0.023639789	0.015358298	193.0	0.0
SPIKE	S74:G>T	1	103831	9.631035E-6	-1.0	40.0	TRUE	G	6.0208595E-6	31.0	8.1028446E-4	0.99883866	248.73257	0.020182543	0.013392674	193.0	0.0
SPIKE	S74:G>A	0	103831	0.0	-1.0	0.0	TRUE	G	1.389753E-4	9.0	0.0018487194	0.9735343	497.78162	0.029042194	0.021573506	193.0	1.0
SPIKE	S74:G>C	0	103831	0.0	-1.0	0.0	TRUE	G	8.2984196E-5	0.0	6.916764E-4	0.9841116	468.59442	0.018400338	0.012627958	193.0	1.0
SPIKE	S75:G>A	1	103831	9.631035E-6	-1.0	40.0	TRUE	G	6.1421642E-6	22.0	0.0018487194	0.99881524	497.78162	0.029042194	0.021573506	193.0	0.0
SPIKE	S75:G>C	1	103831	9.631035E-6	-1.0	40.0	TRUE	G	1.7709173E-6	10.0	6.916764E-4	0.9996583	468.59442	0.018400338	0.012627958	193.0	0.0
SPIKE	S75:G>T	0	103831	0.0	-1.0	0.0	TRUE	G	7.089076E-5	365.0	8.1028446E-4	0.9864113	248.73257	0.020182543	0.013392674	193.0	0.0
SPIKE	S76:T>C	1	103831	9.631035E-6	4.2596874	40.0	TRUE	T	5.0766426E-5	8.0	0.001525229	0.99024993	223.31761	0.023639789	0.015358298	193.0	1.0
SPIKE	S76:T>A	0	103831	0.0	-1.0	0.0	TRUE	T	2.4808067E-5	4.0	0.0019637635	0.99522346	94.728	0.02724553	0.0069335233	193.0	1.0
SPIKE	S76:T>G	0	103831	0.0	-1.0	0.0	TRUE	T	3.299467E-6	18.0	3.8559726E-4	0.9993634	514.9327	0.019039951	0.01379882	193.0	0.0
SPIKE	S77:T>A	0	103831	0.0	-1.0	0.0	TRUE	T	2.4808067E-5	7.0	0.0019637635	0.99522346	94.728	0.02724553	0.0069335233	193.0	1.0
SPIKE	S77:T>G	0	103831	0.0	-1.0	0.0	TRUE	T	9.438908E-5	8.0	3.8559726E-4	0.98194784	514.9327	0.019039951	0.01379882	193.0	1.0
SPIKE	S77:T>C	0	103831	0.0	-1.0	0.0	TRUE	T	5.0766426E-5	6.0	0.001525229	0.99024993	223.31761	0.023639789	0.015358298	193.0	1.0
SPIKE	S78:T>A	0	103831	0.0	-1.0	0.0	TRUE	T	2.4808067E-5	3.0	0.0019637635	0.99522346	94.728	0.02724553	0.0069335233	193.0	1.0
SPIKE	S78:T>G	0	103831	0.0	-1.0	0.0	TRUE	T	5.9390408E-5	324.0	3.8559726E-4	0.9886031	514.9327	0.019039951	0.01379882	193.0	0.0
SPIKE	S78:T>C	0	103831	0.0	-1.0	0.0	TRUE	T	2.9552689E-6	13.0	0.001525229	0.9994298	223.31761	0.023639789	0.015358298	193.0	0.0
SPIKE	S79:G>A	0	103831	0.0	-1.0	0.0	TRUE	G	7.8173E-6	28.0	0.0018487194	0.9984924	497.78162	0.029042194	0.021573506	193.0	0.0
SPIKE	S79:G>C	0	103831	0.0	-1.0	0.0	TRUE	G	6.6586486E-5	376.0	6.916764E-4	0.987231	468.59442	0.018400338	0.012627958	193.0	0.0
SPIKE	S79:G>T	0	103831	0.0	-1.0	0.0	TRUE	G	4.467089E-6	23.0	8.1028446E-4	0.99913824	248.73257	0.020182543	0.013392674	193.0	0.0
SPIKE	S80:C>A	9	103831	8.667931E-5	-1.0	40.0	TRUE	C	5.627501E-6	21.0	0.0036894653	0.9989145	248.73257	0.02792728	0.023181943	193.0	0.0
SPIKE	S80:C>T	2	103831	1.926207E-5	0.28028724	40.0	TRUE	C	6.282157E-4	3077.0	7.9457083E-4	0.88581634	497.78162	0.021215513	0.023872435	193.0	0.0
SPIKE	S80:C>G	0	103831	0.0	-1.0	0.0	TRUE	C	6.4244115E-5	371.0	7.8554975E-4	0.98767745	468.59442	0.017994003	0.0103751095	193.0	0.0
SPIKE	S81:G>T	1	103831	9.631035E-6	-1.0	40.0	TRUE	G	3.9232695E-5	202.0	8.1028446E-4	0.9924567	248.73257	0.020182543	0.013392674	193.0	0.0
SPIKE	S81:G>C	1	103831	9.631035E-6	-1.0	40.0	TRUE	G	1.7709173E-6	10.0	6.916764E-4	0.9996583	468.59442	0.018400338	0.012627958	193.0	0.0
SPIKE	S81:G>A	0	103831	0.0	-1.0	0.0	TRUE	G	3.8248934E-5	137.0	0.0018487194	0.99264514	497.78162	0.029042194	0.021573506	193.0	0.0
SPIKE	S82:G>A	4	103831	3.852414E-5	13.290587	40.0	TRUE	G	7.649787E-5	274.0	0.0018487194	0.98534435	497.78162	0.029042194	0.021573506	193.0	0.0
SPIKE	S82:G>C	0	103831	0.0	-1.0	0.0	TRUE	G	5.844027E-5	330.0	6.916764E-4	0.9887844	468.59442	0.018400338	0.012627958	193.0	0.0
SPIKE	S82:G>T	0	103831	0.0	-1.0	0.0	TRUE	G	3.3017616E-6	17.0	8.1028446E-4	0.99936295	248.73257	0.020182543	0.013392674	193.0	0.0
SPIKE	S83:C>A	27	103830	2.6004046E-4	-1.0	40.0	TRUE	C	2.6797884E-6	10.0	0.0036894653	0.9994829	248.73018	0.02792728	0.023181943	193.0	0.0
SPIKE	S83:C>T	1	103830	9.631128E-6	4.2596874	40.0	TRUE	C	5.594175E-5	274.0	7.9457083E-4	0.9892613	497.77682	0.021215513	0.023872435	193.0	0.0
SPIKE	S83:C>G	0	103830	0.0	-1.0	0.0	TRUE	C	6.3032574E-5	364.0	7.8554975E-4	0.9879084	468.5899	0.017994003	0.0103751095	193.0	0.0
SPIKE	S84:G>A	1	103830	9.631128E-6	4.2596874	40.0	TRUE	G	1.113976E-4	399.0	0.0018487194	0.9787297	497.77682	0.029042194	0.021573506	193.0	0.0
SPIKE	S84:G>T	2	103830	1.9262256E-5	-1.0	40.0	TRUE	G	4.078686E-6	21.0	8.1028446E-4	0.9992131	248.73018	0.020182543	0.013392674	193.0	0.0
SPIKE	S84:G>C	0	103830	0.0	-1.0	0.0	TRUE	G	2.3022146E-6	13.0	6.916764E-4	0.99955577	468.5899	0.018400338	0.012627958	193.0	0.0
SPIKE	S85:A>G	0	103830	0.0	-1.0	0.0	TRUE	A	4.131093E-6	17.0	0.0018473312	0.999203	223.31546	0.025277955	0.029084835	193.0	0.0
SPIKE	S85:A>C	0	103830	0.0	-1.0	0.0	TRUE	A	1.6634492E-4	2.0	0.0018155256	0.9684053	514.9277	0.033602793	0.088004954	193.0	1.0
SPIKE	S85:A>T	0	103830	0.0	-1.0	0.0	TRUE	A	1.2152249E-4	357.0	0.00297004	0.97681904	94.72709	0.035448927	0.014463327	193.0	0.0
SPIKE	S86:T>A	0	103830	0.0	-1.0	0.0	TRUE	T	2.4808067E-5	6.0	0.0019637635	0.99522346	94.72709	0.02724553	0.0069335233	193.0	1.0
SPIKE	S86:T>G	0	103830	0.0	-1.0	0.0	TRUE	T	9.438908E-5	3.0	3.8559726E-4	0.98194784	514.9277	0.019039951	0.01379882	193.0	1.0
SPIKE	S86:T>C	0	103830	0.0	-1.0	0.0	TRUE	T	5.0766426E-5	4.0	0.001525229	0.99024993	223.31546	0.023639789	0.015358298	193.0	1.0
SPIKE	S87:T>A	0	103830	0.0	-1.0	0.0	TRUE	T	2.4808067E-5	4.0	0.0019637635	0.99522346	94.72709	0.02724553	0.0069335233	193.0	1.0
SPIKE	S87:T>G	0	103830	0.0	-1.0	0.0	TRUE	T	9.438908E-5	2.0	3.8559726E-4	0.98194784	514.9277	0.019039951	0.01379882	193.0	1.0
SPIKE	S87:T>C	0	103830	0.0	-1.0	0.0	TRUE	T	5.0766426E-5	6.0	0.001525229	0.99024993	223.31546	0.023639789	0.015358298	193.0	1.0
SPIKE	S88:T>A	0	103830	0.0	-1.0	0.0	TRUE	T	2.4808067E-5	4.0	0.0019637635	0.99522346	94.72709	0.02724553	0.0069335233	193.0	1.0
SPIKE	S88:T>G	0	103830	0.0	-1.0	0.0	TRUE	T	9.438908E-5	0.0	3.8559726E-4	0.98194784	514.9277	0.019039951	0.01379882	193.0	1.0
SPIKE	S88:T>C	0	103830	0.0	-1.0	0.0	TRUE	T	7.95657E-6	35.0	0.001525229	0.99846554	223.31546	0.023639789	0.015358298	193.0	0.0
SPIKE	S89:A>G	0	103830	0.0	-1.0	0.0	TRUE	A	3.1590712E-6	13.0	0.0018473312	0.9993905	223.31546	0.025277955	0.029084835	193.0	0.0
SPIKE	S89:A>C	0	103830	0.0	-1.0	0.0	TRUE	A	1.6634492E-4	0.0	0.0018155256	0.9684053	514.9277	0.033602793	0.088004954	193.0	1.0
SPIKE	S89:A>T	0	103830	0.0	-1.0	0.0	TRUE	A	3.2245018E-5	0.0	0.00297004	0.99379605	94.72709	0.035448927	0.014463327	193.0	1.0
SPIKE	S90:T>A	0	103830	0.0	-1.0	0.0	TRUE	T	4.452128E-6	17.0	0.0019637635	0.9991411	94.72709	0.02724553	0.0069335233	193.0	0.0
SPIKE	S90:T>G	0	103830	0.0	-1.0	0.0	TRUE	T	9.438908E-5	0.0	3.8559726E-4	0.98194784	514.9277	0.019039951	0.01379882	193.0	1.0
SPIKE	S90:T>C	0	103830	0.0	-1.0	0.0	TRUE	T	5.0012723E-6	22.0	0.001525229	0.99903524	223.31546	0.023639789	0.015358298	193.0	0.0
SPIKE	S91:C>A	9	103830	8.668015E-5	-1.0	39.444443	TRUE	C	3.7517036E-6	14.0	0.0036894653	0.99927616	248.73018	0.02792728	0.023181943	193.0	0.0
SPIKE	S91:C>T	1	103830	9.631128E-6	4.2596874	39.0	TRUE	C	1.1719184E-4	574.0	7.9457083E-4	0.97763586	497.77682	0.021215513	0.023872435	193.0	0.0
SPIKE	S91:C>G	0	103830	0.0	-1.0	0.0	TRUE	C	8.114403E-5	7.0	7.8554975E-4	0.9844612	468.5899	0.017994003	0.0103751095	193.0	1.0
SPIKE	S92:G>A	1	103830	9.631128E-6	-1.0	40.0	TRUE	G	1.2563639E-5	45.0	0.0018487194	0.99757814	497.77682	0.029042194	0.021573506	193.0	0.0
SPIKE	S92:G>T	1	103830	9.631128E-6	-1.0	40.0	TRUE	G	2.1364544E-6	11.0	8.1028446E-4	0.9995878	248.73018	0.020182543	0.013392674	193.0	0.0
SPIKE	S92:G>C	0	103830	0.0	-1.0	0.0	TRUE	G	8.2984196E-5	7.0	6.916764E-4	0.9841116	468.5899	0.018400338	0.012627958	193.0	1.0
SPIKE	S93:T>A	0	103830	0.0	-1.0	0.0	TRUE	T	2.4808067E-5	2.0	0.0019637635	0.99522346	94.72709	0.02724553	0.0069335233	193.0	1.0
SPIKE	S93:T>G	0	103830	0.0	-1.0	0.0	TRUE	T	9.438908E-5	0.0	3.8559726E-4	0.98194784	514.9277	0.019039951	0.01379882	193.0	1.0
SPIKE	S93:T>C	0	103830	0.0	-1.0	0.0	TRUE	T	5.0766426E-5	7.0	0.001525229	0.99024993	223.31546	0.023639789	0.015358298	193.0	1.0
SPIKE	S94:C>A	15	103830	1.4446692E-4	-1.0	38.866665	TRUE	C	4.0196824E-6	15.0	0.0036894653	0.9992245	248.73018	0.02792728	0.023181943	193.0	0.0
SPIKE	S94:C>T	1	103830	9.631128E-6	-1.0	35.0	TRUE	C	5.7166753E-6	28.0	7.9457083E-4	0.9988973	497.77682	0.021215513	0.023872435	193.0	0.0
SPIKE	S94:C>G	0	103830	0.0	-1.0	0.0	TRUE	C	8.114403E-5	0.0	7.8554975E-4	0.9844612	468.5899	0.017994003	0.0103751095	193.0	1.0
SPIKE	S95:G>A	0	103830	0.0	-1.0	0.0	TRUE	G	9.492527E-6	34.0	0.0018487194	0.9981696	497.77682	0.029042194	0.021573506	193.0	0.0
SPIKE	S95:G>C	0	103830	0.0	-1.0	0.0	TRUE	G	8.2984196E-5	0.0	6.916764E-4	0.9841116	468.5899	0.018400338	0.012627958	193.0	1.0
SPIKE	S95:G>T	0	103830	0.0	-1.0	0.0	TRUE	G	2.7191238E-6	14.0	8.1028446E-4	0.99947536	248.73018	0.020182543	0.013392674	193.0	0.0
SPIKE	S96:T>A	0	103830	0.0	-1.0	0.0	TRUE	T	2.4808067E-5	3.0	0.0019637635	0.99522346	94.72709	0.02724553	0.0069335233	193.0	1.0
SPIKE	S96:T>G	0	103830	0.0	-1.0	0.0	TRUE	T	9.438908E-5	4.0	3.8559726E-4	0.98194784	514.9277	0.019039951	0.01379882	193.0	1.0
SPIKE	S96:T>C	0	103830	0.0	-1.0	0.0	TRUE	T	2.0005089E-5	88.0	0.001525229	0.99614644	223.31546	0.023639789	0.015358298	193.0	0.0
SPIKE	S97:C>A	9	103830	8.668015E-5	28.342087	39.11111	TRUE	C	6.665442E-5	8.0	0.0036894653	0.9872181	248.73018	0.02792728	0.023181943	193.0	1.0
SPIKE	S97:C>G	0	103830	0.0	-1.0	0.0	TRUE	C	8.114403E-5	1.0	7.8554975E-4	0.9844612	468.5899	0.017994003	0.0103751095	193.0	1.0
SPIKE	S97:C>T	0	103830	0.0	-1.0	0.0	TRUE	C	8.1666785E-6	40.0	7.9457083E-4	0.99842507	497.77682	0.021215513	0.023872435	193.0	0.0
SPIKE	S98:A>G	0	103830	0.0	-1.0	0.0	TRUE	A	8.019181E-6	33.0	0.0018473312	0.9984535	223.31546	0.025277955	0.029084835	193.0	0.0
SPIKE	S98:A>C	0	103830	0.0	-1.0	0.0	TRUE	A	1.6634492E-4	3.0	0.0018155256	0.9684053	514.9277	0.033602793	0.088004954	193.0	1.0
SPIKE	S98:A>T	0	103830	0.0	-1.0	0.0	TRUE	A	3.2245018E-5	3.0	0.00297004	0.99379605	94.72709	0.035448927	0.014463327	193.0	1.0
SPIKE	S99:T>C	1	103830	9.631128E-6	-1.0	40.0	TRUE	T	6.592586E-6	29.0	0.001525229	0.99872845	223.31546	0.023639789	0.015358298	193.0	0.0
SPIKE	S99:T>A	0	103830	0.0	-1.0	0.0	TRUE	T	2.4808067E-5	2.0	0.0019637635	0.99522346	94.72709	0.02724553	0.0069335233	193.0	1.0
SPIKE	S99:T>G	0	103830	0.0	-1.0	0.0	TRUE	T	9.438908E-5	3.0	3.8559726E-4	0.98194784	514.9277	0.019039951	0.01379882	193.0	1.0
SPIKE	S100:C>T	1	103830	9.631128E-6	4.2596874	36.0	TRUE	C	4.6345904E-5	227.0	7.9457083E-4	0.9910951	497.77682	0.021215513	0.023872435	193.0	0.0
SPIKE	S100:C>A	8	103830	7.704902E-5	-1.0	38.875	TRUE	C	4.0196824E-6	15.0	0.0036894653	0.9992245	248.73018	0.02792728	0.023181943	193.0	0.0
SPIKE	S100:C>G	0	103830	0.0	-1.0	0.0	TRUE	C	8.114403E-5	2.0	7.8554975E-4	0.9844612	468.5899	0.017994003	0.0103751095	193.0	1.0
SPIKE	S101:G>A	0	103830	0.0	-1.0	0.0	TRUE	G	1.9543439E-5	70.0	0.0018487194	0.9962352	497.77682	0.029042194	0.021573506	193.0	0.0
SPIKE	S101:G>C	0	103830	0.0	-1.0	0.0	TRUE	G	8.2984196E-5	0.0	6.916764E-4	0.9841116	468.5899	0.018400338	0.012627958	193.0	1.0
SPIKE	S101:G>T	0	103830	0.0	-1.0	0.0	TRUE	G	4.078686E-6	21.0	8.1028446E-4	0.9992131	248.73018	0.020182543	0.013392674	193.0	0.0
SPIKE	S102:T>A	0	103830	0.0	-1.0	0.0	TRUE	T	2.4808067E-5	0.0	0.0019637635	0.99522346	94.72709	0.02724553	0.0069335233	193.0	1.0
SPIKE	S102:T>G	0	103830	0.0	-1.0	0.0	TRUE	T	9.438908E-5	5.0	3.8559726E-4	0.98194784	514.9277	0.019039951	0.01379882	193.0	1.0
SPIKE	S102:T>C	0	103830	0.0	-1.0	0.0	TRUE	T	4.5466113E-6	20.0	0.001525229	0.9991229	223.31546	0.023639789	0.015358298	193.0	0.0
SPIKE	S103:G>T	1	103830	9.631128E-6	-1.0	39.0	TRUE	G	5.826694E-6	30.0	8.1028446E-4	0.9988761	248.73018	0.020182543	0.013392674	193.0	0.0
SPIKE	S103:G>A	0	103830	0.0	-1.0	0.0	TRUE	G	3.6294957E-6	13.0	0.0018487194	0.99929976	497.77682	0.029042194	0.021573506	193.0	0.0
SPIKE	S103:G>C	0	103830	0.0	-1.0	0.0	TRUE	G	8.2984196E-5	1.0	6.916764E-4	0.9841116	468.5899	0.018400338	0.012627958	193.0	1.0
SPIKE	S104:G>A	1	103830	9.631128E-6	-1.0	31.0	TRUE	G	2.2893742E-5	82.0	0.0018487194	0.9955913	497.77682	0.029042194	0.021573506	193.0	0.0
SPIKE	S104:G>C	0	103830	0.0	-1.0	0.0	TRUE	G	8.2984196E-5	7.0	6.916764E-4	0.9841116	468.5899	0.018400338	0.012627958	193.0	1.0
SPIKE	S104:G>T	0	103830	0.0	-1.0	0.0	TRUE	G	3.4960165E-6	18.0	8.1028446E-4	0.9993255	248.73018	0.020182543	0.013392674	193.0	0.0
SPIKE	S105:C>A	15	103830	1.4446692E-4	-1.0	38.933334	TRUE	C	6.1635133E-6	23.0	0.0036894653	0.9988111	248.73018	0.02792728	0.023181943	193.0	0.0
SPIKE	S105:C>G	0	103830	0.0	-1.0	0.0	TRUE	C	2.5974962E-6	15.0	7.8554975E-4	0.9994988	468.5899	0.017994003	0.0103751095	193.0	0.0
SPIKE	S105:C>T	0	103830	0.0	-1.0	0.0	TRUE	C	7.207094E-5	353.0	7.9457083E-4	0.9861866	497.77682	0.021215513	0.023872435	193.0	0.0
SPIKE	S106:G>A	0	103830	0.0	-1.0	0.0	TRUE	G	2.7360815E-5	98.0	0.0018487194	0.9947333	497.77682	0.029042194	0.021573506	193.0	0.0
SPIKE	S106:G>C	0	103830	0.0	-1.0	0.0	TRUE	G	8.2984196E-5	0.0	6.916764E-4	0.9841116	468.5899	0.018400338	0.012627958	193.0	1.0
SPIKE	S106:G>T	0	103830	0.0	-1.0	0.0	TRUE	G	5.2440246E-6	27.0	8.1028446E-4	0.9989884	248.73018	0.020182543	0.013392674	193.0	0.0
SPIKE	S107:G>T	1	103830	9.631128E-6	-1.0	37.0	TRUE	G	3.3017934E-6	17.0	8.1028446E-4	0.99936295	248.73018	0.020182543	0.013392674	193.0	0.0
SPIKE	S107:G>A	4	103830	3.852451E-5	5.449171	39.0	TRUE	G	2.5294794E-4	906.0	0.0018487194	0.95235354	497.77682	0.029042194	0.021573506	193.0	0.0
SPIKE	S107:G>C	0	103830	0.0	-1.0	0.0	TRUE	G	1.7709343E-6	10.0	6.916764E-4	0.9996583	468.5899	0.018400338	0.012627958	193.0	0.0
SPIKE	S108:C>T	3	103830	2.8893384E-5	10.280287	39.666668	TRUE	C	4.716257E-5	231.0	7.9457083E-4	0.9909389	497.77682	0.021215513	0.023872435	193.0	0.0
SPIKE	S108:C>A	16	103830	1.5409804E-4	-1.0	39.0625	TRUE	C	4.823619E-6	18.0	0.0036894653	0.99906945	248.73018	0.02792728	0.023181943	193.0	0.0
SPIKE	S108:C>G	1	103830	9.631128E-6	4.2596874	39.0	TRUE	C	8.114403E-5	7.0	7.8554975E-4	0.9844612	468.5899	0.017994003	0.0103751095	193.0	1.0
SPIKE	S109:A>T	1	103830	9.631128E-6	-1.0	40.0	TRUE	A	3.4039913E-6	10.0	0.00297004	0.9993432	94.72709	0.035448927	0.014463327	193.0	0.0
SPIKE	S109:A>G	1	103830	9.631128E-6	-1.0	39.0	TRUE	A	1.3122296E-5	54.0	0.0018473312	0.9974706	223.31546	0.025277955	0.029084835	193.0	0.0
SPIKE	S109:A>C	0	103830	0.0	-1.0	0.0	TRUE	A	7.4300397E-6	23.0	0.0018155256	0.99856704	514.9277	0.033602793	0.088004954	193.0	0.0
SPIKE	S110:G>C	1	103830	9.631128E-6	-1.0	39.0	TRUE	G	2.6564014E-6	15.0	6.916764E-4	0.99948746	468.5899	0.018400338	0.012627958	193.0	0.0
SPIKE	S110:G>T	3	103830	2.8893384E-5	-1.0	39.0	TRUE	G	4.8555785E-6	25.0	8.1028446E-4	0.9990633	248.73018	0.020182543	0.013392674	193.0	0.0
SPIKE	S110:G>A	1	103830	9.631128E-6	-1.0	39.0	TRUE	G	1.1167679E-5	40.0	0.0018487194	0.99784696	497.77682	0.029042194	0.021573506	193.0	0.0
SPIKE	S111:C>A	10	103830	9.6311276E-5	31.352386	39.0	TRUE	C	6.665442E-5	9.0	0.0036894653	0.9872181	248.73018	0.02792728	0.023181943	193.0	1.0
SPIKE	S111:C>G	0	103830	0.0	-1.0	0.0	TRUE	C	8.114403E-5	6.0	7.8554975E-4	0.9844612	468.5899	0.017994003	0.0103751095	193.0	1.0
SPIKE	S111:C>T	0	103830	0.0	-1.0	0.0	TRUE	C	9.310014E-5	456.0	7.9457083E-4	0.98219216	497.77682	0.021215513	0.023872435	193.0	0.0
SPIKE	S112:G>A	1	103830	9.631128E-6	2.0412	38.0	TRUE	G	1.4238791E-4	510.0	0.0018487194	0.9728933	497.77682	0.029042194	0.021573506	193.0	0.0
SPIKE	S112:G>C	0	103830	0.0	-1.0	0.0	TRUE	G	8.2984196E-5	5.0	6.916764E-4	0.9841116	468.5899	0.018400338	0.012627958	193.0	1.0
SPIKE	S112:G>T	0	103830	0.0	-1.0	0.0	TRUE	G	2.913347E-6	15.0	8.1028446E-4	0.99943787	248.73018	0.020182543	0.013392674	193.0	0.0
SPIKE	S113:T>A	0	103830	0.0	-1.0	0.0	TRUE	T	2.4808067E-5	2.0	0.0019637635	0.99522346	94.72709	0.02724553	0.0069335233	193.0	1.0
SPIKE	S113:T>G	0	103830	0.0	-1.0	0.0	TRUE	T	2.199666E-6	12.0	3.8559726E-4	0.99957556	514.9277	0.019039951	0.01379882	193.0	0.0
SPIKE	S113:T>C	0	103830	0.0	-1.0	0.0	TRUE	T	1.0229875E-5	45.0	0.001525229	0.99802756	223.31546	0.023639789	0.015358298	193.0	0.0
SPIKE	S114:G>T	2	103830	1.9262256E-5	-1.0	39.5	TRUE	G	2.7191238E-6	14.0	8.1028446E-4	0.99947536	248.73018	0.020182543	0.013392674	193.0	0.0
SPIKE	S114:G>A	0	103830	0.0	-1.0	0.0	TRUE	G	3.0711117E-6	11.0	0.0018487194	0.9994075	497.77682	0.029042194	0.021573506	193.0	0.0
SPIKE	S114:G>C	0	103830	0.0	-1.0	0.0	TRUE	G	8.2984196E-5	2.0	6.916764E-4	0.9841116	468.5899	0.018400338	0.012627958	193.0	1.0
SPIKE	S115:A>G	0	103830	0.0	-1.0	0.0	TRUE	A	5.4676235E-5	225.0	0.0018473312	0.98950297	223.31546	0.025277955	0.029084835	193.0	0.0
SPIKE	S115:A>C	0	103830	0.0	-1.0	0.0	TRUE	A	1.6634492E-4	3.0	0.0018155256	0.9684053	514.9277	0.033602793	0.088004954	193.0	1.0
SPIKE	S115:A>T	0	103830	0.0	-1.0	0.0	TRUE	A	3.2245018E-5	0.0	0.00297004	0.99379605	94.72709	0.035448927	0.014463327	193.0	1.0
SPIKE	S116:C>A	6	103830	5.778677E-5	-1.0	38.333332	TRUE	C	2.9477671E-6	11.0	0.0036894653	0.99943125	248.73018	0.02792728	0.023181943	193.0	0.0
SPIKE	S116:C>G	0	103830	0.0	-1.0	0.0	TRUE	C	8.114403E-5	2.0	7.8554975E-4	0.9844612	468.5899	0.017994003	0.0103751095	193.0	1.0
SPIKE	S116:C>T	0	103830	0.0	-1.0	0.0	TRUE	C	4.2875063E-6	21.0	7.9457083E-4	0.99917287	497.77682	0.021215513	0.023872435	193.0	0.0
SPIKE	S117:C>A	8	103830	7.704902E-5	-1.0	39.375	TRUE	C	1.6614687E-5	62.0	0.0036894653	0.9967985	248.73018	0.02792728	0.023181943	193.0	0.0
SPIKE	S117:C>G	0	103830	0.0	-1.0	0.0	TRUE	C	8.114403E-5	2.0	7.8554975E-4	0.9844612	468.5899	0.017994003	0.0103751095	193.0	1.0
SPIKE	S117:C>T	0	103830	0.0	-1.0	0.0	TRUE	C	3.4708385E-6	17.0	7.9457083E-4	0.99933034	497.77682	0.021215513	0.023872435	193.0	0.0
SPIKE	S118:T>A	0	103830	0.0	-1.0	0.0	TRUE	T	9.166146E-6	35.0	0.0019637635	0.9982325	94.72709	0.02724553	0.0069335233	193.0	0.0
SPIKE	S118:T>G	0	103830	0.0	-1.0	0.0	TRUE	T	3.2994988E-6	18.0	3.8559726E-4	0.9993634	514.9277	0.019039951	0.01379882	193.0	0.0
SPIKE	S118:T>C	0	103830	0.0	-1.0	0.0	TRUE	T	5.3422682E-5	235.0	0.001525229	0.9897424	223.31546	0.023639789	0.015358298	193.0	0.0
SPIKE	S119:A>G	0	103830	0.0	-1.0	0.0	TRUE	A	5.103115E-6	21.0	0.0018473312	0.99901557	223.31546	0.025277955	0.029084835	193.0	0.0
SPIKE	S119:A>C	0	103830	0.0	-1.0	0.0	TRUE	A	1.6634492E-4	2.0	0.0018155256	0.9684053	514.9277	0.033602793	0.088004954	193.0	1.0
SPIKE	S119:A>T	0	103830	0.0	-1.0	0.0	TRUE	A	3.2245018E-5	4.0	0.00297004	0.99379605	94.72709	0.035448927	0.014463327	193.0	1.0
SPIKE	S120:T>A	0	103830	0.0	-1.0	0.0	TRUE	T	2.4808067E-5	3.0	0.0019637635	0.99522346	94.72709	0.02724553	0.0069335233	193.0	1.0
SPIKE	S120:T>G	0	103830	0.0	-1.0	0.0	TRUE	T	9.438908E-5	1.0	3.8559726E-4	0.98194784	514.9277	0.019039951	0.01379882	193.0	1.0
SPIKE	S120:T>C	0	103830	0.0	-1.0	0.0	TRUE	T	5.0766426E-5	9.0	0.001525229	0.99024993	223.31546	0.023639789	0.015358298	193.0	1.0
SPIKE	S121:G>T	1	103830	9.631128E-6	-1.0	38.0	TRUE	G	1.9422314E-6	10.0	8.1028446E-4	0.9996252	248.73018	0.020182543	0.013392674	193.0	0.0
SPIKE	S121:G>A	0	103830	0.0	-1.0	0.0	TRUE	G	2.7919198E-6	10.0	0.0018487194	0.9994613	497.77682	0.029042194	0.021573506	193.0	0.0
SPIKE	S121:G>C	0	103830	0.0	-1.0	0.0	TRUE	G	8.2984196E-5	1.0	6.916764E-4	0.9841116	468.5899	0.018400338	0.012627958	193.0	1.0
SPIKE	S122:T>A	0	103830	0.0	-1.0	0.0	TRUE	T	2.4808067E-5	6.0	0.0019637635	0.99522346	94.72709	0.02724553	0.0069335233	193.0	1.0
SPIKE	S122:T>G	0	103830	0.0	-1.0	0.0	TRUE	T	9.438908E-5	1.0	3.8559726E-4	0.98194784	514.9277	0.019039951	0.01379882	193.0	1.0
SPIKE	S122:T>C	0	103830	0.0	-1.0	0.0	TRUE	T	5.683264E-6	25.0	0.001525229	0.99890375	223.31546	0.023639789	0.015358298	193.0	0.0
SPIKE	S123:G>T	2	103830	1.9262256E-5	-1.0	38.0	TRUE	G	4.078686E-6	21.0	8.1028446E-4	0.9992131	248.73018	0.020182543	0.013392674	193.0	0.0
SPIKE	S123:G>A	0	103830	0.0	-1.0	0.0	TRUE	G	7.5381836E-6	27.0	0.0018487194	0.9985462	497.77682	0.029042194	0.021573506	193.0	0.0
SPIKE	S123:G>C	0	103830	0.0	-1.0	0.0	TRUE	G	8.2984196E-5	3.0	6.916764E-4	0.9841116	468.5899	0.018400338	0.012627958	193.0	1.0
SPIKE	S124:T>A	0	103830	0.0	-1.0	0.0	TRUE	T	2.8807888E-6	11.0	0.0019637635	0.9994442	94.72709	0.02724553	0.0069335233	193.0	0.0
SPIKE	S124:T>G	0	103830	0.0	-1.0	0.0	TRUE	T	3.2994988E-6	18.0	3.8559726E-4	0.9993634	514.9277	0.019039951	0.01379882	193.0	0.0
SPIKE	S124:T>C	0	103830	0.0	-1.0	0.0	TRUE	T	2.432437E-5	107.0	0.001525229	0.9953164	223.31546	0.023639789	0.015358298	193.0	0.0
SPIKE	S125:G>A	1	103830	9.631128E-6	-1.0	38.0	TRUE	G	1.0609295E-5	38.0	0.0018487194	0.9979545	497.77682	0.029042194	0.021573506	193.0	0.0
SPIKE	S125:G>C	0	103830	0.0	-1.0	0.0	TRUE	G	8.2984196E-5	5.0	6.916764E-4	0.9841116	468.5899	0.018400338	0.012627958	193.0	1.0
SPIKE	S125:G>T	0	103830	0.0	-1.0	0.0	TRUE	G	4.8309153E-5	8.0	8.1028446E-4	0.9907197	248.73018	0.020182543	0.013392674	193.0	1.0
SPIKE	S126:C>T	2	103830	1.9262256E-5	1.3408211	33.5	TRUE	C	3.6607138E-4	1793.0	7.9457083E-4	0.9317863	497.77682	0.021215513	0.023872435	193.0	0.0
SPIKE	S126:C>A	9	103830	8.668015E-5	-1.0	38.666668	TRUE	C	3.7517036E-6	14.0	0.0036894653	0.99927616	248.73018	0.02792728	0.023181943	193.0	0.0
SPIKE	S126:C>G	0	103830	0.0	-1.0	0.0	TRUE	C	1.8355639E-5	106.0	7.8554975E-4	0.99646366	468.5899	0.017994003	0.0103751095	193.0	0.0
SPIKE	S127:G>T	2	103830	1.9262256E-5	-1.0	35.0	TRUE	G	5.826694E-6	30.0	8.1028446E-4	0.9988761	248.73018	0.020182543	0.013392674	193.0	0.0
SPIKE	S127:G>A	0	103830	0.0	-1.0	0.0	TRUE	G	3.2944652E-5	118.0	0.0018487194	0.9936619	497.77682	0.029042194	0.021573506	193.0	0.0
SPIKE	S127:G>C	0	103830	0.0	-1.0	0.0	TRUE	G	8.2984196E-5	3.0	6.916764E-4	0.9841116	468.5899	0.018400338	0.012627958	193.0	1.0
SPIKE	S128:G>A	0	103830	0.0	-1.0	0.0	TRUE	G	8.096568E-5	290.0	0.0018487194	0.9844951	497.77682	0.029042194	0.021573506	193.0	0.0
SPIKE	S128:G>C	0	103830	0.0	-1.0	0.0	TRUE	G	8.2984196E-5	5.0	6.916764E-4	0.9841116	468.5899	0.018400338	0.012627958	193.0	1.0
SPIKE	S128:G>T	0	103830	0.0	-1.0	0.0	TRUE	G	3.4960165E-6	18.0	8.1028446E-4	0.9993255	248.73018	0.020182543	0.013392674	193.0	0.0
SPIKE	S129:C>A	11	103830	1.059424E-4	-1.0	38.81818	TRUE	C	3.7517036E-6	14.0	0.0036894653	0.99927616	248.73018	0.02792728	0.023181943	193.0	0.0
SPIKE	S129:C>T	1	103830	9.631128E-6	-1.0	32.0	TRUE	C	4.1650062E-5	204.0	7.9457083E-4	0.9919938	497.77682	0.021215513	0.023872435	193.0	0.0
SPIKE	S129:C>G	0	103830	0.0	-1.0	0.0	TRUE	C	2.4243298E-6	14.0	7.8554975E-4	0.9995322	468.5899	0.017994003	0.0103751095	193.0	0.0
SPIKE	S130:G>A	1	103830	9.631128E-6	4.2596874	40.0	TRUE	G	4.2995565E-5	154.0	0.0018487194	0.9917362	497.77682	0.029042194	0.021573506	193.0	0.0
SPIKE	S130:G>C	0	103830	0.0	-1.0	0.0	TRUE	G	8.2984196E-5	2.0	6.916764E-4	0.9841116	468.5899	0.018400338	0.012627958	193.0	1.0
SPIKE	S130:G>T	0	103830	0.0	-1.0	0.0	TRUE	G	3.884463E-6	20.0	8.1028446E-4	0.9992506	248.73018	0.020182543	0.013392674	193.0	0.0
SPIKE	S131:G>A	3	103830	2.8893384E-5	2.3797824	39.0	TRUE	G	3.1213663E-4	1118.0	0.0018487194	0.9415363	497.77682	0.029042194	0.021573506	193.0	0.0
SPIKE	S131:G>T	1	103830	9.631128E-6	-1.0	39.0	TRUE	G	2.7191238E-6	14.0	8.1028446E-4	0.99947536	248.73018	0.020182543	0.013392674	193.0	0.0
SPIKE	S131:G>C	0	103830	0.0	-1.0	0.0	TRUE	G	3.3647752E-6	19.0	6.916764E-4	0.9993508	468.5899	0.018400338	0.012627958	193.0	0.0
SPIKE	S132:C>A	15	103830	1.4446692E-4	-1.0	39.0	TRUE	C	4.823619E-6	18.0	0.0036894653	0.99906945	248.73018	0.02792728	0.023181943	193.0	0.0
SPIKE	S132:C>T	1	103830	9.631128E-6	-1.0	38.0	TRUE	C	3.2462547E-5	159.0	7.9457083E-4	0.9937543	497.77682	0.021215513	0.023872435	193.0	0.0
SPIKE	S132:C>G	0	103830	0.0	-1.0	0.0	TRUE	C	8.114403E-5	5.0	7.8554975E-4	0.9844612	468.5899	0.017994003	0.0103751095	193.0	1.0
SPIKE	S133:A>G	0	103830	0.0	-1.0	0.0	TRUE	A	8.748198E-6	36.0	0.0018473312	0.998313	223.31546	0.025277955	0.029084835	193.0	0.0
SPIKE	S133:A>C	0	103830	0.0	-1.0	0.0	TRUE	A	5.1687234E-6	16.0	0.0018155256	0.99900293	514.9277	0.033602793	0.088004954	193.0	0.0
SPIKE	S133:A>T	0	103830	0.0	-1.0	0.0	TRUE	A	3.2245018E-5	5.0	0.00297004	0.99379605	94.72709	0.035448927	0.014463327	193.0	1.0
SPIKE	S134:G>T	1	103830	9.631128E-6	-1.0	37.0	TRUE	G	2.913347E-6	15.0	8.1028446E-4	0.99943787	248.73018	0.020182543	0.013392674	193.0	0.0
SPIKE	S134:G>A	0	103830	0.0	-1.0	0.0	TRUE	G	8.096567E-6	29.0	0.0018487194	0.9984386	497.77682	0.029042194	0.021573506	193.0	0.0
SPIKE	S134:G>C	0	103830	0.0	-1.0	0.0	TRUE	G	4.6044293E-6	26.0	6.916764E-4	0.9991117	468.5899	0.018400338	0.012627958	193.0	0.0
SPIKE	S135:C>A	8	103830	7.704902E-5	18.199682	37.125	TRUE	C	1.3961697E-4	521.0	0.0036894653	0.9734137	248.73018	0.02792728	0.023181943	193.0	0.0
SPIKE	S135:C>T	1	103830	9.631128E-6	0.57991946	32.0	TRUE	C	3.1870464E-4	1561.0	7.9457083E-4	0.94034356	497.77682	0.021215513	0.023872435	193.0	0.0
SPIKE	S135:C>G	0	103830	0.0	-1.0	0.0	TRUE	C	8.114403E-5	6.0	7.8554975E-4	0.9844612	468.5899	0.017994003	0.0103751095	193.0	1.0
SPIKE	S136:C>A	1	103830	9.631128E-6	4.2596874	33.0	TRUE	C	9.99561E-5	373.0	0.0036894653	0.9808934	248.73018	0.02792728	0.023181943	193.0	0.0
SPIKE	S136:C>G	0	103830	0.0	-1.0	0.0	TRUE	C	2.4243298E-6	14.0	7.8554975E-4	0.9995322	468.5899	0.017994003	0.0103751095	193.0	0.0
SPIKE	S136:C>T	0	103830	0.0	-1.0	0.0	TRUE	C	3.4402133E-4	1685.0	7.9457083E-4	0.93576014	497.77682	0.021215513	0.023872435	193.0	0.0
SPIKE	I137:>T	3	103830	2.8893384E-5	-1.0	39.82585	TRUE		NaN	NaN	NaN	NaN	NaN	NaN	NaN	NaN	NaN
SPIKE	S137:T>A	0	103830	0.0	-1.0	0.0	TRUE	T	1.3618274E-5	52.0	0.0019637635	0.99737513	94.72709	0.02724553	0.0069335233	193.0	0.0
SPIKE	S137:T>G	0	103830	0.0	-1.0	0.0	TRUE	T	8.981969E-5	490.0	3.8559726E-4	0.9828142	514.9277	0.019039951	0.01379882	193.0	0.0
SPIKE	S137:T>C	0	103830	0.0	-1.0	0.0	TRUE	T	3.01895E-4	1328.0	0.001525229	0.94339925	223.31546	0.023639789	0.015358298	193.0	0.0
SPIKE	S138:G>A	0	103830	0.0	-1.0	0.0	TRUE	G	5.8630314E-5	210.0	0.0018487194	0.98874813	497.77682	0.029042194	0.021573506	193.0	0.0
SPIKE	S138:G>C	0	103830	0.0	-1.0	0.0	TRUE	G	6.19827E-6	35.0	6.916764E-4	0.99880445	468.5899	0.018400338	0.012627958	193.0	0.0
SPIKE	S138:G>T	0	103830	0.0	-1.0	0.0	TRUE	G	2.3306777E-5	120.0	8.1028446E-4	0.9955119	248.73018	0.020182543	0.013392674	193.0	0.0
SPIKE	S139:A>G	0	103830	0.0	-1.0	0.0	TRUE	A	5.6863282E-5	234.0	0.0018473312	0.9890854	223.31546	0.025277955	0.029084835	193.0	0.0
SPIKE	S139:A>C	0	103830	0.0	-1.0	0.0	TRUE	A	1.6634492E-4	5.0	0.0018155256	0.9684053	514.9277	0.033602793	0.088004954	193.0	1.0
SPIKE	S139:A>T	0	103830	0.0	-1.0	0.0	TRUE	A	3.0704003E-4	902.0	0.00297004	0.9424629	94.72709	0.035448927	0.014463327	193.0	0.0
SPIKE	I140:>GA	1	103830	9.631128E-6	-1.0	39.89739	TRUE		NaN	NaN	NaN	NaN	NaN	NaN	NaN	NaN	NaN
SPIKE	S140:T>A	0	103830	0.0	-1.0	0.0	TRUE	T	1.1706478E-4	447.0	0.0019637635	0.9776598	94.72709	0.02724553	0.0069335233	193.0	0.0
SPIKE	S140:T>G	0	103830	0.0	-1.0	0.0	TRUE	T	3.8310845E-5	209.0	3.8559726E-4	0.9926333	514.9277	0.019039951	0.01379882	193.0	0.0
SPIKE	S140:T>C	0	103830	0.0	-1.0	0.0	TRUE	T	3.0234964E-5	133.0	0.001525229	0.99418163	223.31546	0.023639789	0.015358298	193.0	0.0
SPIKE	S141:T>A	0	103830	0.0	-1.0	0.0	TRUE	T	7.476956E-4	2855.0	0.0019637635	0.8656235	94.72709	0.02724553	0.0069335233	193.0	0.0
SPIKE	S141:T>G	0	103830	0.0	-1.0	0.0	TRUE	T	9.1102826E-5	497.0	3.8559726E-4	0.9825708	514.9277	0.019039951	0.01379882	193.0	0.0
SPIKE	S141:T>C	0	103830	0.0	-1.0	0.0	TRUE	T	2.818899E-5	124.0	0.001525229	0.9945743	223.31546	0.023639789	0.015358298	193.0	0.0
SPIKE	S142:A>G	0	103830	0.0	-1.0	0.0	TRUE	A	0.0010002105	4116.0	0.0018473312	0.82444847	223.31546	0.025277955	0.029084835	193.0	0.0
SPIKE	S142:A>C	0	103830	0.0	-1.0	0.0	TRUE	A	1.5215429E-4	471.0	0.0018155256	0.9710612	514.9277	0.033602793	0.088004954	193.0	0.0
SPIKE	S142:A>T	0	103830	0.0	-1.0	0.0	TRUE	A	3.550363E-4	1043.0	0.00297004	0.9337729	94.72709	0.035448927	0.014463327	193.0	0.0
SPIKE	S143:G>A	0	103830	0.0	-1.0	0.0	TRUE	G	3.2246675E-4	1155.0	0.0018487194	0.939661	497.77682	0.029042194	0.021573506	193.0	0.0
SPIKE	S143:G>C	0	103830	0.0	-1.0	0.0	TRUE	G	0.0010416636	5882.0	6.916764E-4	0.81787884	468.5899	0.018400338	0.012627958	193.0	0.0
SPIKE	S143:G>T	0	103830	0.0	-1.0	0.0	TRUE	G	2.6414347E-5	136.0	8.1028446E-4	0.994915	248.73018	0.020182543	0.013392674	193.0	0.0
SPIKE	S144:C>A	0	103830	0.0	-1.0	0.0	TRUE	C	3.858895E-5	144.0	0.0036894653	0.99258	248.73018	0.02792728	0.023181943	193.0	0.0
SPIKE	S144:C>G	0	103830	0.0	-1.0	0.0	TRUE	C	2.8780257E-4	1662.0	7.8554975E-4	0.9459686	468.5899	0.017994003	0.0103751095	193.0	0.0
SPIKE	S144:C>T	0	103830	0.0	-1.0	0.0	TRUE	C	2.1621282E-4	1059.0	7.9457083E-4	0.9591296	497.77682	0.021215513	0.023872435	193.0	0.0
SPIKE	S145:C>A	0	103830	0.0	-1.0	0.0	TRUE	C	2.8673736E-5	107.0	0.0036894653	0.99448127	248.73018	0.02792728	0.023181943	193.0	0.0
SPIKE	S145:C>G	0	103830	0.0	-1.0	0.0	TRUE	C	1.804394E-4	1042.0	7.8554975E-4	0.9657746	468.5899	0.017994003	0.0103751095	193.0	0.0
SPIKE	S145:C>T	0	103830	0.0	-1.0	0.0	TRUE	C	2.8175043E-4	1380.0	7.9457083E-4	0.94707423	497.77682	0.021215513	0.023872435	193.0	0.0
SPIKE	S146:C>A	0	103830	0.0	-1.0	0.0	TRUE	C	3.2961398E-5	123.0	0.0036894653	0.99365866	248.73018	0.02792728	0.023181943	193.0	0.0
SPIKE	S146:C>G	0	103830	0.0	-1.0	0.0	TRUE	C	0.0015176304	8764.0	7.8554975E-4	0.74609476	468.5899	0.017994003	0.0103751095	193.0	0.0
SPIKE	S146:C>T	0	103830	0.0	-1.0	0.0	TRUE	C	3.1380463E-4	1537.0	7.9457083E-4	0.9412333	497.77682	0.021215513	0.023872435	193.0	0.0
SPIKE	S147:G>A	0	103830	0.0	-1.0	0.0	TRUE	G	7.956971E-5	285.0	0.0018487194	0.98476034	497.77682	0.029042194	0.021573506	193.0	0.0
SPIKE	S147:G>C	0	103830	0.0	-1.0	0.0	TRUE	G	4.7815227E-4	2700.0	6.916764E-4	0.9118467	468.5899	0.018400338	0.012627958	193.0	0.0
SPIKE	S147:G>T	0	103830	0.0	-1.0	0.0	TRUE	G	0.0018365739	9456.0	8.1028446E-4	0.70155305	248.73018	0.020182543	0.013392674	193.0	0.0
SPIKE	S148:T>A	0	103830	0.0	-1.0	0.0	TRUE	T	2.8807888E-6	11.0	0.0019637635	0.9994442	94.72709	0.02724553	0.0069335233	193.0	0.0
SPIKE	S148:T>G	0	103830	0.0	-1.0	0.0	TRUE	T	0.0029074084	15861.0	3.8559726E-4	0.5705641	514.9277	0.019039951	0.01379882	193.0	0.0
SPIKE	S148:T>C	0	103830	0.0	-1.0	0.0	TRUE	T	2.582475E-4	1136.0	0.001525229	0.95137995	223.31546	0.023639789	0.015358298	193.0	0.0
SPIKE	S149:G>A	0	103830	0.0	-1.0	0.0	TRUE	G	1.8705863E-5	67.0	0.0018487194	0.9963963	497.77682	0.029042194	0.021573506	193.0	0.0
SPIKE	S149:G>C	0	103830	0.0	-1.0	0.0	TRUE	G	0.0020084167	11341.0	6.916764E-4	0.6786672	468.5899	0.018400338	0.012627958	193.0	0.0
SPIKE	S149:G>T	0	103830	0.0	-1.0	0.0	TRUE	G	8.598258E-4	4427.0	8.1028446E-4	0.8470917	248.73018	0.020182543	0.013392674	193.0	0.0
SPIKE	S150:C>A	0	103828	0.0	-1.0	0.0	TRUE	C	2.8406303E-5	106.0	0.0036894653	0.9945326	248.72539	0.02792728	0.023181943	193.0	0.0
SPIKE	S150:C>G	0	103828	0.0	-1.0	0.0	TRUE	C	0.0010043845	5800.0	7.8554975E-4	0.8237846	468.58087	0.017994003	0.0103751095	193.0	0.0
SPIKE	S150:C>T	0	103828	0.0	-1.0	0.0	TRUE	C	0.002747732	13458.0	7.9457083E-4	0.58842117	497.76724	0.021215513	0.023872435	193.0	0.0
SPIKE	S151:T>A	0	103822	0.0	-1.0	0.0	TRUE	T	6.809662E-6	26.0	0.0019637635	0.9986866	94.71979	0.02724553	0.0069335233	193.0	0.0
SPIKE	S151:T>G	0	103822	0.0	-1.0	0.0	TRUE	T	0.0030704201	16749.0	3.8559726E-4	0.5528928	514.888	0.019039951	0.01379882	193.0	0.0
SPIKE	S151:T>C	0	103822	0.0	-1.0	0.0	TRUE	T	8.550561E-4	3761.0	0.001525229	0.8478718	223.29825	0.023639789	0.015358298	193.0	0.0
SPIKE	S152:G>A	0	103798	0.0	-1.0	0.0	TRUE	G	2.5135025E-5	90.0	0.0018487194	0.9951607	497.6234	0.029042194	0.021573506	193.0	0.0
SPIKE	S152:G>C	0	103798	0.0	-1.0	0.0	TRUE	G	1.5943322E-5	90.0	6.916764E-4	0.9969277	468.4455	0.018400338	0.012627958	193.0	0.0
SPIKE	S152:G>T	0	103798	0.0	-1.0	0.0	TRUE	G	7.965604E-4	4100.0	8.1028446E-4	0.8574982	248.65352	0.020182543	0.013392674	193.0	0.0
SPIKE	S153:G>A	0	103651	0.0	-1.0	0.0	TRUE	G	1.7899145E-5	64.0	0.0018487194	0.99655145	496.91867	0.029042194	0.021573506	193.0	0.0
SPIKE	S153:G>C	0	103651	0.0	-1.0	0.0	TRUE	G	1.1176154E-5	63.0	6.916764E-4	0.99784535	467.78207	0.018400338	0.012627958	193.0	0.0
SPIKE	S153:G>T	0	103651	0.0	-1.0	0.0	TRUE	G	1.2451747E-5	64.0	8.1028446E-4	0.9975997	248.30136	0.020182543	0.013392674	193.0	0.0
