#pipeline_block
reference	mutation	count	coverage	freq	score	cqs	has.reference	ancestral.allele	error.rate	minor.count.local	minor.fdr	minor.recall	minor.count.global	read.fraction.in.minors	q.filtered.read.fraction	mig.size	global.est
SPIKE	S0:T>A	0	213143	0.0	-1.0	0.0	TRUE	T	5.678469E-6	11.0	5.0871144E-4	0.99971044	72.63534	0.11008562	0.016714292	51.0	0.0
SPIKE	S0:T>G	0	213143	0.0	-1.0	0.0	TRUE	T	7.4042335E-5	5.0	3.0863943E-4	0.99623096	259.57727	0.0608161	0.019482348	51.0	1.0
SPIKE	S0:T>C	0	213143	0.0	-1.0	0.0	TRUE	T	1.1832648E-5	32.0	6.061586E-4	0.99939674	180.10762	0.07886174	0.023467619	51.0	0.0
SPIKE	S1:A>G	0	213274	0.0	-1.0	0.0	TRUE	A	6.473387E-5	142.0	6.126869E-4	0.99670404	180.2183	0.09728531	0.02067826	51.0	0.0
SPIKE	S1:A>C	0	213274	0.0	-1.0	0.0	TRUE	A	1.2944748E-4	244.0	5.5483624E-4	0.99341995	259.73682	0.11320946	0.052303355	51.0	0.0
SPIKE	S1:A>T	0	213274	0.0	-1.0	0.0	TRUE	A	1.879514E-5	29.0	5.2538316E-4	0.9990419	72.67998	0.1382973	0.023052951	51.0	0.0
SPIKE	S2:G>A	0	213436	0.0	-1.0	0.0	TRUE	G	1.3204354E-5	53.0	1.4837761E-4	0.9993268	1541.0383	0.05318307	0.017895794	51.0	0.0
SPIKE	S2:G>C	0	213436	0.0	-1.0	0.0	TRUE	G	6.716921E-5	6.0	3.9812035E-4	0.99658024	213.65218	0.06712798	0.017218556	51.0	1.0
SPIKE	S2:G>T	0	213436	0.0	-1.0	0.0	TRUE	G	1.4056889E-5	43.0	4.6673065E-4	0.9992834	171.30923	0.06980575	0.021945214	51.0	0.0
SPIKE	S3:C>A	0	213600	0.0	-1.0	0.0	TRUE	C	3.5366031E-6	10.0	8.410177E-4	0.99981964	171.44086	0.07560543	0.020941693	51.0	0.0
SPIKE	S3:C>G	0	213600	0.0	-1.0	0.0	TRUE	C	6.9576945E-6	23.0	5.0085125E-4	0.99964523	213.81635	0.06464818	0.016341258	51.0	0.0
SPIKE	S3:C>T	0	213600	0.0	-1.0	0.0	TRUE	C	2.5707908E-4	954.0	4.826958E-4	0.98697454	1542.2225	0.057587642	0.023459256	51.0	0.0
SPIKE	S4:G>A	57	213722	2.667016E-4	105.26197	39.473682	TRUE	G	3.4111214E-4	1371.0	1.4837761E-4	0.98275375	1543.1034	0.05318307	0.017895794	51.0	0.0
SPIKE	S4:G>C	4	213722	1.8715902E-5	-1.0	40.0	TRUE	G	7.221198E-6	23.0	3.9812035E-4	0.99963176	213.93846	0.06712798	0.017218556	51.0	0.0
SPIKE	S4:G>T	12	213722	5.6147706E-5	-1.0	38.25	TRUE	G	4.24407E-6	13.0	4.6673065E-4	0.9997836	171.53877	0.06980575	0.021945214	51.0	0.0
SPIKE	S5:T>A	3	213806	1.4031411E-5	10.280287	35.333332	TRUE	T	3.7496135E-5	2.0	5.0871144E-4	0.99808955	72.861275	0.11008562	0.016714292	51.0	1.0
SPIKE	S5:T>G	1	213806	4.6771374E-6	-1.0	40.0	TRUE	T	5.1184343E-6	18.0	3.0863943E-4	0.999739	260.3847	0.0608161	0.019482348	51.0	0.0
SPIKE	S5:T>C	25	213806	1.1692843E-4	-1.0	39.44	TRUE	T	1.6956687E-5	46.0	6.061586E-4	0.99913555	180.66786	0.07886174	0.023467619	51.0	0.0
SPIKE	S6:G>A	38	213895	1.7765726E-4	-1.0	37.157894	TRUE	G	1.1932998E-5	48.0	1.4837761E-4	0.9993916	1544.3524	0.05318307	0.017895794	51.0	0.0
SPIKE	S6:G>C	2	213895	9.350382E-6	3.9120662	40.0	TRUE	G	6.716921E-5	3.0	3.9812035E-4	0.99658024	214.11163	0.06712798	0.017218556	51.0	1.0
SPIKE	S6:G>T	17	213895	7.9478246E-5	-1.0	38.941177	TRUE	G	5.5454493E-6	17.0	4.6673065E-4	0.99971724	171.67763	0.06980575	0.021945214	51.0	0.0
SPIKE	S7:A>G	4	213939	1.869692E-5	5.449171	39.75	TRUE	A	1.1452273E-4	252.0	6.126869E-4	0.9941764	180.78024	0.09728531	0.02067826	51.0	0.0
SPIKE	S7:A>C	9	213939	4.2068066E-5	28.342087	39.444443	TRUE	A	2.6443671E-5	50.0	5.5483624E-4	0.9986523	260.5467	0.11320946	0.052303355	51.0	0.0
SPIKE	D7-8:A>	168	213939	7.852706E-4	-1.0	39.86584	TRUE		NaN	NaN	NaN	NaN	NaN	NaN	NaN	NaN	NaN
SPIKE	I7:>A	4	213939	1.869692E-5	-1.0	39.86584	TRUE		NaN	NaN	NaN	NaN	NaN	NaN	NaN	NaN	NaN
SPIKE	S7:A>T	0	213939	0.0	-1.0	0.0	TRUE	A	1.4214062E-5	22.0	5.2538316E-4	0.9992753	72.9066	0.1382973	0.023052951	51.0	0.0
SPIKE	S8:A>G	2	213956	9.3477165E-6	7.269987	40.0	TRUE	A	2.5901893E-5	57.0	6.126869E-4	0.9986799	180.7946	0.09728531	0.02067826	51.0	0.0
SPIKE	S8:A>C	13	213956	6.0760158E-5	-1.0	40.0	TRUE	A	1.3749616E-5	26.0	5.5483624E-4	0.999299	260.56738	0.11320946	0.052303355	51.0	0.0
SPIKE	S8:A>T	0	213956	0.0	-1.0	0.0	TRUE	A	5.3621516E-5	83.0	5.2538316E-4	0.99726903	72.91239	0.1382973	0.023052951	51.0	0.0
SPIKE	I9:>G	2	213964	9.347367E-6	-1.0	39.97221	TRUE		NaN	NaN	NaN	NaN	NaN	NaN	NaN	NaN	NaN
SPIKE	S9:G>A	48	213964	2.243368E-4	-1.0	39.875	TRUE	G	6.461623E-6	26.0	1.4837761E-4	0.9996705	1544.8506	0.05318307	0.017895794	51.0	0.0
SPIKE	S9:G>C	2	213964	9.347367E-6	3.9120662	39.5	TRUE	G	6.716921E-5	0.0	3.9812035E-4	0.99658024	214.18071	0.06712798	0.017218556	51.0	1.0
SPIKE	S9:G>T	13	213964	6.0757884E-5	-1.0	38.846153	TRUE	G	7.826345E-6	24.0	4.6673065E-4	0.99960095	171.73302	0.06980575	0.021945214	51.0	0.0
SPIKE	D9-10:G>	34	213964	1.5890524E-4	-1.0	39.97221	TRUE		NaN	NaN	NaN	NaN	NaN	NaN	NaN	NaN	NaN
SPIKE	D9-11:GA>	14	213964	6.5431566E-5	-1.0	39.97221	TRUE		NaN	NaN	NaN	NaN	NaN	NaN	NaN	NaN	NaN
SPIKE	S10:A>G	8	213965	3.7389294E-5	25.331787	39.75	TRUE	A	2.4537603E-5	54.0	6.126869E-4	0.9987494	180.80222	0.09728531	0.02067826	51.0	0.0
SPIKE	S10:A>C	5	213965	2.3368308E-5	7.3154635	39.8	TRUE	A	1.3779622E-4	0.0	5.5483624E-4	0.99299705	260.57834	0.11320946	0.052303355	51.0	1.0
SPIKE	D10-11:A>	54	213965	2.5237774E-4	-1.0	39.966183	TRUE		NaN	NaN	NaN	NaN	NaN	NaN	NaN	NaN	NaN
SPIKE	D10-12:AC>	1	213965	4.673662E-6	-1.0	39.966183	TRUE		NaN	NaN	NaN	NaN	NaN	NaN	NaN	NaN	NaN
SPIKE	S10:A>T	0	213965	0.0	-1.0	0.0	TRUE	A	4.7104495E-5	1.0	5.2538316E-4	0.99760056	72.91546	0.1382973	0.023052951	51.0	1.0
SPIKE	S11:C>G	2	213966	9.347279E-6	3.9120662	40.0	TRUE	C	6.468125E-5	0.0	5.0085125E-4	0.99670666	214.18271	0.06464818	0.016341258	51.0	1.0
SPIKE	S11:C>T	5	213966	2.3368199E-5	2.5063212	38.6	TRUE	C	2.4856892E-4	924.0	4.826958E-4	0.987403	1544.8651	0.057587642	0.023459256	51.0	0.0
SPIKE	D11-12:C>	39	213966	1.8227195E-4	-1.0	39.84651	TRUE		NaN	NaN	NaN	NaN	NaN	NaN	NaN	NaN	NaN
SPIKE	S11:C>A	0	213966	0.0	-1.0	0.0	TRUE	C	6.0631824E-5	6.0	8.410177E-4	0.99691254	171.73462	0.07560543	0.020941693	51.0	1.0
SPIKE	I12:>G	1	213968	4.673596E-6	-1.0	39.912468	TRUE		NaN	NaN	NaN	NaN	NaN	NaN	NaN	NaN	NaN
SPIKE	S12:G>A	46	213968	2.1498541E-4	114.976166	39.739132	TRUE	G	1.12082205E-4	451.0	1.4837761E-4	0.9943001	1544.8795	0.05318307	0.017895794	51.0	0.0
SPIKE	S12:G>C	6	213968	2.8041577E-5	13.113299	40.0	TRUE	G	6.716921E-5	7.0	3.9812035E-4	0.99658024	214.18471	0.06712798	0.017218556	51.0	1.0
SPIKE	S12:G>T	18	213968	8.412473E-5	55.434788	39.444443	TRUE	G	5.600174E-5	6.0	4.6673065E-4	0.997148	171.73622	0.06980575	0.021945214	51.0	1.0
SPIKE	D12-13:G>	27	213968	1.261871E-4	-1.0	39.912468	TRUE		NaN	NaN	NaN	NaN	NaN	NaN	NaN	NaN	NaN
SPIKE	D12-14:GA>	1	213968	4.673596E-6	-1.0	39.912468	TRUE		NaN	NaN	NaN	NaN	NaN	NaN	NaN	NaN	NaN
SPIKE	S13:A>G	3	213968	1.40207885E-5	-1.0	40.0	TRUE	A	1.363181E-5	30.0	6.126869E-4	0.999305	180.80475	0.09728531	0.02067826	51.0	0.0
SPIKE	S13:A>C	12	213968	5.6083154E-5	22.940357	39.833332	TRUE	A	1.3779622E-4	0.0	5.5483624E-4	0.99299705	260.582	0.11320946	0.052303355	51.0	1.0
SPIKE	S13:A>T	1	213968	4.673596E-6	4.2596874	40.0	TRUE	A	4.7104495E-5	1.0	5.2538316E-4	0.99760056	72.91648	0.1382973	0.023052951	51.0	1.0
SPIKE	D13-14:A>	9	213968	4.2062366E-5	-1.0	39.958843	TRUE		NaN	NaN	NaN	NaN	NaN	NaN	NaN	NaN	NaN
SPIKE	S14:C>G	2	213968	9.347192E-6	-1.0	40.0	TRUE	C	6.0397633E-6	20.0	5.0085125E-4	0.999692	214.18471	0.06464818	0.016341258	51.0	0.0
SPIKE	S14:C>T	9	213968	4.2062366E-5	9.52325	39.88889	TRUE	C	2.063318E-4	767.0	4.826958E-4	0.98953223	1544.8795	0.057587642	0.023459256	51.0	0.0
SPIKE	D14-15:C>	10	213968	4.673596E-5	-1.0	39.893383	TRUE		NaN	NaN	NaN	NaN	NaN	NaN	NaN	NaN	NaN
SPIKE	S14:C>A	0	213968	0.0	-1.0	0.0	TRUE	C	6.0631824E-5	5.0	8.410177E-4	0.99691254	171.73622	0.07560543	0.020941693	51.0	1.0
SPIKE	S15:A>G	6	213968	2.8041577E-5	19.311188	40.0	TRUE	A	5.589042E-5	123.0	6.126869E-4	0.99715364	180.80475	0.09728531	0.02067826	51.0	0.0
SPIKE	S15:A>C	10	213968	4.673596E-5	-1.0	40.0	TRUE	A	7.4032246E-6	14.0	5.5483624E-4	0.9996225	260.582	0.11320946	0.052303355	51.0	0.0
SPIKE	D15-16:A>	6	213968	2.8041577E-5	-1.0	39.95043	TRUE		NaN	NaN	NaN	NaN	NaN	NaN	NaN	NaN	NaN
SPIKE	I15:>A	2	213968	9.347192E-6	-1.0	39.95043	TRUE		NaN	NaN	NaN	NaN	NaN	NaN	NaN	NaN	NaN
SPIKE	S15:A>T	0	213968	0.0	-1.0	0.0	TRUE	A	9.690092E-6	15.0	5.2538316E-4	0.99950594	72.91648	0.1382973	0.023052951	51.0	0.0
SPIKE	S16:G>A	45	213968	2.1031182E-4	-1.0	39.77778	TRUE	G	1.0934849E-5	44.0	1.4837761E-4	0.99944246	1544.8795	0.05318307	0.017895794	51.0	0.0
SPIKE	S16:G>T	21	213968	9.8145516E-5	-1.0	39.095238	TRUE	G	3.260916E-6	10.0	4.6673065E-4	0.9998337	171.73622	0.06980575	0.021945214	51.0	0.0
SPIKE	S16:G>C	4	213968	1.8694383E-5	8.284564	40.0	TRUE	G	6.716921E-5	1.0	3.9812035E-4	0.99658024	214.18471	0.06712798	0.017218556	51.0	1.0
SPIKE	D16-17:G>	8	213968	3.7388767E-5	-1.0	39.975586	TRUE		NaN	NaN	NaN	NaN	NaN	NaN	NaN	NaN	NaN
SPIKE	S17:A>G	5	213968	2.336798E-5	-1.0	40.0	TRUE	A	8.179086E-6	18.0	6.126869E-4	0.99958295	180.80475	0.09728531	0.02067826	51.0	0.0
SPIKE	S17:A>C	9	213968	4.2062366E-5	15.850103	39.444443	TRUE	A	1.3779622E-4	2.0	5.5483624E-4	0.99299705	260.582	0.11320946	0.052303355	51.0	1.0
SPIKE	D17-18:A>	21	213968	9.8145516E-5	-1.0	39.980362	TRUE		NaN	NaN	NaN	NaN	NaN	NaN	NaN	NaN	NaN
SPIKE	S17:A>T	0	213968	0.0	-1.0	0.0	TRUE	A	4.7104495E-5	6.0	5.2538316E-4	0.99760056	72.91648	0.1382973	0.023052951	51.0	1.0
SPIKE	S18:A>T	1	213968	4.673596E-6	4.2596874	40.0	TRUE	A	4.7104495E-5	4.0	5.2538316E-4	0.99760056	72.91648	0.1382973	0.023052951	51.0	1.0
SPIKE	S18:A>C	10	213968	4.673596E-5	18.164799	39.8	TRUE	A	1.3779622E-4	4.0	5.5483624E-4	0.99299705	260.582	0.11320946	0.052303355	51.0	1.0
SPIKE	S18:A>G	0	213968	0.0	-1.0	0.0	TRUE	A	1.363181E-5	30.0	6.126869E-4	0.999305	180.80475	0.09728531	0.02067826	51.0	0.0
SPIKE	S19:C>G	2	213968	9.347192E-6	3.9120662	39.0	TRUE	C	6.468125E-5	5.0	5.0085125E-4	0.99670666	214.18471	0.06464818	0.016341258	51.0	1.0
SPIKE	S19:C>A	2	213968	9.347192E-6	-1.0	40.0	TRUE	C	4.9427285E-6	14.0	8.410177E-4	0.99974793	171.73622	0.07560543	0.020941693	51.0	0.0
SPIKE	S19:C>T	4	213968	1.8694383E-5	13.290587	37.0	TRUE	C	4.5462937E-5	169.0	4.826958E-4	0.99768406	1544.8795	0.057587642	0.023459256	51.0	0.0
SPIKE	S20:C>G	1	213968	4.673596E-6	2.0412	40.0	TRUE	C	6.468125E-5	0.0	5.0085125E-4	0.99670666	214.18471	0.06464818	0.016341258	51.0	1.0
SPIKE	S20:C>A	63	213968	2.9443656E-4	-1.0	39.761906	TRUE	C	1.8358707E-5	52.0	8.410177E-4	0.99906415	171.73622	0.07560543	0.020941693	51.0	0.0
SPIKE	S20:C>T	3	213968	1.40207885E-5	-1.0	40.0	TRUE	C	9.415401E-6	35.0	4.826958E-4	0.99951994	1544.8795	0.057587642	0.023459256	51.0	0.0
SPIKE	S21:A>G	5	213968	2.336798E-5	-1.0	40.0	TRUE	A	1.2723022E-5	28.0	6.126869E-4	0.9993513	180.80475	0.09728531	0.02067826	51.0	0.0
SPIKE	S21:A>T	1	213968	4.673596E-6	4.2596874	40.0	TRUE	A	4.7104495E-5	7.0	5.2538316E-4	0.99760056	72.91648	0.1382973	0.023052951	51.0	1.0
SPIKE	S21:A>C	2	213968	9.347192E-6	2.2639637	40.0	TRUE	A	1.3779622E-4	5.0	5.5483624E-4	0.99299705	260.582	0.11320946	0.052303355	51.0	1.0
SPIKE	S22:A>T	213968	213968	1.0	9999.0	39.99637	FALSE	T	4.7104495E-5	0.0	5.2538316E-4	0.99760056	72.91648	0.1382973	0.023052951	51.0	1.0
SPIKE	S22:A>G	0	213968	0.0	-1.0	0.0	FALSE	T	8.215653E-5	0.0	6.126869E-4	0.9958188	180.80475	0.09728531	0.02067826	51.0	1.0
SPIKE	S22:A>C	0	213968	0.0	-1.0	0.0	FALSE	T	1.3779622E-4	0.0	5.5483624E-4	0.99299705	260.582	0.11320946	0.052303355	51.0	1.0
SPIKE	S23:A>G	0	213968	0.0	-1.0	0.0	TRUE	A	8.215653E-5	0.0	6.126869E-4	0.9958188	180.80475	0.09728531	0.02067826	51.0	1.0
SPIKE	S23:A>C	0	213968	0.0	-1.0	0.0	TRUE	A	1.3779622E-4	0.0	5.5483624E-4	0.99299705	260.582	0.11320946	0.052303355	51.0	1.0
SPIKE	S23:A>T	0	213968	0.0	-1.0	0.0	TRUE	A	4.7104495E-5	3.0	5.2538316E-4	0.99760056	72.91648	0.1382973	0.023052951	51.0	1.0
SPIKE	S24:A>T	213968	213968	1.0	9999.0	39.996414	FALSE	T	4.7104495E-5	0.0	5.2538316E-4	0.99760056	72.91648	0.1382973	0.023052951	51.0	1.0
SPIKE	S24:A>G	0	213968	0.0	-1.0	0.0	FALSE	T	8.215653E-5	0.0	6.126869E-4	0.9958188	180.80475	0.09728531	0.02067826	51.0	1.0
SPIKE	S24:A>C	0	213968	0.0	-1.0	0.0	FALSE	T	1.3779622E-4	0.0	5.5483624E-4	0.99299705	260.582	0.11320946	0.052303355	51.0	1.0
SPIKE	S25:A>C	213968	213968	1.0	9999.0	39.996365	FALSE	C	1.3779622E-4	0.0	5.5483624E-4	0.99299705	260.582	0.11320946	0.052303355	51.0	1.0
SPIKE	S25:A>G	0	213968	0.0	-1.0	0.0	FALSE	C	8.215653E-5	0.0	6.126869E-4	0.9958188	180.80475	0.09728531	0.02067826	51.0	1.0
SPIKE	S25:A>T	0	213968	0.0	-1.0	0.0	FALSE	C	4.7104495E-5	3.0	5.2538316E-4	0.99760056	72.91648	0.1382973	0.023052951	51.0	1.0
SPIKE	S26:T>C	1	213968	4.673596E-6	4.2596874	40.0	TRUE	T	2.1363983E-5	58.0	6.061586E-4	0.998911	180.80475	0.07886174	0.023467619	51.0	0.0
SPIKE	S26:T>A	0	213968	0.0	-1.0	0.0	TRUE	T	3.7496135E-5	4.0	5.0871144E-4	0.99808955	72.91648	0.11008562	0.016714292	51.0	1.0
SPIKE	S26:T>G	0	213968	0.0	-1.0	0.0	TRUE	T	7.4042335E-5	5.0	3.0863943E-4	0.99623096	260.582	0.0608161	0.019482348	51.0	1.0
SPIKE	S27:G>T	7	213968	3.2715172E-5	-1.0	37.714287	TRUE	G	7.174015E-6	22.0	4.6673065E-4	0.9996342	171.73622	0.06980575	0.021945214	51.0	0.0
SPIKE	S27:G>A	0	213968	0.0	-1.0	0.0	TRUE	G	7.952618E-6	32.0	1.4837761E-4	0.9995945	1544.8795	0.05318307	0.017895794	51.0	0.0
SPIKE	S27:G>C	0	213968	0.0	-1.0	0.0	TRUE	G	6.716921E-5	0.0	3.9812035E-4	0.99658024	214.18471	0.06712798	0.017218556	51.0	1.0
SPIKE	S28:G>A	2	213968	9.347192E-6	-1.0	40.0	TRUE	G	1.4662639E-5	59.0	1.4837761E-4	0.9992525	1544.8795	0.05318307	0.017895794	51.0	0.0
SPIKE	S28:G>T	5	213968	2.336798E-5	16.300888	39.2	TRUE	G	2.1195954E-5	65.0	4.6673065E-4	0.9989196	171.73622	0.06980575	0.021945214	51.0	0.0
SPIKE	S28:G>C	0	213968	0.0	-1.0	0.0	TRUE	G	6.716921E-5	0.0	3.9812035E-4	0.99658024	214.18471	0.06712798	0.017218556	51.0	1.0
SPIKE	S29:G>A	4	213968	1.8694383E-5	-1.0	40.0	TRUE	G	1.04378105E-5	42.0	1.4837761E-4	0.9994678	1544.8795	0.05318307	0.017895794	51.0	0.0
SPIKE	S29:G>T	4	213968	1.8694383E-5	13.290587	40.0	TRUE	G	5.600174E-5	4.0	4.6673065E-4	0.997148	171.73622	0.06980575	0.021945214	51.0	1.0
SPIKE	S29:G>C	0	213968	0.0	-1.0	0.0	TRUE	G	6.716921E-5	0.0	3.9812035E-4	0.99658024	214.18471	0.06712798	0.017218556	51.0	1.0
SPIKE	S30:A>G	0	213968	0.0	-1.0	0.0	TRUE	A	5.9071176E-6	13.0	6.126869E-4	0.99969876	180.80475	0.09728531	0.02067826	51.0	0.0
SPIKE	S30:A>C	0	213968	0.0	-1.0	0.0	TRUE	A	1.3779622E-4	0.0	5.5483624E-4	0.99299705	260.582	0.11320946	0.052303355	51.0	1.0
SPIKE	S30:A>T	0	213968	0.0	-1.0	0.0	TRUE	A	4.7104495E-5	2.0	5.2538316E-4	0.99760056	72.91648	0.1382973	0.023052951	51.0	1.0
SPIKE	S31:T>C	1	213968	4.673596E-6	-1.0	40.0	TRUE	T	5.8935125E-6	16.0	6.061586E-4	0.9996995	180.80475	0.07886174	0.023467619	51.0	0.0
SPIKE	S31:T>A	0	213968	0.0	-1.0	0.0	TRUE	T	3.7496135E-5	3.0	5.0871144E-4	0.99808955	72.91648	0.11008562	0.016714292	51.0	1.0
SPIKE	S31:T>G	0	213968	0.0	-1.0	0.0	TRUE	T	7.4042335E-5	0.0	3.0863943E-4	0.99623096	260.582	0.0608161	0.019482348	51.0	1.0
SPIKE	S32:C>T	5	213968	2.336798E-5	16.300888	39.8	TRUE	C	3.9813698E-5	148.0	4.826958E-4	0.99797153	1544.8795	0.057587642	0.023459256	51.0	0.0
SPIKE	S32:C>A	17	213968	7.9451136E-5	-1.0	38.588234	TRUE	C	4.589677E-6	13.0	8.410177E-4	0.99976593	171.73622	0.07560543	0.020941693	51.0	0.0
SPIKE	S32:C>G	0	213968	0.0	-1.0	0.0	TRUE	C	6.468125E-5	2.0	5.0085125E-4	0.99670666	214.18471	0.06464818	0.016341258	51.0	1.0
SPIKE	S33:C>T	1	213968	4.673596E-6	4.2596874	39.0	TRUE	C	3.28194E-5	122.0	4.826958E-4	0.9983276	1544.8795	0.057587642	0.023459256	51.0	0.0
SPIKE	S33:C>A	57	213968	2.6639499E-4	177.6077	39.57895	TRUE	C	2.2242279E-5	63.0	8.410177E-4	0.99886626	171.73622	0.07560543	0.020941693	51.0	0.0
SPIKE	S33:C>G	0	213968	0.0	-1.0	0.0	TRUE	C	6.468125E-5	2.0	5.0085125E-4	0.99670666	214.18471	0.06464818	0.016341258	51.0	1.0
SPIKE	S34:A>G	2	213968	9.347192E-6	7.269987	40.0	TRUE	A	4.2713003E-5	94.0	6.126869E-4	0.997824	180.80475	0.09728531	0.02067826	51.0	0.0
SPIKE	S34:A>C	0	213968	0.0	-1.0	0.0	TRUE	A	1.3779622E-4	6.0	5.5483624E-4	0.99299705	260.582	0.11320946	0.052303355	51.0	1.0
SPIKE	S34:A>T	0	213968	0.0	-1.0	0.0	TRUE	A	4.7104495E-5	9.0	5.2538316E-4	0.99760056	72.91648	0.1382973	0.023052951	51.0	1.0
SPIKE	S35:T>C	1	213968	4.673596E-6	2.0412	40.0	TRUE	T	7.330056E-5	199.0	6.061586E-4	0.99626863	180.80475	0.07886174	0.023467619	51.0	0.0
SPIKE	S35:T>A	2	213968	9.347192E-6	-1.0	40.0	TRUE	T	9.256212E-6	18.0	5.0871144E-4	0.99952805	72.91648	0.11008562	0.016714292	51.0	0.0
SPIKE	S35:T>G	0	213968	0.0	-1.0	0.0	TRUE	T	5.9669856E-6	21.0	3.0863943E-4	0.9996957	260.582	0.0608161	0.019482348	51.0	0.0
SPIKE	S36:T>C	1	213968	4.673596E-6	4.2596874	40.0	TRUE	T	2.1363983E-5	58.0	6.061586E-4	0.998911	180.80475	0.07886174	0.023467619	51.0	0.0
SPIKE	S36:T>A	0	213968	0.0	-1.0	0.0	TRUE	T	3.7496135E-5	1.0	5.0871144E-4	0.99808955	72.91648	0.11008562	0.016714292	51.0	1.0
SPIKE	S36:T>G	0	213968	0.0	-1.0	0.0	TRUE	T	7.4042335E-5	1.0	3.0863943E-4	0.99623096	260.582	0.0608161	0.019482348	51.0	1.0
SPIKE	S37:A>G	0	213968	0.0	-1.0	0.0	TRUE	A	4.2713003E-5	94.0	6.126869E-4	0.997824	180.80475	0.09728531	0.02067826	51.0	0.0
SPIKE	S37:A>C	0	213968	0.0	-1.0	0.0	TRUE	A	1.3779622E-4	1.0	5.5483624E-4	0.99299705	260.582	0.11320946	0.052303355	51.0	1.0
SPIKE	S37:A>T	0	213968	0.0	-1.0	0.0	TRUE	A	4.7104495E-5	1.0	5.2538316E-4	0.99760056	72.91648	0.1382973	0.023052951	51.0	1.0
SPIKE	S38:T>A	0	213968	0.0	-1.0	0.0	TRUE	T	3.7496135E-5	8.0	5.0871144E-4	0.99808955	72.91648	0.11008562	0.016714292	51.0	1.0
SPIKE	S38:T>G	0	213968	0.0	-1.0	0.0	TRUE	T	7.4042335E-5	0.0	3.0863943E-4	0.99623096	260.582	0.0608161	0.019482348	51.0	1.0
SPIKE	S38:T>C	0	213968	0.0	-1.0	0.0	TRUE	T	3.6834454E-6	10.0	6.061586E-4	0.9998122	180.80475	0.07886174	0.023467619	51.0	0.0
SPIKE	S39:C>T	15	213968	7.010394E-5	30.383287	40.0	TRUE	C	1.2535935E-4	466.0	4.826958E-4	0.9936271	1544.8795	0.057587642	0.023459256	51.0	0.0
SPIKE	S39:C>A	78	213968	3.645405E-4	240.82399	39.166668	TRUE	C	6.0631824E-5	6.0	8.410177E-4	0.99691254	171.73622	0.07560543	0.020941693	51.0	1.0
SPIKE	S39:C>G	1	213968	4.673596E-6	2.0412	40.0	TRUE	C	6.468125E-5	0.0	5.0085125E-4	0.99670666	214.18471	0.06464818	0.016341258	51.0	1.0
SPIKE	S40:G>T	4	213968	1.8694383E-5	-1.0	38.5	TRUE	G	1.2391481E-5	38.0	4.6673065E-4	0.99936825	171.73622	0.06980575	0.021945214	51.0	0.0
SPIKE	S40:G>A	6	213968	2.8041577E-5	19.311188	39.0	TRUE	G	4.8709782E-5	196.0	1.4837761E-4	0.9975189	1544.8795	0.05318307	0.017895794	51.0	0.0
SPIKE	S40:G>C	0	213968	0.0	-1.0	0.0	TRUE	G	6.716921E-5	1.0	3.9812035E-4	0.99658024	214.18471	0.06712798	0.017218556	51.0	1.0
SPIKE	S41:G>T	3	213968	1.40207885E-5	10.280287	37.333332	TRUE	G	5.600174E-5	6.0	4.6673065E-4	0.997148	171.73622	0.06980575	0.021945214	51.0	1.0
SPIKE	S41:G>A	6	213968	2.8041577E-5	-1.0	37.833332	TRUE	G	1.8638948E-5	75.0	1.4837761E-4	0.99904984	1544.8795	0.05318307	0.017895794	51.0	0.0
SPIKE	S41:G>C	0	213968	0.0	-1.0	0.0	TRUE	G	6.716921E-5	1.0	3.9812035E-4	0.99658024	214.18471	0.06712798	0.017218556	51.0	1.0
SPIKE	S42:C>T	25	213968	1.168399E-4	34.51929	39.8	TRUE	C	3.0828716E-4	1146.0	4.826958E-4	0.98440033	1544.8795	0.057587642	0.023459256	51.0	0.0
SPIKE	S42:C>A	11	213968	5.1409555E-5	34.362686	39.272728	TRUE	C	6.0631824E-5	2.0	8.410177E-4	0.99691254	171.73622	0.07560543	0.020941693	51.0	1.0
SPIKE	S42:C>G	0	213968	0.0	-1.0	0.0	TRUE	C	6.468125E-5	3.0	5.0085125E-4	0.99670666	214.18471	0.06464818	0.016341258	51.0	1.0
SPIKE	S43:G>T	5	213968	2.336798E-5	16.300888	39.6	TRUE	G	5.600174E-5	8.0	4.6673065E-4	0.997148	171.73622	0.06980575	0.021945214	51.0	1.0
SPIKE	S43:G>A	7	213968	3.2715172E-5	22.321487	38.285713	TRUE	G	4.672163E-5	188.0	1.4837761E-4	0.99762005	1544.8795	0.05318307	0.017895794	51.0	0.0
SPIKE	S43:G>C	0	213968	0.0	-1.0	0.0	TRUE	G	6.716921E-5	0.0	3.9812035E-4	0.99658024	214.18471	0.06712798	0.017218556	51.0	1.0
SPIKE	S44:G>C	1	213968	4.673596E-6	2.0412	40.0	TRUE	G	6.716921E-5	0.0	3.9812035E-4	0.99658024	214.18471	0.06712798	0.017218556	51.0	1.0
SPIKE	S44:G>T	3	213968	1.40207885E-5	10.280287	39.333332	TRUE	G	5.600174E-5	8.0	4.6673065E-4	0.997148	171.73622	0.06980575	0.021945214	51.0	1.0
SPIKE	S44:G>A	5	213968	2.336798E-5	7.3154635	38.8	TRUE	G	1.14567396E-4	461.0	1.4837761E-4	0.9941741	1544.8795	0.05318307	0.017895794	51.0	0.0
SPIKE	S45:C>T	30	213968	1.4020788E-4	56.184185	39.2	TRUE	C	2.2220348E-4	826.0	4.826958E-4	0.98873156	1544.8795	0.057587642	0.023459256	51.0	0.0
SPIKE	S45:C>A	16	213968	7.4777534E-5	49.41419	39.6875	TRUE	C	6.0631824E-5	9.0	8.410177E-4	0.99691254	171.73622	0.07560543	0.020941693	51.0	1.0
SPIKE	S45:C>G	0	213968	0.0	-1.0	0.0	TRUE	C	6.468125E-5	2.0	5.0085125E-4	0.99670666	214.18471	0.06464818	0.016341258	51.0	1.0
SPIKE	S46:G>T	2	213968	9.347192E-6	7.269987	40.0	TRUE	G	5.600174E-5	3.0	4.6673065E-4	0.997148	171.73622	0.06980575	0.021945214	51.0	1.0
SPIKE	S46:G>A	5	213968	2.336798E-5	5.1061287	38.2	TRUE	G	1.8514688E-4	745.0	1.4837761E-4	0.99060196	1544.8795	0.05318307	0.017895794	51.0	0.0
SPIKE	S46:G>C	0	213968	0.0	-1.0	0.0	TRUE	G	6.716921E-5	2.0	3.9812035E-4	0.99658024	214.18471	0.06712798	0.017218556	51.0	1.0
SPIKE	S47:A>G	1	213968	4.673596E-6	-1.0	40.0	TRUE	A	5.9071176E-6	13.0	6.126869E-4	0.99969876	180.80475	0.09728531	0.02067826	51.0	0.0
SPIKE	S47:A>C	0	213968	0.0	-1.0	0.0	TRUE	A	1.3779622E-4	0.0	5.5483624E-4	0.99299705	260.582	0.11320946	0.052303355	51.0	1.0
SPIKE	S47:A>T	0	213968	0.0	-1.0	0.0	TRUE	A	4.7104495E-5	4.0	5.2538316E-4	0.99760056	72.91648	0.1382973	0.023052951	51.0	1.0
SPIKE	S48:A>C	1	213968	4.673596E-6	1.0720997	39.0	TRUE	A	1.3779622E-4	8.0	5.5483624E-4	0.99299705	260.582	0.11320946	0.052303355	51.0	1.0
SPIKE	S48:A>G	2	213968	9.347192E-6	-1.0	38.0	TRUE	A	1.8175746E-5	40.0	6.126869E-4	0.99907345	180.80475	0.09728531	0.02067826	51.0	0.0
SPIKE	S48:A>T	0	213968	0.0	-1.0	0.0	TRUE	A	2.0672196E-5	32.0	5.2538316E-4	0.99894625	72.91648	0.1382973	0.023052951	51.0	0.0
SPIKE	I49:>T	1	213968	4.673596E-6	-1.0	39.911926	TRUE		NaN	NaN	NaN	NaN	NaN	NaN	NaN	NaN	NaN
SPIKE	D49-50:T>	3	213968	1.40207885E-5	-1.0	39.911926	TRUE		NaN	NaN	NaN	NaN	NaN	NaN	NaN	NaN	NaN
SPIKE	S49:T>A	0	213968	0.0	-1.0	0.0	TRUE	T	6.685042E-6	13.0	5.0871144E-4	0.9996591	72.91648	0.11008562	0.016714292	51.0	0.0
SPIKE	S49:T>G	0	213968	0.0	-1.0	0.0	TRUE	T	7.4042335E-5	7.0	3.0863943E-4	0.99623096	260.582	0.0608161	0.019482348	51.0	1.0
SPIKE	S49:T>C	0	213968	0.0	-1.0	0.0	TRUE	T	1.2155369E-5	33.0	6.061586E-4	0.9993803	180.80475	0.07886174	0.023467619	51.0	0.0
SPIKE	S50:T>A	1	213968	4.673596E-6	4.2596874	38.0	TRUE	T	3.7496135E-5	2.0	5.0871144E-4	0.99808955	72.91648	0.11008562	0.016714292	51.0	1.0
SPIKE	S50:T>G	0	213968	0.0	-1.0	0.0	TRUE	T	7.4042335E-5	4.0	3.0863943E-4	0.99623096	260.582	0.0608161	0.019482348	51.0	1.0
SPIKE	S50:T>C	0	213968	0.0	-1.0	0.0	TRUE	T	9.208613E-6	25.0	6.061586E-4	0.9995305	180.80475	0.07886174	0.023467619	51.0	0.0
SPIKE	S51:T>A	0	213968	0.0	-1.0	0.0	TRUE	T	4.5252593E-5	88.0	5.0871144E-4	0.9976948	72.91648	0.11008562	0.016714292	51.0	0.0
SPIKE	S51:T>G	0	213968	0.0	-1.0	0.0	TRUE	T	7.4042335E-5	4.0	3.0863943E-4	0.99623096	260.582	0.0608161	0.019482348	51.0	1.0
SPIKE	S51:T>C	0	213968	0.0	-1.0	0.0	TRUE	T	1.8785571E-5	51.0	6.061586E-4	0.9990424	180.80475	0.07886174	0.023467619	51.0	0.0
SPIKE	S52:A>G	1	213968	4.673596E-6	2.0412	40.0	TRUE	A	7.406617E-5	163.0	6.126869E-4	0.99622977	180.80475	0.09728531	0.02067826	51.0	0.0
SPIKE	S52:A>C	0	213968	0.0	-1.0	0.0	TRUE	A	4.547695E-5	86.0	5.5483624E-4	0.99768335	260.582	0.11320946	0.052303355	51.0	0.0
SPIKE	S52:A>T	0	213968	0.0	-1.0	0.0	TRUE	A	7.7520735E-6	12.0	5.2538316E-4	0.9996047	72.91648	0.1382973	0.023052951	51.0	0.0
SPIKE	S53:C>T	15	213968	7.010394E-5	12.461487	39.2	TRUE	C	3.446037E-4	1281.0	4.826958E-4	0.98257875	1544.8795	0.057587642	0.023459256	51.0	0.0
SPIKE	S53:C>G	5	213968	2.336798E-5	-1.0	38.8	TRUE	C	9.059645E-6	30.0	5.0085125E-4	0.99953806	214.18471	0.06464818	0.016341258	51.0	0.0
SPIKE	S53:C>A	2	213968	9.347192E-6	-1.0	40.0	TRUE	C	4.589677E-6	13.0	8.410177E-4	0.99976593	171.73622	0.07560543	0.020941693	51.0	0.0
SPIKE	S54:C>T	6	213968	2.8041577E-5	19.311188	40.0	TRUE	C	3.443347E-5	128.0	4.826958E-4	0.9982454	1544.8795	0.057587642	0.023459256	51.0	0.0
SPIKE	S54:C>A	95	213968	4.4399162E-4	291.99908	40.0	TRUE	C	4.0247935E-5	114.0	8.410177E-4	0.9979495	171.73622	0.07560543	0.020941693	51.0	0.0
SPIKE	S54:C>G	0	213968	0.0	-1.0	0.0	TRUE	C	6.468125E-5	4.0	5.0085125E-4	0.99670666	214.18471	0.06464818	0.016341258	51.0	1.0
SPIKE	S55:A>T	1	213968	4.673596E-6	4.2596874	40.0	TRUE	A	4.7104495E-5	4.0	5.2538316E-4	0.99760056	72.91648	0.1382973	0.023052951	51.0	1.0
SPIKE	S55:A>C	1	213968	4.673596E-6	0.57991946	40.0	TRUE	A	1.5705412E-4	297.0	5.5483624E-4	0.9920222	260.582	0.11320946	0.052303355	51.0	0.0
SPIKE	S55:A>G	7	213968	3.2715172E-5	22.321487	40.0	TRUE	A	2.3174078E-5	51.0	6.126869E-4	0.9988188	180.80475	0.09728531	0.02067826	51.0	0.0
SPIKE	S56:C>T	7	213968	3.2715172E-5	22.321487	40.0	TRUE	C	3.2281376E-5	120.0	4.826958E-4	0.99835503	1544.8795	0.057587642	0.023459256	51.0	0.0
SPIKE	S56:C>A	10	213968	4.673596E-5	-1.0	40.0	TRUE	C	1.4828186E-5	42.0	8.410177E-4	0.99924403	171.73622	0.07560543	0.020941693	51.0	0.0
SPIKE	S56:C>G	0	213968	0.0	-1.0	0.0	TRUE	C	6.468125E-5	7.0	5.0085125E-4	0.99670666	214.18471	0.06464818	0.016341258	51.0	1.0
SPIKE	S57:C>T	7	213968	3.2715172E-5	-1.0	40.0	TRUE	C	5.649241E-6	21.0	4.826958E-4	0.99971193	1544.8795	0.057587642	0.023459256	51.0	0.0
SPIKE	S57:C>G	1	213968	4.673596E-6	2.0412	40.0	TRUE	C	6.468125E-5	0.0	5.0085125E-4	0.99670666	214.18471	0.06464818	0.016341258	51.0	1.0
SPIKE	S57:C>A	95	213968	4.4399162E-4	291.99908	40.0	TRUE	C	5.1545598E-5	146.0	8.410177E-4	0.99737465	171.73622	0.07560543	0.020941693	51.0	0.0
SPIKE	S58:A>T	1	213968	4.673596E-6	2.0412	40.0	TRUE	A	6.3954605E-5	99.0	5.2538316E-4	0.9967436	72.91648	0.1382973	0.023052951	51.0	0.0
SPIKE	S58:A>C	1	213968	4.673596E-6	0.57991946	40.0	TRUE	A	1.5705412E-4	297.0	5.5483624E-4	0.9920222	260.582	0.11320946	0.052303355	51.0	0.0
SPIKE	S58:A>G	3	213968	1.40207885E-5	-1.0	40.0	TRUE	A	1.4086204E-5	31.0	6.126869E-4	0.9992819	180.80475	0.09728531	0.02067826	51.0	0.0
SPIKE	S59:T>C	3	213968	1.40207885E-5	6.0206	40.0	TRUE	T	7.293221E-5	198.0	6.061586E-4	0.99628735	180.80475	0.07886174	0.023467619	51.0	0.0
SPIKE	S59:T>A	0	213968	0.0	-1.0	0.0	TRUE	T	1.6815453E-4	327.0	5.0871144E-4	0.9914608	72.91648	0.11008562	0.016714292	51.0	0.0
SPIKE	S59:T>G	0	213968	0.0	-1.0	0.0	TRUE	T	3.6938482E-6	13.0	3.0863943E-4	0.99981165	260.582	0.0608161	0.019482348	51.0	0.0
SPIKE	S60:T>C	4	213968	1.8694383E-5	13.290587	40.0	TRUE	T	3.6466106E-5	99.0	6.061586E-4	0.99814194	180.80475	0.07886174	0.023467619	51.0	0.0
SPIKE	S60:T>A	0	213968	0.0	-1.0	0.0	TRUE	T	3.7496135E-5	5.0	5.0871144E-4	0.99808955	72.91648	0.11008562	0.016714292	51.0	1.0
SPIKE	S60:T>G	0	213968	0.0	-1.0	0.0	TRUE	T	2.6425221E-5	93.0	3.0863943E-4	0.99865323	260.582	0.0608161	0.019482348	51.0	0.0
SPIKE	S61:G>T	4	213968	1.8694383E-5	8.284564	40.0	TRUE	G	1.0174058E-4	312.0	4.6673065E-4	0.99482465	171.73622	0.06980575	0.021945214	51.0	0.0
SPIKE	S61:G>A	4	213968	1.8694383E-5	13.290587	40.0	TRUE	G	3.60353E-5	145.0	1.4837761E-4	0.9981639	1544.8795	0.05318307	0.017895794	51.0	0.0
SPIKE	S61:G>C	0	213968	0.0	-1.0	0.0	TRUE	G	6.716921E-5	4.0	3.9812035E-4	0.99658024	214.18471	0.06712798	0.017218556	51.0	1.0
SPIKE	S62:A>T	1	213968	4.673596E-6	4.2596874	40.0	TRUE	A	4.7104495E-5	1.0	5.2538316E-4	0.99760056	72.91648	0.1382973	0.023052951	51.0	1.0
SPIKE	S62:A>G	2	213968	9.347192E-6	1.3408211	40.0	TRUE	A	1.6994323E-4	374.0	6.126869E-4	0.9913703	180.80475	0.09728531	0.02067826	51.0	0.0
SPIKE	D62-63:A>	10	213968	4.673596E-5	-1.0	40.0	TRUE		NaN	NaN	NaN	NaN	NaN	NaN	NaN	NaN	NaN
SPIKE	S62:A>C	0	213968	0.0	-1.0	0.0	TRUE	A	1.3779622E-4	1.0	5.5483624E-4	0.99299705	260.582	0.11320946	0.052303355	51.0	1.0
SPIKE	S63:A>T	3	213968	1.40207885E-5	-1.0	40.0	TRUE	A	1.4212134E-5	22.0	5.2538316E-4	0.99927545	72.91648	0.1382973	0.023052951	51.0	0.0
SPIKE	S63:A>G	3	213968	1.40207885E-5	-1.0	40.0	TRUE	A	7.724692E-6	17.0	6.126869E-4	0.99960613	180.80475	0.09728531	0.02067826	51.0	0.0
SPIKE	S63:A>C	0	213968	0.0	-1.0	0.0	TRUE	A	1.3779622E-4	8.0	5.5483624E-4	0.99299705	260.582	0.11320946	0.052303355	51.0	1.0
SPIKE	S64:A>G	1	213968	4.673596E-6	-1.0	40.0	TRUE	A	9.087873E-6	20.0	6.126869E-4	0.99953663	180.80475	0.09728531	0.02067826	51.0	0.0
SPIKE	S64:A>C	1	213968	4.673596E-6	-1.0	40.0	TRUE	A	5.8168193E-6	11.0	5.5483624E-4	0.9997034	260.582	0.11320946	0.052303355	51.0	0.0
SPIKE	S64:A>T	1	213968	4.673596E-6	4.2596874	40.0	TRUE	A	4.7104495E-5	5.0	5.2538316E-4	0.99760056	72.91648	0.1382973	0.023052951	51.0	1.0
SPIKE	S65:A>G	3	213968	1.40207885E-5	10.280287	40.0	TRUE	A	2.1356502E-5	47.0	6.126869E-4	0.99891144	180.80475	0.09728531	0.02067826	51.0	0.0
SPIKE	S65:A>C	1	213968	4.673596E-6	0.57991946	40.0	TRUE	A	1.8666702E-4	353.0	5.5483624E-4	0.9905251	260.582	0.11320946	0.052303355	51.0	0.0
SPIKE	S65:A>T	0	213968	0.0	-1.0	0.0	TRUE	A	4.7104495E-5	4.0	5.2538316E-4	0.99760056	72.91648	0.1382973	0.023052951	51.0	1.0
SPIKE	S66:C>A	20	213968	9.347192E-5	61.455387	40.0	TRUE	C	2.2242279E-5	63.0	8.410177E-4	0.99886626	171.73622	0.07560543	0.020941693	51.0	0.0
SPIKE	S66:C>G	1	213968	4.673596E-6	2.0412	40.0	TRUE	C	6.468125E-5	9.0	5.0085125E-4	0.99670666	214.18471	0.06464818	0.016341258	51.0	1.0
SPIKE	S66:C>T	8	213968	3.7388767E-5	25.331787	40.0	TRUE	C	6.133461E-5	228.0	4.826958E-4	0.99687684	1544.8795	0.057587642	0.023459256	51.0	0.0
SPIKE	S67:C>A	68	213968	3.1780454E-4	182.91243	40.0	TRUE	C	1.2462738E-4	353.0	8.410177E-4	0.99366415	171.73622	0.07560543	0.020941693	51.0	0.0
SPIKE	S67:C>T	8	213968	3.7388767E-5	-1.0	40.0	TRUE	C	1.9368827E-5	72.0	4.826958E-4	0.99901265	1544.8795	0.057587642	0.023459256	51.0	0.0
SPIKE	S67:C>G	0	213968	0.0	-1.0	0.0	TRUE	C	6.468125E-5	1.0	5.0085125E-4	0.99670666	214.18471	0.06464818	0.016341258	51.0	1.0
SPIKE	S68:A>G	4	213968	1.8694383E-5	3.6487768	40.0	TRUE	A	1.867558E-4	411.0	6.126869E-4	0.99052066	180.80475	0.09728531	0.02067826	51.0	0.0
SPIKE	S68:A>C	1	213968	4.673596E-6	4.2596874	40.0	TRUE	A	4.230414E-5	80.0	5.5483624E-4	0.9978448	260.582	0.11320946	0.052303355	51.0	0.0
SPIKE	S68:A>T	1	213968	4.673596E-6	-1.0	40.0	TRUE	A	7.7520735E-6	12.0	5.2538316E-4	0.9996047	72.91648	0.1382973	0.023052951	51.0	0.0
SPIKE	I69:>CG	1	213968	4.673596E-6	-1.0	40.0	TRUE		NaN	NaN	NaN	NaN	NaN	NaN	NaN	NaN	NaN
SPIKE	S69:G>A	5	213968	2.336798E-5	10.658173	40.0	TRUE	G	7.3561714E-5	296.0	1.4837761E-4	0.9962554	1544.8795	0.05318307	0.017895794	51.0	0.0
SPIKE	S69:G>T	7	213968	3.2715172E-5	22.321487	40.0	TRUE	G	5.600174E-5	6.0	4.6673065E-4	0.997148	171.73622	0.06980575	0.021945214	51.0	1.0
SPIKE	S69:G>C	0	213968	0.0	-1.0	0.0	TRUE	G	1.04116574E-4	332.0	3.9812035E-4	0.9947041	214.18471	0.06712798	0.017218556	51.0	0.0
SPIKE	S70:C>A	12	213968	5.6083154E-5	37.372986	40.0	TRUE	C	6.0631824E-5	7.0	8.410177E-4	0.99691254	171.73622	0.07560543	0.020941693	51.0	1.0
SPIKE	S70:C>T	32	213968	1.4955507E-4	50.150024	40.0	TRUE	C	2.7735083E-4	1031.0	4.826958E-4	0.9859547	1544.8795	0.057587642	0.023459256	51.0	0.0
SPIKE	D70-71:C>	2	213968	9.347192E-6	-1.0	40.0	TRUE		NaN	NaN	NaN	NaN	NaN	NaN	NaN	NaN	NaN
SPIKE	S70:C>G	0	213968	0.0	-1.0	0.0	TRUE	C	1.9327243E-5	64.0	5.0085125E-4	0.9990148	214.18471	0.06464818	0.016341258	51.0	0.0
SPIKE	S71:C>A	73	213968	3.411725E-4	-1.0	40.0	TRUE	C	1.0238509E-5	29.0	8.410177E-4	0.999478	171.73622	0.07560543	0.020941693	51.0	0.0
SPIKE	S71:C>T	6	213968	2.8041577E-5	-1.0	40.0	TRUE	C	1.0760459E-5	40.0	4.826958E-4	0.99945134	1544.8795	0.057587642	0.023459256	51.0	0.0
SPIKE	S71:C>G	0	213968	0.0	-1.0	0.0	TRUE	C	9.3616334E-5	310.0	5.0085125E-4	0.99523693	214.18471	0.06464818	0.016341258	51.0	0.0
SPIKE	S72:G>A	18	213968	8.412473E-5	38.07082	40.0	TRUE	G	1.3047263E-4	525.0	1.4837761E-4	0.99336797	1544.8795	0.05318307	0.017895794	51.0	0.0
SPIKE	S72:G>T	1	213968	4.673596E-6	2.0412	40.0	TRUE	G	6.424004E-5	197.0	4.6673065E-4	0.99672914	171.73622	0.06980575	0.021945214	51.0	0.0
SPIKE	D72-73:G>	1	213968	4.673596E-6	-1.0	39.999813	TRUE		NaN	NaN	NaN	NaN	NaN	NaN	NaN	NaN	NaN
SPIKE	S72:G>C	0	213968	0.0	-1.0	0.0	TRUE	G	2.25795E-5	72.0	3.9812035E-4	0.9988491	214.18471	0.06712798	0.017218556	51.0	0.0
SPIKE	S73:T>G	1	213968	4.673596E-6	2.0412	40.0	TRUE	T	9.376692E-5	330.0	3.0863943E-4	0.9952293	260.582	0.0608161	0.019482348	51.0	0.0
SPIKE	S73:T>A	0	213968	0.0	-1.0	0.0	TRUE	T	3.7496135E-5	4.0	5.0871144E-4	0.99808955	72.91648	0.11008562	0.016714292	51.0	1.0
SPIKE	S73:T>C	0	213968	0.0	-1.0	0.0	TRUE	T	5.8935125E-6	16.0	6.061586E-4	0.9996995	180.80475	0.07886174	0.023467619	51.0	0.0
SPIKE	S74:G>A	6	213968	2.8041577E-5	-1.0	40.0	TRUE	G	5.964463E-6	24.0	1.4837761E-4	0.99969584	1544.8795	0.05318307	0.017895794	51.0	0.0
SPIKE	S74:G>C	1	213968	4.673596E-6	2.0412	40.0	TRUE	G	6.716921E-5	6.0	3.9812035E-4	0.99658024	214.18471	0.06712798	0.017218556	51.0	1.0
SPIKE	S74:G>T	10	213968	4.673596E-5	31.352386	40.0	TRUE	G	3.065261E-5	94.0	4.6673065E-4	0.99843794	171.73622	0.06980575	0.021945214	51.0	0.0
SPIKE	D74-75:G>	1	213968	4.673596E-6	-1.0	40.0	TRUE		NaN	NaN	NaN	NaN	NaN	NaN	NaN	NaN	NaN
SPIKE	S75:G>A	4	213968	1.8694383E-5	13.290587	40.0	TRUE	G	2.5597488E-5	103.0	1.4837761E-4	0.9986954	1544.8795	0.05318307	0.017895794	51.0	0.0
SPIKE	S75:G>C	2	213968	9.347192E-6	3.9120662	40.0	TRUE	G	6.716921E-5	6.0	3.9812035E-4	0.99658024	214.18471	0.06712798	0.017218556	51.0	1.0
SPIKE	S75:G>T	2	213968	9.347192E-6	2.2639637	40.0	TRUE	G	1.05327585E-4	323.0	4.6673065E-4	0.9946427	171.73622	0.06980575	0.021945214	51.0	0.0
SPIKE	S76:T>C	2	213968	9.347192E-6	-1.0	40.0	TRUE	T	1.2892058E-5	35.0	6.061586E-4	0.99934274	180.80475	0.07886174	0.023467619	51.0	0.0
SPIKE	S76:T>A	0	213968	0.0	-1.0	0.0	TRUE	T	3.7496135E-5	3.0	5.0871144E-4	0.99808955	72.91648	0.11008562	0.016714292	51.0	1.0
SPIKE	S76:T>G	0	213968	0.0	-1.0	0.0	TRUE	T	2.1310661E-5	75.0	3.0863943E-4	0.99891376	260.582	0.0608161	0.019482348	51.0	0.0
SPIKE	S77:T>A	1	213968	4.673596E-6	4.2596874	40.0	TRUE	T	3.7496135E-5	2.0	5.0871144E-4	0.99808955	72.91648	0.11008562	0.016714292	51.0	1.0
SPIKE	S77:T>C	1	213968	4.673596E-6	-1.0	40.0	TRUE	T	7.3668907E-6	20.0	6.061586E-4	0.9996244	180.80475	0.07886174	0.023467619	51.0	0.0
SPIKE	S77:T>G	0	213968	0.0	-1.0	0.0	TRUE	T	7.4042335E-5	7.0	3.0863943E-4	0.99623096	260.582	0.0608161	0.019482348	51.0	1.0
SPIKE	S78:T>A	1	213968	4.673596E-6	4.2596874	40.0	TRUE	T	3.7496135E-5	5.0	5.0871144E-4	0.99808955	72.91648	0.11008562	0.016714292	51.0	1.0
SPIKE	S78:T>G	0	213968	0.0	-1.0	0.0	TRUE	T	1.0172289E-4	358.0	3.0863943E-4	0.99482554	260.582	0.0608161	0.019482348	51.0	0.0
SPIKE	S78:T>C	0	213968	0.0	-1.0	0.0	TRUE	T	1.5102126E-5	41.0	6.061586E-4	0.9992301	180.80475	0.07886174	0.023467619	51.0	0.0
SPIKE	S79:G>A	6	213968	2.8041577E-5	-1.0	40.0	TRUE	G	1.9384506E-5	78.0	1.4837761E-4	0.9990119	1544.8795	0.05318307	0.017895794	51.0	0.0
SPIKE	S79:G>T	2	213968	9.347192E-6	-1.0	40.0	TRUE	G	1.3043664E-5	40.0	4.6673065E-4	0.999335	171.73622	0.06980575	0.021945214	51.0	0.0
SPIKE	D79-96:GCGGCGATTTATCGTCG>	1	213968	4.673596E-6	-1.0	39.999813	TRUE		NaN	NaN	NaN	NaN	NaN	NaN	NaN	NaN	NaN
SPIKE	S79:G>C	0	213968	0.0	-1.0	0.0	TRUE	G	1.0662541E-4	340.0	3.9812035E-4	0.9945769	214.18471	0.06712798	0.017218556	51.0	0.0
SPIKE	S80:C>A	11	213968	5.1409555E-5	34.362686	40.0	TRUE	C	6.0631824E-5	3.0	8.410177E-4	0.99691254	171.73622	0.07560543	0.020941693	51.0	1.0
SPIKE	S80:C>T	44	213968	2.0563822E-4	37.836216	40.0	TRUE	C	7.139564E-4	2654.0	4.826958E-4	0.9642432	1544.8795	0.057587642	0.023459256	51.0	0.0
SPIKE	S80:C>G	0	213968	0.0	-1.0	0.0	TRUE	C	1.150575E-4	381.0	5.0085125E-4	0.99414927	214.18471	0.06464818	0.016341258	51.0	0.0
SPIKE	S81:G>A	10	213968	4.673596E-5	31.352386	40.0	TRUE	G	5.044942E-5	203.0	1.4837761E-4	0.9974304	1544.8795	0.05318307	0.017895794	51.0	0.0
SPIKE	S81:G>T	3	213968	1.40207885E-5	-1.0	40.0	TRUE	G	8.15229E-6	25.0	4.6673065E-4	0.9995843	171.73622	0.06980575	0.021945214	51.0	0.0
SPIKE	S81:G>C	0	213968	0.0	-1.0	0.0	TRUE	G	1.2544166E-5	40.0	3.9812035E-4	0.99936044	214.18471	0.06712798	0.017218556	51.0	0.0
SPIKE	S82:G>A	5	213968	2.336798E-5	16.300888	40.0	TRUE	G	6.0141672E-5	242.0	1.4837761E-4	0.99693745	1544.8795	0.05318307	0.017895794	51.0	0.0
SPIKE	S82:G>T	2	213968	9.347192E-6	7.269987	40.0	TRUE	G	5.600174E-5	3.0	4.6673065E-4	0.997148	171.73622	0.06980575	0.021945214	51.0	1.0
SPIKE	S82:G>C	0	213968	0.0	-1.0	0.0	TRUE	G	1.0443018E-4	333.0	3.9812035E-4	0.9946882	214.18471	0.06712798	0.017218556	51.0	0.0
SPIKE	S83:C>G	4	213968	1.8694383E-5	5.449171	40.0	TRUE	C	1.1294358E-4	374.0	5.0085125E-4	0.99425644	214.18471	0.06464818	0.016341258	51.0	0.0
SPIKE	S83:C>A	12	213968	5.6083154E-5	37.372986	40.0	TRUE	C	6.0631824E-5	7.0	8.410177E-4	0.99691254	171.73622	0.07560543	0.020941693	51.0	1.0
SPIKE	S83:C>T	46	213968	2.1498541E-4	63.01735	40.0	TRUE	C	4.5409135E-4	1688.0	4.826958E-4	0.97710747	1544.8795	0.057587642	0.023459256	51.0	0.0
SPIKE	S84:G>A	19	213968	8.8798326E-5	29.847076	40.0	TRUE	G	2.0428287E-4	822.0	1.4837761E-4	0.98963565	1544.8795	0.05318307	0.017895794	51.0	0.0
SPIKE	S84:G>T	1	213968	4.673596E-6	4.2596874	40.0	TRUE	G	5.600174E-5	4.0	4.6673065E-4	0.997148	171.73622	0.06980575	0.021945214	51.0	1.0
SPIKE	S84:G>C	0	213968	0.0	-1.0	0.0	TRUE	G	1.50529995E-5	48.0	3.9812035E-4	0.9992326	214.18471	0.06712798	0.017218556	51.0	0.0
SPIKE	S85:A>G	1	213968	4.673596E-6	4.2596874	40.0	TRUE	A	2.590044E-5	57.0	6.126869E-4	0.99867994	180.80475	0.09728531	0.02067826	51.0	0.0
SPIKE	S85:A>T	1	213968	4.673596E-6	0.3166301	40.0	TRUE	A	1.9703187E-4	305.0	5.2538316E-4	0.9900017	72.91648	0.1382973	0.023052951	51.0	0.0
SPIKE	S85:A>C	0	213968	0.0	-1.0	0.0	TRUE	A	1.3779622E-4	5.0	5.5483624E-4	0.99299705	260.582	0.11320946	0.052303355	51.0	1.0
SPIKE	S86:T>C	3	213968	1.40207885E-5	-1.0	38.666668	TRUE	T	1.2523714E-5	34.0	6.061586E-4	0.9993615	180.80475	0.07886174	0.023467619	51.0	0.0
SPIKE	D86-87:T>	1	213968	4.673596E-6	-1.0	39.908737	TRUE		NaN	NaN	NaN	NaN	NaN	NaN	NaN	NaN	NaN
SPIKE	S86:T>A	0	213968	0.0	-1.0	0.0	TRUE	T	2.7768636E-5	54.0	5.0871144E-4	0.9985848	72.91648	0.11008562	0.016714292	51.0	0.0
SPIKE	S86:T>G	0	213968	0.0	-1.0	0.0	TRUE	T	3.6938482E-6	13.0	3.0863943E-4	0.99981165	260.582	0.0608161	0.019482348	51.0	0.0
SPIKE	S87:T>A	1	213968	4.673596E-6	4.2596874	38.0	TRUE	T	2.7768636E-5	54.0	5.0871144E-4	0.9985848	72.91648	0.11008562	0.016714292	51.0	0.0
SPIKE	S87:T>G	0	213968	0.0	-1.0	0.0	TRUE	T	9.376691E-6	33.0	3.0863943E-4	0.9995219	260.582	0.0608161	0.019482348	51.0	0.0
SPIKE	S87:T>C	0	213968	0.0	-1.0	0.0	TRUE	T	1.8785571E-5	51.0	6.061586E-4	0.9990424	180.80475	0.07886174	0.023467619	51.0	0.0
SPIKE	S88:T>C	2	213968	9.347192E-6	7.269987	40.0	TRUE	T	5.304161E-5	144.0	6.061586E-4	0.99729854	180.80475	0.07886174	0.023467619	51.0	0.0
SPIKE	S88:T>A	0	213968	0.0	-1.0	0.0	TRUE	T	3.7496135E-5	7.0	5.0871144E-4	0.99808955	72.91648	0.11008562	0.016714292	51.0	1.0
SPIKE	S88:T>G	0	213968	0.0	-1.0	0.0	TRUE	T	7.4042335E-5	1.0	3.0863943E-4	0.99623096	260.582	0.0608161	0.019482348	51.0	1.0
SPIKE	S89:A>G	7	213968	3.2715172E-5	22.321487	39.0	TRUE	A	3.816907E-5	84.0	6.126869E-4	0.9980553	180.80475	0.09728531	0.02067826	51.0	0.0
SPIKE	S89:A>T	1	213968	4.673596E-6	-1.0	40.0	TRUE	A	6.4600613E-6	10.0	5.2538316E-4	0.99967057	72.91648	0.1382973	0.023052951	51.0	0.0
SPIKE	S89:A>C	0	213968	0.0	-1.0	0.0	TRUE	A	1.3779622E-4	1.0	5.5483624E-4	0.99299705	260.582	0.11320946	0.052303355	51.0	1.0
SPIKE	S90:T>A	0	213968	0.0	-1.0	0.0	TRUE	T	3.7496135E-5	7.0	5.0871144E-4	0.99808955	72.91648	0.11008562	0.016714292	51.0	1.0
SPIKE	S90:T>G	0	213968	0.0	-1.0	0.0	TRUE	T	7.4042335E-5	0.0	3.0863943E-4	0.99623096	260.582	0.0608161	0.019482348	51.0	1.0
SPIKE	S90:T>C	0	213968	0.0	-1.0	0.0	TRUE	T	8.8402685E-6	24.0	6.061586E-4	0.99954927	180.80475	0.07886174	0.023467619	51.0	0.0
SPIKE	S91:C>A	99	213968	4.62686E-4	304.04028	39.272728	TRUE	C	6.0631824E-5	8.0	8.410177E-4	0.99691254	171.73622	0.07560543	0.020941693	51.0	1.0
SPIKE	S91:C>T	12	213968	5.6083154E-5	22.940357	39.416668	TRUE	C	1.4472817E-4	538.0	4.826958E-4	0.99264604	1544.8795	0.057587642	0.023459256	51.0	0.0
SPIKE	S91:C>G	0	213968	0.0	-1.0	0.0	TRUE	C	6.468125E-5	1.0	5.0085125E-4	0.99670666	214.18471	0.06464818	0.016341258	51.0	1.0
SPIKE	S92:G>A	11	213968	5.1409555E-5	16.357807	39.545456	TRUE	G	1.8241318E-4	734.0	1.4837761E-4	0.99074006	1544.8795	0.05318307	0.017895794	51.0	0.0
SPIKE	S92:G>T	4	213968	1.8694383E-5	13.290587	37.5	TRUE	G	5.600174E-5	3.0	4.6673065E-4	0.997148	171.73622	0.06980575	0.021945214	51.0	1.0
SPIKE	S92:G>C	0	213968	0.0	-1.0	0.0	TRUE	G	6.716921E-5	7.0	3.9812035E-4	0.99658024	214.18471	0.06712798	0.017218556	51.0	1.0
SPIKE	S93:T>C	1	213968	4.673596E-6	2.0412	40.0	TRUE	T	6.659844E-5	9.0	6.061586E-4	0.9966093	180.80475	0.07886174	0.023467619	51.0	1.0
SPIKE	S93:T>A	0	213968	0.0	-1.0	0.0	TRUE	T	3.7496135E-5	2.0	5.0871144E-4	0.99808955	72.91648	0.11008562	0.016714292	51.0	1.0
SPIKE	S93:T>G	0	213968	0.0	-1.0	0.0	TRUE	T	7.4042335E-5	0.0	3.0863943E-4	0.99623096	260.582	0.0608161	0.019482348	51.0	1.0
SPIKE	S94:C>A	144	213968	6.7299785E-4	439.50378	39.430557	TRUE	C	6.0631824E-5	8.0	8.410177E-4	0.99691254	171.73622	0.07560543	0.020941693	51.0	1.0
SPIKE	S94:C>T	10	213968	4.673596E-5	31.352386	38.8	TRUE	C	4.0889743E-5	152.0	4.826958E-4	0.9979168	1544.8795	0.057587642	0.023459256	51.0	0.0
SPIKE	S94:C>G	0	213968	0.0	-1.0	0.0	TRUE	C	6.468125E-5	1.0	5.0085125E-4	0.99670666	214.18471	0.06464818	0.016341258	51.0	1.0
SPIKE	S95:G>A	10	213968	4.673596E-5	8.928991	39.7	TRUE	G	2.472767E-4	995.0	1.4837761E-4	0.98746806	1544.8795	0.05318307	0.017895794	51.0	0.0
SPIKE	S95:G>T	2	213968	9.347192E-6	7.269987	34.5	TRUE	G	5.600174E-5	4.0	4.6673065E-4	0.997148	171.73622	0.06980575	0.021945214	51.0	1.0
SPIKE	S95:G>C	0	213968	0.0	-1.0	0.0	TRUE	G	6.716921E-5	2.0	3.9812035E-4	0.99658024	214.18471	0.06712798	0.017218556	51.0	1.0
SPIKE	S96:T>C	1	213968	4.673596E-6	4.2596874	36.0	TRUE	T	4.972651E-5	135.0	6.061586E-4	0.99746716	180.80475	0.07886174	0.023467619	51.0	0.0
SPIKE	S96:T>A	0	213968	0.0	-1.0	0.0	TRUE	T	3.7496135E-5	4.0	5.0871144E-4	0.99808955	72.91648	0.11008562	0.016714292	51.0	1.0
SPIKE	S96:T>G	0	213968	0.0	-1.0	0.0	TRUE	T	7.4042335E-5	3.0	3.0863943E-4	0.99623096	260.582	0.0608161	0.019482348	51.0	1.0
SPIKE	S97:C>T	7	213968	3.2715172E-5	22.321487	38.714287	TRUE	C	6.1065606E-5	227.0	4.826958E-4	0.9968905	1544.8795	0.057587642	0.023459256	51.0	0.0
SPIKE	S97:C>A	96	213968	4.4866523E-4	295.0094	39.322918	TRUE	C	6.0631824E-5	5.0	8.410177E-4	0.99691254	171.73622	0.07560543	0.020941693	51.0	1.0
SPIKE	S97:C>G	2	213968	9.347192E-6	3.9120662	40.0	TRUE	C	6.468125E-5	1.0	5.0085125E-4	0.99670666	214.18471	0.06464818	0.016341258	51.0	1.0
SPIKE	S98:A>G	2	213968	9.347192E-6	-1.0	39.5	TRUE	A	1.363181E-5	30.0	6.126869E-4	0.999305	180.80475	0.09728531	0.02067826	51.0	0.0
SPIKE	I98:>A	1	213968	4.673596E-6	-1.0	39.971786	TRUE		NaN	NaN	NaN	NaN	NaN	NaN	NaN	NaN	NaN
SPIKE	S98:A>C	0	213968	0.0	-1.0	0.0	TRUE	A	1.3779622E-4	2.0	5.5483624E-4	0.99299705	260.582	0.11320946	0.052303355	51.0	1.0
SPIKE	S98:A>T	0	213968	0.0	-1.0	0.0	TRUE	A	4.7104495E-5	3.0	5.2538316E-4	0.99760056	72.91648	0.1382973	0.023052951	51.0	1.0
SPIKE	S99:T>A	0	213968	0.0	-1.0	0.0	TRUE	T	3.7496135E-5	4.0	5.0871144E-4	0.99808955	72.91648	0.11008562	0.016714292	51.0	1.0
SPIKE	S99:T>G	0	213968	0.0	-1.0	0.0	TRUE	T	7.4042335E-5	2.0	3.0863943E-4	0.99623096	260.582	0.0608161	0.019482348	51.0	1.0
SPIKE	S99:T>C	0	213968	0.0	-1.0	0.0	TRUE	T	1.2892058E-5	35.0	6.061586E-4	0.99934274	180.80475	0.07886174	0.023467619	51.0	0.0
SPIKE	S100:C>T	14	213968	6.5430344E-5	22.953419	39.642857	TRUE	C	1.4822531E-4	551.0	4.826958E-4	0.992469	1544.8795	0.057587642	0.023459256	51.0	0.0
SPIKE	S100:C>A	59	213968	2.7574218E-4	-1.0	39.42373	TRUE	C	8.826301E-6	25.0	8.410177E-4	0.99955	171.73622	0.07560543	0.020941693	51.0	0.0
SPIKE	S100:C>G	1	213968	4.673596E-6	2.0412	40.0	TRUE	C	6.468125E-5	3.0	5.0085125E-4	0.99670666	214.18471	0.06464818	0.016341258	51.0	1.0
SPIKE	S101:G>T	3	213968	1.40207885E-5	10.280287	39.666668	TRUE	G	5.600174E-5	1.0	4.6673065E-4	0.997148	171.73622	0.06980575	0.021945214	51.0	1.0
SPIKE	S101:G>A	10	213968	4.673596E-5	18.164799	39.5	TRUE	G	1.17052594E-4	471.0	1.4837761E-4	0.9940481	1544.8795	0.05318307	0.017895794	51.0	0.0
SPIKE	S101:G>C	0	213968	0.0	-1.0	0.0	TRUE	G	6.716921E-5	0.0	3.9812035E-4	0.99658024	214.18471	0.06712798	0.017218556	51.0	1.0
SPIKE	S102:T>C	1	213968	4.673596E-6	-1.0	40.0	TRUE	T	8.471924E-6	23.0	6.061586E-4	0.99956805	180.80475	0.07886174	0.023467619	51.0	0.0
SPIKE	S102:T>A	0	213968	0.0	-1.0	0.0	TRUE	T	3.7496135E-5	1.0	5.0871144E-4	0.99808955	72.91648	0.11008562	0.016714292	51.0	1.0
SPIKE	S102:T>G	0	213968	0.0	-1.0	0.0	TRUE	T	7.4042335E-5	0.0	3.0863943E-4	0.99623096	260.582	0.0608161	0.019482348	51.0	1.0
SPIKE	S103:G>T	5	213968	2.336798E-5	-1.0	38.2	TRUE	G	4.2391907E-6	13.0	4.6673065E-4	0.9997838	171.73622	0.06980575	0.021945214	51.0	0.0
SPIKE	S103:G>A	3	213968	1.40207885E-5	-1.0	39.0	TRUE	G	1.5408197E-5	62.0	1.4837761E-4	0.9992145	1544.8795	0.05318307	0.017895794	51.0	0.0
SPIKE	S103:G>C	0	213968	0.0	-1.0	0.0	TRUE	G	6.716921E-5	1.0	3.9812035E-4	0.99658024	214.18471	0.06712798	0.017218556	51.0	1.0
SPIKE	S104:G>T	1	213968	4.673596E-6	4.2596874	38.0	TRUE	G	5.600174E-5	7.0	4.6673065E-4	0.997148	171.73622	0.06980575	0.021945214	51.0	1.0
SPIKE	S104:G>A	5	213968	2.336798E-5	16.300888	38.0	TRUE	G	2.7585642E-5	111.0	1.4837761E-4	0.9985941	1544.8795	0.05318307	0.017895794	51.0	0.0
SPIKE	S104:G>C	0	213968	0.0	-1.0	0.0	TRUE	G	6.716921E-5	0.0	3.9812035E-4	0.99658024	214.18471	0.06712798	0.017218556	51.0	1.0
SPIKE	S105:C>T	34	213968	1.5890227E-4	45.57892	39.264706	TRUE	C	3.8038223E-4	1414.0	4.826958E-4	0.98078746	1544.8795	0.057587642	0.023459256	51.0	0.0
SPIKE	S105:C>A	18	213968	8.412473E-5	55.434788	39.333332	TRUE	C	6.0631824E-5	6.0	8.410177E-4	0.99691254	171.73622	0.07560543	0.020941693	51.0	1.0
SPIKE	S105:C>G	0	213968	0.0	-1.0	0.0	TRUE	C	6.468125E-5	2.0	5.0085125E-4	0.99670666	214.18471	0.06464818	0.016341258	51.0	1.0
SPIKE	S106:G>T	7	213968	3.2715172E-5	-1.0	38.714287	TRUE	G	8.15229E-6	25.0	4.6673065E-4	0.9995843	171.73622	0.06980575	0.021945214	51.0	0.0
SPIKE	S106:G>A	3	213968	1.40207885E-5	6.0206	40.0	TRUE	G	8.375101E-5	337.0	1.4837761E-4	0.9957378	1544.8795	0.05318307	0.017895794	51.0	0.0
SPIKE	S106:G>C	0	213968	0.0	-1.0	0.0	TRUE	G	6.716921E-5	0.0	3.9812035E-4	0.99658024	214.18471	0.06712798	0.017218556	51.0	1.0
SPIKE	S107:G>T	3	213968	1.40207885E-5	10.280287	39.0	TRUE	G	5.600174E-5	0.0	4.6673065E-4	0.997148	171.73622	0.06980575	0.021945214	51.0	1.0
SPIKE	S107:G>A	15	213968	7.010394E-5	10.437964	39.466667	TRUE	G	3.8545343E-4	1551.0	1.4837761E-4	0.98053384	1544.8795	0.05318307	0.017895794	51.0	0.0
SPIKE	S107:G>C	0	213968	0.0	-1.0	0.0	TRUE	G	6.716921E-5	3.0	3.9812035E-4	0.99658024	214.18471	0.06712798	0.017218556	51.0	1.0
SPIKE	S108:C>T	17	213968	7.9451136E-5	15.718656	39.411766	TRUE	C	3.1850958E-4	1184.0	4.826958E-4	0.98388726	1544.8795	0.057587642	0.023459256	51.0	0.0
SPIKE	S108:C>A	19	213968	8.8798326E-5	58.445087	39.157894	TRUE	C	6.0631824E-5	3.0	8.410177E-4	0.99691254	171.73622	0.07560543	0.020941693	51.0	1.0
SPIKE	S108:C>G	0	213968	0.0	-1.0	0.0	TRUE	C	6.468125E-5	2.0	5.0085125E-4	0.99670666	214.18471	0.06464818	0.016341258	51.0	1.0
SPIKE	S109:A>T	1	213968	4.673596E-6	4.2596874	37.0	TRUE	A	4.7104495E-5	7.0	5.2538316E-4	0.99760056	72.91648	0.1382973	0.023052951	51.0	1.0
SPIKE	S109:A>G	2	213968	9.347192E-6	7.269987	40.0	TRUE	A	3.7714675E-5	83.0	6.126869E-4	0.9980784	180.80475	0.09728531	0.02067826	51.0	0.0
SPIKE	S109:A>C	0	213968	0.0	-1.0	0.0	TRUE	A	6.345621E-6	12.0	5.5483624E-4	0.9996764	260.582	0.11320946	0.052303355	51.0	0.0
SPIKE	S110:G>T	1	213968	4.673596E-6	4.2596874	40.0	TRUE	G	5.600174E-5	5.0	4.6673065E-4	0.997148	171.73622	0.06980575	0.021945214	51.0	1.0
SPIKE	S110:G>A	2	213968	9.347192E-6	7.269987	39.0	TRUE	G	4.224828E-5	170.0	1.4837761E-4	0.9978477	1544.8795	0.05318307	0.017895794	51.0	0.0
SPIKE	S110:G>C	0	213968	0.0	-1.0	0.0	TRUE	G	6.716921E-5	0.0	3.9812035E-4	0.99658024	214.18471	0.06712798	0.017218556	51.0	1.0
SPIKE	S111:C>T	39	213968	1.8227025E-4	48.074295	38.76923	TRUE	C	4.664659E-4	1734.0	4.826958E-4	0.976491	1544.8795	0.057587642	0.023459256	51.0	0.0
SPIKE	S111:C>A	14	213968	6.5430344E-5	43.393585	39.0	TRUE	C	6.0631824E-5	3.0	8.410177E-4	0.99691254	171.73622	0.07560543	0.020941693	51.0	1.0
SPIKE	S111:C>G	1	213968	4.673596E-6	2.0412	38.0	TRUE	C	6.468125E-5	6.0	5.0085125E-4	0.99670666	214.18471	0.06464818	0.016341258	51.0	1.0
SPIKE	S112:G>T	3	213966	1.40209195E-5	10.280287	39.333332	TRUE	G	5.600174E-5	7.0	4.6673065E-4	0.997148	171.73462	0.06980575	0.021945214	51.0	1.0
SPIKE	S112:G>A	9	213966	4.206276E-5	1.9918138	39.444443	TRUE	G	4.4410815E-4	1787.0	1.4837761E-4	0.97760504	1544.8651	0.05318307	0.017895794	51.0	0.0
SPIKE	S112:G>C	0	213966	0.0	-1.0	0.0	TRUE	G	4.076892E-6	13.0	3.9812035E-4	0.9997921	214.18271	0.06712798	0.017218556	51.0	0.0
SPIKE	S113:T>A	0	213966	0.0	-1.0	0.0	TRUE	T	3.7496135E-5	4.0	5.0871144E-4	0.99808955	72.9158	0.11008562	0.016714292	51.0	1.0
SPIKE	S113:T>G	0	213966	0.0	-1.0	0.0	TRUE	T	7.4042335E-5	8.0	3.0863943E-4	0.99623096	260.57956	0.0608161	0.019482348	51.0	1.0
SPIKE	S113:T>C	0	213966	0.0	-1.0	0.0	TRUE	T	2.0995834E-5	57.0	6.061586E-4	0.9989298	180.80305	0.07886174	0.023467619	51.0	0.0
SPIKE	S114:G>T	2	213966	9.347279E-6	7.269987	39.0	TRUE	G	5.600174E-5	2.0	4.6673065E-4	0.997148	171.73462	0.06980575	0.021945214	51.0	1.0
SPIKE	S114:G>C	2	213966	9.347279E-6	3.9120662	38.5	TRUE	G	6.716921E-5	2.0	3.9812035E-4	0.99658024	214.18271	0.06712798	0.017218556	51.0	1.0
SPIKE	S114:G>A	0	213966	0.0	-1.0	0.0	TRUE	G	1.068643E-5	43.0	1.4837761E-4	0.99945515	1544.8651	0.05318307	0.017895794	51.0	0.0
SPIKE	S115:A>G	5	213966	2.3368199E-5	10.658173	39.6	TRUE	A	6.906848E-5	152.0	6.126869E-4	0.9964837	180.80305	0.09728531	0.02067826	51.0	0.0
SPIKE	S115:A>C	0	213966	0.0	-1.0	0.0	TRUE	A	1.3779622E-4	2.0	5.5483624E-4	0.99299705	260.57956	0.11320946	0.052303355	51.0	1.0
SPIKE	S115:A>T	0	213966	0.0	-1.0	0.0	TRUE	A	4.7104495E-5	5.0	5.2538316E-4	0.99760056	72.9158	0.1382973	0.023052951	51.0	1.0
SPIKE	S116:C>T	5	213966	2.3368199E-5	-1.0	36.4	TRUE	C	1.0491545E-5	39.0	4.826958E-4	0.99946505	1544.8651	0.057587642	0.023459256	51.0	0.0
SPIKE	S116:C>G	1	213966	4.6736395E-6	2.0412	36.0	TRUE	C	6.468125E-5	0.0	5.0085125E-4	0.99670666	214.18271	0.06464818	0.016341258	51.0	1.0
SPIKE	S116:C>A	8	213966	3.7389116E-5	-1.0	40.0	TRUE	C	7.414162E-6	21.0	8.410177E-4	0.9996219	171.73462	0.07560543	0.020941693	51.0	0.0
SPIKE	S117:C>T	3	213966	1.40209195E-5	-1.0	38.666668	TRUE	C	1.3988727E-5	52.0	4.826958E-4	0.99928683	1544.8651	0.057587642	0.023459256	51.0	0.0
SPIKE	S117:C>G	1	213966	4.6736395E-6	2.0412	38.0	TRUE	C	6.468125E-5	2.0	5.0085125E-4	0.99670666	214.18271	0.06464818	0.016341258	51.0	1.0
SPIKE	S117:C>A	47	213966	2.1966107E-4	117.81054	38.957447	TRUE	C	1.2780604E-4	362.0	8.410177E-4	0.9935031	171.73462	0.07560543	0.020941693	51.0	0.0
SPIKE	S118:T>A	0	213966	0.0	-1.0	0.0	TRUE	T	4.782421E-5	93.0	5.0871144E-4	0.99756396	72.9158	0.11008562	0.016714292	51.0	0.0
SPIKE	S118:T>G	0	213966	0.0	-1.0	0.0	TRUE	T	7.956055E-6	28.0	3.0863943E-4	0.99959433	260.57956	0.0608161	0.019482348	51.0	0.0
SPIKE	S118:T>C	0	213966	0.0	-1.0	0.0	TRUE	T	1.0534752E-4	286.0	6.061586E-4	0.99464166	180.80305	0.07886174	0.023467619	51.0	0.0
SPIKE	S119:A>G	6	213966	2.8041839E-5	-1.0	39.0	TRUE	A	1.544953E-5	34.0	6.126869E-4	0.9992124	180.80305	0.09728531	0.02067826	51.0	0.0
SPIKE	S119:A>C	0	213966	0.0	-1.0	0.0	TRUE	A	1.3779622E-4	5.0	5.5483624E-4	0.99299705	260.57956	0.11320946	0.052303355	51.0	1.0
SPIKE	S119:A>T	0	213966	0.0	-1.0	0.0	TRUE	A	6.4601218E-6	10.0	5.2538316E-4	0.99967057	72.9158	0.1382973	0.023052951	51.0	0.0
SPIKE	S120:T>A	0	213966	0.0	-1.0	0.0	TRUE	T	3.7496135E-5	2.0	5.0871144E-4	0.99808955	72.9158	0.11008562	0.016714292	51.0	1.0
SPIKE	S120:T>G	0	213966	0.0	-1.0	0.0	TRUE	T	7.4042335E-5	9.0	3.0863943E-4	0.99623096	260.57956	0.0608161	0.019482348	51.0	1.0
SPIKE	S120:T>C	0	213966	0.0	-1.0	0.0	TRUE	T	9.208699E-6	25.0	6.061586E-4	0.9995305	180.80305	0.07886174	0.023467619	51.0	0.0
SPIKE	S121:G>T	4	213966	1.8694558E-5	13.290587	38.25	TRUE	G	5.600174E-5	8.0	4.6673065E-4	0.997148	171.73462	0.06980575	0.021945214	51.0	1.0
SPIKE	S121:G>A	5	213966	2.3368199E-5	-1.0	39.2	TRUE	G	1.5656862E-5	63.0	1.4837761E-4	0.99920183	1544.8651	0.05318307	0.017895794	51.0	0.0
SPIKE	S121:G>C	0	213966	0.0	-1.0	0.0	TRUE	G	6.716921E-5	1.0	3.9812035E-4	0.99658024	214.18271	0.06712798	0.017218556	51.0	1.0
SPIKE	S122:T>C	3	213966	1.40209195E-5	-1.0	37.666668	TRUE	T	1.0313743E-5	28.0	6.061586E-4	0.9994741	180.80305	0.07886174	0.023467619	51.0	0.0
SPIKE	S122:T>A	0	213966	0.0	-1.0	0.0	TRUE	T	3.7496135E-5	2.0	5.0871144E-4	0.99808955	72.9158	0.11008562	0.016714292	51.0	1.0
SPIKE	S122:T>G	0	213966	0.0	-1.0	0.0	TRUE	T	7.4042335E-5	6.0	3.0863943E-4	0.99623096	260.57956	0.0608161	0.019482348	51.0	1.0
SPIKE	S123:G>T	2	213966	9.347279E-6	-1.0	38.0	TRUE	G	4.565325E-6	14.0	4.6673065E-4	0.9997672	171.73462	0.06980575	0.021945214	51.0	0.0
SPIKE	S123:G>A	5	213966	2.3368199E-5	16.300888	39.2	TRUE	G	2.0875817E-5	84.0	1.4837761E-4	0.9989359	1544.8651	0.05318307	0.017895794	51.0	0.0
SPIKE	S123:G>C	0	213966	0.0	-1.0	0.0	TRUE	G	6.716921E-5	2.0	3.9812035E-4	0.99658024	214.18271	0.06712798	0.017218556	51.0	1.0
SPIKE	S124:T>A	0	213966	0.0	-1.0	0.0	TRUE	T	3.7496135E-5	4.0	5.0871144E-4	0.99808955	72.9158	0.11008562	0.016714292	51.0	1.0
SPIKE	S124:T>G	0	213966	0.0	-1.0	0.0	TRUE	T	3.125593E-6	11.0	3.0863943E-4	0.9998406	260.57956	0.0608161	0.019482348	51.0	0.0
SPIKE	S124:T>C	0	213966	0.0	-1.0	0.0	TRUE	T	2.2469227E-5	61.0	6.061586E-4	0.9988547	180.80305	0.07886174	0.023467619	51.0	0.0
SPIKE	S125:G>T	3	213966	1.40209195E-5	-1.0	38.666668	TRUE	G	3.9131355E-6	12.0	4.6673065E-4	0.99980044	171.73462	0.06980575	0.021945214	51.0	0.0
SPIKE	S125:G>A	5	213966	2.3368199E-5	-1.0	38.4	TRUE	G	1.9384686E-5	78.0	1.4837761E-4	0.9990119	1544.8651	0.05318307	0.017895794	51.0	0.0
SPIKE	S125:G>C	0	213966	0.0	-1.0	0.0	TRUE	G	6.716921E-5	9.0	3.9812035E-4	0.99658024	214.18271	0.06712798	0.017218556	51.0	1.0
SPIKE	S126:C>T	62	213966	2.8976565E-4	76.09422	38.580647	TRUE	C	6.6446455E-4	2470.0	4.826958E-4	0.96668005	1544.8651	0.057587642	0.023459256	51.0	0.0
SPIKE	S126:C>A	18	213966	8.412552E-5	55.434788	38.88889	TRUE	C	6.0631824E-5	3.0	8.410177E-4	0.99691254	171.73462	0.07560543	0.020941693	51.0	1.0
SPIKE	S126:C>G	0	213966	0.0	-1.0	0.0	TRUE	C	6.468125E-5	9.0	5.0085125E-4	0.99670666	214.18271	0.06464818	0.016341258	51.0	1.0
SPIKE	S127:G>T	3	213966	1.40209195E-5	-1.0	36.0	TRUE	G	1.402207E-5	43.0	4.6673065E-4	0.9992851	171.73462	0.06980575	0.021945214	51.0	0.0
SPIKE	S127:G>A	4	213966	1.8694558E-5	13.290587	39.0	TRUE	G	5.4426237E-5	219.0	1.4837761E-4	0.9972281	1544.8651	0.05318307	0.017895794	51.0	0.0
SPIKE	S127:G>C	0	213966	0.0	-1.0	0.0	TRUE	G	6.716921E-5	3.0	3.9812035E-4	0.99658024	214.18271	0.06712798	0.017218556	51.0	1.0
SPIKE	S128:G>A	4	213966	1.8694558E-5	13.290587	38.75	TRUE	G	2.8828508E-5	116.0	1.4837761E-4	0.9985308	1544.8651	0.05318307	0.017895794	51.0	0.0
SPIKE	S128:G>T	3	213966	1.40209195E-5	10.280287	39.333332	TRUE	G	5.600174E-5	3.0	4.6673065E-4	0.997148	171.73462	0.06980575	0.021945214	51.0	1.0
SPIKE	S128:G>C	0	213966	0.0	-1.0	0.0	TRUE	G	6.716921E-5	7.0	3.9812035E-4	0.99658024	214.18271	0.06712798	0.017218556	51.0	1.0
SPIKE	S129:C>A	15	213966	7.0104594E-5	46.403885	38.8	TRUE	C	6.0631824E-5	2.0	8.410177E-4	0.99691254	171.73462	0.07560543	0.020941693	51.0	1.0
SPIKE	S129:C>G	1	213966	4.6736395E-6	2.0412	36.0	TRUE	C	6.468125E-5	7.0	5.0085125E-4	0.99670666	214.18271	0.06464818	0.016341258	51.0	1.0
SPIKE	S129:C>T	31	213966	1.4488283E-4	47.85155	36.83871	TRUE	C	3.021027E-4	1123.0	4.826958E-4	0.9847109	1544.8651	0.057587642	0.023459256	51.0	0.0
SPIKE	S130:G>A	3	213966	1.40209195E-5	6.0206	38.333332	TRUE	G	7.902988E-5	318.0	1.4837761E-4	0.9959776	1544.8651	0.05318307	0.017895794	51.0	0.0
SPIKE	S130:G>T	6	213966	2.8041839E-5	19.311188	36.833332	TRUE	G	5.600174E-5	9.0	4.6673065E-4	0.997148	171.73462	0.06980575	0.021945214	51.0	1.0
SPIKE	S130:G>C	0	213966	0.0	-1.0	0.0	TRUE	G	6.716921E-5	2.0	3.9812035E-4	0.99658024	214.18271	0.06712798	0.017218556	51.0	1.0
SPIKE	S131:G>A	8	213966	3.7389116E-5	0.765599	38.0	TRUE	G	5.3233333E-4	2142.0	1.4837761E-4	0.97321624	1544.8651	0.05318307	0.017895794	51.0	0.0
SPIKE	S131:G>T	1	213966	4.6736395E-6	4.2596874	35.0	TRUE	G	5.600174E-5	9.0	4.6673065E-4	0.997148	171.73462	0.06980575	0.021945214	51.0	1.0
SPIKE	S131:G>C	0	213966	0.0	-1.0	0.0	TRUE	G	3.230153E-5	103.0	3.9812035E-4	0.99835396	214.18271	0.06712798	0.017218556	51.0	0.0
SPIKE	S132:C>A	18	213966	8.412552E-5	55.434788	38.833332	TRUE	C	6.0631824E-5	7.0	8.410177E-4	0.99691254	171.73462	0.07560543	0.020941693	51.0	1.0
SPIKE	S132:C>T	23	213966	1.0749372E-4	39.112087	35.782608	TRUE	C	1.9476612E-4	724.0	4.826958E-4	0.9901161	1544.8651	0.057587642	0.023459256	51.0	0.0
SPIKE	S132:C>G	0	213966	0.0	-1.0	0.0	TRUE	C	6.468125E-5	6.0	5.0085125E-4	0.99670666	214.18271	0.06464818	0.016341258	51.0	1.0
SPIKE	S133:A>G	2	213965	9.347324E-6	7.269987	37.5	TRUE	A	2.9990402E-5	66.0	6.126869E-4	0.9984717	180.80222	0.09728531	0.02067826	51.0	0.0
SPIKE	S133:A>T	2	213965	9.347324E-6	7.269987	36.5	TRUE	A	4.7104495E-5	7.0	5.2538316E-4	0.99760056	72.91546	0.1382973	0.023052951	51.0	1.0
SPIKE	S133:A>C	0	213965	0.0	-1.0	0.0	TRUE	A	6.34571E-6	12.0	5.5483624E-4	0.9996764	260.57834	0.11320946	0.052303355	51.0	0.0
SPIKE	S134:G>A	8	213965	3.7389294E-5	10.308654	37.75	TRUE	G	1.7620265E-4	709.0	1.4837761E-4	0.99105394	1544.8578	0.05318307	0.017895794	51.0	0.0
SPIKE	S134:G>C	2	213965	9.347324E-6	-1.0	35.5	TRUE	G	7.840214E-6	25.0	3.9812035E-4	0.99960023	214.1817	0.06712798	0.017218556	51.0	0.0
SPIKE	S134:G>T	1	213965	4.673662E-6	-1.0	32.0	TRUE	G	7.5002117E-6	23.0	4.6673065E-4	0.9996176	171.73381	0.06980575	0.021945214	51.0	0.0
SPIKE	S135:C>A	0	213965	0.0	-1.0	0.0	TRUE	C	1.4016363E-4	397.0	8.410177E-4	0.9928771	171.73381	0.07560543	0.020941693	51.0	0.0
SPIKE	S135:C>G	0	213965	0.0	-1.0	0.0	TRUE	C	1.0267742E-5	34.0	5.0085125E-4	0.9994765	214.1817	0.06464818	0.016341258	51.0	0.0
SPIKE	S135:C>T	0	213965	0.0	-1.0	0.0	TRUE	C	7.457103E-4	2772.0	4.826958E-4	0.9626829	1544.8578	0.057587642	0.023459256	51.0	0.0
SPIKE	S136:C>A	0	213965	0.0	-1.0	0.0	TRUE	C	9.920901E-5	281.0	8.410177E-4	0.9949531	171.73381	0.07560543	0.020941693	51.0	0.0
SPIKE	S136:C>G	0	213965	0.0	-1.0	0.0	TRUE	C	5.133871E-6	17.0	5.0085125E-4	0.9997382	214.1817	0.06464818	0.016341258	51.0	0.0
SPIKE	S136:C>T	0	213965	0.0	-1.0	0.0	TRUE	C	4.145525E-4	1541.0	4.826958E-4	0.9790797	1544.8578	0.057587642	0.023459256	51.0	0.0
SPIKE	I137:>T	2	213965	9.347324E-6	-1.0	39.388927	TRUE		NaN	NaN	NaN	NaN	NaN	NaN	NaN	NaN	NaN
SPIKE	D137-138:T>	4	213965	1.8694647E-5	-1.0	39.388927	TRUE		NaN	NaN	NaN	NaN	NaN	NaN	NaN	NaN	NaN
SPIKE	S137:T>A	0	213965	0.0	-1.0	0.0	TRUE	T	1.28560305E-5	25.0	5.0871144E-4	0.9993445	72.91546	0.11008562	0.016714292	51.0	0.0
SPIKE	S137:T>G	0	213965	0.0	-1.0	0.0	TRUE	T	1.9407182E-4	683.0	3.0863943E-4	0.99015117	260.57834	0.0608161	0.019482348	51.0	0.0
SPIKE	S137:T>C	0	213965	0.0	-1.0	0.0	TRUE	T	2.3979564E-4	651.0	6.061586E-4	0.9878449	180.80222	0.07886174	0.023467619	51.0	0.0
SPIKE	S138:G>A	0	213965	0.0	-1.0	0.0	TRUE	G	1.6104277E-4	648.0	1.4837761E-4	0.99182045	1544.8578	0.05318307	0.017895794	51.0	0.0
SPIKE	S138:G>C	0	213965	0.0	-1.0	0.0	TRUE	G	7.5266053E-6	24.0	3.9812035E-4	0.9996162	214.1817	0.06712798	0.017218556	51.0	0.0
SPIKE	S138:G>T	0	213965	0.0	-1.0	0.0	TRUE	G	6.848019E-5	210.0	4.6673065E-4	0.9965136	171.73381	0.06980575	0.021945214	51.0	0.0
SPIKE	S139:A>G	0	213965	0.0	-1.0	0.0	TRUE	A	1.449536E-4	319.0	6.126869E-4	0.9926346	180.80222	0.09728531	0.02067826	51.0	0.0
SPIKE	S139:A>C	0	213965	0.0	-1.0	0.0	TRUE	A	1.3779622E-4	3.0	5.5483624E-4	0.99299705	260.57834	0.11320946	0.052303355	51.0	1.0
SPIKE	S139:A>T	0	213965	0.0	-1.0	0.0	TRUE	A	4.8709544E-4	754.0	5.2538316E-4	0.97546417	72.91546	0.1382973	0.023052951	51.0	0.0
SPIKE	S140:T>A	0	213965	0.0	-1.0	0.0	TRUE	T	2.0981042E-4	408.0	5.0871144E-4	0.9893567	72.91546	0.11008562	0.016714292	51.0	0.0
SPIKE	S140:T>G	0	213965	0.0	-1.0	0.0	TRUE	T	3.409754E-5	120.0	3.0863943E-4	0.9982625	260.57834	0.0608161	0.019482348	51.0	0.0
SPIKE	S140:T>C	0	213965	0.0	-1.0	0.0	TRUE	T	1.8785835E-5	51.0	6.061586E-4	0.9990424	180.80222	0.07886174	0.023467619	51.0	0.0
SPIKE	S141:T>A	0	213965	0.0	-1.0	0.0	TRUE	T	9.271769E-4	1803.0	5.0871144E-4	0.95381457	72.91546	0.11008562	0.016714292	51.0	0.0
SPIKE	S141:T>G	0	213965	0.0	-1.0	0.0	TRUE	T	5.3419477E-5	188.0	3.0863943E-4	0.9972793	260.57834	0.0608161	0.019482348	51.0	0.0
SPIKE	S141:T>C	0	213965	0.0	-1.0	0.0	TRUE	T	3.499322E-5	95.0	6.061586E-4	0.9982169	180.80222	0.07886174	0.023467619	51.0	0.0
SPIKE	I142:>CTGATT	1	213965	4.673662E-6	-1.0	39.34769	TRUE		NaN	NaN	NaN	NaN	NaN	NaN	NaN	NaN	NaN
SPIKE	S142:A>G	0	213965	0.0	-1.0	0.0	TRUE	A	0.0011060097	2434.0	6.126869E-4	0.94515485	180.80222	0.09728531	0.02067826	51.0	0.0
SPIKE	S142:A>C	0	213965	0.0	-1.0	0.0	TRUE	A	1.0681945E-4	202.0	5.5483624E-4	0.99456704	260.57834	0.11320946	0.052303355	51.0	0.0
SPIKE	S142:A>T	0	213965	0.0	-1.0	0.0	TRUE	A	3.2817572E-4	508.0	5.2538316E-4	0.9834023	72.91546	0.1382973	0.023052951	51.0	0.0
SPIKE	S143:G>A	0	213965	0.0	-1.0	0.0	TRUE	G	1.5756345E-4	634.0	1.4837761E-4	0.99199647	1544.8578	0.05318307	0.017895794	51.0	0.0
SPIKE	S143:G>C	0	213965	0.0	-1.0	0.0	TRUE	G	9.464706E-4	3018.0	3.9812035E-4	0.95287645	214.1817	0.06712798	0.017218556	51.0	0.0
SPIKE	S143:G>T	0	213965	0.0	-1.0	0.0	TRUE	G	1.5978712E-5	49.0	4.6673065E-4	0.99918544	171.73381	0.06980575	0.021945214	51.0	0.0
SPIKE	S144:C>A	0	213965	0.0	-1.0	0.0	TRUE	C	1.2356995E-5	35.0	8.410177E-4	0.99937	171.73381	0.07560543	0.020941693	51.0	0.0
SPIKE	S144:C>G	0	213965	0.0	-1.0	0.0	TRUE	C	2.0142893E-4	667.0	5.0085125E-4	0.9897797	214.1817	0.06464818	0.016341258	51.0	0.0
SPIKE	S144:C>T	0	213965	0.0	-1.0	0.0	TRUE	C	1.9153886E-4	712.0	4.826958E-4	0.9902791	1544.8578	0.057587642	0.023459256	51.0	0.0
SPIKE	S145:C>A	0	213965	0.0	-1.0	0.0	TRUE	C	1.6946737E-5	48.0	8.410177E-4	0.9991361	171.73381	0.07560543	0.020941693	51.0	0.0
SPIKE	S145:C>G	0	213965	0.0	-1.0	0.0	TRUE	C	8.214194E-5	272.0	5.0085125E-4	0.9958195	214.1817	0.06464818	0.016341258	51.0	0.0
SPIKE	S145:C>T	0	213965	0.0	-1.0	0.0	TRUE	C	9.6307456E-5	358.0	4.826958E-4	0.9951004	1544.8578	0.057587642	0.023459256	51.0	0.0
SPIKE	S146:C>A	0	213965	0.0	-1.0	0.0	TRUE	C	1.1297824E-5	32.0	8.410177E-4	0.999424	171.73381	0.07560543	0.020941693	51.0	0.0
SPIKE	S146:C>G	0	213965	0.0	-1.0	0.0	TRUE	C	0.0011345855	3757.0	5.0085125E-4	0.94377846	214.1817	0.06464818	0.016341258	51.0	0.0
SPIKE	S146:C>T	0	213965	0.0	-1.0	0.0	TRUE	C	1.1702163E-4	435.0	4.826958E-4	0.99404967	1544.8578	0.057587642	0.023459256	51.0	0.0
SPIKE	S147:G>A	0	213965	0.0	-1.0	0.0	TRUE	G	4.5231147E-5	182.0	1.4837761E-4	0.99769586	1544.8578	0.05318307	0.017895794	51.0	0.0
SPIKE	S147:G>C	0	213965	0.0	-1.0	0.0	TRUE	G	3.1988072E-4	1020.0	3.9812035E-4	0.9838184	214.1817	0.06712798	0.017218556	51.0	0.0
SPIKE	S147:G>T	0	213965	0.0	-1.0	0.0	TRUE	G	0.0014452583	4432.0	4.6673065E-4	0.92894274	171.73381	0.06980575	0.021945214	51.0	0.0
SPIKE	S148:T>A	0	213965	0.0	-1.0	0.0	TRUE	T	1.696996E-5	33.0	5.0871144E-4	0.9991349	72.91546	0.11008562	0.016714292	51.0	0.0
SPIKE	S148:T>G	0	213965	0.0	-1.0	0.0	TRUE	T	0.0020370437	7169.0	3.0863943E-4	0.9013251	260.57834	0.0608161	0.019482348	51.0	0.0
SPIKE	S148:T>C	0	213965	0.0	-1.0	0.0	TRUE	T	1.215554E-4	330.0	6.061586E-4	0.99381983	180.80222	0.07886174	0.023467619	51.0	0.0
SPIKE	S149:G>A	0	213965	0.0	-1.0	0.0	TRUE	G	0.020866718	83963.0	1.4837761E-4	0.34500283	1544.8578	0.05318307	0.017895794	51.0	0.0
SPIKE	S149:G>C	0	213965	0.0	-1.0	0.0	TRUE	G	0.0015849776	5054.0	3.9812035E-4	0.92234695	214.1817	0.06712798	0.017218556	51.0	0.0
SPIKE	S149:G>T	0	213965	0.0	-1.0	0.0	TRUE	G	5.116449E-4	1569.0	4.6673065E-4	0.97424364	171.73381	0.06980575	0.021945214	51.0	0.0
SPIKE	S150:C>A	0	213963	0.0	-1.0	0.0	TRUE	C	5.122905E-4	1451.0	8.410177E-4	0.9742115	171.73221	0.07560543	0.020941693	51.0	0.0
SPIKE	S150:C>G	0	213963	0.0	-1.0	0.0	TRUE	C	5.756029E-4	1906.0	5.0085125E-4	0.97107095	214.1797	0.06464818	0.016341258	51.0	0.0
SPIKE	S150:C>T	0	213963	0.0	-1.0	0.0	TRUE	C	0.0019458054	7233.0	4.826958E-4	0.9055289	1544.8434	0.057587642	0.023459256	51.0	0.0
SPIKE	S151:T>A	0	213955	0.0	-1.0	0.0	TRUE	T	3.7496135E-5	3.0	5.0871144E-4	0.99808955	72.912056	0.11008562	0.016714292	51.0	1.0
SPIKE	S151:T>G	0	213955	0.0	-1.0	0.0	TRUE	T	0.0021573384	7592.0	3.0863943E-4	0.8958124	260.56616	0.0608161	0.019482348	51.0	0.0
SPIKE	S151:T>C	0	213955	0.0	-1.0	0.0	TRUE	T	0.0014775196	4011.0	6.061586E-4	0.9274156	180.79376	0.07886174	0.023467619	51.0	0.0
SPIKE	S152:G>A	0	213940	0.0	-1.0	0.0	TRUE	G	1.4664558E-5	59.0	1.4837761E-4	0.9992524	1544.6774	0.05318307	0.017895794	51.0	0.0
SPIKE	S152:G>C	0	213940	0.0	-1.0	0.0	TRUE	G	1.0663936E-5	34.0	3.9812035E-4	0.9994563	214.15668	0.06712798	0.017218556	51.0	0.0
SPIKE	S152:G>T	0	213940	0.0	-1.0	0.0	TRUE	G	0.0013002973	3987.0	4.6673065E-4	0.9358359	171.71375	0.06980575	0.021945214	51.0	0.0
SPIKE	S153:G>A	0	213702	0.0	-1.0	0.0	TRUE	G	2.4882863E-6	10.0	1.4837761E-4	0.9998731	1542.959	0.05318307	0.017895794	51.0	0.0
SPIKE	S153:G>C	0	213702	0.0	-1.0	0.0	TRUE	G	5.651901E-6	18.0	3.9812035E-4	0.9997118	213.91844	0.06712798	0.017218556	51.0	0.0
SPIKE	S153:G>T	0	213702	0.0	-1.0	0.0	TRUE	G	1.0121422E-5	31.0	4.6673065E-4	0.99948394	171.52272	0.06980575	0.021945214	51.0	0.0
