#pipeline_block
reference	mutation	count	coverage	freq	score	cqs	has.reference	ancestral.allele	error.rate	minor.count.local	minor.fdr	minor.recall	minor.count.global	read.fraction.in.minors	q.filtered.read.fraction	mig.size	global.est
SPIKE	S0:T>A	0	57009	0.0	-1.0	0.0	TRUE	T	1.5282643E-4	402.0	0.0016473792	0.9742052	685.1516	0.021708604	0.01948522	171.0	0.0
SPIKE	S0:T>G	0	57009	0.0	-1.0	0.0	TRUE	T	8.644059E-5	241.0	5.3925964E-4	0.98532736	1185.1991	0.020458715	0.026493145	171.0	0.0
SPIKE	S0:T>C	0	57009	0.0	-1.0	0.0	TRUE	T	4.890732E-4	1164.0	0.0020836317	0.9197701	1174.7574	0.024003258	0.028181031	171.0	0.0
SPIKE	S1:A>G	0	57061	0.0	-1.0	0.0	TRUE	A	2.2770939E-4	620.0	0.00130217	0.96181005	1175.8291	0.020984301	0.023304034	171.0	0.0
SPIKE	S1:A>C	0	57061	0.0	-1.0	0.0	TRUE	A	9.670909E-5	259.0	0.00124762	0.9835987	1186.2802	0.02133286	0.041203536	171.0	0.0
SPIKE	S1:A>T	0	57061	0.0	-1.0	0.0	TRUE	A	5.1695143E-4	1358.0	0.0015601052	0.91539586	685.77655	0.021755418	0.032713234	171.0	0.0
SPIKE	S2:G>A	0	57265	0.0	-1.0	0.0	TRUE	G	5.3776504E-4	1489.0	0.0016060587	0.91214365	1150.5659	0.020715011	0.029034588	171.0	0.0
SPIKE	S2:G>C	0	57265	0.0	-1.0	0.0	TRUE	G	1.3519716E-4	381.0	9.297459E-4	0.9771465	1699.9329	0.020339292	0.023589011	171.0	0.0
SPIKE	S2:G>T	0	57265	0.0	-1.0	0.0	TRUE	G	2.4765026E-5	70.0	0.0010922014	0.99577415	648.2047	0.020281712	0.027696611	171.0	0.0
SPIKE	S3:C>A	0	57356	0.0	-1.0	0.0	TRUE	C	2.3128303E-5	61.0	0.0017884551	0.99605286	649.23474	0.021785634	0.02596428	171.0	0.0
SPIKE	S3:C>G	0	57356	0.0	-1.0	0.0	TRUE	C	4.4402116E-4	1243.0	9.877216E-4	0.9268833	1702.6342	0.020508815	0.025479965	171.0	0.0
SPIKE	S3:C>T	0	57356	0.0	-1.0	0.0	TRUE	C	3.8099565E-4	983.0	0.001505431	0.93692666	1152.3943	0.02226382	0.021310376	171.0	0.0
SPIKE	S4:G>A	24	57446	4.1778365E-4	53.942116	39.375	TRUE	G	4.061032E-4	1128.0	0.0016060587	0.9329127	1154.2025	0.020715011	0.029034588	171.0	0.0
SPIKE	S4:G>C	16	57446	2.7852244E-4	27.568455	39.5625	TRUE	G	6.685499E-4	1890.0	9.297459E-4	0.89197063	1705.3059	0.020339292	0.023589011	171.0	0.0
SPIKE	S4:G>T	7	57446	1.2185357E-4	-1.0	39.142857	TRUE	G	1.6928227E-5	48.0	0.0010922014	0.9971095	650.2535	0.020281712	0.027696611	171.0	0.0
SPIKE	S5:T>C	12	57476	2.087828E-4	18.50573	39.583332	TRUE	T	5.4969604E-4	1319.0	0.0020836317	0.9102846	1184.3807	0.024003258	0.028181031	171.0	0.0
SPIKE	S5:T>A	0	57476	0.0	-1.0	0.0	TRUE	T	3.242857E-5	86.0	0.0016473792	0.99447006	690.76416	0.021708604	0.01948522	171.0	0.0
SPIKE	S5:T>G	0	57476	0.0	-1.0	0.0	TRUE	T	3.5967372E-4	1011.0	5.3925964E-4	0.940349	1194.9078	0.020458715	0.026493145	171.0	0.0
SPIKE	S6:G>A	28	57513	4.8684646E-4	85.53779	37.285713	TRUE	G	1.0536314E-4	293.0	0.0016060587	0.98214424	1155.5487	0.020715011	0.029034588	171.0	0.0
SPIKE	S6:G>C	3	57513	5.216212E-5	10.280287	39.333332	TRUE	G	2.2188373E-4	628.0	9.297459E-4	0.9627687	1707.2948	0.020339292	0.023589011	171.0	0.0
SPIKE	S6:G>T	3	57513	5.216212E-5	6.0206	39.666668	TRUE	G	3.5331733E-4	1003.0	0.0010922014	0.9413717	651.0119	0.020281712	0.027696611	171.0	0.0
SPIKE	S7:A>G	15	57546	2.6066104E-4	25.242239	38.8	TRUE	A	6.708155E-4	1842.0	0.00130217	0.89162517	1185.8232	0.020984301	0.023304034	171.0	0.0
SPIKE	S7:A>C	6	57546	1.04264414E-4	-1.0	39.666668	TRUE	A	1.8882605E-5	51.0	0.00124762	0.9967763	1196.363	0.02133286	0.041203536	171.0	0.0
SPIKE	S7:A>T	62	57546	0.001077399	192.6592	39.048386	TRUE	A	1.5400484E-4	408.0	0.0015601052	0.9740089	691.60547	0.021755418	0.032713234	171.0	0.0
SPIKE	D7-8:A>	68	57546	0.0011816634	-1.0	39.407917	TRUE		NaN	NaN	NaN	NaN	NaN	NaN	NaN	NaN	NaN
SPIKE	S8:A>G	12	57555	2.0849622E-4	37.372986	39.166668	TRUE	A	2.2393433E-4	615.0	0.00130217	0.96243113	1186.0087	0.020984301	0.023304034	171.0	0.0
SPIKE	S8:A>C	6	57555	1.0424811E-4	-1.0	39.666668	TRUE	A	4.8124607E-6	13.0	0.00124762	0.9991774	1196.5502	0.02133286	0.041203536	171.0	0.0
SPIKE	S8:A>T	49	57555	8.5135957E-4	-1.0	39.469387	TRUE	A	3.170192E-5	84.0	0.0015601052	0.9945936	691.7136	0.021755418	0.032713234	171.0	0.0
SPIKE	I9:>G	1	57566	1.7371365E-5	-1.0	39.550083	TRUE		NaN	NaN	NaN	NaN	NaN	NaN	NaN	NaN	NaN
SPIKE	S9:G>A	19	57566	3.3005595E-4	40.675655	39.63158	TRUE	G	5.162711E-4	1437.0	0.0016060587	0.9155023	1156.6135	0.020715011	0.029034588	171.0	0.0
SPIKE	S9:G>C	3	57566	5.2114094E-5	10.280287	39.666668	TRUE	G	1.4331506E-4	406.0	9.297459E-4	0.975791	1708.8682	0.020339292	0.023589011	171.0	0.0
SPIKE	S9:G>T	3	57566	5.2114094E-5	-1.0	39.0	TRUE	G	7.742597E-6	22.0	0.0010922014	0.9986769	651.6118	0.020281712	0.027696611	171.0	0.0
SPIKE	D9-10:G>	18	57566	3.1268457E-4	-1.0	39.550083	TRUE		NaN	NaN	NaN	NaN	NaN	NaN	NaN	NaN	NaN
SPIKE	D9-11:GA>	4	57566	6.948546E-5	-1.0	39.550083	TRUE		NaN	NaN	NaN	NaN	NaN	NaN	NaN	NaN	NaN
SPIKE	S10:A>G	3	57567	5.211319E-5	1.5176276	38.0	TRUE	A	7.4884045E-4	2057.0	0.00130217	0.8798079	1186.256	0.020984301	0.023304034	171.0	0.0
SPIKE	S10:A>C	9	57567	1.5633956E-4	-1.0	38.666668	TRUE	A	1.1473476E-5	31.0	0.00124762	0.99803996	1196.7997	0.02133286	0.041203536	171.0	0.0
SPIKE	S10:A>T	67	57567	0.0011638612	207.7107	39.22388	TRUE	A	8.263421E-5	219.0	0.0015601052	0.9859689	691.85785	0.021755418	0.032713234	171.0	0.0
SPIKE	D10-11:A>	22	57567	3.821634E-4	-1.0	39.516285	TRUE		NaN	NaN	NaN	NaN	NaN	NaN	NaN	NaN	NaN
SPIKE	I10:>A	1	57567	1.7371063E-5	-1.0	39.516285	TRUE		NaN	NaN	NaN	NaN	NaN	NaN	NaN	NaN	NaN
SPIKE	D10-12:AC>	4	57567	6.948425E-5	-1.0	39.516285	TRUE		NaN	NaN	NaN	NaN	NaN	NaN	NaN	NaN	NaN
SPIKE	S11:C>A	1	57567	1.7371063E-5	2.0412	39.0	TRUE	C	3.7436292E-4	991.0	0.0017884551	0.93798995	651.62317	0.021785634	0.02596428	171.0	0.0
SPIKE	S11:C>G	2	57567	3.4742126E-5	7.269987	39.0	TRUE	C	1.9290215E-4	542.0	9.877216E-4	0.9675518	1708.8978	0.020508815	0.025479965	171.0	0.0
SPIKE	S11:C>T	44	57567	7.643268E-4	109.31848	38.363636	TRUE	C	5.325201E-4	1379.0	0.001505431	0.9129621	1156.6337	0.02226382	0.021310376	171.0	0.0
SPIKE	D11-12:C>	19	57567	3.300502E-4	-1.0	39.30434	TRUE		NaN	NaN	NaN	NaN	NaN	NaN	NaN	NaN	NaN
SPIKE	S12:G>A	18	57569	3.1266827E-4	32.319016	39.5	TRUE	G	5.683357E-4	1582.0	0.0016060587	0.90738773	1156.6738	0.020715011	0.029034588	171.0	0.0
SPIKE	S12:G>C	5	57569	8.68523E-5	5.1061287	38.8	TRUE	G	6.5441447E-4	1854.0	9.297459E-4	0.89412934	1708.9572	0.020339292	0.023589011	171.0	0.0
SPIKE	S12:G>T	10	57569	1.737046E-4	-1.0	38.0	TRUE	G	1.3372879E-5	38.0	0.0010922014	0.99771583	651.6458	0.020281712	0.027696611	171.0	0.0
SPIKE	D12-13:G>	27	57569	4.690024E-4	-1.0	39.33666	TRUE		NaN	NaN	NaN	NaN	NaN	NaN	NaN	NaN	NaN
SPIKE	D12-14:GA>	1	57569	1.737046E-5	-1.0	39.33666	TRUE		NaN	NaN	NaN	NaN	NaN	NaN	NaN	NaN	NaN
SPIKE	S13:A>G	4	57570	6.948063E-5	3.6487768	37.25	TRUE	A	6.064673E-4	1666.0	0.00130217	0.9014904	1186.3177	0.020984301	0.023304034	171.0	0.0
SPIKE	S13:A>C	9	57570	1.5633143E-4	-1.0	38.88889	TRUE	A	2.220557E-5	60.0	0.00124762	0.99621004	1196.862	0.02133286	0.041203536	171.0	0.0
SPIKE	S13:A>T	57	57570	9.90099E-4	177.6077	39.210526	TRUE	A	1.233789E-4	327.0	0.0015601052	0.97912323	691.89386	0.021755418	0.032713234	171.0	0.0
SPIKE	D13-14:A>	24	57570	4.168838E-4	-1.0	39.49036	TRUE		NaN	NaN	NaN	NaN	NaN	NaN	NaN	NaN	NaN
SPIKE	I14:>C	1	57570	1.7370157E-5	-1.0	39.39279	TRUE		NaN	NaN	NaN	NaN	NaN	NaN	NaN	NaN	NaN
SPIKE	D14-16:CA>	5	57570	8.685079E-5	-1.0	39.39279	TRUE		NaN	NaN	NaN	NaN	NaN	NaN	NaN	NaN	NaN
SPIKE	S14:C>A	1	57570	1.7370157E-5	2.0412	40.0	TRUE	C	3.7660988E-4	997.0	0.0017884551	0.9376296	651.6571	0.021785634	0.02596428	171.0	0.0
SPIKE	S14:C>G	1	57570	1.7370157E-5	2.0412	40.0	TRUE	C	2.5908757E-4	728.0	9.877216E-4	0.95666313	1708.9868	0.020508815	0.025479965	171.0	0.0
SPIKE	S14:C>T	29	57570	5.0373457E-4	88.54809	39.172413	TRUE	C	2.2666645E-4	587.0	0.001505431	0.9619816	1156.694	0.02226382	0.021310376	171.0	0.0
SPIKE	D14-15:C>	18	57570	3.1266286E-4	-1.0	39.39279	TRUE		NaN	NaN	NaN	NaN	NaN	NaN	NaN	NaN	NaN
SPIKE	S15:A>G	2	57570	3.4740315E-5	3.9120662	38.5	TRUE	A	3.126983E-4	859.0	0.00130217	0.947933	1186.3177	0.020984301	0.023304034	171.0	0.0
SPIKE	S15:A>C	5	57570	8.685079E-5	10.658173	38.8	TRUE	A	3.608405E-4	975.0	0.00124762	0.9401614	1196.862	0.02133286	0.041203536	171.0	0.0
SPIKE	S15:A>T	55	57570	9.553587E-4	-1.0	39.381817	TRUE	A	7.5461096E-5	200.0	0.0015601052	0.98717904	691.89386	0.021755418	0.032713234	171.0	0.0
SPIKE	D15-16:A>	24	57570	4.168838E-4	-1.0	39.433266	TRUE		NaN	NaN	NaN	NaN	NaN	NaN	NaN	NaN	NaN
SPIKE	I15:>A	1	57570	1.7370157E-5	-1.0	39.433266	TRUE		NaN	NaN	NaN	NaN	NaN	NaN	NaN	NaN	NaN
SPIKE	I16:>G	1	57570	1.7370157E-5	-1.0	39.368595	TRUE		NaN	NaN	NaN	NaN	NaN	NaN	NaN	NaN	NaN
SPIKE	S16:G>A	12	57570	2.084419E-4	22.940357	39.833332	TRUE	G	5.209054E-4	1450.0	0.0016060587	0.9147771	1156.694	0.020715011	0.029034588	171.0	0.0
SPIKE	S16:G>T	15	57570	2.6055236E-4	-1.0	39.466667	TRUE	G	2.2170441E-5	63.0	0.0010922014	0.99621606	651.6571	0.020281712	0.027696611	171.0	0.0
SPIKE	S16:G>C	9	57570	1.5633143E-4	12.2497015	38.77778	TRUE	G	6.6887477E-4	1895.0	9.297459E-4	0.8919211	1708.9868	0.020339292	0.023589011	171.0	0.0
SPIKE	D16-17:G>	19	57570	3.30033E-4	-1.0	39.368595	TRUE		NaN	NaN	NaN	NaN	NaN	NaN	NaN	NaN	NaN
SPIKE	D16-18:GA>	6	57570	1.0422095E-4	-1.0	39.368595	TRUE		NaN	NaN	NaN	NaN	NaN	NaN	NaN	NaN	NaN
SPIKE	S17:A>G	6	57570	1.0422095E-4	6.718435	37.166668	TRUE	A	6.472382E-4	1778.0	0.00130217	0.8952272	1186.3177	0.020984301	0.023304034	171.0	0.0
SPIKE	S17:A>T	71	57570	0.0012332812	219.75189	39.042255	TRUE	A	9.281715E-5	246.0	0.0015601052	0.9842536	691.89386	0.021755418	0.032713234	171.0	0.0
SPIKE	S17:A>C	13	57570	2.2581205E-4	-1.0	39.307693	TRUE	A	7.77195E-6	21.0	0.00124762	0.9986719	1196.862	0.02133286	0.041203536	171.0	0.0
SPIKE	D17-18:A>	42	57570	7.2954665E-4	-1.0	39.546585	TRUE		NaN	NaN	NaN	NaN	NaN	NaN	NaN	NaN	NaN
SPIKE	S18:A>G	4	57570	6.948063E-5	13.290587	39.25	TRUE	A	2.3042844E-4	633.0	0.00130217	0.96136296	1186.3177	0.020984301	0.023304034	171.0	0.0
SPIKE	S18:A>T	26	57570	4.516241E-4	-1.0	39.346153	TRUE	A	4.3767435E-5	116.0	0.0015601052	0.9925437	691.89386	0.021755418	0.032713234	171.0	0.0
SPIKE	S18:A>C	18	57570	3.1266286E-4	-1.0	38.88889	TRUE	A	8.512135E-6	23.0	0.00124762	0.99854547	1196.862	0.02133286	0.041203536	171.0	0.0
SPIKE	S19:C>G	2	57570	3.4740315E-5	-1.0	39.0	TRUE	C	6.370422E-5	179.0	9.877216E-4	0.9891657	1708.9868	0.020508815	0.025479965	171.0	0.0
SPIKE	S19:C>A	2	57570	3.4740315E-5	2.2639637	39.5	TRUE	C	3.8756445E-4	1026.0	0.0017884551	0.9358749	651.6571	0.021785634	0.02596428	171.0	0.0
SPIKE	S19:C>T	14	57570	2.431822E-4	43.393585	39.5	TRUE	C	1.382395E-4	358.0	0.001505431	0.97663826	1156.694	0.02226382	0.021310376	171.0	0.0
SPIKE	D19-20:C>	1	57570	1.7370157E-5	-1.0	39.559372	TRUE		NaN	NaN	NaN	NaN	NaN	NaN	NaN	NaN	NaN
SPIKE	S20:C>G	17	57570	2.9529267E-4	-1.0	38.882355	TRUE	C	5.445109E-5	153.0	9.877216E-4	0.9907321	1708.9868	0.020508815	0.025479965	171.0	0.0
SPIKE	S20:C>A	4	57570	6.948063E-5	13.290587	39.25	TRUE	C	8.1592516E-5	216.0	0.0017884551	0.98614454	651.6571	0.021785634	0.02596428	171.0	0.0
SPIKE	S20:C>T	14	57570	2.431822E-4	43.393585	39.285713	TRUE	C	1.7762618E-4	460.0	0.001505431	0.9700826	1156.694	0.02226382	0.021310376	171.0	0.0
SPIKE	S21:A>G	6	57570	1.0422095E-4	9.311187	38.833332	TRUE	A	4.499361E-4	1236.0	0.00130217	0.92594624	1186.3177	0.020984301	0.023304034	171.0	0.0
SPIKE	S21:A>C	24	57570	4.168838E-4	62.301826	39.583332	TRUE	A	3.7934515E-4	1025.0	0.00124762	0.9371911	1196.862	0.02133286	0.041203536	171.0	0.0
SPIKE	S21:A>T	0	57570	0.0	-1.0	0.0	TRUE	A	5.2445463E-5	139.0	0.0015601052	0.99107194	691.89386	0.021755418	0.032713234	171.0	0.0
SPIKE	S22:A>C	9	57570	1.5633143E-4	-1.0	40.0	TRUE	A	9.2523205E-6	25.0	0.00124762	0.9984191	1196.862	0.02133286	0.041203536	171.0	0.0
SPIKE	S22:A>G	0	57570	0.0	-1.0	0.0	TRUE	A	4.318505E-4	0.0	0.00130217	0.9288143	1186.3177	0.020984301	0.023304034	171.0	1.0
SPIKE	S22:A>T	0	57570	0.0	-1.0	0.0	TRUE	A	2.6105536E-4	0.0	0.0015601052	0.95634127	691.89386	0.021755418	0.032713234	171.0	1.0
SPIKE	S23:A>T	9	57570	1.5633143E-4	-1.0	40.0	TRUE	C	3.7730547E-6	10.0	0.0015601052	0.999355	691.89386	0.021755418	0.032713234	171.0	0.0
SPIKE	S23:A>C	57538	57570	0.9994441	9999.0	39.77745	TRUE	C	4.4295006E-4	0.0	0.00124762	0.9270531	1196.862	0.02133286	0.041203536	171.0	1.0
SPIKE	S23:A>G	0	57570	0.0	-1.0	0.0	TRUE	C	4.318505E-4	0.0	0.00130217	0.9288143	1186.3177	0.020984301	0.023304034	171.0	1.0
SPIKE	S24:A>G	9	57570	1.5633143E-4	-1.0	40.0	TRUE	T	4.3683117E-6	12.0	0.00130217	0.9992533	1186.3177	0.020984301	0.023304034	171.0	0.0
SPIKE	S24:A>T	57538	57570	0.9994441	9999.0	39.77745	TRUE	T	2.6105536E-4	0.0	0.0015601052	0.95634127	691.89386	0.021755418	0.032713234	171.0	1.0
SPIKE	S24:A>C	0	57570	0.0	-1.0	0.0	TRUE	T	3.3567418E-4	907.0	0.00124762	0.944216	1196.862	0.02133286	0.041203536	171.0	0.0
SPIKE	S25:A>G	57538	57570	0.9994441	9999.0	39.777435	TRUE	G	4.318505E-4	0.0	0.00130217	0.9288143	1186.3177	0.020984301	0.023304034	171.0	1.0
SPIKE	D25-26:A>	9	57570	1.5633143E-4	-1.0	39.765728	TRUE		NaN	NaN	NaN	NaN	NaN	NaN	NaN	NaN	NaN
SPIKE	S25:A>C	0	57570	0.0	-1.0	0.0	TRUE	G	4.811207E-6	13.0	0.00124762	0.99917763	1196.862	0.02133286	0.041203536	171.0	0.0
SPIKE	S25:A>T	0	57570	0.0	-1.0	0.0	TRUE	G	3.4636643E-4	918.0	0.0015601052	0.94249123	691.89386	0.021755418	0.032713234	171.0	0.0
SPIKE	S26:T>C	3	57574	5.2106854E-5	3.748162	40.0	TRUE	T	4.539026E-4	1091.0	0.0020836317	0.9253184	1186.4001	0.024003258	0.028181031	171.0	0.0
SPIKE	S26:T>A	0	57574	0.0	-1.0	0.0	TRUE	T	7.30283E-5	194.0	0.0016473792	0.98758984	691.94196	0.021708604	0.01948522	171.0	0.0
SPIKE	S26:T>G	0	57574	0.0	-1.0	0.0	TRUE	T	3.6723007E-4	1034.0	5.3925964E-4	0.9391347	1196.9452	0.020458715	0.026493145	171.0	0.0
SPIKE	S27:G>A	8	57574	1.3895161E-4	25.331787	39.0	TRUE	G	1.5410545E-4	429.0	0.0016060587	0.97399217	1156.7743	0.020715011	0.029034588	171.0	0.0
SPIKE	S27:G>T	4	57574	6.9475806E-5	8.284564	38.0	TRUE	G	3.300703E-4	938.0	0.0010922014	0.9451213	651.7024	0.020281712	0.027696611	171.0	0.0
SPIKE	D27-28:G>	2	57574	3.4737903E-5	-1.0	39.584724	TRUE		NaN	NaN	NaN	NaN	NaN	NaN	NaN	NaN	NaN
SPIKE	S27:G>C	0	57574	0.0	-1.0	0.0	TRUE	G	3.6000256E-5	102.0	9.297459E-4	0.99386287	1709.1056	0.020339292	0.023589011	171.0	0.0
SPIKE	S28:G>A	6	57574	1.0421371E-4	19.311188	39.0	TRUE	G	1.0632917E-4	296.0	0.0016060587	0.981982	1156.7743	0.020715011	0.029034588	171.0	0.0
SPIKE	S28:G>T	2	57574	3.4737903E-5	7.269987	39.5	TRUE	G	1.05214305E-4	299.0	0.0010922014	0.9821692	651.7024	0.020281712	0.027696611	171.0	0.0
SPIKE	S28:G>C	3	57574	5.2106854E-5	6.0206	37.333332	TRUE	G	2.6717837E-4	757.0	9.297459E-4	0.95534045	1709.1056	0.020339292	0.023589011	171.0	0.0
SPIKE	S29:G>A	3	57574	5.2106854E-5	10.280287	39.333332	TRUE	G	8.800894E-5	245.0	0.0016060587	0.98506314	1156.7743	0.020715011	0.029034588	171.0	0.0
SPIKE	S29:G>T	1	57574	1.7368951E-5	-1.0	35.0	TRUE	G	7.0377464E-5	200.0	0.0010922014	0.9880376	651.7024	0.020281712	0.027696611	171.0	0.0
SPIKE	S29:G>C	2	57574	3.4737903E-5	-1.0	40.0	TRUE	G	7.447112E-5	211.0	9.297459E-4	0.9873462	1709.1056	0.020339292	0.023589011	171.0	0.0
SPIKE	S30:A>G	5	57574	8.684475E-5	10.658173	39.6	TRUE	A	3.0357658E-4	834.0	0.00130217	0.9494128	1186.4001	0.020984301	0.023304034	171.0	0.0
SPIKE	S30:A>C	0	57574	0.0	-1.0	0.0	TRUE	A	5.551007E-6	15.0	0.00124762	0.9990512	1196.9452	0.02133286	0.041203536	171.0	0.0
SPIKE	S30:A>T	0	57574	0.0	-1.0	0.0	TRUE	A	7.507858E-5	199.0	0.0015601052	0.98724365	691.94196	0.021755418	0.032713234	171.0	0.0
SPIKE	S31:T>A	5	57574	8.684475E-5	16.300888	37.6	TRUE	T	1.15565395E-4	307.0	0.0016473792	0.9804323	691.94196	0.021708604	0.01948522	171.0	0.0
SPIKE	S31:T>C	1	57574	1.7368951E-5	4.2596874	38.0	TRUE	T	2.2341494E-4	537.0	0.0020836317	0.9625166	1186.4001	0.024003258	0.028181031	171.0	0.0
SPIKE	D31-32:T>	1	57574	1.7368951E-5	-1.0	39.674923	TRUE		NaN	NaN	NaN	NaN	NaN	NaN	NaN	NaN	NaN
SPIKE	S31:T>G	0	57574	0.0	-1.0	0.0	TRUE	T	3.5515482E-6	10.0	5.3925964E-4	0.99939287	1196.9452	0.020458715	0.026493145	171.0	0.0
SPIKE	S32:C>T	5	57574	8.684475E-5	16.300888	39.2	TRUE	C	1.540607E-4	399.0	0.001505431	0.9739996	1156.7743	0.02226382	0.021310376	171.0	0.0
SPIKE	S32:C>A	4	57574	6.9475806E-5	-1.0	38.25	TRUE	C	5.8546113E-5	155.0	0.0017884551	0.9900386	651.7024	0.021785634	0.02596428	171.0	0.0
SPIKE	S32:C>G	0	57574	0.0	-1.0	0.0	TRUE	C	5.6938363E-5	160.0	9.877216E-4	0.9903108	1709.1056	0.020508815	0.025479965	171.0	0.0
SPIKE	S33:C>T	8	57574	1.3895161E-4	25.331787	39.375	TRUE	C	2.0348368E-4	527.0	0.001505431	0.9658027	1156.7743	0.02226382	0.021310376	171.0	0.0
SPIKE	S33:C>A	3	57574	5.2106854E-5	-1.0	39.0	TRUE	C	6.7989035E-6	18.0	0.0017884551	0.99883807	651.7024	0.021785634	0.02596428	171.0	0.0
SPIKE	S33:C>G	4	57574	6.9475806E-5	13.290587	39.25	TRUE	C	1.4483696E-4	407.0	9.877216E-4	0.97553706	1709.1056	0.020508815	0.025479965	171.0	0.0
SPIKE	S34:A>C	2	57574	3.4737903E-5	-1.0	39.5	TRUE	A	2.7384967E-5	74.0	0.00124762	0.9953281	1196.9452	0.02133286	0.041203536	171.0	0.0
SPIKE	S34:A>T	4	57574	6.9475806E-5	-1.0	39.5	TRUE	A	7.658769E-5	203.0	0.0015601052	0.9869889	691.94196	0.021755418	0.032713234	171.0	0.0
SPIKE	S34:A>G	11	57574	1.9105847E-4	26.1236	39.363636	TRUE	A	3.8183673E-4	1049.0	0.00130217	0.93679196	1186.4001	0.020984301	0.023304034	171.0	0.0
SPIKE	S35:T>C	4	57574	6.9475806E-5	13.290587	38.5	TRUE	T	2.2840746E-4	549.0	0.0020836317	0.96169525	1186.4001	0.024003258	0.028181031	171.0	0.0
SPIKE	S35:T>A	2	57574	3.4737903E-5	7.269987	39.5	TRUE	T	9.0344285E-5	240.0	0.0016473792	0.98466986	691.94196	0.021708604	0.01948522	171.0	0.0
SPIKE	D35-36:T>	5	57574	8.684475E-5	-1.0	39.69146	TRUE		NaN	NaN	NaN	NaN	NaN	NaN	NaN	NaN	NaN
SPIKE	S35:T>G	0	57574	0.0	-1.0	0.0	TRUE	T	8.523715E-6	24.0	5.3925964E-4	0.9985435	1196.9452	0.020458715	0.026493145	171.0	0.0
SPIKE	S36:T>C	4	57574	6.9475806E-5	8.284564	40.0	TRUE	T	2.999668E-4	721.0	0.0020836317	0.94999903	1186.4001	0.024003258	0.028181031	171.0	0.0
SPIKE	S36:T>A	1	57574	1.7368951E-5	-1.0	40.0	TRUE	T	7.41576E-5	197.0	0.0016473792	0.9873991	691.94196	0.021708604	0.01948522	171.0	0.0
SPIKE	S36:T>G	1	57574	1.7368951E-5	-1.0	40.0	TRUE	T	4.9721675E-6	14.0	5.3925964E-4	0.9991501	1196.9452	0.020458715	0.026493145	171.0	0.0
SPIKE	S37:A>G	8	57574	1.3895161E-4	25.331787	39.25	TRUE	A	2.2786444E-4	626.0	0.00130217	0.96178454	1186.4001	0.020984301	0.023304034	171.0	0.0
SPIKE	S37:A>C	0	57574	0.0	-1.0	0.0	TRUE	A	5.921074E-6	16.0	0.00124762	0.99898803	1196.9452	0.02133286	0.041203536	171.0	0.0
SPIKE	S37:A>T	0	57574	0.0	-1.0	0.0	TRUE	A	4.2632557E-5	113.0	0.0015601052	0.99273634	691.94196	0.021755418	0.032713234	171.0	0.0
SPIKE	S38:T>C	3	57574	5.2106854E-5	10.280287	40.0	TRUE	T	2.005326E-4	482.0	0.0020836317	0.9662902	1186.4001	0.024003258	0.028181031	171.0	0.0
SPIKE	S38:T>A	2	57574	3.4737903E-5	-1.0	39.5	TRUE	T	7.076969E-5	188.0	0.0016473792	0.9879713	691.94196	0.021708604	0.01948522	171.0	0.0
SPIKE	S38:T>G	1	57574	1.7368951E-5	-1.0	39.0	TRUE	T	4.2618576E-6	12.0	5.3925964E-4	0.9992715	1196.9452	0.020458715	0.026493145	171.0	0.0
SPIKE	S39:C>T	3	57574	5.2106854E-5	6.0206	39.333332	TRUE	C	3.6565284E-4	947.0	0.001505431	0.93938804	1156.7743	0.02226382	0.021310376	171.0	0.0
SPIKE	S39:C>A	5	57574	8.684475E-5	-1.0	38.4	TRUE	C	1.3597807E-5	36.0	0.0017884551	0.9976775	651.7024	0.021785634	0.02596428	171.0	0.0
SPIKE	S39:C>G	1	57574	1.7368951E-5	-1.0	40.0	TRUE	C	4.697415E-5	132.0	9.877216E-4	0.99199957	1709.1056	0.020508815	0.025479965	171.0	0.0
SPIKE	D39-40:C>	2	57574	3.4737903E-5	-1.0	39.624344	TRUE		NaN	NaN	NaN	NaN	NaN	NaN	NaN	NaN	NaN
SPIKE	S40:G>T	1	57574	1.7368951E-5	-1.0	34.0	TRUE	G	1.7242479E-5	49.0	0.0010922014	0.9970559	651.7024	0.020281712	0.027696611	171.0	0.0
SPIKE	S40:G>A	6	57574	1.0421371E-4	9.311187	39.5	TRUE	G	3.969383E-4	1105.0	0.0016060587	0.9343759	1156.7743	0.020715011	0.029034588	171.0	0.0
SPIKE	S40:G>C	0	57574	0.0	-1.0	0.0	TRUE	G	8.047117E-5	228.0	9.297459E-4	0.98633367	1709.1056	0.020339292	0.023589011	171.0	0.0
SPIKE	S41:G>C	3	57574	5.2106854E-5	10.280287	36.666668	TRUE	G	1.56707E-4	444.0	9.297459E-4	0.97355896	1709.1056	0.020339292	0.023589011	171.0	0.0
SPIKE	S41:G>A	3	57574	5.2106854E-5	-1.0	37.0	TRUE	G	6.5737295E-5	183.0	0.0016060587	0.98882186	1156.7743	0.020715011	0.029034588	171.0	0.0
SPIKE	S41:G>T	0	57574	0.0	-1.0	0.0	TRUE	G	2.0057578E-5	57.0	0.0010922014	0.996576	651.7024	0.020281712	0.027696611	171.0	0.0
SPIKE	D42-44:CG>	3	57574	5.2106854E-5	-1.0	39.449768	TRUE		NaN	NaN	NaN	NaN	NaN	NaN	NaN	NaN	NaN
SPIKE	S42:C>T	6	57574	1.0421371E-4	9.311187	39.5	TRUE	C	4.6102374E-4	1194.0	0.001505431	0.92419237	1156.7743	0.02226382	0.021310376	171.0	0.0
SPIKE	S42:C>A	5	57574	8.684475E-5	-1.0	39.0	TRUE	C	1.322009E-5	35.0	0.0017884551	0.99774194	651.7024	0.021785634	0.02596428	171.0	0.0
SPIKE	S42:C>G	2	57574	3.4737903E-5	7.269987	39.0	TRUE	C	2.181451E-4	613.0	9.877216E-4	0.9633844	1709.1056	0.020508815	0.025479965	171.0	0.0
SPIKE	D42-43:C>	4	57574	6.9475806E-5	-1.0	39.449768	TRUE		NaN	NaN	NaN	NaN	NaN	NaN	NaN	NaN	NaN
SPIKE	S43:G>C	1	57574	1.7368951E-5	4.2596874	40.0	TRUE	G	9.5294796E-5	270.0	9.297459E-4	0.98383665	1709.1056	0.020339292	0.023589011	171.0	0.0
SPIKE	S43:G>T	1	57574	1.7368951E-5	-1.0	34.0	TRUE	G	1.5834928E-5	45.0	0.0010922014	0.9972959	651.7024	0.020281712	0.027696611	171.0	0.0
SPIKE	S43:G>A	6	57574	1.0421371E-4	13.113299	39.0	TRUE	G	2.7013358E-4	752.0	0.0016060587	0.9548578	1156.7743	0.020715011	0.029034588	171.0	0.0
SPIKE	S44:G>C	1	57574	1.7368951E-5	2.0412	40.0	TRUE	G	3.8470863E-4	1090.0	9.297459E-4	0.936332	1709.1056	0.020339292	0.023589011	171.0	0.0
SPIKE	S44:G>T	1	57574	1.7368951E-5	-1.0	37.0	TRUE	G	2.885476E-5	82.0	0.0010922014	0.99507797	651.7024	0.020281712	0.027696611	171.0	0.0
SPIKE	S44:G>A	4	57574	6.9475806E-5	13.290587	39.5	TRUE	G	9.4834126E-5	264.0	0.0016060587	0.98391414	1156.7743	0.020715011	0.029034588	171.0	0.0
SPIKE	S45:C>T	8	57574	1.3895161E-4	25.331787	38.25	TRUE	C	1.5908023E-4	412.0	0.001505431	0.97316396	1156.7743	0.02226382	0.021310376	171.0	0.0
SPIKE	S45:C>A	3	57574	5.2106854E-5	-1.0	39.333332	TRUE	C	9.820638E-6	26.0	0.0017884551	0.99832207	651.7024	0.021785634	0.02596428	171.0	0.0
SPIKE	S45:C>G	9	57574	1.5632056E-4	20.808811	38.77778	TRUE	C	3.0568783E-4	859.0	9.877216E-4	0.9490701	1709.1056	0.020508815	0.025479965	171.0	0.0
SPIKE	S46:G>C	2	57574	3.4737903E-5	3.9120662	37.0	TRUE	G	2.6541366E-4	752.0	9.297459E-4	0.9556288	1709.1056	0.020339292	0.023589011	171.0	0.0
SPIKE	S46:G>T	3	57574	5.2106854E-5	-1.0	39.333332	TRUE	G	1.9705689E-5	56.0	0.0010922014	0.996636	651.7024	0.020281712	0.027696611	171.0	0.0
SPIKE	S46:G>A	13	57574	2.2579636E-4	25.388708	39.46154	TRUE	G	5.1691785E-4	1439.0	0.0016060587	0.9154011	1156.7743	0.020715011	0.029034588	171.0	0.0
SPIKE	D46-47:G>	2	57574	3.4737903E-5	-1.0	39.407215	TRUE		NaN	NaN	NaN	NaN	NaN	NaN	NaN	NaN	NaN
SPIKE	S47:A>T	5	57574	8.684475E-5	-1.0	37.8	TRUE	A	6.111924E-5	162.0	0.0015601052	0.98960304	691.94196	0.021755418	0.032713234	171.0	0.0
SPIKE	S47:A>G	7	57574	1.21582656E-4	22.321487	39.285713	TRUE	A	1.2885625E-4	354.0	0.00130217	0.9782066	1186.4001	0.020984301	0.023304034	171.0	0.0
SPIKE	S47:A>C	0	57574	0.0	-1.0	0.0	TRUE	A	5.551007E-6	15.0	0.00124762	0.9990512	1196.9452	0.02133286	0.041203536	171.0	0.0
SPIKE	S48:A>T	1	57574	1.7368951E-5	2.0412	39.0	TRUE	A	2.3806322E-4	631.0	0.0015601052	0.96010864	691.94196	0.021755418	0.032713234	171.0	0.0
SPIKE	S48:A>G	9	57574	1.5632056E-4	28.342087	39.0	TRUE	A	1.8454835E-4	507.0	0.00130217	0.96893495	1186.4001	0.020984301	0.023304034	171.0	0.0
SPIKE	S48:A>C	0	57574	0.0	-1.0	0.0	TRUE	A	8.8816105E-6	24.0	0.00124762	0.9984824	1196.9452	0.02133286	0.041203536	171.0	0.0
SPIKE	S49:T>C	2	57574	3.4737903E-5	7.269987	39.0	TRUE	T	2.034449E-4	489.0	0.0020836317	0.9658091	1186.4001	0.024003258	0.028181031	171.0	0.0
SPIKE	S49:T>A	2	57574	3.4737903E-5	-1.0	38.5	TRUE	T	6.3993866E-5	170.0	0.0016473792	0.9891167	691.94196	0.021708604	0.01948522	171.0	0.0
SPIKE	D49-50:T>	7	57574	1.21582656E-4	-1.0	39.608818	TRUE		NaN	NaN	NaN	NaN	NaN	NaN	NaN	NaN	NaN
SPIKE	S49:T>G	0	57574	0.0	-1.0	0.0	TRUE	T	7.813405E-6	22.0	5.3925964E-4	0.9986648	1196.9452	0.020458715	0.026493145	171.0	0.0
SPIKE	S50:T>C	7	57574	1.21582656E-4	22.321487	38.857143	TRUE	T	2.2216683E-4	534.0	0.0020836317	0.96272206	1186.4001	0.024003258	0.028181031	171.0	0.0
SPIKE	S50:T>A	6	57574	1.0421371E-4	19.311188	39.333332	TRUE	T	8.4321335E-5	224.0	0.0016473792	0.9856845	691.94196	0.021708604	0.01948522	171.0	0.0
SPIKE	S50:T>G	0	57574	0.0	-1.0	0.0	TRUE	T	8.16856E-6	23.0	5.3925964E-4	0.9986042	1196.9452	0.020458715	0.026493145	171.0	0.0
SPIKE	S51:T>C	4	57574	6.9475806E-5	8.284564	39.0	TRUE	T	3.1952083E-4	768.0	0.0020836317	0.94682777	1186.4001	0.024003258	0.028181031	171.0	0.0
SPIKE	S51:T>G	1	57574	1.7368951E-5	-1.0	39.0	TRUE	T	1.2075264E-5	34.0	5.3925964E-4	0.99793726	1196.9452	0.020458715	0.026493145	171.0	0.0
SPIKE	S51:T>A	11	57574	1.9105847E-4	20.53052	39.363636	TRUE	T	5.34537E-4	1420.0	0.0016473792	0.91264725	691.94196	0.021708604	0.01948522	171.0	0.0
SPIKE	S52:A>T	1	57574	1.7368951E-5	-1.0	38.0	TRUE	A	3.8105205E-5	101.0	0.0015601052	0.9935052	691.94196	0.021755418	0.032713234	171.0	0.0
SPIKE	S52:A>C	1	57574	1.7368951E-5	2.0412	39.0	TRUE	A	3.25289E-4	879.0	0.00124762	0.9458943	1196.9452	0.02133286	0.041203536	171.0	0.0
SPIKE	S52:A>G	10	57574	1.736895E-4	23.451881	39.2	TRUE	A	2.7518452E-4	756.0	0.00130217	0.95403343	1186.4001	0.020984301	0.023304034	171.0	0.0
SPIKE	S53:C>T	9	57574	1.5632056E-4	28.342087	38.555557	TRUE	C	1.382299E-4	358.0	0.001505431	0.97663987	1156.7743	0.02226382	0.021310376	171.0	0.0
SPIKE	S53:C>G	11	57574	1.9105847E-4	26.1236	38.81818	TRUE	C	3.4661227E-4	974.0	9.877216E-4	0.9424516	1709.1056	0.020508815	0.025479965	171.0	0.0
SPIKE	S53:C>A	3	57574	5.2106854E-5	-1.0	39.333332	TRUE	C	1.9641277E-5	52.0	0.0017884551	0.996647	651.7024	0.021785634	0.02596428	171.0	0.0
SPIKE	D53-54:C>	8	57574	1.3895161E-4	-1.0	39.44296	TRUE		NaN	NaN	NaN	NaN	NaN	NaN	NaN	NaN	NaN
SPIKE	S54:C>T	6	57576	1.04210085E-4	19.311188	40.0	TRUE	C	2.019322E-4	523.0	0.001505431	0.96605897	1156.8145	0.02226382	0.021310376	171.0	0.0
SPIKE	S54:C>G	8	57576	1.3894678E-4	-1.0	40.0	TRUE	C	5.302201E-5	149.0	9.877216E-4	0.9909742	1709.1649	0.020508815	0.025479965	171.0	0.0
SPIKE	S54:C>A	9	57576	1.5631513E-4	9.52325	40.0	TRUE	C	6.976188E-4	1847.0	0.0017884551	0.88754785	651.72504	0.021785634	0.02596428	171.0	0.0
SPIKE	S55:A>T	2	57576	3.4736695E-5	-1.0	40.0	TRUE	A	6.187165E-5	164.0	0.0015601052	0.9894757	691.966	0.021755418	0.032713234	171.0	0.0
SPIKE	S55:A>C	1	57576	1.7368347E-5	0.004243229	40.0	TRUE	A	0.0018943078	5119.0	0.00124762	0.7233033	1196.9868	0.02133286	0.041203536	171.0	0.0
SPIKE	S55:A>G	9	57576	1.5631513E-4	15.850103	40.0	TRUE	A	4.600809E-4	1264.0	0.00130217	0.9243414	1186.4414	0.020984301	0.023304034	171.0	0.0
SPIKE	S56:C>T	7	57577	1.21576326E-4	22.321487	40.0	TRUE	C	1.2779808E-4	331.0	0.001505431	0.9783836	1156.8346	0.02226382	0.021310376	171.0	0.0
SPIKE	S56:C>G	6	57577	1.0420828E-4	19.311188	40.0	TRUE	C	1.7649973E-4	496.0	9.877216E-4	0.97026944	1709.1947	0.020508815	0.025479965	171.0	0.0
SPIKE	S56:C>A	5	57577	8.6840235E-5	10.658173	40.0	TRUE	C	2.3832693E-4	631.0	0.0017884551	0.96006536	651.7363	0.021785634	0.02596428	171.0	0.0
SPIKE	D56-57:C>	10	57577	1.7368047E-4	-1.0	39.998592	TRUE		NaN	NaN	NaN	NaN	NaN	NaN	NaN	NaN	NaN
SPIKE	S57:C>T	8	57577	1.3894436E-4	25.331787	40.0	TRUE	C	1.9111797E-4	495.0	0.001505431	0.9678471	1156.8346	0.02226382	0.021310376	171.0	0.0
SPIKE	S57:C>G	3	57577	5.210414E-5	-1.0	40.0	TRUE	C	5.7291243E-5	161.0	9.877216E-4	0.990251	1709.1947	0.020508815	0.025479965	171.0	0.0
SPIKE	S57:C>A	9	57577	1.5631241E-4	5.7604303	40.0	TRUE	C	0.0010598183	2806.0	0.0017884551	0.8342444	651.7363	0.021785634	0.02596428	171.0	0.0
SPIKE	S58:A>C	2	57577	3.473609E-5	0.16423042	40.0	TRUE	A	0.0013047886	3526.0	0.00124762	0.80001974	1197.0076	0.02133286	0.041203536	171.0	0.0
SPIKE	S58:A>G	12	57577	2.0841656E-4	22.940357	40.0	TRUE	A	4.7463216E-4	1304.0	0.00130217	0.9220442	1186.462	0.020984301	0.023304034	171.0	0.0
SPIKE	D58-59:A>	1	57577	1.7368046E-5	-1.0	39.997864	TRUE		NaN	NaN	NaN	NaN	NaN	NaN	NaN	NaN	NaN
SPIKE	S58:A>T	0	57577	0.0	-1.0	0.0	TRUE	A	0.0013011683	3449.0	0.0015601052	0.8005152	691.978	0.021755418	0.032713234	171.0	0.0
SPIKE	S59:T>C	4	57578	6.947098E-5	8.284564	40.0	TRUE	T	2.7540117E-4	662.0	0.0020836317	0.9539981	1186.4827	0.024003258	0.028181031	171.0	0.0
SPIKE	S59:T>A	4	57578	6.947098E-5	0.30566683	40.0	TRUE	T	0.0015402631	4092.0	0.0016473792	0.768446	691.99005	0.021708604	0.01948522	171.0	0.0
SPIKE	S59:T>G	0	57578	0.0	-1.0	0.0	TRUE	T	9.233384E-6	26.0	5.3925964E-4	0.9984223	1197.0283	0.020458715	0.026493145	171.0	0.0
SPIKE	S60:T>C	6	57578	1.0420647E-4	4.872041	40.0	TRUE	T	8.091469E-4	1945.0	0.0020836317	0.87078154	1186.4827	0.024003258	0.028181031	171.0	0.0
SPIKE	S60:T>G	1	57578	1.7367745E-5	0.17304859	40.0	TRUE	T	9.87617E-4	2781.0	5.3925964E-4	0.8446081	1197.0283	0.020458715	0.026493145	171.0	0.0
SPIKE	S60:T>A	3	57578	5.2103234E-5	-1.0	40.0	TRUE	T	5.6461256E-5	150.0	0.0016473792	0.9903916	691.99005	0.021708604	0.01948522	171.0	0.0
SPIKE	S61:G>T	3	57578	5.2103234E-5	0.6090995	40.0	TRUE	G	0.0011379245	3234.0	0.0010922014	0.82317615	651.7477	0.020281712	0.027696611	171.0	0.0
SPIKE	S61:G>A	2	57578	3.473549E-5	0.28028724	40.0	TRUE	G	0.0011548126	3215.0	0.0016060587	0.82080233	1156.8546	0.020715011	0.029034588	171.0	0.0
SPIKE	S61:G>C	0	57578	0.0	-1.0	0.0	TRUE	G	7.693638E-5	218.0	9.297459E-4	0.98693	1709.2244	0.020339292	0.023589011	171.0	0.0
SPIKE	S62:A>T	4	57579	6.9469774E-5	13.290587	40.0	TRUE	A	1.8447354E-4	489.0	0.0015601052	0.96894735	692.002	0.021755418	0.032713234	171.0	0.0
SPIKE	S62:A>C	1	57579	1.7367443E-5	-1.0	40.0	TRUE	A	5.9205595E-6	16.0	0.00124762	0.9989881	1197.0492	0.02133286	0.041203536	171.0	0.0
SPIKE	S62:A>G	9	57579	1.5630698E-4	1.9918138	40.0	TRUE	A	0.0017263053	4743.0	0.00130217	0.74438405	1186.5032	0.020984301	0.023304034	171.0	0.0
SPIKE	D62-63:A>	4	57579	6.9469774E-5	-1.0	39.9967	TRUE		NaN	NaN	NaN	NaN	NaN	NaN	NaN	NaN	NaN
SPIKE	I62:>A	3	57579	5.210233E-5	-1.0	39.9967	TRUE		NaN	NaN	NaN	NaN	NaN	NaN	NaN	NaN	NaN
SPIKE	S63:A>T	2	57579	3.4734887E-5	7.269987	40.0	TRUE	A	1.3731772E-4	364.0	0.0015601052	0.9767922	692.002	0.021755418	0.032713234	171.0	0.0
SPIKE	S63:A>C	1	57579	1.7367443E-5	-1.0	40.0	TRUE	A	8.510805E-6	23.0	0.00124762	0.9985457	1197.0492	0.02133286	0.041203536	171.0	0.0
SPIKE	S63:A>G	8	57579	1.3893955E-4	18.199682	40.0	TRUE	A	2.529585E-4	695.0	0.00130217	0.9576663	1186.5032	0.020984301	0.023304034	171.0	0.0
SPIKE	S64:A>G	8	57579	1.3893955E-4	25.331787	40.0	TRUE	A	2.3112037E-4	635.0	0.00130217	0.96124923	1186.5032	0.020984301	0.023304034	171.0	0.0
SPIKE	S64:A>C	0	57579	0.0	-1.0	0.0	TRUE	A	1.2951225E-5	35.0	0.00124762	0.9977878	1197.0492	0.02133286	0.041203536	171.0	0.0
SPIKE	S64:A>T	0	57579	0.0	-1.0	0.0	TRUE	A	4.86648E-5	129.0	0.0015601052	0.99171287	692.002	0.021755418	0.032713234	171.0	0.0
SPIKE	S65:A>G	4	57579	6.9469774E-5	13.290587	40.0	TRUE	A	1.6960959E-4	466.0	0.00130217	0.9714133	1186.5032	0.020984301	0.023304034	171.0	0.0
SPIKE	S65:A>C	4	57579	6.9469774E-5	0.12330272	40.0	TRUE	A	0.0018046605	4877.0	0.00124762	0.73447675	1197.0492	0.02133286	0.041203536	171.0	0.0
SPIKE	S65:A>T	1	57579	1.7367443E-5	-1.0	40.0	TRUE	A	2.263479E-5	60.0	0.0015601052	0.9961369	692.002	0.021755418	0.032713234	171.0	0.0
SPIKE	D66-69:CCA>	1	57579	1.7367443E-5	-1.0	39.998074	TRUE		NaN	NaN	NaN	NaN	NaN	NaN	NaN	NaN	NaN
SPIKE	S66:C>A	2	57579	3.4734887E-5	0.7986036	40.0	TRUE	C	7.1306754E-4	1888.0	0.0017884551	0.8852063	651.759	0.021785634	0.02596428	171.0	0.0
SPIKE	S66:C>G	3	57579	5.210233E-5	-1.0	40.0	TRUE	C	4.7681737E-5	134.0	9.877216E-4	0.9918796	1709.254	0.020508815	0.025479965	171.0	0.0
SPIKE	S66:C>T	4	57579	6.9469774E-5	13.290587	40.0	TRUE	C	1.0115388E-4	262.0	0.001505431	0.98285145	1156.8748	0.02226382	0.021310376	171.0	0.0
SPIKE	D66-67:C>	7	57579	1.215721E-4	-1.0	39.998074	TRUE		NaN	NaN	NaN	NaN	NaN	NaN	NaN	NaN	NaN
SPIKE	S67:C>A	9	57579	1.5630698E-4	1.1164881	40.0	TRUE	C	0.0020840608	5518.0	0.0017884551	0.70021045	651.759	0.021785634	0.02596428	171.0	0.0
SPIKE	S67:C>G	2	57579	3.4734887E-5	-1.0	40.0	TRUE	C	3.9497558E-5	111.0	9.877216E-4	0.99326867	1709.254	0.020508815	0.025479965	171.0	0.0
SPIKE	S67:C>T	5	57579	8.6837215E-5	16.300888	40.0	TRUE	C	1.7257933E-4	447.0	0.001505431	0.97092015	1156.8748	0.02226382	0.021310376	171.0	0.0
SPIKE	S68:A>G	9	57579	1.5630698E-4	0.22001827	40.0	TRUE	A	0.002742143	7534.0	0.00130217	0.6256861	1186.5032	0.020984301	0.023304034	171.0	0.0
SPIKE	S68:A>C	1	57579	1.7367443E-5	0.57991946	40.0	TRUE	A	5.458016E-4	1475.0	0.00124762	0.910891	1197.0492	0.02133286	0.041203536	171.0	0.0
SPIKE	S68:A>T	1	57579	1.7367443E-5	-1.0	40.0	TRUE	A	3.5838417E-5	95.0	0.0015601052	0.99389035	692.002	0.021755418	0.032713234	171.0	0.0
SPIKE	D68-69:A>	1	57579	1.7367443E-5	-1.0	39.996197	TRUE		NaN	NaN	NaN	NaN	NaN	NaN	NaN	NaN	NaN
SPIKE	S69:G>A	4	57579	6.9469774E-5	2.4537697	40.0	TRUE	G	7.216107E-4	2009.0	0.0016060587	0.88391405	1156.8748	0.020715011	0.029034588	171.0	0.0
SPIKE	S69:G>C	1	57579	1.7367443E-5	3.3135305E-4	40.0	TRUE	G	0.002504977	7098.0	9.297459E-4	0.65158266	1709.254	0.020339292	0.023589011	171.0	0.0
SPIKE	S69:G>T	2	57579	3.4734887E-5	-1.0	40.0	TRUE	G	1.5129841E-5	43.0	0.0010922014	0.99741614	651.759	0.020281712	0.027696611	171.0	0.0
SPIKE	S70:C>A	4	57579	6.9469774E-5	-1.0	40.0	TRUE	C	3.0970095E-5	82.0	0.0017884551	0.99471813	651.759	0.021785634	0.02596428	171.0	0.0
SPIKE	S70:C>G	6	57579	1.0420466E-4	6.718435	40.0	TRUE	C	5.8997254E-4	1658.0	9.877216E-4	0.9040367	1709.254	0.020508815	0.025479965	171.0	0.0
SPIKE	S70:C>T	4	57579	6.9469774E-5	-1.0	40.0	TRUE	C	7.4514115E-5	193.0	0.001505431	0.9873389	1156.8748	0.02226382	0.021310376	171.0	0.0
SPIKE	D70-71:C>	2	57579	3.4734887E-5	-1.0	39.998993	TRUE		NaN	NaN	NaN	NaN	NaN	NaN	NaN	NaN	NaN
SPIKE	S71:C>A	4	57579	6.9469774E-5	-1.0	40.0	TRUE	C	3.7390724E-5	99.0	0.0017884551	0.9936266	651.759	0.021785634	0.02596428	171.0	0.0
SPIKE	S71:C>G	2	57579	3.4734887E-5	0.0100180255	40.0	TRUE	C	0.0019666937	5527.0	9.877216E-4	0.7144054	1709.254	0.020508815	0.025479965	171.0	0.0
SPIKE	S71:C>T	16	57579	2.778791E-4	32.922462	40.0	TRUE	C	4.9997814E-4	1295.0	0.001505431	0.91805655	1156.8748	0.02226382	0.021310376	171.0	0.0
SPIKE	S72:G>A	18	57579	3.1261396E-4	38.07082	40.0	TRUE	G	5.0501974E-4	1406.0	0.0016060587	0.9172655	1156.8748	0.020715011	0.029034588	171.0	0.0
SPIKE	S72:G>C	4	57579	6.9469774E-5	2.4537697	40.0	TRUE	G	7.7252666E-4	2189.0	9.297459E-4	0.8762516	1709.254	0.020339292	0.023589011	171.0	0.0
SPIKE	S72:G>T	2	57579	3.4734887E-5	0.28028724	35.5	TRUE	G	0.0010854781	3085.0	0.0010922014	0.83059186	651.759	0.020281712	0.027696611	171.0	0.0
SPIKE	S73:T>A	3	57579	5.210233E-5	-1.0	40.0	TRUE	T	6.21063E-5	165.0	0.0016473792	0.98943603	692.002	0.021708604	0.01948522	171.0	0.0
SPIKE	S73:T>C	11	57579	1.9104188E-4	16.357807	40.0	TRUE	T	6.2026584E-4	1491.0	0.0020836317	0.8993658	1186.5032	0.024003258	0.028181031	171.0	0.0
SPIKE	D73-74:T>	1	57579	1.7367443E-5	-1.0	39.99625	TRUE		NaN	NaN	NaN	NaN	NaN	NaN	NaN	NaN	NaN
SPIKE	S73:T>G	0	57579	0.0	-1.0	0.0	TRUE	T	0.002165901	6099.0	5.3925964E-4	0.69047946	1197.0492	0.020458715	0.026493145	171.0	0.0
SPIKE	S74:G>A	5	57579	8.6837215E-5	16.300888	40.0	TRUE	G	1.4798586E-4	412.0	0.0016060587	0.97501194	1156.8748	0.020715011	0.029034588	171.0	0.0
SPIKE	D74-75:G>	3	57579	5.210233E-5	-1.0	39.9983	TRUE		NaN	NaN	NaN	NaN	NaN	NaN	NaN	NaN	NaN
SPIKE	S74:G>C	0	57579	0.0	-1.0	0.0	TRUE	G	4.3055392E-5	122.0	9.297459E-4	0.9926646	1709.254	0.020339292	0.023589011	171.0	0.0
SPIKE	S74:G>T	0	57579	0.0	-1.0	0.0	TRUE	G	3.7789415E-4	1074.0	0.0010922014	0.9374237	651.759	0.020281712	0.027696611	171.0	0.0
SPIKE	S75:G>A	4	57579	6.9469774E-5	13.290587	40.0	TRUE	G	1.0200967E-4	284.0	0.0016060587	0.9827076	1156.8748	0.020715011	0.029034588	171.0	0.0
SPIKE	S75:G>C	2	57579	3.4734887E-5	-1.0	40.0	TRUE	G	5.7524827E-5	163.0	9.297459E-4	0.9902115	1709.254	0.020339292	0.023589011	171.0	0.0
SPIKE	S75:G>T	0	57579	0.0	-1.0	0.0	TRUE	G	0.0019813054	5631.0	0.0010922014	0.71262264	651.759	0.020281712	0.027696611	171.0	0.0
SPIKE	S76:T>A	1	57579	1.7367443E-5	-1.0	40.0	TRUE	T	2.5971725E-5	69.0	0.0016473792	0.9955687	692.002	0.021708604	0.01948522	171.0	0.0
SPIKE	S76:T>G	4	57579	6.9469774E-5	5.449171	40.0	TRUE	T	5.1635026E-4	1454.0	5.3925964E-4	0.91549	1197.0492	0.020458715	0.026493145	171.0	0.0
SPIKE	S76:T>C	4	57579	6.9469774E-5	13.290587	40.0	TRUE	T	1.7846684E-4	429.0	0.0020836317	0.96994317	1186.5032	0.024003258	0.028181031	171.0	0.0
SPIKE	D76-77:T>	2	57579	3.4734887E-5	-1.0	39.998264	TRUE		NaN	NaN	NaN	NaN	NaN	NaN	NaN	NaN	NaN
SPIKE	S77:T>A	2	57579	3.4734887E-5	7.269987	40.0	TRUE	T	1.1141494E-4	296.0	0.0016473792	0.9811284	692.002	0.021708604	0.01948522	171.0	0.0
SPIKE	S77:T>C	6	57579	1.0420466E-4	13.113299	40.0	TRUE	T	2.5459603E-4	612.0	0.0020836317	0.9573982	1186.5032	0.024003258	0.028181031	171.0	0.0
SPIKE	S77:T>G	0	57579	0.0	-1.0	0.0	TRUE	T	3.5157274E-5	99.0	5.3925964E-4	0.99400616	1197.0492	0.020458715	0.026493145	171.0	0.0
SPIKE	S78:T>A	3	57579	5.210233E-5	-1.0	40.0	TRUE	T	6.9257934E-5	184.0	0.0016473792	0.9882268	692.002	0.021708604	0.01948522	171.0	0.0
SPIKE	S78:T>G	1	57579	1.7367443E-5	6.295924E-4	40.0	TRUE	T	0.0022575231	6357.0	5.3925964E-4	0.67974573	1197.0492	0.020458715	0.026493145	171.0	0.0
SPIKE	S78:T>C	6	57579	1.0420466E-4	6.718435	40.0	TRUE	T	5.7492114E-4	1382.0	0.0020836317	0.9063665	1186.5032	0.024003258	0.028181031	171.0	0.0
SPIKE	S79:G>A	9	57578	1.563097E-4	28.342087	40.0	TRUE	G	1.576867E-4	439.0	0.0016060587	0.9733959	1156.8546	0.020715011	0.029034588	171.0	0.0
SPIKE	S79:G>C	3	57578	5.2103234E-5	0.0035903142	40.0	TRUE	G	0.002646188	7498.0	9.297459E-4	0.63603723	1709.2244	0.020339292	0.023589011	171.0	0.0
SPIKE	S79:G>T	1	57578	1.7367745E-5	2.0412	40.0	TRUE	G	2.579155E-4	733.0	0.0010922014	0.9568549	651.7477	0.020281712	0.027696611	171.0	0.0
SPIKE	S80:C>G	4	57577	6.947218E-5	0.0022069511	40.0	TRUE	C	0.0030677503	8621.0	9.877216E-4	0.59180075	1709.1947	0.020508815	0.025479965	171.0	0.0
SPIKE	S80:C>A	4	57577	6.947218E-5	-1.0	40.0	TRUE	C	1.51078875E-5	40.0	0.0017884551	0.9974199	651.7363	0.021785634	0.02596428	171.0	0.0
SPIKE	S80:C>T	11	57577	1.9104852E-4	20.53052	40.0	TRUE	C	5.3744693E-4	1392.0	0.001505431	0.91219324	1156.8346	0.02226382	0.021310376	171.0	0.0
SPIKE	D80-81:C>	1	57577	1.7368046E-5	-1.0	39.997845	TRUE		NaN	NaN	NaN	NaN	NaN	NaN	NaN	NaN	NaN
SPIKE	S81:G>A	12	57577	2.0841656E-4	28.819815	40.0	TRUE	G	3.0675804E-4	854.0	0.0016060587	0.9488964	1156.8346	0.020715011	0.029034588	171.0	0.0
SPIKE	S81:G>T	3	57577	5.210414E-5	-1.0	40.0	TRUE	G	4.2928015E-5	122.0	0.0010922014	0.9926862	651.7363	0.020281712	0.027696611	171.0	0.0
SPIKE	S81:G>C	3	57577	5.210414E-5	6.0206	40.0	TRUE	G	3.1692692E-4	898.0	9.297459E-4	0.94724786	1709.1947	0.020339292	0.023589011	171.0	0.0
SPIKE	D81-82:G>	1	57577	1.7368046E-5	-1.0	39.999443	TRUE		NaN	NaN	NaN	NaN	NaN	NaN	NaN	NaN	NaN
SPIKE	S82:G>A	4	57576	6.947339E-5	13.290587	40.0	TRUE	G	9.878212E-5	275.0	0.0016060587	0.98325014	1156.8145	0.020715011	0.029034588	171.0	0.0
SPIKE	S82:G>T	3	57576	5.2105042E-5	-1.0	40.0	TRUE	G	2.3223756E-5	66.0	0.0010922014	0.9960366	651.72504	0.020281712	0.027696611	171.0	0.0
SPIKE	S82:G>C	3	57576	5.2105042E-5	6.616958E-4	40.0	TRUE	G	0.0030645037	8683.0	9.297459E-4	0.59212935	1709.1649	0.020339292	0.023589011	171.0	0.0
SPIKE	S83:C>G	11	57575	1.9105515E-4	0.10182646	40.0	TRUE	C	0.003532964	9928.0	9.877216E-4	0.546546	1709.1353	0.020508815	0.025479965	171.0	0.0
SPIKE	S83:C>A	8	57575	1.389492E-4	-1.0	40.0	TRUE	C	1.8507804E-5	49.0	0.0017884551	0.9968402	651.7137	0.021785634	0.02596428	171.0	0.0
SPIKE	S83:C>T	13	57575	2.2579245E-4	25.388708	40.0	TRUE	C	4.40938E-4	1142.0	0.001505431	0.9273721	1156.7944	0.02226382	0.021310376	171.0	0.0
SPIKE	S84:G>A	14	57575	2.4316109E-4	1.0567505	40.0	TRUE	G	0.0030015917	8356.0	0.0016060587	0.59853387	1156.7944	0.020715011	0.029034588	171.0	0.0
SPIKE	S84:G>T	2	57575	3.47373E-5	-1.0	40.0	TRUE	G	2.2520397E-5	64.0	0.0010922014	0.9961564	651.7137	0.020281712	0.027696611	171.0	0.0
SPIKE	S84:G>C	1	57575	1.736865E-5	4.2596874	40.0	TRUE	G	1.8070404E-4	512.0	9.297459E-4	0.9695721	1709.1353	0.020339292	0.023589011	171.0	0.0
SPIKE	S85:A>G	7	57575	1.21580546E-4	11.410683	40.0	TRUE	A	4.972163E-4	1366.0	0.00130217	0.91849023	1186.4208	0.020984301	0.023304034	171.0	0.0
SPIKE	S85:A>T	6	57575	1.042119E-4	0.056377705	40.0	TRUE	A	0.0026212907	6948.0	0.0015601052	0.6387509	691.954	0.021755418	0.032713234	171.0	0.0
SPIKE	S85:A>C	0	57575	0.0	-1.0	0.0	TRUE	A	4.0706677E-6	11.0	0.00124762	0.9993042	1196.966	0.02133286	0.041203536	171.0	0.0
SPIKE	S86:T>A	5	57574	8.684475E-5	16.300888	39.8	TRUE	T	2.0139247E-4	535.0	0.0016473792	0.96614814	691.94196	0.021708604	0.01948522	171.0	0.0
SPIKE	S86:T>C	3	57574	5.2106854E-5	6.0206	38.666668	TRUE	T	2.6169088E-4	629.0	0.0020836317	0.9562373	1186.4001	0.024003258	0.028181031	171.0	0.0
SPIKE	D86-87:T>	10	57574	1.736895E-4	-1.0	39.521206	TRUE		NaN	NaN	NaN	NaN	NaN	NaN	NaN	NaN	NaN
SPIKE	S86:T>G	0	57574	0.0	-1.0	0.0	TRUE	T	1.1364954E-5	32.0	5.3925964E-4	0.9980585	1196.9452	0.020458715	0.026493145	171.0	0.0
SPIKE	S87:T>A	2	57574	3.4737903E-5	-1.0	39.0	TRUE	T	5.646518E-5	150.0	0.0016473792	0.9903909	691.94196	0.021708604	0.01948522	171.0	0.0
SPIKE	S87:T>C	2	57574	3.4737903E-5	7.269987	39.0	TRUE	T	1.9054758E-4	458.0	0.0020836317	0.96794146	1186.4001	0.024003258	0.028181031	171.0	0.0
SPIKE	S87:T>G	0	57574	0.0	-1.0	0.0	TRUE	T	3.018816E-5	85.0	5.3925964E-4	0.9948511	1196.9452	0.020458715	0.026493145	171.0	0.0
SPIKE	S88:T>A	5	57574	8.684475E-5	-1.0	39.2	TRUE	T	7.41576E-5	197.0	0.0016473792	0.9873991	691.94196	0.021708604	0.01948522	171.0	0.0
SPIKE	S88:T>C	3	57574	5.2106854E-5	6.0206	38.666668	TRUE	T	2.8665343E-4	689.0	0.0020836317	0.95216423	1186.4001	0.024003258	0.028181031	171.0	0.0
SPIKE	S88:T>G	0	57574	0.0	-1.0	0.0	TRUE	T	7.813405E-6	22.0	5.3925964E-4	0.9986648	1196.9452	0.020458715	0.026493145	171.0	0.0
SPIKE	S89:A>G	7	57574	1.21582656E-4	15.631419	38.857143	TRUE	A	2.5006846E-4	687.0	0.00130217	0.95813966	1186.4001	0.020984301	0.023304034	171.0	0.0
SPIKE	S89:A>T	5	57574	8.684475E-5	16.300888	37.4	TRUE	A	1.4110244E-4	374.0	0.0015601052	0.9761602	691.94196	0.021755418	0.032713234	171.0	0.0
SPIKE	S89:A>C	1	57574	1.7368951E-5	-1.0	39.0	TRUE	A	4.8108723E-6	13.0	0.00124762	0.9991777	1196.9452	0.02133286	0.041203536	171.0	0.0
SPIKE	D89-90:A>	1	57574	1.7368951E-5	-1.0	39.52015	TRUE		NaN	NaN	NaN	NaN	NaN	NaN	NaN	NaN	NaN
SPIKE	S90:T>A	2	57574	3.4737903E-5	7.269987	39.0	TRUE	T	8.9214984E-5	237.0	0.0016473792	0.98486	691.94196	0.021708604	0.01948522	171.0	0.0
SPIKE	S90:T>G	0	57574	0.0	-1.0	0.0	TRUE	T	6.7479414E-6	19.0	5.3925964E-4	0.99884677	1196.9452	0.020458715	0.026493145	171.0	0.0
SPIKE	S90:T>C	0	57574	0.0	-1.0	0.0	TRUE	T	1.7057752E-4	410.0	0.0020836317	0.97125256	1186.4001	0.024003258	0.028181031	171.0	0.0
SPIKE	S91:C>G	1	57574	1.7368951E-5	-1.0	38.0	TRUE	C	4.94652E-5	139.0	9.877216E-4	0.99157715	1709.1056	0.020508815	0.025479965	171.0	0.0
SPIKE	S91:C>A	3	57574	5.2106854E-5	-1.0	39.333332	TRUE	C	1.5864109E-5	42.0	0.0017884551	0.9972909	651.7024	0.021785634	0.02596428	171.0	0.0
SPIKE	S91:C>T	3	57574	5.2106854E-5	2.3797824	39.333332	TRUE	C	5.421083E-4	1404.0	0.001505431	0.9114664	1156.7743	0.02226382	0.021310376	171.0	0.0
SPIKE	S92:G>A	13	57574	2.2579636E-4	25.388708	39.076923	TRUE	G	4.8027738E-4	1337.0	0.0016060587	0.92115456	1156.7743	0.020715011	0.029034588	171.0	0.0
SPIKE	S92:G>C	0	57574	0.0	-1.0	0.0	TRUE	G	2.6682543E-4	756.0	9.297459E-4	0.95539814	1709.1056	0.020339292	0.023589011	171.0	0.0
SPIKE	S92:G>T	0	57574	0.0	-1.0	0.0	TRUE	G	7.0377464E-6	20.0	0.0010922014	0.9987973	651.7024	0.020281712	0.027696611	171.0	0.0
SPIKE	S93:T>A	3	57574	5.2106854E-5	10.280287	38.666668	TRUE	T	7.9804115E-5	212.0	0.0016473792	0.9864462	691.94196	0.021708604	0.01948522	171.0	0.0
SPIKE	S93:T>C	5	57574	8.684475E-5	16.300888	39.0	TRUE	T	1.5143956E-4	364.0	0.0020836317	0.9744363	1186.4001	0.024003258	0.028181031	171.0	0.0
SPIKE	S93:T>G	0	57574	0.0	-1.0	0.0	TRUE	T	2.2374752E-5	63.0	5.3925964E-4	0.99618125	1196.9452	0.020458715	0.026493145	171.0	0.0
SPIKE	S94:C>G	3	57574	5.2106854E-5	10.280287	39.0	TRUE	C	1.313141E-4	369.0	9.877216E-4	0.97779554	1709.1056	0.020508815	0.025479965	171.0	0.0
SPIKE	S94:C>A	9	57574	1.5632056E-4	-1.0	38.88889	TRUE	C	1.926356E-5	51.0	0.0017884551	0.9967114	651.7024	0.021785634	0.02596428	171.0	0.0
SPIKE	S94:C>T	8	57574	1.3895161E-4	13.595069	37.625	TRUE	C	4.077396E-4	1056.0	0.001505431	0.9326517	1156.7743	0.02226382	0.021310376	171.0	0.0
SPIKE	D94-95:C>	1	57574	1.7368951E-5	-1.0	39.473618	TRUE		NaN	NaN	NaN	NaN	NaN	NaN	NaN	NaN	NaN
SPIKE	S95:G>A	13	57574	2.2579636E-4	25.388708	39.153847	TRUE	G	4.8494723E-4	1350.0	0.0016060587	0.9204193	1156.7743	0.020715011	0.029034588	171.0	0.0
SPIKE	S95:G>T	1	57574	1.7368951E-5	-1.0	40.0	TRUE	G	9.852844E-6	28.0	0.0010922014	0.9983166	651.7024	0.020281712	0.027696611	171.0	0.0
SPIKE	S95:G>C	1	57574	1.7368951E-5	2.0412	39.0	TRUE	G	2.8376674E-4	804.0	9.297459E-4	0.9526344	1709.1056	0.020339292	0.023589011	171.0	0.0
SPIKE	D95-98:GTC>	1	57574	1.7368951E-5	-1.0	39.393425	TRUE		NaN	NaN	NaN	NaN	NaN	NaN	NaN	NaN	NaN
SPIKE	S96:T>C	1	57574	1.7368951E-5	4.2596874	39.0	TRUE	T	1.7848234E-4	429.0	0.0020836317	0.96994054	1186.4001	0.024003258	0.028181031	171.0	0.0
SPIKE	S96:T>A	4	57574	6.9475806E-5	13.290587	39.25	TRUE	T	8.7709246E-5	233.0	0.0016473792	0.9851136	691.94196	0.021708604	0.01948522	171.0	0.0
SPIKE	S96:T>G	0	57574	0.0	-1.0	0.0	TRUE	T	1.3495883E-5	38.0	5.3925964E-4	0.99769485	1196.9452	0.020458715	0.026493145	171.0	0.0
SPIKE	S97:C>T	3	57574	5.2106854E-5	10.280287	38.666668	TRUE	C	2.1043379E-4	545.0	0.001505431	0.9646556	1156.7743	0.02226382	0.021310376	171.0	0.0
SPIKE	S97:C>A	6	57574	1.0421371E-4	-1.0	39.166668	TRUE	C	5.665753E-6	15.0	0.0017884551	0.9990316	651.7024	0.021785634	0.02596428	171.0	0.0
SPIKE	S97:C>G	10	57574	1.736895E-4	31.352386	39.4	TRUE	C	8.718687E-5	245.0	9.877216E-4	0.98520166	1709.1056	0.020508815	0.025479965	171.0	0.0
SPIKE	S98:A>G	13	57574	2.2579636E-4	25.388708	38.923077	TRUE	A	5.20521E-4	1430.0	0.00130217	0.91483724	1186.4001	0.020984301	0.023304034	171.0	0.0
SPIKE	I98:>GTC	1	57574	1.7368951E-5	-1.0	39.584675	TRUE		NaN	NaN	NaN	NaN	NaN	NaN	NaN	NaN	NaN
SPIKE	S98:A>C	0	57574	0.0	-1.0	0.0	TRUE	A	9.9918125E-6	27.0	0.00124762	0.99829286	1196.9452	0.02133286	0.041203536	171.0	0.0
SPIKE	S98:A>T	0	57574	0.0	-1.0	0.0	TRUE	A	3.3955133E-5	90.0	0.0015601052	0.9942105	691.94196	0.021755418	0.032713234	171.0	0.0
SPIKE	S99:T>A	5	57574	8.684475E-5	-1.0	39.0	TRUE	T	6.135883E-5	163.0	0.0016473792	0.9895625	691.94196	0.021708604	0.01948522	171.0	0.0
SPIKE	S99:T>G	0	57574	0.0	-1.0	0.0	TRUE	T	4.2510085E-4	8.0	5.3925964E-4	0.92988694	1196.9452	0.020458715	0.026493145	171.0	1.0
SPIKE	S99:T>C	0	57574	0.0	-1.0	0.0	TRUE	T	1.8680318E-4	449.0	0.0020836317	0.9685615	1186.4001	0.024003258	0.028181031	171.0	0.0
SPIKE	S100:C>T	8	57574	1.3895161E-4	13.595069	38.0	TRUE	C	4.664294E-4	1208.0	0.001505431	0.9233385	1156.7743	0.02226382	0.021310376	171.0	0.0
SPIKE	S100:C>A	6	57574	1.0421371E-4	-1.0	39.5	TRUE	C	2.3796163E-5	63.0	0.0017884551	0.99593914	651.7024	0.021785634	0.02596428	171.0	0.0
SPIKE	S100:C>G	4	57574	6.9475806E-5	-1.0	38.75	TRUE	C	4.5906556E-5	129.0	9.877216E-4	0.9921807	1709.1056	0.020508815	0.025479965	171.0	0.0
SPIKE	D100-101:C>	1	57574	1.7368951E-5	-1.0	39.587784	TRUE		NaN	NaN	NaN	NaN	NaN	NaN	NaN	NaN	NaN
SPIKE	S101:G>C	2	57574	3.4737903E-5	7.269987	38.5	TRUE	G	9.917718E-5	281.0	9.297459E-4	0.9831837	1709.1056	0.020339292	0.023589011	171.0	0.0
SPIKE	S101:G>T	1	57574	1.7368951E-5	-1.0	39.0	TRUE	G	5.630197E-6	16.0	0.0010922014	0.9990377	651.7024	0.020281712	0.027696611	171.0	0.0
SPIKE	S101:G>A	16	57574	2.7790322E-4	39.792072	39.3125	TRUE	G	3.7287053E-4	1038.0	0.0016060587	0.9382293	1156.7743	0.020715011	0.029034588	171.0	0.0
SPIKE	D101-102:G>	1	57574	1.7368951E-5	-1.0	39.55381	TRUE		NaN	NaN	NaN	NaN	NaN	NaN	NaN	NaN	NaN
SPIKE	D102-104:TG>	1	57574	1.7368951E-5	-1.0	39.56494	TRUE		NaN	NaN	NaN	NaN	NaN	NaN	NaN	NaN	NaN
SPIKE	S102:T>C	3	57574	5.2106854E-5	6.0206	38.0	TRUE	T	3.270096E-4	786.0	0.0020836317	0.94561607	1186.4001	0.024003258	0.028181031	171.0	0.0
SPIKE	S102:T>A	5	57574	8.684475E-5	-1.0	38.6	TRUE	T	6.6252476E-5	176.0	0.0016473792	0.9887348	691.94196	0.021708604	0.01948522	171.0	0.0
SPIKE	S102:T>G	0	57574	0.0	-1.0	0.0	TRUE	T	7.1030963E-6	20.0	5.3925964E-4	0.9987861	1196.9452	0.020458715	0.026493145	171.0	0.0
SPIKE	S103:G>C	2	57574	3.4737903E-5	7.269987	35.5	TRUE	G	7.800056E-5	221.0	9.297459E-4	0.9867505	1709.1056	0.020339292	0.023589011	171.0	0.0
SPIKE	S103:G>T	1	57574	1.7368951E-5	4.2596874	37.0	TRUE	G	2.293258E-4	8.0	0.0010922014	0.9615442	651.7024	0.020281712	0.027696611	171.0	1.0
SPIKE	S103:G>A	7	57574	1.21582656E-4	22.321487	39.285713	TRUE	G	1.5087247E-4	420.0	0.0016060587	0.97453076	1156.7743	0.020715011	0.029034588	171.0	0.0
SPIKE	S104:G>T	2	57574	3.4737903E-5	-1.0	37.0	TRUE	G	2.8150986E-5	80.0	0.0010922014	0.9951978	651.7024	0.020281712	0.027696611	171.0	0.0
SPIKE	S104:G>A	3	57574	5.2106854E-5	-1.0	36.0	TRUE	G	6.825184E-5	190.0	0.0016060587	0.98839676	1156.7743	0.020715011	0.029034588	171.0	0.0
SPIKE	S104:G>C	0	57574	0.0	-1.0	0.0	TRUE	G	8.541237E-5	242.0	9.297459E-4	0.98550063	1709.1056	0.020339292	0.023589011	171.0	0.0
SPIKE	S105:C>T	6	57574	1.0421371E-4	9.311187	39.0	TRUE	C	5.3284154E-4	1380.0	0.001505431	0.9129119	1156.7743	0.02226382	0.021310376	171.0	0.0
SPIKE	S105:C>A	2	57574	3.4737903E-5	-1.0	39.0	TRUE	C	1.8508126E-5	49.0	0.0017884551	0.9968401	651.7024	0.021785634	0.02596428	171.0	0.0
SPIKE	S105:C>G	4	57574	6.9475806E-5	13.290587	38.75	TRUE	C	1.0070973E-4	283.0	9.877216E-4	0.9829261	1709.1056	0.020508815	0.025479965	171.0	0.0
SPIKE	D105-106:C>	6	57574	1.0421371E-4	-1.0	39.508945	TRUE		NaN	NaN	NaN	NaN	NaN	NaN	NaN	NaN	NaN
SPIKE	D105-107:CG>	1	57574	1.7368951E-5	-1.0	39.508945	TRUE		NaN	NaN	NaN	NaN	NaN	NaN	NaN	NaN	NaN
SPIKE	S106:G>T	1	57574	1.7368951E-5	-1.0	39.0	TRUE	G	1.7594366E-5	50.0	0.0010922014	0.99699587	651.7024	0.020281712	0.027696611	171.0	0.0
SPIKE	S106:G>A	12	57574	2.0842742E-4	28.819815	38.75	TRUE	G	3.6353082E-4	1012.0	0.0016060587	0.939729	1156.7743	0.020715011	0.029034588	171.0	0.0
SPIKE	S106:G>C	0	57574	0.0	-1.0	0.0	TRUE	G	8.6471206E-5	245.0	9.297459E-4	0.98532224	1709.1056	0.020339292	0.023589011	171.0	0.0
SPIKE	S107:G>C	1	57574	1.7368951E-5	2.0412	37.0	TRUE	G	2.618842E-4	742.0	9.297459E-4	0.9562057	1709.1056	0.020339292	0.023589011	171.0	0.0
SPIKE	S107:G>T	3	57574	5.2106854E-5	-1.0	38.333332	TRUE	G	3.2021744E-5	91.0	0.0010922014	0.99453926	651.7024	0.020281712	0.027696611	171.0	0.0
SPIKE	S107:G>A	2	57574	3.4737903E-5	7.269987	39.0	TRUE	G	8.297986E-5	231.0	0.0016060587	0.98591065	1156.7743	0.020715011	0.029034588	171.0	0.0
SPIKE	S108:C>T	3	57574	5.2106854E-5	10.280287	39.0	TRUE	C	2.0425592E-4	529.0	0.001505431	0.9656752	1156.7743	0.02226382	0.021310376	171.0	0.0
SPIKE	S108:C>A	4	57574	6.9475806E-5	-1.0	39.0	TRUE	C	2.9839633E-5	79.0	0.0017884551	0.9949104	651.7024	0.021785634	0.02596428	171.0	0.0
SPIKE	S108:C>G	7	57574	1.21582656E-4	22.321487	39.57143	TRUE	C	1.5088666E-4	424.0	9.877216E-4	0.9745284	1709.1056	0.020508815	0.025479965	171.0	0.0
SPIKE	S109:A>C	3	57574	5.2106854E-5	-1.0	38.666668	TRUE	A	9.9918125E-6	27.0	0.00124762	0.99829286	1196.9452	0.02133286	0.041203536	171.0	0.0
SPIKE	S109:A>T	1	57574	1.7368951E-5	-1.0	39.0	TRUE	A	3.2068736E-5	85.0	0.0015601052	0.9945313	691.94196	0.021755418	0.032713234	171.0	0.0
SPIKE	S109:A>G	11	57574	1.9105847E-4	20.53052	39.090908	TRUE	A	4.6264488E-4	1271.0	0.00130217	0.9239362	1186.4001	0.020984301	0.023304034	171.0	0.0
SPIKE	S110:G>A	3	57574	5.2106854E-5	10.280287	39.0	TRUE	G	1.0130009E-4	282.0	0.0016060587	0.9828268	1156.7743	0.020715011	0.029034588	171.0	0.0
SPIKE	S110:G>C	0	57574	0.0	-1.0	0.0	TRUE	G	1.5917761E-4	451.0	9.297459E-4	0.97314775	1709.1056	0.020339292	0.023589011	171.0	0.0
SPIKE	S110:G>T	0	57574	0.0	-1.0	0.0	TRUE	G	1.02047325E-5	29.0	0.0010922014	0.9982565	651.7024	0.020281712	0.027696611	171.0	0.0
SPIKE	S111:C>T	5	57574	8.684475E-5	10.658173	38.6	TRUE	C	2.6796522E-4	694.0	0.001505431	0.95521194	1156.7743	0.02226382	0.021310376	171.0	0.0
SPIKE	S111:C>A	4	57574	6.9475806E-5	-1.0	39.0	TRUE	C	1.3975524E-5	37.0	0.0017884551	0.997613	651.7024	0.021785634	0.02596428	171.0	0.0
SPIKE	S111:C>G	2	57574	3.4737903E-5	-1.0	38.5	TRUE	C	7.366401E-5	207.0	9.877216E-4	0.9874825	1709.1056	0.020508815	0.025479965	171.0	0.0
SPIKE	S112:G>A	12	57572	2.0843465E-4	28.819815	39.333332	TRUE	G	3.7108734E-4	1033.0	0.0016060587	0.9385155	1156.7341	0.020715011	0.029034588	171.0	0.0
SPIKE	D112-113:G>	1	57572	1.7369555E-5	-1.0	39.534184	TRUE		NaN	NaN	NaN	NaN	NaN	NaN	NaN	NaN	NaN
SPIKE	S112:G>C	0	57572	0.0	-1.0	0.0	TRUE	G	2.3577458E-4	668.0	9.297459E-4	0.9604845	1709.0463	0.020339292	0.023589011	171.0	0.0
SPIKE	S112:G>T	0	57572	0.0	-1.0	0.0	TRUE	G	2.6744365E-5	76.0	0.0010922014	0.99543715	651.67975	0.020281712	0.027696611	171.0	0.0
SPIKE	D113-115:TG>	2	57572	3.473911E-5	-1.0	39.59225	TRUE		NaN	NaN	NaN	NaN	NaN	NaN	NaN	NaN	NaN
SPIKE	S113:T>G	1	57572	1.7369555E-5	-1.0	40.0	TRUE	T	3.5516714E-5	100.0	5.3925964E-4	0.99394506	1196.9037	0.020458715	0.026493145	171.0	0.0
SPIKE	S113:T>A	1	57572	1.7369555E-5	-1.0	39.0	TRUE	T	5.1196872E-5	136.0	0.0016473792	0.99128354	691.9179	0.021708604	0.01948522	171.0	0.0
SPIKE	S113:T>C	0	57572	0.0	-1.0	0.0	TRUE	T	4.9802044E-4	1197.0	0.0020836317	0.9183639	1186.359	0.024003258	0.028181031	171.0	0.0
SPIKE	S114:G>T	1	57572	1.7369555E-5	-1.0	39.0	TRUE	G	9.501287E-6	27.0	0.0010922014	0.9983766	651.67975	0.020281712	0.027696611	171.0	0.0
SPIKE	S114:G>A	6	57572	1.04217324E-4	13.113299	39.166668	TRUE	G	2.3637508E-4	658.0	0.0016060587	0.96038586	1156.7341	0.020715011	0.029034588	171.0	0.0
SPIKE	D114-115:G>	1	57572	1.7369555E-5	-1.0	39.621918	TRUE		NaN	NaN	NaN	NaN	NaN	NaN	NaN	NaN	NaN
SPIKE	S114:G>C	0	57572	0.0	-1.0	0.0	TRUE	G	1.4541786E-4	412.0	9.297459E-4	0.97544014	1709.0463	0.020339292	0.023589011	171.0	0.0
SPIKE	S115:A>T	3	57572	5.2108662E-5	10.280287	37.666668	TRUE	A	1.0073706E-4	267.0	0.0015601052	0.9829215	691.9179	0.021755418	0.032713234	171.0	0.0
SPIKE	S115:A>G	7	57572	1.2158688E-4	22.321487	39.142857	TRUE	A	1.5725376E-4	432.0	0.00130217	0.97346795	1186.359	0.020984301	0.023304034	171.0	0.0
SPIKE	D115-116:A>	1	57572	1.7369555E-5	-1.0	39.59762	TRUE		NaN	NaN	NaN	NaN	NaN	NaN	NaN	NaN	NaN
SPIKE	S115:A>C	0	57572	0.0	-1.0	0.0	TRUE	A	4.9220635E-5	133.0	0.00124762	0.9916186	1196.9037	0.02133286	0.041203536	171.0	0.0
SPIKE	S116:C>T	6	57572	1.04217324E-4	19.311188	38.5	TRUE	C	1.305121E-4	338.0	0.001505431	0.97792965	1156.7341	0.02226382	0.021310376	171.0	0.0
SPIKE	S116:C>G	9	57572	1.5632599E-4	20.808811	39.444443	TRUE	C	3.4982723E-4	983.0	9.877216E-4	0.94193363	1709.0463	0.020508815	0.025479965	171.0	0.0
SPIKE	S116:C>A	2	57572	3.473911E-5	-1.0	39.5	TRUE	C	6.42141E-6	17.0	0.0017884551	0.99890256	651.67975	0.021785634	0.02596428	171.0	0.0
SPIKE	D116-117:C>	4	57572	6.947822E-5	-1.0	39.595394	TRUE		NaN	NaN	NaN	NaN	NaN	NaN	NaN	NaN	NaN
SPIKE	S117:C>T	5	57572	8.684777E-5	16.300888	39.0	TRUE	C	1.5290765E-4	396.0	0.001505431	0.97419167	1156.7341	0.02226382	0.021310376	171.0	0.0
SPIKE	S117:C>G	2	57572	3.473911E-5	-1.0	39.5	TRUE	C	4.1637624E-5	117.0	9.877216E-4	0.99290526	1709.0463	0.020508815	0.025479965	171.0	0.0
SPIKE	S117:C>A	7	57572	1.2158688E-4	-1.0	39.0	TRUE	C	6.8369125E-5	181.0	0.0017884551	0.988377	651.67975	0.021785634	0.02596428	171.0	0.0
SPIKE	S118:T>C	2	57572	3.473911E-5	7.269987	38.5	TRUE	T	2.0553225E-4	494.0	0.0020836317	0.9654644	1186.359	0.024003258	0.028181031	171.0	0.0
SPIKE	S118:T>A	2	57572	3.473911E-5	7.269987	39.0	TRUE	T	1.1933389E-4	317.0	0.0016473792	0.9798007	691.9179	0.021708604	0.01948522	171.0	0.0
SPIKE	D118-119:T>	4	57572	6.947822E-5	-1.0	39.620422	TRUE		NaN	NaN	NaN	NaN	NaN	NaN	NaN	NaN	NaN
SPIKE	S118:T>G	0	57572	0.0	-1.0	0.0	TRUE	T	7.813677E-6	22.0	5.3925964E-4	0.99866474	1196.9037	0.020458715	0.026493145	171.0	0.0
SPIKE	S119:A>T	1	57572	1.7369555E-5	4.2596874	39.0	TRUE	A	1.4752132E-4	391.0	0.0015601052	0.9750894	691.9179	0.021755418	0.032713234	171.0	0.0
SPIKE	S119:A>G	9	57572	1.5632599E-4	28.342087	38.555557	TRUE	A	2.2568827E-4	620.0	0.00130217	0.9621425	1186.359	0.020984301	0.023304034	171.0	0.0
SPIKE	S119:A>C	0	57572	0.0	-1.0	0.0	TRUE	A	7.0315195E-6	19.0	0.00124762	0.9987983	1196.9037	0.02133286	0.041203536	171.0	0.0
SPIKE	S120:T>C	4	57572	6.947822E-5	5.449171	39.5	TRUE	T	4.51006E-4	1084.0	0.0020836317	0.9257769	1186.359	0.024003258	0.028181031	171.0	0.0
SPIKE	S120:T>A	2	57572	3.473911E-5	-1.0	39.0	TRUE	T	4.404437E-5	117.0	0.0016473792	0.9924967	691.9179	0.021708604	0.01948522	171.0	0.0
SPIKE	S120:T>G	0	57572	0.0	-1.0	0.0	TRUE	T	6.570592E-5	185.0	5.3925964E-4	0.98882717	1196.9037	0.020458715	0.026493145	171.0	0.0
SPIKE	S121:G>C	2	57572	3.473911E-5	7.269987	38.5	TRUE	G	1.634186E-4	463.0	9.297459E-4	0.97244227	1709.0463	0.020339292	0.023589011	171.0	0.0
SPIKE	S121:G>A	4	57572	6.947822E-5	8.284564	38.5	TRUE	G	2.5936597E-4	722.0	0.0016060587	0.9566176	1156.7341	0.020715011	0.029034588	171.0	0.0
SPIKE	S121:G>T	0	57572	0.0	-1.0	0.0	TRUE	G	6.510141E-5	185.0	0.0010922014	0.9889294	651.67975	0.020281712	0.027696611	171.0	0.0
SPIKE	S122:T>C	3	57572	5.2108662E-5	6.0206	38.0	TRUE	T	3.170356E-4	762.0	0.0020836317	0.9472302	1186.359	0.024003258	0.028181031	171.0	0.0
SPIKE	S122:T>A	4	57572	6.947822E-5	-1.0	38.75	TRUE	T	7.6042415E-5	202.0	0.0016473792	0.98708093	691.9179	0.021708604	0.01948522	171.0	0.0
SPIKE	S122:T>G	0	57572	0.0	-1.0	0.0	TRUE	T	7.2454095E-5	204.0	5.3925964E-4	0.9876868	1196.9037	0.020458715	0.026493145	171.0	0.0
SPIKE	S123:G>A	7	57572	1.2158688E-4	15.631419	38.857143	TRUE	G	2.33142E-4	649.0	0.0016060587	0.96091694	1156.7341	0.020715011	0.029034588	171.0	0.0
SPIKE	S123:G>C	0	57572	0.0	-1.0	0.0	TRUE	G	6.3532076E-5	180.0	9.297459E-4	0.9891948	1709.0463	0.020339292	0.023589011	171.0	0.0
SPIKE	S123:G>T	0	57572	0.0	-1.0	0.0	TRUE	G	5.6303925E-5	160.0	0.0010922014	0.99041826	651.67975	0.020281712	0.027696611	171.0	0.0
SPIKE	S124:T>C	4	57572	6.947822E-5	3.6487768	37.5	TRUE	T	5.654217E-4	1359.0	0.0020836317	0.90784	1186.359	0.024003258	0.028181031	171.0	0.0
SPIKE	S124:T>A	5	57572	8.684777E-5	16.300888	38.6	TRUE	T	8.206558E-5	218.0	0.0016473792	0.9860648	691.9179	0.021708604	0.01948522	171.0	0.0
SPIKE	S124:T>G	0	57572	0.0	-1.0	0.0	TRUE	T	6.8902424E-5	194.0	5.3925964E-4	0.98828685	1196.9037	0.020458715	0.026493145	171.0	0.0
SPIKE	S125:G>T	1	57572	1.7369555E-5	-1.0	35.0	TRUE	G	1.2316484E-5	35.0	0.0010922014	0.9978961	651.67975	0.020281712	0.027696611	171.0	0.0
SPIKE	S125:G>A	8	57572	1.3895644E-4	25.331787	38.375	TRUE	G	1.2932376E-4	360.0	0.0016060587	0.9781284	1156.7341	0.020715011	0.029034588	171.0	0.0
SPIKE	S125:G>C	0	57572	0.0	-1.0	0.0	TRUE	G	1.8494892E-4	524.0	9.297459E-4	0.9688686	1709.0463	0.020339292	0.023589011	171.0	0.0
SPIKE	S126:C>T	3	57572	5.2108662E-5	6.0206	39.0	TRUE	C	3.2241893E-4	835.0	0.001505431	0.9463587	1156.7341	0.02226382	0.021310376	171.0	0.0
SPIKE	S126:C>G	5	57572	8.684777E-5	7.3154635	38.8	TRUE	C	4.6548728E-4	1308.0	9.877216E-4	0.9234872	1709.0463	0.020508815	0.025479965	171.0	0.0
SPIKE	S126:C>A	4	57572	6.947822E-5	-1.0	38.5	TRUE	C	2.077515E-5	55.0	0.0017884551	0.99645376	651.67975	0.021785634	0.02596428	171.0	0.0
SPIKE	D126-127:C>	2	57572	3.473911E-5	-1.0	38.91864	TRUE		NaN	NaN	NaN	NaN	NaN	NaN	NaN	NaN	NaN
SPIKE	D126-128:CG>	2	57572	3.473911E-5	-1.0	38.91864	TRUE		NaN	NaN	NaN	NaN	NaN	NaN	NaN	NaN	NaN
SPIKE	S127:G>A	9	57572	1.5632599E-4	20.808811	38.555557	TRUE	G	3.067847E-4	854.0	0.0016060587	0.9488921	1156.7341	0.020715011	0.029034588	171.0	0.0
SPIKE	S127:G>C	0	57572	0.0	-1.0	0.0	TRUE	G	9.565106E-5	271.0	9.297459E-4	0.9837767	1709.0463	0.020339292	0.023589011	171.0	0.0
SPIKE	S127:G>T	0	57572	0.0	-1.0	0.0	TRUE	G	1.1612685E-5	33.0	0.0010922014	0.9980162	651.67975	0.020281712	0.027696611	171.0	0.0
SPIKE	S128:G>A	4	57572	6.947822E-5	13.290587	38.25	TRUE	G	1.0130361E-4	282.0	0.0016060587	0.98282623	1156.7341	0.020715011	0.029034588	171.0	0.0
SPIKE	S128:G>T	1	57572	1.7369555E-5	-1.0	33.0	TRUE	G	2.0410173E-5	58.0	0.0010922014	0.9965159	651.67975	0.020281712	0.027696611	171.0	0.0
SPIKE	S128:G>C	0	57572	0.0	-1.0	0.0	TRUE	G	4.2142943E-4	1194.0	9.297459E-4	0.93047094	1709.0463	0.020339292	0.023589011	171.0	0.0
SPIKE	S129:C>A	1	57572	1.7369555E-5	-1.0	40.0	TRUE	C	1.39760095E-5	37.0	0.0017884551	0.99761295	651.67975	0.021785634	0.02596428	171.0	0.0
SPIKE	S129:C>G	2	57572	3.473911E-5	0.7986036	38.5	TRUE	C	7.1851595E-4	2019.0	9.877216E-4	0.88438195	1709.0463	0.020508815	0.025479965	171.0	0.0
SPIKE	S129:C>T	8	57572	1.3895644E-4	18.199682	35.625	TRUE	C	3.2782476E-4	849.0	0.001505431	0.9454843	1156.7341	0.02226382	0.021310376	171.0	0.0
SPIKE	D129-130:C>	3	57572	5.2108662E-5	-1.0	38.891422	TRUE		NaN	NaN	NaN	NaN	NaN	NaN	NaN	NaN	NaN
SPIKE	D130-133:GGC>	2	57572	3.473911E-5	-1.0	38.968544	TRUE		NaN	NaN	NaN	NaN	NaN	NaN	NaN	NaN	NaN
SPIKE	S130:G>A	14	57572	2.4317377E-4	22.953419	38.357143	TRUE	G	5.830346E-4	1623.0	0.0016060587	0.9051099	1156.7341	0.020715011	0.029034588	171.0	0.0
SPIKE	S130:G>T	2	57572	3.473911E-5	-1.0	35.0	TRUE	G	1.3372182E-5	38.0	0.0010922014	0.99771595	651.67975	0.020281712	0.027696611	171.0	0.0
SPIKE	D130-131:G>	1	57572	1.7369555E-5	-1.0	38.968544	TRUE		NaN	NaN	NaN	NaN	NaN	NaN	NaN	NaN	NaN
SPIKE	S130:G>C	0	57572	0.0	-1.0	0.0	TRUE	G	1.1365182E-4	322.0	9.297459E-4	0.9807532	1709.0463	0.020339292	0.023589011	171.0	0.0
SPIKE	S131:G>A	4	57572	6.947822E-5	13.290587	39.0	TRUE	G	1.12799054E-4	314.0	0.0016060587	0.9808962	1156.7341	0.020715011	0.029034588	171.0	0.0
SPIKE	S131:G>C	1	57572	1.7369555E-5	0.17304859	38.0	TRUE	G	9.794527E-4	2775.0	9.297459E-4	0.8457881	1709.0463	0.020339292	0.023589011	171.0	0.0
SPIKE	S131:G>T	0	57572	0.0	-1.0	0.0	TRUE	G	2.8855762E-5	82.0	0.0010922014	0.9950778	651.67975	0.020281712	0.027696611	171.0	0.0
SPIKE	S132:C>A	2	57572	3.473911E-5	2.2639637	38.0	TRUE	C	4.8651622E-4	1288.0	0.0017884551	0.92017233	651.67975	0.021785634	0.02596428	171.0	0.0
SPIKE	S132:C>G	5	57572	8.684777E-5	16.300888	37.8	TRUE	C	1.9146189E-4	538.0	9.877216E-4	0.9677902	1709.0463	0.020508815	0.025479965	171.0	0.0
SPIKE	S132:C>T	1	57572	1.7369555E-5	4.2596874	33.0	TRUE	C	1.2742305E-4	330.0	0.001505431	0.9784463	1156.7341	0.02226382	0.021310376	171.0	0.0
SPIKE	S133:A>G	0	57572	0.0	-1.0	0.0	TRUE	A	7.8190066E-4	2148.0	0.00130217	0.87484807	1186.359	0.020984301	0.023304034	171.0	0.0
SPIKE	S133:A>C	0	57572	0.0	-1.0	0.0	TRUE	A	1.3433903E-4	363.0	0.00124762	0.97728986	1196.9037	0.02133286	0.041203536	171.0	0.0
SPIKE	S133:A>T	0	57572	0.0	-1.0	0.0	TRUE	A	2.6105536E-4	4.0	0.0015601052	0.95634127	691.9179	0.021755418	0.032713234	171.0	1.0
SPIKE	S134:G>A	0	57572	0.0	-1.0	0.0	TRUE	G	3.276202E-4	912.0	0.0016060587	0.94551736	1156.7341	0.020715011	0.029034588	171.0	0.0
SPIKE	S134:G>C	0	57572	0.0	-1.0	0.0	TRUE	G	6.9285254E-4	1963.0	9.297459E-4	0.8882716	1709.0463	0.020339292	0.023589011	171.0	0.0
SPIKE	S134:G>T	0	57572	0.0	-1.0	0.0	TRUE	G	8.375209E-5	238.0	0.0010922014	0.9857805	651.67975	0.020281712	0.027696611	171.0	0.0
SPIKE	S135:C>A	0	57572	0.0	-1.0	0.0	TRUE	C	4.079484E-5	108.0	0.0017884551	0.99304837	651.67975	0.021785634	0.02596428	171.0	0.0
SPIKE	S135:C>G	0	57572	0.0	-1.0	0.0	TRUE	C	1.135248E-4	319.0	9.877216E-4	0.98077446	1709.0463	0.020508815	0.025479965	171.0	0.0
SPIKE	S135:C>T	0	57572	0.0	-1.0	0.0	TRUE	C	1.0618587E-4	275.0	0.001505431	0.9820061	1156.7341	0.02226382	0.021310376	171.0	0.0
SPIKE	S136:C>A	0	57572	0.0	-1.0	0.0	TRUE	C	1.2011814E-4	318.0	0.0017884551	0.97966933	651.67975	0.021785634	0.02596428	171.0	0.0
SPIKE	S136:C>G	0	57572	0.0	-1.0	0.0	TRUE	C	4.8399288E-5	136.0	9.877216E-4	0.99175787	1709.0463	0.020508815	0.025479965	171.0	0.0
SPIKE	S136:C>T	0	57572	0.0	-1.0	0.0	TRUE	C	0.001524443	3948.0	0.001505431	0.77052766	1156.7341	0.02226382	0.021310376	171.0	0.0
SPIKE	S137:T>A	0	57572	0.0	-1.0	0.0	TRUE	T	1.8972959E-4	504.0	0.0016473792	0.9680769	691.9179	0.021708604	0.01948522	171.0	0.0
SPIKE	S137:T>G	0	57572	0.0	-1.0	0.0	TRUE	T	0.0010995974	3096.0	5.3925964E-4	0.8285889	1196.9037	0.020458715	0.026493145	171.0	0.0
SPIKE	S137:T>C	0	57572	0.0	-1.0	0.0	TRUE	T	6.365675E-5	153.0	0.0020836317	0.9891737	1186.359	0.024003258	0.028181031	171.0	0.0
SPIKE	S138:G>A	0	57572	0.0	-1.0	0.0	TRUE	G	0.0020724132	5769.0	0.0016060587	0.70160645	1156.7341	0.020715011	0.029034588	171.0	0.0
SPIKE	S138:G>C	0	57572	0.0	-1.0	0.0	TRUE	G	7.059119E-6	20.0	9.297459E-4	0.9987936	1709.0463	0.020339292	0.023589011	171.0	0.0
SPIKE	S138:G>T	0	57572	0.0	-1.0	0.0	TRUE	G	2.287347E-4	650.0	0.0010922014	0.96164143	651.67975	0.020281712	0.027696611	171.0	0.0
SPIKE	S139:A>G	0	57572	0.0	-1.0	0.0	TRUE	A	6.952655E-5	191.0	0.00130217	0.98818135	1186.359	0.020984301	0.023304034	171.0	0.0
SPIKE	S139:A>C	0	57572	0.0	-1.0	0.0	TRUE	A	4.4295006E-4	7.0	0.00124762	0.9270531	1196.9037	0.02133286	0.041203536	171.0	1.0
SPIKE	S139:A>T	0	57572	0.0	-1.0	0.0	TRUE	A	0.0020554888	5448.0	0.0015601052	0.70363986	691.9179	0.021755418	0.032713234	171.0	0.0
SPIKE	S140:T>A	0	57572	0.0	-1.0	0.0	TRUE	T	1.6714273E-4	444.0	0.0016473792	0.97182316	691.9179	0.021708604	0.01948522	171.0	0.0
SPIKE	S140:T>G	0	57572	0.0	-1.0	0.0	TRUE	T	1.2182233E-4	343.0	5.3925964E-4	0.9793839	1196.9037	0.020458715	0.026493145	171.0	0.0
SPIKE	S140:T>C	0	57572	0.0	-1.0	0.0	TRUE	T	3.4948804E-5	84.0	0.0020836317	0.99404156	1186.359	0.024003258	0.028181031	171.0	0.0
SPIKE	S141:T>A	0	57572	0.0	-1.0	0.0	TRUE	T	0.004075045	10825.0	0.0016473792	0.49816063	691.9179	0.021708604	0.01948522	171.0	0.0
SPIKE	S141:T>G	0	57572	0.0	-1.0	0.0	TRUE	T	7.707127E-5	217.0	5.3925964E-4	0.9869073	1196.9037	0.020458715	0.026493145	171.0	0.0
SPIKE	S141:T>C	0	57572	0.0	-1.0	0.0	TRUE	T	3.286852E-4	790.0	0.0020836317	0.94534516	1186.359	0.024003258	0.028181031	171.0	0.0
SPIKE	S142:A>G	0	57572	0.0	-1.0	0.0	TRUE	A	0.0037609858	10332.0	0.00130217	0.5256453	1186.359	0.020984301	0.023304034	171.0	0.0
SPIKE	S142:A>C	0	57572	0.0	-1.0	0.0	TRUE	A	2.8015053E-4	757.0	0.00124762	0.95322365	1196.9037	0.02133286	0.041203536	171.0	0.0
SPIKE	S142:A>T	0	57572	0.0	-1.0	0.0	TRUE	A	6.112136E-5	162.0	0.0015601052	0.9896027	691.9179	0.021755418	0.032713234	171.0	0.0
SPIKE	S143:G>A	0	57572	0.0	-1.0	0.0	TRUE	G	2.5505517E-4	710.0	0.0016060587	0.957323	1156.7341	0.020715011	0.029034588	171.0	0.0
SPIKE	S143:G>C	0	57572	0.0	-1.0	0.0	TRUE	G	0.0049487953	14021.0	9.297459E-4	0.4290233	1709.0463	0.020339292	0.023589011	171.0	0.0
SPIKE	S143:G>T	0	57572	0.0	-1.0	0.0	TRUE	G	1.0205086E-5	29.0	0.0010922014	0.99825644	651.67975	0.020281712	0.027696611	171.0	0.0
SPIKE	S144:C>A	0	57572	0.0	-1.0	0.0	TRUE	C	1.6620119E-5	44.0	0.0017884551	0.997162	651.67975	0.021785634	0.02596428	171.0	0.0
SPIKE	S144:C>G	0	57572	0.0	-1.0	0.0	TRUE	C	5.1637774E-4	1451.0	9.877216E-4	0.9154856	1709.0463	0.020508815	0.025479965	171.0	0.0
SPIKE	S144:C>T	0	57572	0.0	-1.0	0.0	TRUE	C	5.5216653E-5	143.0	0.001505431	0.9906024	1156.7341	0.02226382	0.021310376	171.0	0.0
SPIKE	S145:C>A	0	57572	0.0	-1.0	0.0	TRUE	C	3.701754E-5	98.0	0.0017884551	0.99369	651.67975	0.021785634	0.02596428	171.0	0.0
SPIKE	S145:C>G	0	57572	0.0	-1.0	0.0	TRUE	C	2.4840224E-4	698.0	9.877216E-4	0.9584127	1709.0463	0.020508815	0.025479965	171.0	0.0
SPIKE	S145:C>T	0	57572	0.0	-1.0	0.0	TRUE	C	2.5947965E-4	672.0	0.001505431	0.956599	1156.7341	0.02226382	0.021310376	171.0	0.0
SPIKE	S146:C>A	0	57572	0.0	-1.0	0.0	TRUE	C	1.39760095E-5	37.0	0.0017884551	0.99761295	651.67975	0.021785634	0.02596428	171.0	0.0
SPIKE	S146:C>G	0	57572	0.0	-1.0	0.0	TRUE	C	0.0055310423	15542.0	9.877216E-4	0.38836554	1709.0463	0.020508815	0.025479965	171.0	0.0
SPIKE	S146:C>T	0	57572	0.0	-1.0	0.0	TRUE	C	4.8227693E-4	1249.0	0.001505431	0.92083967	1156.7341	0.02226382	0.021310376	171.0	0.0
SPIKE	S147:G>A	0	57572	0.0	-1.0	0.0	TRUE	G	6.286572E-4	1750.0	0.0016060587	0.8980762	1156.7341	0.020715011	0.029034588	171.0	0.0
SPIKE	S147:G>C	0	57572	0.0	-1.0	0.0	TRUE	G	7.12971E-4	2020.0	9.297459E-4	0.8852209	1709.0463	0.020339292	0.023589011	171.0	0.0
SPIKE	S147:G>T	0	57572	0.0	-1.0	0.0	TRUE	G	0.0051933336	14758.0	0.0010922014	0.4114532	651.67975	0.020281712	0.027696611	171.0	0.0
SPIKE	S148:T>A	0	57572	0.0	-1.0	0.0	TRUE	T	6.136096E-5	163.0	0.0016473792	0.98956215	691.9179	0.021708604	0.01948522	171.0	0.0
SPIKE	S148:T>G	0	57572	0.0	-1.0	0.0	TRUE	T	0.006642336	18702.0	5.3925964E-4	0.32115242	1196.9037	0.020458715	0.026493145	171.0	0.0
SPIKE	S148:T>C	0	57572	0.0	-1.0	0.0	TRUE	T	4.2146593E-4	1013.0	0.0020836317	0.93046516	1186.359	0.024003258	0.028181031	171.0	0.0
SPIKE	S149:G>A	0	57572	0.0	-1.0	0.0	TRUE	G	3.200763E-4	891.0	0.0016060587	0.9467378	1156.7341	0.020715011	0.029034588	171.0	0.0
SPIKE	S149:G>C	0	57572	0.0	-1.0	0.0	TRUE	G	0.005330694	15103.0	9.297459E-4	0.40190133	1709.0463	0.020339292	0.023589011	171.0	0.0
SPIKE	S149:G>T	0	57572	0.0	-1.0	0.0	TRUE	G	7.1294844E-4	2026.0	0.0010922014	0.88522434	651.67975	0.020281712	0.027696611	171.0	0.0
SPIKE	S150:C>A	0	57570	0.0	-1.0	0.0	TRUE	C	1.0576807E-5	28.0	0.0017884551	0.998193	651.6571	0.021785634	0.02596428	171.0	0.0
SPIKE	S150:C>G	0	57570	0.0	-1.0	0.0	TRUE	C	0.0020428058	5740.0	9.877216E-4	0.7051676	1708.9868	0.020508815	0.025479965	171.0	0.0
SPIKE	S150:C>T	0	57570	0.0	-1.0	0.0	TRUE	C	0.006448603	16700.0	0.001505431	0.3319699	1156.694	0.02226382	0.021310376	171.0	0.0
SPIKE	S151:T>A	0	57558	0.0	-1.0	0.0	TRUE	T	5.271548E-6	14.0	0.0016473792	0.99909896	691.74963	0.021708604	0.01948522	171.0	0.0
SPIKE	S151:T>G	0	57558	0.0	-1.0	0.0	TRUE	T	0.0068741557	19350.0	5.3925964E-4	0.30867058	1196.6125	0.020458715	0.026493145	171.0	0.0
SPIKE	S151:T>C	0	57558	0.0	-1.0	0.0	TRUE	T	6.3297694E-4	1521.0	0.0020836317	0.897413	1186.0704	0.024003258	0.028181031	171.0	0.0
SPIKE	S152:G>A	0	57538	0.0	-1.0	0.0	TRUE	G	4.4750894E-4	1245.0	0.0016060587	0.9263306	1156.051	0.020715011	0.029034588	171.0	0.0
SPIKE	S152:G>C	0	57538	0.0	-1.0	0.0	TRUE	G	1.483291E-5	42.0	9.297459E-4	0.9974668	1708.037	0.020339292	0.023589011	171.0	0.0
SPIKE	S152:G>T	0	57538	0.0	-1.0	0.0	TRUE	G	4.1619103E-4	1182.0	0.0010922014	0.9313048	651.29486	0.020281712	0.027696611	171.0	0.0
SPIKE	S153:G>A	0	57288	0.0	-1.0	0.0	TRUE	G	4.1299948E-4	1144.0	0.0016060587	0.9318132	1151.028	0.020715011	0.029034588	171.0	0.0
SPIKE	S153:G>C	0	57288	0.0	-1.0	0.0	TRUE	G	0.0014067629	3966.0	9.297459E-4	0.7861903	1700.6156	0.020339292	0.023589011	171.0	0.0
SPIKE	S153:G>T	0	57288	0.0	-1.0	0.0	TRUE	G	6.719237E-6	19.0	0.0010922014	0.99885166	648.465	0.020281712	0.027696611	171.0	0.0
