#pipeline_block
reference	mutation	count	coverage	freq	score	cqs	has.reference	ancestral.allele	error.rate	minor.count.local	minor.fdr	minor.recall	minor.count.global	read.fraction.in.minors	q.filtered.read.fraction	mig.size	global.est
SPIKE	S0:T>A	0	17123	0.0	-1.0	0.0	TRUE	T	6.2074116E-4	32.0	1.1775136E-4	0.9772943	4.8984785	0.33219385	0.026593903	37.0	0.0
SPIKE	S0:T>G	0	17123	0.0	-1.0	0.0	TRUE	T	1.9593467E-4	16.0	1.525881E-4	0.99277663	21.42717	0.20971884	0.021723151	37.0	0.0
SPIKE	S0:T>C	0	17123	0.0	-1.0	0.0	TRUE	T	4.8751733E-4	34.0	2.3198705E-4	0.98212355	26.507235	0.2455793	0.028979063	37.0	0.0
SPIKE	S1:A>G	0	17129	0.0	-1.0	0.0	TRUE	A	5.975262E-4	49.0	3.0319553E-4	0.97813416	26.516523	0.20894144	0.025866447	37.0	0.0
SPIKE	S1:A>C	0	17129	0.0	-1.0	0.0	TRUE	A	3.1239094E-4	15.0	1.01671496E-4	0.9885081	21.434677	0.3567659	0.030693676	37.0	0.0
SPIKE	S1:A>T	0	17129	0.0	-1.0	0.0	TRUE	A	8.3542574E-4	39.0	8.704351E-5	0.9695621	4.9001946	0.36695522	0.026982004	37.0	0.0
SPIKE	S2:G>A	0	17142	0.0	-1.0	0.0	TRUE	G	7.2557986E-4	55.0	3.2445797E-4	0.9735107	23.486103	0.22621685	0.026660046	37.0	0.0
SPIKE	S2:G>C	0	17142	0.0	-1.0	0.0	TRUE	G	3.4223797E-4	23.0	1.7376467E-4	0.98741704	15.96962	0.25511578	0.021728275	37.0	0.0
SPIKE	S2:G>T	0	17142	0.0	-1.0	0.0	TRUE	G	1.2599377E-4	3.0	1.5311188E-4	0.9953491	7.4936423	0.28825983	0.025005203	37.0	1.0
SPIKE	S3:C>A	0	17151	0.0	-1.0	0.0	TRUE	C	1.6274759E-4	1.0	9.493002E-5	0.99399644	7.4975767	0.37232682	0.026944121	37.0	1.0
SPIKE	S3:C>G	0	17151	0.0	-1.0	0.0	TRUE	C	8.5777853E-4	59.0	2.0589349E-4	0.96876055	15.978004	0.24940321	0.020113124	37.0	0.0
SPIKE	S3:C>T	0	17151	0.0	-1.0	0.0	TRUE	C	4.382893E-4	33.0	2.4787246E-4	0.9839141	23.498434	0.2278474	0.023419924	37.0	0.0
SPIKE	S4:G>A	2	17156	1.1657729E-4	7.269987	40.0	TRUE	G	3.559031E-4	27.0	3.2445797E-4	0.9869179	23.505285	0.22621685	0.026660046	37.0	0.0
SPIKE	S4:G>C	0	17156	0.0	-1.0	0.0	TRUE	G	5.352397E-4	36.0	1.7376467E-4	0.98039097	15.982662	0.25511578	0.021728275	37.0	0.0
SPIKE	S4:G>T	0	17156	0.0	-1.0	0.0	TRUE	G	4.0319285E-4	24.0	1.5311188E-4	0.9851926	7.4997625	0.28825983	0.025005203	37.0	0.0
SPIKE	S5:T>C	2	17167	1.1650259E-4	7.269987	40.0	TRUE	T	4.7196582E-4	33.0	2.3198705E-4	0.98268884	26.57535	0.2455793	0.028979063	37.0	0.0
SPIKE	S5:T>A	0	17167	0.0	-1.0	0.0	TRUE	T	9.5021474E-5	4.0	1.1775136E-4	0.99649036	4.9110656	0.33219385	0.026593903	37.0	1.0
SPIKE	S5:T>G	0	17167	0.0	-1.0	0.0	TRUE	T	7.0844276E-4	58.0	1.525881E-4	0.9741282	21.48223	0.20971884	0.021723151	37.0	0.0
SPIKE	S6:G>A	5	17175	2.911208E-4	16.300888	37.8	TRUE	G	4.2134445E-4	32.0	3.2445797E-4	0.98453116	23.531317	0.22621685	0.026660046	37.0	0.0
SPIKE	S6:G>C	0	17175	0.0	-1.0	0.0	TRUE	G	2.3762652E-4	0.0	1.7376467E-4	0.99124634	16.000362	0.25511578	0.021728275	37.0	1.0
SPIKE	S6:G>T	0	17175	0.0	-1.0	0.0	TRUE	G	5.034335E-4	30.0	1.5311188E-4	0.9815454	7.5080686	0.28825983	0.025005203	37.0	0.0
SPIKE	S7:A>C	1	17182	5.8200443E-5	4.2596874	40.0	TRUE	A	4.463999E-4	1.0	1.01671496E-4	0.98361886	21.501	0.3567659	0.030693676	37.0	1.0
SPIKE	D7-8:A>	15	17182	8.7300665E-4	-1.0	39.84891	TRUE		NaN	NaN	NaN	NaN	NaN	NaN	NaN	NaN	NaN
SPIKE	S7:A>G	0	17182	0.0	-1.0	0.0	TRUE	A	5.3489907E-4	44.0	3.0319553E-4	0.9804033	26.59857	0.20894144	0.025866447	37.0	0.0
SPIKE	S7:A>T	0	17182	0.0	-1.0	0.0	TRUE	A	1.0496792E-4	0.0	8.704351E-5	0.99612373	4.9153566	0.36695522	0.026982004	37.0	1.0
SPIKE	S8:A>G	0	17184	0.0	-1.0	0.0	TRUE	A	4.983707E-4	41.0	3.0319553E-4	0.98172927	26.601665	0.20894144	0.025866447	37.0	0.0
SPIKE	S8:A>C	0	17184	0.0	-1.0	0.0	TRUE	A	4.463999E-4	1.0	1.01671496E-4	0.98361886	21.503502	0.3567659	0.030693676	37.0	1.0
SPIKE	S8:A>T	0	17184	0.0	-1.0	0.0	TRUE	A	1.0496792E-4	0.0	8.704351E-5	0.99612373	4.915929	0.36695522	0.026982004	37.0	1.0
SPIKE	I9:>G	1	17185	5.8190282E-5	-1.0	39.89747	TRUE		NaN	NaN	NaN	NaN	NaN	NaN	NaN	NaN	NaN
SPIKE	D9-11:GA>	2	17185	1.16380565E-4	-1.0	39.89747	TRUE		NaN	NaN	NaN	NaN	NaN	NaN	NaN	NaN	NaN
SPIKE	D9-10:G>	5	17185	2.909514E-4	-1.0	39.89747	TRUE		NaN	NaN	NaN	NaN	NaN	NaN	NaN	NaN	NaN
SPIKE	S9:G>A	0	17185	0.0	-1.0	0.0	TRUE	G	6.316489E-4	48.0	3.2445797E-4	0.9769	23.545017	0.22621685	0.026660046	37.0	0.0
SPIKE	S9:G>C	0	17185	0.0	-1.0	0.0	TRUE	G	2.3762652E-4	3.0	1.7376467E-4	0.99124634	16.009678	0.25511578	0.021728275	37.0	1.0
SPIKE	S9:G>T	0	17185	0.0	-1.0	0.0	TRUE	G	1.2599377E-4	0.0	1.5311188E-4	0.9953491	7.5124397	0.28825983	0.025005203	37.0	1.0
SPIKE	S10:A>G	1	17186	5.8186895E-5	4.2596874	40.0	TRUE	A	7.170841E-4	59.0	3.0319553E-4	0.97381675	26.604763	0.20894144	0.025866447	37.0	0.0
SPIKE	S10:A>C	1	17186	5.8186895E-5	4.2596874	40.0	TRUE	A	3.321118E-4	16.0	1.01671496E-4	0.98778707	21.506004	0.3567659	0.030693676	37.0	0.0
SPIKE	D10-11:A>	3	17186	1.7456069E-4	-1.0	39.861572	TRUE		NaN	NaN	NaN	NaN	NaN	NaN	NaN	NaN	NaN
SPIKE	S10:A>T	0	17186	0.0	-1.0	0.0	TRUE	A	1.0496792E-4	0.0	8.704351E-5	0.99612373	4.916501	0.36695522	0.026982004	37.0	1.0
SPIKE	S11:C>T	2	17186	1.1637379E-4	7.269987	39.0	TRUE	C	3.3136117E-4	25.0	2.4787246E-4	0.9878145	23.546389	0.2278474	0.023419924	37.0	0.0
SPIKE	D11-12:C>	9	17186	5.2368204E-4	-1.0	39.828407	TRUE		NaN	NaN	NaN	NaN	NaN	NaN	NaN	NaN	NaN
SPIKE	S11:C>A	0	17186	0.0	-1.0	0.0	TRUE	C	3.8992474E-4	18.0	9.493002E-5	0.98567635	7.512877	0.37232682	0.026944121	37.0	0.0
SPIKE	S11:C>G	0	17186	0.0	-1.0	0.0	TRUE	C	1.5959912E-4	11.0	2.0589349E-4	0.99411225	16.01061	0.24940321	0.020113124	37.0	0.0
SPIKE	S12:G>A	6	17186	3.4912137E-4	19.311188	39.666668	TRUE	G	3.1580607E-4	24.0	3.2445797E-4	0.9883832	23.546389	0.22621685	0.026660046	37.0	0.0
SPIKE	D12-14:GA>	2	17186	1.1637379E-4	-1.0	39.87897	TRUE		NaN	NaN	NaN	NaN	NaN	NaN	NaN	NaN	NaN
SPIKE	D12-13:G>	10	17186	5.81869E-4	-1.0	39.87897	TRUE		NaN	NaN	NaN	NaN	NaN	NaN	NaN	NaN	NaN
SPIKE	S12:G>C	0	17186	0.0	-1.0	0.0	TRUE	G	2.2262723E-4	15.0	1.7376467E-4	0.9917966	16.01061	0.25511578	0.021728275	37.0	0.0
SPIKE	S12:G>T	0	17186	0.0	-1.0	0.0	TRUE	G	1.2599377E-4	0.0	1.5311188E-4	0.9953491	7.512877	0.28825983	0.025005203	37.0	1.0
SPIKE	S13:A>C	1	17187	5.8183512E-5	4.2596874	40.0	TRUE	A	4.463999E-4	9.0	1.01671496E-4	0.98361886	21.507256	0.3567659	0.030693676	37.0	1.0
SPIKE	D13-14:A>	5	17187	2.9091755E-4	-1.0	39.83528	TRUE		NaN	NaN	NaN	NaN	NaN	NaN	NaN	NaN	NaN
SPIKE	S13:A>G	0	17187	0.0	-1.0	0.0	TRUE	A	6.805826E-4	56.0	3.0319553E-4	0.9751329	26.60631	0.20894144	0.025866447	37.0	0.0
SPIKE	S13:A>T	0	17187	0.0	-1.0	0.0	TRUE	A	1.0496792E-4	4.0	8.704351E-5	0.99612373	4.916787	0.36695522	0.026982004	37.0	1.0
SPIKE	S14:C>G	1	17187	5.8183512E-5	-1.0	40.0	TRUE	C	2.3229812E-4	0.0	2.0589349E-4	0.9914418	16.011541	0.24940321	0.020113124	37.0	1.0
SPIKE	S14:C>T	2	17187	1.16367024E-4	-1.0	39.0	TRUE	C	1.9880512E-4	15.0	2.4787246E-4	0.9926712	23.547758	0.2278474	0.023419924	37.0	0.0
SPIKE	D14-16:CA>	1	17187	5.8183512E-5	-1.0	39.906963	TRUE		NaN	NaN	NaN	NaN	NaN	NaN	NaN	NaN	NaN
SPIKE	D14-15:C>	4	17187	2.3273405E-4	-1.0	39.906963	TRUE		NaN	NaN	NaN	NaN	NaN	NaN	NaN	NaN	NaN
SPIKE	S14:C>A	0	17187	0.0	-1.0	0.0	TRUE	C	3.6824084E-4	17.0	9.493002E-5	0.9864675	7.5133142	0.37232682	0.026944121	37.0	0.0
SPIKE	D15-16:A>	1	17187	5.8183512E-5	-1.0	39.883575	TRUE		NaN	NaN	NaN	NaN	NaN	NaN	NaN	NaN	NaN
SPIKE	S15:A>G	0	17187	0.0	-1.0	0.0	TRUE	A	5.468967E-4	45.0	3.0319553E-4	0.9799682	26.60631	0.20894144	0.025866447	37.0	0.0
SPIKE	S15:A>C	0	17187	0.0	-1.0	0.0	TRUE	A	2.283136E-4	11.0	1.01671496E-4	0.991588	21.507256	0.3567659	0.030693676	37.0	0.0
SPIKE	S15:A>T	0	17187	0.0	-1.0	0.0	TRUE	A	1.0496792E-4	1.0	8.704351E-5	0.99612373	4.916787	0.36695522	0.026982004	37.0	1.0
SPIKE	S16:G>A	1	17187	5.8183512E-5	4.2596874	40.0	TRUE	G	3.5526115E-4	27.0	3.2445797E-4	0.98694134	23.547758	0.22621685	0.026660046	37.0	0.0
SPIKE	D16-17:G>	1	17187	5.8183512E-5	-1.0	39.943096	TRUE		NaN	NaN	NaN	NaN	NaN	NaN	NaN	NaN	NaN
SPIKE	S16:G>C	0	17187	0.0	-1.0	0.0	TRUE	G	2.3762652E-4	0.0	1.7376467E-4	0.99124634	16.011541	0.25511578	0.021728275	37.0	1.0
SPIKE	S16:G>T	0	17187	0.0	-1.0	0.0	TRUE	G	1.2599377E-4	0.0	1.5311188E-4	0.9953491	7.5133142	0.28825983	0.025005203	37.0	1.0
SPIKE	S17:A>C	2	17188	1.1636025E-4	7.269987	40.0	TRUE	A	4.463999E-4	1.0	1.01671496E-4	0.98361886	21.508509	0.3567659	0.030693676	37.0	1.0
SPIKE	D17-18:A>	9	17188	5.2362116E-4	-1.0	39.88771	TRUE		NaN	NaN	NaN	NaN	NaN	NaN	NaN	NaN	NaN
SPIKE	S17:A>G	0	17188	0.0	-1.0	0.0	TRUE	A	6.4408535E-4	53.0	3.0319553E-4	0.97645056	26.607859	0.20894144	0.025866447	37.0	0.0
SPIKE	S17:A>T	0	17188	0.0	-1.0	0.0	TRUE	A	1.0496792E-4	3.0	8.704351E-5	0.99612373	4.9170732	0.36695522	0.026982004	37.0	1.0
SPIKE	S18:A>G	0	17188	0.0	-1.0	0.0	TRUE	A	5.1040726E-4	42.0	3.0319553E-4	0.9812921	26.607859	0.20894144	0.025866447	37.0	0.0
SPIKE	S18:A>C	0	17188	0.0	-1.0	0.0	TRUE	A	4.463999E-4	0.0	1.01671496E-4	0.98361886	21.508509	0.3567659	0.030693676	37.0	1.0
SPIKE	S18:A>T	0	17188	0.0	-1.0	0.0	TRUE	A	1.0496792E-4	0.0	8.704351E-5	0.99612373	4.9170732	0.36695522	0.026982004	37.0	1.0
SPIKE	S19:C>G	1	17188	5.8180125E-5	-1.0	40.0	TRUE	C	2.3229812E-4	0.0	2.0589349E-4	0.9914418	16.012474	0.24940321	0.020113124	37.0	1.0
SPIKE	S19:C>T	1	17188	5.8180125E-5	4.2596874	40.0	TRUE	C	2.78311E-4	21.0	2.4787246E-4	0.98975533	23.549128	0.2278474	0.023419924	37.0	0.0
SPIKE	S19:C>A	0	17188	0.0	-1.0	0.0	TRUE	C	1.6274759E-4	1.0	9.493002E-5	0.99399644	7.5137515	0.37232682	0.026944121	37.0	1.0
SPIKE	S20:C>T	1	17188	5.8180125E-5	-1.0	40.0	TRUE	C	1.8554066E-4	14.0	2.4787246E-4	0.9931585	23.549128	0.2278474	0.023419924	37.0	0.0
SPIKE	S20:C>A	0	17188	0.0	-1.0	0.0	TRUE	C	1.6274759E-4	0.0	9.493002E-5	0.99399644	7.5137515	0.37232682	0.026944121	37.0	1.0
SPIKE	S20:C>G	0	17188	0.0	-1.0	0.0	TRUE	C	2.3229812E-4	0.0	2.0589349E-4	0.9914418	16.012474	0.24940321	0.020113124	37.0	1.0
SPIKE	S21:A>G	0	17188	0.0	-1.0	0.0	TRUE	A	6.197802E-4	51.0	3.0319553E-4	0.9773291	26.607859	0.20894144	0.025866447	37.0	0.0
SPIKE	S21:A>C	0	17188	0.0	-1.0	0.0	TRUE	A	4.463999E-4	3.0	1.01671496E-4	0.98361886	21.508509	0.3567659	0.030693676	37.0	1.0
SPIKE	S21:A>T	0	17188	0.0	-1.0	0.0	TRUE	A	1.0496792E-4	0.0	8.704351E-5	0.99612373	4.9170732	0.36695522	0.026982004	37.0	1.0
SPIKE	S22:A>C	17188	17188	1.0	9999.0	39.99302	FALSE	C	4.463999E-4	0.0	1.01671496E-4	0.98361886	21.508509	0.3567659	0.030693676	37.0	1.0
SPIKE	S22:A>G	0	17188	0.0	-1.0	0.0	FALSE	C	3.2335342E-4	0.0	3.0319553E-4	0.9881072	26.607859	0.20894144	0.025866447	37.0	1.0
SPIKE	S22:A>T	0	17188	0.0	-1.0	0.0	FALSE	C	1.0496792E-4	0.0	8.704351E-5	0.99612373	4.9170732	0.36695522	0.026982004	37.0	1.0
SPIKE	S23:A>G	0	17188	0.0	-1.0	0.0	TRUE	A	3.2335342E-4	0.0	3.0319553E-4	0.9881072	26.607859	0.20894144	0.025866447	37.0	1.0
SPIKE	S23:A>C	0	17188	0.0	-1.0	0.0	TRUE	A	4.463999E-4	0.0	1.01671496E-4	0.98361886	21.508509	0.3567659	0.030693676	37.0	1.0
SPIKE	S23:A>T	0	17188	0.0	-1.0	0.0	TRUE	A	1.0496792E-4	0.0	8.704351E-5	0.99612373	4.9170732	0.36695522	0.026982004	37.0	1.0
SPIKE	S24:A>G	0	17188	0.0	-1.0	0.0	TRUE	A	3.2335342E-4	0.0	3.0319553E-4	0.9881072	26.607859	0.20894144	0.025866447	37.0	1.0
SPIKE	S24:A>C	0	17188	0.0	-1.0	0.0	TRUE	A	4.463999E-4	0.0	1.01671496E-4	0.98361886	21.508509	0.3567659	0.030693676	37.0	1.0
SPIKE	S24:A>T	0	17188	0.0	-1.0	0.0	TRUE	A	1.0496792E-4	0.0	8.704351E-5	0.99612373	4.9170732	0.36695522	0.026982004	37.0	1.0
SPIKE	S25:A>G	17188	17188	1.0	9999.0	39.9929	FALSE	G	3.2335342E-4	0.0	3.0319553E-4	0.9881072	26.607859	0.20894144	0.025866447	37.0	1.0
SPIKE	S25:A>C	0	17188	0.0	-1.0	0.0	FALSE	G	4.463999E-4	0.0	1.01671496E-4	0.98361886	21.508509	0.3567659	0.030693676	37.0	1.0
SPIKE	S25:A>T	0	17188	0.0	-1.0	0.0	FALSE	G	1.0496792E-4	0.0	8.704351E-5	0.99612373	4.9170732	0.36695522	0.026982004	37.0	1.0
SPIKE	S26:T>A	0	17188	0.0	-1.0	0.0	TRUE	T	9.5021474E-5	0.0	1.1775136E-4	0.99649036	4.9170732	0.33219385	0.026593903	37.0	1.0
SPIKE	S26:T>G	0	17188	0.0	-1.0	0.0	TRUE	T	2.6239533E-4	3.0	1.525881E-4	0.9903383	21.508509	0.20971884	0.021723151	37.0	1.0
SPIKE	S26:T>C	0	17188	0.0	-1.0	0.0	TRUE	T	5.8566534E-4	41.0	2.3198705E-4	0.9785635	26.607859	0.2455793	0.028979063	37.0	0.0
SPIKE	S27:G>A	0	17188	0.0	-1.0	0.0	TRUE	G	3.0983717E-4	7.0	3.2445797E-4	0.9886015	23.549128	0.22621685	0.026660046	37.0	1.0
SPIKE	S27:G>C	0	17188	0.0	-1.0	0.0	TRUE	G	2.3762652E-4	0.0	1.7376467E-4	0.99124634	16.012474	0.25511578	0.021728275	37.0	1.0
SPIKE	S27:G>T	0	17188	0.0	-1.0	0.0	TRUE	G	1.2599377E-4	0.0	1.5311188E-4	0.9953491	7.5137515	0.28825983	0.025005203	37.0	1.0
SPIKE	S28:G>A	1	17188	5.8180125E-5	-1.0	40.0	TRUE	G	1.9735582E-4	15.0	3.2445797E-4	0.9927244	23.549128	0.22621685	0.026660046	37.0	0.0
SPIKE	S28:G>C	0	17188	0.0	-1.0	0.0	TRUE	G	2.3762652E-4	1.0	1.7376467E-4	0.99124634	16.012474	0.25511578	0.021728275	37.0	1.0
SPIKE	S28:G>T	0	17188	0.0	-1.0	0.0	TRUE	G	1.2599377E-4	1.0	1.5311188E-4	0.9953491	7.5137515	0.28825983	0.025005203	37.0	1.0
SPIKE	S29:G>A	0	17188	0.0	-1.0	0.0	TRUE	G	1.7104171E-4	13.0	3.2445797E-4	0.99369144	23.549128	0.22621685	0.026660046	37.0	0.0
SPIKE	S29:G>C	0	17188	0.0	-1.0	0.0	TRUE	G	2.3762652E-4	0.0	1.7376467E-4	0.99124634	16.012474	0.25511578	0.021728275	37.0	1.0
SPIKE	S29:G>T	0	17188	0.0	-1.0	0.0	TRUE	G	1.2599377E-4	0.0	1.5311188E-4	0.9953491	7.5137515	0.28825983	0.025005203	37.0	1.0
SPIKE	S30:A>G	0	17188	0.0	-1.0	0.0	TRUE	A	5.7117E-4	47.0	3.0319553E-4	0.9790884	26.607859	0.20894144	0.025866447	37.0	0.0
SPIKE	S30:A>C	0	17188	0.0	-1.0	0.0	TRUE	A	4.463999E-4	0.0	1.01671496E-4	0.98361886	21.508509	0.3567659	0.030693676	37.0	1.0
SPIKE	S30:A>T	0	17188	0.0	-1.0	0.0	TRUE	A	1.0496792E-4	0.0	8.704351E-5	0.99612373	4.9170732	0.36695522	0.026982004	37.0	1.0
SPIKE	S31:T>A	0	17188	0.0	-1.0	0.0	TRUE	T	9.5021474E-5	0.0	1.1775136E-4	0.99649036	4.9170732	0.33219385	0.026593903	37.0	1.0
SPIKE	S31:T>G	0	17188	0.0	-1.0	0.0	TRUE	T	2.6239533E-4	2.0	1.525881E-4	0.9903383	21.508509	0.20971884	0.021723151	37.0	1.0
SPIKE	S31:T>C	0	17188	0.0	-1.0	0.0	TRUE	T	5.1424274E-4	36.0	2.3198705E-4	0.9811529	26.607859	0.2455793	0.028979063	37.0	0.0
SPIKE	S32:C>A	0	17188	0.0	-1.0	0.0	TRUE	C	1.6274759E-4	1.0	9.493002E-5	0.99399644	7.5137515	0.37232682	0.026944121	37.0	1.0
SPIKE	S32:C>G	0	17188	0.0	-1.0	0.0	TRUE	C	2.3229812E-4	0.0	2.0589349E-4	0.9914418	16.012474	0.24940321	0.020113124	37.0	1.0
SPIKE	S32:C>T	0	17188	0.0	-1.0	0.0	TRUE	C	1.4578195E-4	11.0	2.4787246E-4	0.99462056	23.549128	0.2278474	0.023419924	37.0	0.0
SPIKE	S33:C>A	0	17188	0.0	-1.0	0.0	TRUE	C	1.6274759E-4	0.0	9.493002E-5	0.99399644	7.5137515	0.37232682	0.026944121	37.0	1.0
SPIKE	S33:C>G	0	17188	0.0	-1.0	0.0	TRUE	C	2.3229812E-4	0.0	2.0589349E-4	0.9914418	16.012474	0.24940321	0.020113124	37.0	1.0
SPIKE	S33:C>T	0	17188	0.0	-1.0	0.0	TRUE	C	3.1209434E-4	4.0	2.4787246E-4	0.98851895	23.549128	0.2278474	0.023419924	37.0	1.0
SPIKE	S34:A>G	0	17188	0.0	-1.0	0.0	TRUE	A	2.1874596E-4	18.0	3.0319553E-4	0.99193907	26.607859	0.20894144	0.025866447	37.0	0.0
SPIKE	S34:A>C	0	17188	0.0	-1.0	0.0	TRUE	A	4.463999E-4	0.0	1.01671496E-4	0.98361886	21.508509	0.3567659	0.030693676	37.0	1.0
SPIKE	S34:A>T	0	17188	0.0	-1.0	0.0	TRUE	A	1.0496792E-4	1.0	8.704351E-5	0.99612373	4.9170732	0.36695522	0.026982004	37.0	1.0
SPIKE	S35:T>A	0	17188	0.0	-1.0	0.0	TRUE	T	9.5021474E-5	1.0	1.1775136E-4	0.99649036	4.9170732	0.33219385	0.026593903	37.0	1.0
SPIKE	S35:T>G	0	17188	0.0	-1.0	0.0	TRUE	T	2.6239533E-4	2.0	1.525881E-4	0.9903383	21.508509	0.20971884	0.021723151	37.0	1.0
SPIKE	S35:T>C	0	17188	0.0	-1.0	0.0	TRUE	T	4.5710464E-4	32.0	2.3198705E-4	0.98322934	26.607859	0.2455793	0.028979063	37.0	0.0
SPIKE	S36:T>A	0	17188	0.0	-1.0	0.0	TRUE	T	9.5021474E-5	0.0	1.1775136E-4	0.99649036	4.9170732	0.33219385	0.026593903	37.0	1.0
SPIKE	S36:T>G	0	17188	0.0	-1.0	0.0	TRUE	T	2.6239533E-4	0.0	1.525881E-4	0.9903383	21.508509	0.20971884	0.021723151	37.0	1.0
SPIKE	S36:T>C	0	17188	0.0	-1.0	0.0	TRUE	T	3.8008048E-4	3.0	2.3198705E-4	0.98603547	26.607859	0.2455793	0.028979063	37.0	1.0
SPIKE	S37:A>G	0	17188	0.0	-1.0	0.0	TRUE	A	1.4583065E-4	12.0	3.0319553E-4	0.9946188	26.607859	0.20894144	0.025866447	37.0	0.0
SPIKE	S37:A>C	0	17188	0.0	-1.0	0.0	TRUE	A	4.463999E-4	0.0	1.01671496E-4	0.98361886	21.508509	0.3567659	0.030693676	37.0	1.0
SPIKE	S37:A>T	0	17188	0.0	-1.0	0.0	TRUE	A	1.0496792E-4	0.0	8.704351E-5	0.99612373	4.9170732	0.36695522	0.026982004	37.0	1.0
SPIKE	S38:T>A	0	17188	0.0	-1.0	0.0	TRUE	T	9.5021474E-5	0.0	1.1775136E-4	0.99649036	4.9170732	0.33219385	0.026593903	37.0	1.0
SPIKE	S38:T>G	0	17188	0.0	-1.0	0.0	TRUE	T	2.6239533E-4	0.0	1.525881E-4	0.9903383	21.508509	0.20971884	0.021723151	37.0	1.0
SPIKE	S38:T>C	0	17188	0.0	-1.0	0.0	TRUE	T	3.8008048E-4	2.0	2.3198705E-4	0.98603547	26.607859	0.2455793	0.028979063	37.0	1.0
SPIKE	S39:C>A	1	17188	5.8180125E-5	-1.0	38.0	TRUE	C	1.6274759E-4	0.0	9.493002E-5	0.99399644	7.5137515	0.37232682	0.026944121	37.0	1.0
SPIKE	S39:C>G	0	17188	0.0	-1.0	0.0	TRUE	C	2.3229812E-4	0.0	2.0589349E-4	0.9914418	16.012474	0.24940321	0.020113124	37.0	1.0
SPIKE	S39:C>T	0	17188	0.0	-1.0	0.0	TRUE	C	3.1209434E-4	9.0	2.4787246E-4	0.98851895	23.549128	0.2278474	0.023419924	37.0	1.0
SPIKE	S40:G>A	0	17188	0.0	-1.0	0.0	TRUE	G	2.4998403E-4	19.0	3.2445797E-4	0.9907932	23.549128	0.22621685	0.026660046	37.0	0.0
SPIKE	S40:G>C	0	17188	0.0	-1.0	0.0	TRUE	G	2.3762652E-4	0.0	1.7376467E-4	0.99124634	16.012474	0.25511578	0.021728275	37.0	1.0
SPIKE	S40:G>T	0	17188	0.0	-1.0	0.0	TRUE	G	1.2599377E-4	2.0	1.5311188E-4	0.9953491	7.5137515	0.28825983	0.025005203	37.0	1.0
SPIKE	S41:G>A	0	17188	0.0	-1.0	0.0	TRUE	G	3.0983717E-4	5.0	3.2445797E-4	0.9886015	23.549128	0.22621685	0.026660046	37.0	1.0
SPIKE	S41:G>C	0	17188	0.0	-1.0	0.0	TRUE	G	2.3762652E-4	1.0	1.7376467E-4	0.99124634	16.012474	0.25511578	0.021728275	37.0	1.0
SPIKE	S41:G>T	0	17188	0.0	-1.0	0.0	TRUE	G	1.2599377E-4	0.0	1.5311188E-4	0.9953491	7.5137515	0.28825983	0.025005203	37.0	1.0
SPIKE	S42:C>A	0	17188	0.0	-1.0	0.0	TRUE	C	1.6274759E-4	0.0	9.493002E-5	0.99399644	7.5137515	0.37232682	0.026944121	37.0	1.0
SPIKE	S42:C>G	0	17188	0.0	-1.0	0.0	TRUE	C	2.3229812E-4	0.0	2.0589349E-4	0.9914418	16.012474	0.24940321	0.020113124	37.0	1.0
SPIKE	S42:C>T	0	17188	0.0	-1.0	0.0	TRUE	C	2.915639E-4	22.0	2.4787246E-4	0.9892701	23.549128	0.2278474	0.023419924	37.0	0.0
SPIKE	S43:G>A	0	17188	0.0	-1.0	0.0	TRUE	G	1.8419877E-4	14.0	3.2445797E-4	0.9932078	23.549128	0.22621685	0.026660046	37.0	0.0
SPIKE	S43:G>C	0	17188	0.0	-1.0	0.0	TRUE	G	2.3762652E-4	0.0	1.7376467E-4	0.99124634	16.012474	0.25511578	0.021728275	37.0	1.0
SPIKE	S43:G>T	0	17188	0.0	-1.0	0.0	TRUE	G	1.2599377E-4	0.0	1.5311188E-4	0.9953491	7.5137515	0.28825983	0.025005203	37.0	1.0
SPIKE	S44:G>A	0	17188	0.0	-1.0	0.0	TRUE	G	2.4998403E-4	19.0	3.2445797E-4	0.9907932	23.549128	0.22621685	0.026660046	37.0	0.0
SPIKE	S44:G>C	0	17188	0.0	-1.0	0.0	TRUE	G	2.3762652E-4	1.0	1.7376467E-4	0.99124634	16.012474	0.25511578	0.021728275	37.0	1.0
SPIKE	S44:G>T	0	17188	0.0	-1.0	0.0	TRUE	G	1.2599377E-4	0.0	1.5311188E-4	0.9953491	7.5137515	0.28825983	0.025005203	37.0	1.0
SPIKE	S45:C>T	1	17188	5.8180125E-5	-1.0	38.0	TRUE	C	1.7228775E-4	13.0	2.4787246E-4	0.9936456	23.549128	0.2278474	0.023419924	37.0	0.0
SPIKE	S45:C>A	0	17188	0.0	-1.0	0.0	TRUE	C	1.6274759E-4	0.0	9.493002E-5	0.99399644	7.5137515	0.37232682	0.026944121	37.0	1.0
SPIKE	S45:C>G	0	17188	0.0	-1.0	0.0	TRUE	C	2.3229812E-4	0.0	2.0589349E-4	0.9914418	16.012474	0.24940321	0.020113124	37.0	1.0
SPIKE	S46:G>A	0	17188	0.0	-1.0	0.0	TRUE	G	1.3157054E-4	10.0	3.2445797E-4	0.9951437	23.549128	0.22621685	0.026660046	37.0	0.0
SPIKE	S46:G>C	0	17188	0.0	-1.0	0.0	TRUE	G	2.3762652E-4	0.0	1.7376467E-4	0.99124634	16.012474	0.25511578	0.021728275	37.0	1.0
SPIKE	S46:G>T	0	17188	0.0	-1.0	0.0	TRUE	G	1.2599377E-4	0.0	1.5311188E-4	0.9953491	7.5137515	0.28825983	0.025005203	37.0	1.0
SPIKE	S47:A>G	0	17188	0.0	-1.0	0.0	TRUE	A	3.2335342E-4	5.0	3.0319553E-4	0.9881072	26.607859	0.20894144	0.025866447	37.0	1.0
SPIKE	S47:A>C	0	17188	0.0	-1.0	0.0	TRUE	A	4.463999E-4	0.0	1.01671496E-4	0.98361886	21.508509	0.3567659	0.030693676	37.0	1.0
SPIKE	S47:A>T	0	17188	0.0	-1.0	0.0	TRUE	A	1.0496792E-4	0.0	8.704351E-5	0.99612373	4.9170732	0.36695522	0.026982004	37.0	1.0
SPIKE	S48:A>G	0	17188	0.0	-1.0	0.0	TRUE	A	3.2335342E-4	2.0	3.0319553E-4	0.9881072	26.607859	0.20894144	0.025866447	37.0	1.0
SPIKE	S48:A>C	0	17188	0.0	-1.0	0.0	TRUE	A	4.463999E-4	0.0	1.01671496E-4	0.98361886	21.508509	0.3567659	0.030693676	37.0	1.0
SPIKE	S48:A>T	0	17188	0.0	-1.0	0.0	TRUE	A	1.0496792E-4	0.0	8.704351E-5	0.99612373	4.9170732	0.36695522	0.026982004	37.0	1.0
SPIKE	S49:T>A	0	17188	0.0	-1.0	0.0	TRUE	T	9.5021474E-5	0.0	1.1775136E-4	0.99649036	4.9170732	0.33219385	0.026593903	37.0	1.0
SPIKE	S49:T>G	0	17188	0.0	-1.0	0.0	TRUE	T	2.6239533E-4	0.0	1.525881E-4	0.9903383	21.508509	0.20971884	0.021723151	37.0	1.0
SPIKE	S49:T>C	0	17188	0.0	-1.0	0.0	TRUE	T	3.8008048E-4	4.0	2.3198705E-4	0.98603547	26.607859	0.2455793	0.028979063	37.0	1.0
SPIKE	S50:T>A	0	17188	0.0	-1.0	0.0	TRUE	T	9.5021474E-5	0.0	1.1775136E-4	0.99649036	4.9170732	0.33219385	0.026593903	37.0	1.0
SPIKE	S50:T>G	0	17188	0.0	-1.0	0.0	TRUE	T	2.6239533E-4	1.0	1.525881E-4	0.9903383	21.508509	0.20971884	0.021723151	37.0	1.0
SPIKE	S50:T>C	0	17188	0.0	-1.0	0.0	TRUE	T	3.8008048E-4	3.0	2.3198705E-4	0.98603547	26.607859	0.2455793	0.028979063	37.0	1.0
SPIKE	S51:T>A	0	17188	0.0	-1.0	0.0	TRUE	T	9.5021474E-5	1.0	1.1775136E-4	0.99649036	4.9170732	0.33219385	0.026593903	37.0	1.0
SPIKE	S51:T>G	0	17188	0.0	-1.0	0.0	TRUE	T	2.6239533E-4	0.0	1.525881E-4	0.9903383	21.508509	0.20971884	0.021723151	37.0	1.0
SPIKE	S51:T>C	0	17188	0.0	-1.0	0.0	TRUE	T	3.8008048E-4	1.0	2.3198705E-4	0.98603547	26.607859	0.2455793	0.028979063	37.0	1.0
SPIKE	S52:A>G	0	17188	0.0	-1.0	0.0	TRUE	A	1.4583065E-4	12.0	3.0319553E-4	0.9946188	26.607859	0.20894144	0.025866447	37.0	0.0
SPIKE	S52:A>C	0	17188	0.0	-1.0	0.0	TRUE	A	4.463999E-4	1.0	1.01671496E-4	0.98361886	21.508509	0.3567659	0.030693676	37.0	1.0
SPIKE	S52:A>T	0	17188	0.0	-1.0	0.0	TRUE	A	1.0496792E-4	0.0	8.704351E-5	0.99612373	4.9170732	0.36695522	0.026982004	37.0	1.0
SPIKE	S53:C>A	0	17188	0.0	-1.0	0.0	TRUE	C	1.6274759E-4	0.0	9.493002E-5	0.99399644	7.5137515	0.37232682	0.026944121	37.0	1.0
SPIKE	S53:C>G	0	17188	0.0	-1.0	0.0	TRUE	C	2.3229812E-4	1.0	2.0589349E-4	0.9914418	16.012474	0.24940321	0.020113124	37.0	1.0
SPIKE	S53:C>T	0	17188	0.0	-1.0	0.0	TRUE	C	1.9879355E-4	15.0	2.4787246E-4	0.9926716	23.549128	0.2278474	0.023419924	37.0	0.0
SPIKE	S54:C>A	0	17188	0.0	-1.0	0.0	TRUE	C	1.6274759E-4	2.0	9.493002E-5	0.99399644	7.5137515	0.37232682	0.026944121	37.0	1.0
SPIKE	S54:C>G	0	17188	0.0	-1.0	0.0	TRUE	C	2.3229812E-4	0.0	2.0589349E-4	0.9914418	16.012474	0.24940321	0.020113124	37.0	1.0
SPIKE	S54:C>T	0	17188	0.0	-1.0	0.0	TRUE	C	1.7228775E-4	13.0	2.4787246E-4	0.9936456	23.549128	0.2278474	0.023419924	37.0	0.0
SPIKE	S55:A>G	2	17188	1.1636025E-4	7.269987	40.0	TRUE	A	7.170007E-4	59.0	3.0319553E-4	0.9738198	26.607859	0.20894144	0.025866447	37.0	0.0
SPIKE	S55:A>C	0	17188	0.0	-1.0	0.0	TRUE	A	4.463999E-4	9.0	1.01671496E-4	0.98361886	21.508509	0.3567659	0.030693676	37.0	1.0
SPIKE	S55:A>T	0	17188	0.0	-1.0	0.0	TRUE	A	1.0496792E-4	3.0	8.704351E-5	0.99612373	4.9170732	0.36695522	0.026982004	37.0	1.0
SPIKE	S56:C>T	1	17188	5.8180125E-5	-1.0	40.0	TRUE	C	2.1204646E-4	16.0	2.4787246E-4	0.992185	23.549128	0.2278474	0.023419924	37.0	0.0
SPIKE	S56:C>A	0	17188	0.0	-1.0	0.0	TRUE	C	1.6274759E-4	1.0	9.493002E-5	0.99399644	7.5137515	0.37232682	0.026944121	37.0	1.0
SPIKE	S56:C>G	0	17188	0.0	-1.0	0.0	TRUE	C	2.3229812E-4	0.0	2.0589349E-4	0.9914418	16.012474	0.24940321	0.020113124	37.0	1.0
SPIKE	S57:C>A	0	17188	0.0	-1.0	0.0	TRUE	C	1.6274759E-4	2.0	9.493002E-5	0.99399644	7.5137515	0.37232682	0.026944121	37.0	1.0
SPIKE	S57:C>G	0	17188	0.0	-1.0	0.0	TRUE	C	2.3229812E-4	0.0	2.0589349E-4	0.9914418	16.012474	0.24940321	0.020113124	37.0	1.0
SPIKE	S57:C>T	0	17188	0.0	-1.0	0.0	TRUE	C	2.5180518E-4	19.0	2.4787246E-4	0.9907265	23.549128	0.2278474	0.023419924	37.0	0.0
SPIKE	S58:A>G	0	17188	0.0	-1.0	0.0	TRUE	A	4.0103428E-4	33.0	3.0319553E-4	0.9852713	26.607859	0.20894144	0.025866447	37.0	0.0
SPIKE	S58:A>C	0	17188	0.0	-1.0	0.0	TRUE	A	4.463999E-4	7.0	1.01671496E-4	0.98361886	21.508509	0.3567659	0.030693676	37.0	1.0
SPIKE	S58:A>T	0	17188	0.0	-1.0	0.0	TRUE	A	1.0496792E-4	3.0	8.704351E-5	0.99612373	4.9170732	0.36695522	0.026982004	37.0	1.0
SPIKE	S59:T>C	1	17188	5.8180125E-5	4.2596874	40.0	TRUE	T	3.9996655E-4	28.0	2.3198705E-4	0.9853102	26.607859	0.2455793	0.028979063	37.0	0.0
SPIKE	S59:T>A	0	17188	0.0	-1.0	0.0	TRUE	T	9.5021474E-5	9.0	1.1775136E-4	0.99649036	4.9170732	0.33219385	0.026593903	37.0	1.0
SPIKE	S59:T>G	0	17188	0.0	-1.0	0.0	TRUE	T	2.6239533E-4	0.0	1.525881E-4	0.9903383	21.508509	0.20971884	0.021723151	37.0	1.0
SPIKE	S60:T>A	0	17188	0.0	-1.0	0.0	TRUE	T	9.5021474E-5	3.0	1.1775136E-4	0.99649036	4.9170732	0.33219385	0.026593903	37.0	1.0
SPIKE	S60:T>G	0	17188	0.0	-1.0	0.0	TRUE	T	2.6239533E-4	2.0	1.525881E-4	0.9903383	21.508509	0.20971884	0.021723151	37.0	1.0
SPIKE	S60:T>C	0	17188	0.0	-1.0	0.0	TRUE	T	1.5712972E-4	11.0	2.3198705E-4	0.9942031	26.607859	0.2455793	0.028979063	37.0	0.0
SPIKE	S61:G>A	0	17188	0.0	-1.0	0.0	TRUE	G	1.5788466E-4	12.0	3.2445797E-4	0.9941753	23.549128	0.22621685	0.026660046	37.0	0.0
SPIKE	S61:G>C	0	17188	0.0	-1.0	0.0	TRUE	G	2.3762652E-4	0.0	1.7376467E-4	0.99124634	16.012474	0.25511578	0.021728275	37.0	1.0
SPIKE	S61:G>T	0	17188	0.0	-1.0	0.0	TRUE	G	1.2599377E-4	6.0	1.5311188E-4	0.9953491	7.5137515	0.28825983	0.025005203	37.0	1.0
SPIKE	S62:A>G	0	17188	0.0	-1.0	0.0	TRUE	A	1.579832E-4	13.0	3.0319553E-4	0.9941717	26.607859	0.20894144	0.025866447	37.0	0.0
SPIKE	S62:A>C	0	17188	0.0	-1.0	0.0	TRUE	A	4.463999E-4	0.0	1.01671496E-4	0.98361886	21.508509	0.3567659	0.030693676	37.0	1.0
SPIKE	S62:A>T	0	17188	0.0	-1.0	0.0	TRUE	A	1.0496792E-4	1.0	8.704351E-5	0.99612373	4.9170732	0.36695522	0.026982004	37.0	1.0
SPIKE	S63:A>G	0	17188	0.0	-1.0	0.0	TRUE	A	3.2335342E-4	6.0	3.0319553E-4	0.9881072	26.607859	0.20894144	0.025866447	37.0	1.0
SPIKE	S63:A>C	0	17188	0.0	-1.0	0.0	TRUE	A	4.463999E-4	3.0	1.01671496E-4	0.98361886	21.508509	0.3567659	0.030693676	37.0	1.0
SPIKE	S63:A>T	0	17188	0.0	-1.0	0.0	TRUE	A	1.0496792E-4	0.0	8.704351E-5	0.99612373	4.9170732	0.36695522	0.026982004	37.0	1.0
SPIKE	S64:A>G	2	17188	1.1636025E-4	-1.0	40.0	TRUE	A	2.0659341E-4	17.0	3.0319553E-4	0.9923852	26.607859	0.20894144	0.025866447	37.0	0.0
SPIKE	S64:A>C	0	17188	0.0	-1.0	0.0	TRUE	A	4.463999E-4	3.0	1.01671496E-4	0.98361886	21.508509	0.3567659	0.030693676	37.0	1.0
SPIKE	S64:A>T	0	17188	0.0	-1.0	0.0	TRUE	A	1.0496792E-4	1.0	8.704351E-5	0.99612373	4.9170732	0.36695522	0.026982004	37.0	1.0
SPIKE	S65:A>G	2	17188	1.1636025E-4	7.269987	40.0	TRUE	A	4.3749192E-4	36.0	3.0319553E-4	0.9839431	26.607859	0.20894144	0.025866447	37.0	0.0
SPIKE	S65:A>C	1	17188	5.8180125E-5	4.2596874	40.0	TRUE	A	2.6980945E-4	13.0	1.01671496E-4	0.9900667	21.508509	0.3567659	0.030693676	37.0	0.0
SPIKE	S65:A>T	0	17188	0.0	-1.0	0.0	TRUE	A	1.0496792E-4	0.0	8.704351E-5	0.99612373	4.9170732	0.36695522	0.026982004	37.0	1.0
SPIKE	S66:C>A	0	17188	0.0	-1.0	0.0	TRUE	C	1.6274759E-4	4.0	9.493002E-5	0.99399644	7.5137515	0.37232682	0.026944121	37.0	1.0
SPIKE	S66:C>G	0	17188	0.0	-1.0	0.0	TRUE	C	2.3229812E-4	2.0	2.0589349E-4	0.9914418	16.012474	0.24940321	0.020113124	37.0	1.0
SPIKE	S66:C>T	0	17188	0.0	-1.0	0.0	TRUE	C	2.1204646E-4	16.0	2.4787246E-4	0.992185	23.549128	0.2278474	0.023419924	37.0	0.0
SPIKE	S67:C>T	1	17188	5.8180125E-5	4.2596874	40.0	TRUE	C	3.1209434E-4	7.0	2.4787246E-4	0.98851895	23.549128	0.2278474	0.023419924	37.0	1.0
SPIKE	S67:C>A	0	17188	0.0	-1.0	0.0	TRUE	C	1.6274759E-4	6.0	9.493002E-5	0.99399644	7.5137515	0.37232682	0.026944121	37.0	1.0
SPIKE	S67:C>G	0	17188	0.0	-1.0	0.0	TRUE	C	2.3229812E-4	0.0	2.0589349E-4	0.9914418	16.012474	0.24940321	0.020113124	37.0	1.0
SPIKE	S68:A>G	0	17188	0.0	-1.0	0.0	TRUE	A	6.197802E-4	51.0	3.0319553E-4	0.9773291	26.607859	0.20894144	0.025866447	37.0	0.0
SPIKE	S68:A>C	0	17188	0.0	-1.0	0.0	TRUE	A	4.463999E-4	7.0	1.01671496E-4	0.98361886	21.508509	0.3567659	0.030693676	37.0	1.0
SPIKE	S68:A>T	0	17188	0.0	-1.0	0.0	TRUE	A	1.0496792E-4	2.0	8.704351E-5	0.99612373	4.9170732	0.36695522	0.026982004	37.0	1.0
SPIKE	S69:G>A	1	17188	5.8180125E-5	4.2596874	40.0	TRUE	G	3.6839754E-4	28.0	3.2445797E-4	0.98646176	23.549128	0.22621685	0.026660046	37.0	0.0
SPIKE	S69:G>C	0	17188	0.0	-1.0	0.0	TRUE	G	2.3762652E-4	6.0	1.7376467E-4	0.99124634	16.012474	0.25511578	0.021728275	37.0	1.0
SPIKE	S69:G>T	0	17188	0.0	-1.0	0.0	TRUE	G	1.2599377E-4	1.0	1.5311188E-4	0.9953491	7.5137515	0.28825983	0.025005203	37.0	1.0
SPIKE	S70:C>A	0	17188	0.0	-1.0	0.0	TRUE	C	1.6274759E-4	0.0	9.493002E-5	0.99399644	7.5137515	0.37232682	0.026944121	37.0	1.0
SPIKE	S70:C>G	0	17188	0.0	-1.0	0.0	TRUE	C	2.3229812E-4	1.0	2.0589349E-4	0.9914418	16.012474	0.24940321	0.020113124	37.0	1.0
SPIKE	S70:C>T	0	17188	0.0	-1.0	0.0	TRUE	C	3.445755E-4	26.0	2.4787246E-4	0.9873316	23.549128	0.2278474	0.023419924	37.0	0.0
SPIKE	S71:C>A	0	17188	0.0	-1.0	0.0	TRUE	C	1.6274759E-4	0.0	9.493002E-5	0.99399644	7.5137515	0.37232682	0.026944121	37.0	1.0
SPIKE	S71:C>G	0	17188	0.0	-1.0	0.0	TRUE	C	2.3229812E-4	9.0	2.0589349E-4	0.9914418	16.012474	0.24940321	0.020113124	37.0	1.0
SPIKE	S71:C>T	0	17188	0.0	-1.0	0.0	TRUE	C	1.8554066E-4	14.0	2.4787246E-4	0.9931585	23.549128	0.2278474	0.023419924	37.0	0.0
SPIKE	S72:G>A	1	17188	5.8180125E-5	-1.0	40.0	TRUE	G	2.1051288E-4	16.0	3.2445797E-4	0.99224126	23.549128	0.22621685	0.026660046	37.0	0.0
SPIKE	S72:G>C	0	17188	0.0	-1.0	0.0	TRUE	G	2.3762652E-4	2.0	1.7376467E-4	0.99124634	16.012474	0.25511578	0.021728275	37.0	1.0
SPIKE	S72:G>T	0	17188	0.0	-1.0	0.0	TRUE	G	1.2599377E-4	3.0	1.5311188E-4	0.9953491	7.5137515	0.28825983	0.025005203	37.0	1.0
SPIKE	S73:T>A	0	17188	0.0	-1.0	0.0	TRUE	T	9.5021474E-5	0.0	1.1775136E-4	0.99649036	4.9170732	0.33219385	0.026593903	37.0	1.0
SPIKE	S73:T>G	0	17188	0.0	-1.0	0.0	TRUE	T	2.6239533E-4	6.0	1.525881E-4	0.9903383	21.508509	0.20971884	0.021723151	37.0	1.0
SPIKE	S73:T>C	0	17188	0.0	-1.0	0.0	TRUE	T	9.856318E-4	69.0	2.3198705E-4	0.9641886	26.607859	0.2455793	0.028979063	37.0	0.0
SPIKE	S74:G>A	1	17188	5.8180125E-5	4.2596874	40.0	TRUE	G	3.0983717E-4	7.0	3.2445797E-4	0.9886015	23.549128	0.22621685	0.026660046	37.0	1.0
SPIKE	S74:G>C	0	17188	0.0	-1.0	0.0	TRUE	G	2.3762652E-4	0.0	1.7376467E-4	0.99124634	16.012474	0.25511578	0.021728275	37.0	1.0
SPIKE	S74:G>T	0	17188	0.0	-1.0	0.0	TRUE	G	1.2599377E-4	3.0	1.5311188E-4	0.9953491	7.5137515	0.28825983	0.025005203	37.0	1.0
SPIKE	S75:G>A	0	17188	0.0	-1.0	0.0	TRUE	G	2.1051288E-4	16.0	3.2445797E-4	0.99224126	23.549128	0.22621685	0.026660046	37.0	0.0
SPIKE	S75:G>C	0	17188	0.0	-1.0	0.0	TRUE	G	2.3762652E-4	0.0	1.7376467E-4	0.99124634	16.012474	0.25511578	0.021728275	37.0	1.0
SPIKE	S75:G>T	0	17188	0.0	-1.0	0.0	TRUE	G	1.2599377E-4	8.0	1.5311188E-4	0.9953491	7.5137515	0.28825983	0.025005203	37.0	1.0
SPIKE	S76:T>C	1	17188	5.8180125E-5	4.2596874	40.0	TRUE	T	5.713808E-4	40.0	2.3198705E-4	0.9790808	26.607859	0.2455793	0.028979063	37.0	0.0
SPIKE	S76:T>A	0	17188	0.0	-1.0	0.0	TRUE	T	9.5021474E-5	2.0	1.1775136E-4	0.99649036	4.9170732	0.33219385	0.026593903	37.0	1.0
SPIKE	S76:T>G	0	17188	0.0	-1.0	0.0	TRUE	T	2.6239533E-4	7.0	1.525881E-4	0.9903383	21.508509	0.20971884	0.021723151	37.0	1.0
SPIKE	S77:T>G	1	17188	5.8180125E-5	4.2596874	40.0	TRUE	T	2.6239533E-4	1.0	1.525881E-4	0.9903383	21.508509	0.20971884	0.021723151	37.0	1.0
SPIKE	S77:T>A	0	17188	0.0	-1.0	0.0	TRUE	T	9.5021474E-5	0.0	1.1775136E-4	0.99649036	4.9170732	0.33219385	0.026593903	37.0	1.0
SPIKE	S77:T>C	0	17188	0.0	-1.0	0.0	TRUE	T	3.8008048E-4	9.0	2.3198705E-4	0.98603547	26.607859	0.2455793	0.028979063	37.0	1.0
SPIKE	S78:T>A	0	17188	0.0	-1.0	0.0	TRUE	T	9.5021474E-5	0.0	1.1775136E-4	0.99649036	4.9170732	0.33219385	0.026593903	37.0	1.0
SPIKE	S78:T>G	0	17188	0.0	-1.0	0.0	TRUE	T	2.6239533E-4	8.0	1.525881E-4	0.9903383	21.508509	0.20971884	0.021723151	37.0	1.0
SPIKE	S78:T>C	0	17188	0.0	-1.0	0.0	TRUE	T	3.8008048E-4	3.0	2.3198705E-4	0.98603547	26.607859	0.2455793	0.028979063	37.0	1.0
SPIKE	S79:G>A	1	17188	5.8180125E-5	-1.0	40.0	TRUE	G	2.2366994E-4	17.0	3.2445797E-4	0.99175835	23.549128	0.22621685	0.026660046	37.0	0.0
SPIKE	S79:G>C	0	17188	0.0	-1.0	0.0	TRUE	G	2.3762652E-4	4.0	1.7376467E-4	0.99124634	16.012474	0.25511578	0.021728275	37.0	1.0
SPIKE	S79:G>T	0	17188	0.0	-1.0	0.0	TRUE	G	1.2599377E-4	1.0	1.5311188E-4	0.9953491	7.5137515	0.28825983	0.025005203	37.0	1.0
SPIKE	S80:C>A	1	17188	5.8180125E-5	-1.0	40.0	TRUE	C	1.6274759E-4	2.0	9.493002E-5	0.99399644	7.5137515	0.37232682	0.026944121	37.0	1.0
SPIKE	S80:C>T	3	17188	1.7454037E-4	10.280287	40.0	TRUE	C	4.1084003E-4	31.0	2.4787246E-4	0.9849139	23.549128	0.2278474	0.023419924	37.0	0.0
SPIKE	S80:C>G	0	17188	0.0	-1.0	0.0	TRUE	C	2.3229812E-4	5.0	2.0589349E-4	0.9914418	16.012474	0.24940321	0.020113124	37.0	1.0
SPIKE	S81:G>A	2	17188	1.1636025E-4	-1.0	40.0	TRUE	G	2.3682699E-4	18.0	3.2445797E-4	0.99127567	23.549128	0.22621685	0.026660046	37.0	0.0
SPIKE	S81:G>C	0	17188	0.0	-1.0	0.0	TRUE	G	2.3762652E-4	1.0	1.7376467E-4	0.99124634	16.012474	0.25511578	0.021728275	37.0	1.0
SPIKE	S81:G>T	0	17188	0.0	-1.0	0.0	TRUE	G	1.2599377E-4	2.0	1.5311188E-4	0.9953491	7.5137515	0.28825983	0.025005203	37.0	1.0
SPIKE	S82:G>A	1	17188	5.8180125E-5	4.2596874	40.0	TRUE	G	2.631411E-4	20.0	3.2445797E-4	0.990311	23.549128	0.22621685	0.026660046	37.0	0.0
SPIKE	S82:G>C	0	17188	0.0	-1.0	0.0	TRUE	G	2.3762652E-4	5.0	1.7376467E-4	0.99124634	16.012474	0.25511578	0.021728275	37.0	1.0
SPIKE	S82:G>T	0	17188	0.0	-1.0	0.0	TRUE	G	1.2599377E-4	0.0	1.5311188E-4	0.9953491	7.5137515	0.28825983	0.025005203	37.0	1.0
SPIKE	S83:C>A	1	17188	5.8180125E-5	-1.0	40.0	TRUE	C	1.6274759E-4	0.0	9.493002E-5	0.99399644	7.5137515	0.37232682	0.026944121	37.0	1.0
SPIKE	S83:C>G	0	17188	0.0	-1.0	0.0	TRUE	C	2.3229812E-4	6.0	2.0589349E-4	0.9914418	16.012474	0.24940321	0.020113124	37.0	1.0
SPIKE	S83:C>T	0	17188	0.0	-1.0	0.0	TRUE	C	2.2529937E-4	17.0	2.4787246E-4	0.99169856	23.549128	0.2278474	0.023419924	37.0	0.0
SPIKE	S84:G>A	3	17188	1.7454037E-4	-1.0	40.0	TRUE	G	1.8419877E-4	14.0	3.2445797E-4	0.9932078	23.549128	0.22621685	0.026660046	37.0	0.0
SPIKE	S84:G>C	0	17188	0.0	-1.0	0.0	TRUE	G	2.3762652E-4	1.0	1.7376467E-4	0.99124634	16.012474	0.25511578	0.021728275	37.0	1.0
SPIKE	S84:G>T	0	17188	0.0	-1.0	0.0	TRUE	G	1.2599377E-4	3.0	1.5311188E-4	0.9953491	7.5137515	0.28825983	0.025005203	37.0	1.0
SPIKE	S85:A>G	0	17188	0.0	-1.0	0.0	TRUE	A	3.2335342E-4	2.0	3.0319553E-4	0.9881072	26.607859	0.20894144	0.025866447	37.0	1.0
SPIKE	S85:A>C	0	17188	0.0	-1.0	0.0	TRUE	A	4.463999E-4	1.0	1.01671496E-4	0.98361886	21.508509	0.3567659	0.030693676	37.0	1.0
SPIKE	S85:A>T	0	17188	0.0	-1.0	0.0	TRUE	A	1.0496792E-4	7.0	8.704351E-5	0.99612373	4.9170732	0.36695522	0.026982004	37.0	1.0
SPIKE	S86:T>A	0	17188	0.0	-1.0	0.0	TRUE	T	9.5021474E-5	3.0	1.1775136E-4	0.99649036	4.9170732	0.33219385	0.026593903	37.0	1.0
SPIKE	S86:T>G	0	17188	0.0	-1.0	0.0	TRUE	T	2.6239533E-4	3.0	1.525881E-4	0.9903383	21.508509	0.20971884	0.021723151	37.0	1.0
SPIKE	S86:T>C	0	17188	0.0	-1.0	0.0	TRUE	T	2.856904E-4	20.0	2.3198705E-4	0.98948514	26.607859	0.2455793	0.028979063	37.0	0.0
SPIKE	S87:T>A	0	17188	0.0	-1.0	0.0	TRUE	T	9.5021474E-5	2.0	1.1775136E-4	0.99649036	4.9170732	0.33219385	0.026593903	37.0	1.0
SPIKE	S87:T>G	0	17188	0.0	-1.0	0.0	TRUE	T	2.6239533E-4	1.0	1.525881E-4	0.9903383	21.508509	0.20971884	0.021723151	37.0	1.0
SPIKE	S87:T>C	0	17188	0.0	-1.0	0.0	TRUE	T	3.8008048E-4	7.0	2.3198705E-4	0.98603547	26.607859	0.2455793	0.028979063	37.0	1.0
SPIKE	S88:T>A	0	17188	0.0	-1.0	0.0	TRUE	T	9.5021474E-5	1.0	1.1775136E-4	0.99649036	4.9170732	0.33219385	0.026593903	37.0	1.0
SPIKE	S88:T>G	0	17188	0.0	-1.0	0.0	TRUE	T	2.6239533E-4	0.0	1.525881E-4	0.9903383	21.508509	0.20971884	0.021723151	37.0	1.0
SPIKE	S88:T>C	0	17188	0.0	-1.0	0.0	TRUE	T	3.8008048E-4	6.0	2.3198705E-4	0.98603547	26.607859	0.2455793	0.028979063	37.0	1.0
SPIKE	S89:A>G	0	17188	0.0	-1.0	0.0	TRUE	A	3.2335342E-4	4.0	3.0319553E-4	0.9881072	26.607859	0.20894144	0.025866447	37.0	1.0
SPIKE	S89:A>C	0	17188	0.0	-1.0	0.0	TRUE	A	4.463999E-4	0.0	1.01671496E-4	0.98361886	21.508509	0.3567659	0.030693676	37.0	1.0
SPIKE	S89:A>T	0	17188	0.0	-1.0	0.0	TRUE	A	1.0496792E-4	0.0	8.704351E-5	0.99612373	4.9170732	0.36695522	0.026982004	37.0	1.0
SPIKE	S90:T>A	0	17188	0.0	-1.0	0.0	TRUE	T	9.5021474E-5	0.0	1.1775136E-4	0.99649036	4.9170732	0.33219385	0.026593903	37.0	1.0
SPIKE	S90:T>G	0	17188	0.0	-1.0	0.0	TRUE	T	2.6239533E-4	1.0	1.525881E-4	0.9903383	21.508509	0.20971884	0.021723151	37.0	1.0
SPIKE	S90:T>C	0	17188	0.0	-1.0	0.0	TRUE	T	1.428452E-4	10.0	2.3198705E-4	0.9947287	26.607859	0.2455793	0.028979063	37.0	0.0
SPIKE	S91:C>A	1	17188	5.8180125E-5	-1.0	40.0	TRUE	C	1.6274759E-4	0.0	9.493002E-5	0.99399644	7.5137515	0.37232682	0.026944121	37.0	1.0
SPIKE	S91:C>G	0	17188	0.0	-1.0	0.0	TRUE	C	2.3229812E-4	0.0	2.0589349E-4	0.9914418	16.012474	0.24940321	0.020113124	37.0	1.0
SPIKE	S91:C>T	0	17188	0.0	-1.0	0.0	TRUE	C	1.9879355E-4	15.0	2.4787246E-4	0.9926716	23.549128	0.2278474	0.023419924	37.0	0.0
SPIKE	S92:G>A	0	17188	0.0	-1.0	0.0	TRUE	G	3.5524048E-4	27.0	3.2445797E-4	0.9869421	23.549128	0.22621685	0.026660046	37.0	0.0
SPIKE	S92:G>C	0	17188	0.0	-1.0	0.0	TRUE	G	2.3762652E-4	0.0	1.7376467E-4	0.99124634	16.012474	0.25511578	0.021728275	37.0	1.0
SPIKE	S92:G>T	0	17188	0.0	-1.0	0.0	TRUE	G	1.2599377E-4	0.0	1.5311188E-4	0.9953491	7.5137515	0.28825983	0.025005203	37.0	1.0
SPIKE	S93:T>A	0	17188	0.0	-1.0	0.0	TRUE	T	9.5021474E-5	0.0	1.1775136E-4	0.99649036	4.9170732	0.33219385	0.026593903	37.0	1.0
SPIKE	S93:T>G	0	17188	0.0	-1.0	0.0	TRUE	T	2.6239533E-4	0.0	1.525881E-4	0.9903383	21.508509	0.20971884	0.021723151	37.0	1.0
SPIKE	S93:T>C	0	17188	0.0	-1.0	0.0	TRUE	T	3.9996655E-4	28.0	2.3198705E-4	0.9853102	26.607859	0.2455793	0.028979063	37.0	0.0
SPIKE	S94:C>A	0	17188	0.0	-1.0	0.0	TRUE	C	1.6274759E-4	0.0	9.493002E-5	0.99399644	7.5137515	0.37232682	0.026944121	37.0	1.0
SPIKE	S94:C>G	0	17188	0.0	-1.0	0.0	TRUE	C	2.3229812E-4	0.0	2.0589349E-4	0.9914418	16.012474	0.24940321	0.020113124	37.0	1.0
SPIKE	S94:C>T	0	17188	0.0	-1.0	0.0	TRUE	C	3.1209434E-4	9.0	2.4787246E-4	0.98851895	23.549128	0.2278474	0.023419924	37.0	1.0
SPIKE	S95:G>A	1	17188	5.8180125E-5	4.2596874	40.0	TRUE	G	2.894552E-4	22.0	3.2445797E-4	0.9893473	23.549128	0.22621685	0.026660046	37.0	0.0
SPIKE	S95:G>C	0	17188	0.0	-1.0	0.0	TRUE	G	2.3762652E-4	0.0	1.7376467E-4	0.99124634	16.012474	0.25511578	0.021728275	37.0	1.0
SPIKE	S95:G>T	0	17188	0.0	-1.0	0.0	TRUE	G	1.2599377E-4	0.0	1.5311188E-4	0.9953491	7.5137515	0.28825983	0.025005203	37.0	1.0
SPIKE	S96:T>A	0	17188	0.0	-1.0	0.0	TRUE	T	9.5021474E-5	1.0	1.1775136E-4	0.99649036	4.9170732	0.33219385	0.026593903	37.0	1.0
SPIKE	S96:T>G	0	17188	0.0	-1.0	0.0	TRUE	T	2.6239533E-4	3.0	1.525881E-4	0.9903383	21.508509	0.20971884	0.021723151	37.0	1.0
SPIKE	S96:T>C	0	17188	0.0	-1.0	0.0	TRUE	T	6.5708795E-4	46.0	2.3198705E-4	0.97598094	26.607859	0.2455793	0.028979063	37.0	0.0
SPIKE	S97:C>A	0	17188	0.0	-1.0	0.0	TRUE	C	1.6274759E-4	0.0	9.493002E-5	0.99399644	7.5137515	0.37232682	0.026944121	37.0	1.0
SPIKE	S97:C>G	0	17188	0.0	-1.0	0.0	TRUE	C	2.3229812E-4	0.0	2.0589349E-4	0.9914418	16.012474	0.24940321	0.020113124	37.0	1.0
SPIKE	S97:C>T	0	17188	0.0	-1.0	0.0	TRUE	C	3.1209434E-4	4.0	2.4787246E-4	0.98851895	23.549128	0.2278474	0.023419924	37.0	1.0
SPIKE	S98:A>G	0	17188	0.0	-1.0	0.0	TRUE	A	2.6735617E-4	22.0	3.0319553E-4	0.9901566	26.607859	0.20894144	0.025866447	37.0	0.0
SPIKE	S98:A>C	0	17188	0.0	-1.0	0.0	TRUE	A	4.463999E-4	2.0	1.01671496E-4	0.98361886	21.508509	0.3567659	0.030693676	37.0	1.0
SPIKE	S98:A>T	0	17188	0.0	-1.0	0.0	TRUE	A	1.0496792E-4	0.0	8.704351E-5	0.99612373	4.9170732	0.36695522	0.026982004	37.0	1.0
SPIKE	S99:T>A	0	17188	0.0	-1.0	0.0	TRUE	T	9.5021474E-5	0.0	1.1775136E-4	0.99649036	4.9170732	0.33219385	0.026593903	37.0	1.0
SPIKE	S99:T>G	0	17188	0.0	-1.0	0.0	TRUE	T	2.6239533E-4	0.0	1.525881E-4	0.9903383	21.508509	0.20971884	0.021723151	37.0	1.0
SPIKE	S99:T>C	0	17188	0.0	-1.0	0.0	TRUE	T	1.428452E-4	10.0	2.3198705E-4	0.9947287	26.607859	0.2455793	0.028979063	37.0	0.0
SPIKE	S100:C>A	0	17188	0.0	-1.0	0.0	TRUE	C	1.6274759E-4	0.0	9.493002E-5	0.99399644	7.5137515	0.37232682	0.026944121	37.0	1.0
SPIKE	S100:C>G	0	17188	0.0	-1.0	0.0	TRUE	C	2.3229812E-4	0.0	2.0589349E-4	0.9914418	16.012474	0.24940321	0.020113124	37.0	1.0
SPIKE	S100:C>T	0	17188	0.0	-1.0	0.0	TRUE	C	2.6505807E-4	20.0	2.4787246E-4	0.9902408	23.549128	0.2278474	0.023419924	37.0	0.0
SPIKE	S101:G>A	0	17188	0.0	-1.0	0.0	TRUE	G	2.3682699E-4	18.0	3.2445797E-4	0.99127567	23.549128	0.22621685	0.026660046	37.0	0.0
SPIKE	S101:G>C	0	17188	0.0	-1.0	0.0	TRUE	G	2.3762652E-4	0.0	1.7376467E-4	0.99124634	16.012474	0.25511578	0.021728275	37.0	1.0
SPIKE	S101:G>T	0	17188	0.0	-1.0	0.0	TRUE	G	1.2599377E-4	0.0	1.5311188E-4	0.9953491	7.5137515	0.28825983	0.025005203	37.0	1.0
SPIKE	S102:T>A	0	17188	0.0	-1.0	0.0	TRUE	T	9.5021474E-5	0.0	1.1775136E-4	0.99649036	4.9170732	0.33219385	0.026593903	37.0	1.0
SPIKE	S102:T>G	0	17188	0.0	-1.0	0.0	TRUE	T	2.6239533E-4	3.0	1.525881E-4	0.9903383	21.508509	0.20971884	0.021723151	37.0	1.0
SPIKE	S102:T>C	0	17188	0.0	-1.0	0.0	TRUE	T	2.4283685E-4	17.0	2.3198705E-4	0.9910553	26.607859	0.2455793	0.028979063	37.0	0.0
SPIKE	S103:G>A	0	17188	0.0	-1.0	0.0	TRUE	G	3.0983717E-4	3.0	3.2445797E-4	0.9886015	23.549128	0.22621685	0.026660046	37.0	1.0
SPIKE	S103:G>C	0	17188	0.0	-1.0	0.0	TRUE	G	2.3762652E-4	0.0	1.7376467E-4	0.99124634	16.012474	0.25511578	0.021728275	37.0	1.0
SPIKE	S103:G>T	0	17188	0.0	-1.0	0.0	TRUE	G	1.2599377E-4	1.0	1.5311188E-4	0.9953491	7.5137515	0.28825983	0.025005203	37.0	1.0
SPIKE	S104:G>A	0	17188	0.0	-1.0	0.0	TRUE	G	3.9471165E-4	30.0	3.2445797E-4	0.98550177	23.549128	0.22621685	0.026660046	37.0	0.0
SPIKE	S104:G>C	0	17188	0.0	-1.0	0.0	TRUE	G	2.3762652E-4	0.0	1.7376467E-4	0.99124634	16.012474	0.25511578	0.021728275	37.0	1.0
SPIKE	S104:G>T	0	17188	0.0	-1.0	0.0	TRUE	G	1.2599377E-4	1.0	1.5311188E-4	0.9953491	7.5137515	0.28825983	0.025005203	37.0	1.0
SPIKE	S105:C>A	0	17188	0.0	-1.0	0.0	TRUE	C	1.6274759E-4	0.0	9.493002E-5	0.99399644	7.5137515	0.37232682	0.026944121	37.0	1.0
SPIKE	S105:C>G	0	17188	0.0	-1.0	0.0	TRUE	C	2.3229812E-4	2.0	2.0589349E-4	0.9914418	16.012474	0.24940321	0.020113124	37.0	1.0
SPIKE	S105:C>T	0	17188	0.0	-1.0	0.0	TRUE	C	3.1806968E-4	24.0	2.4787246E-4	0.9883004	23.549128	0.2278474	0.023419924	37.0	0.0
SPIKE	S106:G>A	0	17188	0.0	-1.0	0.0	TRUE	G	2.3682699E-4	18.0	3.2445797E-4	0.99127567	23.549128	0.22621685	0.026660046	37.0	0.0
SPIKE	S106:G>C	0	17188	0.0	-1.0	0.0	TRUE	G	2.3762652E-4	0.0	1.7376467E-4	0.99124634	16.012474	0.25511578	0.021728275	37.0	1.0
SPIKE	S106:G>T	0	17188	0.0	-1.0	0.0	TRUE	G	1.2599377E-4	1.0	1.5311188E-4	0.9953491	7.5137515	0.28825983	0.025005203	37.0	1.0
SPIKE	S107:G>A	0	17188	0.0	-1.0	0.0	TRUE	G	2.894552E-4	22.0	3.2445797E-4	0.9893473	23.549128	0.22621685	0.026660046	37.0	0.0
SPIKE	S107:G>C	0	17188	0.0	-1.0	0.0	TRUE	G	2.3762652E-4	0.0	1.7376467E-4	0.99124634	16.012474	0.25511578	0.021728275	37.0	1.0
SPIKE	S107:G>T	0	17188	0.0	-1.0	0.0	TRUE	G	1.2599377E-4	1.0	1.5311188E-4	0.9953491	7.5137515	0.28825983	0.025005203	37.0	1.0
SPIKE	S108:C>A	0	17188	0.0	-1.0	0.0	TRUE	C	1.6274759E-4	0.0	9.493002E-5	0.99399644	7.5137515	0.37232682	0.026944121	37.0	1.0
SPIKE	S108:C>G	0	17188	0.0	-1.0	0.0	TRUE	C	2.3229812E-4	0.0	2.0589349E-4	0.9914418	16.012474	0.24940321	0.020113124	37.0	1.0
SPIKE	S108:C>T	0	17188	0.0	-1.0	0.0	TRUE	C	2.915639E-4	22.0	2.4787246E-4	0.9892701	23.549128	0.2278474	0.023419924	37.0	0.0
SPIKE	S109:A>G	0	17188	0.0	-1.0	0.0	TRUE	A	3.2335342E-4	7.0	3.0319553E-4	0.9881072	26.607859	0.20894144	0.025866447	37.0	1.0
SPIKE	S109:A>C	0	17188	0.0	-1.0	0.0	TRUE	A	4.463999E-4	0.0	1.01671496E-4	0.98361886	21.508509	0.3567659	0.030693676	37.0	1.0
SPIKE	S109:A>T	0	17188	0.0	-1.0	0.0	TRUE	A	1.0496792E-4	0.0	8.704351E-5	0.99612373	4.9170732	0.36695522	0.026982004	37.0	1.0
SPIKE	S110:G>A	0	17188	0.0	-1.0	0.0	TRUE	G	3.157693E-4	24.0	3.2445797E-4	0.98838454	23.549128	0.22621685	0.026660046	37.0	0.0
SPIKE	S110:G>C	0	17188	0.0	-1.0	0.0	TRUE	G	2.3762652E-4	0.0	1.7376467E-4	0.99124634	16.012474	0.25511578	0.021728275	37.0	1.0
SPIKE	S110:G>T	0	17188	0.0	-1.0	0.0	TRUE	G	1.2599377E-4	1.0	1.5311188E-4	0.9953491	7.5137515	0.28825983	0.025005203	37.0	1.0
SPIKE	S111:C>T	1	17188	5.8180125E-5	-1.0	40.0	TRUE	C	2.3855227E-4	18.0	2.4787246E-4	0.9912124	23.549128	0.2278474	0.023419924	37.0	0.0
SPIKE	S111:C>A	0	17188	0.0	-1.0	0.0	TRUE	C	1.6274759E-4	0.0	9.493002E-5	0.99399644	7.5137515	0.37232682	0.026944121	37.0	1.0
SPIKE	S111:C>G	0	17188	0.0	-1.0	0.0	TRUE	C	2.3229812E-4	1.0	2.0589349E-4	0.9914418	16.012474	0.24940321	0.020113124	37.0	1.0
SPIKE	S112:G>A	1	17188	5.8180125E-5	-1.0	38.0	TRUE	G	1.7104171E-4	13.0	3.2445797E-4	0.99369144	23.549128	0.22621685	0.026660046	37.0	0.0
SPIKE	S112:G>C	0	17188	0.0	-1.0	0.0	TRUE	G	2.3762652E-4	0.0	1.7376467E-4	0.99124634	16.012474	0.25511578	0.021728275	37.0	1.0
SPIKE	S112:G>T	0	17188	0.0	-1.0	0.0	TRUE	G	1.2599377E-4	0.0	1.5311188E-4	0.9953491	7.5137515	0.28825983	0.025005203	37.0	1.0
SPIKE	S113:T>A	0	17188	0.0	-1.0	0.0	TRUE	T	9.5021474E-5	1.0	1.1775136E-4	0.99649036	4.9170732	0.33219385	0.026593903	37.0	1.0
SPIKE	S113:T>G	0	17188	0.0	-1.0	0.0	TRUE	T	2.6239533E-4	5.0	1.525881E-4	0.9903383	21.508509	0.20971884	0.021723151	37.0	1.0
SPIKE	S113:T>C	0	17188	0.0	-1.0	0.0	TRUE	T	5.713808E-4	40.0	2.3198705E-4	0.9790808	26.607859	0.2455793	0.028979063	37.0	0.0
SPIKE	S114:G>A	0	17188	0.0	-1.0	0.0	TRUE	G	1.447276E-4	11.0	3.2445797E-4	0.99465936	23.549128	0.22621685	0.026660046	37.0	0.0
SPIKE	S114:G>C	0	17188	0.0	-1.0	0.0	TRUE	G	2.3762652E-4	1.0	1.7376467E-4	0.99124634	16.012474	0.25511578	0.021728275	37.0	1.0
SPIKE	S114:G>T	0	17188	0.0	-1.0	0.0	TRUE	G	1.2599377E-4	0.0	1.5311188E-4	0.9953491	7.5137515	0.28825983	0.025005203	37.0	1.0
SPIKE	S115:A>G	0	17188	0.0	-1.0	0.0	TRUE	A	3.2811894E-4	27.0	3.0319553E-4	0.987933	26.607859	0.20894144	0.025866447	37.0	0.0
SPIKE	S115:A>C	0	17188	0.0	-1.0	0.0	TRUE	A	4.463999E-4	0.0	1.01671496E-4	0.98361886	21.508509	0.3567659	0.030693676	37.0	1.0
SPIKE	S115:A>T	0	17188	0.0	-1.0	0.0	TRUE	A	1.0496792E-4	1.0	8.704351E-5	0.99612373	4.9170732	0.36695522	0.026982004	37.0	1.0
SPIKE	S116:C>A	0	17188	0.0	-1.0	0.0	TRUE	C	1.6274759E-4	1.0	9.493002E-5	0.99399644	7.5137515	0.37232682	0.026944121	37.0	1.0
SPIKE	S116:C>G	0	17188	0.0	-1.0	0.0	TRUE	C	2.3229812E-4	0.0	2.0589349E-4	0.9914418	16.012474	0.24940321	0.020113124	37.0	1.0
SPIKE	S116:C>T	0	17188	0.0	-1.0	0.0	TRUE	C	3.1209434E-4	5.0	2.4787246E-4	0.98851895	23.549128	0.2278474	0.023419924	37.0	1.0
SPIKE	S117:C>A	0	17188	0.0	-1.0	0.0	TRUE	C	1.6274759E-4	0.0	9.493002E-5	0.99399644	7.5137515	0.37232682	0.026944121	37.0	1.0
SPIKE	S117:C>G	0	17188	0.0	-1.0	0.0	TRUE	C	2.3229812E-4	0.0	2.0589349E-4	0.9914418	16.012474	0.24940321	0.020113124	37.0	1.0
SPIKE	S117:C>T	0	17188	0.0	-1.0	0.0	TRUE	C	3.1209434E-4	9.0	2.4787246E-4	0.98851895	23.549128	0.2278474	0.023419924	37.0	1.0
SPIKE	S118:T>A	0	17188	0.0	-1.0	0.0	TRUE	T	9.5021474E-5	4.0	1.1775136E-4	0.99649036	4.9170732	0.33219385	0.026593903	37.0	1.0
SPIKE	S118:T>G	0	17188	0.0	-1.0	0.0	TRUE	T	2.6239533E-4	2.0	1.525881E-4	0.9903383	21.508509	0.20971884	0.021723151	37.0	1.0
SPIKE	S118:T>C	0	17188	0.0	-1.0	0.0	TRUE	T	3.1425944E-4	22.0	2.3198705E-4	0.98843974	26.607859	0.2455793	0.028979063	37.0	0.0
SPIKE	S119:A>G	1	17188	5.8180125E-5	4.2596874	40.0	TRUE	A	3.0381384E-4	25.0	3.0319553E-4	0.9888218	26.607859	0.20894144	0.025866447	37.0	0.0
SPIKE	S119:A>C	0	17188	0.0	-1.0	0.0	TRUE	A	4.463999E-4	1.0	1.01671496E-4	0.98361886	21.508509	0.3567659	0.030693676	37.0	1.0
SPIKE	S119:A>T	0	17188	0.0	-1.0	0.0	TRUE	A	1.0496792E-4	1.0	8.704351E-5	0.99612373	4.9170732	0.36695522	0.026982004	37.0	1.0
SPIKE	S120:T>A	0	17188	0.0	-1.0	0.0	TRUE	T	9.5021474E-5	0.0	1.1775136E-4	0.99649036	4.9170732	0.33219385	0.026593903	37.0	1.0
SPIKE	S120:T>G	0	17188	0.0	-1.0	0.0	TRUE	T	2.6239533E-4	5.0	1.525881E-4	0.9903383	21.508509	0.20971884	0.021723151	37.0	1.0
SPIKE	S120:T>C	0	17188	0.0	-1.0	0.0	TRUE	T	2.856904E-4	20.0	2.3198705E-4	0.98948514	26.607859	0.2455793	0.028979063	37.0	0.0
SPIKE	S121:G>A	1	17188	5.8180125E-5	-1.0	40.0	TRUE	G	1.5788466E-4	12.0	3.2445797E-4	0.9941753	23.549128	0.22621685	0.026660046	37.0	0.0
SPIKE	S121:G>C	0	17188	0.0	-1.0	0.0	TRUE	G	2.3762652E-4	0.0	1.7376467E-4	0.99124634	16.012474	0.25511578	0.021728275	37.0	1.0
SPIKE	S121:G>T	0	17188	0.0	-1.0	0.0	TRUE	G	1.2599377E-4	1.0	1.5311188E-4	0.9953491	7.5137515	0.28825983	0.025005203	37.0	1.0
SPIKE	S122:T>A	0	17188	0.0	-1.0	0.0	TRUE	T	9.5021474E-5	0.0	1.1775136E-4	0.99649036	4.9170732	0.33219385	0.026593903	37.0	1.0
SPIKE	S122:T>G	0	17188	0.0	-1.0	0.0	TRUE	T	2.6239533E-4	4.0	1.525881E-4	0.9903383	21.508509	0.20971884	0.021723151	37.0	1.0
SPIKE	S122:T>C	0	17188	0.0	-1.0	0.0	TRUE	T	6.5708795E-4	46.0	2.3198705E-4	0.97598094	26.607859	0.2455793	0.028979063	37.0	0.0
SPIKE	S123:G>A	0	17188	0.0	-1.0	0.0	TRUE	G	3.0983717E-4	7.0	3.2445797E-4	0.9886015	23.549128	0.22621685	0.026660046	37.0	1.0
SPIKE	S123:G>C	0	17188	0.0	-1.0	0.0	TRUE	G	2.3762652E-4	1.0	1.7376467E-4	0.99124634	16.012474	0.25511578	0.021728275	37.0	1.0
SPIKE	S123:G>T	0	17188	0.0	-1.0	0.0	TRUE	G	1.2599377E-4	0.0	1.5311188E-4	0.9953491	7.5137515	0.28825983	0.025005203	37.0	1.0
SPIKE	S124:T>A	0	17188	0.0	-1.0	0.0	TRUE	T	9.5021474E-5	0.0	1.1775136E-4	0.99649036	4.9170732	0.33219385	0.026593903	37.0	1.0
SPIKE	S124:T>G	0	17188	0.0	-1.0	0.0	TRUE	T	2.6239533E-4	1.0	1.525881E-4	0.9903383	21.508509	0.20971884	0.021723151	37.0	1.0
SPIKE	S124:T>C	0	17188	0.0	-1.0	0.0	TRUE	T	4.4282014E-4	31.0	2.3198705E-4	0.98374915	26.607859	0.2455793	0.028979063	37.0	0.0
SPIKE	S125:G>A	0	17188	0.0	-1.0	0.0	TRUE	G	1.9735582E-4	15.0	3.2445797E-4	0.9927244	23.549128	0.22621685	0.026660046	37.0	0.0
SPIKE	S125:G>C	0	17188	0.0	-1.0	0.0	TRUE	G	2.3762652E-4	0.0	1.7376467E-4	0.99124634	16.012474	0.25511578	0.021728275	37.0	1.0
SPIKE	S125:G>T	0	17188	0.0	-1.0	0.0	TRUE	G	1.2599377E-4	0.0	1.5311188E-4	0.9953491	7.5137515	0.28825983	0.025005203	37.0	1.0
SPIKE	S126:C>T	1	17188	5.8180125E-5	-1.0	40.0	TRUE	C	2.5180518E-4	19.0	2.4787246E-4	0.9907265	23.549128	0.2278474	0.023419924	37.0	0.0
SPIKE	S126:C>A	0	17188	0.0	-1.0	0.0	TRUE	C	1.6274759E-4	0.0	9.493002E-5	0.99399644	7.5137515	0.37232682	0.026944121	37.0	1.0
SPIKE	S126:C>G	0	17188	0.0	-1.0	0.0	TRUE	C	2.3229812E-4	2.0	2.0589349E-4	0.9914418	16.012474	0.24940321	0.020113124	37.0	1.0
SPIKE	S127:G>A	1	17188	5.8180125E-5	-1.0	40.0	TRUE	G	1.9735582E-4	15.0	3.2445797E-4	0.9927244	23.549128	0.22621685	0.026660046	37.0	0.0
SPIKE	S127:G>C	0	17188	0.0	-1.0	0.0	TRUE	G	2.3762652E-4	2.0	1.7376467E-4	0.99124634	16.012474	0.25511578	0.021728275	37.0	1.0
SPIKE	S127:G>T	0	17188	0.0	-1.0	0.0	TRUE	G	1.2599377E-4	0.0	1.5311188E-4	0.9953491	7.5137515	0.28825983	0.025005203	37.0	1.0
SPIKE	S128:G>A	0	17188	0.0	-1.0	0.0	TRUE	G	2.1051288E-4	16.0	3.2445797E-4	0.99224126	23.549128	0.22621685	0.026660046	37.0	0.0
SPIKE	S128:G>C	0	17188	0.0	-1.0	0.0	TRUE	G	2.3762652E-4	0.0	1.7376467E-4	0.99124634	16.012474	0.25511578	0.021728275	37.0	1.0
SPIKE	S128:G>T	0	17188	0.0	-1.0	0.0	TRUE	G	1.2599377E-4	1.0	1.5311188E-4	0.9953491	7.5137515	0.28825983	0.025005203	37.0	1.0
SPIKE	S129:C>T	2	17188	1.1636025E-4	-1.0	36.5	TRUE	C	2.3855227E-4	18.0	2.4787246E-4	0.9912124	23.549128	0.2278474	0.023419924	37.0	0.0
SPIKE	S129:C>A	0	17188	0.0	-1.0	0.0	TRUE	C	1.6274759E-4	0.0	9.493002E-5	0.99399644	7.5137515	0.37232682	0.026944121	37.0	1.0
SPIKE	S129:C>G	0	17188	0.0	-1.0	0.0	TRUE	C	2.3229812E-4	2.0	2.0589349E-4	0.9914418	16.012474	0.24940321	0.020113124	37.0	1.0
SPIKE	S130:G>A	2	17188	1.1636025E-4	-1.0	38.0	TRUE	G	2.3682699E-4	18.0	3.2445797E-4	0.99127567	23.549128	0.22621685	0.026660046	37.0	0.0
SPIKE	S130:G>C	0	17188	0.0	-1.0	0.0	TRUE	G	2.3762652E-4	2.0	1.7376467E-4	0.99124634	16.012474	0.25511578	0.021728275	37.0	1.0
SPIKE	S130:G>T	0	17188	0.0	-1.0	0.0	TRUE	G	1.2599377E-4	1.0	1.5311188E-4	0.9953491	7.5137515	0.28825983	0.025005203	37.0	1.0
SPIKE	S131:G>A	1	17188	5.8180125E-5	4.2596874	40.0	TRUE	G	2.631411E-4	20.0	3.2445797E-4	0.990311	23.549128	0.22621685	0.026660046	37.0	0.0
SPIKE	S131:G>C	0	17188	0.0	-1.0	0.0	TRUE	G	2.3762652E-4	0.0	1.7376467E-4	0.99124634	16.012474	0.25511578	0.021728275	37.0	1.0
SPIKE	S131:G>T	0	17188	0.0	-1.0	0.0	TRUE	G	1.2599377E-4	0.0	1.5311188E-4	0.9953491	7.5137515	0.28825983	0.025005203	37.0	1.0
SPIKE	S132:C>A	0	17188	0.0	-1.0	0.0	TRUE	C	1.6274759E-4	0.0	9.493002E-5	0.99399644	7.5137515	0.37232682	0.026944121	37.0	1.0
SPIKE	S132:C>G	0	17188	0.0	-1.0	0.0	TRUE	C	2.3229812E-4	2.0	2.0589349E-4	0.9914418	16.012474	0.24940321	0.020113124	37.0	1.0
SPIKE	S132:C>T	0	17188	0.0	-1.0	0.0	TRUE	C	1.9879355E-4	15.0	2.4787246E-4	0.9926716	23.549128	0.2278474	0.023419924	37.0	0.0
SPIKE	S133:A>G	0	17188	0.0	-1.0	0.0	TRUE	A	3.2335342E-4	1.0	3.0319553E-4	0.9881072	26.607859	0.20894144	0.025866447	37.0	1.0
SPIKE	S133:A>C	0	17188	0.0	-1.0	0.0	TRUE	A	4.463999E-4	9.0	1.01671496E-4	0.98361886	21.508509	0.3567659	0.030693676	37.0	1.0
SPIKE	S133:A>T	0	17188	0.0	-1.0	0.0	TRUE	A	1.0496792E-4	0.0	8.704351E-5	0.99612373	4.9170732	0.36695522	0.026982004	37.0	1.0
SPIKE	S134:G>A	0	17188	0.0	-1.0	0.0	TRUE	G	2.7629815E-4	21.0	3.2445797E-4	0.98982906	23.549128	0.22621685	0.026660046	37.0	0.0
SPIKE	S134:G>C	0	17188	0.0	-1.0	0.0	TRUE	G	2.3762652E-4	3.0	1.7376467E-4	0.99124634	16.012474	0.25511578	0.021728275	37.0	1.0
SPIKE	S134:G>T	0	17188	0.0	-1.0	0.0	TRUE	G	1.2599377E-4	6.0	1.5311188E-4	0.9953491	7.5137515	0.28825983	0.025005203	37.0	1.0
SPIKE	S135:C>A	0	17188	0.0	-1.0	0.0	TRUE	C	1.6274759E-4	2.0	9.493002E-5	0.99399644	7.5137515	0.37232682	0.026944121	37.0	1.0
SPIKE	S135:C>G	0	17188	0.0	-1.0	0.0	TRUE	C	2.3229812E-4	6.0	2.0589349E-4	0.9914418	16.012474	0.24940321	0.020113124	37.0	1.0
SPIKE	S135:C>T	0	17188	0.0	-1.0	0.0	TRUE	C	2.1204646E-4	16.0	2.4787246E-4	0.992185	23.549128	0.2278474	0.023419924	37.0	0.0
SPIKE	S136:C>A	0	17188	0.0	-1.0	0.0	TRUE	C	1.6274759E-4	6.0	9.493002E-5	0.99399644	7.5137515	0.37232682	0.026944121	37.0	1.0
SPIKE	S136:C>G	0	17188	0.0	-1.0	0.0	TRUE	C	2.3229812E-4	2.0	2.0589349E-4	0.9914418	16.012474	0.24940321	0.020113124	37.0	1.0
SPIKE	S136:C>T	0	17188	0.0	-1.0	0.0	TRUE	C	3.1806968E-4	24.0	2.4787246E-4	0.9883004	23.549128	0.2278474	0.023419924	37.0	0.0
SPIKE	S137:T>A	0	17188	0.0	-1.0	0.0	TRUE	T	9.5021474E-5	2.0	1.1775136E-4	0.99649036	4.9170732	0.33219385	0.026593903	37.0	1.0
SPIKE	S137:T>G	0	17188	0.0	-1.0	0.0	TRUE	T	1.9519372E-4	16.0	1.525881E-4	0.9928039	21.508509	0.20971884	0.021723151	37.0	0.0
SPIKE	S137:T>C	0	17188	0.0	-1.0	0.0	TRUE	T	3.8008048E-4	5.0	2.3198705E-4	0.98603547	26.607859	0.2455793	0.028979063	37.0	1.0
SPIKE	S138:G>A	0	17188	0.0	-1.0	0.0	TRUE	G	5.3943926E-4	41.0	3.2445797E-4	0.9802386	23.549128	0.22621685	0.026660046	37.0	0.0
SPIKE	S138:G>C	0	17188	0.0	-1.0	0.0	TRUE	G	2.3762652E-4	0.0	1.7376467E-4	0.99124634	16.012474	0.25511578	0.021728275	37.0	1.0
SPIKE	S138:G>T	0	17188	0.0	-1.0	0.0	TRUE	G	2.8506323E-4	17.0	1.5311188E-4	0.9895081	7.5137515	0.28825983	0.025005203	37.0	0.0
SPIKE	S139:A>G	0	17188	0.0	-1.0	0.0	TRUE	A	1.3367808E-4	11.0	3.0319553E-4	0.9950661	26.607859	0.20894144	0.025866447	37.0	0.0
SPIKE	S139:A>C	0	17188	0.0	-1.0	0.0	TRUE	A	4.463999E-4	0.0	1.01671496E-4	0.98361886	21.508509	0.3567659	0.030693676	37.0	1.0
SPIKE	S139:A>T	0	17188	0.0	-1.0	0.0	TRUE	A	0.0011527727	54.0	8.704351E-5	0.95824426	4.9170732	0.36695522	0.026982004	37.0	0.0
SPIKE	S140:T>A	0	17188	0.0	-1.0	0.0	TRUE	T	3.8649607E-4	20.0	1.1775136E-4	0.9858014	4.9170732	0.33219385	0.026593903	37.0	0.0
SPIKE	S140:T>G	0	17188	0.0	-1.0	0.0	TRUE	T	2.6239533E-4	9.0	1.525881E-4	0.9903383	21.508509	0.20971884	0.021723151	37.0	1.0
SPIKE	S140:T>C	0	17188	0.0	-1.0	0.0	TRUE	T	3.8008048E-4	3.0	2.3198705E-4	0.98603547	26.607859	0.2455793	0.028979063	37.0	1.0
SPIKE	S141:T>A	0	17188	0.0	-1.0	0.0	TRUE	T	0.0019518052	101.0	1.1775136E-4	0.9303292	4.9170732	0.33219385	0.026593903	37.0	0.0
SPIKE	S141:T>G	0	17188	0.0	-1.0	0.0	TRUE	T	2.6239533E-4	8.0	1.525881E-4	0.9903383	21.508509	0.20971884	0.021723151	37.0	1.0
SPIKE	S141:T>C	0	17188	0.0	-1.0	0.0	TRUE	T	2.142678E-4	15.0	2.3198705E-4	0.99210346	26.607859	0.2455793	0.028979063	37.0	0.0
SPIKE	S142:A>G	0	17188	0.0	-1.0	0.0	TRUE	A	0.0017742729	146.0	3.0319553E-4	0.9364604	26.607859	0.20894144	0.025866447	37.0	0.0
SPIKE	S142:A>C	0	17188	0.0	-1.0	0.0	TRUE	A	6.641464E-4	32.0	1.01671496E-4	0.97572607	21.508509	0.3567659	0.030693676	37.0	0.0
SPIKE	S142:A>T	0	17188	0.0	-1.0	0.0	TRUE	A	4.483005E-4	21.0	8.704351E-5	0.9835497	4.9170732	0.36695522	0.026982004	37.0	0.0
SPIKE	S143:G>A	0	17188	0.0	-1.0	0.0	TRUE	G	4.078687E-4	31.0	3.2445797E-4	0.9850222	23.549128	0.22621685	0.026660046	37.0	0.0
SPIKE	S143:G>C	0	17188	0.0	-1.0	0.0	TRUE	G	0.0033983802	229.0	1.7376467E-4	0.88184404	16.012474	0.25511578	0.021728275	37.0	0.0
SPIKE	S143:G>T	0	17188	0.0	-1.0	0.0	TRUE	G	1.2599377E-4	1.0	1.5311188E-4	0.9953491	7.5137515	0.28825983	0.025005203	37.0	1.0
SPIKE	S144:C>A	0	17188	0.0	-1.0	0.0	TRUE	C	1.6274759E-4	0.0	9.493002E-5	0.99399644	7.5137515	0.37232682	0.026944121	37.0	1.0
SPIKE	S144:C>G	0	17188	0.0	-1.0	0.0	TRUE	C	5.367709E-4	37.0	2.0589349E-4	0.9803354	16.012474	0.24940321	0.020113124	37.0	0.0
SPIKE	S144:C>T	0	17188	0.0	-1.0	0.0	TRUE	C	2.915639E-4	22.0	2.4787246E-4	0.9892701	23.549128	0.2278474	0.023419924	37.0	0.0
SPIKE	S145:C>A	0	17188	0.0	-1.0	0.0	TRUE	C	1.6274759E-4	1.0	9.493002E-5	0.99399644	7.5137515	0.37232682	0.026944121	37.0	1.0
SPIKE	S145:C>G	0	17188	0.0	-1.0	0.0	TRUE	C	4.3521967E-4	30.0	2.0589349E-4	0.98402584	16.012474	0.24940321	0.020113124	37.0	0.0
SPIKE	S145:C>T	0	17188	0.0	-1.0	0.0	TRUE	C	3.7108132E-4	28.0	2.4787246E-4	0.9863638	23.549128	0.2278474	0.023419924	37.0	0.0
SPIKE	S146:C>A	0	17188	0.0	-1.0	0.0	TRUE	C	1.6274759E-4	0.0	9.493002E-5	0.99399644	7.5137515	0.37232682	0.026944121	37.0	1.0
SPIKE	S146:C>G	0	17188	0.0	-1.0	0.0	TRUE	C	0.0043521966	300.0	2.0589349E-4	0.85126543	16.012474	0.24940321	0.020113124	37.0	0.0
SPIKE	S146:C>T	0	17188	0.0	-1.0	0.0	TRUE	C	4.7710454E-4	36.0	2.4787246E-4	0.98250204	23.549128	0.2278474	0.023419924	37.0	0.0
SPIKE	S147:G>A	0	17188	0.0	-1.0	0.0	TRUE	G	2.1051288E-4	16.0	3.2445797E-4	0.99224126	23.549128	0.22621685	0.026660046	37.0	0.0
SPIKE	S147:G>C	0	17188	0.0	-1.0	0.0	TRUE	G	9.646058E-4	65.0	1.7376467E-4	0.964939	16.012474	0.25511578	0.021728275	37.0	0.0
SPIKE	S147:G>T	0	17188	0.0	-1.0	0.0	TRUE	G	0.0055000433	328.0	1.5311188E-4	0.8158689	7.5137515	0.28825983	0.025005203	37.0	0.0
SPIKE	S148:T>A	0	17188	0.0	-1.0	0.0	TRUE	T	9.5021474E-5	1.0	1.1775136E-4	0.99649036	4.9170732	0.33219385	0.026593903	37.0	1.0
SPIKE	S148:T>G	0	17188	0.0	-1.0	0.0	TRUE	T	0.0067463825	553.0	1.525881E-4	0.77909976	21.508509	0.20971884	0.021723151	37.0	0.0
SPIKE	S148:T>C	0	17188	0.0	-1.0	0.0	TRUE	T	3.2854397E-4	23.0	2.3198705E-4	0.9879175	26.607859	0.2455793	0.028979063	37.0	0.0
SPIKE	S149:G>A	0	17188	0.0	-1.0	0.0	TRUE	G	1.7104171E-4	13.0	3.2445797E-4	0.99369144	23.549128	0.22621685	0.026660046	37.0	0.0
SPIKE	S149:G>C	0	17188	0.0	-1.0	0.0	TRUE	G	0.005194031	350.0	1.7376467E-4	0.825159	16.012474	0.25511578	0.021728275	37.0	0.0
SPIKE	S149:G>T	0	17188	0.0	-1.0	0.0	TRUE	G	0.0017942215	107.0	1.5311188E-4	0.9357694	7.5137515	0.28825983	0.025005203	37.0	0.0
SPIKE	S150:C>A	0	17188	0.0	-1.0	0.0	TRUE	C	1.6274759E-4	1.0	9.493002E-5	0.99399644	7.5137515	0.37232682	0.026944121	37.0	1.0
SPIKE	S150:C>G	0	17188	0.0	-1.0	0.0	TRUE	C	0.0023066641	159.0	2.0589349E-4	0.918194	16.012474	0.24940321	0.020113124	37.0	0.0
SPIKE	S150:C>T	0	17188	0.0	-1.0	0.0	TRUE	C	0.00606983	458.0	2.4787246E-4	0.7988487	23.549128	0.2278474	0.023419924	37.0	0.0
SPIKE	S151:T>A	0	17187	0.0	-1.0	0.0	TRUE	T	9.5021474E-5	0.0	1.1775136E-4	0.99649036	4.916787	0.33219385	0.026593903	37.0	1.0
SPIKE	S151:T>G	0	17187	0.0	-1.0	0.0	TRUE	T	0.0072347876	593.0	1.525881E-4	0.76514715	21.507256	0.20971884	0.021723151	37.0	0.0
SPIKE	S151:T>C	0	17187	0.0	-1.0	0.0	TRUE	T	0.0012142549	85.0	2.3198705E-4	0.95606685	26.60631	0.2455793	0.028979063	37.0	0.0
SPIKE	S152:G>A	0	17185	0.0	-1.0	0.0	TRUE	G	1.7107157E-4	13.0	3.2445797E-4	0.9936904	23.545017	0.22621685	0.026660046	37.0	0.0
SPIKE	S152:G>C	0	17185	0.0	-1.0	0.0	TRUE	G	2.3762652E-4	1.0	1.7376467E-4	0.99124634	16.009678	0.25511578	0.021728275	37.0	1.0
SPIKE	S152:G>T	0	17185	0.0	-1.0	0.0	TRUE	G	0.0014423362	86.0	1.5311188E-4	0.94803256	7.5124397	0.28825983	0.025005203	37.0	0.0
SPIKE	S153:G>A	0	17181	0.0	-1.0	0.0	TRUE	G	1.8427381E-4	14.0	3.2445797E-4	0.9932051	23.539537	0.22621685	0.026660046	37.0	0.0
SPIKE	S153:G>C	0	17181	0.0	-1.0	0.0	TRUE	G	2.3762652E-4	0.0	1.7376467E-4	0.99124634	16.005953	0.25511578	0.021728275	37.0	1.0
SPIKE	S153:G>T	0	17181	0.0	-1.0	0.0	TRUE	G	1.2599377E-4	0.0	1.5311188E-4	0.9953491	7.510691	0.28825983	0.025005203	37.0	1.0
