#pipeline_block
reference	mutation	count	coverage	freq	score	cqs	has.reference	ancestral.allele	error.rate	minor.count.local	minor.fdr	minor.recall	minor.count.global	read.fraction.in.minors	q.filtered.read.fraction	global.est
SPIKE	S0:T>A	0	87459	0.0	9999.0	0.0	TRUE	T	9.333426E-6	3.0	0.14381514	0.9986662	7.7048745	0.12374067	0.9971208	1.0
SPIKE	S0:T>G	0	87459	0.0	9999.0	0.0	TRUE	T	6.64915E-5	1.0	0.01909997	0.99053675	134.10875	0.04420677	0.9966219	1.0
SPIKE	S0:T>C	0	87459	0.0	9999.0	0.0	TRUE	T	3.9296196E-5	36.0	0.08115417	0.9943964	26.525614	0.103898644	0.99101996	0.0
SPIKE	S1:A>G	0	87514	0.0	9999.0	0.0	TRUE	A	2.8552045E-5	32.0	0.06627623	0.99592537	44.147697	0.08362697	0.9891937	0.0
SPIKE	S1:A>C	0	87514	0.0	9999.0	0.0	TRUE	A	1.3708776E-5	0.0	0.052165877	0.99804157	14.467548	0.08748809	0.94634026	1.0
SPIKE	S1:A>T	0	87514	0.0	9999.0	0.0	TRUE	A	8.304191E-6	6.0	0.18418929	0.9988132	5.9122663	0.15067163	0.9929826	1.0
SPIKE	S2:G>A	0	87579	0.0	9999.0	0.0	TRUE	G	4.2654116E-5	49.0	0.083823815	0.993919	38.650246	0.08321198	0.9929951	0.0
SPIKE	S2:G>C	0	87579	0.0	9999.0	0.0	TRUE	G	2.5353836E-5	1.0	0.043071657	0.996381	42.04555	0.055187944	0.9968269	1.0
SPIKE	S2:G>T	0	87579	0.0	9999.0	0.0	TRUE	G	2.1439828E-5	6.0	0.056887664	0.9969388	32.991863	0.06034635	0.9970314	1.0
SPIKE	S3:C>A	0	87664	0.0	9999.0	0.0	TRUE	C	1.686836E-6	3.0	0.4879756	0.99975884	1.1469749	0.25179642	0.9662849	1.0
SPIKE	S3:C>G	0	87664	0.0	9999.0	0.0	TRUE	C	2.3254317E-5	6.0	0.05355796	0.99668014	39.770985	0.054158233	0.9974907	1.0
SPIKE	S3:C>T	0	87664	0.0	9999.0	0.0	TRUE	C	5.4416625E-5	75.0	0.050641138	0.9922486	81.45831	0.0669979	0.9936327	0.0
SPIKE	S4:G>A	30	87735	3.4193878E-4	489.09555	39.866665	TRUE	G	2.954411E-5	34.0	0.083823815	0.9957841	38.719093	0.08321198	0.9929951	0.0
SPIKE	S4:G>C	2	87735	2.2795919E-5	18.429302	39.5	TRUE	G	2.5353836E-5	4.0	0.043071657	0.996381	42.12044	0.055187944	0.9968269	1.0
SPIKE	S4:G>T	0	87735	0.0	9999.0	0.0	TRUE	G	2.1439828E-5	6.0	0.056887664	0.9969388	33.05063	0.06034635	0.9970314	1.0
SPIKE	S5:T>A	2	87792	2.278112E-5	26.863104	39.5	TRUE	T	9.333426E-6	0.0	0.14381514	0.9986662	7.734211	0.12374067	0.9971208	1.0
SPIKE	S5:T>G	1	87792	1.139056E-5	13.123908	40.0	TRUE	T	9.878445E-6	20.0	0.01909997	0.9985884	134.61937	0.04420677	0.9966219	0.0
SPIKE	S5:T>C	6	87792	6.834335E-5	52.587006	38.5	TRUE	T	4.7846508E-5	44.0	0.08115417	0.9931813	26.62661	0.103898644	0.99101996	0.0
SPIKE	I6:>G	2	87854	2.2765042E-5	9999.0	39.954323	TRUE		NaN	NaN	NaN	NaN	NaN	NaN	NaN	NaN
SPIKE	S6:G>A	23	87854	2.6179798E-4	367.21313	39.913044	TRUE	G	2.5165255E-5	29.0	0.083823815	0.9964078	38.77161	0.08321198	0.9929951	0.0
SPIKE	S6:G>T	2	87854	2.2765042E-5	19.814709	38.0	TRUE	G	2.1439828E-5	4.0	0.056887664	0.9969388	33.09546	0.06034635	0.9970314	1.0
SPIKE	S6:G>C	0	87854	0.0	9999.0	0.0	TRUE	G	2.5353836E-5	0.0	0.043071657	0.996381	42.177574	0.055187944	0.9968269	1.0
SPIKE	S7:A>C	7	87894	7.964139E-5	101.22967	39.57143	TRUE	A	1.3708776E-5	1.0	0.052165877	0.99804157	14.530369	0.08748809	0.94634026	1.0
SPIKE	D7-8:A>	79	87894	8.988099E-4	9999.0	39.964207	TRUE		NaN	NaN	NaN	NaN	NaN	NaN	NaN	NaN
SPIKE	S7:A>G	0	87894	0.0	9999.0	0.0	TRUE	A	1.3325908E-5	15.0	0.06627623	0.9980962	44.339397	0.08362697	0.9891937	0.0
SPIKE	S7:A>T	0	87894	0.0	9999.0	0.0	TRUE	A	8.304191E-6	0.0	0.18418929	0.9988132	5.937938	0.15067163	0.9929826	1.0
SPIKE	S8:A>G	1	87897	1.1376953E-5	9.140502	40.0	TRUE	A	2.4874178E-5	28.0	0.06627623	0.9964493	44.340908	0.08362697	0.9891937	0.0
SPIKE	S8:A>C	9	87897	1.0239257E-4	137.17932	39.77778	TRUE	A	1.3708776E-5	2.0	0.052165877	0.99804157	14.530865	0.08748809	0.94634026	1.0
SPIKE	S8:A>T	0	87897	0.0	9999.0	0.0	TRUE	A	8.304191E-6	0.0	0.18418929	0.9988132	5.938141	0.15067163	0.9929826	1.0
SPIKE	D9-11:GA>	9	87903	1.0238559E-4	9999.0	39.92848	TRUE		NaN	NaN	NaN	NaN	NaN	NaN	NaN	NaN
SPIKE	I9:>G	1	87903	1.1376176E-5	9999.0	39.92848	TRUE		NaN	NaN	NaN	NaN	NaN	NaN	NaN	NaN
SPIKE	S9:G>A	27	87903	3.0715676E-4	425.80667	39.703705	TRUE	G	3.0354928E-5	35.0	0.083823815	0.99566865	38.793236	0.08321198	0.9929951	0.0
SPIKE	D9-10:G>	45	87903	5.1192794E-4	9999.0	39.92848	TRUE		NaN	NaN	NaN	NaN	NaN	NaN	NaN	NaN
SPIKE	S9:G>C	0	87903	0.0	9999.0	0.0	TRUE	G	2.5353836E-5	0.0	0.043071657	0.996381	42.2011	0.055187944	0.9968269	1.0
SPIKE	S9:G>T	0	87903	0.0	9999.0	0.0	TRUE	G	2.1439828E-5	2.0	0.056887664	0.9969388	33.11392	0.06034635	0.9970314	1.0
SPIKE	S10:A>G	1	87903	1.1376176E-5	7.734871	40.0	TRUE	A	3.4643814E-5	39.0	0.06627623	0.9950582	44.343937	0.08362697	0.9891937	0.0
SPIKE	S10:A>C	5	87903	5.688088E-5	67.58795	40.0	TRUE	A	1.3708776E-5	2.0	0.052165877	0.99804157	14.531857	0.08748809	0.94634026	1.0
SPIKE	D10-11:A>	31	87903	3.5266145E-4	9999.0	39.922256	TRUE		NaN	NaN	NaN	NaN	NaN	NaN	NaN	NaN
SPIKE	D10-12:AC>	3	87903	3.4128527E-5	9999.0	39.922256	TRUE		NaN	NaN	NaN	NaN	NaN	NaN	NaN	NaN
SPIKE	S10:A>T	0	87903	0.0	9999.0	0.0	TRUE	A	8.304191E-6	0.0	0.18418929	0.9988132	5.938546	0.15067163	0.9929826	1.0
SPIKE	S11:C>G	1	87904	1.1376047E-5	9.427953	40.0	TRUE	C	2.3254317E-5	1.0	0.05355796	0.99668014	39.879868	0.054158233	0.9974907	1.0
SPIKE	S11:C>T	27	87904	3.0715327E-4	392.37253	39.814816	TRUE	C	4.0520146E-5	56.0	0.050641138	0.9942224	81.68132	0.0669979	0.9936327	0.0
SPIKE	D11-13:CG>	1	87904	1.1376047E-5	9999.0	39.892986	TRUE		NaN	NaN	NaN	NaN	NaN	NaN	NaN	NaN
SPIKE	D11-12:C>	32	87904	3.640335E-4	9999.0	39.892986	TRUE		NaN	NaN	NaN	NaN	NaN	NaN	NaN	NaN
SPIKE	I11:>C	1	87904	1.1376047E-5	9999.0	39.892986	TRUE		NaN	NaN	NaN	NaN	NaN	NaN	NaN	NaN
SPIKE	S11:C>A	0	87904	0.0	9999.0	0.0	TRUE	C	1.686836E-6	0.0	0.4879756	0.99975884	1.150115	0.25179642	0.9662849	1.0
SPIKE	D12-14:GA>	5	87904	5.688023E-5	9999.0	39.79025	TRUE		NaN	NaN	NaN	NaN	NaN	NaN	NaN	NaN
SPIKE	S12:G>A	35	87904	3.9816162E-4	596.2698	39.74286	TRUE	G	2.8620036E-5	33.0	0.083823815	0.9959157	38.793674	0.08321198	0.9929951	0.0
SPIKE	S12:G>T	3	87904	3.412814E-5	31.465422	36.0	TRUE	G	2.1439828E-5	1.0	0.056887664	0.9969388	33.114292	0.06034635	0.9970314	1.0
SPIKE	D12-13:G>	36	87904	4.0953766E-4	9999.0	39.79025	TRUE		NaN	NaN	NaN	NaN	NaN	NaN	NaN	NaN
SPIKE	S12:G>C	0	87904	0.0	9999.0	0.0	TRUE	G	2.5353836E-5	0.0	0.043071657	0.996381	42.201576	0.055187944	0.9968269	1.0
SPIKE	S13:A>C	1	87904	1.1376047E-5	11.701156	40.0	TRUE	A	1.3708776E-5	5.0	0.052165877	0.99804157	14.5320215	0.08748809	0.94634026	1.0
SPIKE	D13-14:A>	30	87904	3.412814E-4	9999.0	39.832645	TRUE		NaN	NaN	NaN	NaN	NaN	NaN	NaN	NaN
SPIKE	S13:A>G	0	87904	0.0	9999.0	0.0	TRUE	A	1.1370148E-4	128.0	0.06627623	0.9838722	44.34444	0.08362697	0.9891937	0.0
SPIKE	S13:A>T	0	87904	0.0	9999.0	0.0	TRUE	A	8.304191E-6	4.0	0.18418929	0.9988132	5.938614	0.15067163	0.9929826	1.0
SPIKE	S14:C>G	4	87904	4.5504188E-5	42.948177	40.0	TRUE	C	2.3254317E-5	1.0	0.05355796	0.99668014	39.879868	0.054158233	0.9974907	1.0
SPIKE	S14:C>T	21	87904	2.3889697E-4	357.83817	39.761906	TRUE	C	1.8089351E-5	25.0	0.050641138	0.99741656	81.68132	0.0669979	0.9936327	0.0
SPIKE	D14-15:C>	28	87904	3.1852932E-4	9999.0	39.933678	TRUE		NaN	NaN	NaN	NaN	NaN	NaN	NaN	NaN
SPIKE	S14:C>A	0	87904	0.0	9999.0	0.0	TRUE	C	1.686836E-6	0.0	0.4879756	0.99975884	1.150115	0.25179642	0.9662849	1.0
SPIKE	S15:A>C	9	87904	1.02384416E-4	137.17633	39.555557	TRUE	A	1.3708776E-5	1.0	0.052165877	0.99804157	14.5320215	0.08748809	0.94634026	1.0
SPIKE	D15-16:A>	31	87904	3.5265746E-4	9999.0	39.848026	TRUE		NaN	NaN	NaN	NaN	NaN	NaN	NaN	NaN
SPIKE	S15:A>G	0	87904	0.0	9999.0	0.0	TRUE	A	2.3983905E-5	27.0	0.06627623	0.9965762	44.34444	0.08362697	0.9891937	0.0
SPIKE	S15:A>T	0	87904	0.0	9999.0	0.0	TRUE	A	8.304191E-6	2.0	0.18418929	0.9988132	5.938614	0.15067163	0.9929826	1.0
SPIKE	S16:G>A	21	87904	2.3889697E-4	303.768	39.714287	TRUE	G	3.2956403E-5	38.0	0.083823815	0.9952983	38.793674	0.08321198	0.9929951	0.0
SPIKE	S16:G>T	1	87904	1.1376047E-5	9.775872	38.0	TRUE	G	2.1439828E-5	0.0	0.056887664	0.9969388	33.114292	0.06034635	0.9970314	1.0
SPIKE	D16-17:G>	19	87904	2.1614488E-4	9999.0	39.940697	TRUE		NaN	NaN	NaN	NaN	NaN	NaN	NaN	NaN
SPIKE	S16:G>C	0	87904	0.0	9999.0	0.0	TRUE	G	2.5353836E-5	0.0	0.043071657	0.996381	42.201576	0.055187944	0.9968269	1.0
SPIKE	S17:A>C	4	87904	4.5504188E-5	51.88058	40.0	TRUE	A	1.3708776E-5	2.0	0.052165877	0.99804157	14.5320215	0.08748809	0.94634026	1.0
SPIKE	D17-18:A>	9	87904	1.02384416E-4	9999.0	39.92007	TRUE		NaN	NaN	NaN	NaN	NaN	NaN	NaN	NaN
SPIKE	S17:A>G	0	87904	0.0	9999.0	0.0	TRUE	A	5.9515616E-5	67.0	0.06627623	0.99152535	44.34444	0.08362697	0.9891937	0.0
SPIKE	S17:A>T	0	87904	0.0	9999.0	0.0	TRUE	A	8.304191E-6	3.0	0.18418929	0.9988132	5.938614	0.15067163	0.9929826	1.0
SPIKE	S18:A>G	1	87904	1.1376047E-5	7.043608	40.0	TRUE	A	4.086147E-5	46.0	0.06627623	0.9941738	44.34444	0.08362697	0.9891937	0.0
SPIKE	S18:A>C	13	87904	1.4788861E-4	214.36485	39.615383	TRUE	A	1.3708776E-5	4.0	0.052165877	0.99804157	14.5320215	0.08748809	0.94634026	1.0
SPIKE	S18:A>T	0	87904	0.0	9999.0	0.0	TRUE	A	8.304191E-6	1.0	0.18418929	0.9988132	5.938614	0.15067163	0.9929826	1.0
SPIKE	S19:C>G	8	87904	9.1008376E-5	100.91096	39.75	TRUE	C	2.3254317E-5	0.0	0.05355796	0.99668014	39.879868	0.054158233	0.9974907	1.0
SPIKE	S19:C>T	8	87904	9.1008376E-5	98.016426	40.0	TRUE	C	2.5325091E-5	35.0	0.050641138	0.99638504	81.68132	0.0669979	0.9936327	0.0
SPIKE	S19:C>A	0	87904	0.0	9999.0	0.0	TRUE	C	1.686836E-6	0.0	0.4879756	0.99975884	1.150115	0.25179642	0.9662849	1.0
SPIKE	S20:C>G	5	87904	5.688023E-5	56.386852	39.2	TRUE	C	2.3254317E-5	0.0	0.05355796	0.99668014	39.879868	0.054158233	0.9974907	1.0
SPIKE	S20:C>T	4	87904	4.5504188E-5	43.553123	40.0	TRUE	C	2.2430795E-5	31.0	0.050641138	0.99679756	81.68132	0.0669979	0.9936327	0.0
SPIKE	S20:C>A	0	87904	0.0	9999.0	0.0	TRUE	C	1.686836E-6	0.0	0.4879756	0.99975884	1.150115	0.25179642	0.9662849	1.0
SPIKE	S21:A>G	0	87904	0.0	9999.0	0.0	TRUE	A	3.9973176E-5	45.0	0.06627623	0.9943001	44.34444	0.08362697	0.9891937	0.0
SPIKE	S21:A>C	0	87904	0.0	9999.0	0.0	TRUE	A	1.3708776E-5	0.0	0.052165877	0.99804157	14.5320215	0.08748809	0.94634026	1.0
SPIKE	S21:A>T	0	87904	0.0	9999.0	0.0	TRUE	A	8.304191E-6	0.0	0.18418929	0.9988132	5.938614	0.15067163	0.9929826	1.0
SPIKE	S22:A>C	87904	87904	1.0	Infinity	39.993664	FALSE	C	1.3708776E-5	0.0	0.052165877	0.99804157	14.5320215	0.08748809	0.94634026	1.0
SPIKE	S22:A>G	0	87904	0.0	9999.0	0.0	FALSE	C	3.9390845E-5	0.0	0.06627623	0.9943829	44.34444	0.08362697	0.9891937	1.0
SPIKE	S22:A>T	0	87904	0.0	9999.0	0.0	FALSE	C	8.304191E-6	0.0	0.18418929	0.9988132	5.938614	0.15067163	0.9929826	1.0
SPIKE	S23:A>T	87904	87904	1.0	Infinity	39.99363	FALSE	T	8.304191E-6	0.0	0.18418929	0.9988132	5.938614	0.15067163	0.9929826	1.0
SPIKE	S23:A>G	0	87904	0.0	9999.0	0.0	FALSE	T	3.9390845E-5	0.0	0.06627623	0.9943829	44.34444	0.08362697	0.9891937	1.0
SPIKE	S23:A>C	0	87904	0.0	9999.0	0.0	FALSE	T	1.3708776E-5	0.0	0.052165877	0.99804157	14.5320215	0.08748809	0.94634026	1.0
SPIKE	S24:A>C	87904	87904	1.0	Infinity	39.99364	FALSE	C	1.3708776E-5	0.0	0.052165877	0.99804157	14.5320215	0.08748809	0.94634026	1.0
SPIKE	S24:A>G	0	87904	0.0	9999.0	0.0	FALSE	C	3.9390845E-5	0.0	0.06627623	0.9943829	44.34444	0.08362697	0.9891937	1.0
SPIKE	S24:A>T	0	87904	0.0	9999.0	0.0	FALSE	C	8.304191E-6	0.0	0.18418929	0.9988132	5.938614	0.15067163	0.9929826	1.0
SPIKE	S25:A>G	0	87904	0.0	9999.0	0.0	TRUE	A	3.9390845E-5	0.0	0.06627623	0.9943829	44.34444	0.08362697	0.9891937	1.0
SPIKE	S25:A>C	0	87904	0.0	9999.0	0.0	TRUE	A	1.3708776E-5	0.0	0.052165877	0.99804157	14.5320215	0.08748809	0.94634026	1.0
SPIKE	S25:A>T	0	87904	0.0	9999.0	0.0	TRUE	A	8.304191E-6	0.0	0.18418929	0.9988132	5.938614	0.15067163	0.9929826	1.0
SPIKE	S26:T>C	1	87904	1.1376047E-5	8.766799	40.0	TRUE	T	2.7150878E-5	25.0	0.08115417	0.9961249	26.660578	0.103898644	0.99101996	0.0
SPIKE	S26:T>A	0	87904	0.0	9999.0	0.0	TRUE	T	9.333426E-6	1.0	0.14381514	0.9986662	7.7440777	0.12374067	0.9971208	1.0
SPIKE	S26:T>G	0	87904	0.0	9999.0	0.0	TRUE	T	6.64915E-5	2.0	0.01909997	0.99053675	134.7911	0.04420677	0.9966219	1.0
SPIKE	S27:G>A	4	87904	4.5504188E-5	38.504208	39.75	TRUE	G	3.0354582E-5	35.0	0.083823815	0.9956687	38.793674	0.08321198	0.9929951	0.0
SPIKE	S27:G>C	0	87904	0.0	9999.0	0.0	TRUE	G	2.5353836E-5	0.0	0.043071657	0.996381	42.201576	0.055187944	0.9968269	1.0
SPIKE	S27:G>T	0	87904	0.0	9999.0	0.0	TRUE	G	2.1439828E-5	0.0	0.056887664	0.9969388	33.114292	0.06034635	0.9970314	1.0
SPIKE	S28:G>A	7	87904	7.963233E-5	84.18532	38.42857	TRUE	G	2.4283667E-5	28.0	0.083823815	0.99653345	38.793674	0.08321198	0.9929951	0.0
SPIKE	S28:G>C	0	87904	0.0	9999.0	0.0	TRUE	G	2.5353836E-5	0.0	0.043071657	0.996381	42.201576	0.055187944	0.9968269	1.0
SPIKE	S28:G>T	0	87904	0.0	9999.0	0.0	TRUE	G	2.1439828E-5	1.0	0.056887664	0.9969388	33.114292	0.06034635	0.9970314	1.0
SPIKE	S29:G>A	6	87904	6.825628E-5	57.04668	39.666668	TRUE	G	3.9894596E-5	46.0	0.083823815	0.99431133	38.793674	0.08321198	0.9929951	0.0
SPIKE	S29:G>C	0	87904	0.0	9999.0	0.0	TRUE	G	2.5353836E-5	0.0	0.043071657	0.996381	42.201576	0.055187944	0.9968269	1.0
SPIKE	S29:G>T	0	87904	0.0	9999.0	0.0	TRUE	G	2.1439828E-5	0.0	0.056887664	0.9969388	33.114292	0.06034635	0.9970314	1.0
SPIKE	S30:A>G	0	87904	0.0	9999.0	0.0	TRUE	A	3.819659E-5	43.0	0.06627623	0.9945528	44.34444	0.08362697	0.9891937	0.0
SPIKE	S30:A>C	0	87904	0.0	9999.0	0.0	TRUE	A	1.3708776E-5	4.0	0.052165877	0.99804157	14.5320215	0.08748809	0.94634026	1.0
SPIKE	S30:A>T	0	87904	0.0	9999.0	0.0	TRUE	A	8.304191E-6	0.0	0.18418929	0.9988132	5.938614	0.15067163	0.9929826	1.0
SPIKE	S31:T>A	0	87904	0.0	9999.0	0.0	TRUE	T	9.333426E-6	0.0	0.14381514	0.9986662	7.7440777	0.12374067	0.9971208	1.0
SPIKE	S31:T>G	0	87904	0.0	9999.0	0.0	TRUE	T	6.64915E-5	1.0	0.01909997	0.99053675	134.7911	0.04420677	0.9966219	1.0
SPIKE	S31:T>C	0	87904	0.0	9999.0	0.0	TRUE	T	3.4753124E-5	32.0	0.08115417	0.9950426	26.660578	0.103898644	0.99101996	0.0
SPIKE	S32:C>T	4	87904	4.5504188E-5	42.004887	40.0	TRUE	C	2.4601517E-5	34.0	0.050641138	0.99648815	81.68132	0.0669979	0.9936327	0.0
SPIKE	S32:C>A	0	87904	0.0	9999.0	0.0	TRUE	C	1.686836E-6	0.0	0.4879756	0.99975884	1.150115	0.25179642	0.9662849	1.0
SPIKE	S32:C>G	0	87904	0.0	9999.0	0.0	TRUE	C	2.3254317E-5	0.0	0.05355796	0.99668014	39.879868	0.054158233	0.9974907	1.0
SPIKE	S33:C>A	0	87904	0.0	9999.0	0.0	TRUE	C	1.686836E-6	0.0	0.4879756	0.99975884	1.150115	0.25179642	0.9662849	1.0
SPIKE	S33:C>G	0	87904	0.0	9999.0	0.0	TRUE	C	2.3254317E-5	0.0	0.05355796	0.99668014	39.879868	0.054158233	0.9974907	1.0
SPIKE	S33:C>T	0	87904	0.0	9999.0	0.0	TRUE	C	2.0260073E-5	28.0	0.050641138	0.997107	81.68132	0.0669979	0.9936327	0.0
SPIKE	S34:A>G	0	87904	0.0	9999.0	0.0	TRUE	A	1.06595135E-5	12.0	0.06627623	0.99847686	44.34444	0.08362697	0.9891937	0.0
SPIKE	S34:A>C	0	87904	0.0	9999.0	0.0	TRUE	A	1.3708776E-5	0.0	0.052165877	0.99804157	14.5320215	0.08748809	0.94634026	1.0
SPIKE	S34:A>T	0	87904	0.0	9999.0	0.0	TRUE	A	8.304191E-6	0.0	0.18418929	0.9988132	5.938614	0.15067163	0.9929826	1.0
SPIKE	S35:T>A	0	87904	0.0	9999.0	0.0	TRUE	T	9.333426E-6	1.0	0.14381514	0.9986662	7.7440777	0.12374067	0.9971208	1.0
SPIKE	S35:T>G	0	87904	0.0	9999.0	0.0	TRUE	T	6.64915E-5	2.0	0.01909997	0.99053675	134.7911	0.04420677	0.9966219	1.0
SPIKE	S35:T>C	0	87904	0.0	9999.0	0.0	TRUE	T	3.583916E-5	33.0	0.08115417	0.9948881	26.660578	0.103898644	0.99101996	0.0
SPIKE	S36:T>A	0	87904	0.0	9999.0	0.0	TRUE	T	9.333426E-6	0.0	0.14381514	0.9986662	7.7440777	0.12374067	0.9971208	1.0
SPIKE	S36:T>G	0	87904	0.0	9999.0	0.0	TRUE	T	6.64915E-5	0.0	0.01909997	0.99053675	134.7911	0.04420677	0.9966219	1.0
SPIKE	S36:T>C	0	87904	0.0	9999.0	0.0	TRUE	T	2.8954324E-5	1.0	0.08115417	0.9958681	26.660578	0.103898644	0.99101996	1.0
SPIKE	S37:A>G	0	87904	0.0	9999.0	0.0	TRUE	A	3.9390845E-5	9.0	0.06627623	0.9943829	44.34444	0.08362697	0.9891937	1.0
SPIKE	S37:A>C	0	87904	0.0	9999.0	0.0	TRUE	A	1.7923642E-4	190.0	0.052165877	0.97469485	14.5320215	0.08748809	0.94634026	0.0
SPIKE	S37:A>T	0	87904	0.0	9999.0	0.0	TRUE	A	8.304191E-6	0.0	0.18418929	0.9988132	5.938614	0.15067163	0.9929826	1.0
SPIKE	S38:T>A	0	87904	0.0	9999.0	0.0	TRUE	T	9.333426E-6	0.0	0.14381514	0.9986662	7.7440777	0.12374067	0.9971208	1.0
SPIKE	S38:T>G	0	87904	0.0	9999.0	0.0	TRUE	T	6.64915E-5	1.0	0.01909997	0.99053675	134.7911	0.04420677	0.9966219	1.0
SPIKE	S38:T>C	0	87904	0.0	9999.0	0.0	TRUE	T	2.8954324E-5	4.0	0.08115417	0.9958681	26.660578	0.103898644	0.99101996	1.0
SPIKE	S39:C>T	1	87904	1.1376047E-5	7.7241774	40.0	TRUE	C	3.4731554E-5	48.0	0.050641138	0.9950457	81.68132	0.0669979	0.9936327	0.0
SPIKE	S39:C>A	4	87904	4.5504188E-5	87.96683	39.75	TRUE	C	1.686836E-6	0.0	0.4879756	0.99975884	1.150115	0.25179642	0.9662849	1.0
SPIKE	S39:C>G	0	87904	0.0	9999.0	0.0	TRUE	C	2.3254317E-5	0.0	0.05355796	0.99668014	39.879868	0.054158233	0.9974907	1.0
SPIKE	S40:G>A	4	87904	4.5504188E-5	36.714817	40.0	TRUE	G	3.382368E-5	39.0	0.083823815	0.9951749	38.793674	0.08321198	0.9929951	0.0
SPIKE	S40:G>C	0	87904	0.0	9999.0	0.0	TRUE	G	2.5353836E-5	0.0	0.043071657	0.996381	42.201576	0.055187944	0.9968269	1.0
SPIKE	S40:G>T	0	87904	0.0	9999.0	0.0	TRUE	G	2.1439828E-5	1.0	0.056887664	0.9969388	33.114292	0.06034635	0.9970314	1.0
SPIKE	S41:G>A	3	87904	3.412814E-5	26.116968	38.333332	TRUE	G	3.2956403E-5	38.0	0.083823815	0.9952983	38.793674	0.08321198	0.9929951	0.0
SPIKE	S41:G>C	0	87904	0.0	9999.0	0.0	TRUE	G	2.5353836E-5	1.0	0.043071657	0.996381	42.201576	0.055187944	0.9968269	1.0
SPIKE	S41:G>T	0	87904	0.0	9999.0	0.0	TRUE	G	2.1439828E-5	0.0	0.056887664	0.9969388	33.114292	0.06034635	0.9970314	1.0
SPIKE	S42:C>T	3	87904	3.412814E-5	26.542406	39.333332	TRUE	C	3.183726E-5	44.0	0.050641138	0.99545765	81.68132	0.0669979	0.9936327	0.0
SPIKE	S42:C>A	1	87904	1.1376047E-5	20.78816	40.0	TRUE	C	1.686836E-6	0.0	0.4879756	0.99975884	1.150115	0.25179642	0.9662849	1.0
SPIKE	S42:C>G	0	87904	0.0	9999.0	0.0	TRUE	C	2.3254317E-5	0.0	0.05355796	0.99668014	39.879868	0.054158233	0.9974907	1.0
SPIKE	S43:G>A	2	87904	2.2752094E-5	15.438207	40.0	TRUE	G	3.64255E-5	42.0	0.083823815	0.9948047	38.793674	0.08321198	0.9929951	0.0
SPIKE	S43:G>C	0	87904	0.0	9999.0	0.0	TRUE	G	2.5353836E-5	0.0	0.043071657	0.996381	42.201576	0.055187944	0.9968269	1.0
SPIKE	S43:G>T	0	87904	0.0	9999.0	0.0	TRUE	G	2.1439828E-5	0.0	0.056887664	0.9969388	33.114292	0.06034635	0.9970314	1.0
SPIKE	S44:G>A	1	87904	1.1376047E-5	7.329112	40.0	TRUE	G	3.8160048E-5	44.0	0.083823815	0.994558	38.793674	0.08321198	0.9929951	0.0
SPIKE	S44:G>C	0	87904	0.0	9999.0	0.0	TRUE	G	2.5353836E-5	0.0	0.043071657	0.996381	42.201576	0.055187944	0.9968269	1.0
SPIKE	S44:G>T	0	87904	0.0	9999.0	0.0	TRUE	G	2.1439828E-5	0.0	0.056887664	0.9969388	33.114292	0.06034635	0.9970314	1.0
SPIKE	S45:C>T	3	87904	3.412814E-5	33.60615	38.666668	TRUE	C	1.8089351E-5	25.0	0.050641138	0.99741656	81.68132	0.0669979	0.9936327	0.0
SPIKE	S45:C>A	3	87904	3.412814E-5	64.161194	39.333332	TRUE	C	1.686836E-6	1.0	0.4879756	0.99975884	1.150115	0.25179642	0.9662849	1.0
SPIKE	S45:C>G	0	87904	0.0	9999.0	0.0	TRUE	C	2.3254317E-5	0.0	0.05355796	0.99668014	39.879868	0.054158233	0.9974907	1.0
SPIKE	S46:G>A	5	87904	5.688023E-5	48.555374	40.0	TRUE	G	3.382368E-5	39.0	0.083823815	0.9951749	38.793674	0.08321198	0.9929951	0.0
SPIKE	S46:G>C	0	87904	0.0	9999.0	0.0	TRUE	G	2.5353836E-5	0.0	0.043071657	0.996381	42.201576	0.055187944	0.9968269	1.0
SPIKE	S46:G>T	0	87904	0.0	9999.0	0.0	TRUE	G	2.1439828E-5	0.0	0.056887664	0.9969388	33.114292	0.06034635	0.9970314	1.0
SPIKE	S47:A>G	0	87904	0.0	9999.0	0.0	TRUE	A	3.9390845E-5	6.0	0.06627623	0.9943829	44.34444	0.08362697	0.9891937	1.0
SPIKE	S47:A>C	0	87904	0.0	9999.0	0.0	TRUE	A	1.3708776E-5	0.0	0.052165877	0.99804157	14.5320215	0.08748809	0.94634026	1.0
SPIKE	S47:A>T	0	87904	0.0	9999.0	0.0	TRUE	A	8.304191E-6	0.0	0.18418929	0.9988132	5.938614	0.15067163	0.9929826	1.0
SPIKE	S48:A>G	0	87904	0.0	9999.0	0.0	TRUE	A	3.9390845E-5	2.0	0.06627623	0.9943829	44.34444	0.08362697	0.9891937	1.0
SPIKE	S48:A>C	0	87904	0.0	9999.0	0.0	TRUE	A	1.3708776E-5	0.0	0.052165877	0.99804157	14.5320215	0.08748809	0.94634026	1.0
SPIKE	S48:A>T	0	87904	0.0	9999.0	0.0	TRUE	A	8.304191E-6	0.0	0.18418929	0.9988132	5.938614	0.15067163	0.9929826	1.0
SPIKE	S49:T>C	1	87904	1.1376047E-5	8.493395	40.0	TRUE	T	2.8954324E-5	5.0	0.08115417	0.9958681	26.660578	0.103898644	0.99101996	1.0
SPIKE	S49:T>A	0	87904	0.0	9999.0	0.0	TRUE	T	9.333426E-6	0.0	0.14381514	0.9986662	7.7440777	0.12374067	0.9971208	1.0
SPIKE	S49:T>G	0	87904	0.0	9999.0	0.0	TRUE	T	6.64915E-5	0.0	0.01909997	0.99053675	134.7911	0.04420677	0.9966219	1.0
SPIKE	S50:T>A	0	87904	0.0	9999.0	0.0	TRUE	T	9.333426E-6	0.0	0.14381514	0.9986662	7.7440777	0.12374067	0.9971208	1.0
SPIKE	S50:T>G	0	87904	0.0	9999.0	0.0	TRUE	T	6.64915E-5	0.0	0.01909997	0.99053675	134.7911	0.04420677	0.9966219	1.0
SPIKE	S50:T>C	0	87904	0.0	9999.0	0.0	TRUE	T	2.8954324E-5	3.0	0.08115417	0.9958681	26.660578	0.103898644	0.99101996	1.0
SPIKE	S51:T>C	1	87904	1.1376047E-5	8.493395	39.0	TRUE	T	2.8954324E-5	3.0	0.08115417	0.9958681	26.660578	0.103898644	0.99101996	1.0
SPIKE	S51:T>A	0	87904	0.0	9999.0	0.0	TRUE	T	9.333426E-6	0.0	0.14381514	0.9986662	7.7440777	0.12374067	0.9971208	1.0
SPIKE	S51:T>G	0	87904	0.0	9999.0	0.0	TRUE	T	6.64915E-5	0.0	0.01909997	0.99053675	134.7911	0.04420677	0.9966219	1.0
SPIKE	S52:A>G	0	87904	0.0	9999.0	0.0	TRUE	A	1.06595135E-5	12.0	0.06627623	0.99847686	44.34444	0.08362697	0.9891937	0.0
SPIKE	S52:A>C	0	87904	0.0	9999.0	0.0	TRUE	A	1.16032E-4	123.0	0.052165877	0.98354435	14.5320215	0.08748809	0.94634026	0.0
SPIKE	S52:A>T	0	87904	0.0	9999.0	0.0	TRUE	A	8.304191E-6	0.0	0.18418929	0.9988132	5.938614	0.15067163	0.9929826	1.0
SPIKE	S53:C>A	1	87904	1.1376047E-5	20.78816	40.0	TRUE	C	1.686836E-6	0.0	0.4879756	0.99975884	1.150115	0.25179642	0.9662849	1.0
SPIKE	S53:C>G	0	87904	0.0	9999.0	0.0	TRUE	C	2.3254317E-5	1.0	0.05355796	0.99668014	39.879868	0.054158233	0.9974907	1.0
SPIKE	S53:C>T	0	87904	0.0	9999.0	0.0	TRUE	C	2.8219389E-5	39.0	0.050641138	0.99597275	81.68132	0.0669979	0.9936327	0.0
SPIKE	S54:C>T	4	87904	4.5504188E-5	39.294674	40.0	TRUE	C	2.8942963E-5	40.0	0.050641138	0.9958697	81.68132	0.0669979	0.9936327	0.0
SPIKE	S54:C>G	1	87904	1.1376047E-5	9.427953	40.0	TRUE	C	2.3254317E-5	0.0	0.05355796	0.99668014	39.879868	0.054158233	0.9974907	1.0
SPIKE	S54:C>A	0	87904	0.0	9999.0	0.0	TRUE	C	1.686836E-6	0.0	0.4879756	0.99975884	1.150115	0.25179642	0.9662849	1.0
SPIKE	S55:A>C	1	87904	1.1376047E-5	9.039066	40.0	TRUE	A	2.547044E-5	27.0	0.052165877	0.99636436	14.5320215	0.08748809	0.94634026	0.0
SPIKE	S55:A>G	11	87904	1.2513652E-4	62.631092	40.0	TRUE	A	1.60781E-4	181.0	0.06627623	0.9772706	44.34444	0.08362697	0.9891937	0.0
SPIKE	S55:A>T	0	87904	0.0	9999.0	0.0	TRUE	A	8.304191E-6	2.0	0.18418929	0.9988132	5.938614	0.15067163	0.9929826	1.0
SPIKE	S56:C>T	1	87904	1.1376047E-5	9.063483	40.0	TRUE	C	2.5325091E-5	35.0	0.050641138	0.99638504	81.68132	0.0669979	0.9936327	0.0
SPIKE	S56:C>A	0	87904	0.0	9999.0	0.0	TRUE	C	1.4666672E-5	10.0	0.4879756	0.99790484	1.150115	0.25179642	0.9662849	0.0
SPIKE	S56:C>G	0	87904	0.0	9999.0	0.0	TRUE	C	2.3254317E-5	0.0	0.05355796	0.99668014	39.879868	0.054158233	0.9974907	1.0
SPIKE	S57:C>T	4	87904	4.5504188E-5	35.607006	40.0	TRUE	C	3.6178702E-5	50.0	0.050641138	0.9948398	81.68132	0.0669979	0.9936327	0.0
SPIKE	S57:C>A	2	87904	2.2752094E-5	41.600185	40.0	TRUE	C	1.686836E-6	0.0	0.4879756	0.99975884	1.150115	0.25179642	0.9662849	1.0
SPIKE	S57:C>G	0	87904	0.0	9999.0	0.0	TRUE	C	2.3254317E-5	0.0	0.05355796	0.99668014	39.879868	0.054158233	0.9974907	1.0
SPIKE	S58:A>G	1	87904	1.1376047E-5	10.173536	40.0	TRUE	A	1.9542442E-5	22.0	0.06627623	0.9972093	44.34444	0.08362697	0.9891937	0.0
SPIKE	S58:A>C	0	87904	0.0	9999.0	0.0	TRUE	A	1.1320195E-5	12.0	0.052165877	0.9983825	14.5320215	0.08748809	0.94634026	0.0
SPIKE	S58:A>T	0	87904	0.0	9999.0	0.0	TRUE	A	8.304191E-6	0.0	0.18418929	0.9988132	5.938614	0.15067163	0.9929826	1.0
SPIKE	S59:T>C	2	87904	2.2752094E-5	22.117832	40.0	TRUE	T	1.6290527E-5	15.0	0.08115417	0.99767315	26.660578	0.103898644	0.99101996	0.0
SPIKE	S59:T>A	0	87904	0.0	9999.0	0.0	TRUE	T	1.4462808E-5	12.0	0.14381514	0.997934	7.7440777	0.12374067	0.9971208	0.0
SPIKE	S59:T>G	0	87904	0.0	9999.0	0.0	TRUE	T	6.64915E-5	0.0	0.01909997	0.99053675	134.7911	0.04420677	0.9966219	1.0
SPIKE	S60:T>A	0	87904	0.0	9999.0	0.0	TRUE	T	9.333426E-6	0.0	0.14381514	0.9986662	7.7440777	0.12374067	0.9971208	1.0
SPIKE	S60:T>G	0	87904	0.0	9999.0	0.0	TRUE	T	6.64915E-5	0.0	0.01909997	0.99053675	134.7911	0.04420677	0.9966219	1.0
SPIKE	S60:T>C	0	87904	0.0	9999.0	0.0	TRUE	T	2.8954324E-5	3.0	0.08115417	0.9958681	26.660578	0.103898644	0.99101996	1.0
SPIKE	S61:G>A	2	87904	2.2752094E-5	17.927414	40.0	TRUE	G	2.6885487E-5	31.0	0.083823815	0.9961628	38.793674	0.08321198	0.9929951	0.0
SPIKE	S61:G>C	0	87904	0.0	9999.0	0.0	TRUE	G	2.5353836E-5	0.0	0.043071657	0.996381	42.201576	0.055187944	0.9968269	1.0
SPIKE	S61:G>T	0	87904	0.0	9999.0	0.0	TRUE	G	7.121943E-6	11.0	0.056887664	0.9989821	33.114292	0.06034635	0.9970314	0.0
SPIKE	D62-63:A>	1	87904	1.1376047E-5	9999.0	40.0	TRUE		NaN	NaN	NaN	NaN	NaN	NaN	NaN	NaN
SPIKE	S62:A>G	0	87904	0.0	9999.0	0.0	TRUE	A	1.3324392E-5	15.0	0.06627623	0.9980964	44.34444	0.08362697	0.9891937	0.0
SPIKE	S62:A>C	0	87904	0.0	9999.0	0.0	TRUE	A	1.3708776E-5	1.0	0.052165877	0.99804157	14.5320215	0.08748809	0.94634026	1.0
SPIKE	S62:A>T	0	87904	0.0	9999.0	0.0	TRUE	A	8.304191E-6	2.0	0.18418929	0.9988132	5.938614	0.15067163	0.9929826	1.0
SPIKE	S63:A>G	1	87904	1.1376047E-5	13.578477	40.0	TRUE	A	8.882927E-6	10.0	0.06627623	0.99873054	44.34444	0.08362697	0.9891937	0.0
SPIKE	S63:A>C	0	87904	0.0	9999.0	0.0	TRUE	A	1.3708776E-5	0.0	0.052165877	0.99804157	14.5320215	0.08748809	0.94634026	1.0
SPIKE	S63:A>T	0	87904	0.0	9999.0	0.0	TRUE	A	8.304191E-6	1.0	0.18418929	0.9988132	5.938614	0.15067163	0.9929826	1.0
SPIKE	S64:A>G	3	87904	3.412814E-5	33.217907	40.0	TRUE	A	1.865415E-5	21.0	0.06627623	0.99733603	44.34444	0.08362697	0.9891937	0.0
SPIKE	S64:A>T	1	87904	1.1376047E-5	13.870403	40.0	TRUE	A	8.304191E-6	0.0	0.18418929	0.9988132	5.938614	0.15067163	0.9929826	1.0
SPIKE	S64:A>C	0	87904	0.0	9999.0	0.0	TRUE	A	1.3708776E-5	1.0	0.052165877	0.99804157	14.5320215	0.08748809	0.94634026	1.0
SPIKE	S65:A>G	4	87904	4.5504188E-5	35.10241	40.0	TRUE	A	3.73083E-5	42.0	0.06627623	0.9946791	44.34444	0.08362697	0.9891937	0.0
SPIKE	S65:A>C	0	87904	0.0	9999.0	0.0	TRUE	A	3.2073887E-5	34.0	0.052165877	0.9954239	14.5320215	0.08748809	0.94634026	0.0
SPIKE	S65:A>T	0	87904	0.0	9999.0	0.0	TRUE	A	8.304191E-6	1.0	0.18418929	0.9988132	5.938614	0.15067163	0.9929826	1.0
SPIKE	S66:C>T	5	87904	5.688023E-5	53.429043	40.0	TRUE	C	2.6772239E-5	37.0	0.050641138	0.99617887	81.68132	0.0669979	0.9936327	0.0
SPIKE	S66:C>A	0	87904	0.0	9999.0	0.0	TRUE	C	1.4666672E-5	10.0	0.4879756	0.99790484	1.150115	0.25179642	0.9662849	0.0
SPIKE	S66:C>G	0	87904	0.0	9999.0	0.0	TRUE	C	2.3254317E-5	0.0	0.05355796	0.99668014	39.879868	0.054158233	0.9974907	1.0
SPIKE	S67:C>T	2	87904	2.2752094E-5	19.706364	40.0	TRUE	C	2.1707221E-5	30.0	0.050641138	0.9969007	81.68132	0.0669979	0.9936327	0.0
SPIKE	S67:C>A	0	87904	0.0	9999.0	0.0	TRUE	C	1.4666672E-5	10.0	0.4879756	0.99790484	1.150115	0.25179642	0.9662849	0.0
SPIKE	S67:C>G	0	87904	0.0	9999.0	0.0	TRUE	C	2.3254317E-5	0.0	0.05355796	0.99668014	39.879868	0.054158233	0.9974907	1.0
SPIKE	S68:A>G	9	87904	1.02384416E-4	58.215225	40.0	TRUE	A	1.12813184E-4	127.0	0.06627623	0.98399717	44.34444	0.08362697	0.9891937	0.0
SPIKE	S68:A>C	1	87904	1.1376047E-5	13.31798	40.0	TRUE	A	9.4334955E-6	10.0	0.052165877	0.9986519	14.5320215	0.08748809	0.94634026	0.0
SPIKE	S68:A>T	1	87904	1.1376047E-5	13.870403	40.0	TRUE	A	8.304191E-6	7.0	0.18418929	0.9988132	5.938614	0.15067163	0.9929826	1.0
SPIKE	S69:G>A	5	87904	5.688023E-5	54.738895	40.0	TRUE	G	2.515094E-5	29.0	0.083823815	0.9964099	38.793674	0.08321198	0.9929951	0.0
SPIKE	S69:G>C	0	87904	0.0	9999.0	0.0	TRUE	G	6.6085727E-6	11.0	0.043071657	0.99905545	42.201576	0.055187944	0.9968269	0.0
SPIKE	S69:G>T	0	87904	0.0	9999.0	0.0	TRUE	G	2.1439828E-5	1.0	0.056887664	0.9969388	33.114292	0.06034635	0.9970314	1.0
SPIKE	S70:C>A	1	87904	1.1376047E-5	20.78816	40.0	TRUE	C	1.686836E-6	0.0	0.4879756	0.99975884	1.150115	0.25179642	0.9662849	1.0
SPIKE	S70:C>T	5	87904	5.688023E-5	43.073334	40.0	TRUE	C	4.4138018E-5	61.0	0.050641138	0.99370813	81.68132	0.0669979	0.9936327	0.0
SPIKE	S70:C>G	0	87904	0.0	9999.0	0.0	TRUE	C	2.3254317E-5	1.0	0.05355796	0.99668014	39.879868	0.054158233	0.9974907	1.0
SPIKE	S71:C>A	3	87904	3.412814E-5	64.161194	40.0	TRUE	C	1.686836E-6	2.0	0.4879756	0.99975884	1.150115	0.25179642	0.9662849	1.0
SPIKE	S71:C>T	9	87904	1.02384416E-4	92.52973	40.0	TRUE	C	4.4138018E-5	61.0	0.050641138	0.99370813	81.68132	0.0669979	0.9936327	0.0
SPIKE	S71:C>G	0	87904	0.0	9999.0	0.0	TRUE	C	2.3254317E-5	9.0	0.05355796	0.99668014	39.879868	0.054158233	0.9974907	1.0
SPIKE	S72:G>A	4	87904	4.5504188E-5	33.311665	40.0	TRUE	G	4.162914E-5	48.0	0.083823815	0.9940647	38.793674	0.08321198	0.9929951	0.0
SPIKE	S72:G>C	0	87904	0.0	9999.0	0.0	TRUE	G	2.5353836E-5	2.0	0.043071657	0.996381	42.201576	0.055187944	0.9968269	1.0
SPIKE	S72:G>T	0	87904	0.0	9999.0	0.0	TRUE	G	2.1439828E-5	9.0	0.056887664	0.9969388	33.114292	0.06034635	0.9970314	1.0
SPIKE	S73:T>C	6	87904	6.825628E-5	29.743656	40.0	TRUE	T	1.2598008E-4	116.0	0.08115417	0.98214614	26.660578	0.103898644	0.99101996	0.0
SPIKE	S73:T>A	0	87904	0.0	9999.0	0.0	TRUE	T	9.333426E-6	2.0	0.14381514	0.9986662	7.7440777	0.12374067	0.9971208	1.0
SPIKE	S73:T>G	0	87904	0.0	9999.0	0.0	TRUE	T	8.879273E-6	18.0	0.01909997	0.9987311	134.7911	0.04420677	0.9966219	0.0
SPIKE	S74:G>A	8	87904	9.1008376E-5	101.9573	40.0	TRUE	G	2.2549119E-5	26.0	0.083823815	0.9967807	38.793674	0.08321198	0.9929951	0.0
SPIKE	S74:G>C	0	87904	0.0	9999.0	0.0	TRUE	G	2.5353836E-5	1.0	0.043071657	0.996381	42.201576	0.055187944	0.9968269	1.0
SPIKE	S74:G>T	0	87904	0.0	9999.0	0.0	TRUE	G	2.1439828E-5	1.0	0.056887664	0.9969388	33.114292	0.06034635	0.9970314	1.0
SPIKE	S75:G>A	1	87904	1.1376047E-5	8.173781	40.0	TRUE	G	3.1221858E-5	36.0	0.083823815	0.9955452	38.793674	0.08321198	0.9929951	0.0
SPIKE	S75:G>C	0	87904	0.0	9999.0	0.0	TRUE	G	2.5353836E-5	0.0	0.043071657	0.996381	42.201576	0.055187944	0.9968269	1.0
SPIKE	S75:G>T	0	87904	0.0	9999.0	0.0	TRUE	G	2.1439828E-5	9.0	0.056887664	0.9969388	33.114292	0.06034635	0.9970314	1.0
SPIKE	S76:T>C	2	87904	2.2752094E-5	14.430296	40.0	TRUE	T	4.1269337E-5	38.0	0.08115417	0.9941159	26.660578	0.103898644	0.99101996	0.0
SPIKE	S76:T>A	0	87904	0.0	9999.0	0.0	TRUE	T	9.333426E-6	0.0	0.14381514	0.9986662	7.7440777	0.12374067	0.9971208	1.0
SPIKE	S76:T>G	0	87904	0.0	9999.0	0.0	TRUE	T	6.64915E-5	3.0	0.01909997	0.99053675	134.7911	0.04420677	0.9966219	1.0
SPIKE	S77:T>A	0	87904	0.0	9999.0	0.0	TRUE	T	9.333426E-6	0.0	0.14381514	0.9986662	7.7440777	0.12374067	0.9971208	1.0
SPIKE	S77:T>G	0	87904	0.0	9999.0	0.0	TRUE	T	6.64915E-5	1.0	0.01909997	0.99053675	134.7911	0.04420677	0.9966219	1.0
SPIKE	S77:T>C	0	87904	0.0	9999.0	0.0	TRUE	T	2.8954324E-5	8.0	0.08115417	0.9958681	26.660578	0.103898644	0.99101996	1.0
SPIKE	S78:T>A	0	87904	0.0	9999.0	0.0	TRUE	T	9.333426E-6	0.0	0.14381514	0.9986662	7.7440777	0.12374067	0.9971208	1.0
SPIKE	S78:T>G	0	87904	0.0	9999.0	0.0	TRUE	T	5.4262223E-6	11.0	0.01909997	0.99922436	134.7911	0.04420677	0.9966219	0.0
SPIKE	S78:T>C	0	87904	0.0	9999.0	0.0	TRUE	T	2.8954324E-5	6.0	0.08115417	0.9958681	26.660578	0.103898644	0.99101996	1.0
SPIKE	S79:G>A	3	87904	3.412814E-5	29.0441	40.0	TRUE	G	2.6018213E-5	30.0	0.083823815	0.99628633	38.793674	0.08321198	0.9929951	0.0
SPIKE	S79:G>C	0	87904	0.0	9999.0	0.0	TRUE	G	6.0077937E-6	10.0	0.043071657	0.9991413	42.201576	0.055187944	0.9968269	0.0
SPIKE	S79:G>T	0	87904	0.0	9999.0	0.0	TRUE	G	2.1439828E-5	1.0	0.056887664	0.9969388	33.114292	0.06034635	0.9970314	1.0
SPIKE	S80:C>A	2	87904	2.2752094E-5	41.600185	40.0	TRUE	C	1.686836E-6	2.0	0.4879756	0.99975884	1.150115	0.25179642	0.9662849	1.0
SPIKE	S80:C>T	4	87904	4.5504188E-5	34.045822	40.0	TRUE	C	3.9796574E-5	55.0	0.050641138	0.9943253	81.68132	0.0669979	0.9936327	0.0
SPIKE	S80:C>G	0	87904	0.0	9999.0	0.0	TRUE	C	5.8310916E-6	10.0	0.05355796	0.9991665	39.879868	0.054158233	0.9974907	0.0
SPIKE	S81:G>A	4	87904	4.5504188E-5	34.73252	40.0	TRUE	G	3.8160048E-5	44.0	0.083823815	0.994558	38.793674	0.08321198	0.9929951	0.0
SPIKE	S81:G>C	0	87904	0.0	9999.0	0.0	TRUE	G	2.5353836E-5	0.0	0.043071657	0.996381	42.201576	0.055187944	0.9968269	1.0
SPIKE	S81:G>T	0	87904	0.0	9999.0	0.0	TRUE	G	2.1439828E-5	1.0	0.056887664	0.9969388	33.114292	0.06034635	0.9970314	1.0
SPIKE	S82:G>A	7	87904	7.963233E-5	69.597404	40.0	TRUE	G	3.9894596E-5	46.0	0.083823815	0.99431133	38.793674	0.08321198	0.9929951	0.0
SPIKE	S82:G>C	0	87904	0.0	9999.0	0.0	TRUE	G	2.5353836E-5	9.0	0.043071657	0.996381	42.201576	0.055187944	0.9968269	1.0
SPIKE	S82:G>T	0	87904	0.0	9999.0	0.0	TRUE	G	2.1439828E-5	1.0	0.056887664	0.9969388	33.114292	0.06034635	0.9970314	1.0
SPIKE	S83:C>A	3	87904	3.412814E-5	64.161194	40.0	TRUE	C	1.686836E-6	0.0	0.4879756	0.99975884	1.150115	0.25179642	0.9662849	1.0
SPIKE	S83:C>T	2	87904	2.2752094E-5	17.962334	40.0	TRUE	C	2.6772239E-5	37.0	0.050641138	0.99617887	81.68132	0.0669979	0.9936327	0.0
SPIKE	S83:C>G	0	87904	0.0	9999.0	0.0	TRUE	C	6.414201E-6	11.0	0.05355796	0.99908316	39.879868	0.054158233	0.9974907	0.0
SPIKE	S84:G>A	3	87904	3.412814E-5	22.771828	40.0	TRUE	G	4.336369E-5	50.0	0.083823815	0.99381816	38.793674	0.08321198	0.9929951	0.0
SPIKE	S84:G>C	0	87904	0.0	9999.0	0.0	TRUE	G	2.5353836E-5	0.0	0.043071657	0.996381	42.201576	0.055187944	0.9968269	1.0
SPIKE	S84:G>T	0	87904	0.0	9999.0	0.0	TRUE	G	2.1439828E-5	0.0	0.056887664	0.9969388	33.114292	0.06034635	0.9970314	1.0
SPIKE	S85:A>G	0	87904	0.0	9999.0	0.0	TRUE	A	3.9390845E-5	5.0	0.06627623	0.9943829	44.34444	0.08362697	0.9891937	1.0
SPIKE	S85:A>C	0	87904	0.0	9999.0	0.0	TRUE	A	1.3708776E-5	0.0	0.052165877	0.99804157	14.5320215	0.08748809	0.94634026	1.0
SPIKE	S85:A>T	0	87904	0.0	9999.0	0.0	TRUE	A	1.3983383E-5	10.0	0.18418929	0.99800235	5.938614	0.15067163	0.9929826	0.0
SPIKE	S86:T>A	0	87904	0.0	9999.0	0.0	TRUE	T	9.333426E-6	0.0	0.14381514	0.9986662	7.7440777	0.12374067	0.9971208	1.0
SPIKE	S86:T>G	0	87904	0.0	9999.0	0.0	TRUE	T	6.64915E-5	0.0	0.01909997	0.99053675	134.7911	0.04420677	0.9966219	1.0
SPIKE	S86:T>C	0	87904	0.0	9999.0	0.0	TRUE	T	2.0634669E-5	19.0	0.08115417	0.99705356	26.660578	0.103898644	0.99101996	0.0
SPIKE	S87:T>A	0	87904	0.0	9999.0	0.0	TRUE	T	9.333426E-6	1.0	0.14381514	0.9986662	7.7440777	0.12374067	0.9971208	1.0
SPIKE	S87:T>G	0	87904	0.0	9999.0	0.0	TRUE	T	6.64915E-5	3.0	0.01909997	0.99053675	134.7911	0.04420677	0.9966219	1.0
SPIKE	S87:T>C	0	87904	0.0	9999.0	0.0	TRUE	T	2.8954324E-5	6.0	0.08115417	0.9958681	26.660578	0.103898644	0.99101996	1.0
SPIKE	S88:T>A	0	87904	0.0	9999.0	0.0	TRUE	T	9.333426E-6	1.0	0.14381514	0.9986662	7.7440777	0.12374067	0.9971208	1.0
SPIKE	S88:T>G	0	87904	0.0	9999.0	0.0	TRUE	T	6.64915E-5	0.0	0.01909997	0.99053675	134.7911	0.04420677	0.9966219	1.0
SPIKE	S88:T>C	0	87904	0.0	9999.0	0.0	TRUE	T	2.8954324E-5	6.0	0.08115417	0.9958681	26.660578	0.103898644	0.99101996	1.0
SPIKE	S89:A>G	0	87904	0.0	9999.0	0.0	TRUE	A	3.9390845E-5	5.0	0.06627623	0.9943829	44.34444	0.08362697	0.9891937	1.0
SPIKE	S89:A>C	0	87904	0.0	9999.0	0.0	TRUE	A	1.3708776E-5	0.0	0.052165877	0.99804157	14.5320215	0.08748809	0.94634026	1.0
SPIKE	S89:A>T	0	87904	0.0	9999.0	0.0	TRUE	A	8.304191E-6	1.0	0.18418929	0.9988132	5.938614	0.15067163	0.9929826	1.0
SPIKE	S90:T>A	0	87904	0.0	9999.0	0.0	TRUE	T	9.333426E-6	0.0	0.14381514	0.9986662	7.7440777	0.12374067	0.9971208	1.0
SPIKE	S90:T>G	0	87904	0.0	9999.0	0.0	TRUE	T	6.64915E-5	0.0	0.01909997	0.99053675	134.7911	0.04420677	0.9966219	1.0
SPIKE	S90:T>C	0	87904	0.0	9999.0	0.0	TRUE	T	2.8954324E-5	5.0	0.08115417	0.9958681	26.660578	0.103898644	0.99101996	1.0
SPIKE	S91:C>A	1	87904	1.1376047E-5	20.78816	40.0	TRUE	C	1.686836E-6	0.0	0.4879756	0.99975884	1.150115	0.25179642	0.9662849	1.0
SPIKE	S91:C>T	1	87904	1.1376047E-5	8.495061	40.0	TRUE	C	2.8942963E-5	40.0	0.050641138	0.9958697	81.68132	0.0669979	0.9936327	0.0
SPIKE	S91:C>G	0	87904	0.0	9999.0	0.0	TRUE	C	2.3254317E-5	0.0	0.05355796	0.99668014	39.879868	0.054158233	0.9974907	1.0
SPIKE	S92:G>A	12	87904	1.3651256E-4	139.72095	39.583332	TRUE	G	3.9894596E-5	46.0	0.083823815	0.99431133	38.793674	0.08321198	0.9929951	0.0
SPIKE	S92:G>C	0	87904	0.0	9999.0	0.0	TRUE	G	2.5353836E-5	0.0	0.043071657	0.996381	42.201576	0.055187944	0.9968269	1.0
SPIKE	S92:G>T	0	87904	0.0	9999.0	0.0	TRUE	G	2.1439828E-5	0.0	0.056887664	0.9969388	33.114292	0.06034635	0.9970314	1.0
SPIKE	S93:T>A	0	87904	0.0	9999.0	0.0	TRUE	T	9.333426E-6	2.0	0.14381514	0.9986662	7.7440777	0.12374067	0.9971208	1.0
SPIKE	S93:T>G	0	87904	0.0	9999.0	0.0	TRUE	T	6.64915E-5	5.0	0.01909997	0.99053675	134.7911	0.04420677	0.9966219	1.0
SPIKE	S93:T>C	0	87904	0.0	9999.0	0.0	TRUE	T	3.366709E-5	31.0	0.08115417	0.9951972	26.660578	0.103898644	0.99101996	0.0
SPIKE	S94:C>A	4	87904	4.5504188E-5	87.96683	39.5	TRUE	C	1.686836E-6	0.0	0.4879756	0.99975884	1.150115	0.25179642	0.9662849	1.0
SPIKE	S94:C>T	4	87904	4.5504188E-5	40.148033	39.25	TRUE	C	2.7495815E-5	38.0	0.050641138	0.9960758	81.68132	0.0669979	0.9936327	0.0
SPIKE	S94:C>G	0	87904	0.0	9999.0	0.0	TRUE	C	2.3254317E-5	0.0	0.05355796	0.99668014	39.879868	0.054158233	0.9974907	1.0
SPIKE	S95:G>A	8	87904	9.1008376E-5	82.714874	39.25	TRUE	G	3.9894596E-5	46.0	0.083823815	0.99431133	38.793674	0.08321198	0.9929951	0.0
SPIKE	S95:G>C	0	87904	0.0	9999.0	0.0	TRUE	G	2.5353836E-5	0.0	0.043071657	0.996381	42.201576	0.055187944	0.9968269	1.0
SPIKE	S95:G>T	0	87904	0.0	9999.0	0.0	TRUE	G	2.1439828E-5	0.0	0.056887664	0.9969388	33.114292	0.06034635	0.9970314	1.0
SPIKE	S96:T>C	1	87904	1.1376047E-5	5.956278	38.0	TRUE	T	5.321572E-5	49.0	0.08115417	0.992419	26.660578	0.103898644	0.99101996	0.0
SPIKE	S96:T>A	0	87904	0.0	9999.0	0.0	TRUE	T	9.333426E-6	2.0	0.14381514	0.9986662	7.7440777	0.12374067	0.9971208	1.0
SPIKE	S96:T>G	0	87904	0.0	9999.0	0.0	TRUE	T	6.64915E-5	0.0	0.01909997	0.99053675	134.7911	0.04420677	0.9966219	1.0
SPIKE	S97:C>T	2	87904	2.2752094E-5	19.16786	39.0	TRUE	C	2.3154369E-5	32.0	0.050641138	0.9966944	81.68132	0.0669979	0.9936327	0.0
SPIKE	S97:C>A	0	87904	0.0	9999.0	0.0	TRUE	C	1.686836E-6	0.0	0.4879756	0.99975884	1.150115	0.25179642	0.9662849	1.0
SPIKE	S97:C>G	0	87904	0.0	9999.0	0.0	TRUE	C	2.3254317E-5	0.0	0.05355796	0.99668014	39.879868	0.054158233	0.9974907	1.0
SPIKE	S98:A>G	1	87904	1.1376047E-5	12.442621	40.0	TRUE	A	1.1547806E-5	13.0	0.06627623	0.99835	44.34444	0.08362697	0.9891937	0.0
SPIKE	S98:A>C	0	87904	0.0	9999.0	0.0	TRUE	A	1.3708776E-5	1.0	0.052165877	0.99804157	14.5320215	0.08748809	0.94634026	1.0
SPIKE	S98:A>T	0	87904	0.0	9999.0	0.0	TRUE	A	8.304191E-6	0.0	0.18418929	0.9988132	5.938614	0.15067163	0.9929826	1.0
SPIKE	S99:T>A	0	87904	0.0	9999.0	0.0	TRUE	T	9.333426E-6	0.0	0.14381514	0.9986662	7.7440777	0.12374067	0.9971208	1.0
SPIKE	S99:T>G	0	87904	0.0	9999.0	0.0	TRUE	T	6.64915E-5	0.0	0.01909997	0.99053675	134.7911	0.04420677	0.9966219	1.0
SPIKE	S99:T>C	0	87904	0.0	9999.0	0.0	TRUE	T	2.8954324E-5	3.0	0.08115417	0.9958681	26.660578	0.103898644	0.99101996	1.0
SPIKE	S100:C>T	3	87904	3.412814E-5	25.472633	39.666668	TRUE	C	3.4731554E-5	48.0	0.050641138	0.9950457	81.68132	0.0669979	0.9936327	0.0
SPIKE	S100:C>A	5	87904	5.688023E-5	112.73918	39.4	TRUE	C	1.686836E-6	0.0	0.4879756	0.99975884	1.150115	0.25179642	0.9662849	1.0
SPIKE	S100:C>G	0	87904	0.0	9999.0	0.0	TRUE	C	2.3254317E-5	0.0	0.05355796	0.99668014	39.879868	0.054158233	0.9974907	1.0
SPIKE	S101:G>A	6	87904	6.825628E-5	56.51301	39.166668	TRUE	G	4.0761868E-5	47.0	0.083823815	0.994188	38.793674	0.08321198	0.9929951	0.0
SPIKE	S101:G>C	0	87904	0.0	9999.0	0.0	TRUE	G	2.5353836E-5	0.0	0.043071657	0.996381	42.201576	0.055187944	0.9968269	1.0
SPIKE	S101:G>T	0	87904	0.0	9999.0	0.0	TRUE	G	2.1439828E-5	0.0	0.056887664	0.9969388	33.114292	0.06034635	0.9970314	1.0
SPIKE	S102:T>C	2	87904	2.2752094E-5	19.701176	40.0	TRUE	T	2.1720703E-5	20.0	0.08115417	0.9968988	26.660578	0.103898644	0.99101996	0.0
SPIKE	S102:T>A	0	87904	0.0	9999.0	0.0	TRUE	T	9.333426E-6	1.0	0.14381514	0.9986662	7.7440777	0.12374067	0.9971208	1.0
SPIKE	S102:T>G	0	87904	0.0	9999.0	0.0	TRUE	T	6.64915E-5	2.0	0.01909997	0.99053675	134.7911	0.04420677	0.9966219	1.0
SPIKE	S103:G>A	4	87904	4.5504188E-5	41.63549	39.5	TRUE	G	2.515094E-5	29.0	0.083823815	0.9964099	38.793674	0.08321198	0.9929951	0.0
SPIKE	S103:G>C	0	87904	0.0	9999.0	0.0	TRUE	G	2.5353836E-5	0.0	0.043071657	0.996381	42.201576	0.055187944	0.9968269	1.0
SPIKE	S103:G>T	0	87904	0.0	9999.0	0.0	TRUE	G	2.1439828E-5	0.0	0.056887664	0.9969388	33.114292	0.06034635	0.9970314	1.0
SPIKE	S104:G>A	2	87904	2.2752094E-5	14.033627	40.0	TRUE	G	4.336369E-5	50.0	0.083823815	0.99381816	38.793674	0.08321198	0.9929951	0.0
SPIKE	S104:G>C	0	87904	0.0	9999.0	0.0	TRUE	G	2.5353836E-5	2.0	0.043071657	0.996381	42.201576	0.055187944	0.9968269	1.0
SPIKE	S104:G>T	0	87904	0.0	9999.0	0.0	TRUE	G	2.1439828E-5	1.0	0.056887664	0.9969388	33.114292	0.06034635	0.9970314	1.0
SPIKE	S105:C>T	10	87904	1.1376046E-4	112.86818	34.0	TRUE	C	3.762585E-5	52.0	0.050641138	0.994634	81.68132	0.0669979	0.9936327	0.0
SPIKE	S105:C>A	1	87904	1.1376047E-5	20.78816	40.0	TRUE	C	1.686836E-6	0.0	0.4879756	0.99975884	1.150115	0.25179642	0.9662849	1.0
SPIKE	S105:C>G	0	87904	0.0	9999.0	0.0	TRUE	C	2.3254317E-5	7.0	0.05355796	0.99668014	39.879868	0.054158233	0.9974907	1.0
SPIKE	S106:G>A	4	87904	4.5504188E-5	32.011955	39.75	TRUE	G	4.5098237E-5	52.0	0.083823815	0.9935717	38.793674	0.08321198	0.9929951	0.0
SPIKE	S106:G>C	0	87904	0.0	9999.0	0.0	TRUE	G	2.5353836E-5	0.0	0.043071657	0.996381	42.201576	0.055187944	0.9968269	1.0
SPIKE	S106:G>T	0	87904	0.0	9999.0	0.0	TRUE	G	2.1439828E-5	0.0	0.056887664	0.9969388	33.114292	0.06034635	0.9970314	1.0
SPIKE	S107:G>A	6	87904	6.825628E-5	50.908672	39.333332	TRUE	G	5.1169154E-5	59.0	0.083823815	0.9927095	38.793674	0.08321198	0.9929951	0.0
SPIKE	S107:G>C	0	87904	0.0	9999.0	0.0	TRUE	G	2.5353836E-5	0.0	0.043071657	0.996381	42.201576	0.055187944	0.9968269	1.0
SPIKE	S107:G>T	0	87904	0.0	9999.0	0.0	TRUE	G	2.1439828E-5	0.0	0.056887664	0.9969388	33.114292	0.06034635	0.9970314	1.0
SPIKE	S108:C>T	4	87904	4.5504188E-5	33.463173	40.0	TRUE	C	4.1243722E-5	57.0	0.050641138	0.9941195	81.68132	0.0669979	0.9936327	0.0
SPIKE	S108:C>A	0	87904	0.0	9999.0	0.0	TRUE	C	1.686836E-6	1.0	0.4879756	0.99975884	1.150115	0.25179642	0.9662849	1.0
SPIKE	S108:C>G	0	87904	0.0	9999.0	0.0	TRUE	C	2.3254317E-5	0.0	0.05355796	0.99668014	39.879868	0.054158233	0.9974907	1.0
SPIKE	S109:A>G	1	87904	1.1376047E-5	7.196435	40.0	TRUE	A	3.9390845E-5	9.0	0.06627623	0.9943829	44.34444	0.08362697	0.9891937	1.0
SPIKE	S109:A>C	0	87904	0.0	9999.0	0.0	TRUE	A	1.3708776E-5	0.0	0.052165877	0.99804157	14.5320215	0.08748809	0.94634026	1.0
SPIKE	S109:A>T	0	87904	0.0	9999.0	0.0	TRUE	A	8.304191E-6	0.0	0.18418929	0.9988132	5.938614	0.15067163	0.9929826	1.0
SPIKE	S110:G>A	9	87904	1.02384416E-4	100.68308	39.11111	TRUE	G	3.5558227E-5	41.0	0.083823815	0.99492806	38.793674	0.08321198	0.9929951	0.0
SPIKE	S110:G>C	0	87904	0.0	9999.0	0.0	TRUE	G	2.5353836E-5	0.0	0.043071657	0.996381	42.201576	0.055187944	0.9968269	1.0
SPIKE	S110:G>T	0	87904	0.0	9999.0	0.0	TRUE	G	2.1439828E-5	0.0	0.056887664	0.9969388	33.114292	0.06034635	0.9970314	1.0
SPIKE	S111:C>T	2	87904	2.2752094E-5	14.577542	39.5	TRUE	C	4.0520146E-5	56.0	0.050641138	0.9942224	81.68132	0.0669979	0.9936327	0.0
SPIKE	S111:C>A	2	87904	2.2752094E-5	41.600185	39.5	TRUE	C	1.686836E-6	0.0	0.4879756	0.99975884	1.150115	0.25179642	0.9662849	1.0
SPIKE	S111:C>G	0	87904	0.0	9999.0	0.0	TRUE	C	2.3254317E-5	0.0	0.05355796	0.99668014	39.879868	0.054158233	0.9974907	1.0
SPIKE	S112:G>A	1	87903	1.1376176E-5	9.09293	38.0	TRUE	G	2.5151227E-5	29.0	0.083823815	0.99640983	38.793236	0.08321198	0.9929951	0.0
SPIKE	S112:G>C	0	87903	0.0	9999.0	0.0	TRUE	G	2.5353836E-5	0.0	0.043071657	0.996381	42.2011	0.055187944	0.9968269	1.0
SPIKE	S112:G>T	0	87903	0.0	9999.0	0.0	TRUE	G	2.1439828E-5	0.0	0.056887664	0.9969388	33.11392	0.06034635	0.9970314	1.0
SPIKE	S113:T>C	1	87903	1.1376176E-5	8.285484	40.0	TRUE	T	3.040933E-5	28.0	0.08115417	0.9956609	26.660275	0.103898644	0.99101996	0.0
SPIKE	S113:T>A	0	87903	0.0	9999.0	0.0	TRUE	T	9.333426E-6	0.0	0.14381514	0.9986662	7.7439895	0.12374067	0.9971208	1.0
SPIKE	S113:T>G	0	87903	0.0	9999.0	0.0	TRUE	T	6.64915E-5	4.0	0.01909997	0.99053675	134.78958	0.04420677	0.9966219	1.0
SPIKE	S114:G>A	3	87903	3.4128527E-5	31.837358	39.666668	TRUE	G	2.0814809E-5	24.0	0.083823815	0.99702793	38.793236	0.08321198	0.9929951	0.0
SPIKE	S114:G>C	0	87903	0.0	9999.0	0.0	TRUE	G	2.5353836E-5	0.0	0.043071657	0.996381	42.2011	0.055187944	0.9968269	1.0
SPIKE	S114:G>T	0	87903	0.0	9999.0	0.0	TRUE	G	2.1439828E-5	0.0	0.056887664	0.9969388	33.11392	0.06034635	0.9970314	1.0
SPIKE	S115:A>G	5	87903	5.688088E-5	40.6387	39.2	TRUE	A	4.9744962E-5	56.0	0.06627623	0.9929117	44.343937	0.08362697	0.9891937	0.0
SPIKE	S115:A>C	0	87903	0.0	9999.0	0.0	TRUE	A	1.3708776E-5	0.0	0.052165877	0.99804157	14.531857	0.08748809	0.94634026	1.0
SPIKE	S115:A>T	0	87903	0.0	9999.0	0.0	TRUE	A	8.304191E-6	0.0	0.18418929	0.9988132	5.938546	0.15067163	0.9929826	1.0
SPIKE	S116:C>T	2	87903	2.2752352E-5	17.115425	39.5	TRUE	C	2.9666873E-5	41.0	0.050641138	0.99576664	81.68039	0.0669979	0.9936327	0.0
SPIKE	S116:C>A	0	87903	0.0	9999.0	0.0	TRUE	C	1.686836E-6	0.0	0.4879756	0.99975884	1.1501019	0.25179642	0.9662849	1.0
SPIKE	S116:C>G	0	87903	0.0	9999.0	0.0	TRUE	C	2.3254317E-5	0.0	0.05355796	0.99668014	39.879414	0.054158233	0.9974907	1.0
SPIKE	S117:C>T	5	87903	5.688088E-5	54.59407	38.4	TRUE	C	2.532538E-5	35.0	0.050641138	0.99638504	81.68039	0.0669979	0.9936327	0.0
SPIKE	S117:C>A	1	87903	1.1376176E-5	20.78821	40.0	TRUE	C	1.686836E-6	1.0	0.4879756	0.99975884	1.1501019	0.25179642	0.9662849	1.0
SPIKE	S117:C>G	0	87903	0.0	9999.0	0.0	TRUE	C	2.3254317E-5	0.0	0.05355796	0.99668014	39.879414	0.054158233	0.9974907	1.0
SPIKE	S118:T>C	1	87903	1.1376176E-5	7.227676	39.0	TRUE	T	3.909771E-5	36.0	0.08115417	0.99442464	26.660275	0.103898644	0.99101996	0.0
SPIKE	S118:T>A	0	87903	0.0	9999.0	0.0	TRUE	T	9.333426E-6	4.0	0.14381514	0.9986662	7.7439895	0.12374067	0.9971208	1.0
SPIKE	S118:T>G	0	87903	0.0	9999.0	0.0	TRUE	T	6.64915E-5	1.0	0.01909997	0.99053675	134.78958	0.04420677	0.9966219	1.0
SPIKE	S119:A>G	3	87903	3.4128527E-5	32.07147	39.666668	TRUE	A	2.0430967E-5	23.0	0.06627623	0.99708265	44.343937	0.08362697	0.9891937	0.0
SPIKE	S119:A>C	0	87903	0.0	9999.0	0.0	TRUE	A	1.3708776E-5	4.0	0.052165877	0.99804157	14.531857	0.08748809	0.94634026	1.0
SPIKE	S119:A>T	0	87903	0.0	9999.0	0.0	TRUE	A	8.304191E-6	1.0	0.18418929	0.9988132	5.938546	0.15067163	0.9929826	1.0
SPIKE	S120:T>C	2	87903	2.2752352E-5	21.06339	39.5	TRUE	T	1.8462808E-5	17.0	0.08115417	0.9973633	26.660275	0.103898644	0.99101996	0.0
SPIKE	S120:T>A	0	87903	0.0	9999.0	0.0	TRUE	T	9.333426E-6	0.0	0.14381514	0.9986662	7.7439895	0.12374067	0.9971208	1.0
SPIKE	S120:T>G	0	87903	0.0	9999.0	0.0	TRUE	T	6.64915E-5	1.0	0.01909997	0.99053675	134.78958	0.04420677	0.9966219	1.0
SPIKE	S121:G>A	6	87903	6.825705E-5	73.412025	39.333332	TRUE	G	2.0814809E-5	24.0	0.083823815	0.99702793	38.793236	0.08321198	0.9929951	0.0
SPIKE	S121:G>C	0	87903	0.0	9999.0	0.0	TRUE	G	2.5353836E-5	0.0	0.043071657	0.996381	42.2011	0.055187944	0.9968269	1.0
SPIKE	S121:G>T	0	87903	0.0	9999.0	0.0	TRUE	G	2.1439828E-5	0.0	0.056887664	0.9969388	33.11392	0.06034635	0.9970314	1.0
SPIKE	S122:T>C	1	87903	1.1376176E-5	5.956278	39.0	TRUE	T	5.321633E-5	49.0	0.08115417	0.99241894	26.660275	0.103898644	0.99101996	0.0
SPIKE	S122:T>A	0	87903	0.0	9999.0	0.0	TRUE	T	9.333426E-6	0.0	0.14381514	0.9986662	7.7439895	0.12374067	0.9971208	1.0
SPIKE	S122:T>G	0	87903	0.0	9999.0	0.0	TRUE	T	6.64915E-5	0.0	0.01909997	0.99053675	134.78958	0.04420677	0.9966219	1.0
SPIKE	S123:G>A	6	87903	6.825705E-5	70.422905	39.666668	TRUE	G	2.3416658E-5	27.0	0.083823815	0.996657	38.793236	0.08321198	0.9929951	0.0
SPIKE	S123:G>C	0	87903	0.0	9999.0	0.0	TRUE	G	2.5353836E-5	0.0	0.043071657	0.996381	42.2011	0.055187944	0.9968269	1.0
SPIKE	S123:G>T	0	87903	0.0	9999.0	0.0	TRUE	G	2.1439828E-5	0.0	0.056887664	0.9969388	33.11392	0.06034635	0.9970314	1.0
SPIKE	S124:T>C	2	87903	2.2752352E-5	14.2219305	39.5	TRUE	T	4.2355852E-5	39.0	0.08115417	0.9939614	26.660275	0.103898644	0.99101996	0.0
SPIKE	S124:T>A	0	87903	0.0	9999.0	0.0	TRUE	T	9.333426E-6	0.0	0.14381514	0.9986662	7.7439895	0.12374067	0.9971208	1.0
SPIKE	S124:T>G	0	87903	0.0	9999.0	0.0	TRUE	T	6.64915E-5	1.0	0.01909997	0.99053675	134.78958	0.04420677	0.9966219	1.0
SPIKE	S125:G>A	2	87903	2.2752352E-5	16.695745	38.5	TRUE	G	3.122221E-5	36.0	0.083823815	0.99554515	38.793236	0.08321198	0.9929951	0.0
SPIKE	S125:G>C	0	87903	0.0	9999.0	0.0	TRUE	G	2.5353836E-5	0.0	0.043071657	0.996381	42.2011	0.055187944	0.9968269	1.0
SPIKE	S125:G>T	0	87903	0.0	9999.0	0.0	TRUE	G	2.1439828E-5	0.0	0.056887664	0.9969388	33.11392	0.06034635	0.9970314	1.0
SPIKE	S126:C>T	5	87903	5.688088E-5	46.35173	33.4	TRUE	C	3.762628E-5	52.0	0.050641138	0.9946339	81.68039	0.0669979	0.9936327	0.0
SPIKE	S126:C>A	0	87903	0.0	9999.0	0.0	TRUE	C	1.686836E-6	3.0	0.4879756	0.99975884	1.1501019	0.25179642	0.9662849	1.0
SPIKE	S126:C>G	0	87903	0.0	9999.0	0.0	TRUE	C	2.3254317E-5	7.0	0.05355796	0.99668014	39.879414	0.054158233	0.9974907	1.0
SPIKE	S127:G>A	4	87903	4.5504705E-5	36.297634	39.25	TRUE	G	3.4691348E-5	40.0	0.083823815	0.99505144	38.793236	0.08321198	0.9929951	0.0
SPIKE	S127:G>C	0	87903	0.0	9999.0	0.0	TRUE	G	2.5353836E-5	1.0	0.043071657	0.996381	42.2011	0.055187944	0.9968269	1.0
SPIKE	S127:G>T	0	87903	0.0	9999.0	0.0	TRUE	G	2.1439828E-5	0.0	0.056887664	0.9969388	33.11392	0.06034635	0.9970314	1.0
SPIKE	S128:G>A	4	87903	4.5504705E-5	35.109234	39.0	TRUE	G	3.7293197E-5	43.0	0.083823815	0.99468124	38.793236	0.08321198	0.9929951	0.0
SPIKE	S128:G>C	0	87903	0.0	9999.0	0.0	TRUE	G	2.5353836E-5	0.0	0.043071657	0.996381	42.2011	0.055187944	0.9968269	1.0
SPIKE	S128:G>T	0	87903	0.0	9999.0	0.0	TRUE	G	2.1439828E-5	1.0	0.056887664	0.9969388	33.11392	0.06034635	0.9970314	1.0
SPIKE	S129:C>A	6	87903	6.825705E-5	138.29042	39.5	TRUE	C	1.686836E-6	1.0	0.4879756	0.99975884	1.1501019	0.25179642	0.9662849	1.0
SPIKE	S129:C>T	3	87903	3.4128527E-5	26.542406	33.333332	TRUE	C	3.183762E-5	44.0	0.050641138	0.9954576	81.68039	0.0669979	0.9936327	0.0
SPIKE	S129:C>G	0	87903	0.0	9999.0	0.0	TRUE	C	2.3254317E-5	4.0	0.05355796	0.99668014	39.879414	0.054158233	0.9974907	1.0
SPIKE	S130:G>A	10	87903	1.1376176E-4	108.61786	39.7	TRUE	G	4.1629617E-5	48.0	0.083823815	0.9940646	38.793236	0.08321198	0.9929951	0.0
SPIKE	S130:G>C	0	87903	0.0	9999.0	0.0	TRUE	G	2.5353836E-5	1.0	0.043071657	0.996381	42.2011	0.055187944	0.9968269	1.0
SPIKE	S130:G>T	0	87903	0.0	9999.0	0.0	TRUE	G	2.1439828E-5	0.0	0.056887664	0.9969388	33.11392	0.06034635	0.9970314	1.0
SPIKE	S131:G>A	4	87903	4.5504705E-5	24.782827	39.75	TRUE	G	7.111726E-5	82.0	0.083823815	0.98988175	38.793236	0.08321198	0.9929951	0.0
SPIKE	S131:G>C	0	87903	0.0	9999.0	0.0	TRUE	G	2.5353836E-5	0.0	0.043071657	0.996381	42.2011	0.055187944	0.9968269	1.0
SPIKE	S131:G>T	0	87903	0.0	9999.0	0.0	TRUE	G	2.1439828E-5	0.0	0.056887664	0.9969388	33.11392	0.06034635	0.9970314	1.0
SPIKE	S132:C>T	1	87903	1.1376176E-5	8.188469	40.0	TRUE	C	3.111404E-5	43.0	0.050641138	0.9955606	81.68039	0.0669979	0.9936327	0.0
SPIKE	S132:C>A	0	87903	0.0	9999.0	0.0	TRUE	C	1.686836E-6	0.0	0.4879756	0.99975884	1.1501019	0.25179642	0.9662849	1.0
SPIKE	S132:C>G	0	87903	0.0	9999.0	0.0	TRUE	C	2.3254317E-5	1.0	0.05355796	0.99668014	39.879414	0.054158233	0.9974907	1.0
SPIKE	S133:A>G	0	87903	0.0	9999.0	0.0	TRUE	A	3.9390845E-5	0.0	0.06627623	0.9943829	44.343937	0.08362697	0.9891937	1.0
SPIKE	S133:A>C	0	87903	0.0	9999.0	0.0	TRUE	A	1.3708776E-5	2.0	0.052165877	0.99804157	14.531857	0.08748809	0.94634026	1.0
SPIKE	S133:A>T	0	87903	0.0	9999.0	0.0	TRUE	A	8.304191E-6	0.0	0.18418929	0.9988132	5.938546	0.15067163	0.9929826	1.0
SPIKE	S134:G>A	0	87903	0.0	9999.0	0.0	TRUE	G	1.3009255E-5	15.0	0.083823815	0.9981414	38.793236	0.08321198	0.9929951	0.0
SPIKE	S134:G>C	0	87903	0.0	9999.0	0.0	TRUE	G	6.007862E-6	10.0	0.043071657	0.9991412	42.2011	0.055187944	0.9968269	0.0
SPIKE	S134:G>T	0	87903	0.0	9999.0	0.0	TRUE	G	2.1439828E-5	1.0	0.056887664	0.9969388	33.11392	0.06034635	0.9970314	1.0
SPIKE	S135:C>A	0	87903	0.0	9999.0	0.0	TRUE	C	1.686836E-6	1.0	0.4879756	0.99975884	1.1501019	0.25179642	0.9662849	1.0
SPIKE	S135:C>G	0	87903	0.0	9999.0	0.0	TRUE	C	2.3254317E-5	1.0	0.05355796	0.99668014	39.879414	0.054158233	0.9974907	1.0
SPIKE	S135:C>T	0	87903	0.0	9999.0	0.0	TRUE	C	3.545553E-5	49.0	0.050641138	0.99494267	81.68039	0.0669979	0.9936327	0.0
SPIKE	S136:C>A	0	87903	0.0	9999.0	0.0	TRUE	C	1.686836E-6	1.0	0.4879756	0.99975884	1.1501019	0.25179642	0.9662849	1.0
SPIKE	S136:C>G	0	87903	0.0	9999.0	0.0	TRUE	C	2.3254317E-5	1.0	0.05355796	0.99668014	39.879414	0.054158233	0.9974907	1.0
SPIKE	S136:C>T	0	87903	0.0	9999.0	0.0	TRUE	C	2.3154633E-5	32.0	0.050641138	0.9966944	81.68039	0.0669979	0.9936327	0.0
SPIKE	S137:T>A	0	87903	0.0	9999.0	0.0	TRUE	T	9.333426E-6	1.0	0.14381514	0.9986662	7.7439895	0.12374067	0.9971208	1.0
SPIKE	S137:T>G	0	87903	0.0	9999.0	0.0	TRUE	T	7.892777E-6	16.0	0.01909997	0.998872	134.78958	0.04420677	0.9966219	0.0
SPIKE	S137:T>C	0	87903	0.0	9999.0	0.0	TRUE	T	2.8954324E-5	0.0	0.08115417	0.9958681	26.660275	0.103898644	0.99101996	1.0
SPIKE	S138:G>A	0	87903	0.0	9999.0	0.0	TRUE	G	6.331171E-5	73.0	0.083823815	0.9909873	38.793236	0.08321198	0.9929951	0.0
SPIKE	S138:G>C	0	87903	0.0	9999.0	0.0	TRUE	G	2.5353836E-5	0.0	0.043071657	0.996381	42.2011	0.055187944	0.9968269	1.0
SPIKE	S138:G>T	0	87903	0.0	9999.0	0.0	TRUE	G	2.1439828E-5	7.0	0.056887664	0.9969388	33.11392	0.06034635	0.9970314	1.0
SPIKE	S139:A>G	0	87903	0.0	9999.0	0.0	TRUE	A	8.883029E-6	10.0	0.06627623	0.99873054	44.343937	0.08362697	0.9891937	0.0
SPIKE	S139:A>C	0	87903	0.0	9999.0	0.0	TRUE	A	1.3708776E-5	0.0	0.052165877	0.99804157	14.531857	0.08748809	0.94634026	1.0
SPIKE	S139:A>T	0	87903	0.0	9999.0	0.0	TRUE	A	1.524206E-4	109.0	0.18418929	0.9784397	5.938546	0.15067163	0.9929826	0.0
SPIKE	S140:T>A	0	87903	0.0	9999.0	0.0	TRUE	T	2.8925946E-5	24.0	0.14381514	0.99587214	7.7439895	0.12374067	0.9971208	0.0
SPIKE	S140:T>G	0	87903	0.0	9999.0	0.0	TRUE	T	5.426284E-6	11.0	0.01909997	0.99922436	134.78958	0.04420677	0.9966219	0.0
SPIKE	S140:T>C	0	87903	0.0	9999.0	0.0	TRUE	T	2.8954324E-5	2.0	0.08115417	0.9958681	26.660275	0.103898644	0.99101996	1.0
SPIKE	S141:T>A	0	87903	0.0	9999.0	0.0	TRUE	T	2.603335E-4	216.0	0.14381514	0.96345675	7.7439895	0.12374067	0.9971208	0.0
SPIKE	S141:T>G	0	87903	0.0	9999.0	0.0	TRUE	T	9.865971E-6	20.0	0.01909997	0.9985902	134.78958	0.04420677	0.9966219	0.0
SPIKE	S141:T>C	0	87903	0.0	9999.0	0.0	TRUE	T	1.1946522E-5	11.0	0.08115417	0.9982931	26.660275	0.103898644	0.99101996	0.0
SPIKE	S142:A>G	0	87903	0.0	9999.0	0.0	TRUE	A	3.2778375E-4	369.0	0.06627623	0.9542085	44.343937	0.08362697	0.9891937	0.0
SPIKE	S142:A>C	0	87903	0.0	9999.0	0.0	TRUE	A	3.679105E-5	39.0	0.052165877	0.9947527	14.531857	0.08748809	0.94634026	0.0
SPIKE	S142:A>T	0	87903	0.0	9999.0	0.0	TRUE	A	5.5934168E-5	40.0	0.18418929	0.9920333	5.938546	0.15067163	0.9929826	0.0
SPIKE	S143:G>A	0	87903	0.0	9999.0	0.0	TRUE	G	5.637344E-5	65.0	0.083823815	0.991971	38.793236	0.08321198	0.9929951	0.0
SPIKE	S143:G>C	0	87903	0.0	9999.0	0.0	TRUE	G	3.7789452E-4	629.0	0.043071657	0.94739527	42.2011	0.055187944	0.9968269	0.0
SPIKE	S143:G>T	0	87903	0.0	9999.0	0.0	TRUE	G	2.1439828E-5	3.0	0.056887664	0.9969388	33.11392	0.06034635	0.9970314	1.0
SPIKE	S144:C>A	0	87903	0.0	9999.0	0.0	TRUE	C	1.686836E-6	0.0	0.4879756	0.99975884	1.1501019	0.25179642	0.9662849	1.0
SPIKE	S144:C>G	0	87903	0.0	9999.0	0.0	TRUE	C	4.0818108E-5	70.0	0.05355796	0.99418	39.879414	0.054158233	0.9974907	0.0
SPIKE	S144:C>T	0	87903	0.0	9999.0	0.0	TRUE	C	3.473195E-5	48.0	0.050641138	0.99504566	81.68039	0.0669979	0.9936327	0.0
SPIKE	S145:C>A	0	87903	0.0	9999.0	0.0	TRUE	C	1.686836E-6	0.0	0.4879756	0.99975884	1.1501019	0.25179642	0.9662849	1.0
SPIKE	S145:C>G	0	87903	0.0	9999.0	0.0	TRUE	C	3.207137E-5	55.0	0.05355796	0.9954243	39.879414	0.054158233	0.9974907	0.0
SPIKE	S145:C>T	0	87903	0.0	9999.0	0.0	TRUE	C	4.2691354E-5	59.0	0.050641138	0.9939137	81.68039	0.0669979	0.9936327	0.0
SPIKE	S146:C>A	0	87903	0.0	9999.0	0.0	TRUE	C	1.686836E-6	0.0	0.4879756	0.99975884	1.1501019	0.25179642	0.9662849	1.0
SPIKE	S146:C>G	0	87903	0.0	9999.0	0.0	TRUE	C	5.5396004E-4	950.0	0.05355796	0.9238401	39.879414	0.054158233	0.9974907	0.0
SPIKE	S146:C>T	0	87903	0.0	9999.0	0.0	TRUE	C	6.367524E-5	88.0	0.050641138	0.99093574	81.68039	0.0669979	0.9936327	0.0
SPIKE	S147:G>A	0	87903	0.0	9999.0	0.0	TRUE	G	1.4743822E-5	17.0	0.083823815	0.99789387	38.793236	0.08321198	0.9929951	0.0
SPIKE	S147:G>C	0	87903	0.0	9999.0	0.0	TRUE	G	7.81022E-5	130.0	0.043071657	0.9888935	42.2011	0.055187944	0.9968269	0.0
SPIKE	S147:G>T	0	87903	0.0	9999.0	0.0	TRUE	G	6.390398E-4	987.0	0.056887664	0.91266835	33.11392	0.06034635	0.9970314	0.0
SPIKE	S148:T>A	0	87903	0.0	9999.0	0.0	TRUE	T	9.333426E-6	0.0	0.14381514	0.9986662	7.7439895	0.12374067	0.9971208	1.0
SPIKE	S148:T>G	0	87903	0.0	9999.0	0.0	TRUE	T	0.0010714445	2172.0	0.01909997	0.8579439	134.78958	0.04420677	0.9966219	0.0
SPIKE	S148:T>C	0	87903	0.0	9999.0	0.0	TRUE	T	6.1904706E-5	57.0	0.08115417	0.9911867	26.660275	0.103898644	0.99101996	0.0
SPIKE	S149:G>A	0	87903	0.0	9999.0	0.0	TRUE	G	2.2549375E-5	26.0	0.083823815	0.99678063	38.793236	0.08321198	0.9929951	0.0
SPIKE	S149:G>C	0	87903	0.0	9999.0	0.0	TRUE	G	7.02319E-4	1169.0	0.043071657	0.90444696	42.2011	0.055187944	0.9968269	0.0
SPIKE	S149:G>T	0	87903	0.0	9999.0	0.0	TRUE	G	1.929421E-4	298.0	0.056887664	0.9727864	33.11392	0.06034635	0.9970314	0.0
SPIKE	S150:C>A	0	87900	0.0	9999.0	0.0	TRUE	C	1.686836E-6	0.0	0.4879756	0.99975884	1.1500627	0.25179642	0.9662849	1.0
SPIKE	S150:C>G	0	87900	0.0	9999.0	0.0	TRUE	C	2.6765928E-4	459.0	0.05355796	0.96244794	39.87805	0.054158233	0.9974907	0.0
SPIKE	S150:C>T	0	87900	0.0	9999.0	0.0	TRUE	C	0.0011628364	1607.0	0.050641138	0.8468043	81.677605	0.0669979	0.9936327	0.0
SPIKE	S151:T>A	0	87897	0.0	9999.0	0.0	TRUE	T	9.333426E-6	0.0	0.14381514	0.9986662	7.743461	0.12374067	0.9971208	1.0
SPIKE	S151:T>G	0	87897	0.0	9999.0	0.0	TRUE	T	0.0011943573	2421.0	0.01909997	0.842996	134.78038	0.04420677	0.9966219	0.0
SPIKE	S151:T>C	0	87897	0.0	9999.0	0.0	TRUE	T	1.9876026E-4	183.0	0.08115417	0.9719774	26.658455	0.103898644	0.99101996	0.0
SPIKE	S152:G>A	0	87879	0.0	9999.0	0.0	TRUE	G	1.6482889E-5	19.0	0.083823815	0.99764574	38.782642	0.08321198	0.9929951	0.0
SPIKE	S152:G>C	0	87879	0.0	9999.0	0.0	TRUE	G	2.5353836E-5	1.0	0.043071657	0.996381	42.189575	0.055187944	0.9968269	1.0
SPIKE	S152:G>T	0	87879	0.0	9999.0	0.0	TRUE	G	1.3082198E-4	202.0	0.056887664	0.98146635	33.104877	0.06034635	0.9970314	0.0
SPIKE	S153:G>A	0	87750	0.0	9999.0	0.0	TRUE	G	1.3900733E-5	16.0	0.083823815	0.99801415	38.72571	0.08321198	0.9929951	0.0
SPIKE	S153:G>C	0	87750	0.0	9999.0	0.0	TRUE	G	2.5353836E-5	1.0	0.043071657	0.996381	42.127644	0.055187944	0.9968269	1.0
SPIKE	S153:G>T	0	87750	0.0	9999.0	0.0	TRUE	G	2.1439828E-5	1.0	0.056887664	0.9969388	33.056282	0.06034635	0.9970314	1.0
