#pipeline_block
reference	mutation	count	coverage	freq	score	cqs	has.reference	ancestral.allele	error.rate	minor.count.local	minor.fdr	minor.recall	minor.count.global	read.fraction.in.minors	q.filtered.read.fraction	global.est
SPIKE	S0:T>A	0	125348	0.0	9999.0	0.0	TRUE	T	7.5325646E-5	227.0	0.0061658723	0.99077773	276.1111	0.041852415	0.99356264	0.0
SPIKE	S0:T>G	0	125348	0.0	9999.0	0.0	TRUE	T	3.0020385E-5	111.0	0.0020604986	0.9963143	1158.7728	0.033970855	0.9900067	0.0
SPIKE	S0:T>C	0	125348	0.0	9999.0	0.0	TRUE	T	3.8582168E-4	1061.0	0.0053111925	0.9536524	1088.2664	0.04582489	0.98452485	0.0
SPIKE	S1:A>G	0	125521	0.0	9999.0	0.0	TRUE	A	2.7582826E-4	833.0	0.0047917324	0.9666422	1428.9226	0.041763432	0.9894889	0.0
SPIKE	S1:A>C	0	125521	0.0	9999.0	0.0	TRUE	A	1.1117577E-5	28.0	0.0057816915	0.99863344	277.02774	0.050128736	0.9769059	0.0
SPIKE	S1:A>T	0	125521	0.0	9999.0	0.0	TRUE	A	1.9372297E-4	511.0	0.0066720936	0.9764537	268.9662	0.047905345	0.98786277	0.0
SPIKE	S2:G>A	0	125709	0.0	9999.0	0.0	TRUE	G	2.649352E-4	754.0	0.006810743	0.9679382	515.4321	0.044473637	0.9871098	0.0
SPIKE	S2:G>C	0	125709	0.0	9999.0	0.0	TRUE	G	1.8641276E-5	66.0	0.002998891	0.99770975	584.5177	0.035612497	0.9886437	0.0
SPIKE	S2:G>T	0	125709	0.0	9999.0	0.0	TRUE	G	5.462585E-6	18.0	0.003969335	0.9993283	427.46057	0.038301814	0.9896162	0.0
SPIKE	S3:C>A	0	125840	0.0	9999.0	0.0	TRUE	C	4.4815924E-6	11.0	0.00775146	0.9994489	192.01059	0.051669933	0.98440075	0.0
SPIKE	S3:C>G	0	125840	0.0	9999.0	0.0	TRUE	C	1.4346515E-4	505.0	0.0034937991	0.98250854	598.83936	0.035875153	0.9923479	0.0
SPIKE	S3:C>T	0	125840	0.0	9999.0	0.0	TRUE	C	1.5751834E-4	464.0	0.0048630843	0.9808117	701.29456	0.042928826	0.989535	0.0
SPIKE	S4:G>A	45	126023	3.570777E-4	415.43222	39.555557	TRUE	G	1.5842484E-4	452.0	0.006810743	0.9807024	516.7196	0.044473637	0.9871098	0.0
SPIKE	S4:G>C	1	126023	7.935059E-6	1.6825187	40.0	TRUE	G	1.2481076E-4	443.0	0.002998891	0.9847655	585.9777	0.035612497	0.9886437	0.0
SPIKE	S4:G>T	2	126023	1.5870119E-5	17.788313	40.0	TRUE	G	1.9071409E-5	63.0	0.003969335	0.99765694	428.5283	0.038301814	0.9896162	0.0
SPIKE	S5:T>A	8	126078	6.345278E-5	93.59004	39.625	TRUE	T	2.0124493E-5	61.0	0.0061658723	0.9975277	277.71912	0.041852415	0.99356264	0.0
SPIKE	S5:T>C	21	126078	1.6656355E-4	47.993916	39.238094	TRUE	T	5.112093E-4	1414.0	0.0053111925	0.93905735	1094.6042	0.04582489	0.98452485	0.0
SPIKE	S5:T>G	0	126078	0.0	9999.0	0.0	TRUE	T	1.495017E-4	556.0	0.0020604986	0.98177934	1165.5214	0.033970855	0.9900067	0.0
SPIKE	S6:G>A	45	126140	3.5674646E-4	463.75098	39.8	TRUE	G	1.2221014E-4	349.0	0.006810743	0.98508054	517.1993	0.044473637	0.9871098	0.0
SPIKE	S6:G>C	5	126140	3.9638497E-5	12.176541	40.0	TRUE	G	1.6509328E-4	5.0	0.002998891	0.97989833	586.5218	0.035612497	0.9886437	1.0
SPIKE	S6:G>T	0	126140	0.0	9999.0	0.0	TRUE	G	1.2521016E-4	414.0	0.003969335	0.98471713	428.92615	0.038301814	0.9896162	0.0
SPIKE	S7:A>G	6	126183	4.7549987E-5	0.79877394	39.666668	TRUE	A	6.278158E-4	1906.0	0.0047917324	0.9256849	1436.4587	0.041763432	0.9894889	0.0
SPIKE	S7:A>C	20	126183	1.5849996E-4	361.67596	39.9	TRUE	A	9.479358E-6	24.0	0.0057816915	0.9988347	278.48877	0.050128736	0.9769059	0.0
SPIKE	S7:A>T	23	126183	1.8227495E-4	295.8684	40.0	TRUE	A	3.62032E-5	96.0	0.0066720936	0.9955569	270.38474	0.047905345	0.98786277	0.0
SPIKE	D7-8:A>	127	126183	0.0010064747	9999.0	39.681564	TRUE		NaN	NaN	NaN	NaN	NaN	NaN	NaN	NaN
SPIKE	I7:>A	5	126183	3.962499E-5	9999.0	39.681564	TRUE		NaN	NaN	NaN	NaN	NaN	NaN	NaN	NaN
SPIKE	S8:A>G	3	126189	2.3773862E-5	0.05120648	39.333332	TRUE	A	6.491952E-4	1971.0	0.0047917324	0.9232539	1436.527	0.041763432	0.9894889	0.0
SPIKE	S8:A>C	17	126189	1.3471856E-4	271.71948	39.47059	TRUE	A	1.3428451E-5	34.0	0.0057816915	0.99834967	278.502	0.050128736	0.9769059	0.0
SPIKE	S8:A>T	24	126189	1.901909E-4	355.69858	39.916668	TRUE	A	2.3757222E-5	63.0	0.0066720936	0.9970821	270.39758	0.047905345	0.98786277	0.0
SPIKE	I9:>G	2	126195	1.5848489E-5	9999.0	39.836452	TRUE		NaN	NaN	NaN	NaN	NaN	NaN	NaN	NaN
SPIKE	S9:G>A	43	126195	3.407425E-4	312.18118	39.465115	TRUE	G	2.464139E-4	704.0	0.006810743	0.9701458	517.4248	0.044473637	0.9871098	0.0
SPIKE	S9:G>C	2	126195	1.5848489E-5	2.617444	40.0	TRUE	G	1.6509328E-4	1.0	0.002998891	0.97989833	586.7775	0.035612497	0.9886437	1.0
SPIKE	D9-10:G>	35	126195	2.7734856E-4	9999.0	39.836452	TRUE		NaN	NaN	NaN	NaN	NaN	NaN	NaN	NaN
SPIKE	D9-11:GA>	15	126195	1.1886367E-4	9999.0	39.836452	TRUE		NaN	NaN	NaN	NaN	NaN	NaN	NaN	NaN
SPIKE	S9:G>T	0	126195	0.0	9999.0	0.0	TRUE	G	3.930006E-6	13.0	0.003969335	0.9995167	429.11316	0.038301814	0.9896162	0.0
SPIKE	S10:A>G	4	126195	3.1696978E-5	0.029981662	40.0	TRUE	A	8.125258E-4	2467.0	0.0047917324	0.9048911	1436.5953	0.041763432	0.9894889	0.0
SPIKE	S10:A>C	13	126195	1.03015176E-4	161.2417	39.76923	TRUE	A	2.4880947E-5	63.0	0.0057816915	0.9969443	278.51526	0.050128736	0.9769059	0.0
SPIKE	S10:A>T	17	126195	1.3471216E-4	251.49466	39.47059	TRUE	A	1.77228E-5	47.0	0.0066720936	0.99782246	270.41046	0.047905345	0.98786277	0.0
SPIKE	D10-11:A>	51	126195	4.0413646E-4	9999.0	39.6216	TRUE		NaN	NaN	NaN	NaN	NaN	NaN	NaN	NaN
SPIKE	I10:>A	1	126195	7.9242445E-6	9999.0	39.6216	TRUE		NaN	NaN	NaN	NaN	NaN	NaN	NaN	NaN
SPIKE	D10-12:AC>	6	126195	4.7545465E-5	9999.0	39.6216	TRUE		NaN	NaN	NaN	NaN	NaN	NaN	NaN	NaN
SPIKE	I11:>C	1	126196	7.924182E-6	9999.0	39.760017	TRUE		NaN	NaN	NaN	NaN	NaN	NaN	NaN	NaN
SPIKE	S11:C>G	5	126196	3.9620907E-5	50.704235	39.4	TRUE	C	2.12466E-5	75.0	0.0034937991	0.9973901	600.53345	0.035875153	0.9923479	0.0
SPIKE	S11:C>T	48	126196	3.803607E-4	455.6293	39.625	TRUE	C	1.5775103E-4	466.0	0.0048630843	0.98078364	703.27856	0.042928826	0.989535	0.0
SPIKE	D11-13:CG>	1	126196	7.924182E-6	9999.0	39.760017	TRUE		NaN	NaN	NaN	NaN	NaN	NaN	NaN	NaN
SPIKE	D11-12:C>	45	126196	3.5658816E-4	9999.0	39.760017	TRUE		NaN	NaN	NaN	NaN	NaN	NaN	NaN	NaN
SPIKE	S11:C>A	0	126196	0.0	9999.0	0.0	TRUE	C	1.7144516E-4	422.0	0.00775146	0.979133	192.55379	0.051669933	0.98440075	0.0
SPIKE	I12:>G	1	126196	7.924182E-6	9999.0	39.666145	TRUE		NaN	NaN	NaN	NaN	NaN	NaN	NaN	NaN
SPIKE	S12:G>A	43	126196	3.407398E-4	343.30255	39.069767	TRUE	G	2.0580996E-4	588.0	0.006810743	0.9750031	517.4289	0.044473637	0.9871098	0.0
SPIKE	S12:G>C	7	126196	5.546927E-5	30.51781	39.42857	TRUE	G	1.14792274E-4	408.0	0.002998891	0.98597974	586.78217	0.035612497	0.9886437	0.0
SPIKE	S12:G>T	1	126196	7.924182E-6	13.265788	35.0	TRUE	G	6.6507273E-6	22.0	0.003969335	0.9991823	429.11658	0.038301814	0.9896162	0.0
SPIKE	D12-13:G>	39	126196	3.0904307E-4	9999.0	39.666145	TRUE		NaN	NaN	NaN	NaN	NaN	NaN	NaN	NaN
SPIKE	D12-14:GA>	3	126196	2.3772543E-5	9999.0	39.666145	TRUE		NaN	NaN	NaN	NaN	NaN	NaN	NaN	NaN
SPIKE	S13:A>G	13	126197	1.0301354E-4	12.103816	39.53846	TRUE	A	5.846009E-4	1775.0	0.0047917324	0.93061846	1436.618	0.041763432	0.9894889	0.0
SPIKE	S13:A>C	14	126197	1.1093766E-4	173.5774	39.642857	TRUE	A	2.646027E-5	67.0	0.0057816915	0.99675065	278.51968	0.050128736	0.9769059	0.0
SPIKE	S13:A>T	7	126197	5.546883E-5	44.160015	40.0	TRUE	A	6.825055E-5	181.0	0.0066720936	0.9916403	270.41473	0.047905345	0.98786277	0.0
SPIKE	D13-14:A>	26	126197	2.0602708E-4	9999.0	39.653255	TRUE		NaN	NaN	NaN	NaN	NaN	NaN	NaN	NaN
SPIKE	I13:>A	1	126197	7.924119E-6	9999.0	39.653255	TRUE		NaN	NaN	NaN	NaN	NaN	NaN	NaN	NaN
SPIKE	D14-16:CA>	3	126197	2.3772356E-5	9999.0	39.832355	TRUE		NaN	NaN	NaN	NaN	NaN	NaN	NaN	NaN
SPIKE	S14:C>G	1	126197	7.924119E-6	15.506989	40.0	TRUE	C	3.9660003E-6	14.0	0.0034937991	0.9995123	600.5382	0.035875153	0.9923479	0.0
SPIKE	S14:C>T	31	126197	2.4564768E-4	359.0641	39.548386	TRUE	C	6.398006E-5	189.0	0.0048630843	0.99216133	703.2841	0.042928826	0.989535	0.0
SPIKE	D14-15:C>	38	126197	3.011165E-4	9999.0	39.832355	TRUE		NaN	NaN	NaN	NaN	NaN	NaN	NaN	NaN
SPIKE	S14:C>A	0	126197	0.0	9999.0	0.0	TRUE	C	1.876944E-4	462.0	0.00775146	0.97717804	192.55531	0.051669933	0.98440075	0.0
SPIKE	S15:A>G	3	126197	2.3772356E-5	0.3765355	38.666668	TRUE	A	4.5022505E-4	1367.0	0.0047917324	0.9461278	1436.618	0.041763432	0.9894889	0.0
SPIKE	S15:A>C	6	126197	4.7544712E-5	15.064549	39.166668	TRUE	A	1.8048273E-4	457.0	0.0057816915	0.9780452	278.51968	0.050128736	0.9769059	0.0
SPIKE	S15:A>T	4	126197	3.1696476E-5	23.262552	40.0	TRUE	A	5.4675853E-5	145.0	0.0066720936	0.99329746	270.41473	0.047905345	0.98786277	0.0
SPIKE	D15-16:A>	37	126197	2.931924E-4	9999.0	39.581417	TRUE		NaN	NaN	NaN	NaN	NaN	NaN	NaN	NaN
SPIKE	I15:>A	1	126197	7.924119E-6	9999.0	39.581417	TRUE		NaN	NaN	NaN	NaN	NaN	NaN	NaN	NaN
SPIKE	I16:>G	1	126197	7.924119E-6	9999.0	39.84104	TRUE		NaN	NaN	NaN	NaN	NaN	NaN	NaN	NaN
SPIKE	S16:G>A	39	126197	3.0904062E-4	258.67212	39.820515	TRUE	G	2.6391068E-4	754.0	0.006810743	0.9680602	517.433	0.044473637	0.9871098	0.0
SPIKE	S16:G>T	2	126197	1.5848238E-5	27.055725	40.0	TRUE	G	6.3483712E-6	21.0	0.003969335	0.9992195	429.11996	0.038301814	0.9896162	0.0
SPIKE	S16:G>C	3	126197	2.3772356E-5	5.0502243	40.0	TRUE	G	1.6509328E-4	4.0	0.002998891	0.97989833	586.7868	0.035612497	0.9886437	1.0
SPIKE	D16-17:G>	21	126197	1.6640649E-4	9999.0	39.84104	TRUE		NaN	NaN	NaN	NaN	NaN	NaN	NaN	NaN
SPIKE	S17:A>G	6	126197	4.7544712E-5	0.46542168	39.666668	TRUE	A	7.002037E-4	2126.0	0.0047917324	0.9174795	1436.618	0.041763432	0.9894889	0.0
SPIKE	S17:A>T	53	126197	4.1997829E-4	725.00635	39.24528	TRUE	A	6.410272E-5	170.0	0.0066720936	0.9921464	270.41473	0.047905345	0.98786277	0.0
SPIKE	S17:A>C	11	126197	8.71653E-5	161.87709	39.727272	TRUE	A	1.2637741E-5	32.0	0.0057816915	0.99844676	278.51968	0.050128736	0.9769059	0.0
SPIKE	D17-18:A>	90	126197	7.131707E-4	9999.0	39.638096	TRUE		NaN	NaN	NaN	NaN	NaN	NaN	NaN	NaN
SPIKE	I17:>A	1	126197	7.924119E-6	9999.0	39.638096	TRUE		NaN	NaN	NaN	NaN	NaN	NaN	NaN	NaN
SPIKE	S18:A>G	4	126197	3.1696476E-5	0.05671488	40.0	TRUE	A	7.4828917E-4	2272.0	0.0047917324	0.9120691	1436.618	0.041763432	0.9894889	0.0
SPIKE	S18:A>C	28	126197	2.2187532E-4	433.82062	39.785713	TRUE	A	2.3300834E-5	59.0	0.0057816915	0.9971381	278.51968	0.050128736	0.9769059	0.0
SPIKE	S18:A>T	0	126197	0.0	9999.0	0.0	TRUE	A	1.3197619E-5	35.0	0.0066720936	0.99837804	270.41473	0.047905345	0.98786277	0.0
SPIKE	S19:C>G	5	126197	3.9620594E-5	79.8649	39.8	TRUE	C	5.382429E-6	19.0	0.0034937991	0.9993382	600.5382	0.035875153	0.9923479	0.0
SPIKE	S19:C>A	2	126197	1.5848238E-5	2.2976031	39.5	TRUE	C	1.7753778E-4	437.0	0.00775146	0.9783996	192.55531	0.051669933	0.98440075	0.0
SPIKE	S19:C>T	20	126197	1.5848238E-4	189.29039	39.85	TRUE	C	7.2104514E-5	213.0	0.0048630843	0.99117035	703.2841	0.042928826	0.989535	0.0
SPIKE	D19-20:C>	8	126197	6.339295E-5	9999.0	39.7103	TRUE		NaN	NaN	NaN	NaN	NaN	NaN	NaN	NaN
SPIKE	S20:C>G	24	126197	1.9017885E-4	159.52231	39.625	TRUE	C	1.7012392E-4	7.0	0.0034937991	0.97929215	600.5382	0.035875153	0.9923479	1.0
SPIKE	S20:C>T	26	126197	2.0602708E-4	227.81873	39.46154	TRUE	C	1.07648986E-4	318.0	0.0048630843	0.98684645	703.2841	0.042928826	0.989535	0.0
SPIKE	S20:C>A	0	126197	0.0	9999.0	0.0	TRUE	C	2.5188425E-5	62.0	0.00775146	0.99690664	192.55531	0.051669933	0.98440075	0.0
SPIKE	S21:A>G	11	126197	8.71653E-5	28.40252	39.272728	TRUE	A	2.7237463E-4	827.0	0.0047917324	0.9670529	1436.618	0.041763432	0.9894889	0.0
SPIKE	S21:A>C	9	126197	7.131707E-5	32.532284	39.88889	TRUE	A	1.7021457E-4	431.0	0.0057816915	0.97928125	278.51968	0.050128736	0.9769059	0.0
SPIKE	S21:A>T	0	126197	0.0	9999.0	0.0	TRUE	A	4.0347008E-5	107.0	0.0066720936	0.9950496	270.41473	0.047905345	0.98786277	0.0
SPIKE	S22:A>T	126166	126197	0.99975437	Infinity	39.915134	TRUE	T	1.01966594E-4	0.0	0.0066720936	0.98753643	270.41473	0.047905345	0.98786277	1.0
SPIKE	S22:A>G	0	126197	0.0	9999.0	0.0	TRUE	T	1.38328105E-5	42.0	0.0047917324	0.9983	1436.618	0.041763432	0.9894889	0.0
SPIKE	S22:A>C	0	126197	0.0	9999.0	0.0	TRUE	T	1.0999561E-4	0.0	0.0057816915	0.98656166	278.51968	0.050128736	0.9769059	1.0
SPIKE	S23:A>G	126166	126197	0.99975437	Infinity	39.91512	TRUE	G	4.7315395E-4	0.0	0.0047917324	0.9434632	1436.618	0.041763432	0.9894889	1.0
SPIKE	S23:A>C	0	126197	0.0	9999.0	0.0	TRUE	G	1.0999561E-4	0.0	0.0057816915	0.98656166	278.51968	0.050128736	0.9769059	1.0
SPIKE	S23:A>T	0	126197	0.0	9999.0	0.0	TRUE	G	1.500758E-4	398.0	0.0066720936	0.98171	270.41473	0.047905345	0.98786277	0.0
SPIKE	S24:A>G	0	126197	0.0	9999.0	0.0	TRUE	A	1.3042364E-4	396.0	0.0047917324	0.98408586	1436.618	0.041763432	0.9894889	0.0
SPIKE	S24:A>C	0	126197	0.0	9999.0	0.0	TRUE	A	1.6192105E-5	41.0	0.0057816915	0.99801034	278.51968	0.050128736	0.9769059	0.0
SPIKE	S24:A>T	0	126197	0.0	9999.0	0.0	TRUE	A	1.01966594E-4	0.0	0.0066720936	0.98753643	270.41473	0.047905345	0.98786277	1.0
SPIKE	S25:A>C	126166	126197	0.99975437	Infinity	39.915142	TRUE	C	1.0999561E-4	0.0	0.0057816915	0.98656166	278.51968	0.050128736	0.9769059	1.0
SPIKE	S25:A>G	0	126197	0.0	9999.0	0.0	TRUE	C	4.7315395E-4	1.0	0.0047917324	0.9434632	1436.618	0.041763432	0.9894889	1.0
SPIKE	S25:A>T	0	126197	0.0	9999.0	0.0	TRUE	C	1.5837144E-5	42.0	0.0066720936	0.9980539	270.41473	0.047905345	0.98786277	0.0
SPIKE	S26:T>A	2	126197	1.5848238E-5	11.908241	38.0	TRUE	T	3.9551836E-5	120.0	0.0061658723	0.99514693	277.98123	0.041852415	0.99356264	0.0
SPIKE	S26:T>C	5	126197	3.9620594E-5	0.3247933	40.0	TRUE	T	6.552045E-4	1814.0	0.0053111925	0.9225717	1095.6375	0.04582489	0.98452485	0.0
SPIKE	S26:T>G	0	126197	0.0	9999.0	0.0	TRUE	T	2.4714365E-5	92.0	0.0020604986	0.99696475	1166.6215	0.033970855	0.9900067	0.0
SPIKE	S27:G>A	17	126197	1.3471002E-4	129.51225	39.52941	TRUE	G	9.800397E-5	280.0	0.006810743	0.98801786	517.433	0.044473637	0.9871098	0.0
SPIKE	S27:G>T	2	126197	1.5848238E-5	4.0420666	40.0	TRUE	G	1.24549E-4	412.0	0.003969335	0.98479724	429.11996	0.038301814	0.9896162	0.0
SPIKE	D27-28:G>	3	126197	2.3772356E-5	9999.0	39.844124	TRUE		NaN	NaN	NaN	NaN	NaN	NaN	NaN	NaN
SPIKE	S27:G>C	0	126197	0.0	9999.0	0.0	TRUE	G	1.6509328E-4	2.0	0.002998891	0.97989833	586.7868	0.035612497	0.9886437	1.0
SPIKE	S28:G>A	13	126197	1.0301354E-4	100.23375	38.307693	TRUE	G	7.66531E-5	219.0	0.006810743	0.99061596	517.433	0.044473637	0.9871098	0.0
SPIKE	S28:G>T	2	126197	1.5848238E-5	19.878128	40.0	TRUE	G	1.48128665E-5	49.0	0.003969335	0.9981797	429.11996	0.038301814	0.9896162	0.0
SPIKE	S28:G>C	0	126197	0.0	9999.0	0.0	TRUE	G	5.064325E-6	18.0	0.002998891	0.9993773	586.7868	0.035612497	0.9886437	0.0
SPIKE	S29:G>A	9	126197	7.131707E-5	49.22642	39.88889	TRUE	G	1.0185412E-4	291.0	0.006810743	0.9875501	517.433	0.044473637	0.9871098	0.0
SPIKE	S29:G>T	9	126197	7.131707E-5	100.19258	39.444443	TRUE	G	2.5091182E-5	83.0	0.003969335	0.99691856	429.11996	0.038301814	0.9896162	0.0
SPIKE	S29:G>C	1	126197	7.924119E-6	13.5769205	32.0	TRUE	G	6.1897304E-6	22.0	0.002998891	0.99923897	586.7868	0.035612497	0.9886437	0.0
SPIKE	S30:A>G	12	126197	9.5089425E-5	11.577009	39.5	TRUE	A	5.404677E-4	1641.0	0.0047917324	0.93568397	1436.618	0.041763432	0.9894889	0.0
SPIKE	S30:A>T	2	126197	1.5848238E-5	12.437908	40.0	TRUE	A	3.6953337E-5	98.0	0.0066720936	0.99546504	270.41473	0.047905345	0.98786277	0.0
SPIKE	S30:A>C	0	126197	0.0	9999.0	0.0	TRUE	A	1.0268164E-5	26.0	0.0057816915	0.9987378	278.51968	0.050128736	0.9769059	0.0
SPIKE	S31:T>A	1	126197	7.924119E-6	5.8658423	40.0	TRUE	T	3.7903843E-5	115.0	0.0061658723	0.9953487	277.98123	0.041852415	0.99356264	0.0
SPIKE	S31:T>C	2	126197	1.5848238E-5	0.15377484	40.0	TRUE	T	4.3487665E-4	1204.0	0.0053111925	0.94791555	1095.6375	0.04582489	0.98452485	0.0
SPIKE	S31:T>G	0	126197	0.0	9999.0	0.0	TRUE	T	5.372688E-6	20.0	0.0020604986	0.9993394	1166.6215	0.033970855	0.9900067	0.0
SPIKE	S32:C>T	6	126197	4.7544712E-5	23.645624	39.666668	TRUE	C	1.1645048E-4	344.0	0.0048630843	0.9857787	703.2841	0.042928826	0.989535	0.0
SPIKE	S32:C>A	6	126197	4.7544712E-5	78.69905	39.833332	TRUE	C	1.1781683E-5	29.0	0.00775146	0.9985519	192.55531	0.051669933	0.98440075	0.0
SPIKE	S32:C>G	0	126197	0.0	9999.0	0.0	TRUE	C	1.7012392E-4	7.0	0.0034937991	0.97929215	600.5382	0.035875153	0.9923479	1.0
SPIKE	S33:C>T	11	126197	8.71653E-5	67.48321	39.636364	TRUE	C	9.986306E-5	295.0	0.0048630843	0.98779196	703.2841	0.042928826	0.989535	0.0
SPIKE	S33:C>A	1	126197	7.924119E-6	13.364882	39.0	TRUE	C	6.5002387E-6	16.0	0.00775146	0.99920076	192.55531	0.051669933	0.98440075	0.0
SPIKE	S33:C>G	0	126197	0.0	9999.0	0.0	TRUE	C	1.7012392E-4	3.0	0.0034937991	0.97929215	600.5382	0.035875153	0.9923479	1.0
SPIKE	S34:A>C	1	126197	7.924119E-6	8.938113	39.0	TRUE	A	1.8166753E-5	46.0	0.0057816915	0.997768	278.51968	0.050128736	0.9769059	0.0
SPIKE	S34:A>T	2	126197	1.5848238E-5	16.93769	40.0	TRUE	A	2.1116191E-5	56.0	0.0066720936	0.99740607	270.41473	0.047905345	0.98786277	0.0
SPIKE	S34:A>G	18	126197	1.4263413E-4	63.79645	39.833332	TRUE	A	3.0267506E-4	919.0	0.0047917324	0.96345544	1436.618	0.041763432	0.9894889	0.0
SPIKE	S35:T>C	3	126197	2.3772356E-5	0.6000072	37.666668	TRUE	T	4.009245E-4	1110.0	0.0053111925	0.9518825	1095.6375	0.04582489	0.98452485	0.0
SPIKE	D35-36:T>	4	126197	3.1696476E-5	9999.0	39.76306	TRUE		NaN	NaN	NaN	NaN	NaN	NaN	NaN	NaN
SPIKE	S35:T>A	0	126197	0.0	9999.0	0.0	TRUE	T	2.9004681E-5	88.0	0.0061658723	0.9964388	277.98123	0.041852415	0.99356264	0.0
SPIKE	S35:T>G	0	126197	0.0	9999.0	0.0	TRUE	T	9.939473E-6	37.0	0.0020604986	0.99877816	1166.6215	0.033970855	0.9900067	0.0
SPIKE	S36:T>C	3	126197	2.3772356E-5	2.6651156	40.0	TRUE	T	2.3622038E-4	654.0	0.0053111925	0.97136295	1095.6375	0.04582489	0.98452485	0.0
SPIKE	S36:T>A	3	126197	2.3772356E-5	30.23075	39.0	TRUE	T	1.6479931E-5	50.0	0.0061658723	0.997975	277.98123	0.041852415	0.99356264	0.0
SPIKE	S36:T>G	1	126197	7.924119E-6	0.16681911	40.0	TRUE	T	3.1339464E-4	7.0	0.0020604986	0.962186	1166.6215	0.033970855	0.9900067	1.0
SPIKE	S37:A>G	8	126197	6.339295E-5	21.500517	39.875	TRUE	A	2.0749216E-4	630.0	0.0047917324	0.97480136	1436.618	0.041763432	0.9894889	0.0
SPIKE	S37:A>C	0	126197	0.0	9999.0	0.0	TRUE	A	1.7653345E-4	447.0	0.0057816915	0.97852045	278.51968	0.050128736	0.9769059	0.0
SPIKE	S37:A>T	0	126197	0.0	9999.0	0.0	TRUE	A	1.6591293E-5	44.0	0.0066720936	0.99796134	270.41473	0.047905345	0.98786277	0.0
SPIKE	S38:T>C	5	126197	3.9620594E-5	5.998587	40.0	TRUE	T	2.6475464E-4	733.0	0.0053111925	0.9679597	1095.6375	0.04582489	0.98452485	0.0
SPIKE	S38:T>A	2	126197	1.5848238E-5	16.329653	40.0	TRUE	T	2.2742306E-5	69.0	0.0061658723	0.9972066	277.98123	0.041852415	0.99356264	0.0
SPIKE	S38:T>G	0	126197	0.0	9999.0	0.0	TRUE	T	6.447226E-6	24.0	0.0020604986	0.9992073	1166.6215	0.033970855	0.9900067	0.0
SPIKE	S39:C>T	14	126197	1.1093766E-4	82.110634	39.714287	TRUE	C	1.2999123E-4	384.0	0.0048630843	0.98413825	703.2841	0.042928826	0.989535	0.0
SPIKE	S39:C>A	127	126197	0.0010063631	3021.5007	39.700787	TRUE	C	1.4219272E-5	35.0	0.00775146	0.9982526	192.55531	0.051669933	0.98440075	0.0
SPIKE	S39:C>G	2	126197	1.5848238E-5	26.469784	39.0	TRUE	C	6.798858E-6	24.0	0.0034937991	0.9991641	600.5382	0.035875153	0.9923479	0.0
SPIKE	S40:G>T	2	126197	1.5848238E-5	28.375525	39.5	TRUE	G	5.4414613E-6	18.0	0.003969335	0.99933094	429.11996	0.038301814	0.9896162	0.0
SPIKE	S40:G>A	19	126197	1.5055825E-4	105.49283	39.68421	TRUE	G	1.8235738E-4	521.0	0.006810743	0.97781974	517.433	0.044473637	0.9871098	0.0
SPIKE	S40:G>C	0	126197	0.0	9999.0	0.0	TRUE	G	1.6509328E-4	7.0	0.002998891	0.97989833	586.7868	0.035612497	0.9886437	1.0
SPIKE	S41:G>C	1	126197	7.924119E-6	13.200028	40.0	TRUE	G	6.7524334E-6	24.0	0.002998891	0.99916977	586.7868	0.035612497	0.9886437	0.0
SPIKE	S41:G>T	1	126197	7.924119E-6	1.5772791	40.0	TRUE	G	1.2972442E-4	7.0	0.003969335	0.9841705	429.11996	0.038301814	0.9896162	1.0
SPIKE	S41:G>A	15	126197	1.1886178E-4	124.21535	38.6	TRUE	G	7.490304E-5	214.0	0.006810743	0.9908292	517.433	0.044473637	0.9871098	0.0
SPIKE	S42:C>T	5	126197	3.9620594E-5	16.158176	39.6	TRUE	C	1.2796011E-4	378.0	0.0048630843	0.9843841	703.2841	0.042928826	0.989535	0.0
SPIKE	S42:C>A	4	126197	3.1696476E-5	53.79984	39.5	TRUE	C	8.531563E-6	21.0	0.00775146	0.9989512	192.55531	0.051669933	0.98440075	0.0
SPIKE	D42-43:C>	2	126197	1.5848238E-5	9999.0	39.784718	TRUE		NaN	NaN	NaN	NaN	NaN	NaN	NaN	NaN
SPIKE	S42:C>G	0	126197	0.0	9999.0	0.0	TRUE	C	9.631715E-6	34.0	0.0034937991	0.998816	600.5382	0.035875153	0.9923479	0.0
SPIKE	S43:G>C	1	126197	7.924119E-6	13.5769205	40.0	TRUE	G	6.1897304E-6	22.0	0.002998891	0.99923897	586.7868	0.035612497	0.9886437	0.0
SPIKE	S43:G>T	2	126197	1.5848238E-5	26.27835	40.0	TRUE	G	6.952978E-6	23.0	0.003969335	0.99914515	429.11996	0.038301814	0.9896162	0.0
SPIKE	S43:G>A	24	126197	1.9017885E-4	159.5317	39.583332	TRUE	G	1.7010688E-4	486.0	0.006810743	0.97929424	517.433	0.044473637	0.9871098	0.0
SPIKE	S44:G>T	1	126197	7.924119E-6	14.383082	36.0	TRUE	G	5.1391576E-6	17.0	0.003969335	0.9993681	429.11996	0.038301814	0.9896162	0.0
SPIKE	S44:G>A	12	126197	9.5089425E-5	89.19075	39.166668	TRUE	G	7.700312E-5	220.0	0.006810743	0.99057335	517.433	0.044473637	0.9871098	0.0
SPIKE	S44:G>C	0	126197	0.0	9999.0	0.0	TRUE	G	1.2379461E-5	44.0	0.002998891	0.9984785	586.7868	0.035612497	0.9886437	0.0
SPIKE	S45:C>T	13	126197	1.0301354E-4	157.28104	38.307693	TRUE	C	2.6742988E-5	79.0	0.0048630843	0.996716	703.2841	0.042928826	0.989535	0.0
SPIKE	S45:C>A	3	126197	2.3772356E-5	46.858006	39.666668	TRUE	C	4.468914E-6	11.0	0.00775146	0.99945045	192.55531	0.051669933	0.98440075	0.0
SPIKE	S45:C>G	1	126197	7.924119E-6	11.538752	39.0	TRUE	C	9.915001E-6	35.0	0.0034937991	0.9987812	600.5382	0.035875153	0.9923479	0.0
SPIKE	S46:G>T	2	126197	1.5848238E-5	32.60876	40.0	TRUE	G	3.3253373E-6	11.0	0.003969335	0.99959105	429.11996	0.038301814	0.9896162	0.0
SPIKE	S46:G>A	13	126197	1.0301354E-4	73.960106	39.53846	TRUE	G	1.2810518E-4	366.0	0.006810743	0.98436654	517.433	0.044473637	0.9871098	0.0
SPIKE	S46:G>C	0	126197	0.0	9999.0	0.0	TRUE	G	5.627028E-6	20.0	0.002998891	0.9993081	586.7868	0.035612497	0.9886437	0.0
SPIKE	S47:A>T	2	126197	1.5848238E-5	19.727058	38.5	TRUE	A	1.5082994E-5	40.0	0.0066720936	0.99814653	270.41473	0.047905345	0.98786277	0.0
SPIKE	S47:A>G	14	126197	1.1093766E-4	49.009926	39.5	TRUE	A	2.4866124E-4	755.0	0.0047917324	0.96987766	1436.618	0.041763432	0.9894889	0.0
SPIKE	S47:A>C	0	126197	0.0	9999.0	0.0	TRUE	A	4.7391527E-6	12.0	0.0057816915	0.99941725	278.51968	0.050128736	0.9769059	0.0
SPIKE	S48:A>T	2	126197	1.5848238E-5	19.319777	39.5	TRUE	A	1.5837144E-5	42.0	0.0066720936	0.9980539	270.41473	0.047905345	0.98786277	0.0
SPIKE	S48:A>G	31	126197	2.4564768E-4	135.54845	39.51613	TRUE	A	3.8567194E-4	1171.0	0.0047917324	0.9536699	1436.618	0.041763432	0.9894889	0.0
SPIKE	S48:A>C	0	126197	0.0	9999.0	0.0	TRUE	A	1.34276E-5	34.0	0.0057816915	0.9983498	278.51968	0.050128736	0.9769059	0.0
SPIKE	S49:T>C	5	126197	3.9620594E-5	1.0877081	39.0	TRUE	T	5.031422E-4	1393.0	0.0053111925	0.93998957	1095.6375	0.04582489	0.98452485	0.0
SPIKE	D49-50:T>	25	126197	1.9810296E-4	9999.0	39.652782	TRUE		NaN	NaN	NaN	NaN	NaN	NaN	NaN	NaN
SPIKE	S49:T>A	0	126197	0.0	9999.0	0.0	TRUE	T	2.40607E-5	73.0	0.0061658723	0.9970449	277.98123	0.041852415	0.99356264	0.0
SPIKE	S49:T>G	0	126197	0.0	9999.0	0.0	TRUE	T	8.596301E-6	32.0	0.0020604986	0.9989432	1166.6215	0.033970855	0.9900067	0.0
SPIKE	S50:T>C	6	126197	4.7544712E-5	4.8817654	39.833332	TRUE	T	3.583037E-4	992.0	0.0053111925	0.9568857	1095.6375	0.04582489	0.98452485	0.0
SPIKE	S50:T>A	14	126197	1.1093766E-4	165.53049	39.5	TRUE	T	3.0323075E-5	92.0	0.0061658723	0.9962772	277.98123	0.041852415	0.99356264	0.0
SPIKE	S50:T>G	0	126197	0.0	9999.0	0.0	TRUE	T	8.059033E-6	30.0	0.0020604986	0.99900925	1166.6215	0.033970855	0.9900067	0.0
SPIKE	S51:T>C	4	126197	3.1696476E-5	3.271572	38.75	TRUE	T	2.824531E-4	782.0	0.0053111925	0.9658548	1095.6375	0.04582489	0.98452485	0.0
SPIKE	S51:T>G	1	126197	7.924119E-6	14.895125	40.0	TRUE	T	4.566785E-6	17.0	0.0020604986	0.99943846	1166.6215	0.033970855	0.9900067	0.0
SPIKE	S51:T>A	10	126197	7.924119E-5	31.828806	37.2	TRUE	T	2.0962473E-4	636.0	0.0061658723	0.9745457	277.98123	0.041852415	0.99356264	0.0
SPIKE	S52:A>G	13	126197	1.0301354E-4	38.4318	39.46154	TRUE	A	2.759975E-4	838.0	0.0047917324	0.96662205	1436.618	0.041763432	0.9894889	0.0
SPIKE	S52:A>C	0	126197	0.0	9999.0	0.0	TRUE	A	4.908973E-4	1243.0	0.0057816915	0.94140637	278.51968	0.050128736	0.9769059	0.0
SPIKE	S52:A>T	0	126197	0.0	9999.0	0.0	TRUE	A	1.093517E-5	29.0	0.0066720936	0.99865586	270.41473	0.047905345	0.98786277	0.0
SPIKE	S53:C>T	18	126198	1.42633E-4	152.71104	39.61111	TRUE	C	8.2597944E-5	244.0	0.0048630843	0.9898919	703.2897	0.042928826	0.989535	0.0
SPIKE	S53:C>G	2	126198	1.5848113E-5	24.567705	39.0	TRUE	C	8.498505E-6	30.0	0.0034937991	0.99895525	600.54297	0.035875153	0.9923479	0.0
SPIKE	S53:C>A	202	126198	0.0016006593	Infinity	39.316833	TRUE	C	9.344019E-6	23.0	0.00775146	0.99885136	192.55684	0.051669933	0.98440075	0.0
SPIKE	D53-54:C>	13	126198	1.03012724E-4	9999.0	39.7304	TRUE		NaN	NaN	NaN	NaN	NaN	NaN	NaN	NaN
SPIKE	D53-55:CC>	2	126198	1.5848113E-5	9999.0	39.7304	TRUE		NaN	NaN	NaN	NaN	NaN	NaN	NaN	NaN
SPIKE	S54:C>T	13	126198	1.03012724E-4	76.03397	40.0	TRUE	C	1.2288136E-4	363.0	0.0048630843	0.98499924	703.2897	0.042928826	0.989535	0.0
SPIKE	S54:C>A	141	126198	0.0011172919	1346.2655	40.0	TRUE	C	4.3632506E-4	1074.0	0.00775146	0.9477467	192.55684	0.051669933	0.98440075	0.0
SPIKE	S54:C>G	0	126198	0.0	9999.0	0.0	TRUE	C	1.7012392E-4	9.0	0.0034937991	0.97929215	600.54297	0.035875153	0.9923479	1.0
SPIKE	S55:A>T	6	126198	4.7544334E-5	31.09704	40.0	TRUE	A	8.2578736E-5	219.0	0.0066720936	0.9898942	270.41687	0.047905345	0.98786277	0.0
SPIKE	S55:A>G	25	126198	1.9810139E-4	100.91132	40.0	TRUE	A	3.4944038E-4	1061.0	0.0047917324	0.95792943	1436.6295	0.041763432	0.9894889	0.0
SPIKE	D55-56:A>	1	126198	7.924056E-6	9999.0	39.999462	TRUE		NaN	NaN	NaN	NaN	NaN	NaN	NaN	NaN
SPIKE	S55:A>C	0	126198	0.0	9999.0	0.0	TRUE	A	7.531244E-4	1907.0	0.0057816915	0.9115268	278.52188	0.050128736	0.9769059	0.0
SPIKE	S56:C>T	15	126198	1.1886084E-4	118.50942	40.0	TRUE	C	8.225942E-5	243.0	0.0048630843	0.98993313	703.2897	0.042928826	0.989535	0.0
SPIKE	S56:C>G	1	126198	7.924056E-6	12.660494	40.0	TRUE	C	7.648655E-6	27.0	0.0034937991	0.9990597	600.54297	0.035875153	0.9923479	0.0
SPIKE	S56:C>A	110	126198	8.7164616E-4	1222.8591	40.0	TRUE	C	2.3563179E-4	580.0	0.00775146	0.9714333	192.55684	0.051669933	0.98440075	0.0
SPIKE	D56-57:C>	1	126198	7.924056E-6	9999.0	39.999977	TRUE		NaN	NaN	NaN	NaN	NaN	NaN	NaN	NaN
SPIKE	S57:C>T	13	126198	1.03012724E-4	86.87585	40.0	TRUE	C	9.9185236E-5	293.0	0.0048630843	0.9878743	703.2897	0.042928826	0.989535	0.0
SPIKE	S57:C>A	16	126198	1.267849E-4	31.761238	40.0	TRUE	C	4.5013797E-4	1108.0	0.00775146	0.9461379	192.55684	0.051669933	0.98440075	0.0
SPIKE	S57:C>G	0	126198	0.0	9999.0	0.0	TRUE	C	1.7012392E-4	9.0	0.0034937991	0.97929215	600.54297	0.035875153	0.9923479	1.0
SPIKE	S58:A>T	3	126198	2.3772167E-5	0.33658767	40.0	TRUE	A	4.6191303E-4	1225.0	0.0066720936	0.94476855	270.41687	0.047905345	0.98786277	0.0
SPIKE	S58:A>C	1	126198	7.924056E-6	0.38237652	40.0	TRUE	A	2.4524922E-4	621.0	0.0057816915	0.97028476	278.52188	0.050128736	0.9769059	0.0
SPIKE	S58:A>G	16	126198	1.267849E-4	56.988834	40.0	TRUE	A	2.727018E-4	828.0	0.0047917324	0.96701396	1436.6295	0.041763432	0.9894889	0.0
SPIKE	S59:T>C	22	126198	1.7432922E-4	51.867992	40.0	TRUE	T	5.1903055E-4	1437.0	0.0053111925	0.9381544	1095.6461	0.04582489	0.98452485	0.0
SPIKE	S59:T>A	1	126198	7.924056E-6	0.6565282	40.0	TRUE	T	2.0072398E-4	609.0	0.0061658723	0.97561324	277.98343	0.041852415	0.99356264	0.0
SPIKE	D59-60:T>	1	126198	7.924056E-6	9999.0	39.99969	TRUE		NaN	NaN	NaN	NaN	NaN	NaN	NaN	NaN
SPIKE	S59:T>G	0	126198	0.0	9999.0	0.0	TRUE	T	6.4471747E-6	24.0	0.0020604986	0.9992073	1166.6306	0.033970855	0.9900067	0.0
SPIKE	S60:T>C	17	126198	1.3470896E-4	34.398804	40.0	TRUE	T	4.6701916E-4	1293.0	0.0053111925	0.94417536	1095.6461	0.04582489	0.98452485	0.0
SPIKE	S60:T>G	1	126198	7.924056E-6	0.16497757	40.0	TRUE	T	3.1429977E-4	1170.0	0.0020604986	0.96207887	1166.6306	0.033970855	0.9900067	0.0
SPIKE	S60:T>A	2	126198	1.5848113E-5	23.86735	40.0	TRUE	T	9.228689E-6	28.0	0.0061658723	0.99886554	277.98343	0.041852415	0.99356264	0.0
SPIKE	S61:G>A	14	126198	1.1093678E-4	25.287874	40.0	TRUE	G	4.3051402E-4	1230.0	0.006810743	0.9484244	517.43713	0.044473637	0.9871098	0.0
SPIKE	D61-62:G>	2	126198	1.5848113E-5	9999.0	39.999146	TRUE		NaN	NaN	NaN	NaN	NaN	NaN	NaN	NaN
SPIKE	S61:G>C	0	126198	0.0	9999.0	0.0	TRUE	G	1.6509328E-4	3.0	0.002998891	0.97989833	586.79144	0.035612497	0.9886437	1.0
SPIKE	S61:G>T	0	126198	0.0	9999.0	0.0	TRUE	G	1.6989316E-4	562.0	0.003969335	0.97932	429.12338	0.038301814	0.9896162	0.0
SPIKE	S62:A>T	2	126198	1.5848113E-5	7.51991	40.0	TRUE	A	7.1643655E-5	190.0	0.0066720936	0.99122655	270.41687	0.047905345	0.98786277	0.0
SPIKE	S62:A>G	34	126198	2.694179E-4	76.83951	40.0	TRUE	A	7.88464E-4	2394.0	0.0047917324	0.90757316	1436.6295	0.041763432	0.9894889	0.0
SPIKE	D62-63:A>	4	126198	3.1696225E-5	9999.0	39.999985	TRUE		NaN	NaN	NaN	NaN	NaN	NaN	NaN	NaN
SPIKE	S62:A>C	0	126198	0.0	9999.0	0.0	TRUE	A	1.066301E-5	27.0	0.0057816915	0.9986893	278.52188	0.050128736	0.9769059	0.0
SPIKE	S63:A>T	1	126198	7.924056E-6	6.3164773	40.0	TRUE	A	3.3936467E-5	90.0	0.0066720936	0.9958345	270.41687	0.047905345	0.98786277	0.0
SPIKE	S63:A>C	1	126198	7.924056E-6	12.310371	40.0	TRUE	A	8.293452E-6	21.0	0.0057816915	0.9989804	278.52188	0.050128736	0.9769059	0.0
SPIKE	S63:A>G	36	126198	2.85266E-4	96.680824	40.0	TRUE	A	7.23582E-4	2197.0	0.0047917324	0.91484505	1436.6295	0.041763432	0.9894889	0.0
SPIKE	S64:A>G	38	126198	3.011141E-4	135.66544	40.0	TRUE	A	5.822908E-4	1768.0	0.0047917324	0.93088293	1436.6295	0.041763432	0.9894889	0.0
SPIKE	S64:A>C	1	126198	7.924056E-6	10.360619	40.0	TRUE	A	1.3032567E-5	33.0	0.0057816915	0.9983983	278.52188	0.050128736	0.9769059	0.0
SPIKE	S64:A>T	6	126198	4.7544334E-5	60.173393	40.0	TRUE	A	2.450967E-5	65.0	0.0066720936	0.99698985	270.41687	0.047905345	0.98786277	0.0
SPIKE	S65:A>G	36	126198	2.85266E-4	160.78236	40.0	TRUE	A	4.3540073E-4	1322.0	0.0047917324	0.94785446	1436.6295	0.041763432	0.9894889	0.0
SPIKE	S65:A>C	4	126198	3.1696225E-5	0.12944391	40.0	TRUE	A	6.6229136E-4	1677.0	0.0057816915	0.9217679	278.52188	0.050128736	0.9769059	0.0
SPIKE	S65:A>T	7	126198	5.546839E-5	73.262344	40.0	TRUE	A	2.450967E-5	65.0	0.0066720936	0.99698985	270.41687	0.047905345	0.98786277	0.0
SPIKE	S66:C>A	62	126198	4.9129146E-4	656.2759	40.0	TRUE	C	1.5437945E-4	380.0	0.00775146	0.9811905	192.55684	0.051669933	0.98440075	0.0
SPIKE	S66:C>G	1	126198	7.924056E-6	15.828532	40.0	TRUE	C	3.6826855E-6	13.0	0.0034937991	0.9995471	600.54297	0.035875153	0.9923479	0.0
SPIKE	S66:C>T	13	126198	1.03012724E-4	99.64413	40.0	TRUE	C	7.75202E-5	229.0	0.0048630843	0.99051034	703.2897	0.042928826	0.989535	0.0
SPIKE	D66-67:C>	19	126198	1.5055705E-4	9999.0	39.999985	TRUE		NaN	NaN	NaN	NaN	NaN	NaN	NaN	NaN
SPIKE	S67:C>A	81	126198	6.4184854E-4	475.15906	40.0	TRUE	C	6.3742464E-4	1569.0	0.00775146	0.92459154	192.55684	0.051669933	0.98440075	0.0
SPIKE	S67:C>T	9	126198	7.13165E-5	47.77797	40.0	TRUE	C	1.0629407E-4	314.0	0.0048630843	0.9870109	703.2897	0.042928826	0.989535	0.0
SPIKE	S67:C>G	0	126198	0.0	9999.0	0.0	TRUE	C	1.7012392E-4	2.0	0.0034937991	0.97929215	600.54297	0.035875153	0.9923479	1.0
SPIKE	S68:A>G	16	126198	1.267849E-4	9.958065	40.0	TRUE	A	8.1250654E-4	2467.0	0.0047917324	0.9048932	1436.6295	0.041763432	0.9894889	0.0
SPIKE	S68:A>C	1	126198	7.924056E-6	1.6456982	40.0	TRUE	A	1.2637641E-4	320.0	0.0057816915	0.98457587	278.52188	0.050128736	0.9769059	0.0
SPIKE	S68:A>T	3	126198	2.3772167E-5	12.054352	40.0	TRUE	A	7.729973E-5	205.0	0.0066720936	0.99053717	270.41687	0.047905345	0.98786277	0.0
SPIKE	S69:G>A	12	126198	9.508867E-5	50.671787	40.0	TRUE	G	1.7850581E-4	510.0	0.006810743	0.97828305	517.43713	0.044473637	0.9871098	0.0
SPIKE	S69:G>C	1	126198	7.924056E-6	0.024356604	40.0	TRUE	G	4.6844635E-4	1665.0	0.002998891	0.94400966	586.79144	0.035612497	0.9886437	0.0
SPIKE	S69:G>T	3	126198	2.3772167E-5	7.0324407	40.0	TRUE	G	1.2972442E-4	8.0	0.003969335	0.9841705	429.12338	0.038301814	0.9896162	1.0
SPIKE	S70:C>A	69	126198	5.4675987E-4	1521.998	40.0	TRUE	C	1.178159E-5	29.0	0.00775146	0.9985519	192.55684	0.051669933	0.98440075	0.0
SPIKE	S70:C>G	5	126198	3.9620278E-5	21.864408	40.0	TRUE	C	9.1783855E-5	324.0	0.0034937991	0.98877406	600.54297	0.035875153	0.9923479	0.0
SPIKE	S70:C>T	14	126198	1.1093678E-4	114.58223	40.0	TRUE	C	7.244245E-5	214.0	0.0048630843	0.99112916	703.2897	0.042928826	0.989535	0.0
SPIKE	S71:C>A	4	126198	3.1696225E-5	32.724277	40.0	TRUE	C	3.0063366E-5	74.0	0.00775146	0.99630904	192.55684	0.051669933	0.98440075	0.0
SPIKE	S71:C>T	25	126198	1.9810139E-4	160.51552	40.0	TRUE	C	1.8686091E-4	552.0	0.0048630843	0.97727823	703.2897	0.042928826	0.989535	0.0
SPIKE	S71:C>G	0	126198	0.0	9999.0	0.0	TRUE	C	4.0424557E-4	1427.0	0.0034937991	0.9514937	600.54297	0.035875153	0.9923479	0.0
SPIKE	S72:G>A	22	126198	1.7432922E-4	157.61444	40.0	TRUE	G	1.382545E-4	395.0	0.006810743	0.98313844	517.43713	0.044473637	0.9871098	0.0
SPIKE	S72:G>C	1	126198	7.924056E-6	2.951264	40.0	TRUE	G	8.215396E-5	292.0	0.002998891	0.98994595	586.79144	0.035612497	0.9886437	0.0
SPIKE	S72:G>T	6	126198	4.7544334E-5	4.773703	40.0	TRUE	G	3.618543E-4	1197.0	0.003969335	0.95646787	429.12338	0.038301814	0.9896162	0.0
SPIKE	D72-76:GTGG>	1	126198	7.924056E-6	9999.0	39.99947	TRUE		NaN	NaN	NaN	NaN	NaN	NaN	NaN	NaN
SPIKE	S73:T>A	3	126198	2.3772167E-5	20.479141	40.0	TRUE	T	3.658516E-5	111.0	0.0061658723	0.99551016	277.98343	0.041852415	0.99356264	0.0
SPIKE	S73:T>G	1	126198	7.924056E-6	0.014042912	40.0	TRUE	T	5.1201315E-4	1906.0	0.0020604986	0.9389645	1166.6306	0.033970855	0.9900067	0.0
SPIKE	S73:T>C	9	126198	7.13165E-5	7.601874	40.0	TRUE	T	4.6340725E-4	1283.0	0.0053111925	0.9445949	1095.6461	0.04582489	0.98452485	0.0
SPIKE	S74:G>A	11	126198	8.716461E-5	68.59173	40.0	TRUE	G	9.730317E-5	278.0	0.006810743	0.98810303	517.43713	0.044473637	0.9871098	0.0
SPIKE	S74:G>C	0	126198	0.0	9999.0	0.0	TRUE	G	1.2098014E-5	43.0	0.002998891	0.99851304	586.79144	0.035612497	0.9886437	0.0
SPIKE	S74:G>T	0	126198	0.0	9999.0	0.0	TRUE	G	8.192357E-5	271.0	0.003969335	0.989974	429.12338	0.038301814	0.9896162	0.0
SPIKE	S75:G>A	14	126198	1.1093678E-4	108.353775	40.0	TRUE	G	8.085263E-5	231.0	0.006810743	0.99010444	517.43713	0.044473637	0.9871098	0.0
SPIKE	S75:G>C	1	126198	7.924056E-6	13.989935	40.0	TRUE	G	5.6269832E-6	20.0	0.002998891	0.9993081	586.79144	0.035612497	0.9886437	0.0
SPIKE	S75:G>T	0	126198	0.0	9999.0	0.0	TRUE	G	4.5617222E-4	1509.0	0.003969335	0.9454359	429.12338	0.038301814	0.9896162	0.0
SPIKE	I76:>T	1	126198	7.924056E-6	9999.0	40.0	TRUE		NaN	NaN	NaN	NaN	NaN	NaN	NaN	NaN
SPIKE	D76-78:TT>	3	126198	2.3772167E-5	9999.0	40.0	TRUE		NaN	NaN	NaN	NaN	NaN	NaN	NaN	NaN
SPIKE	S76:T>A	2	126198	1.5848113E-5	20.44508	40.0	TRUE	T	1.3843033E-5	42.0	0.0061658723	0.99829876	277.98343	0.041852415	0.99356264	0.0
SPIKE	S76:T>G	3	126198	2.3772167E-5	8.317064	40.0	TRUE	T	1.12556925E-4	419.0	0.0020604986	0.9862509	1166.6306	0.033970855	0.9900067	0.0
SPIKE	S76:T>C	25	126198	1.9810139E-4	76.28718	40.0	TRUE	T	4.659356E-4	1290.0	0.0053111925	0.94430125	1095.6461	0.04582489	0.98452485	0.0
SPIKE	D76-77:T>	2	126198	1.5848113E-5	9999.0	40.0	TRUE		NaN	NaN	NaN	NaN	NaN	NaN	NaN	NaN
SPIKE	S77:T>A	50	126198	3.9620278E-4	894.76685	40.0	TRUE	T	2.2742126E-5	69.0	0.0061658723	0.9972066	277.98343	0.041852415	0.99356264	0.0
SPIKE	S77:T>G	1	126198	7.924056E-6	9.449136	40.0	TRUE	T	1.6117936E-5	60.0	0.0020604986	0.99801946	1166.6306	0.033970855	0.9900067	0.0
SPIKE	S77:T>C	15	126198	1.1886084E-4	23.66066	40.0	TRUE	T	4.9627555E-4	1374.0	0.0053111925	0.9407838	1095.6461	0.04582489	0.98452485	0.0
SPIKE	S78:T>A	13	126198	1.03012724E-4	178.70193	40.0	TRUE	T	1.8127781E-5	55.0	0.0061658723	0.99777275	277.98343	0.041852415	0.99356264	0.0
SPIKE	S78:T>C	24	126198	1.9017734E-4	77.94248	40.0	TRUE	T	4.236763E-4	1173.0	0.0053111925	0.9492224	1095.6461	0.04582489	0.98452485	0.0
SPIKE	S78:T>G	0	126198	0.0	9999.0	0.0	TRUE	T	4.0912695E-4	1523.0	0.0020604986	0.9509226	1166.6306	0.033970855	0.9900067	0.0
SPIKE	S79:G>A	19	126198	1.5055705E-4	148.45555	40.0	TRUE	G	1.0255334E-4	293.0	0.006810743	0.98746514	517.43713	0.044473637	0.9871098	0.0
SPIKE	S79:G>T	1	126198	7.924056E-6	3.1958966	40.0	TRUE	G	7.648215E-5	253.0	0.003969335	0.9906368	429.12338	0.038301814	0.9896162	0.0
SPIKE	S79:G>C	0	126198	0.0	9999.0	0.0	TRUE	G	4.8448326E-4	1722.0	0.002998891	0.9421494	586.79144	0.035612497	0.9886437	0.0
SPIKE	S80:C>A	2	126198	1.5848113E-5	20.972279	40.0	TRUE	C	1.3000375E-5	32.0	0.00775146	0.99840224	192.55684	0.051669933	0.98440075	0.0
SPIKE	S80:C>T	19	126198	1.5055705E-4	97.3947	40.0	TRUE	C	2.0412524E-4	603.0	0.0048630843	0.9752052	703.2897	0.042928826	0.989535	0.0
SPIKE	D80-81:C>	3	126198	2.3772167E-5	9999.0	39.998837	TRUE		NaN	NaN	NaN	NaN	NaN	NaN	NaN	NaN
SPIKE	S80:C>G	0	126198	0.0	9999.0	0.0	TRUE	C	4.940464E-4	1744.0	0.0034937991	0.9410418	600.54297	0.035875153	0.9923479	0.0
SPIKE	S81:G>A	26	126198	2.0602545E-4	176.69157	40.0	TRUE	G	1.7570572E-4	502.0	0.006810743	0.97862005	517.43713	0.044473637	0.9871098	0.0
SPIKE	S81:G>T	4	126198	3.1696225E-5	37.570408	40.0	TRUE	G	2.2370274E-5	74.0	0.003969335	0.9972522	429.12338	0.038301814	0.9896162	0.0
SPIKE	S81:G>C	1	126198	7.924056E-6	4.3696423	40.0	TRUE	G	5.5425786E-5	197.0	0.002998891	0.9932058	586.79144	0.035612497	0.9886437	0.0
SPIKE	S82:G>A	13	126198	1.03012724E-4	91.10576	40.0	TRUE	G	9.135297E-5	261.0	0.006810743	0.98882645	517.43713	0.044473637	0.9871098	0.0
SPIKE	S82:G>T	3	126198	2.3772167E-5	50.67355	40.0	TRUE	G	3.325311E-6	11.0	0.003969335	0.99959105	429.12338	0.038301814	0.9896162	0.0
SPIKE	S82:G>C	0	126198	0.0	9999.0	0.0	TRUE	G	4.2202373E-4	1500.0	0.002998891	0.9494153	586.79144	0.035612497	0.9886437	0.0
SPIKE	S83:C>A	9	126198	7.13165E-5	152.14815	40.0	TRUE	C	6.5001873E-6	16.0	0.00775146	0.9992008	192.55684	0.051669933	0.98440075	0.0
SPIKE	S83:C>T	13	126198	1.03012724E-4	67.55686	40.0	TRUE	C	1.4590046E-4	431.0	0.0048630843	0.98221433	703.2897	0.042928826	0.989535	0.0
SPIKE	S83:C>G	0	126198	0.0	9999.0	0.0	TRUE	C	5.082106E-4	1794.0	0.0034937991	0.9394038	600.54297	0.035875153	0.9923479	0.0
SPIKE	S84:G>A	20	126198	1.5848111E-4	22.793947	40.0	TRUE	G	7.5392454E-4	2154.0	0.006810743	0.9114371	517.43713	0.044473637	0.9871098	0.0
SPIKE	S84:G>T	4	126198	3.1696225E-5	50.629086	40.0	TRUE	G	1.0278234E-5	34.0	0.003969335	0.99873656	429.12338	0.038301814	0.9896162	0.0
SPIKE	S84:G>C	1	126198	7.924056E-6	4.694597	40.0	TRUE	G	5.0924198E-5	181.0	0.002998891	0.9937559	586.79144	0.035612497	0.9886437	0.0
SPIKE	S85:A>G	24	126198	1.9017734E-4	92.71481	40.0	TRUE	A	3.5405127E-4	1075.0	0.0047917324	0.9573863	1436.6295	0.041763432	0.9894889	0.0
SPIKE	S85:A>T	1	126198	7.924056E-6	0.008277162	40.0	TRUE	A	5.5354147E-4	1468.0	0.0066720936	0.9341805	270.41687	0.047905345	0.98786277	0.0
SPIKE	S85:A>C	0	126198	0.0	9999.0	0.0	TRUE	A	5.528968E-6	14.0	0.0057816915	0.99932015	278.52188	0.050128736	0.9769059	0.0
SPIKE	S86:T>C	6	126197	4.7544712E-5	0.5974836	37.833332	TRUE	T	6.671239E-4	1847.0	0.0053111925	0.9212201	1095.6375	0.04582489	0.98452485	0.0
SPIKE	D86-87:T>	6	126197	4.7544712E-5	9999.0	39.61218	TRUE		NaN	NaN	NaN	NaN	NaN	NaN	NaN	NaN
SPIKE	S86:T>A	0	126197	0.0	9999.0	0.0	TRUE	T	6.3942134E-5	194.0	0.0061658723	0.992166	277.98123	0.041852415	0.99356264	0.0
SPIKE	S86:T>G	0	126197	0.0	9999.0	0.0	TRUE	T	5.104054E-6	19.0	0.0020604986	0.9993724	1166.6215	0.033970855	0.9900067	0.0
SPIKE	S87:T>A	1	126197	7.924119E-6	7.415455	40.0	TRUE	T	2.6038293E-5	79.0	0.0061658723	0.9968024	277.98123	0.041852415	0.99356264	0.0
SPIKE	S87:T>C	5	126197	3.9620594E-5	4.0553184	39.0	TRUE	T	3.211008E-4	889.0	0.0053111925	0.9612744	1095.6375	0.04582489	0.98452485	0.0
SPIKE	S87:T>G	0	126197	0.0	9999.0	0.0	TRUE	T	2.1222118E-5	79.0	0.0020604986	0.9973931	1166.6215	0.033970855	0.9900067	0.0
SPIKE	S88:T>A	3	126197	2.3772356E-5	26.055077	40.0	TRUE	T	2.3071905E-5	70.0	0.0061658723	0.99716616	277.98123	0.041852415	0.99356264	0.0
SPIKE	S88:T>C	3	126197	2.3772356E-5	3.0701907	36.333332	TRUE	T	2.2032787E-4	610.0	0.0053111925	0.97326356	1095.6375	0.04582489	0.98452485	0.0
SPIKE	S88:T>G	0	126197	0.0	9999.0	0.0	TRUE	T	2.686344E-6	10.0	0.0020604986	0.9996696	1166.6215	0.033970855	0.9900067	0.0
SPIKE	S89:A>G	11	126197	8.71653E-5	48.61567	39.727272	TRUE	A	1.5775992E-4	479.0	0.0047917324	0.98078257	1436.618	0.041763432	0.9894889	0.0
SPIKE	S89:A>C	0	126197	0.0	9999.0	0.0	TRUE	A	1.0999561E-4	8.0	0.0057816915	0.98656166	278.51968	0.050128736	0.9769059	1.0
SPIKE	S89:A>T	0	126197	0.0	9999.0	0.0	TRUE	A	3.3182587E-5	88.0	0.0066720936	0.99592686	270.41473	0.047905345	0.98786277	0.0
SPIKE	S90:T>A	3	126197	2.3772356E-5	21.964907	39.666668	TRUE	T	3.2300668E-5	98.0	0.0061658723	0.9960349	277.98123	0.041852415	0.99356264	0.0
SPIKE	S90:T>C	4	126197	3.1696476E-5	0.9715435	39.5	TRUE	T	4.3415427E-4	1202.0	0.0053111925	0.94799984	1095.6375	0.04582489	0.98452485	0.0
SPIKE	S90:T>G	0	126197	0.0	9999.0	0.0	TRUE	T	3.223613E-6	12.0	0.0020604986	0.99960357	1166.6215	0.033970855	0.9900067	0.0
SPIKE	S91:C>G	2	126197	1.5848238E-5	29.943838	40.0	TRUE	C	4.532572E-6	16.0	0.0034937991	0.99944264	600.5382	0.035875153	0.9923479	0.0
SPIKE	S91:C>A	41	126197	3.2488885E-4	934.44653	39.658535	TRUE	C	6.0939738E-6	15.0	0.00775146	0.9992507	192.55531	0.051669933	0.98440075	0.0
SPIKE	S91:C>T	6	126197	4.7544712E-5	19.077284	39.333332	TRUE	C	1.4590162E-4	431.0	0.0048630843	0.98221415	703.2841	0.042928826	0.989535	0.0
SPIKE	S92:G>A	19	126197	1.5055825E-4	108.77183	39.63158	TRUE	G	1.7430706E-4	498.0	0.006810743	0.97878844	517.433	0.044473637	0.9871098	0.0
SPIKE	S92:G>T	2	126197	1.5848238E-5	31.17038	39.5	TRUE	G	3.9299443E-6	13.0	0.003969335	0.9995167	429.11996	0.038301814	0.9896162	0.0
SPIKE	S92:G>C	0	126197	0.0	9999.0	0.0	TRUE	G	1.4911624E-5	53.0	0.002998891	0.9981676	586.7868	0.035612497	0.9886437	0.0
SPIKE	S93:T>A	2	126197	1.5848238E-5	11.34966	38.5	TRUE	T	4.2518222E-5	129.0	0.0061658723	0.99478394	277.98123	0.041852415	0.99356264	0.0
SPIKE	S93:T>C	8	126197	6.339295E-5	7.1500697	39.625	TRUE	T	4.157334E-4	1151.0	0.0053111925	0.9501502	1095.6375	0.04582489	0.98452485	0.0
SPIKE	S93:T>G	0	126197	0.0	9999.0	0.0	TRUE	T	6.7158603E-6	25.0	0.0020604986	0.9991743	1166.6215	0.033970855	0.9900067	0.0
SPIKE	S94:C>G	1	126197	7.924119E-6	14.927741	40.0	TRUE	C	4.532572E-6	16.0	0.0034937991	0.99944264	600.5382	0.035875153	0.9923479	0.0
SPIKE	S94:C>A	21	126197	1.6640649E-4	429.95242	39.714287	TRUE	C	5.687709E-6	14.0	0.00775146	0.99930066	192.55531	0.051669933	0.98440075	0.0
SPIKE	S94:C>T	8	126197	6.339295E-5	26.167019	38.375	TRUE	C	1.7298313E-4	511.0	0.0048630843	0.9789478	703.2841	0.042928826	0.989535	0.0
SPIKE	S95:G>A	19	126197	1.5055825E-4	127.03704	39.0	TRUE	G	1.3615552E-4	389.0	0.006810743	0.9833923	517.433	0.044473637	0.9871098	0.0
SPIKE	S95:G>T	1	126197	7.924119E-6	16.68516	38.0	TRUE	G	3.023034E-6	10.0	0.003969335	0.99962825	429.11996	0.038301814	0.9896162	0.0
SPIKE	S95:G>C	1	126197	7.924119E-6	10.119073	36.0	TRUE	G	1.3786218E-5	49.0	0.002998891	0.99830574	586.7868	0.035612497	0.9886437	0.0
SPIKE	S96:T>C	8	126197	6.339295E-5	3.8500237	39.25	TRUE	T	5.3095404E-4	1470.0	0.0053111925	0.9367795	1095.6375	0.04582489	0.98452485	0.0
SPIKE	S96:T>A	9	126197	7.131707E-5	67.45436	39.11111	TRUE	T	6.064615E-5	184.0	0.0061658723	0.99256825	277.98123	0.041852415	0.99356264	0.0
SPIKE	S96:T>G	0	126197	0.0	9999.0	0.0	TRUE	T	5.909957E-6	22.0	0.0020604986	0.99927336	1166.6215	0.033970855	0.9900067	0.0
SPIKE	S97:C>T	19	126197	1.5055825E-4	145.48166	39.789474	TRUE	C	1.0663343E-4	315.0	0.0048630843	0.9869697	703.2841	0.042928826	0.989535	0.0
SPIKE	S97:C>A	4	126197	3.1696476E-5	64.88203	38.75	TRUE	C	4.468914E-6	11.0	0.00775146	0.99945045	192.55531	0.051669933	0.98440075	0.0
SPIKE	S97:C>G	0	126197	0.0	9999.0	0.0	TRUE	C	1.7012392E-4	3.0	0.0034937991	0.97929215	600.5382	0.035875153	0.9923479	1.0
SPIKE	S98:A>C	1	126197	7.924119E-6	14.0661	40.0	TRUE	A	5.5290116E-6	14.0	0.0057816915	0.99932015	278.51968	0.050128736	0.9769059	0.0
SPIKE	S98:A>G	21	126197	1.6640649E-4	87.670204	39.285713	TRUE	A	2.885129E-4	876.0	0.0047917324	0.9651352	1436.618	0.041763432	0.9894889	0.0
SPIKE	D98-101:ATC>	1	126197	7.924119E-6	9999.0	39.769455	TRUE		NaN	NaN	NaN	NaN	NaN	NaN	NaN	NaN
SPIKE	S98:A>T	0	126197	0.0	9999.0	0.0	TRUE	A	1.1312246E-5	30.0	0.0066720936	0.99860954	270.41473	0.047905345	0.98786277	0.0
SPIKE	S99:T>C	2	126197	1.5848238E-5	0.053338174	40.0	TRUE	T	5.302317E-4	1468.0	0.0053111925	0.93686277	1095.6375	0.04582489	0.98452485	0.0
SPIKE	S99:T>A	3	126197	2.3772356E-5	33.682148	39.666668	TRUE	T	1.2524748E-5	38.0	0.0061658723	0.99846065	277.98123	0.041852415	0.99356264	0.0
SPIKE	S99:T>G	0	126197	0.0	9999.0	0.0	TRUE	T	4.566785E-6	17.0	0.0020604986	0.99943846	1166.6215	0.033970855	0.9900067	0.0
SPIKE	S100:C>T	4	126197	3.1696476E-5	7.294735	40.0	TRUE	C	1.8043054E-4	533.0	0.0048630843	0.9780515	703.2841	0.042928826	0.989535	0.0
SPIKE	S100:C>A	32	126197	2.535718E-4	616.34534	39.5625	TRUE	C	1.0969153E-5	27.0	0.00775146	0.9986517	192.55531	0.051669933	0.98440075	0.0
SPIKE	S100:C>G	2	126197	1.5848238E-5	26.12121	39.5	TRUE	C	7.082144E-6	25.0	0.0034937991	0.9991293	600.5382	0.035875153	0.9923479	0.0
SPIKE	S101:G>T	1	126197	7.924119E-6	16.68516	39.0	TRUE	G	3.023034E-6	10.0	0.003969335	0.99962825	429.11996	0.038301814	0.9896162	0.0
SPIKE	S101:G>A	16	126197	1.267859E-4	91.50724	39.625	TRUE	G	1.5085611E-4	431.0	0.006810743	0.9816158	517.433	0.044473637	0.9871098	0.0
SPIKE	S101:G>C	0	126197	0.0	9999.0	0.0	TRUE	G	9.0032445E-6	32.0	0.002998891	0.9988932	586.7868	0.035612497	0.9886437	0.0
SPIKE	D102-104:TG>	2	126197	1.5848238E-5	9999.0	39.675343	TRUE		NaN	NaN	NaN	NaN	NaN	NaN	NaN	NaN
SPIKE	S102:T>C	10	126197	7.924119E-5	14.506482	39.4	TRUE	T	3.7997527E-4	1052.0	0.0053111925	0.9543384	1095.6375	0.04582489	0.98452485	0.0
SPIKE	S102:T>A	16	126197	1.267859E-4	172.38109	39.3125	TRUE	T	4.350702E-5	132.0	0.0061658723	0.99466294	277.98123	0.041852415	0.99356264	0.0
SPIKE	S102:T>G	0	126197	0.0	9999.0	0.0	TRUE	T	1.2088549E-5	45.0	0.0020604986	0.99851424	1166.6215	0.033970855	0.9900067	0.0
SPIKE	S103:G>T	2	126197	1.5848238E-5	3.8193278	39.5	TRUE	G	1.2972442E-4	2.0	0.003969335	0.9841705	429.11996	0.038301814	0.9896162	1.0
SPIKE	S103:G>A	16	126197	1.267859E-4	113.34512	39.5	TRUE	G	1.0640431E-4	304.0	0.006810743	0.98699754	517.433	0.044473637	0.9871098	0.0
SPIKE	S103:G>C	0	126197	0.0	9999.0	0.0	TRUE	G	1.6509328E-4	1.0	0.002998891	0.97989833	586.7868	0.035612497	0.9886437	1.0
SPIKE	S104:G>A	9	126197	7.131707E-5	58.45229	37.666668	TRUE	G	7.805316E-5	223.0	0.006810743	0.9904454	517.433	0.044473637	0.9871098	0.0
SPIKE	S104:G>C	0	126197	0.0	9999.0	0.0	TRUE	G	1.0410002E-5	37.0	0.002998891	0.9987204	586.7868	0.035612497	0.9886437	0.0
SPIKE	S104:G>T	0	126197	0.0	9999.0	0.0	TRUE	G	4.2322476E-6	14.0	0.003969335	0.9994796	429.11996	0.038301814	0.9896162	0.0
SPIKE	S105:C>T	12	126197	9.5089425E-5	71.055565	34.25	TRUE	C	1.1306529E-4	334.0	0.0048630843	0.98618925	703.2841	0.042928826	0.989535	0.0
SPIKE	S105:C>A	62	126197	4.9129536E-4	1267.7131	39.35484	TRUE	C	1.5438067E-5	38.0	0.00775146	0.9981029	192.55531	0.051669933	0.98440075	0.0
SPIKE	D105-106:C>	2	126197	1.5848238E-5	9999.0	39.810802	TRUE		NaN	NaN	NaN	NaN	NaN	NaN	NaN	NaN
SPIKE	D105-107:CG>	30	126197	2.3772357E-4	9999.0	39.810802	TRUE		NaN	NaN	NaN	NaN	NaN	NaN	NaN	NaN
SPIKE	S105:C>G	0	126197	0.0	9999.0	0.0	TRUE	C	1.4164288E-5	50.0	0.0034937991	0.9982593	600.5382	0.035875153	0.9923479	0.0
SPIKE	S106:G>C	1	126197	7.924119E-6	15.858262	40.0	TRUE	G	3.657568E-6	13.0	0.002998891	0.9995502	586.7868	0.035612497	0.9886437	0.0
SPIKE	S106:G>T	2	126197	1.5848238E-5	23.467882	39.5	TRUE	G	9.6737085E-6	32.0	0.003969335	0.9988108	429.11996	0.038301814	0.9896162	0.0
SPIKE	S106:G>A	24	126197	1.9017885E-4	152.5965	39.125	TRUE	G	1.8130735E-4	518.0	0.006810743	0.97794604	517.433	0.044473637	0.9871098	0.0
SPIKE	S107:G>A	14	126197	1.1093766E-4	101.92151	39.714287	TRUE	G	9.065367E-5	259.0	0.006810743	0.9889115	517.433	0.044473637	0.9871098	0.0
SPIKE	S107:G>C	0	126197	0.0	9999.0	0.0	TRUE	G	7.8778385E-6	28.0	0.002998891	0.9990315	586.7868	0.035612497	0.9886437	0.0
SPIKE	S107:G>T	0	126197	0.0	9999.0	0.0	TRUE	G	4.2322476E-6	14.0	0.003969335	0.9994796	429.11996	0.038301814	0.9896162	0.0
SPIKE	S108:C>T	9	126197	7.131707E-5	62.27302	38.77778	TRUE	C	7.00734E-5	207.0	0.0048630843	0.991418	703.2841	0.042928826	0.989535	0.0
SPIKE	S108:C>A	7	126197	5.546883E-5	114.72011	39.857143	TRUE	C	6.0939738E-6	15.0	0.00775146	0.9992507	192.55531	0.051669933	0.98440075	0.0
SPIKE	S108:C>G	1	126197	7.924119E-6	16.17587	40.0	TRUE	C	3.399429E-6	12.0	0.0034937991	0.99958193	600.5382	0.035875153	0.9923479	0.0
SPIKE	D108-109:C>	3	126197	2.3772356E-5	9999.0	39.895622	TRUE		NaN	NaN	NaN	NaN	NaN	NaN	NaN	NaN
SPIKE	S109:A>C	1	126197	7.924119E-6	11.224867	40.0	TRUE	A	1.0663094E-5	27.0	0.0057816915	0.9986893	278.51968	0.050128736	0.9769059	0.0
SPIKE	S109:A>T	3	126197	2.3772356E-5	28.065086	40.0	TRUE	A	1.9607893E-5	52.0	0.0066720936	0.99759114	270.41473	0.047905345	0.98786277	0.0
SPIKE	S109:A>G	16	126197	1.267859E-4	36.234577	39.4375	TRUE	A	4.0872663E-4	1241.0	0.0047917324	0.9509694	1436.618	0.041763432	0.9894889	0.0
SPIKE	S110:G>A	9	126197	7.131707E-5	55.874985	39.555557	TRUE	G	8.4003404E-5	240.0	0.006810743	0.98972076	517.433	0.044473637	0.9871098	0.0
SPIKE	S110:G>C	0	126197	0.0	9999.0	0.0	TRUE	G	5.064325E-6	18.0	0.002998891	0.9993773	586.7868	0.035612497	0.9886437	0.0
SPIKE	S110:G>T	0	126197	0.0	9999.0	0.0	TRUE	G	1.2972442E-4	5.0	0.003969335	0.9841705	429.11996	0.038301814	0.9896162	1.0
SPIKE	S111:C>T	5	126197	3.9620594E-5	18.429508	39.0	TRUE	C	1.1171122E-4	330.0	0.0048630843	0.9863535	703.2841	0.042928826	0.989535	0.0
SPIKE	S111:C>A	11	126197	8.71653E-5	203.1044	39.272728	TRUE	C	5.281444E-6	13.0	0.00775146	0.9993506	192.55531	0.051669933	0.98440075	0.0
SPIKE	S111:C>G	2	126197	1.5848238E-5	22.34348	39.0	TRUE	C	1.1048144E-5	39.0	0.0034937991	0.998642	600.5382	0.035875153	0.9923479	0.0
SPIKE	D111-113:CG>	1	126197	7.924119E-6	9999.0	39.799995	TRUE		NaN	NaN	NaN	NaN	NaN	NaN	NaN	NaN
SPIKE	S112:G>C	1	126196	7.924182E-6	16.996925	40.0	TRUE	G	2.8135362E-6	10.0	0.002998891	0.999654	586.78217	0.035612497	0.9886437	0.0
SPIKE	S112:G>A	10	126196	7.9241814E-5	52.287956	39.8	TRUE	G	1.176057E-4	336.0	0.006810743	0.9856386	517.4289	0.044473637	0.9871098	0.0
SPIKE	D112-113:G>	1	126196	7.924182E-6	9999.0	39.784492	TRUE		NaN	NaN	NaN	NaN	NaN	NaN	NaN	NaN
SPIKE	S112:G>T	0	126196	0.0	9999.0	0.0	TRUE	G	4.232281E-6	14.0	0.003969335	0.9994796	429.11658	0.038301814	0.9896162	0.0
SPIKE	D113-115:TG>	4	126196	3.1696727E-5	9999.0	39.614685	TRUE		NaN	NaN	NaN	NaN	NaN	NaN	NaN	NaN
SPIKE	S113:T>C	8	126196	6.3393454E-5	6.7533317	39.0	TRUE	T	4.265726E-4	1181.0	0.0053111925	0.94888425	1095.6287	0.04582489	0.98452485	0.0
SPIKE	S113:T>A	3	126196	2.3772543E-5	22.990261	39.0	TRUE	T	2.9664112E-5	90.0	0.0061658723	0.996358	277.97903	0.041852415	0.99356264	0.0
SPIKE	S113:T>G	0	126196	0.0	9999.0	0.0	TRUE	T	3.2773656E-5	122.0	0.0020604986	0.9959769	1166.6122	0.033970855	0.9900067	0.0
SPIKE	S114:G>T	2	126196	1.5848364E-5	27.473124	37.5	TRUE	G	6.0461157E-6	20.0	0.003969335	0.9992566	429.11658	0.038301814	0.9896162	0.0
SPIKE	S114:G>A	11	126196	8.7165994E-5	58.76735	39.81818	TRUE	G	1.2285596E-4	351.0	0.006810743	0.98500234	517.4289	0.044473637	0.9871098	0.0
SPIKE	D114-115:G>	1	126196	7.924182E-6	9999.0	39.821514	TRUE		NaN	NaN	NaN	NaN	NaN	NaN	NaN	NaN
SPIKE	S114:G>C	0	126196	0.0	9999.0	0.0	TRUE	G	1.6509328E-4	4.0	0.002998891	0.97989833	586.78217	0.035612497	0.9886437	1.0
SPIKE	S115:A>T	2	126196	1.5848364E-5	10.624344	33.0	TRUE	A	4.6757654E-5	124.0	0.0066720936	0.9942653	270.4126	0.047905345	0.98786277	0.0
SPIKE	S115:A>C	1	126196	7.924182E-6	6.610751	40.0	TRUE	A	3.15946E-5	80.0	0.0057816915	0.9961214	278.5175	0.050128736	0.9769059	0.0
SPIKE	S115:A>G	29	126196	2.2980126E-4	99.09772	39.62069	TRUE	A	4.7657703E-4	1447.0	0.0047917324	0.94306606	1436.6067	0.041763432	0.9894889	0.0
SPIKE	S116:C>T	6	126196	4.7545087E-5	36.196404	39.333332	TRUE	C	6.601169E-5	195.0	0.0048630843	0.99191344	703.27856	0.042928826	0.989535	0.0
SPIKE	S116:C>G	1	126196	7.924182E-6	0.9541242	39.0	TRUE	C	1.7012392E-4	3.0	0.0034937991	0.97929215	600.53345	0.035875153	0.9923479	1.0
SPIKE	S116:C>A	29	126196	2.2980126E-4	304.09866	39.37931	TRUE	C	7.822847E-5	3.0	0.00775146	0.99042404	192.55379	0.051669933	0.98440075	1.0
SPIKE	D116-117:C>	23	126196	1.8225618E-4	9999.0	39.889656	TRUE		NaN	NaN	NaN	NaN	NaN	NaN	NaN	NaN
SPIKE	S117:C>T	6	126196	4.7545087E-5	28.361973	39.833332	TRUE	C	9.343194E-5	276.0	0.0048630843	0.9885737	703.27856	0.042928826	0.989535	0.0
SPIKE	S117:C>G	2	126196	1.5848364E-5	2.482812	39.0	TRUE	C	1.7012392E-4	8.0	0.0034937991	0.97929215	600.53345	0.035875153	0.9923479	1.0
SPIKE	S117:C>A	52	126196	4.1205744E-4	1250.7607	39.48077	TRUE	C	5.687754E-6	14.0	0.00775146	0.99930066	192.55379	0.051669933	0.98440075	0.0
SPIKE	S118:T>C	5	126196	3.9620907E-5	6.3871875	39.2	TRUE	T	2.5572683E-4	708.0	0.0053111925	0.96903515	1095.6287	0.04582489	0.98452485	0.0
SPIKE	S118:T>A	16	126196	1.2678691E-4	181.03452	39.6875	TRUE	T	3.8233746E-5	116.0	0.0061658723	0.9953083	277.97903	0.041852415	0.99356264	0.0
SPIKE	D118-119:T>	22	126196	1.7433199E-4	9999.0	39.80184	TRUE		NaN	NaN	NaN	NaN	NaN	NaN	NaN	NaN
SPIKE	S118:T>G	0	126196	0.0	9999.0	0.0	TRUE	T	5.372731E-6	20.0	0.0020604986	0.9993394	1166.6122	0.033970855	0.9900067	0.0
SPIKE	S119:A>T	2	126196	1.5848364E-5	12.125555	38.0	TRUE	A	3.8461938E-5	102.0	0.0066720936	0.9952803	270.4126	0.047905345	0.98786277	0.0
SPIKE	S119:A>C	1	126196	7.924182E-6	14.0661	40.0	TRUE	A	5.5290557E-6	14.0	0.0057816915	0.99932015	278.5175	0.050128736	0.9769059	0.0
SPIKE	S119:A>G	20	126196	1.5848363E-4	106.18397	39.7	TRUE	A	2.0321218E-4	617.0	0.0047917324	0.9753147	1436.6067	0.041763432	0.9894889	0.0
SPIKE	S120:T>C	3	126196	2.3772543E-5	0.95067716	39.333332	TRUE	T	3.5108262E-4	972.0	0.0053111925	0.95773596	1095.6287	0.04582489	0.98452485	0.0
SPIKE	S120:T>A	2	126196	1.5848364E-5	20.854538	39.5	TRUE	T	1.318405E-5	40.0	0.0061658723	0.99837965	277.97903	0.041852415	0.99356264	0.0
SPIKE	S120:T>G	0	126196	0.0	9999.0	0.0	TRUE	T	1.477501E-5	55.0	0.0020604986	0.9981843	1166.6122	0.033970855	0.9900067	0.0
SPIKE	S121:G>T	2	126196	1.5848364E-5	23.737175	39.0	TRUE	G	9.37148E-6	31.0	0.003969335	0.99884796	429.11658	0.038301814	0.9896162	0.0
SPIKE	S121:G>A	12	126196	9.5090174E-5	75.432495	38.666668	TRUE	G	1.0290498E-4	294.0	0.006810743	0.98742247	517.4289	0.044473637	0.9871098	0.0
SPIKE	S121:G>C	0	126196	0.0	9999.0	0.0	TRUE	G	1.6509328E-4	9.0	0.002998891	0.97989833	586.78217	0.035612497	0.9886437	1.0
SPIKE	S122:T>C	5	126196	3.9620907E-5	1.5700204	38.4	TRUE	T	4.5402348E-4	1257.0	0.0053111925	0.9456858	1095.6287	0.04582489	0.98452485	0.0
SPIKE	S122:T>A	4	126196	3.1696727E-5	26.226133	39.75	TRUE	T	4.515537E-5	137.0	0.0061658723	0.9944613	277.97903	0.041852415	0.99356264	0.0
SPIKE	S122:T>G	0	126196	0.0	9999.0	0.0	TRUE	T	1.7730012E-5	66.0	0.0020604986	0.99782157	1166.6122	0.033970855	0.9900067	0.0
SPIKE	S123:G>T	1	126196	7.924182E-6	12.222132	39.0	TRUE	G	8.464562E-6	28.0	0.003969335	0.9989594	429.11658	0.038301814	0.9896162	0.0
SPIKE	S123:G>A	9	126196	7.1317634E-5	49.57954	39.555557	TRUE	G	1.0080488E-4	288.0	0.006810743	0.9876776	517.4289	0.044473637	0.9871098	0.0
SPIKE	S123:G>C	0	126196	0.0	9999.0	0.0	TRUE	G	1.6509328E-4	1.0	0.002998891	0.97989833	586.78217	0.035612497	0.9886437	1.0
SPIKE	D124-126:TG>	1	126196	7.924182E-6	9999.0	39.542393	TRUE		NaN	NaN	NaN	NaN	NaN	NaN	NaN	NaN
SPIKE	S124:T>C	10	126196	7.9241814E-5	7.0878143	39.7	TRUE	T	5.385434E-4	1491.0	0.0053111925	0.93590546	1095.6287	0.04582489	0.98452485	0.0
SPIKE	S124:T>G	2	126196	1.5848364E-5	15.391127	40.0	TRUE	T	2.552047E-5	95.0	0.0020604986	0.9968659	1166.6122	0.033970855	0.9900067	0.0
SPIKE	S124:T>A	2	126196	1.5848364E-5	13.830853	39.5	TRUE	T	3.098252E-5	94.0	0.0061658723	0.9961964	277.97903	0.041852415	0.99356264	0.0
SPIKE	I125:>G	1	126196	7.924182E-6	9999.0	39.84578	TRUE		NaN	NaN	NaN	NaN	NaN	NaN	NaN	NaN
SPIKE	S125:G>A	13	126196	1.0301436E-4	89.93363	38.923077	TRUE	G	9.3454524E-5	267.0	0.006810743	0.9885709	517.4289	0.044473637	0.9871098	0.0
SPIKE	S125:G>C	0	126196	0.0	9999.0	0.0	TRUE	G	9.003315E-6	32.0	0.002998891	0.9988932	586.78217	0.035612497	0.9886437	0.0
SPIKE	S125:G>T	0	126196	0.0	9999.0	0.0	TRUE	G	1.2972442E-4	6.0	0.003969335	0.9841705	429.11658	0.038301814	0.9896162	1.0
SPIKE	S126:C>T	7	126196	5.546927E-5	29.444891	35.285713	TRUE	C	1.19836615E-4	354.0	0.0048630843	0.9853682	703.27856	0.042928826	0.989535	0.0
SPIKE	S126:C>G	2	126196	1.5848364E-5	10.013848	39.0	TRUE	C	5.070855E-5	179.0	0.0034937991	0.9937823	600.53345	0.035875153	0.9923479	0.0
SPIKE	S126:C>A	16	126196	1.2678691E-4	277.15848	39.125	TRUE	C	9.344168E-6	23.0	0.00775146	0.9988513	192.55379	0.051669933	0.98440075	0.0
SPIKE	D126-127:C>	4	126196	3.1696727E-5	9999.0	39.828545	TRUE		NaN	NaN	NaN	NaN	NaN	NaN	NaN	NaN
SPIKE	D126-128:CG>	33	126196	2.6149797E-4	9999.0	39.828545	TRUE		NaN	NaN	NaN	NaN	NaN	NaN	NaN	NaN
SPIKE	S127:G>T	1	126196	7.924182E-6	1.5772996	37.0	TRUE	G	1.2972442E-4	7.0	0.003969335	0.9841705	429.11658	0.038301814	0.9896162	1.0
SPIKE	S127:G>A	20	126196	1.5848363E-4	117.58939	39.35	TRUE	G	1.7500848E-4	500.0	0.006810743	0.978704	517.4289	0.044473637	0.9871098	0.0
SPIKE	S127:G>C	0	126196	0.0	9999.0	0.0	TRUE	G	2.3915058E-5	85.0	0.002998891	0.99706274	586.78217	0.035612497	0.9886437	0.0
SPIKE	S128:G>A	8	126196	6.3393454E-5	44.077854	39.5	TRUE	G	9.240447E-5	264.0	0.006810743	0.9886986	517.4289	0.044473637	0.9871098	0.0
SPIKE	S128:G>C	0	126196	0.0	9999.0	0.0	TRUE	G	1.4911741E-5	53.0	0.002998891	0.9981675	586.78217	0.035612497	0.9886437	0.0
SPIKE	S128:G>T	0	126196	0.0	9999.0	0.0	TRUE	G	3.3253637E-6	11.0	0.003969335	0.99959105	429.11658	0.038301814	0.9896162	0.0
SPIKE	S129:C>A	15	126196	1.1886272E-4	265.37372	39.266666	TRUE	C	8.125363E-6	20.0	0.00775146	0.9990011	192.55379	0.051669933	0.98440075	0.0
SPIKE	S129:C>G	1	126196	7.924182E-6	5.2503104	39.0	TRUE	C	4.4192926E-5	156.0	0.0034937991	0.994579	600.53345	0.035875153	0.9923479	0.0
SPIKE	S129:C>T	6	126196	4.7545087E-5	23.225933	32.833332	TRUE	C	1.1882105E-4	351.0	0.0048630843	0.9854913	703.27856	0.042928826	0.989535	0.0
SPIKE	D129-130:C>	3	126196	2.3772543E-5	9999.0	39.828537	TRUE		NaN	NaN	NaN	NaN	NaN	NaN	NaN	NaN
SPIKE	D130-133:GGC>	1	126196	7.924182E-6	9999.0	39.82039	TRUE		NaN	NaN	NaN	NaN	NaN	NaN	NaN	NaN
SPIKE	S130:G>A	6	126196	4.7545087E-5	8.2367525	39.333332	TRUE	G	2.747633E-4	785.0	0.006810743	0.9667688	517.4289	0.044473637	0.9871098	0.0
SPIKE	S130:G>C	0	126196	0.0	9999.0	0.0	TRUE	G	2.3070997E-5	82.0	0.002998891	0.9971663	586.78217	0.035612497	0.9886437	0.0
SPIKE	S130:G>T	0	126196	0.0	9999.0	0.0	TRUE	G	4.8368925E-6	16.0	0.003969335	0.99940526	429.11658	0.038301814	0.9896162	0.0
SPIKE	S131:G>A	9	126196	7.1317634E-5	48.762043	39.555557	TRUE	G	1.03255E-4	295.0	0.006810743	0.98737997	517.4289	0.044473637	0.9871098	0.0
SPIKE	S131:G>C	0	126196	0.0	9999.0	0.0	TRUE	G	3.601326E-5	128.0	0.002998891	0.99558014	586.78217	0.035612497	0.9886437	0.0
SPIKE	S131:G>T	0	126196	0.0	9999.0	0.0	TRUE	G	1.2972442E-4	5.0	0.003969335	0.9841705	429.11658	0.038301814	0.9896162	1.0
SPIKE	S132:C>A	6	126196	4.7545087E-5	61.592976	39.5	TRUE	C	2.3157285E-5	57.0	0.00775146	0.9971557	192.55379	0.051669933	0.98440075	0.0
SPIKE	S132:C>G	1	126196	7.924182E-6	7.844249	39.0	TRUE	C	2.3512903E-5	83.0	0.0034937991	0.9971121	600.53345	0.035875153	0.9923479	0.0
SPIKE	S132:C>T	10	126196	7.9241814E-5	68.36283	38.9	TRUE	C	7.752143E-5	229.0	0.0048630843	0.99051017	703.27856	0.042928826	0.989535	0.0
SPIKE	D132-133:C>	2	126196	1.5848364E-5	9999.0	39.888096	TRUE		NaN	NaN	NaN	NaN	NaN	NaN	NaN	NaN
SPIKE	S133:A>G	0	126196	0.0	9999.0	0.0	TRUE	A	5.1708772E-5	157.0	0.0047917324	0.99366003	1436.6067	0.041763432	0.9894889	0.0
SPIKE	S133:A>C	0	126196	0.0	9999.0	0.0	TRUE	A	1.11765905E-4	283.0	0.0057816915	0.98634684	278.5175	0.050128736	0.9769059	0.0
SPIKE	S133:A>T	0	126196	0.0	9999.0	0.0	TRUE	A	1.01966594E-4	1.0	0.0066720936	0.98753643	270.4126	0.047905345	0.98786277	1.0
SPIKE	S134:G>A	0	126196	0.0	9999.0	0.0	TRUE	G	4.5817217E-4	1309.0	0.006810743	0.94520336	517.4289	0.044473637	0.9871098	0.0
SPIKE	S134:G>C	0	126196	0.0	9999.0	0.0	TRUE	G	5.0362298E-5	179.0	0.002998891	0.9938246	586.78217	0.035612497	0.9886437	0.0
SPIKE	S134:G>T	0	126196	0.0	9999.0	0.0	TRUE	G	5.9251935E-5	196.0	0.003969335	0.9927385	429.11658	0.038301814	0.9896162	0.0
SPIKE	S135:C>A	0	126196	0.0	9999.0	0.0	TRUE	C	4.875218E-5	120.0	0.00775146	0.9940214	192.55379	0.051669933	0.98440075	0.0
SPIKE	S135:C>G	0	126196	0.0	9999.0	0.0	TRUE	C	6.062363E-5	214.0	0.0034937991	0.992571	600.53345	0.035875153	0.9923479	0.0
SPIKE	S135:C>T	0	126196	0.0	9999.0	0.0	TRUE	C	1.4251756E-4	421.0	0.0048630843	0.9826231	703.27856	0.042928826	0.989535	0.0
SPIKE	S136:C>A	0	126196	0.0	9999.0	0.0	TRUE	C	1.0725479E-4	264.0	0.00775146	0.9868943	192.55379	0.051669933	0.98440075	0.0
SPIKE	S136:C>G	0	126196	0.0	9999.0	0.0	TRUE	C	2.549592E-5	90.0	0.0034937991	0.9968689	600.53345	0.035875153	0.9923479	0.0
SPIKE	S136:C>T	0	126196	0.0	9999.0	0.0	TRUE	C	5.013504E-4	1481.0	0.0048630843	0.94019675	703.27856	0.042928826	0.989535	0.0
SPIKE	S137:T>A	0	126196	0.0	9999.0	0.0	TRUE	T	5.833942E-5	177.0	0.0061658723	0.99284995	277.97903	0.041852415	0.99356264	0.0
SPIKE	S137:T>G	0	126196	0.0	9999.0	0.0	TRUE	T	3.073202E-4	1144.0	0.0020604986	0.9629051	1166.6122	0.033970855	0.9900067	0.0
SPIKE	S137:T>C	0	126196	0.0	9999.0	0.0	TRUE	T	5.815257E-5	161.0	0.0053111925	0.9928728	1095.6287	0.04582489	0.98452485	0.0
SPIKE	S138:G>A	0	126196	0.0	9999.0	0.0	TRUE	G	7.9173833E-4	2262.0	0.006810743	0.9072077	517.4289	0.044473637	0.9871098	0.0
SPIKE	S138:G>C	0	126196	0.0	9999.0	0.0	TRUE	G	2.8135362E-6	10.0	0.002998891	0.999654	586.78217	0.035612497	0.9886437	0.0
SPIKE	S138:G>T	0	126196	0.0	9999.0	0.0	TRUE	G	1.7322121E-4	573.0	0.003969335	0.97891915	429.11658	0.038301814	0.9896162	0.0
SPIKE	S139:A>G	0	126196	0.0	9999.0	0.0	TRUE	A	1.2746047E-4	387.0	0.0047917324	0.9844446	1436.6067	0.041763432	0.9894889	0.0
SPIKE	S139:A>C	0	126196	0.0	9999.0	0.0	TRUE	A	5.5290557E-6	14.0	0.0057816915	0.99932015	278.5175	0.050128736	0.9769059	0.0
SPIKE	S139:A>T	0	126196	0.0	9999.0	0.0	TRUE	A	9.875669E-4	2619.0	0.0066720936	0.88561696	270.4126	0.047905345	0.98786277	0.0
SPIKE	S140:T>A	0	126196	0.0	9999.0	0.0	TRUE	T	1.6842624E-4	511.0	0.0061658723	0.97949666	277.97903	0.041852415	0.99356264	0.0
SPIKE	S140:T>G	0	126196	0.0	9999.0	0.0	TRUE	T	9.402279E-5	350.0	0.0020604986	0.9885018	1166.6122	0.033970855	0.9900067	0.0
SPIKE	S140:T>C	0	126196	0.0	9999.0	0.0	TRUE	T	4.4065924E-5	122.0	0.0053111925	0.9945946	1095.6287	0.04582489	0.98452485	0.0
SPIKE	S141:T>A	0	126196	0.0	9999.0	0.0	TRUE	T	0.0015557179	4720.0	0.0061658723	0.8258408	277.97903	0.041852415	0.99356264	0.0
SPIKE	S141:T>G	0	126196	0.0	9999.0	0.0	TRUE	T	9.241097E-5	344.0	0.0020604986	0.9886978	1166.6122	0.033970855	0.9900067	0.0
SPIKE	S141:T>C	0	126196	0.0	9999.0	0.0	TRUE	T	1.9215632E-4	532.0	0.0053111925	0.9766419	1095.6287	0.04582489	0.98452485	0.0
SPIKE	S142:A>G	0	126196	0.0	9999.0	0.0	TRUE	A	0.0019030146	5778.0	0.0047917324	0.7913058	1436.6067	0.041763432	0.9894889	0.0
SPIKE	S142:A>C	0	126196	0.0	9999.0	0.0	TRUE	A	3.1950042E-4	809.0	0.0057816915	0.96146363	278.5175	0.050128736	0.9769059	0.0
SPIKE	S142:A>T	0	126196	0.0	9999.0	0.0	TRUE	A	1.6779963E-4	445.0	0.0066720936	0.9795722	270.4126	0.047905345	0.98786277	0.0
SPIKE	S143:G>A	0	126196	0.0	9999.0	0.0	TRUE	G	2.992645E-4	855.0	0.006810743	0.9638597	517.4289	0.044473637	0.9871098	0.0
SPIKE	S143:G>C	0	126196	0.0	9999.0	0.0	TRUE	G	0.0024193597	8599.0	0.002998891	0.74261224	586.78217	0.035612497	0.9886437	0.0
SPIKE	S143:G>T	0	126196	0.0	9999.0	0.0	TRUE	G	1.6022206E-5	53.0	0.003969335	0.9980312	429.11658	0.038301814	0.9896162	0.0
SPIKE	S144:C>A	0	126196	0.0	9999.0	0.0	TRUE	C	7.3128267E-6	18.0	0.00775146	0.9991009	192.55379	0.051669933	0.98440075	0.0
SPIKE	S144:C>G	0	126196	0.0	9999.0	0.0	TRUE	C	3.2209844E-4	1137.0	0.0034937991	0.9611564	600.53345	0.035875153	0.9923479	0.0
SPIKE	S144:C>T	0	126196	0.0	9999.0	0.0	TRUE	C	9.681715E-5	286.0	0.0048630843	0.9881621	703.27856	0.042928826	0.989535	0.0
SPIKE	S145:C>A	0	126196	0.0	9999.0	0.0	TRUE	C	1.950087E-5	48.0	0.00775146	0.99760425	192.55379	0.051669933	0.98440075	0.0
SPIKE	S145:C>G	0	126196	0.0	9999.0	0.0	TRUE	C	1.793213E-4	633.0	0.0034937991	0.97818494	600.53345	0.035875153	0.9923479	0.0
SPIKE	S145:C>T	0	126196	0.0	9999.0	0.0	TRUE	C	2.860507E-4	845.0	0.0048630843	0.9654275	703.27856	0.042928826	0.989535	0.0
SPIKE	S146:C>A	0	126196	0.0	9999.0	0.0	TRUE	C	6.5002905E-6	16.0	0.00775146	0.99920076	192.55379	0.051669933	0.98440075	0.0
SPIKE	S146:C>G	0	126196	0.0	9999.0	0.0	TRUE	C	0.0028561095	10082.0	0.0034937991	0.70377153	600.53345	0.035875153	0.9923479	0.0
SPIKE	S146:C>T	0	126196	0.0	9999.0	0.0	TRUE	C	3.8659156E-4	1142.0	0.0048630843	0.9535621	703.27856	0.042928826	0.989535	0.0
SPIKE	S147:G>A	0	126196	0.0	9999.0	0.0	TRUE	G	2.166605E-4	619.0	0.006810743	0.9737027	517.4289	0.044473637	0.9871098	0.0
SPIKE	S147:G>C	0	126196	0.0	9999.0	0.0	TRUE	G	5.0756196E-4	1804.0	0.002998891	0.9394787	586.78217	0.035612497	0.9886437	0.0
SPIKE	S147:G>T	0	126196	0.0	9999.0	0.0	TRUE	G	0.0028812764	9531.0	0.003969335	0.7015964	429.11658	0.038301814	0.9896162	0.0
SPIKE	S148:T>A	0	126196	0.0	9999.0	0.0	TRUE	T	1.8128068E-5	55.0	0.0061658723	0.99777275	277.97903	0.041852415	0.99356264	0.0
SPIKE	S148:T>G	0	126196	0.0	9999.0	0.0	TRUE	T	0.004241771	15790.0	0.0020604986	0.5934883	1166.6122	0.033970855	0.9900067	0.0
SPIKE	S148:T>C	0	126196	0.0	9999.0	0.0	TRUE	T	3.6227968E-4	1003.0	0.0053111925	0.95641786	1095.6287	0.04582489	0.98452485	0.0
SPIKE	S149:G>A	0	126196	0.0	9999.0	0.0	TRUE	G	1.9250932E-4	550.0	0.006810743	0.9765995	517.4289	0.044473637	0.9871098	0.0
SPIKE	S149:G>C	0	126196	0.0	9999.0	0.0	TRUE	G	0.0028622104	10173.0	0.002998891	0.7032436	586.78217	0.035612497	0.9886437	0.0
SPIKE	S149:G>T	0	126196	0.0	9999.0	0.0	TRUE	G	8.189464E-4	2709.0	0.003969335	0.9041768	429.11658	0.038301814	0.9896162	0.0
SPIKE	S150:C>A	0	126191	0.0	9999.0	0.0	TRUE	C	7.822847E-5	9.0	0.00775146	0.99042404	192.54616	0.051669933	0.98440075	1.0
SPIKE	S150:C>G	0	126191	0.0	9999.0	0.0	TRUE	C	0.0012926944	4563.0	0.0034937991	0.85299516	600.50964	0.035875153	0.9923479	0.0
SPIKE	S150:C>T	0	126191	0.0	9999.0	0.0	TRUE	C	0.0042398116	12524.0	0.0048630843	0.5936313	703.2507	0.042928826	0.989535	0.0
SPIKE	S151:T>A	0	126160	0.0	9999.0	0.0	TRUE	T	6.593906E-6	20.0	0.0061658723	0.99918926	277.89975	0.041852415	0.99356264	0.0
SPIKE	S151:T>G	0	126160	0.0	9999.0	0.0	TRUE	T	0.00444371	16537.0	0.0020604986	0.5789285	1166.2793	0.033970855	0.9900067	0.0
SPIKE	S151:T>C	0	126160	0.0	9999.0	0.0	TRUE	T	8.0244546E-4	2221.0	0.0053111925	0.9060137	1095.3162	0.04582489	0.98452485	0.0
SPIKE	S152:G>A	0	126129	0.0	9999.0	0.0	TRUE	G	2.062695E-4	589.0	0.006810743	0.974948	517.1542	0.044473637	0.9871098	0.0
SPIKE	S152:G>C	0	126129	0.0	9999.0	0.0	TRUE	G	9.289602E-6	33.0	0.002998891	0.99885803	586.47064	0.035612497	0.9886437	0.0
SPIKE	S152:G>T	0	126129	0.0	9999.0	0.0	TRUE	G	5.3657533E-4	1774.0	0.003969335	0.936132	428.88873	0.038301814	0.9896162	0.0
SPIKE	S153:G>A	0	125853	0.0	9999.0	0.0	TRUE	G	1.10555826E-4	315.0	0.006810743	0.98649365	516.0225	0.044473637	0.9871098	0.0
SPIKE	S153:G>C	0	125853	0.0	9999.0	0.0	TRUE	G	4.796047E-6	17.0	0.002998891	0.9994103	585.18726	0.035612497	0.9886437	0.0
SPIKE	S153:G>T	0	125853	0.0	9999.0	0.0	TRUE	G	9.39702E-6	31.0	0.003969335	0.99884486	427.95023	0.038301814	0.9896162	0.0
