#pipeline_block
reference	mutation	count	coverage	freq	score	cqs	has.reference	ancestral.allele	error.rate	minor.count.local	minor.fdr	minor.recall	minor.count.global	read.fraction.in.minors	q.filtered.read.fraction	global.est
SPIKE	S0:T>A	0	184808	0.0	9999.0	0.0	TRUE	T	8.0974925E-5	194.0	0.0065696267	0.9937843	166.36508	0.07764834	0.9901719	0.0
SPIKE	S0:T>G	0	184808	0.0	9999.0	0.0	TRUE	T	2.7745478E-5	97.0	0.0029454308	0.99786586	681.95526	0.053017877	0.9879995	0.0
SPIKE	S0:T>C	0	184808	0.0	9999.0	0.0	TRUE	T	4.275917E-4	1168.0	0.0046139183	0.96761155	1009.2689	0.06796974	0.9836369	0.0
SPIKE	S1:A>G	0	184938	0.0	9999.0	0.0	TRUE	A	3.0544616E-4	889.0	0.0044288705	0.9767551	1182.4744	0.06382441	0.98823327	0.0
SPIKE	S1:A>C	0	184938	0.0	9999.0	0.0	TRUE	A	1.3878371E-5	36.0	0.004981056	0.99893194	256.63806	0.07165241	0.9815612	0.0
SPIKE	S1:A>T	0	184938	0.0	9999.0	0.0	TRUE	A	1.8365955E-4	413.0	0.006480785	0.98595774	185.91351	0.082777694	0.9866287	0.0
SPIKE	S2:G>A	0	185122	0.0	9999.0	0.0	TRUE	G	2.89977E-4	762.0	0.0064686057	0.9779192	434.205	0.07090633	0.98543584	0.0
SPIKE	S2:G>C	0	185122	0.0	9999.0	0.0	TRUE	G	1.7452267E-5	56.0	0.003973997	0.9986571	348.2084	0.057923015	0.9881945	0.0
SPIKE	S2:G>T	0	185122	0.0	9999.0	0.0	TRUE	G	1.0964557E-5	31.0	0.0049480405	0.99915606	244.91907	0.06580239	0.9871101	0.0
SPIKE	S3:C>A	0	185264	0.0	9999.0	0.0	TRUE	C	9.920585E-6	23.0	0.006780387	0.9992364	143.09286	0.0804554	0.98501277	0.0
SPIKE	S3:C>G	0	185264	0.0	9999.0	0.0	TRUE	C	1.21821206E-4	389.0	0.0042521637	0.99066365	365.45172	0.05826597	0.99082476	0.0
SPIKE	S3:C>T	0	185264	0.0	9999.0	0.0	TRUE	C	2.5088133E-4	640.0	0.0052144127	0.9808675	568.38495	0.07300455	0.9868186	0.0
SPIKE	S4:G>A	59	185424	3.1818968E-4	504.5379	39.322033	TRUE	G	1.6374873E-4	431.0	0.0064686057	0.9874705	434.91333	0.07090633	0.98543584	0.0
SPIKE	S4:G>C	8	185424	4.3144362E-5	28.330482	39.75	TRUE	G	1.08587876E-4	349.0	0.003973997	0.9916736	348.77646	0.057923015	0.9881945	0.0
SPIKE	S4:G>T	1	185424	5.3930453E-6	6.470574	40.0	TRUE	G	2.2246517E-5	63.0	0.0049480405	0.9982885	245.31862	0.06580239	0.9871101	0.0
SPIKE	S5:T>A	14	185529	7.54599E-5	189.68909	39.57143	TRUE	T	1.3720557E-5	33.0	0.0065696267	0.9989441	167.01413	0.07764834	0.9901719	0.0
SPIKE	S5:T>C	29	185529	1.5630979E-4	47.963486	39.96552	TRUE	T	5.754431E-4	1578.0	0.0046139183	0.9566582	1013.2065	0.06796974	0.9836369	0.0
SPIKE	S5:T>G	0	185529	0.0	9999.0	0.0	TRUE	T	1.2935561E-4	454.0	0.0029454308	0.99008906	684.6158	0.053017877	0.9879995	0.0
SPIKE	I6:>G	1	185626	5.3871763E-6	9999.0	39.854507	TRUE		NaN	NaN	NaN	NaN	NaN	NaN	NaN	NaN
SPIKE	S6:G>A	56	185626	3.0168187E-4	502.65277	39.607143	TRUE	G	1.4042019E-4	370.0	0.0064686057	0.9892459	435.38712	0.07090633	0.98543584	0.0
SPIKE	S6:G>C	2	185626	1.0774353E-5	2.7726407	40.0	TRUE	G	1.08518325E-4	1.0	0.003973997	0.9916789	349.15643	0.057923015	0.9881945	1.0
SPIKE	S6:G>T	1	185626	5.3871763E-6	1.003352	40.0	TRUE	G	1.1287522E-4	320.0	0.0049480405	0.99134624	245.58588	0.06580239	0.9871101	0.0
SPIKE	S7:A>G	13	185705	7.00035E-5	3.6327488	38.76923	TRUE	A	6.0118374E-4	1757.0	0.0044288705	0.95476395	1187.3785	0.06382441	0.98823327	0.0
SPIKE	S7:A>C	23	185705	1.2385234E-4	358.11584	39.695652	TRUE	A	1.3053214E-5	34.0	0.004981056	0.9989954	257.70242	0.07165241	0.9815612	0.0
SPIKE	S7:A>T	18	185705	9.692792E-5	143.81165	39.333332	TRUE	A	6.3771775E-5	144.0	0.006480785	0.99510163	186.68457	0.082777694	0.9866287	0.0
SPIKE	D7-8:A>	157	185705	8.4542687E-4	9999.0	39.695026	TRUE		NaN	NaN	NaN	NaN	NaN	NaN	NaN	NaN
SPIKE	I7:>A	1	185705	5.384885E-6	9999.0	39.695026	TRUE		NaN	NaN	NaN	NaN	NaN	NaN	NaN	NaN
SPIKE	S8:A>G	5	185723	2.6921814E-5	0.1517806	39.4	TRUE	A	5.0567073E-4	1478.0	0.0044288705	0.96181166	1187.4935	0.06382441	0.98823327	0.0
SPIKE	S8:A>C	15	185723	8.076544E-5	185.44159	39.533333	TRUE	A	1.9194043E-5	50.0	0.004981056	0.9985232	257.72742	0.07165241	0.9815612	0.0
SPIKE	S8:A>T	13	185723	6.999671E-5	132.74266	39.384617	TRUE	A	2.8340264E-5	64.0	0.006480785	0.9978202	186.70267	0.082777694	0.9866287	0.0
SPIKE	I9:>G	1	185734	5.384044E-6	9999.0	39.862064	TRUE		NaN	NaN	NaN	NaN	NaN	NaN	NaN	NaN
SPIKE	S9:G>A	56	185734	3.0150646E-4	401.71008	39.339287	TRUE	G	2.1885226E-4	577.0	0.0064686057	0.9832896	435.64044	0.07090633	0.98543584	0.0
SPIKE	S9:G>C	2	185734	1.0768088E-5	2.7699242	39.5	TRUE	G	1.08518325E-4	0.0	0.003973997	0.9916789	349.35956	0.057923015	0.9881945	1.0
SPIKE	S9:G>T	1	185734	5.384044E-6	9.894213	40.0	TRUE	G	9.870839E-6	28.0	0.0049480405	0.9992402	245.72876	0.06580239	0.9871101	0.0
SPIKE	D9-10:G>	54	185734	2.9073836E-4	9999.0	39.862064	TRUE		NaN	NaN	NaN	NaN	NaN	NaN	NaN	NaN
SPIKE	D9-11:GA>	28	185734	1.5075323E-4	9999.0	39.862064	TRUE		NaN	NaN	NaN	NaN	NaN	NaN	NaN	NaN
SPIKE	S10:A>G	17	185735	9.152825E-5	8.040722	39.941177	TRUE	A	6.366661E-4	1861.0	0.0044288705	0.9521589	1187.5703	0.06382441	0.98823327	0.0
SPIKE	S10:A>C	29	185735	1.5613643E-4	382.44177	39.344826	TRUE	A	2.8021492E-5	73.0	0.004981056	0.9978447	257.74405	0.07165241	0.9815612	0.0
SPIKE	S10:A>T	3	185735	1.6152044E-5	19.693354	40.0	TRUE	A	2.656728E-5	60.0	0.006480785	0.9979564	186.71472	0.082777694	0.9866287	0.0
SPIKE	D10-11:A>	46	185735	2.476647E-4	9999.0	39.68726	TRUE		NaN	NaN	NaN	NaN	NaN	NaN	NaN	NaN
SPIKE	D10-12:AC>	5	185735	2.6920074E-5	9999.0	39.68726	TRUE		NaN	NaN	NaN	NaN	NaN	NaN	NaN	NaN
SPIKE	S11:C>G	7	185736	3.76879E-5	66.177505	39.857143	TRUE	C	2.1241107E-5	68.0	0.0042521637	0.99836576	366.38278	0.05826597	0.99082476	0.0
SPIKE	S11:C>T	30	185736	1.6151958E-4	176.6843	39.5	TRUE	C	1.712606E-4	438.0	0.0052144127	0.9868995	569.833	0.07300455	0.9868186	0.0
SPIKE	D11-13:CG>	7	185736	3.76879E-5	9999.0	39.798336	TRUE		NaN	NaN	NaN	NaN	NaN	NaN	NaN	NaN
SPIKE	D11-12:C>	54	185736	2.9073525E-4	9999.0	39.798336	TRUE		NaN	NaN	NaN	NaN	NaN	NaN	NaN	NaN
SPIKE	S11:C>A	0	185736	0.0	9999.0	0.0	TRUE	C	1.4197711E-4	330.0	0.006780387	0.9891273	143.45743	0.0804554	0.98501277	0.0
SPIKE	I12:>G	1	185740	5.38387E-6	9999.0	39.730522	TRUE		NaN	NaN	NaN	NaN	NaN	NaN	NaN	NaN
SPIKE	S12:G>A	71	185740	3.8225477E-4	652.34894	39.53521	TRUE	G	1.6688368E-4	440.0	0.0064686057	0.98723215	435.6545	0.07090633	0.98543584	0.0
SPIKE	S12:G>C	7	185740	3.768709E-5	23.885723	39.714287	TRUE	G	1.0250153E-4	330.0	0.003973997	0.99213845	349.37085	0.057923015	0.9881945	0.0
SPIKE	D12-13:G>	81	185740	4.3609345E-4	9999.0	39.730522	TRUE		NaN	NaN	NaN	NaN	NaN	NaN	NaN	NaN
SPIKE	D12-14:GA>	6	185740	3.2303218E-5	9999.0	39.730522	TRUE		NaN	NaN	NaN	NaN	NaN	NaN	NaN	NaN
SPIKE	S12:G>T	0	185740	0.0	9999.0	0.0	TRUE	G	9.8705195E-6	28.0	0.0049480405	0.9992403	245.7367	0.06580239	0.9871101	0.0
SPIKE	S13:A>G	8	185741	4.3070726E-5	1.7353333	39.75	TRUE	A	4.5499112E-4	1330.0	0.0044288705	0.9655723	1187.6086	0.06382441	0.98823327	0.0
SPIKE	S13:A>C	19	185741	1.0229298E-4	227.44386	39.842106	TRUE	A	2.5717525E-5	67.0	0.004981056	0.9980217	257.75238	0.07165241	0.9815612	0.0
SPIKE	S13:A>T	2	185741	1.07676815E-5	3.4855094	40.0	TRUE	A	9.3868024E-5	212.0	0.006480785	0.9927982	186.72075	0.082777694	0.9866287	0.0
SPIKE	D13-14:A>	58	185741	3.1226277E-4	9999.0	39.690414	TRUE		NaN	NaN	NaN	NaN	NaN	NaN	NaN	NaN
SPIKE	I13:>A	2	185741	1.07676815E-5	9999.0	39.690414	TRUE		NaN	NaN	NaN	NaN	NaN	NaN	NaN	NaN
SPIKE	D14-16:CA>	12	185741	6.4606094E-5	9999.0	39.845394	TRUE		NaN	NaN	NaN	NaN	NaN	NaN	NaN	NaN
SPIKE	S14:C>A	1	185741	5.3838407E-6	0.48264226	40.0	TRUE	C	1.5358928E-4	357.0	0.006780387	0.9882433	143.46129	0.0804554	0.98501277	0.0
SPIKE	S14:C>G	2	185741	1.07676815E-5	29.821777	39.5	TRUE	C	3.1236082E-6	10.0	0.0042521637	0.9997595	366.39264	0.05826597	0.99082476	0.0
SPIKE	S14:C>T	45	185741	2.4227284E-4	434.60156	39.6	TRUE	C	9.696686E-5	248.0	0.0052144127	0.99256134	569.8483	0.07300455	0.9868186	0.0
SPIKE	D14-15:C>	47	185741	2.5304052E-4	9999.0	39.845394	TRUE		NaN	NaN	NaN	NaN	NaN	NaN	NaN	NaN
SPIKE	S15:A>G	20	185741	1.0767682E-4	12.018308	38.85	TRUE	A	6.7085534E-4	1961.0	0.0044288705	0.94965565	1187.6086	0.06382441	0.98823327	0.0
SPIKE	S15:A>C	18	185741	9.6909134E-5	82.5786	39.72222	TRUE	A	1.5315363E-4	399.0	0.004981056	0.9882764	257.75238	0.07165241	0.9815612	0.0
SPIKE	D15-16:A>	53	185741	2.8534356E-4	9999.0	39.536022	TRUE		NaN	NaN	NaN	NaN	NaN	NaN	NaN	NaN
SPIKE	S15:A>T	0	185741	0.0	9999.0	0.0	TRUE	A	8.811197E-5	199.0	0.006480785	0.99323833	186.72075	0.082777694	0.9866287	0.0
SPIKE	S16:G>A	47	185741	2.5304052E-4	298.01697	39.574467	TRUE	G	2.2946383E-4	605.0	0.0064686057	0.9824865	435.65686	0.07090633	0.98543584	0.0
SPIKE	S16:G>T	1	185741	5.3838407E-6	11.563611	40.0	TRUE	G	6.6978164E-6	19.0	0.0049480405	0.9994844	245.73802	0.06580239	0.9871101	0.0
SPIKE	S16:G>C	3	185741	1.6151524E-5	5.3058863	40.0	TRUE	G	1.08518325E-4	7.0	0.003973997	0.9916789	349.37274	0.057923015	0.9881945	1.0
SPIKE	D16-17:G>	40	185741	2.1535363E-4	9999.0	39.86192	TRUE		NaN	NaN	NaN	NaN	NaN	NaN	NaN	NaN
SPIKE	D16-18:GA>	6	185741	3.2303047E-5	9999.0	39.86192	TRUE		NaN	NaN	NaN	NaN	NaN	NaN	NaN	NaN
SPIKE	S17:A>G	10	185741	5.383841E-5	1.8783925	38.8	TRUE	A	5.4769986E-4	1601.0	0.0044288705	0.958704	1187.6086	0.06382441	0.98823327	0.0
SPIKE	S17:A>T	9	185741	4.8454567E-5	41.99337	39.666668	TRUE	A	8.58981E-5	194.0	0.006480785	0.99340767	186.72075	0.082777694	0.9866287	0.0
SPIKE	S17:A>C	27	185741	1.4536371E-4	440.40094	39.88889	TRUE	A	1.2666841E-5	33.0	0.004981056	0.9990251	257.75238	0.07165241	0.9815612	0.0
SPIKE	D17-18:A>	107	185741	5.76071E-4	9999.0	39.68069	TRUE		NaN	NaN	NaN	NaN	NaN	NaN	NaN	NaN
SPIKE	D17-19:AA>	1	185741	5.3838407E-6	9999.0	39.68069	TRUE		NaN	NaN	NaN	NaN	NaN	NaN	NaN	NaN
SPIKE	S18:A>G	12	185741	6.4606094E-5	5.894045	38.5	TRUE	A	4.7928013E-4	1401.0	0.0044288705	0.9637681	1187.6086	0.06382441	0.98823327	0.0
SPIKE	S18:A>T	1	185741	5.3838407E-6	10.580893	40.0	TRUE	A	8.4127005E-6	19.0	0.006480785	0.99935246	186.72075	0.082777694	0.9866287	0.0
SPIKE	S18:A>C	40	185741	2.1535363E-4	614.17303	39.8	TRUE	A	2.2646776E-5	59.0	0.004981056	0.9982577	257.75238	0.07165241	0.9815612	0.0
SPIKE	S19:C>G	4	185741	2.1535363E-5	64.394196	40.0	TRUE	C	3.1236082E-6	10.0	0.0042521637	0.9997595	366.39264	0.05826597	0.99082476	0.0
SPIKE	S19:C>A	3	185741	1.6151524E-5	3.1217675	40.0	TRUE	C	1.4842662E-4	345.0	0.006780387	0.9886362	143.46129	0.0804554	0.98501277	0.0
SPIKE	S19:C>T	29	185741	1.5613138E-4	211.76462	39.37931	TRUE	C	1.1573464E-4	296.0	0.0052144127	0.991128	569.8483	0.07300455	0.9868186	0.0
SPIKE	D19-20:C>	1	185741	5.3838407E-6	9999.0	39.7406	TRUE		NaN	NaN	NaN	NaN	NaN	NaN	NaN	NaN
SPIKE	S20:C>G	33	185741	1.7766675E-4	257.83472	39.424244	TRUE	C	1.1444671E-4	2.0	0.0042521637	0.9912263	366.39264	0.05826597	0.99082476	1.0
SPIKE	S20:C>T	39	185741	2.099698E-4	273.29324	39.23077	TRUE	C	1.6304509E-4	417.0	0.0052144127	0.98752403	569.8483	0.07300455	0.9868186	0.0
SPIKE	S20:C>A	0	185741	0.0	9999.0	0.0	TRUE	C	2.9685325E-5	69.0	0.006780387	0.99771684	143.46129	0.0804554	0.98501277	0.0
SPIKE	S21:A>G	27	185741	1.4536371E-4	87.4679	38.77778	TRUE	A	3.202043E-4	936.0	0.0044288705	0.9756457	1187.6086	0.06382441	0.98823327	0.0
SPIKE	S21:A>C	25	185741	1.3459602E-4	144.573	39.8	TRUE	A	1.4816366E-4	386.0	0.004981056	0.9886562	257.75238	0.07165241	0.9815612	0.0
SPIKE	S21:A>T	0	185741	0.0	9999.0	0.0	TRUE	A	3.5864672E-5	81.0	0.006480785	0.9972422	186.72075	0.082777694	0.9866287	0.0
SPIKE	S22:A>T	185709	185741	0.99982774	Infinity	39.93028	TRUE	T	8.267504E-5	0.0	0.006480785	0.99365425	186.72075	0.082777694	0.9866287	1.0
SPIKE	S22:A>G	0	185741	0.0	9999.0	0.0	TRUE	T	4.0627926E-4	0.0	0.0044288705	0.9692008	1187.6086	0.06382441	0.98823327	1.0
SPIKE	S22:A>C	0	185741	0.0	9999.0	0.0	TRUE	T	1.4586059E-5	38.0	0.004981056	0.9988775	257.75238	0.07165241	0.9815612	0.0
SPIKE	S23:A>C	185709	185741	0.99982774	Infinity	39.930267	TRUE	C	9.8936616E-5	0.0	0.004981056	0.99241084	257.75238	0.07165241	0.9815612	1.0
SPIKE	S23:A>G	0	185741	0.0	9999.0	0.0	TRUE	C	4.0627926E-4	0.0	0.0044288705	0.9692008	1187.6086	0.06382441	0.98823327	1.0
SPIKE	S23:A>T	0	185741	0.0	9999.0	0.0	TRUE	C	1.3814539E-4	312.0	0.006480785	0.98941916	186.72075	0.082777694	0.9866287	0.0
SPIKE	S24:A>G	0	185741	0.0	9999.0	0.0	TRUE	A	1.3341845E-5	39.0	0.0044288705	0.9989732	1187.6086	0.06382441	0.98823327	0.0
SPIKE	S24:A>C	0	185741	0.0	9999.0	0.0	TRUE	A	1.2052691E-4	314.0	0.004981056	0.99076235	257.75238	0.07165241	0.9815612	0.0
SPIKE	S24:A>T	0	185741	0.0	9999.0	0.0	TRUE	A	8.267504E-5	0.0	0.006480785	0.99365425	186.72075	0.082777694	0.9866287	1.0
SPIKE	S25:A>G	185709	185741	0.99982774	Infinity	39.93027	TRUE	G	4.0627926E-4	0.0	0.0044288705	0.9692008	1187.6086	0.06382441	0.98823327	1.0
SPIKE	S25:A>C	0	185741	0.0	9999.0	0.0	TRUE	G	9.8936616E-5	0.0	0.004981056	0.99241084	257.75238	0.07165241	0.9815612	1.0
SPIKE	S25:A>T	0	185741	0.0	9999.0	0.0	TRUE	G	1.6382628E-5	37.0	0.006480785	0.99873936	186.72075	0.082777694	0.9866287	0.0
SPIKE	S26:T>C	12	185743	6.4605396E-5	11.1677475	39.333332	TRUE	T	3.7335212E-4	1025.0	0.0046139183	0.9716612	1014.3751	0.06796974	0.9836369	0.0
SPIKE	D26-27:T>	2	185743	1.0767566E-5	9999.0	39.53074	TRUE		NaN	NaN	NaN	NaN	NaN	NaN	NaN	NaN
SPIKE	S26:T>A	0	185743	0.0	9999.0	0.0	TRUE	T	2.8240089E-5	68.0	0.0065696267	0.9978279	167.20677	0.07764834	0.9901719	0.0
SPIKE	S26:T>G	0	185743	0.0	9999.0	0.0	TRUE	T	1.1924573E-4	419.0	0.0029454308	0.9908601	685.40546	0.053017877	0.9879995	0.0
SPIKE	S27:G>A	21	185743	1.1305944E-4	135.57298	39.42857	TRUE	G	1.06955544E-4	282.0	0.0064686057	0.9917982	435.66156	0.07090633	0.98543584	0.0
SPIKE	D27-28:G>	4	185743	2.1535132E-5	9999.0	39.867065	TRUE		NaN	NaN	NaN	NaN	NaN	NaN	NaN	NaN
SPIKE	S27:G>C	0	185743	0.0	9999.0	0.0	TRUE	G	1.08518325E-4	0.0	0.003973997	0.9916789	349.3765	0.057923015	0.9881945	1.0
SPIKE	S27:G>T	0	185743	0.0	9999.0	0.0	TRUE	G	1.1033653E-4	313.0	0.0049480405	0.9915401	245.74066	0.06580239	0.9871101	0.0
SPIKE	S28:G>A	25	185743	1.3459458E-4	167.68195	38.4	TRUE	G	1.17954514E-4	311.0	0.0064686057	0.99095863	435.66156	0.07090633	0.98543584	0.0
SPIKE	S28:G>T	5	185743	2.6918915E-5	57.225655	39.8	TRUE	G	1.0575386E-5	30.0	0.0049480405	0.99918604	245.74066	0.06580239	0.9871101	0.0
SPIKE	S28:G>C	1	185743	5.383783E-6	13.753067	40.0	TRUE	G	4.0378736E-6	13.0	0.003973997	0.99968916	349.3765	0.057923015	0.9881945	0.0
SPIKE	S29:G>A	12	185743	6.4605396E-5	47.204884	39.333332	TRUE	G	1.3160841E-4	347.0	0.0064686057	0.98991734	435.66156	0.07090633	0.98543584	0.0
SPIKE	S29:G>C	0	185743	0.0	9999.0	0.0	TRUE	G	3.4166624E-6	11.0	0.003973997	0.99973696	349.3765	0.057923015	0.9881945	0.0
SPIKE	S29:G>T	0	185743	0.0	9999.0	0.0	TRUE	G	5.287693E-6	15.0	0.0049480405	0.99959296	245.74066	0.06580239	0.9871101	0.0
SPIKE	S30:A>G	17	185743	9.152431E-5	23.858	39.588234	TRUE	A	4.0025104E-4	1170.0	0.0044288705	0.96965075	1187.6215	0.06382441	0.98823327	0.0
SPIKE	S30:A>T	1	185743	5.383783E-6	5.8079815	40.0	TRUE	A	2.6123367E-5	59.0	0.006480785	0.99799055	186.72276	0.082777694	0.9866287	0.0
SPIKE	I30:>A	1	185743	5.383783E-6	9999.0	39.755066	TRUE		NaN	NaN	NaN	NaN	NaN	NaN	NaN	NaN
SPIKE	S30:A>C	0	185743	0.0	9999.0	0.0	TRUE	A	9.979827E-6	26.0	0.004981056	0.9992319	257.75516	0.07165241	0.9815612	0.0
SPIKE	S31:T>A	1	185743	5.383783E-6	6.2811966	40.0	TRUE	T	2.3256543E-5	56.0	0.0065696267	0.99821085	167.20677	0.07764834	0.9901719	0.0
SPIKE	S31:T>C	10	185743	5.383783E-5	6.3612404	38.5	TRUE	T	3.8172977E-4	1048.0	0.0046139183	0.9710346	1014.3751	0.06796974	0.9836369	0.0
SPIKE	S31:T>G	0	185743	0.0	9999.0	0.0	TRUE	T	9.107072E-6	32.0	0.0029454308	0.999299	685.40546	0.053017877	0.9879995	0.0
SPIKE	S32:C>T	18	185743	9.6908094E-5	91.41259	39.444443	TRUE	C	1.3410999E-4	343.0	0.0052144127	0.98972666	569.8545	0.07300455	0.9868186	0.0
SPIKE	S32:C>A	7	185743	3.768648E-5	89.94753	39.142857	TRUE	C	9.464784E-6	22.0	0.006780387	0.99927145	143.46284	0.0804554	0.98501277	0.0
SPIKE	S32:C>G	0	185743	0.0	9999.0	0.0	TRUE	C	1.1444671E-4	7.0	0.0042521637	0.9912263	366.39658	0.05826597	0.99082476	1.0
SPIKE	S33:C>T	9	185743	4.8454047E-5	27.324898	39.333332	TRUE	C	1.376289E-4	352.0	0.0052144127	0.9894585	569.8545	0.07300455	0.9868186	0.0
SPIKE	S33:C>A	3	185743	1.6151349E-5	26.907803	39.0	TRUE	C	1.4627393E-5	34.0	0.006780387	0.9988743	143.46284	0.0804554	0.98501277	0.0
SPIKE	S33:C>G	0	185743	0.0	9999.0	0.0	TRUE	C	1.1444671E-4	2.0	0.0042521637	0.9912263	366.39658	0.05826597	0.99082476	1.0
SPIKE	S34:A>C	2	185743	1.0767566E-5	16.179829	39.5	TRUE	A	1.573742E-5	41.0	0.004981056	0.99878895	257.75516	0.07165241	0.9815612	0.0
SPIKE	S34:A>T	1	185743	5.383783E-6	7.625982	40.0	TRUE	A	1.6825219E-5	38.0	0.006480785	0.99870527	186.72276	0.082777694	0.9866287	0.0
SPIKE	S34:A>G	40	185743	2.1535132E-4	170.50505	39.55	TRUE	A	3.4448958E-4	1007.0	0.0044288705	0.973823	1187.6215	0.06382441	0.98823327	0.0
SPIKE	S35:T>C	11	185743	5.9221613E-5	8.015504	38.090908	TRUE	T	3.882862E-4	1066.0	0.0046139183	0.9705445	1014.3751	0.06796974	0.9836369	0.0
SPIKE	S35:T>G	1	185743	5.383783E-6	7.293442	40.0	TRUE	T	1.8214145E-5	64.0	0.0029454308	0.9985985	685.40546	0.053017877	0.9879995	0.0
SPIKE	D35-36:T>	2	185743	1.0767566E-5	9999.0	39.771286	TRUE		NaN	NaN	NaN	NaN	NaN	NaN	NaN	NaN
SPIKE	S35:T>A	0	185743	0.0	9999.0	0.0	TRUE	T	2.5748317E-5	62.0	0.0065696267	0.99801934	167.20677	0.07764834	0.9901719	0.0
SPIKE	S36:T>C	10	185743	5.383783E-5	18.174707	38.9	TRUE	T	2.2401127E-4	615.0	0.0046139183	0.98289907	1014.3751	0.06796974	0.9836369	0.0
SPIKE	S36:T>A	1	185743	5.383783E-6	11.8766775	38.0	TRUE	T	6.2294316E-6	15.0	0.0065696267	0.9995204	167.20677	0.07764834	0.9901719	0.0
SPIKE	S36:T>G	0	185743	0.0	9999.0	0.0	TRUE	T	1.9506365E-4	3.0	0.0029454308	0.98509234	685.40546	0.053017877	0.9879995	1.0
SPIKE	S37:A>T	2	185743	1.0767566E-5	22.832684	39.0	TRUE	A	7.084303E-6	16.0	0.006480785	0.9994547	186.72276	0.082777694	0.9866287	0.0
SPIKE	S37:A>G	34	185743	1.8304861E-4	161.08096	39.52941	TRUE	A	2.6067632E-4	762.0	0.0044288705	0.98012805	1187.6215	0.06382441	0.98823327	0.0
SPIKE	S37:A>C	0	185743	0.0	9999.0	0.0	TRUE	A	9.634372E-5	251.0	0.004981056	0.99260896	257.75516	0.07165241	0.9815612	0.0
SPIKE	S38:T>C	3	185743	1.6151349E-5	2.9406028	40.0	TRUE	T	1.529833E-4	420.0	0.0046139183	0.9882894	1014.3751	0.06796974	0.9836369	0.0
SPIKE	S38:T>A	2	185743	1.0767566E-5	15.342867	40.0	TRUE	T	1.7442408E-5	42.0	0.0065696267	0.9986578	167.20677	0.07764834	0.9901719	0.0
SPIKE	S38:T>G	1	185743	5.383783E-6	9.855063	40.0	TRUE	T	9.96086E-6	35.0	0.0029454308	0.9992333	685.40546	0.053017877	0.9879995	0.0
SPIKE	S39:C>T	10	185743	5.383783E-5	32.492565	39.1	TRUE	C	1.3958386E-4	357.0	0.0052144127	0.9893096	569.8545	0.07300455	0.9868186	0.0
SPIKE	S39:C>A	31	185743	1.6689727E-4	631.693	39.51613	TRUE	C	5.592827E-6	13.0	0.006780387	0.9995694	143.46284	0.0804554	0.98501277	0.0
SPIKE	D39-40:C>	1	185743	5.383783E-6	9999.0	39.885803	TRUE		NaN	NaN	NaN	NaN	NaN	NaN	NaN	NaN
SPIKE	S39:C>G	0	185743	0.0	9999.0	0.0	TRUE	C	1.1444671E-4	7.0	0.0042521637	0.9912263	366.39658	0.05826597	0.99082476	1.0
SPIKE	S40:G>C	1	185743	5.383783E-6	1.0844816	40.0	TRUE	G	1.08518325E-4	2.0	0.003973997	0.9916789	349.3765	0.057923015	0.9881945	1.0
SPIKE	S40:G>T	3	185743	1.6151349E-5	31.812119	37.333332	TRUE	G	9.87036E-6	28.0	0.0049480405	0.9992403	245.74066	0.06580239	0.9871101	0.0
SPIKE	S40:G>A	26	185743	1.3997835E-4	116.9617	39.192307	TRUE	G	2.1618673E-4	570.0	0.0064686057	0.9834914	435.66156	0.07090633	0.98543584	0.0
SPIKE	S41:G>A	17	185743	9.152431E-5	94.41058	38.52941	TRUE	G	1.12644666E-4	297.0	0.0064686057	0.9913639	435.66156	0.07090633	0.98543584	0.0
SPIKE	S41:G>C	0	185743	0.0	9999.0	0.0	TRUE	G	3.4166624E-6	11.0	0.003973997	0.99973696	349.3765	0.057923015	0.9881945	0.0
SPIKE	S41:G>T	0	185743	0.0	9999.0	0.0	TRUE	G	8.6626744E-5	6.0	0.0049480405	0.99335194	245.74066	0.06580239	0.9871101	1.0
SPIKE	S42:C>T	19	185743	1.0229187E-4	67.545815	38.31579	TRUE	C	2.1465417E-4	549.0	0.0052144127	0.9836075	569.8545	0.07300455	0.9868186	0.0
SPIKE	S42:C>A	11	185743	5.9221613E-5	131.56847	39.727272	TRUE	C	1.6348264E-5	38.0	0.006780387	0.998742	143.46284	0.0804554	0.98501277	0.0
SPIKE	S42:C>G	0	185743	0.0	9999.0	0.0	TRUE	C	8.121294E-6	26.0	0.0042521637	0.99937487	366.39658	0.05826597	0.99082476	0.0
SPIKE	S43:G>A	21	185743	1.1305944E-4	106.41057	39.0	TRUE	G	1.5360636E-4	405.0	0.0064686057	0.988242	435.66156	0.07090633	0.98543584	0.0
SPIKE	S43:G>C	0	185743	0.0	9999.0	0.0	TRUE	G	1.08518325E-4	6.0	0.003973997	0.9916789	349.3765	0.057923015	0.9881945	1.0
SPIKE	S43:G>T	0	185743	0.0	9999.0	0.0	TRUE	G	5.287693E-6	15.0	0.0049480405	0.99959296	245.74066	0.06580239	0.9871101	0.0
SPIKE	S44:G>A	10	185743	5.383783E-5	39.222042	39.2	TRUE	G	1.1454104E-4	302.0	0.0064686057	0.9912191	435.66156	0.07090633	0.98543584	0.0
SPIKE	S44:G>C	0	185743	0.0	9999.0	0.0	TRUE	G	6.2121135E-6	20.0	0.003973997	0.9995218	349.3765	0.057923015	0.9881945	0.0
SPIKE	S44:G>T	0	185743	0.0	9999.0	0.0	TRUE	G	8.6626744E-5	5.0	0.0049480405	0.99335194	245.74066	0.06580239	0.9871101	1.0
SPIKE	S45:C>T	21	185743	1.1305944E-4	205.43794	38.47619	TRUE	C	4.7309935E-5	121.0	0.0052144127	0.99636376	569.8545	0.07300455	0.9868186	0.0
SPIKE	S45:C>A	6	185743	3.2302698E-5	92.1822	39.5	TRUE	C	4.732392E-6	11.0	0.006780387	0.9996357	143.46284	0.0804554	0.98501277	0.0
SPIKE	S45:C>G	2	185743	1.0767566E-5	21.67901	39.5	TRUE	C	8.121294E-6	26.0	0.0042521637	0.99937487	366.39658	0.05826597	0.99082476	0.0
SPIKE	S46:G>T	1	185743	5.383783E-6	1.6223676	40.0	TRUE	G	8.6626744E-5	5.0	0.0049480405	0.99335194	245.74066	0.06580239	0.9871101	1.0
SPIKE	S46:G>A	18	185743	9.6908094E-5	91.526054	39.555557	TRUE	G	1.3388407E-4	353.0	0.0064686057	0.9897439	435.66156	0.07090633	0.98543584	0.0
SPIKE	S46:G>C	0	185743	0.0	9999.0	0.0	TRUE	G	1.08518325E-4	2.0	0.003973997	0.9916789	349.3765	0.057923015	0.9881945	1.0
SPIKE	S47:A>T	1	185743	5.383783E-6	8.221188	40.0	TRUE	A	1.4611375E-5	33.0	0.006480785	0.99887556	186.72276	0.082777694	0.9866287	0.0
SPIKE	S47:A>G	19	185743	1.0229187E-4	94.714294	39.473682	TRUE	A	1.4402196E-4	421.0	0.0044288705	0.9889716	1187.6215	0.06382441	0.98823327	0.0
SPIKE	S47:A>C	0	185743	0.0	9999.0	0.0	TRUE	A	5.757593E-6	15.0	0.004981056	0.9995568	257.75516	0.07165241	0.9815612	0.0
SPIKE	S48:A>T	2	185743	1.0767566E-5	16.542852	40.0	TRUE	A	1.5054144E-5	34.0	0.006480785	0.9988415	186.72276	0.082777694	0.9866287	0.0
SPIKE	S48:A>C	2	185743	1.0767566E-5	17.717752	40.0	TRUE	A	1.3050544E-5	34.0	0.004981056	0.9989956	257.75516	0.07165241	0.9815612	0.0
SPIKE	S48:A>G	27	185743	1.4536214E-4	94.997536	39.22222	TRUE	A	2.9488583E-4	862.0	0.0044288705	0.9775496	1187.6215	0.06382441	0.98823327	0.0
SPIKE	S49:T>C	11	185743	5.9221613E-5	6.6809316	39.636364	TRUE	T	4.1669738E-4	1144.0	0.0046139183	0.9684236	1014.3751	0.06796974	0.9836369	0.0
SPIKE	S49:T>G	1	185743	5.383783E-6	9.616891	40.0	TRUE	T	1.0530052E-5	37.0	0.0029454308	0.9991895	685.40546	0.053017877	0.9879995	0.0
SPIKE	D49-50:T>	25	185743	1.3459458E-4	9999.0	39.706146	TRUE		NaN	NaN	NaN	NaN	NaN	NaN	NaN	NaN
SPIKE	S49:T>A	0	185743	0.0	9999.0	0.0	TRUE	T	2.9485976E-5	71.0	0.0065696267	0.99773216	167.20677	0.07764834	0.9901719	0.0
SPIKE	S50:T>C	18	185743	9.6908094E-5	32.74448	38.944443	TRUE	T	3.5805377E-4	983.0	0.0046139183	0.97280645	1014.3751	0.06796974	0.9836369	0.0
SPIKE	S50:T>A	2	185743	1.0767566E-5	12.497071	40.0	TRUE	T	2.4917726E-5	60.0	0.0065696267	0.9980832	167.20677	0.07764834	0.9901719	0.0
SPIKE	S50:T>G	0	185743	0.0	9999.0	0.0	TRUE	T	1.5937376E-5	56.0	0.0029454308	0.9987736	685.40546	0.053017877	0.9879995	0.0
SPIKE	S51:T>C	12	185743	6.4605396E-5	13.6603775	39.083332	TRUE	T	3.3874874E-4	930.0	0.0046139183	0.9742536	1014.3751	0.06796974	0.9836369	0.0
SPIKE	S51:T>G	1	185743	5.383783E-6	10.970992	40.0	TRUE	T	7.684092E-6	27.0	0.0029454308	0.9994085	685.40546	0.053017877	0.9879995	0.0
SPIKE	S51:T>A	3	185743	1.6151349E-5	1.5749646	37.666668	TRUE	T	2.0058769E-4	483.0	0.0065696267	0.98467344	167.20677	0.07764834	0.9901719	0.0
SPIKE	S52:A>G	27	185743	1.4536214E-4	120.941925	39.037037	TRUE	A	2.2475635E-4	657.0	0.0044288705	0.9828426	1187.6215	0.06382441	0.98823327	0.0
SPIKE	S52:A>C	0	185743	0.0	9999.0	0.0	TRUE	A	3.312535E-4	863.0	0.004981056	0.974816	257.75516	0.07165241	0.9815612	0.0
SPIKE	S52:A>T	0	185743	0.0	9999.0	0.0	TRUE	A	5.313227E-6	12.0	0.006480785	0.999591	186.72276	0.082777694	0.9866287	0.0
SPIKE	S53:C>T	16	185743	8.614053E-5	75.87183	39.375	TRUE	C	1.32937E-4	340.0	0.0052144127	0.98981607	569.8545	0.07300455	0.9868186	0.0
SPIKE	S53:C>A	7	185743	3.768648E-5	97.63907	39.42857	TRUE	C	7.3136966E-6	17.0	0.006780387	0.999437	143.46284	0.0804554	0.98501277	0.0
SPIKE	D53-54:C>	7	185743	3.768648E-5	9999.0	39.782448	TRUE		NaN	NaN	NaN	NaN	NaN	NaN	NaN	NaN
SPIKE	S53:C>G	0	185743	0.0	9999.0	0.0	TRUE	C	4.3730042E-6	14.0	0.0042521637	0.99966335	366.39658	0.05826597	0.99082476	0.0
SPIKE	S54:C>T	19	185746	1.0229022E-4	76.8514	40.0	TRUE	C	1.8649979E-4	477.0	0.0052144127	0.98574215	569.8637	0.07300455	0.9868186	0.0
SPIKE	S54:C>A	19	185746	1.0229022E-4	55.96899	40.0	TRUE	C	2.5769608E-4	599.0	0.006780387	0.980353	143.46515	0.0804554	0.98501277	0.0
SPIKE	S54:C>G	0	185746	0.0	9999.0	0.0	TRUE	C	1.1444671E-4	2.0	0.0042521637	0.9912263	366.4025	0.05826597	0.99082476	1.0
SPIKE	S55:A>T	17	185746	9.152283E-5	106.98784	40.0	TRUE	A	9.297998E-5	210.0	0.006480785	0.9928661	186.72578	0.082777694	0.9866287	0.0
SPIKE	S55:A>C	3	185746	1.6151089E-5	0.0061958334	40.0	TRUE	A	5.73447E-4	1494.0	0.004981056	0.9568052	257.7593	0.07165241	0.9815612	0.0
SPIKE	S55:A>G	57	185746	3.0687067E-4	282.76678	40.0	TRUE	A	3.9442908E-4	1153.0	0.0044288705	0.9700855	1187.6406	0.06382441	0.98823327	0.0
SPIKE	D55-56:A>	1	185746	5.383696E-6	9999.0	39.99961	TRUE		NaN	NaN	NaN	NaN	NaN	NaN	NaN	NaN
SPIKE	S56:C>T	14	185746	7.537175E-5	62.57136	40.0	TRUE	C	1.2824305E-4	328.0	0.0052144127	0.9901739	569.8637	0.07300455	0.9868186	0.0
SPIKE	S56:C>G	1	185746	5.383696E-6	14.452806	40.0	TRUE	C	3.4358766E-6	11.0	0.0042521637	0.9997355	366.4025	0.05826597	0.99082476	0.0
SPIKE	S56:C>A	8	185746	4.306957E-5	6.6782455	40.0	TRUE	C	2.912525E-4	677.0	0.006780387	0.97782314	143.46515	0.0804554	0.98501277	0.0
SPIKE	D56-57:C>	3	185746	1.6151089E-5	9999.0	39.999622	TRUE		NaN	NaN	NaN	NaN	NaN	NaN	NaN	NaN
SPIKE	S57:C>T	20	185746	1.0767392E-4	103.2779	40.0	TRUE	C	1.4349144E-4	367.0	0.0052144127	0.98901194	569.8637	0.07300455	0.9868186	0.0
SPIKE	S57:C>G	1	185746	5.383696E-6	0.9739258	40.0	TRUE	C	1.1444671E-4	3.0	0.0042521637	0.9912263	366.4025	0.05826597	0.99082476	1.0
SPIKE	S57:C>A	16	185746	8.613914E-5	35.042393	40.0	TRUE	C	2.8479935E-4	662.0	0.006780387	0.97830915	143.46515	0.0804554	0.98501277	0.0
SPIKE	S58:A>T	1	185746	5.383696E-6	0.027281111	40.0	TRUE	A	3.1214705E-4	705.0	0.006480785	0.97625124	186.72578	0.082777694	0.9866287	0.0
SPIKE	S58:A>C	2	185746	1.0767392E-5	0.17048861	40.0	TRUE	A	2.890265E-4	753.0	0.004981056	0.9779908	257.7593	0.07165241	0.9815612	0.0
SPIKE	S58:A>G	35	185746	1.8842936E-4	153.79059	40.0	TRUE	A	2.9111808E-4	851.0	0.0044288705	0.9778333	1187.6406	0.06382441	0.98823327	0.0
SPIKE	S59:T>C	25	185746	1.345924E-4	40.051266	40.0	TRUE	T	5.14307E-4	1412.0	0.0046139183	0.9611723	1014.39154	0.06796974	0.9836369	0.0
SPIKE	S59:T>G	1	185746	5.383696E-6	8.595933	40.0	TRUE	T	1.3375796E-5	47.0	0.0029454308	0.99897057	685.41656	0.053017877	0.9879995	0.0
SPIKE	S59:T>A	4	185746	2.1534785E-5	0.83945835	40.0	TRUE	T	3.0689838E-4	739.0	0.0065696267	0.9766458	167.20947	0.07764834	0.9901719	0.0
SPIKE	D59-60:T>	1	185746	5.383696E-6	9999.0	39.999855	TRUE		NaN	NaN	NaN	NaN	NaN	NaN	NaN	NaN
SPIKE	S60:T>C	32	185746	1.7227828E-4	64.745415	40.0	TRUE	T	5.496383E-4	1509.0	0.0046139183	0.95856094	1014.39154	0.06796974	0.9836369	0.0
SPIKE	S60:T>G	1	185746	5.383696E-6	0.17573884	40.0	TRUE	T	2.1002846E-4	738.0	0.0029454308	0.9839579	685.41656	0.053017877	0.9879995	0.0
SPIKE	S60:T>A	1	185746	5.383696E-6	8.008253	40.0	TRUE	T	1.5365684E-5	37.0	0.0065696267	0.99881756	167.20947	0.07764834	0.9901719	0.0
SPIKE	S61:G>A	17	185746	9.152283E-5	38.111706	40.0	TRUE	G	2.9431263E-4	776.0	0.0064686057	0.97759277	435.66858	0.07090633	0.98543584	0.0
SPIKE	S61:G>C	0	185746	0.0	9999.0	0.0	TRUE	G	1.08518325E-4	1.0	0.003973997	0.9916789	349.38214	0.057923015	0.9881945	1.0
SPIKE	S61:G>T	0	185746	0.0	9999.0	0.0	TRUE	G	2.2842464E-4	648.0	0.0049480405	0.9825651	245.74463	0.06580239	0.9871101	0.0
SPIKE	S62:A>T	2	185746	1.0767392E-5	3.534889	40.0	TRUE	A	9.297998E-5	210.0	0.006480785	0.9928661	186.72578	0.082777694	0.9866287	0.0
SPIKE	S62:A>G	36	185746	1.9381306E-4	55.78717	40.0	TRUE	A	7.255716E-4	2121.0	0.0044288705	0.945663	1187.6406	0.06382441	0.98823327	0.0
SPIKE	D62-63:A>	14	185746	7.537175E-5	9999.0	39.99986	TRUE		NaN	NaN	NaN	NaN	NaN	NaN	NaN	NaN
SPIKE	I62:>A	1	185746	5.383696E-6	9999.0	39.99986	TRUE		NaN	NaN	NaN	NaN	NaN	NaN	NaN	NaN
SPIKE	S62:A>C	0	185746	0.0	9999.0	0.0	TRUE	A	6.5251666E-6	17.0	0.004981056	0.9994977	257.7593	0.07165241	0.9815612	0.0
SPIKE	S63:A>T	3	185746	1.6151089E-5	13.149464	40.0	TRUE	A	4.737551E-5	107.0	0.006480785	0.99635875	186.72578	0.082777694	0.9866287	0.0
SPIKE	S63:A>C	1	185746	5.383696E-6	8.45779	40.0	TRUE	A	1.3817999E-5	36.0	0.004981056	0.9989366	257.7593	0.07165241	0.9815612	0.0
SPIKE	S63:A>G	53	185746	2.8533587E-4	198.50688	40.0	TRUE	A	5.1689707E-4	1511.0	0.0044288705	0.9609806	1187.6406	0.06382441	0.98823327	0.0
SPIKE	S64:A>G	62	185746	3.3378915E-4	240.35474	40.0	TRUE	A	5.7607854E-4	1684.0	0.0044288705	0.9566114	1187.6406	0.06382441	0.98823327	0.0
SPIKE	S64:A>C	5	185746	2.691848E-5	41.084225	40.0	TRUE	A	2.303E-5	60.0	0.004981056	0.99822825	257.7593	0.07165241	0.9815612	0.0
SPIKE	S64:A>T	4	185746	2.1534785E-5	23.801804	40.0	TRUE	A	3.5863704E-5	81.0	0.006480785	0.99724233	186.72578	0.082777694	0.9866287	0.0
SPIKE	S65:A>G	38	185746	2.0458044E-4	131.27611	40.0	TRUE	A	4.091389E-4	1196.0	0.0044288705	0.96898735	1187.6406	0.06382441	0.98823327	0.0
SPIKE	S65:A>C	17	185746	9.152283E-5	9.226396	40.0	TRUE	A	6.083758E-4	1585.0	0.004981056	0.9542354	257.7593	0.07165241	0.9815612	0.0
SPIKE	S65:A>T	1	185746	5.383696E-6	5.480791	40.0	TRUE	A	2.8336755E-5	64.0	0.006480785	0.99782044	186.72578	0.082777694	0.9866287	0.0
SPIKE	S66:C>A	3	185746	1.6151089E-5	3.0348973	40.0	TRUE	C	1.5057367E-4	350.0	0.006780387	0.98847276	143.46515	0.0804554	0.98501277	0.0
SPIKE	S66:C>G	1	185746	5.383696E-6	11.864407	40.0	TRUE	C	6.247048E-6	20.0	0.0042521637	0.9995191	366.4025	0.05826597	0.99082476	0.0
SPIKE	S66:C>T	14	185746	7.537175E-5	75.01474	40.0	TRUE	C	1.00874095E-4	258.0	0.0052144127	0.9922628	569.8637	0.07300455	0.9868186	0.0
SPIKE	D66-67:C>	1	185746	5.383696E-6	9999.0	39.99986	TRUE		NaN	NaN	NaN	NaN	NaN	NaN	NaN	NaN
SPIKE	S67:C>A	10	185746	5.383696E-5	2.9305096	40.0	TRUE	C	4.900098E-4	1139.0	0.006780387	0.96297216	143.46515	0.0804554	0.98501277	0.0
SPIKE	S67:C>G	1	185746	5.383696E-6	0.9739258	40.0	TRUE	C	1.1444671E-4	4.0	0.0042521637	0.9912263	366.4025	0.05826597	0.99082476	1.0
SPIKE	S67:C>T	24	185746	1.2920871E-4	159.08365	40.0	TRUE	C	1.1612251E-4	297.0	0.0052144127	0.9910984	569.8637	0.07300455	0.9868186	0.0
SPIKE	S68:A>G	36	185746	1.9381306E-4	46.157677	40.0	TRUE	A	8.063047E-4	2357.0	0.0044288705	0.9398026	1187.6406	0.06382441	0.98823327	0.0
SPIKE	S68:A>C	3	185746	1.6151089E-5	2.8901591	40.0	TRUE	A	1.54301E-4	402.0	0.004981056	0.9881891	257.7593	0.07165241	0.9815612	0.0
SPIKE	S68:A>T	16	185746	8.613914E-5	94.916084	40.0	TRUE	A	9.696483E-5	219.0	0.006480785	0.9925615	186.72578	0.082777694	0.9866287	0.0
SPIKE	S69:G>A	22	185746	1.1844131E-4	68.630424	40.0	TRUE	G	2.7724553E-4	731.0	0.0064686057	0.9788783	435.66858	0.07090633	0.98543584	0.0
SPIKE	S69:G>C	1	185746	5.383696E-6	0.010023818	40.0	TRUE	G	3.658876E-4	1178.0	0.003973997	0.9722198	349.38214	0.057923015	0.9881945	0.0
SPIKE	S69:G>T	4	185746	2.1534785E-5	46.687057	40.0	TRUE	G	8.812679E-6	25.0	0.0049480405	0.99932164	245.74463	0.06580239	0.9871101	0.0
SPIKE	S70:C>A	13	185746	6.998805E-5	91.39378	40.0	TRUE	C	6.172022E-5	7.0	0.006780387	0.9952588	143.46515	0.0804554	0.98501277	1.0
SPIKE	S70:C>G	3	185746	1.6151089E-5	5.4291615	40.0	TRUE	C	1.06824526E-4	342.0	0.0042521637	0.99180824	366.4025	0.05826597	0.99082476	0.0
SPIKE	S70:C>T	29	185746	1.5612718E-4	185.9816	40.0	TRUE	C	1.4505538E-4	371.0	0.0052144127	0.98889285	569.8637	0.07300455	0.9868186	0.0
SPIKE	S71:C>A	13	185746	6.998805E-5	100.69134	40.0	TRUE	C	5.1625262E-5	120.0	0.006780387	0.9960328	143.46515	0.0804554	0.98501277	0.0
SPIKE	S71:C>G	1	185746	5.383696E-6	0.020581879	40.0	TRUE	C	3.2734533E-4	1048.0	0.0042521637	0.9751094	366.4025	0.05826597	0.99082476	0.0
SPIKE	S71:C>T	19	185746	1.0229022E-4	64.66758	40.0	TRUE	C	2.2442531E-4	574.0	0.0052144127	0.9828677	569.8637	0.07300455	0.9868186	0.0
SPIKE	S72:G>A	29	185746	1.5612718E-4	170.81563	40.0	TRUE	G	1.6611975E-4	438.0	0.0064686057	0.98729026	435.66858	0.07090633	0.98543584	0.0
SPIKE	S72:G>C	0	185746	0.0	9999.0	0.0	TRUE	G	1.0125581E-4	326.0	0.003973997	0.99223363	349.38214	0.057923015	0.9881945	0.0
SPIKE	S72:G>T	0	185746	0.0	9999.0	0.0	TRUE	G	3.0209863E-4	857.0	0.0049480405	0.97700685	245.74463	0.06580239	0.9871101	0.0
SPIKE	S73:T>A	8	185746	4.306957E-5	53.627384	40.0	TRUE	T	4.6097048E-5	111.0	0.0065696267	0.9964568	167.20947	0.07764834	0.9901719	0.0
SPIKE	S73:T>G	4	185746	2.1534785E-5	0.18180384	40.0	TRUE	T	4.2517955E-4	1494.0	0.0029454308	0.96779126	685.41656	0.053017877	0.9879995	0.0
SPIKE	S73:T>C	40	185746	2.1534784E-4	123.00206	40.0	TRUE	T	4.800684E-4	1318.0	0.0046139183	0.9637096	1014.39154	0.06796974	0.9836369	0.0
SPIKE	S74:G>A	18	185746	9.690653E-5	108.13925	40.0	TRUE	G	1.0505747E-4	277.0	0.0064686057	0.9919432	435.66858	0.07090633	0.98543584	0.0
SPIKE	S74:G>T	1	185746	5.383696E-6	0.935392	40.0	TRUE	G	1.16679876E-4	331.0	0.0049480405	0.9910559	245.74463	0.06580239	0.9871101	0.0
SPIKE	S74:G>C	0	185746	0.0	9999.0	0.0	TRUE	G	2.6401056E-5	85.0	0.003973997	0.9979692	349.38214	0.057923015	0.9881945	0.0
SPIKE	S75:G>A	19	185746	1.0229022E-4	118.09793	40.0	TRUE	G	1.0429893E-4	275.0	0.0064686057	0.9920011	435.66858	0.07090633	0.98543584	0.0
SPIKE	S75:G>C	1	185746	5.383696E-6	1.084447	40.0	TRUE	G	1.08518325E-4	8.0	0.003973997	0.9916789	349.38214	0.057923015	0.9881945	1.0
SPIKE	S75:G>T	0	185746	0.0	9999.0	0.0	TRUE	G	3.796502E-4	1077.0	0.0049480405	0.9711901	245.74463	0.06580239	0.9871101	0.0
SPIKE	I76:>T	1	185746	5.383696E-6	9999.0	39.999565	TRUE		NaN	NaN	NaN	NaN	NaN	NaN	NaN	NaN
SPIKE	D76-78:TT>	1	185746	5.383696E-6	9999.0	39.999565	TRUE		NaN	NaN	NaN	NaN	NaN	NaN	NaN	NaN
SPIKE	S76:T>A	2	185746	1.0767392E-5	11.411722	40.0	TRUE	T	2.8654922E-5	69.0	0.0065696267	0.997796	167.20947	0.07764834	0.9901719	0.0
SPIKE	S76:T>G	7	185746	3.7685873E-5	13.067998	40.0	TRUE	T	1.7018567E-4	598.0	0.0029454308	0.9869812	685.41656	0.053017877	0.9879995	0.0
SPIKE	S76:T>C	36	185746	1.9381306E-4	123.00576	40.0	TRUE	T	3.937435E-4	1081.0	0.0046139183	0.97013676	1014.39154	0.06796974	0.9836369	0.0
SPIKE	D76-77:T>	1	185746	5.383696E-6	9999.0	39.999565	TRUE		NaN	NaN	NaN	NaN	NaN	NaN	NaN	NaN
SPIKE	S77:T>A	1	185746	5.383696E-6	7.7862086	40.0	TRUE	T	1.619626E-5	39.0	0.0065696267	0.99875367	167.20947	0.07764834	0.9901719	0.0
SPIKE	S77:T>G	2	185746	1.0767392E-5	12.916865	40.0	TRUE	T	2.3621087E-5	83.0	0.0029454308	0.99818283	685.41656	0.053017877	0.9879995	0.0
SPIKE	S77:T>C	20	185746	1.0767392E-4	59.376057	40.0	TRUE	T	2.673522E-4	734.0	0.0046139183	0.97962433	1014.39154	0.06796974	0.9836369	0.0
SPIKE	S78:T>A	3	185746	1.6151089E-5	31.17687	40.0	TRUE	T	1.03822185E-5	25.0	0.0065696267	0.9992009	167.20947	0.07764834	0.9901719	0.0
SPIKE	S78:T>G	1	185746	5.383696E-6	0.015074927	40.0	TRUE	T	3.44071E-4	1209.0	0.0029454308	0.9738544	685.41656	0.053017877	0.9879995	0.0
SPIKE	S78:T>C	30	185746	1.6151088E-4	71.68625	40.0	TRUE	T	4.5857826E-4	1259.0	0.0046139183	0.9653056	1014.39154	0.06796974	0.9836369	0.0
SPIKE	S79:G>A	16	185746	8.613914E-5	80.1639	40.0	TRUE	G	1.2364164E-4	326.0	0.0064686057	0.99052477	435.66858	0.07090633	0.98543584	0.0
SPIKE	S79:G>C	1	185746	5.383696E-6	0.007619883	40.0	TRUE	G	3.804858E-4	1225.0	0.003973997	0.9711276	349.38214	0.057923015	0.9881945	0.0
SPIKE	S79:G>T	1	185746	5.383696E-6	0.87774724	40.0	TRUE	G	1.20204946E-4	341.0	0.0049480405	0.9907869	245.74463	0.06580239	0.9871101	0.0
SPIKE	S80:C>G	1	185746	5.383696E-6	0.0037568314	40.0	TRUE	C	4.179275E-4	1338.0	0.0042521637	0.9683319	366.4025	0.05826597	0.99082476	0.0
SPIKE	S80:C>A	12	185746	6.4604355E-5	131.16112	40.0	TRUE	C	2.2370947E-5	52.0	0.006780387	0.9982789	143.46515	0.0804554	0.98501277	0.0
SPIKE	S80:C>T	21	185746	1.1305761E-4	54.325455	40.0	TRUE	C	3.1435184E-4	804.0	0.0052144127	0.9760855	569.8637	0.07300455	0.9868186	0.0
SPIKE	D80-82:CG>	1	185746	5.383696E-6	9999.0	39.999622	TRUE		NaN	NaN	NaN	NaN	NaN	NaN	NaN	NaN
SPIKE	S81:G>A	27	185746	1.453598E-4	140.79514	40.0	TRUE	G	1.8432466E-4	486.0	0.0064686057	0.98590726	435.66858	0.07090633	0.98543584	0.0
SPIKE	S81:G>T	1	185746	5.383696E-6	4.7804723	40.0	TRUE	G	3.384069E-5	96.0	0.0049480405	0.99739766	245.74463	0.06580239	0.9871101	0.0
SPIKE	S81:G>C	1	185746	5.383696E-6	2.125864	40.0	TRUE	G	7.2369956E-5	233.0	0.003973997	0.994443	349.38214	0.057923015	0.9881945	0.0
SPIKE	S82:G>A	31	185746	1.6689458E-4	217.21004	40.0	TRUE	G	1.3236483E-4	349.0	0.0064686057	0.9898597	435.66858	0.07090633	0.98543584	0.0
SPIKE	S82:G>T	1	185746	5.383696E-6	1.6223252	40.0	TRUE	G	8.6626744E-5	7.0	0.0049480405	0.99335194	245.74463	0.06580239	0.9871101	1.0
SPIKE	S82:G>C	1	185746	5.383696E-6	0.014794522	40.0	TRUE	G	3.4507734E-4	1111.0	0.003973997	0.97377896	349.38214	0.057923015	0.9881945	0.0
SPIKE	S83:C>A	12	185746	6.4604355E-5	162.79901	40.0	TRUE	C	1.2045894E-5	28.0	0.006780387	0.9990729	143.46515	0.0804554	0.98501277	0.0
SPIKE	S83:C>T	23	185746	1.2382501E-4	89.6252	40.0	TRUE	C	2.2950812E-4	587.0	0.0052144127	0.9824831	569.8637	0.07300455	0.9868186	0.0
SPIKE	S83:C>G	0	185746	0.0	9999.0	0.0	TRUE	C	4.304216E-4	1378.0	0.0042521637	0.9674007	366.4025	0.05826597	0.99082476	0.0
SPIKE	S84:G>A	27	185746	1.453598E-4	39.298244	40.0	TRUE	G	5.8217766E-4	1535.0	0.0064686057	0.9561622	435.66858	0.07090633	0.98543584	0.0
SPIKE	S84:G>C	0	185746	0.0	9999.0	0.0	TRUE	G	7.671837E-5	247.0	0.003973997	0.9941101	349.38214	0.057923015	0.9881945	0.0
SPIKE	S84:G>T	0	185746	0.0	9999.0	0.0	TRUE	G	5.640115E-6	16.0	0.0049480405	0.9995658	245.74463	0.06580239	0.9871101	0.0
SPIKE	S85:A>G	13	185746	6.998805E-5	27.113455	40.0	TRUE	A	2.4938316E-4	729.0	0.0044288705	0.9809807	1187.6406	0.06382441	0.98823327	0.0
SPIKE	S85:A>C	0	185746	0.0	9999.0	0.0	TRUE	A	7.676666E-6	20.0	0.004981056	0.9994091	257.7593	0.07165241	0.9815612	0.0
SPIKE	S85:A>T	0	185746	0.0	9999.0	0.0	TRUE	A	4.750834E-4	1073.0	0.006480785	0.9640796	186.72578	0.082777694	0.9866287	0.0
SPIKE	S86:T>C	17	185744	9.152382E-5	6.305729	39.0	TRUE	T	6.8514294E-4	1881.0	0.0046139183	0.94861144	1014.3806	0.06796974	0.9836369	0.0
SPIKE	D86-87:T>	13	185744	6.9988804E-5	9999.0	39.606308	TRUE		NaN	NaN	NaN	NaN	NaN	NaN	NaN	NaN
SPIKE	S86:T>A	0	185744	0.0	9999.0	0.0	TRUE	T	1.1379034E-4	274.0	0.0065696267	0.99127644	167.20767	0.07764834	0.9901719	0.0
SPIKE	S86:T>G	0	185744	0.0	9999.0	0.0	TRUE	T	1.4514318E-5	51.0	0.0029454308	0.998883	685.4092	0.053017877	0.9879995	0.0
SPIKE	S87:T>G	2	185744	1.0767508E-5	10.142054	38.5	TRUE	T	3.386674E-5	119.0	0.0029454308	0.99739563	685.4092	0.053017877	0.9879995	0.0
SPIKE	S87:T>A	3	185744	1.6151262E-5	11.685892	35.333332	TRUE	T	5.440341E-5	131.0	0.0065696267	0.9958197	167.20767	0.07764834	0.9901719	0.0
SPIKE	S87:T>C	15	185744	8.075631E-5	24.112604	38.4	TRUE	T	3.3328324E-4	915.0	0.0046139183	0.9746637	1014.3806	0.06796974	0.9836369	0.0
SPIKE	S88:T>C	12	185744	6.460505E-5	15.728746	38.416668	TRUE	T	3.1434256E-4	863.0	0.0046139183	0.9760862	1014.3806	0.06796974	0.9836369	0.0
SPIKE	S88:T>A	0	185744	0.0	9999.0	0.0	TRUE	T	4.194461E-5	101.0	0.0065696267	0.99677545	167.20767	0.07764834	0.9901719	0.0
SPIKE	S88:T>G	0	185744	0.0	9999.0	0.0	TRUE	T	6.545673E-6	23.0	0.0029454308	0.9994961	685.4092	0.053017877	0.9879995	0.0
SPIKE	S89:A>G	35	185744	1.8843138E-4	202.25545	38.4	TRUE	A	2.025191E-4	592.0	0.0044288705	0.984527	1187.6278	0.06382441	0.98823327	0.0
SPIKE	S89:A>T	1	185744	5.383754E-6	3.6235774	40.0	TRUE	A	4.604772E-5	104.0	0.006480785	0.9964606	186.72377	0.082777694	0.9866287	0.0
SPIKE	S89:A>C	1	185744	5.383754E-6	12.836198	38.0	TRUE	A	4.9898867E-6	13.0	0.004981056	0.99961585	257.75653	0.07165241	0.9815612	0.0
SPIKE	S90:T>A	3	185744	1.6151262E-5	23.905365	38.333332	TRUE	T	1.8688193E-5	45.0	0.0065696267	0.99856204	167.20767	0.07764834	0.9901719	0.0
SPIKE	S90:T>C	7	185744	3.7686277E-5	4.7084885	39.142857	TRUE	T	2.913952E-4	800.0	0.0046139183	0.9778124	1014.3806	0.06796974	0.9836369	0.0
SPIKE	S90:T>G	0	185744	0.0	9999.0	0.0	TRUE	T	9.960807E-6	35.0	0.0029454308	0.9992333	685.4092	0.053017877	0.9879995	0.0
SPIKE	S91:C>A	25	185744	1.3459385E-4	488.50717	39.56	TRUE	C	5.5927967E-6	13.0	0.006780387	0.9995695	143.46361	0.0804554	0.98501277	0.0
SPIKE	S91:C>T	19	185744	1.0229133E-4	91.05303	39.0	TRUE	C	1.5170376E-4	388.0	0.0052144127	0.98838675	569.85754	0.07300455	0.9868186	0.0
SPIKE	S91:C>G	0	185744	0.0	9999.0	0.0	TRUE	C	5.622404E-6	18.0	0.0042521637	0.99956715	366.39856	0.05826597	0.99082476	0.0
SPIKE	S92:G>A	20	185744	1.0767508E-4	80.19593	38.95	TRUE	G	1.9684265E-4	519.0	0.0064686057	0.9849574	435.66388	0.07090633	0.98543584	0.0
SPIKE	S92:G>T	2	185744	1.0767508E-5	25.905022	38.0	TRUE	G	4.9351534E-6	14.0	0.0049480405	0.9996201	245.74199	0.06580239	0.9871101	0.0
SPIKE	S92:G>C	0	185744	0.0	9999.0	0.0	TRUE	G	6.522684E-6	21.0	0.003973997	0.9994979	349.3784	0.057923015	0.9881945	0.0
SPIKE	S93:T>G	1	185744	5.383754E-6	10.51729	40.0	TRUE	T	8.537834E-6	30.0	0.0029454308	0.9993428	685.4092	0.053017877	0.9879995	0.0
SPIKE	S93:T>A	3	185744	1.6151262E-5	9.245367	39.333332	TRUE	T	6.935396E-5	167.0	0.0065696267	0.99467397	167.20767	0.07764834	0.9901719	0.0
SPIKE	S93:T>C	14	185744	7.5372554E-5	27.26319	39.0	TRUE	T	2.7791815E-4	763.0	0.0046139183	0.97882766	1014.3806	0.06796974	0.9836369	0.0
SPIKE	S94:C>G	1	185744	5.383754E-6	0.9739475	39.0	TRUE	C	1.1444671E-4	6.0	0.0042521637	0.9912263	366.39856	0.05826597	0.99082476	1.0
SPIKE	S94:C>A	12	185744	6.460505E-5	164.65527	39.416668	TRUE	C	1.1615809E-5	27.0	0.006780387	0.999106	143.46361	0.0804554	0.98501277	0.0
SPIKE	S94:C>T	17	185744	9.152382E-5	66.85476	38.882355	TRUE	C	1.751631E-4	448.0	0.0052144127	0.98660296	569.85754	0.07300455	0.9868186	0.0
SPIKE	S95:G>A	18	185744	9.690757E-5	97.54553	38.5	TRUE	G	1.2250515E-4	323.0	0.0064686057	0.99061143	435.66388	0.07090633	0.98543584	0.0
SPIKE	D95-98:GTC>	1	185744	5.383754E-6	9999.0	39.862602	TRUE		NaN	NaN	NaN	NaN	NaN	NaN	NaN	NaN
SPIKE	S95:G>C	0	185744	0.0	9999.0	0.0	TRUE	G	1.1802952E-5	38.0	0.003973997	0.99909157	349.3784	0.057923015	0.9881945	0.0
SPIKE	S95:G>T	0	185744	0.0	9999.0	0.0	TRUE	G	8.6626744E-5	2.0	0.0049480405	0.99335194	245.74199	0.06580239	0.9871101	1.0
SPIKE	S96:T>C	12	185744	6.460505E-5	7.473894	37.833332	TRUE	T	4.4073522E-4	1210.0	0.0046139183	0.9666328	1014.3806	0.06796974	0.9836369	0.0
SPIKE	S96:T>A	1	185744	5.383754E-6	3.2839494	40.0	TRUE	T	5.066577E-5	122.0	0.0065696267	0.9961063	167.20767	0.07764834	0.9901719	0.0
SPIKE	S96:T>G	2	185744	1.0767508E-5	17.873554	38.5	TRUE	T	1.2806751E-5	45.0	0.0029454308	0.9990144	685.4092	0.053017877	0.9879995	0.0
SPIKE	S97:C>T	14	185744	7.5372554E-5	63.50947	38.92857	TRUE	C	1.2589848E-4	322.0	0.0052144127	0.99035263	569.85754	0.07300455	0.9868186	0.0
SPIKE	S97:C>A	16	185744	8.614006E-5	256.2348	38.9375	TRUE	C	8.604303E-6	20.0	0.006780387	0.9993377	143.46361	0.0804554	0.98501277	0.0
SPIKE	S97:C>G	1	185744	5.383754E-6	0.9739475	38.0	TRUE	C	1.1444671E-4	3.0	0.0042521637	0.9912263	366.39856	0.05826597	0.99082476	1.0
SPIKE	S98:A>C	3	185744	1.6151262E-5	32.680878	40.0	TRUE	A	9.212099E-6	24.0	0.004981056	0.99929094	257.75653	0.07165241	0.9815612	0.0
SPIKE	S98:A>T	1	185744	5.383754E-6	11.059983	38.0	TRUE	A	7.5270314E-6	17.0	0.006480785	0.9994206	186.72377	0.082777694	0.9866287	0.0
SPIKE	S98:A>G	38	185744	2.0458265E-4	137.42871	38.92105	TRUE	A	3.903282E-4	1141.0	0.0044288705	0.97039187	1187.6278	0.06382441	0.98823327	0.0
SPIKE	D98-101:ATC>	1	185744	5.383754E-6	9999.0	39.751205	TRUE		NaN	NaN	NaN	NaN	NaN	NaN	NaN	NaN
SPIKE	S99:T>C	16	185744	8.614006E-5	26.583584	38.9375	TRUE	T	3.4421057E-4	945.0	0.0046139183	0.97384393	1014.3806	0.06796974	0.9836369	0.0
SPIKE	S99:T>A	9	185744	4.8453785E-5	105.16963	39.333332	TRUE	T	1.4950555E-5	36.0	0.0065696267	0.99884945	167.20767	0.07764834	0.9901719	0.0
SPIKE	S99:T>G	0	185744	0.0	9999.0	0.0	TRUE	T	9.391618E-6	33.0	0.0029454308	0.9992771	685.4092	0.053017877	0.9879995	0.0
SPIKE	S100:C>T	20	185744	1.0767508E-4	87.43146	39.0	TRUE	C	1.7790003E-4	455.0	0.0052144127	0.9863951	569.85754	0.07300455	0.9868186	0.0
SPIKE	S100:C>A	19	185744	1.0229133E-4	294.82224	38.842106	TRUE	C	1.1185593E-5	26.0	0.006780387	0.9991391	143.46361	0.0804554	0.98501277	0.0
SPIKE	S100:C>G	1	185744	5.383754E-6	0.9739475	38.0	TRUE	C	1.1444671E-4	4.0	0.0042521637	0.9912263	366.39856	0.05826597	0.99082476	1.0
SPIKE	D100-101:C>	1	185744	5.383754E-6	9999.0	39.831295	TRUE		NaN	NaN	NaN	NaN	NaN	NaN	NaN	NaN
SPIKE	S101:G>A	20	185744	1.0767508E-4	96.92184	38.95	TRUE	G	1.5626044E-4	412.0	0.0064686057	0.98804003	435.66388	0.07090633	0.98543584	0.0
SPIKE	S101:G>C	0	185744	0.0	9999.0	0.0	TRUE	G	6.2120803E-6	20.0	0.003973997	0.9995218	349.3784	0.057923015	0.9881945	0.0
SPIKE	S101:G>T	0	185744	0.0	9999.0	0.0	TRUE	G	3.5251096E-6	10.0	0.0049480405	0.9997286	245.74199	0.06580239	0.9871101	0.0
SPIKE	D102-104:TG>	1	185744	5.383754E-6	9999.0	39.687393	TRUE		NaN	NaN	NaN	NaN	NaN	NaN	NaN	NaN
SPIKE	S102:T>C	17	185744	9.152382E-5	21.176136	39.588234	TRUE	T	4.272582E-4	1173.0	0.0046139183	0.9676364	1014.3806	0.06796974	0.9836369	0.0
SPIKE	S102:T>A	1	185744	5.383754E-6	6.585906	40.0	TRUE	T	2.1595246E-5	52.0	0.0065696267	0.9983385	167.20767	0.07764834	0.9901719	0.0
SPIKE	S102:T>G	2	185744	1.0767508E-5	16.076767	39.0	TRUE	T	1.593729E-5	56.0	0.0029454308	0.9987736	685.4092	0.053017877	0.9879995	0.0
SPIKE	S103:G>T	4	185744	2.1535016E-5	62.3152	38.75	TRUE	G	3.5251096E-6	10.0	0.0049480405	0.9997286	245.74199	0.06580239	0.9871101	0.0
SPIKE	S103:G>A	18	185744	9.690757E-5	92.10091	38.944443	TRUE	G	1.3274552E-4	350.0	0.0064686057	0.9898307	435.66388	0.07090633	0.98543584	0.0
SPIKE	S103:G>C	0	185744	0.0	9999.0	0.0	TRUE	G	4.65906E-6	15.0	0.003973997	0.9996413	349.3784	0.057923015	0.9881945	0.0
SPIKE	S104:G>C	1	185744	5.383754E-6	11.101731	40.0	TRUE	G	7.454496E-6	24.0	0.003973997	0.9994262	349.3784	0.057923015	0.9881945	0.0
SPIKE	S104:G>A	12	185744	6.460505E-5	59.885952	39.0	TRUE	G	9.8231685E-5	259.0	0.0064686057	0.9924647	435.66388	0.07090633	0.98543584	0.0
SPIKE	S104:G>T	0	185744	0.0	9999.0	0.0	TRUE	G	8.6626744E-5	7.0	0.0049480405	0.99335194	245.74199	0.06580239	0.9871101	1.0
SPIKE	S105:C>T	20	185744	1.0767508E-4	84.63862	33.25	TRUE	C	1.8493783E-4	473.0	0.0052144127	0.9858607	569.85754	0.07300455	0.9868186	0.0
SPIKE	S105:C>A	14	185744	7.5372554E-5	191.31068	38.857143	TRUE	C	1.3336669E-5	31.0	0.006780387	0.9989736	143.46361	0.0804554	0.98501277	0.0
SPIKE	S105:C>G	1	185744	5.383754E-6	8.678417	40.0	TRUE	C	1.3118943E-5	42.0	0.0042521637	0.99899036	366.39856	0.05826597	0.99082476	0.0
SPIKE	D105-106:C>	1	185744	5.383754E-6	9999.0	39.81894	TRUE		NaN	NaN	NaN	NaN	NaN	NaN	NaN	NaN
SPIKE	D105-107:CG>	3	185744	1.6151262E-5	9999.0	39.81894	TRUE		NaN	NaN	NaN	NaN	NaN	NaN	NaN	NaN
SPIKE	D106-109:GGC>	3	185744	1.6151262E-5	9999.0	39.844017	TRUE		NaN	NaN	NaN	NaN	NaN	NaN	NaN	NaN
SPIKE	S106:G>T	4	185744	2.1535016E-5	45.388794	39.5	TRUE	G	9.517797E-6	27.0	0.0049480405	0.9992674	245.74199	0.06580239	0.9871101	0.0
SPIKE	S106:G>A	36	185744	1.9381514E-4	187.72572	38.583332	TRUE	G	2.4121758E-4	636.0	0.0064686057	0.98159766	435.66388	0.07090633	0.98543584	0.0
SPIKE	S106:G>C	0	185744	0.0	9999.0	0.0	TRUE	G	4.969664E-6	16.0	0.003973997	0.9996174	349.3784	0.057923015	0.9881945	0.0
SPIKE	S107:G>T	1	185744	5.383754E-6	1.6223534	40.0	TRUE	G	8.6626744E-5	9.0	0.0049480405	0.99335194	245.74199	0.06580239	0.9871101	1.0
SPIKE	S107:G>A	13	185744	6.9988804E-5	48.18051	38.846153	TRUE	G	1.4981281E-4	395.0	0.0064686057	0.9885307	435.66388	0.07090633	0.98543584	0.0
SPIKE	S107:G>C	0	185744	0.0	9999.0	0.0	TRUE	G	5.280268E-6	17.0	0.003973997	0.9995935	349.3784	0.057923015	0.9881945	0.0
SPIKE	S108:C>T	17	185744	9.152382E-5	71.90573	38.941177	TRUE	C	1.610875E-4	412.0	0.0052144127	0.98767287	569.85754	0.07300455	0.9868186	0.0
SPIKE	S108:C>A	8	185744	4.307003E-5	44.594227	39.0	TRUE	C	6.172022E-5	5.0	0.006780387	0.9952588	143.46361	0.0804554	0.98501277	1.0
SPIKE	S108:C>G	2	185744	1.0767508E-5	2.5267527	39.0	TRUE	C	1.1444671E-4	5.0	0.0042521637	0.9912263	366.39856	0.05826597	0.99082476	1.0
SPIKE	S109:A>C	3	185744	1.6151262E-5	29.880106	39.666668	TRUE	A	1.1515123E-5	30.0	0.004981056	0.99911374	257.75653	0.07165241	0.9815612	0.0
SPIKE	S109:A>T	3	185744	1.6151262E-5	20.298891	39.333332	TRUE	A	2.5237694E-5	57.0	0.006480785	0.99805856	186.72377	0.082777694	0.9866287	0.0
SPIKE	S109:A>G	41	185744	2.2073391E-4	135.52855	38.82927	TRUE	A	4.584047E-4	1340.0	0.0044288705	0.9653185	1187.6278	0.06382441	0.98823327	0.0
SPIKE	S110:G>T	1	185744	5.383754E-6	13.92854	39.0	TRUE	G	3.8776207E-6	11.0	0.0049480405	0.99970144	245.74199	0.06580239	0.9871101	0.0
SPIKE	S110:G>A	13	185744	6.9988804E-5	57.419815	39.23077	TRUE	G	1.2250515E-4	323.0	0.0064686057	0.99061143	435.66388	0.07090633	0.98543584	0.0
SPIKE	S110:G>C	0	185744	0.0	9999.0	0.0	TRUE	G	1.08518325E-4	5.0	0.003973997	0.9916789	349.3784	0.057923015	0.9881945	1.0
SPIKE	S111:C>T	13	185744	6.9988804E-5	46.822186	38.692307	TRUE	C	1.5444068E-4	395.0	0.0052144127	0.9881785	569.85754	0.07300455	0.9868186	0.0
SPIKE	S111:C>A	7	185744	3.7686277E-5	101.385475	39.42857	TRUE	C	6.4532273E-6	15.0	0.006780387	0.9995032	143.46361	0.0804554	0.98501277	0.0
SPIKE	S111:C>G	1	185744	5.383754E-6	10.732604	39.0	TRUE	C	8.12125E-6	26.0	0.0042521637	0.99937487	366.39856	0.05826597	0.99082476	0.0
SPIKE	S112:G>A	21	185741	1.1306066E-4	125.49003	39.04762	TRUE	G	1.20990015E-4	319.0	0.0064686057	0.990727	435.65686	0.07090633	0.98543584	0.0
SPIKE	D112-120:GTGACCTA>	1	185741	5.3838407E-6	9999.0	39.83062	TRUE		NaN	NaN	NaN	NaN	NaN	NaN	NaN	NaN
SPIKE	S112:G>C	0	185741	0.0	9999.0	0.0	TRUE	G	1.08518325E-4	6.0	0.003973997	0.9916789	349.37274	0.057923015	0.9881945	1.0
SPIKE	S112:G>T	0	185741	0.0	9999.0	0.0	TRUE	G	8.6626744E-5	3.0	0.0049480405	0.99335194	245.73802	0.06580239	0.9871101	1.0
SPIKE	S113:T>C	19	185741	1.0229298E-4	11.733958	38.210526	TRUE	T	6.367088E-4	1748.0	0.0046139183	0.9521558	1014.3642	0.06796974	0.9836369	0.0
SPIKE	S113:T>A	0	185741	0.0	9999.0	0.0	TRUE	T	3.986879E-5	96.0	0.0065696267	0.99693483	167.20497	0.07764834	0.9901719	0.0
SPIKE	S113:T>G	0	185741	0.0	9999.0	0.0	TRUE	T	2.760611E-5	97.0	0.0029454308	0.9978766	685.3981	0.053017877	0.9879995	0.0
SPIKE	S114:G>A	19	185741	1.0229298E-4	134.80066	39.05263	TRUE	G	8.344139E-5	220.0	0.0064686057	0.9935956	435.65686	0.07090633	0.98543584	0.0
SPIKE	S114:G>C	0	185741	0.0	9999.0	0.0	TRUE	G	1.08518325E-4	6.0	0.003973997	0.9916789	349.37274	0.057923015	0.9881945	1.0
SPIKE	S114:G>T	0	185741	0.0	9999.0	0.0	TRUE	G	4.5827164E-6	13.0	0.0049480405	0.9996472	245.73802	0.06580239	0.9871101	0.0
SPIKE	S115:A>T	1	185741	5.3838407E-6	4.240513	32.0	TRUE	A	3.8964088E-5	88.0	0.006480785	0.9970043	186.72075	0.082777694	0.9866287	0.0
SPIKE	S115:A>G	43	185741	2.3150515E-4	165.98538	38.7907	TRUE	A	4.1257092E-4	1206.0	0.0044288705	0.96873134	1187.6086	0.06382441	0.98823327	0.0
SPIKE	S115:A>C	0	185741	0.0	9999.0	0.0	TRUE	A	1.4969903E-5	39.0	0.004981056	0.99884796	257.75238	0.07165241	0.9815612	0.0
SPIKE	S116:C>T	9	185741	4.8454567E-5	47.541718	39.444443	TRUE	C	7.2725146E-5	186.0	0.0052144127	0.9944158	569.8483	0.07300455	0.9868186	0.0
SPIKE	S116:C>A	4	185741	2.1535363E-5	15.816505	38.25	TRUE	C	6.172022E-5	3.0	0.006780387	0.9952588	143.46129	0.0804554	0.98501277	1.0
SPIKE	D116-117:C>	9	185741	4.8454567E-5	9999.0	39.915413	TRUE		NaN	NaN	NaN	NaN	NaN	NaN	NaN	NaN
SPIKE	S116:C>G	0	185741	0.0	9999.0	0.0	TRUE	C	1.1444671E-4	1.0	0.0042521637	0.9912263	366.39264	0.05826597	0.99082476	1.0
SPIKE	S117:C>T	15	185741	8.0757614E-5	66.75654	38.8	TRUE	C	1.364574E-4	349.0	0.0052144127	0.9895478	569.8483	0.07300455	0.9868186	0.0
SPIKE	S117:C>G	1	185741	5.3838407E-6	0.9739801	39.0	TRUE	C	1.1444671E-4	6.0	0.0042521637	0.9912263	366.39264	0.05826597	0.99082476	1.0
SPIKE	S117:C>A	9	185741	4.8454567E-5	103.82889	38.22222	TRUE	C	1.5487994E-5	36.0	0.006780387	0.99880815	143.46129	0.0804554	0.98501277	0.0
SPIKE	S118:T>C	12	185741	6.4606094E-5	14.18864	39.083332	TRUE	T	3.321959E-4	912.0	0.0046139183	0.9747453	1014.3642	0.06796974	0.9836369	0.0
SPIKE	S118:T>G	1	185741	5.3838407E-6	9.502709	40.0	TRUE	T	1.0814764E-5	38.0	0.0029454308	0.9991676	685.3981	0.053017877	0.9879995	0.0
SPIKE	S118:T>A	2	185741	1.07676815E-5	4.8183293	39.5	TRUE	T	7.392338E-5	178.0	0.0065696267	0.9943241	167.20497	0.07764834	0.9901719	0.0
SPIKE	D118-119:T>	8	185741	4.3070726E-5	9999.0	39.777657	TRUE		NaN	NaN	NaN	NaN	NaN	NaN	NaN	NaN
SPIKE	S119:A>T	3	185741	1.6151524E-5	13.773709	37.666668	TRUE	A	4.4720146E-5	101.0	0.006480785	0.9965625	186.72075	0.082777694	0.9866287	0.0
SPIKE	S119:A>G	24	185741	1.2921219E-4	86.55853	38.875	TRUE	A	2.5896865E-4	757.0	0.0044288705	0.9802569	1187.6086	0.06382441	0.98823327	0.0
SPIKE	S119:A>C	0	185741	0.0	9999.0	0.0	TRUE	A	7.676873E-6	20.0	0.004981056	0.9994091	257.75238	0.07165241	0.9815612	0.0
SPIKE	S120:T>C	19	185741	1.0229298E-4	22.501757	39.57895	TRUE	T	4.811741E-4	1321.0	0.0046139183	0.9636276	1014.3642	0.06796974	0.9836369	0.0
SPIKE	S120:T>G	2	185741	1.07676815E-5	14.867359	39.0	TRUE	T	1.8498939E-5	65.0	0.0029454308	0.9985766	685.3981	0.053017877	0.9879995	0.0
SPIKE	S120:T>A	1	185741	5.3838407E-6	10.856713	38.0	TRUE	T	7.890698E-6	19.0	0.0065696267	0.9993926	167.20497	0.07764834	0.9901719	0.0
SPIKE	S121:G>A	22	185741	1.184445E-4	123.505035	38.772728	TRUE	G	1.3843685E-4	365.0	0.0064686057	0.989397	435.65686	0.07090633	0.98543584	0.0
SPIKE	S121:G>C	0	185741	0.0	9999.0	0.0	TRUE	G	1.08518325E-4	4.0	0.003973997	0.9916789	349.37274	0.057923015	0.9881945	1.0
SPIKE	S121:G>T	0	185741	0.0	9999.0	0.0	TRUE	G	4.9352334E-6	14.0	0.0049480405	0.9996201	245.73802	0.06580239	0.9871101	0.0
SPIKE	S122:T>C	23	185741	1.2382834E-4	26.988886	38.608696	TRUE	T	5.685941E-4	1561.0	0.0046139183	0.95716286	1014.3642	0.06796974	0.9836369	0.0
SPIKE	S122:T>A	1	185741	5.3838407E-6	3.5238857	32.0	TRUE	T	4.734419E-5	114.0	0.0065696267	0.99636114	167.20497	0.07764834	0.9901719	0.0
SPIKE	S122:T>G	0	185741	0.0	9999.0	0.0	TRUE	T	2.0775731E-5	73.0	0.0029454308	0.9984015	685.3981	0.053017877	0.9879995	0.0
SPIKE	S123:G>A	12	185741	6.4606094E-5	64.447495	38.833332	TRUE	G	8.8751294E-5	234.0	0.0064686057	0.99318945	435.65686	0.07090633	0.98543584	0.0
SPIKE	S123:G>C	0	185741	0.0	9999.0	0.0	TRUE	G	1.08518325E-4	6.0	0.003973997	0.9916789	349.37274	0.057923015	0.9881945	1.0
SPIKE	S123:G>T	0	185741	0.0	9999.0	0.0	TRUE	G	4.5827164E-6	13.0	0.0049480405	0.9996472	245.73802	0.06580239	0.9871101	0.0
SPIKE	D124-126:TG>	5	185741	2.6919204E-5	9999.0	39.5315	TRUE		NaN	NaN	NaN	NaN	NaN	NaN	NaN	NaN
SPIKE	S124:T>C	18	185741	9.6909134E-5	7.639421	38.833332	TRUE	T	6.8952504E-4	1893.0	0.0046139183	0.9482914	1014.3642	0.06796974	0.9836369	0.0
SPIKE	S124:T>G	1	185741	5.3838407E-6	6.8610168	40.0	TRUE	T	2.0206533E-5	71.0	0.0029454308	0.99844533	685.3981	0.053017877	0.9879995	0.0
SPIKE	S124:T>A	0	185741	0.0	9999.0	0.0	TRUE	T	1.8688495E-5	45.0	0.0065696267	0.99856204	167.20497	0.07764834	0.9901719	0.0
SPIKE	S125:G>T	2	185741	1.07676815E-5	3.913294	35.0	TRUE	G	8.6626744E-5	5.0	0.0049480405	0.99335194	245.73802	0.06580239	0.9871101	1.0
SPIKE	S125:G>A	17	185741	9.15253E-5	97.088455	38.941177	TRUE	G	1.0809453E-4	285.0	0.0064686057	0.99171126	435.65686	0.07090633	0.98543584	0.0
SPIKE	S125:G>C	0	185741	0.0	9999.0	0.0	TRUE	G	3.1060902E-6	10.0	0.003973997	0.99976087	349.37274	0.057923015	0.9881945	0.0
SPIKE	S126:C>T	10	185741	5.383841E-5	34.11872	34.9	TRUE	C	1.3293844E-4	340.0	0.0052144127	0.98981595	569.8483	0.07300455	0.9868186	0.0
SPIKE	S126:C>G	1	185741	5.3838407E-6	3.8376234	40.0	TRUE	C	4.3418153E-5	139.0	0.0042521637	0.9966624	366.39264	0.05826597	0.99082476	0.0
SPIKE	S126:C>A	7	185741	3.768689E-5	105.67721	39.285713	TRUE	C	5.592887E-6	13.0	0.006780387	0.9995694	143.46129	0.0804554	0.98501277	0.0
SPIKE	D126-127:C>	1	185741	5.3838407E-6	9999.0	39.85531	TRUE		NaN	NaN	NaN	NaN	NaN	NaN	NaN	NaN
SPIKE	D126-128:CG>	9	185741	4.8454567E-5	9999.0	39.85531	TRUE		NaN	NaN	NaN	NaN	NaN	NaN	NaN	NaN
SPIKE	S127:G>T	2	185741	1.07676815E-5	26.537716	37.0	TRUE	G	4.5827164E-6	13.0	0.0049480405	0.9996472	245.73802	0.06580239	0.9871101	0.0
SPIKE	S127:G>A	21	185741	1.1306066E-4	99.41944	38.714287	TRUE	G	1.6802062E-4	443.0	0.0064686057	0.9871457	435.65686	0.07090633	0.98543584	0.0
SPIKE	S127:G>C	0	185741	0.0	9999.0	0.0	TRUE	G	2.4538112E-5	79.0	0.003973997	0.9981123	349.37274	0.057923015	0.9881945	0.0
SPIKE	S128:G>A	16	185741	8.614145E-5	78.54476	38.625	TRUE	G	1.2705848E-4	335.0	0.0064686057	0.9902642	435.65686	0.07090633	0.98543584	0.0
SPIKE	S128:G>C	1	185741	5.3838407E-6	8.504615	38.0	TRUE	G	1.3666797E-5	44.0	0.003973997	0.9989482	349.37274	0.057923015	0.9881945	0.0
SPIKE	S128:G>T	0	185741	0.0	9999.0	0.0	TRUE	G	4.2302E-6	12.0	0.0049480405	0.9996743	245.73802	0.06580239	0.9871101	0.0
SPIKE	S129:C>A	16	185741	8.614145E-5	235.65468	39.125	TRUE	C	1.1615996E-5	27.0	0.006780387	0.999106	143.46129	0.0804554	0.98501277	0.0
SPIKE	S129:C>G	1	185741	5.3838407E-6	3.785301	40.0	TRUE	C	4.4042874E-5	141.0	0.0042521637	0.99661446	366.39264	0.05826597	0.99082476	0.0
SPIKE	S129:C>T	15	185741	8.0757614E-5	52.207462	34.0	TRUE	C	1.7985789E-4	460.0	0.0052144127	0.9862464	569.8483	0.07300455	0.9868186	0.0
SPIKE	D129-130:C>	1	185741	5.3838407E-6	9999.0	39.821503	TRUE		NaN	NaN	NaN	NaN	NaN	NaN	NaN	NaN
SPIKE	D130-133:GGC>	9	185741	4.8454567E-5	9999.0	39.8129	TRUE		NaN	NaN	NaN	NaN	NaN	NaN	NaN	NaN
SPIKE	S130:G>A	28	185741	1.5074755E-4	86.9429	38.75	TRUE	G	3.4438536E-4	908.0	0.0064686057	0.9738308	435.65686	0.07090633	0.98543584	0.0
SPIKE	S130:G>T	1	185741	5.3838407E-6	9.063417	39.0	TRUE	G	1.1985567E-5	34.0	0.0049480405	0.99907756	245.73802	0.06580239	0.9871101	0.0
SPIKE	S130:G>C	0	185741	0.0	9999.0	0.0	TRUE	G	2.515933E-5	81.0	0.003973997	0.9980646	349.37274	0.057923015	0.9881945	0.0
SPIKE	S131:G>A	11	185741	5.922225E-5	31.65482	38.727272	TRUE	G	1.683999E-4	444.0	0.0064686057	0.98711693	435.65686	0.07090633	0.98543584	0.0
SPIKE	S131:G>C	1	185741	5.3838407E-6	1.7085528	40.0	TRUE	G	8.3864434E-5	270.0	0.003973997	0.99356323	349.37274	0.057923015	0.9881945	0.0
SPIKE	S131:G>T	0	185741	0.0	9999.0	0.0	TRUE	G	4.2302E-6	12.0	0.0049480405	0.9996743	245.73802	0.06580239	0.9871101	0.0
SPIKE	S132:C>A	13	185741	6.998993E-5	158.90576	38.846153	TRUE	C	1.7639106E-5	41.0	0.006780387	0.9986427	143.46129	0.0804554	0.98501277	0.0
SPIKE	S132:C>T	16	185741	8.614145E-5	64.50286	37.6875	TRUE	C	1.618721E-4	414.0	0.0052144127	0.9876132	569.8483	0.07300455	0.9868186	0.0
SPIKE	S132:C>G	0	185741	0.0	9999.0	0.0	TRUE	C	2.717539E-5	87.0	0.0042521637	0.99790967	366.39264	0.05826597	0.99082476	0.0
SPIKE	S133:A>G	0	185741	0.0	9999.0	0.0	TRUE	A	7.2182804E-5	211.0	0.0044288705	0.99445736	1187.6086	0.06382441	0.98823327	0.0
SPIKE	S133:A>C	0	185741	0.0	9999.0	0.0	TRUE	A	1.6658814E-4	434.0	0.004981056	0.9872546	257.75238	0.07165241	0.9815612	0.0
SPIKE	S133:A>T	0	185741	0.0	9999.0	0.0	TRUE	A	8.267504E-5	2.0	0.006480785	0.99365425	186.72075	0.082777694	0.9866287	1.0
SPIKE	S134:G>A	0	185741	0.0	9999.0	0.0	TRUE	G	1.646071E-4	434.0	0.0064686057	0.98740524	435.65686	0.07090633	0.98543584	0.0
SPIKE	S134:G>C	0	185741	0.0	9999.0	0.0	TRUE	G	4.5348916E-5	146.0	0.003973997	0.9965142	349.37274	0.057923015	0.9881945	0.0
SPIKE	S134:G>T	0	185741	0.0	9999.0	0.0	TRUE	G	1.1597798E-4	329.0	0.0049480405	0.99110943	245.73802	0.06580239	0.9871101	0.0
SPIKE	S135:C>A	0	185740	0.0	9999.0	0.0	TRUE	C	1.2906732E-5	30.0	0.006780387	0.9990067	143.46053	0.0804554	0.98501277	0.0
SPIKE	S135:C>G	0	185740	0.0	9999.0	0.0	TRUE	C	1.0620325E-4	340.0	0.0042521637	0.9918557	366.3907	0.05826597	0.99082476	0.0
SPIKE	S135:C>T	0	185740	0.0	9999.0	0.0	TRUE	C	9.814037E-5	251.0	0.0052144127	0.9924717	569.8453	0.07300455	0.9868186	0.0
SPIKE	S136:C>A	0	185740	0.0	9999.0	0.0	TRUE	C	1.4756697E-4	343.0	0.006780387	0.98870164	143.46053	0.0804554	0.98501277	0.0
SPIKE	S136:C>G	0	185740	0.0	9999.0	0.0	TRUE	C	2.4364275E-5	78.0	0.0042521637	0.99812573	366.3907	0.05826597	0.99082476	0.0
SPIKE	S136:C>T	0	185740	0.0	9999.0	0.0	TRUE	C	3.436868E-4	879.0	0.0052144127	0.9738832	569.8453	0.07300455	0.9868186	0.0
SPIKE	S137:T>A	0	185740	0.0	9999.0	0.0	TRUE	T	3.6131285E-5	87.0	0.0065696267	0.99722177	167.20407	0.07764834	0.9901719	0.0
SPIKE	S137:T>G	0	185740	0.0	9999.0	0.0	TRUE	T	1.5852254E-4	557.0	0.0029454308	0.98786795	685.3944	0.053017877	0.9879995	0.0
SPIKE	S137:T>C	0	185740	0.0	9999.0	0.0	TRUE	T	3.970345E-5	109.0	0.0046139183	0.9969475	1014.35876	0.06796974	0.9836369	0.0
SPIKE	S138:G>A	0	185740	0.0	9999.0	0.0	TRUE	G	3.9634874E-4	1045.0	0.0064686057	0.96994215	435.6545	0.07090633	0.98543584	0.0
SPIKE	S138:G>C	0	185740	0.0	9999.0	0.0	TRUE	G	5.5909927E-6	18.0	0.003973997	0.9995696	349.37085	0.057923015	0.9881945	0.0
SPIKE	S138:G>T	0	185740	0.0	9999.0	0.0	TRUE	G	1.917701E-4	544.0	0.0049480405	0.9853422	245.7367	0.06580239	0.9871101	0.0
SPIKE	S139:A>G	0	185740	0.0	9999.0	0.0	TRUE	A	4.2762556E-5	125.0	0.0044288705	0.9967127	1187.6023	0.06382441	0.98823327	0.0
SPIKE	S139:A>C	0	185740	0.0	9999.0	0.0	TRUE	A	4.6061487E-6	12.0	0.004981056	0.9996454	257.751	0.07165241	0.9815612	0.0
SPIKE	S139:A>T	0	185740	0.0	9999.0	0.0	TRUE	A	5.4372905E-4	1228.0	0.006480785	0.9589972	186.71976	0.082777694	0.9866287	0.0
SPIKE	S140:T>A	0	185740	0.0	9999.0	0.0	TRUE	T	8.098392E-5	195.0	0.0065696267	0.99378365	167.20407	0.07764834	0.9901719	0.0
SPIKE	S140:T>G	0	185740	0.0	9999.0	0.0	TRUE	T	1.0957123E-4	385.0	0.0029454308	0.9915985	685.3944	0.053017877	0.9879995	0.0
SPIKE	S140:T>C	0	185740	0.0	9999.0	0.0	TRUE	T	1.6755585E-5	46.0	0.0046139183	0.99871063	1014.35876	0.06796974	0.9836369	0.0
SPIKE	S141:T>A	0	185740	0.0	9999.0	0.0	TRUE	T	7.338389E-4	1767.0	0.0065696267	0.9450612	167.20407	0.07764834	0.9901719	0.0
SPIKE	S141:T>G	0	185740	0.0	9999.0	0.0	TRUE	T	4.5820696E-5	161.0	0.0029454308	0.996478	685.3944	0.053017877	0.9879995	0.0
SPIKE	S141:T>C	0	185740	0.0	9999.0	0.0	TRUE	T	2.0215978E-4	555.0	0.0046139183	0.98455423	1014.35876	0.06796974	0.9836369	0.0
SPIKE	S142:A>G	0	185740	0.0	9999.0	0.0	TRUE	A	9.927754E-4	2902.0	0.0044288705	0.9264051	1187.6023	0.06382441	0.98823327	0.0
SPIKE	S142:A>C	0	185740	0.0	9999.0	0.0	TRUE	A	2.4105511E-4	628.0	0.004981056	0.98160994	257.751	0.07165241	0.9815612	0.0
SPIKE	S142:A>T	0	185740	0.0	9999.0	0.0	TRUE	A	5.7560894E-5	130.0	0.006480785	0.99557763	186.71976	0.082777694	0.9866287	0.0
SPIKE	S143:G>A	0	185740	0.0	9999.0	0.0	TRUE	G	9.5578835E-5	252.0	0.0064686057	0.99266744	435.6545	0.07090633	0.98543584	0.0
SPIKE	S143:G>C	0	185740	0.0	9999.0	0.0	TRUE	G	0.0014828554	4774.0	0.003973997	0.8920975	349.37085	0.057923015	0.9881945	0.0
SPIKE	S143:G>T	0	185740	0.0	9999.0	0.0	TRUE	G	6.6978528E-6	19.0	0.0049480405	0.9994844	245.7367	0.06580239	0.9871101	0.0
SPIKE	S144:C>A	0	185740	0.0	9999.0	0.0	TRUE	C	4.7324684E-6	11.0	0.006780387	0.99963564	143.46053	0.0804554	0.98501277	0.0
SPIKE	S144:C>G	0	185740	0.0	9999.0	0.0	TRUE	C	2.0584688E-4	659.0	0.0042521637	0.98427474	366.3907	0.05826597	0.99082476	0.0
SPIKE	S144:C>T	0	185740	0.0	9999.0	0.0	TRUE	C	4.4964712E-5	115.0	0.0052144127	0.9965437	569.8453	0.07300455	0.9868186	0.0
SPIKE	S145:C>A	0	185740	0.0	9999.0	0.0	TRUE	C	5.162693E-6	12.0	0.006780387	0.99960256	143.46053	0.0804554	0.98501277	0.0
SPIKE	S145:C>G	0	185740	0.0	9999.0	0.0	TRUE	C	7.621645E-5	244.0	0.0042521637	0.9941485	366.3907	0.05826597	0.99082476	0.0
SPIKE	S145:C>T	0	185740	0.0	9999.0	0.0	TRUE	C	2.4280944E-4	621.0	0.0052144127	0.9814774	569.8453	0.07300455	0.9868186	0.0
SPIKE	S146:C>A	0	185739	0.0	9999.0	0.0	TRUE	C	6.172022E-5	3.0	0.006780387	0.9952588	143.45975	0.0804554	0.98501277	1.0
SPIKE	S146:C>G	0	185739	0.0	9999.0	0.0	TRUE	C	0.0017267492	5528.0	0.0042521637	0.8755004	366.3887	0.05826597	0.99082476	0.0
SPIKE	S146:C>T	0	185739	0.0	9999.0	0.0	TRUE	C	1.6617484E-4	425.0	0.0052144127	0.98728603	569.8422	0.07300455	0.9868186	0.0
SPIKE	S147:G>A	0	185739	0.0	9999.0	0.0	TRUE	G	8.9131536E-5	235.0	0.0064686057	0.99316037	435.65216	0.07090633	0.98543584	0.0
SPIKE	S147:G>C	0	185739	0.0	9999.0	0.0	TRUE	G	2.9756664E-4	958.0	0.003973997	0.97734785	349.369	0.057923015	0.9881945	0.0
SPIKE	S147:G>T	0	185739	0.0	9999.0	0.0	TRUE	G	0.0016702419	4738.0	0.0049480405	0.87931806	245.73537	0.06580239	0.9871101	0.0
SPIKE	S148:T>A	0	185739	0.0	9999.0	0.0	TRUE	T	6.9440204E-5	5.0	0.0065696267	0.99466735	167.20317	0.07764834	0.9901719	1.0
SPIKE	S148:T>G	0	185739	0.0	9999.0	0.0	TRUE	T	0.0021641145	7604.0	0.0029454308	0.846507	685.3907	0.053017877	0.9879995	0.0
SPIKE	S148:T>C	0	185739	0.0	9999.0	0.0	TRUE	T	1.8285541E-4	502.0	0.0046139183	0.9860188	1014.3533	0.06796974	0.9836369	0.0
SPIKE	S149:G>A	0	185739	0.0	9999.0	0.0	TRUE	G	4.2100426E-5	111.0	0.0064686057	0.9967635	435.65216	0.07090633	0.98543584	0.0
SPIKE	S149:G>C	0	185739	0.0	9999.0	0.0	TRUE	G	0.0015269704	4916.0	0.003973997	0.8890723	349.369	0.057923015	0.9881945	0.0
SPIKE	S149:G>T	0	185739	0.0	9999.0	0.0	TRUE	G	3.394772E-4	963.0	0.0049480405	0.97419894	245.73537	0.06580239	0.9871101	0.0
SPIKE	S150:C>A	0	185734	0.0	9999.0	0.0	TRUE	C	6.172022E-5	7.0	0.006780387	0.9952588	143.45589	0.0804554	0.98501277	1.0
SPIKE	S150:C>G	0	185734	0.0	9999.0	0.0	TRUE	C	7.034631E-4	2252.0	0.0042521637	0.9472742	366.37885	0.05826597	0.99082476	0.0
SPIKE	S150:C>T	0	185734	0.0	9999.0	0.0	TRUE	C	0.0026647341	6815.0	0.0052144127	0.814497	569.8269	0.07300455	0.9868186	0.0
SPIKE	S151:T>A	0	185710	0.0	9999.0	0.0	TRUE	T	6.9440204E-5	2.0	0.0065696267	0.99466735	167.17706	0.07764834	0.9901719	1.0
SPIKE	S151:T>G	0	185710	0.0	9999.0	0.0	TRUE	T	0.0026042315	9149.0	0.0029454308	0.81830037	685.2837	0.053017877	0.9879995	0.0
SPIKE	S151:T>C	0	185710	0.0	9999.0	0.0	TRUE	T	3.5556723E-4	976.0	0.0046139183	0.9729927	1014.19495	0.06796974	0.9836369	0.0
SPIKE	S152:G>A	0	185654	0.0	9999.0	0.0	TRUE	G	1.316715E-4	347.0	0.0064686057	0.9899125	435.4528	0.07090633	0.98543584	0.0
SPIKE	S152:G>C	0	185654	0.0	9999.0	0.0	TRUE	G	4.0398095E-6	13.0	0.003973997	0.999689	349.20908	0.057923015	0.9881945	0.0
SPIKE	S152:G>T	0	185654	0.0	9999.0	0.0	TRUE	G	2.2360029E-4	634.0	0.0049480405	0.9829301	245.62291	0.06580239	0.9871101	0.0
SPIKE	S153:G>A	0	185238	0.0	9999.0	0.0	TRUE	G	6.0088816E-5	158.0	0.0064686057	0.99538386	434.47705	0.07090633	0.98543584	0.0
SPIKE	S153:G>C	0	185238	0.0	9999.0	0.0	TRUE	G	1.775279E-5	57.0	0.003973997	0.998634	348.4266	0.057923015	0.9881945	0.0
SPIKE	S153:G>T	0	185238	0.0	9999.0	0.0	TRUE	G	5.6555823E-6	16.0	0.0049480405	0.9995646	245.07254	0.06580239	0.9871101	0.0
