#pipeline_block
reference	mutation	count	coverage	freq	score	cqs	has.reference	ancestral.allele	error.rate	minor.count.local	minor.fdr	minor.recall	minor.count.global	read.fraction.in.minors	q.filtered.read.fraction	global.est
SPIKE	S0:T>A	0	175076	0.0	9999.0	0.0	TRUE	T	8.910388E-5	52.0	2.3246516E-4	0.9986643	21.668869	0.3000688	0.99502605	0.0
SPIKE	S0:T>G	0	175076	0.0	9999.0	0.0	TRUE	T	2.995553E-5	19.0	1.2499627E-4	0.99955076	124.49923	0.27606052	0.9944635	0.0
SPIKE	S0:T>C	0	175076	0.0	9999.0	0.0	TRUE	T	3.255841E-5	19.0	3.0083573E-4	0.9995117	32.635513	0.30010062	0.99313587	0.0
SPIKE	S1:A>G	0	175171	0.0	9999.0	0.0	TRUE	A	8.364348E-5	47.0	4.4818557E-4	0.99874616	31.129625	0.3118826	0.99405855	0.0
SPIKE	S1:A>C	0	175171	0.0	9999.0	0.0	TRUE	A	1.5466407E-4	86.0	3.3709157E-4	0.99768275	8.734883	0.31513715	0.9891571	0.0
SPIKE	S1:A>T	0	175171	0.0	9999.0	0.0	TRUE	A	1.20919394E-4	66.0	1.7268161E-4	0.99818784	16.472769	0.32098833	0.9947164	0.0
SPIKE	S2:G>A	0	175325	0.0	9999.0	0.0	TRUE	G	1.0215147E-4	61.0	4.450584E-4	0.9984689	22.858301	0.29373246	0.9942835	0.0
SPIKE	S2:G>C	0	175325	0.0	9999.0	0.0	TRUE	G	4.7704194E-5	29.0	1.678678E-4	0.9992847	67.14165	0.28845316	0.9942132	0.0
SPIKE	S2:G>T	0	175325	0.0	9999.0	0.0	TRUE	G	1.87071E-5	11.0	2.0012989E-4	0.99971944	66.5384	0.29822534	0.99383396	0.0
SPIKE	S3:C>A	0	175448	0.0	9999.0	0.0	TRUE	C	1.6813205E-5	9.0	4.833221E-4	0.9997478	9.682596	0.30480146	0.9945871	1.0
SPIKE	S3:C>G	0	175448	0.0	9999.0	0.0	TRUE	C	1.0939875E-4	69.0	2.0434296E-4	0.99836034	73.08349	0.27822775	0.9943196	0.0
SPIKE	S3:C>T	0	175448	0.0	9999.0	0.0	TRUE	C	5.1585623E-5	32.0	3.1903668E-4	0.9992265	91.67781	0.28292134	0.9920089	0.0
SPIKE	S4:G>A	22	175519	1.2534256E-4	204.68834	39.363636	TRUE	G	5.8546717E-5	35.0	4.450584E-4	0.9991222	22.883595	0.29373246	0.9942835	0.0
SPIKE	S4:G>C	2	175519	1.1394778E-5	5.584684	35.5	TRUE	G	6.9012465E-5	42.0	1.678678E-4	0.9989653	67.21594	0.28845316	0.9942132	0.0
SPIKE	S4:G>T	1	175519	5.697389E-6	3.8440275	40.0	TRUE	G	4.5866676E-5	27.0	2.0012989E-4	0.9993122	66.61202	0.29822534	0.99383396	0.0
SPIKE	S5:T>A	2	175549	1.1392831E-5	9.876369	37.5	TRUE	T	3.713039E-5	2.0	2.3246516E-4	0.9994432	21.727411	0.3000688	0.99502605	1.0
SPIKE	S5:T>C	3	175549	1.7089245E-5	23.462824	40.0	TRUE	T	2.0507801E-5	12.0	3.0083573E-4	0.99969244	32.723682	0.30010062	0.99313587	0.0
SPIKE	S5:T>G	0	175549	0.0	9999.0	0.0	TRUE	T	9.9058605E-5	63.0	1.2499627E-4	0.99851525	124.83559	0.27606052	0.9944635	0.0
SPIKE	S6:G>A	19	175596	1.0820292E-4	158.56398	37.473682	TRUE	G	6.520916E-5	39.0	4.450584E-4	0.99902236	22.893633	0.29373246	0.9942835	0.0
SPIKE	S6:G>C	1	175596	5.6948907E-6	1.1686647	40.0	TRUE	G	1.1044614E-4	0.0	1.678678E-4	0.99834466	67.24543	0.28845316	0.9942132	1.0
SPIKE	S6:G>T	1	175596	5.6948907E-6	3.027268	40.0	TRUE	G	5.773271E-5	34.0	2.0012989E-4	0.99913436	66.64124	0.29822534	0.99383396	0.0
SPIKE	S7:A>C	9	175626	5.124526E-5	65.01196	40.0	TRUE	A	4.6637764E-5	26.0	3.3709157E-4	0.99930066	8.757572	0.31513715	0.9891571	0.0
SPIKE	D7-8:A>	153	175626	8.7116944E-4	9999.0	39.908577	TRUE		NaN	NaN	NaN	NaN	NaN	NaN	NaN	NaN
SPIKE	I7:>A	1	175626	5.693918E-6	9999.0	39.908577	TRUE		NaN	NaN	NaN	NaN	NaN	NaN	NaN	NaN
SPIKE	S7:A>G	0	175626	0.0	9999.0	0.0	TRUE	A	7.1001516E-5	40.0	4.4818557E-4	0.9989355	31.210484	0.3118826	0.99405855	0.0
SPIKE	S7:A>T	0	175626	0.0	9999.0	0.0	TRUE	A	3.017996E-5	3.0	1.7268161E-4	0.9995474	16.515556	0.32098833	0.9947164	1.0
SPIKE	S8:A>G	1	175633	5.693691E-6	4.275713	40.0	TRUE	A	4.0824245E-5	23.0	4.4818557E-4	0.9993878	31.211727	0.3118826	0.99405855	0.0
SPIKE	S8:A>C	6	175633	3.4162145E-5	63.03436	39.166668	TRUE	A	1.5708983E-5	2.0	3.3709157E-4	0.9997644	8.757921	0.31513715	0.9891571	1.0
SPIKE	S8:A>T	0	175633	0.0	9999.0	0.0	TRUE	A	3.017996E-5	0.0	1.7268161E-4	0.9995474	16.516214	0.32098833	0.9947164	1.0
SPIKE	I9:>G	1	175640	5.693464E-6	9999.0	39.97377	TRUE		NaN	NaN	NaN	NaN	NaN	NaN	NaN	NaN
SPIKE	S9:G>A	17	175640	9.6788885E-5	148.65489	39.764706	TRUE	G	5.349155E-5	32.0	4.450584E-4	0.99919796	22.89937	0.29373246	0.9942835	0.0
SPIKE	S9:G>C	2	175640	1.1386928E-5	2.9513597	40.0	TRUE	G	1.1044614E-4	0.0	1.678678E-4	0.99834466	67.262276	0.28845316	0.9942132	1.0
SPIKE	S9:G>T	2	175640	1.1386928E-5	2.8357124	40.0	TRUE	G	1.1315822E-4	1.0	2.0012989E-4	0.99830407	66.65794	0.29822534	0.99383396	1.0
SPIKE	D9-10:G>	44	175640	2.505124E-4	9999.0	39.97377	TRUE		NaN	NaN	NaN	NaN	NaN	NaN	NaN	NaN
SPIKE	D9-11:GA>	7	175640	3.9854247E-5	9999.0	39.97377	TRUE		NaN	NaN	NaN	NaN	NaN	NaN	NaN	NaN
SPIKE	S10:A>C	4	175640	2.2773856E-5	37.94947	40.0	TRUE	A	1.5708983E-5	8.0	3.3709157E-4	0.9997644	8.75827	0.31513715	0.9891571	1.0
SPIKE	D10-11:A>	55	175640	3.131405E-4	9999.0	39.969147	TRUE		NaN	NaN	NaN	NaN	NaN	NaN	NaN	NaN
SPIKE	D10-12:AC>	4	175640	2.2773856E-5	9999.0	39.969147	TRUE		NaN	NaN	NaN	NaN	NaN	NaN	NaN	NaN
SPIKE	S10:A>G	0	175640	0.0	9999.0	0.0	TRUE	A	3.7272825E-5	21.0	4.4818557E-4	0.9994411	31.212973	0.3118826	0.99405855	0.0
SPIKE	S10:A>T	0	175640	0.0	9999.0	0.0	TRUE	A	3.017996E-5	0.0	1.7268161E-4	0.9995474	16.516872	0.32098833	0.9947164	1.0
SPIKE	S11:C>A	1	175640	5.693464E-6	7.864419	40.0	TRUE	C	1.6813205E-5	8.0	4.833221E-4	0.9997478	9.6931925	0.30480146	0.9945871	1.0
SPIKE	S11:C>G	1	175640	5.693464E-6	1.0639493	40.0	TRUE	C	1.15873074E-4	6.0	2.0434296E-4	0.9982634	73.16347	0.27822775	0.9943196	1.0
SPIKE	S11:C>T	2	175640	1.1386928E-5	1.715567	40.0	TRUE	C	1.4778928E-4	9.0	3.1903668E-4	0.9977856	91.77814	0.28292134	0.9920089	1.0
SPIKE	D11-12:C>	18	175640	1.0248235E-4	9999.0	39.931713	TRUE		NaN	NaN	NaN	NaN	NaN	NaN	NaN	NaN
SPIKE	S12:G>A	31	175640	1.7649739E-4	414.75668	40.0	TRUE	G	3.0088997E-5	18.0	4.450584E-4	0.9995488	22.89937	0.29373246	0.9942835	0.0
SPIKE	S12:G>T	8	175640	4.5547713E-5	28.68269	38.625	TRUE	G	1.1315822E-4	4.0	2.0012989E-4	0.99830407	66.65794	0.29822534	0.99383396	1.0
SPIKE	D12-13:G>	24	175640	1.3664314E-4	9999.0	39.960873	TRUE		NaN	NaN	NaN	NaN	NaN	NaN	NaN	NaN
SPIKE	S12:G>C	0	175640	0.0	9999.0	0.0	TRUE	G	1.1044614E-4	8.0	1.678678E-4	0.99834466	67.262276	0.28845316	0.9942132	1.0
SPIKE	S13:A>C	3	175640	1.7080392E-5	26.71762	40.0	TRUE	A	1.5708983E-5	3.0	3.3709157E-4	0.9997644	8.75827	0.31513715	0.9891571	1.0
SPIKE	D13-14:A>	23	175640	1.3094967E-4	9999.0	39.962868	TRUE		NaN	NaN	NaN	NaN	NaN	NaN	NaN	NaN
SPIKE	I13:>A	2	175640	1.1386928E-5	9999.0	39.962868	TRUE		NaN	NaN	NaN	NaN	NaN	NaN	NaN	NaN
SPIKE	S13:A>G	0	175640	0.0	9999.0	0.0	TRUE	A	1.7748964E-5	10.0	4.4818557E-4	0.9997338	31.212973	0.3118826	0.99405855	0.0
SPIKE	S13:A>T	0	175640	0.0	9999.0	0.0	TRUE	A	3.017996E-5	0.0	1.7268161E-4	0.9995474	16.516872	0.32098833	0.9947164	1.0
SPIKE	D14-16:CA>	1	175640	5.693464E-6	9999.0	39.965702	TRUE		NaN	NaN	NaN	NaN	NaN	NaN	NaN	NaN
SPIKE	S14:C>A	1	175640	5.693464E-6	7.864419	40.0	TRUE	C	1.6813205E-5	8.0	4.833221E-4	0.9997478	9.6931925	0.30480146	0.9945871	1.0
SPIKE	S14:C>G	2	175640	1.1386928E-5	2.7248254	40.0	TRUE	C	1.15873074E-4	1.0	2.0434296E-4	0.9982634	73.16347	0.27822775	0.9943196	1.0
SPIKE	S14:C>T	2	175640	1.1386928E-5	12.6736	37.0	TRUE	C	2.5764615E-5	16.0	3.1903668E-4	0.9996136	91.77814	0.28292134	0.9920089	0.0
SPIKE	D14-15:C>	10	175640	5.6934638E-5	9999.0	39.965702	TRUE		NaN	NaN	NaN	NaN	NaN	NaN	NaN	NaN
SPIKE	S15:A>C	3	175640	1.7080392E-5	26.71762	40.0	TRUE	A	1.5708983E-5	2.0	3.3709157E-4	0.9997644	8.75827	0.31513715	0.9891571	1.0
SPIKE	D15-16:A>	3	175640	1.7080392E-5	9999.0	39.967316	TRUE		NaN	NaN	NaN	NaN	NaN	NaN	NaN	NaN
SPIKE	S15:A>G	0	175640	0.0	9999.0	0.0	TRUE	A	5.5399792E-5	5.0	4.4818557E-4	0.99916935	31.212973	0.3118826	0.99405855	1.0
SPIKE	S15:A>T	0	175640	0.0	9999.0	0.0	TRUE	A	3.017996E-5	2.0	1.7268161E-4	0.9995474	16.516872	0.32098833	0.9947164	1.0
SPIKE	S16:G>A	22	175640	1.252562E-4	243.48651	39.590908	TRUE	G	3.827884E-5	6.0	4.450584E-4	0.999426	22.89937	0.29373246	0.9942835	1.0
SPIKE	S16:G>T	2	175640	1.1386928E-5	2.8357124	40.0	TRUE	G	1.1315822E-4	3.0	2.0012989E-4	0.99830407	66.65794	0.29822534	0.99383396	1.0
SPIKE	S16:G>C	0	175640	0.0	9999.0	0.0	TRUE	G	1.1044614E-4	0.0	1.678678E-4	0.99834466	67.262276	0.28845316	0.9942132	1.0
SPIKE	S17:A>C	1	175640	5.693464E-6	8.151333	40.0	TRUE	A	1.5708983E-5	1.0	3.3709157E-4	0.9997644	8.75827	0.31513715	0.9891571	1.0
SPIKE	S17:A>G	0	175640	0.0	9999.0	0.0	TRUE	A	5.5399792E-5	2.0	4.4818557E-4	0.99916935	31.212973	0.3118826	0.99405855	1.0
SPIKE	S17:A>T	0	175640	0.0	9999.0	0.0	TRUE	A	3.017996E-5	0.0	1.7268161E-4	0.9995474	16.516872	0.32098833	0.9947164	1.0
SPIKE	S18:A>C	3	175640	1.7080392E-5	26.71762	40.0	TRUE	A	1.5708983E-5	3.0	3.3709157E-4	0.9997644	8.75827	0.31513715	0.9891571	1.0
SPIKE	S18:A>G	0	175640	0.0	9999.0	0.0	TRUE	A	5.5399792E-5	1.0	4.4818557E-4	0.99916935	31.212973	0.3118826	0.99405855	1.0
SPIKE	S18:A>T	0	175640	0.0	9999.0	0.0	TRUE	A	3.017996E-5	0.0	1.7268161E-4	0.9995474	16.516872	0.32098833	0.9947164	1.0
SPIKE	S19:C>G	1	175640	5.693464E-6	1.0639493	40.0	TRUE	C	1.15873074E-4	1.0	2.0434296E-4	0.9982634	73.16347	0.27822775	0.9943196	1.0
SPIKE	S19:C>A	1	175640	5.693464E-6	7.864419	34.0	TRUE	C	1.6813205E-5	5.0	4.833221E-4	0.9997478	9.6931925	0.30480146	0.9945871	1.0
SPIKE	S19:C>T	2	175640	1.1386928E-5	1.715567	40.0	TRUE	C	1.4778928E-4	5.0	3.1903668E-4	0.9977856	91.77814	0.28292134	0.9920089	1.0
SPIKE	S20:C>A	17	175640	9.6788885E-5	231.32452	39.47059	TRUE	C	1.6813205E-5	4.0	4.833221E-4	0.9997478	9.6931925	0.30480146	0.9945871	1.0
SPIKE	S20:C>G	0	175640	0.0	9999.0	0.0	TRUE	C	1.15873074E-4	1.0	2.0434296E-4	0.9982634	73.16347	0.27822775	0.9943196	1.0
SPIKE	S20:C>T	0	175640	0.0	9999.0	0.0	TRUE	C	1.4778928E-4	2.0	3.1903668E-4	0.9977856	91.77814	0.28292134	0.9920089	1.0
SPIKE	S21:A>G	0	175640	0.0	9999.0	0.0	TRUE	A	5.5399792E-5	2.0	4.4818557E-4	0.99916935	31.212973	0.3118826	0.99405855	1.0
SPIKE	S21:A>C	0	175640	0.0	9999.0	0.0	TRUE	A	1.5708983E-5	1.0	3.3709157E-4	0.9997644	8.75827	0.31513715	0.9891571	1.0
SPIKE	S21:A>T	0	175640	0.0	9999.0	0.0	TRUE	A	3.017996E-5	2.0	1.7268161E-4	0.9995474	16.516872	0.32098833	0.9947164	1.0
SPIKE	S22:A>G	175638	175640	0.9999886	Infinity	39.99724	TRUE	G	5.5399792E-5	0.0	4.4818557E-4	0.99916935	31.212973	0.3118826	0.99405855	1.0
SPIKE	S22:A>C	0	175640	0.0	9999.0	0.0	TRUE	G	1.5708983E-5	0.0	3.3709157E-4	0.9997644	8.75827	0.31513715	0.9891571	1.0
SPIKE	S22:A>T	0	175640	0.0	9999.0	0.0	TRUE	G	3.017996E-5	0.0	1.7268161E-4	0.9995474	16.516872	0.32098833	0.9947164	1.0
SPIKE	S23:A>G	0	175640	0.0	9999.0	0.0	TRUE	A	5.5399792E-5	0.0	4.4818557E-4	0.99916935	31.212973	0.3118826	0.99405855	1.0
SPIKE	S23:A>C	0	175640	0.0	9999.0	0.0	TRUE	A	1.5708983E-5	0.0	3.3709157E-4	0.9997644	8.75827	0.31513715	0.9891571	1.0
SPIKE	S23:A>T	0	175640	0.0	9999.0	0.0	TRUE	A	3.017996E-5	0.0	1.7268161E-4	0.9995474	16.516872	0.32098833	0.9947164	1.0
SPIKE	S24:A>G	0	175640	0.0	9999.0	0.0	TRUE	A	5.5399792E-5	0.0	4.4818557E-4	0.99916935	31.212973	0.3118826	0.99405855	1.0
SPIKE	S24:A>C	0	175640	0.0	9999.0	0.0	TRUE	A	1.5708983E-5	2.0	3.3709157E-4	0.9997644	8.75827	0.31513715	0.9891571	1.0
SPIKE	S24:A>T	0	175640	0.0	9999.0	0.0	TRUE	A	3.017996E-5	0.0	1.7268161E-4	0.9995474	16.516872	0.32098833	0.9947164	1.0
SPIKE	S25:A>C	175638	175640	0.9999886	Infinity	39.99724	TRUE	C	1.5708983E-5	0.0	3.3709157E-4	0.9997644	8.75827	0.31513715	0.9891571	1.0
SPIKE	S25:A>G	0	175640	0.0	9999.0	0.0	TRUE	C	5.5399792E-5	0.0	4.4818557E-4	0.99916935	31.212973	0.3118826	0.99405855	1.0
SPIKE	S25:A>T	0	175640	0.0	9999.0	0.0	TRUE	C	3.017996E-5	2.0	1.7268161E-4	0.9995474	16.516872	0.32098833	0.9947164	1.0
SPIKE	S26:T>A	0	175640	0.0	9999.0	0.0	TRUE	T	3.713039E-5	0.0	2.3246516E-4	0.9994432	21.738674	0.3000688	0.99502605	1.0
SPIKE	S26:T>G	0	175640	0.0	9999.0	0.0	TRUE	T	1.9628633E-4	2.0	1.2499627E-4	0.99706006	124.9003	0.27606052	0.9944635	1.0
SPIKE	S26:T>C	0	175640	0.0	9999.0	0.0	TRUE	T	5.5924236E-5	7.0	3.0083573E-4	0.9991615	32.740646	0.30010062	0.99313587	1.0
SPIKE	S27:G>T	1	175640	5.693464E-6	1.1147782	40.0	TRUE	G	1.1315822E-4	2.0	2.0012989E-4	0.99830407	66.65794	0.29822534	0.99383396	1.0
SPIKE	D27-28:G>	1	175640	5.693464E-6	9999.0	39.988544	TRUE		NaN	NaN	NaN	NaN	NaN	NaN	NaN	NaN
SPIKE	S27:G>A	0	175640	0.0	9999.0	0.0	TRUE	G	3.827884E-5	3.0	4.450584E-4	0.999426	22.89937	0.29373246	0.9942835	1.0
SPIKE	S27:G>C	0	175640	0.0	9999.0	0.0	TRUE	G	1.1044614E-4	0.0	1.678678E-4	0.99834466	67.262276	0.28845316	0.9942132	1.0
SPIKE	S28:G>A	1	175640	5.693464E-6	4.520705	40.0	TRUE	G	3.827884E-5	6.0	4.450584E-4	0.999426	22.89937	0.29373246	0.9942835	1.0
SPIKE	S28:G>T	1	175640	5.693464E-6	1.1147782	40.0	TRUE	G	1.1315822E-4	2.0	2.0012989E-4	0.99830407	66.65794	0.29822534	0.99383396	1.0
SPIKE	S28:G>C	0	175640	0.0	9999.0	0.0	TRUE	G	1.1044614E-4	1.0	1.678678E-4	0.99834466	67.262276	0.28845316	0.9942132	1.0
SPIKE	S29:G>A	1	175640	5.693464E-6	4.520705	40.0	TRUE	G	3.827884E-5	2.0	4.450584E-4	0.999426	22.89937	0.29373246	0.9942835	1.0
SPIKE	S29:G>C	0	175640	0.0	9999.0	0.0	TRUE	G	1.1044614E-4	0.0	1.678678E-4	0.99834466	67.262276	0.28845316	0.9942132	1.0
SPIKE	S29:G>T	0	175640	0.0	9999.0	0.0	TRUE	G	1.1315822E-4	4.0	2.0012989E-4	0.99830407	66.65794	0.29822534	0.99383396	1.0
SPIKE	S30:A>G	0	175640	0.0	9999.0	0.0	TRUE	A	5.5399792E-5	0.0	4.4818557E-4	0.99916935	31.212973	0.3118826	0.99405855	1.0
SPIKE	S30:A>C	0	175640	0.0	9999.0	0.0	TRUE	A	1.5708983E-5	0.0	3.3709157E-4	0.9997644	8.75827	0.31513715	0.9891571	1.0
SPIKE	S30:A>T	0	175640	0.0	9999.0	0.0	TRUE	A	3.017996E-5	1.0	1.7268161E-4	0.9995474	16.516872	0.32098833	0.9947164	1.0
SPIKE	S31:T>C	1	175640	5.693464E-6	3.135354	40.0	TRUE	T	5.5924236E-5	1.0	3.0083573E-4	0.9991615	32.740646	0.30010062	0.99313587	1.0
SPIKE	S31:T>A	0	175640	0.0	9999.0	0.0	TRUE	T	3.713039E-5	0.0	2.3246516E-4	0.9994432	21.738674	0.3000688	0.99502605	1.0
SPIKE	S31:T>G	0	175640	0.0	9999.0	0.0	TRUE	T	1.9628633E-4	0.0	1.2499627E-4	0.99706006	124.9003	0.27606052	0.9944635	1.0
SPIKE	S32:C>A	5	175640	2.8467319E-5	48.696316	39.4	TRUE	C	1.6813205E-5	2.0	4.833221E-4	0.9997478	9.6931925	0.30480146	0.9945871	1.0
SPIKE	S32:C>G	0	175640	0.0	9999.0	0.0	TRUE	C	1.15873074E-4	0.0	2.0434296E-4	0.9982634	73.16347	0.27822775	0.9943196	1.0
SPIKE	S32:C>T	0	175640	0.0	9999.0	0.0	TRUE	C	1.4778928E-4	3.0	3.1903668E-4	0.9977856	91.77814	0.28292134	0.9920089	1.0
SPIKE	S33:C>A	10	175640	5.6934638E-5	117.647545	40.0	TRUE	C	1.6813205E-5	3.0	4.833221E-4	0.9997478	9.6931925	0.30480146	0.9945871	1.0
SPIKE	S33:C>G	0	175640	0.0	9999.0	0.0	TRUE	C	1.15873074E-4	0.0	2.0434296E-4	0.9982634	73.16347	0.27822775	0.9943196	1.0
SPIKE	S33:C>T	0	175640	0.0	9999.0	0.0	TRUE	C	1.4778928E-4	3.0	3.1903668E-4	0.9977856	91.77814	0.28292134	0.9920089	1.0
SPIKE	S34:A>G	0	175640	0.0	9999.0	0.0	TRUE	A	5.5399792E-5	4.0	4.4818557E-4	0.99916935	31.212973	0.3118826	0.99405855	1.0
SPIKE	S34:A>C	0	175640	0.0	9999.0	0.0	TRUE	A	1.5708983E-5	2.0	3.3709157E-4	0.9997644	8.75827	0.31513715	0.9891571	1.0
SPIKE	S34:A>T	0	175640	0.0	9999.0	0.0	TRUE	A	3.017996E-5	1.0	1.7268161E-4	0.9995474	16.516872	0.32098833	0.9947164	1.0
SPIKE	S35:T>A	0	175640	0.0	9999.0	0.0	TRUE	T	3.713039E-5	1.0	2.3246516E-4	0.9994432	21.738674	0.3000688	0.99502605	1.0
SPIKE	S35:T>G	0	175640	0.0	9999.0	0.0	TRUE	T	1.9628633E-4	1.0	1.2499627E-4	0.99706006	124.9003	0.27606052	0.9944635	1.0
SPIKE	S35:T>C	0	175640	0.0	9999.0	0.0	TRUE	T	5.5924236E-5	2.0	3.0083573E-4	0.9991615	32.740646	0.30010062	0.99313587	1.0
SPIKE	S36:T>A	0	175640	0.0	9999.0	0.0	TRUE	T	3.713039E-5	0.0	2.3246516E-4	0.9994432	21.738674	0.3000688	0.99502605	1.0
SPIKE	S36:T>G	0	175640	0.0	9999.0	0.0	TRUE	T	1.9628633E-4	0.0	1.2499627E-4	0.99706006	124.9003	0.27606052	0.9944635	1.0
SPIKE	S36:T>C	0	175640	0.0	9999.0	0.0	TRUE	T	5.5924236E-5	2.0	3.0083573E-4	0.9991615	32.740646	0.30010062	0.99313587	1.0
SPIKE	S37:A>G	0	175640	0.0	9999.0	0.0	TRUE	A	5.5399792E-5	0.0	4.4818557E-4	0.99916935	31.212973	0.3118826	0.99405855	1.0
SPIKE	S37:A>C	0	175640	0.0	9999.0	0.0	TRUE	A	1.5708983E-5	0.0	3.3709157E-4	0.9997644	8.75827	0.31513715	0.9891571	1.0
SPIKE	S37:A>T	0	175640	0.0	9999.0	0.0	TRUE	A	3.017996E-5	0.0	1.7268161E-4	0.9995474	16.516872	0.32098833	0.9947164	1.0
SPIKE	S38:T>A	0	175640	0.0	9999.0	0.0	TRUE	T	3.713039E-5	1.0	2.3246516E-4	0.9994432	21.738674	0.3000688	0.99502605	1.0
SPIKE	S38:T>G	0	175640	0.0	9999.0	0.0	TRUE	T	1.9628633E-4	0.0	1.2499627E-4	0.99706006	124.9003	0.27606052	0.9944635	1.0
SPIKE	S38:T>C	0	175640	0.0	9999.0	0.0	TRUE	T	5.5924236E-5	0.0	3.0083573E-4	0.9991615	32.740646	0.30010062	0.99313587	1.0
SPIKE	S39:C>T	7	175640	3.9854247E-5	62.22065	39.285713	TRUE	C	2.5764615E-5	16.0	3.1903668E-4	0.9996136	91.77814	0.28292134	0.9920089	0.0
SPIKE	S39:C>A	9	175640	5.1241175E-5	102.83542	39.333332	TRUE	C	1.6813205E-5	4.0	4.833221E-4	0.9997478	9.6931925	0.30480146	0.9945871	1.0
SPIKE	S39:C>G	0	175640	0.0	9999.0	0.0	TRUE	C	1.15873074E-4	0.0	2.0434296E-4	0.9982634	73.16347	0.27822775	0.9943196	1.0
SPIKE	S40:G>T	1	175640	5.693464E-6	1.1147782	40.0	TRUE	G	1.1315822E-4	3.0	2.0012989E-4	0.99830407	66.65794	0.29822534	0.99383396	1.0
SPIKE	S40:G>A	1	175640	5.693464E-6	4.520705	34.0	TRUE	G	3.827884E-5	2.0	4.450584E-4	0.999426	22.89937	0.29373246	0.9942835	1.0
SPIKE	S40:G>C	0	175640	0.0	9999.0	0.0	TRUE	G	1.1044614E-4	0.0	1.678678E-4	0.99834466	67.262276	0.28845316	0.9942132	1.0
SPIKE	S41:G>A	1	175640	5.693464E-6	7.888841	35.0	TRUE	G	1.6716109E-5	10.0	4.450584E-4	0.9997493	22.89937	0.29373246	0.9942835	0.0
SPIKE	S41:G>C	0	175640	0.0	9999.0	0.0	TRUE	G	1.1044614E-4	0.0	1.678678E-4	0.99834466	67.262276	0.28845316	0.9942132	1.0
SPIKE	S41:G>T	0	175640	0.0	9999.0	0.0	TRUE	G	1.1315822E-4	4.0	2.0012989E-4	0.99830407	66.65794	0.29822534	0.99383396	1.0
SPIKE	S42:C>T	4	175640	2.2773856E-5	33.234154	39.0	TRUE	C	2.093375E-5	13.0	3.1903668E-4	0.99968606	91.77814	0.28292134	0.9920089	0.0
SPIKE	S42:C>A	21	175640	1.1956274E-4	302.04202	39.809525	TRUE	C	1.6813205E-5	6.0	4.833221E-4	0.9997478	9.6931925	0.30480146	0.9945871	1.0
SPIKE	S42:C>G	0	175640	0.0	9999.0	0.0	TRUE	C	1.15873074E-4	0.0	2.0434296E-4	0.9982634	73.16347	0.27822775	0.9943196	1.0
SPIKE	S43:G>T	1	175640	5.693464E-6	1.1147782	40.0	TRUE	G	1.1315822E-4	3.0	2.0012989E-4	0.99830407	66.65794	0.29822534	0.99383396	1.0
SPIKE	S43:G>A	5	175640	2.8467319E-5	28.891165	40.0	TRUE	G	4.5133496E-5	27.0	4.450584E-4	0.99932325	22.89937	0.29373246	0.9942835	0.0
SPIKE	S43:G>C	0	175640	0.0	9999.0	0.0	TRUE	G	1.1044614E-4	1.0	1.678678E-4	0.99834466	67.262276	0.28845316	0.9942132	1.0
SPIKE	S44:G>C	1	175640	5.693464E-6	1.168107	31.0	TRUE	G	1.1044614E-4	2.0	1.678678E-4	0.99834466	67.262276	0.28845316	0.9942132	1.0
SPIKE	S44:G>A	8	175640	4.5547713E-5	21.275045	38.375	TRUE	G	1.5044499E-4	90.0	4.450584E-4	0.9977459	22.89937	0.29373246	0.9942835	0.0
SPIKE	S44:G>T	0	175640	0.0	9999.0	0.0	TRUE	G	1.1315822E-4	6.0	2.0012989E-4	0.99830407	66.65794	0.29822534	0.99383396	1.0
SPIKE	S45:C>T	1	175640	5.693464E-6	0.618053	31.0	TRUE	C	1.4778928E-4	8.0	3.1903668E-4	0.9977856	91.77814	0.28292134	0.9920089	1.0
SPIKE	S45:C>A	3	175640	1.7080392E-5	25.881222	40.0	TRUE	C	1.6813205E-5	2.0	4.833221E-4	0.9997478	9.6931925	0.30480146	0.9945871	1.0
SPIKE	S45:C>G	0	175640	0.0	9999.0	0.0	TRUE	C	1.15873074E-4	0.0	2.0434296E-4	0.9982634	73.16347	0.27822775	0.9943196	1.0
SPIKE	S46:G>A	2	175640	1.1386928E-5	14.665352	40.0	TRUE	G	2.0059331E-5	12.0	4.450584E-4	0.9996992	22.89937	0.29373246	0.9942835	0.0
SPIKE	S46:G>C	0	175640	0.0	9999.0	0.0	TRUE	G	1.1044614E-4	2.0	1.678678E-4	0.99834466	67.262276	0.28845316	0.9942132	1.0
SPIKE	S46:G>T	0	175640	0.0	9999.0	0.0	TRUE	G	1.1315822E-4	7.0	2.0012989E-4	0.99830407	66.65794	0.29822534	0.99383396	1.0
SPIKE	S47:A>G	0	175640	0.0	9999.0	0.0	TRUE	A	5.5399792E-5	0.0	4.4818557E-4	0.99916935	31.212973	0.3118826	0.99405855	1.0
SPIKE	S47:A>C	0	175640	0.0	9999.0	0.0	TRUE	A	1.5708983E-5	0.0	3.3709157E-4	0.9997644	8.75827	0.31513715	0.9891571	1.0
SPIKE	S47:A>T	0	175640	0.0	9999.0	0.0	TRUE	A	3.017996E-5	2.0	1.7268161E-4	0.9995474	16.516872	0.32098833	0.9947164	1.0
SPIKE	S48:A>T	1	175640	5.693464E-6	5.452505	40.0	TRUE	A	3.017996E-5	0.0	1.7268161E-4	0.9995474	16.516872	0.32098833	0.9947164	1.0
SPIKE	S48:A>G	0	175640	0.0	9999.0	0.0	TRUE	A	5.5399792E-5	0.0	4.4818557E-4	0.99916935	31.212973	0.3118826	0.99405855	1.0
SPIKE	S48:A>C	0	175640	0.0	9999.0	0.0	TRUE	A	1.5708983E-5	0.0	3.3709157E-4	0.9997644	8.75827	0.31513715	0.9891571	1.0
SPIKE	S49:T>C	1	175640	5.693464E-6	3.135354	31.0	TRUE	T	5.5924236E-5	0.0	3.0083573E-4	0.9991615	32.740646	0.30010062	0.99313587	1.0
SPIKE	S49:T>A	0	175640	0.0	9999.0	0.0	TRUE	T	3.713039E-5	0.0	2.3246516E-4	0.9994432	21.738674	0.3000688	0.99502605	1.0
SPIKE	S49:T>G	0	175640	0.0	9999.0	0.0	TRUE	T	1.9628633E-4	0.0	1.2499627E-4	0.99706006	124.9003	0.27606052	0.9944635	1.0
SPIKE	S50:T>C	1	175640	5.693464E-6	3.135354	31.0	TRUE	T	5.5924236E-5	0.0	3.0083573E-4	0.9991615	32.740646	0.30010062	0.99313587	1.0
SPIKE	S50:T>A	0	175640	0.0	9999.0	0.0	TRUE	T	3.713039E-5	0.0	2.3246516E-4	0.9994432	21.738674	0.3000688	0.99502605	1.0
SPIKE	S50:T>G	0	175640	0.0	9999.0	0.0	TRUE	T	1.9628633E-4	0.0	1.2499627E-4	0.99706006	124.9003	0.27606052	0.9944635	1.0
SPIKE	S51:T>A	0	175640	0.0	9999.0	0.0	TRUE	T	3.713039E-5	1.0	2.3246516E-4	0.9994432	21.738674	0.3000688	0.99502605	1.0
SPIKE	S51:T>G	0	175640	0.0	9999.0	0.0	TRUE	T	1.9628633E-4	0.0	1.2499627E-4	0.99706006	124.9003	0.27606052	0.9944635	1.0
SPIKE	S51:T>C	0	175640	0.0	9999.0	0.0	TRUE	T	5.5924236E-5	0.0	3.0083573E-4	0.9991615	32.740646	0.30010062	0.99313587	1.0
SPIKE	S52:A>G	4	175640	2.2773856E-5	28.327206	38.0	TRUE	A	2.8398343E-5	16.0	4.4818557E-4	0.9995741	31.212973	0.3118826	0.99405855	0.0
SPIKE	S52:A>C	0	175640	0.0	9999.0	0.0	TRUE	A	1.5708983E-5	0.0	3.3709157E-4	0.9997644	8.75827	0.31513715	0.9891571	1.0
SPIKE	S52:A>T	0	175640	0.0	9999.0	0.0	TRUE	A	3.017996E-5	0.0	1.7268161E-4	0.9995474	16.516872	0.32098833	0.9947164	1.0
SPIKE	S53:C>G	1	175640	5.693464E-6	1.0639493	40.0	TRUE	C	1.15873074E-4	7.0	2.0434296E-4	0.9982634	73.16347	0.27822775	0.9943196	1.0
SPIKE	S53:C>A	1	175640	5.693464E-6	7.864419	40.0	TRUE	C	1.6813205E-5	4.0	4.833221E-4	0.9997478	9.6931925	0.30480146	0.9945871	1.0
SPIKE	S53:C>T	0	175640	0.0	9999.0	0.0	TRUE	C	3.220577E-5	20.0	3.1903668E-4	0.999517	91.77814	0.28292134	0.9920089	0.0
SPIKE	S54:C>T	2	175640	1.1386928E-5	1.715567	40.0	TRUE	C	1.4778928E-4	6.0	3.1903668E-4	0.9977856	91.77814	0.28292134	0.9920089	1.0
SPIKE	S54:C>A	17	175640	9.6788885E-5	222.18163	40.0	TRUE	C	1.9079911E-5	11.0	4.833221E-4	0.99971384	9.6931925	0.30480146	0.9945871	0.0
SPIKE	S54:C>G	0	175640	0.0	9999.0	0.0	TRUE	C	1.15873074E-4	0.0	2.0434296E-4	0.9982634	73.16347	0.27822775	0.9943196	1.0
SPIKE	S55:A>G	6	175640	3.4160785E-5	51.647022	40.0	TRUE	A	2.484855E-5	14.0	4.4818557E-4	0.99962735	31.212973	0.3118826	0.99405855	0.0
SPIKE	S55:A>C	0	175640	0.0	9999.0	0.0	TRUE	A	2.6904258E-5	15.0	3.3709157E-4	0.99959654	8.75827	0.31513715	0.9891571	0.0
SPIKE	S55:A>T	0	175640	0.0	9999.0	0.0	TRUE	A	3.017996E-5	1.0	1.7268161E-4	0.9995474	16.516872	0.32098833	0.9947164	1.0
SPIKE	S56:C>T	5	175640	2.8467319E-5	44.17397	40.0	TRUE	C	2.093375E-5	13.0	3.1903668E-4	0.99968606	91.77814	0.28292134	0.9920089	0.0
SPIKE	S56:C>G	1	175640	5.693464E-6	1.0639493	40.0	TRUE	C	1.15873074E-4	3.0	2.0434296E-4	0.9982634	73.16347	0.27822775	0.9943196	1.0
SPIKE	S56:C>A	4	175640	2.2773856E-5	36.826923	40.0	TRUE	C	1.6813205E-5	5.0	4.833221E-4	0.9997478	9.6931925	0.30480146	0.9945871	1.0
SPIKE	S57:C>T	1	175640	5.693464E-6	0.618053	40.0	TRUE	C	1.4778928E-4	1.0	3.1903668E-4	0.9977856	91.77814	0.28292134	0.9920089	1.0
SPIKE	S57:C>A	23	175640	1.3094967E-4	338.65604	40.0	TRUE	C	1.6813205E-5	9.0	4.833221E-4	0.9997478	9.6931925	0.30480146	0.9945871	1.0
SPIKE	S57:C>G	0	175640	0.0	9999.0	0.0	TRUE	C	1.15873074E-4	0.0	2.0434296E-4	0.9982634	73.16347	0.27822775	0.9943196	1.0
SPIKE	S58:A>T	2	175640	1.1386928E-5	11.443208	40.0	TRUE	A	3.017996E-5	7.0	1.7268161E-4	0.9995474	16.516872	0.32098833	0.9947164	1.0
SPIKE	S58:A>G	1	175640	5.693464E-6	3.1678567	40.0	TRUE	A	5.5399792E-5	3.0	4.4818557E-4	0.99916935	31.212973	0.3118826	0.99405855	1.0
SPIKE	S58:A>C	0	175640	0.0	9999.0	0.0	TRUE	A	1.9729789E-5	11.0	3.3709157E-4	0.9997041	8.75827	0.31513715	0.9891571	0.0
SPIKE	S59:T>C	3	175640	1.7080392E-5	11.982055	40.0	TRUE	T	5.5924236E-5	4.0	3.0083573E-4	0.9991615	32.740646	0.30010062	0.99313587	1.0
SPIKE	S59:T>G	1	175640	5.693464E-6	0.27235597	40.0	TRUE	T	1.9628633E-4	2.0	1.2499627E-4	0.99706006	124.9003	0.27606052	0.9944635	1.0
SPIKE	S59:T>A	1	175640	5.693464E-6	6.702051	40.0	TRUE	T	2.220444E-5	13.0	2.3246516E-4	0.999667	21.738674	0.3000688	0.99502605	0.0
SPIKE	S60:T>C	9	175640	5.1241175E-5	68.18392	40.0	TRUE	T	4.270245E-5	25.0	3.0083573E-4	0.99935967	32.740646	0.30010062	0.99313587	0.0
SPIKE	S60:T>A	0	175640	0.0	9999.0	0.0	TRUE	T	3.713039E-5	1.0	2.3246516E-4	0.9994432	21.738674	0.3000688	0.99502605	1.0
SPIKE	S60:T>G	0	175640	0.0	9999.0	0.0	TRUE	T	1.9628633E-4	5.0	1.2499627E-4	0.99706006	124.9003	0.27606052	0.9944635	1.0
SPIKE	S61:G>A	2	175640	1.1386928E-5	9.646231	40.0	TRUE	G	3.827884E-5	8.0	4.450584E-4	0.999426	22.89937	0.29373246	0.9942835	1.0
SPIKE	S61:G>C	0	175640	0.0	9999.0	0.0	TRUE	G	1.1044614E-4	0.0	1.678678E-4	0.99834466	67.262276	0.28845316	0.9942132	1.0
SPIKE	S61:G>T	0	175640	0.0	9999.0	0.0	TRUE	G	1.867355E-5	11.0	2.0012989E-4	0.9997199	66.65794	0.29822534	0.99383396	0.0
SPIKE	S62:A>G	1	175640	5.693464E-6	6.8746047	40.0	TRUE	A	2.1298756E-5	12.0	4.4818557E-4	0.9996806	31.212973	0.3118826	0.99405855	0.0
SPIKE	D62-63:A>	7	175640	3.9854247E-5	9999.0	40.0	TRUE		NaN	NaN	NaN	NaN	NaN	NaN	NaN	NaN
SPIKE	S62:A>C	0	175640	0.0	9999.0	0.0	TRUE	A	1.5708983E-5	0.0	3.3709157E-4	0.9997644	8.75827	0.31513715	0.9891571	1.0
SPIKE	S62:A>T	0	175640	0.0	9999.0	0.0	TRUE	A	3.017996E-5	2.0	1.7268161E-4	0.9995474	16.516872	0.32098833	0.9947164	1.0
SPIKE	S63:A>T	2	175640	1.1386928E-5	11.443208	40.0	TRUE	A	3.017996E-5	2.0	1.7268161E-4	0.9995474	16.516872	0.32098833	0.9947164	1.0
SPIKE	S63:A>G	0	175640	0.0	9999.0	0.0	TRUE	A	5.5399792E-5	0.0	4.4818557E-4	0.99916935	31.212973	0.3118826	0.99405855	1.0
SPIKE	S63:A>C	0	175640	0.0	9999.0	0.0	TRUE	A	1.5708983E-5	0.0	3.3709157E-4	0.9997644	8.75827	0.31513715	0.9891571	1.0
SPIKE	S64:A>G	0	175640	0.0	9999.0	0.0	TRUE	A	5.5399792E-5	0.0	4.4818557E-4	0.99916935	31.212973	0.3118826	0.99405855	1.0
SPIKE	S64:A>C	0	175640	0.0	9999.0	0.0	TRUE	A	1.5708983E-5	0.0	3.3709157E-4	0.9997644	8.75827	0.31513715	0.9891571	1.0
SPIKE	S64:A>T	0	175640	0.0	9999.0	0.0	TRUE	A	3.017996E-5	0.0	1.7268161E-4	0.9995474	16.516872	0.32098833	0.9947164	1.0
SPIKE	S65:A>G	1	175640	5.693464E-6	3.1678567	40.0	TRUE	A	5.5399792E-5	2.0	4.4818557E-4	0.99916935	31.212973	0.3118826	0.99405855	1.0
SPIKE	S65:A>C	1	175640	5.693464E-6	8.151333	40.0	TRUE	A	1.5708983E-5	9.0	3.3709157E-4	0.9997644	8.75827	0.31513715	0.9891571	1.0
SPIKE	S65:A>T	0	175640	0.0	9999.0	0.0	TRUE	A	3.017996E-5	0.0	1.7268161E-4	0.9995474	16.516872	0.32098833	0.9947164	1.0
SPIKE	S66:C>A	5	175640	2.8467319E-5	39.746006	40.0	TRUE	C	2.601806E-5	15.0	4.833221E-4	0.9996098	9.6931925	0.30480146	0.9945871	0.0
SPIKE	S66:C>G	1	175640	5.693464E-6	1.0639493	40.0	TRUE	C	1.15873074E-4	3.0	2.0434296E-4	0.9982634	73.16347	0.27822775	0.9943196	1.0
SPIKE	S66:C>T	6	175640	3.4160785E-5	12.768091	40.0	TRUE	C	1.4778928E-4	5.0	3.1903668E-4	0.9977856	91.77814	0.28292134	0.9920089	1.0
SPIKE	S67:C>A	20	175640	1.13869275E-4	259.03046	40.0	TRUE	C	2.2548986E-5	13.0	4.833221E-4	0.9996618	9.6931925	0.30480146	0.9945871	0.0
SPIKE	S67:C>T	1	175640	5.693464E-6	0.618053	40.0	TRUE	C	1.4778928E-4	4.0	3.1903668E-4	0.9977856	91.77814	0.28292134	0.9920089	1.0
SPIKE	S67:C>G	0	175640	0.0	9999.0	0.0	TRUE	C	1.15873074E-4	0.0	2.0434296E-4	0.9982634	73.16347	0.27822775	0.9943196	1.0
SPIKE	S68:A>C	1	175640	5.693464E-6	8.151333	40.0	TRUE	A	1.5708983E-5	8.0	3.3709157E-4	0.9997644	8.75827	0.31513715	0.9891571	1.0
SPIKE	S68:A>G	0	175640	0.0	9999.0	0.0	TRUE	A	3.0173238E-5	17.0	4.4818557E-4	0.9995475	31.212973	0.3118826	0.99405855	0.0
SPIKE	S68:A>T	0	175640	0.0	9999.0	0.0	TRUE	A	3.017996E-5	1.0	1.7268161E-4	0.9995474	16.516872	0.32098833	0.9947164	1.0
SPIKE	S69:G>A	1	175640	5.693464E-6	7.4879475	40.0	TRUE	G	1.838772E-5	11.0	4.450584E-4	0.9997242	22.89937	0.29373246	0.9942835	0.0
SPIKE	S69:G>C	0	175640	0.0	9999.0	0.0	TRUE	G	1.642022E-5	10.0	1.678678E-4	0.9997537	67.262276	0.28845316	0.9942132	0.0
SPIKE	S69:G>T	0	175640	0.0	9999.0	0.0	TRUE	G	1.1315822E-4	4.0	2.0012989E-4	0.99830407	66.65794	0.29822534	0.99383396	1.0
SPIKE	S70:C>A	9	175640	5.1241175E-5	102.83542	40.0	TRUE	C	1.6813205E-5	6.0	4.833221E-4	0.9997478	9.6931925	0.30480146	0.9945871	1.0
SPIKE	S70:C>G	1	175640	5.693464E-6	8.116854	40.0	TRUE	C	1.5837559E-5	10.0	2.0434296E-4	0.9997625	73.16347	0.27822775	0.9943196	0.0
SPIKE	S70:C>T	29	175640	1.6511045E-4	203.03207	40.0	TRUE	C	1.3204366E-4	82.0	3.1903668E-4	0.9980213	91.77814	0.28292134	0.9920089	0.0
SPIKE	S71:C>A	21	175640	1.1956274E-4	302.04202	40.0	TRUE	C	1.6813205E-5	4.0	4.833221E-4	0.9997478	9.6931925	0.30480146	0.9945871	1.0
SPIKE	S71:C>T	2	175640	1.1386928E-5	1.715567	40.0	TRUE	C	1.4778928E-4	1.0	3.1903668E-4	0.9977856	91.77814	0.28292134	0.9920089	1.0
SPIKE	S71:C>G	0	175640	0.0	9999.0	0.0	TRUE	C	1.15873074E-4	8.0	2.0434296E-4	0.9982634	73.16347	0.27822775	0.9943196	1.0
SPIKE	S72:G>A	7	175640	3.9854247E-5	71.99904	40.0	TRUE	G	1.838772E-5	11.0	4.450584E-4	0.9997242	22.89937	0.29373246	0.9942835	0.0
SPIKE	S72:G>T	1	175640	5.693464E-6	1.1147782	40.0	TRUE	G	1.1315822E-4	9.0	2.0012989E-4	0.99830407	66.65794	0.29822534	0.99383396	1.0
SPIKE	S72:G>C	0	175640	0.0	9999.0	0.0	TRUE	G	1.1044614E-4	7.0	1.678678E-4	0.99834466	67.262276	0.28845316	0.9942132	1.0
SPIKE	S73:T>C	1	175640	5.693464E-6	3.135354	40.0	TRUE	T	5.5924236E-5	0.0	3.0083573E-4	0.9991615	32.740646	0.30010062	0.99313587	1.0
SPIKE	S73:T>A	0	175640	0.0	9999.0	0.0	TRUE	T	3.713039E-5	0.0	2.3246516E-4	0.9994432	21.738674	0.3000688	0.99502605	1.0
SPIKE	S73:T>G	0	175640	0.0	9999.0	0.0	TRUE	T	2.3573162E-5	15.0	1.2499627E-4	0.9996465	124.9003	0.27606052	0.9944635	0.0
SPIKE	S74:G>A	1	175640	5.693464E-6	4.520705	40.0	TRUE	G	3.827884E-5	2.0	4.450584E-4	0.999426	22.89937	0.29373246	0.9942835	1.0
SPIKE	S74:G>T	1	175640	5.693464E-6	1.1147782	40.0	TRUE	G	1.1315822E-4	9.0	2.0012989E-4	0.99830407	66.65794	0.29822534	0.99383396	1.0
SPIKE	S74:G>C	0	175640	0.0	9999.0	0.0	TRUE	G	1.1044614E-4	0.0	1.678678E-4	0.99834466	67.262276	0.28845316	0.9942132	1.0
SPIKE	S75:G>A	1	175640	5.693464E-6	4.520705	40.0	TRUE	G	3.827884E-5	9.0	4.450584E-4	0.999426	22.89937	0.29373246	0.9942835	1.0
SPIKE	S75:G>C	1	175640	5.693464E-6	1.168107	40.0	TRUE	G	1.1044614E-4	4.0	1.678678E-4	0.99834466	67.262276	0.28845316	0.9942132	1.0
SPIKE	S75:G>T	0	175640	0.0	9999.0	0.0	TRUE	G	1.1315822E-4	9.0	2.0012989E-4	0.99830407	66.65794	0.29822534	0.99383396	1.0
SPIKE	S76:T>A	1	175640	5.693464E-6	4.6378703	40.0	TRUE	T	3.713039E-5	1.0	2.3246516E-4	0.9994432	21.738674	0.3000688	0.99502605	1.0
SPIKE	S76:T>G	0	175640	0.0	9999.0	0.0	TRUE	T	1.9628633E-4	7.0	1.2499627E-4	0.99706006	124.9003	0.27606052	0.9944635	1.0
SPIKE	S76:T>C	0	175640	0.0	9999.0	0.0	TRUE	T	5.5924236E-5	1.0	3.0083573E-4	0.9991615	32.740646	0.30010062	0.99313587	1.0
SPIKE	S77:T>A	1	175640	5.693464E-6	4.6378703	40.0	TRUE	T	3.713039E-5	0.0	2.3246516E-4	0.9994432	21.738674	0.3000688	0.99502605	1.0
SPIKE	S77:T>G	0	175640	0.0	9999.0	0.0	TRUE	T	1.9628633E-4	0.0	1.2499627E-4	0.99706006	124.9003	0.27606052	0.9944635	1.0
SPIKE	S77:T>C	0	175640	0.0	9999.0	0.0	TRUE	T	5.5924236E-5	4.0	3.0083573E-4	0.9991615	32.740646	0.30010062	0.99313587	1.0
SPIKE	S78:T>A	0	175640	0.0	9999.0	0.0	TRUE	T	3.713039E-5	0.0	2.3246516E-4	0.9994432	21.738674	0.3000688	0.99502605	1.0
SPIKE	S78:T>G	0	175640	0.0	9999.0	0.0	TRUE	T	1.9628633E-4	9.0	1.2499627E-4	0.99706006	124.9003	0.27606052	0.9944635	1.0
SPIKE	S78:T>C	0	175640	0.0	9999.0	0.0	TRUE	T	5.5924236E-5	1.0	3.0083573E-4	0.9991615	32.740646	0.30010062	0.99313587	1.0
SPIKE	S79:G>A	4	175640	2.2773856E-5	23.660027	40.0	TRUE	G	3.827884E-5	9.0	4.450584E-4	0.999426	22.89937	0.29373246	0.9942835	1.0
SPIKE	S79:G>C	0	175640	0.0	9999.0	0.0	TRUE	G	1.1044614E-4	9.0	1.678678E-4	0.99834466	67.262276	0.28845316	0.9942132	1.0
SPIKE	S79:G>T	0	175640	0.0	9999.0	0.0	TRUE	G	1.1315822E-4	9.0	2.0012989E-4	0.99830407	66.65794	0.29822534	0.99383396	1.0
SPIKE	S80:C>G	1	175640	5.693464E-6	5.9122443	40.0	TRUE	C	2.6923852E-5	17.0	2.0434296E-4	0.99959624	73.16347	0.27822775	0.9943196	0.0
SPIKE	S80:C>A	10	175640	5.6934638E-5	117.647545	40.0	TRUE	C	1.6813205E-5	8.0	4.833221E-4	0.9997478	9.6931925	0.30480146	0.9945871	1.0
SPIKE	S80:C>T	57	175640	3.2452744E-4	392.6255	40.0	TRUE	C	2.5281528E-4	157.0	3.1903668E-4	0.9962149	91.77814	0.28292134	0.9920089	0.0
SPIKE	S81:G>A	3	175640	1.7080392E-5	19.558804	40.0	TRUE	G	2.8417386E-5	17.0	4.450584E-4	0.9995738	22.89937	0.29373246	0.9942835	0.0
SPIKE	S81:G>C	0	175640	0.0	9999.0	0.0	TRUE	G	1.1044614E-4	6.0	1.678678E-4	0.99834466	67.262276	0.28845316	0.9942132	1.0
SPIKE	S81:G>T	0	175640	0.0	9999.0	0.0	TRUE	G	1.1315822E-4	4.0	2.0012989E-4	0.99830407	66.65794	0.29822534	0.99383396	1.0
SPIKE	S82:G>A	18	175640	1.0248235E-4	142.59227	40.0	TRUE	G	6.853605E-5	41.0	4.450584E-4	0.9989725	22.89937	0.29373246	0.9942835	0.0
SPIKE	S82:G>T	2	175640	1.1386928E-5	2.8357124	40.0	TRUE	G	1.1315822E-4	8.0	2.0012989E-4	0.99830407	66.65794	0.29822534	0.99383396	1.0
SPIKE	S82:G>C	0	175640	0.0	9999.0	0.0	TRUE	G	1.9704265E-5	12.0	1.678678E-4	0.9997045	67.262276	0.28845316	0.9942132	0.0
SPIKE	S83:C>A	10	175640	5.6934638E-5	117.647545	40.0	TRUE	C	1.6813205E-5	7.0	4.833221E-4	0.9997478	9.6931925	0.30480146	0.9945871	1.0
SPIKE	S83:C>T	3	175640	1.7080392E-5	22.313532	40.0	TRUE	C	2.2544038E-5	14.0	3.1903668E-4	0.9996619	91.77814	0.28292134	0.9920089	0.0
SPIKE	S83:C>G	0	175640	0.0	9999.0	0.0	TRUE	C	2.375634E-5	15.0	2.0434296E-4	0.99964374	73.16347	0.27822775	0.9943196	0.0
SPIKE	S84:G>A	3	175640	1.7080392E-5	16.071087	40.0	TRUE	G	3.844705E-5	23.0	4.450584E-4	0.99942344	22.89937	0.29373246	0.9942835	0.0
SPIKE	S84:G>T	2	175640	1.1386928E-5	2.8357124	40.0	TRUE	G	1.1315822E-4	1.0	2.0012989E-4	0.99830407	66.65794	0.29822534	0.99383396	1.0
SPIKE	S84:G>C	0	175640	0.0	9999.0	0.0	TRUE	G	1.1044614E-4	5.0	1.678678E-4	0.99834466	67.262276	0.28845316	0.9942132	1.0
SPIKE	S85:A>G	1	175640	5.693464E-6	3.1678567	40.0	TRUE	A	5.5399792E-5	7.0	4.4818557E-4	0.99916935	31.212973	0.3118826	0.99405855	1.0
SPIKE	S85:A>T	2	175640	1.1386928E-5	11.221703	40.0	TRUE	A	3.106274E-5	17.0	1.7268161E-4	0.9995342	16.516872	0.32098833	0.9947164	0.0
SPIKE	S85:A>C	0	175640	0.0	9999.0	0.0	TRUE	A	1.5708983E-5	0.0	3.3709157E-4	0.9997644	8.75827	0.31513715	0.9891571	1.0
SPIKE	S86:T>G	1	175640	5.693464E-6	0.27235597	40.0	TRUE	T	1.9628633E-4	2.0	1.2499627E-4	0.99706006	124.9003	0.27606052	0.9944635	1.0
SPIKE	D86-87:T>	1	175640	5.693464E-6	9999.0	39.936905	TRUE		NaN	NaN	NaN	NaN	NaN	NaN	NaN	NaN
SPIKE	S86:T>A	0	175640	0.0	9999.0	0.0	TRUE	T	3.713039E-5	5.0	2.3246516E-4	0.9994432	21.738674	0.3000688	0.99502605	1.0
SPIKE	S86:T>C	0	175640	0.0	9999.0	0.0	TRUE	T	5.5924236E-5	1.0	3.0083573E-4	0.9991615	32.740646	0.30010062	0.99313587	1.0
SPIKE	S87:T>G	1	175640	5.693464E-6	0.27235597	40.0	TRUE	T	1.9628633E-4	2.0	1.2499627E-4	0.99706006	124.9003	0.27606052	0.9944635	1.0
SPIKE	S87:T>A	0	175640	0.0	9999.0	0.0	TRUE	T	3.713039E-5	3.0	2.3246516E-4	0.9994432	21.738674	0.3000688	0.99502605	1.0
SPIKE	S87:T>C	0	175640	0.0	9999.0	0.0	TRUE	T	5.5924236E-5	2.0	3.0083573E-4	0.9991615	32.740646	0.30010062	0.99313587	1.0
SPIKE	S88:T>A	1	175640	5.693464E-6	4.6378703	31.0	TRUE	T	3.713039E-5	0.0	2.3246516E-4	0.9994432	21.738674	0.3000688	0.99502605	1.0
SPIKE	S88:T>C	1	175640	5.693464E-6	3.135354	40.0	TRUE	T	5.5924236E-5	8.0	3.0083573E-4	0.9991615	32.740646	0.30010062	0.99313587	1.0
SPIKE	S88:T>G	0	175640	0.0	9999.0	0.0	TRUE	T	1.9628633E-4	0.0	1.2499627E-4	0.99706006	124.9003	0.27606052	0.9944635	1.0
SPIKE	D89-104:ATCGTCGTCATCGTG>	1	175640	5.693464E-6	9999.0	39.936752	TRUE		NaN	NaN	NaN	NaN	NaN	NaN	NaN	NaN
SPIKE	S89:A>G	0	175640	0.0	9999.0	0.0	TRUE	A	5.5399792E-5	4.0	4.4818557E-4	0.99916935	31.212973	0.3118826	0.99405855	1.0
SPIKE	S89:A>C	0	175640	0.0	9999.0	0.0	TRUE	A	1.5708983E-5	0.0	3.3709157E-4	0.9997644	8.75827	0.31513715	0.9891571	1.0
SPIKE	S89:A>T	0	175640	0.0	9999.0	0.0	TRUE	A	3.017996E-5	1.0	1.7268161E-4	0.9995474	16.516872	0.32098833	0.9947164	1.0
SPIKE	S90:T>A	1	175640	5.693464E-6	4.6378703	40.0	TRUE	T	3.713039E-5	2.0	2.3246516E-4	0.9994432	21.738674	0.3000688	0.99502605	1.0
SPIKE	S90:T>G	0	175640	0.0	9999.0	0.0	TRUE	T	1.9628633E-4	0.0	1.2499627E-4	0.99706006	124.9003	0.27606052	0.9944635	1.0
SPIKE	S90:T>C	0	175640	0.0	9999.0	0.0	TRUE	T	5.5924236E-5	0.0	3.0083573E-4	0.9991615	32.740646	0.30010062	0.99313587	1.0
SPIKE	S91:C>A	9	175640	5.1241175E-5	102.83542	40.0	TRUE	C	1.6813205E-5	4.0	4.833221E-4	0.9997478	9.6931925	0.30480146	0.9945871	1.0
SPIKE	S91:C>T	2	175640	1.1386928E-5	8.714673	40.0	TRUE	C	4.347779E-5	27.0	3.1903668E-4	0.99934804	91.77814	0.28292134	0.9920089	0.0
SPIKE	S91:C>G	0	175640	0.0	9999.0	0.0	TRUE	C	1.15873074E-4	0.0	2.0434296E-4	0.9982634	73.16347	0.27822775	0.9943196	1.0
SPIKE	S92:G>A	4	175640	2.2773856E-5	23.660027	40.0	TRUE	G	3.827884E-5	8.0	4.450584E-4	0.999426	22.89937	0.29373246	0.9942835	1.0
SPIKE	S92:G>T	2	175640	1.1386928E-5	2.8357124	40.0	TRUE	G	1.1315822E-4	5.0	2.0012989E-4	0.99830407	66.65794	0.29822534	0.99383396	1.0
SPIKE	S92:G>C	0	175640	0.0	9999.0	0.0	TRUE	G	1.1044614E-4	0.0	1.678678E-4	0.99834466	67.262276	0.28845316	0.9942132	1.0
SPIKE	S93:T>A	0	175640	0.0	9999.0	0.0	TRUE	T	3.713039E-5	2.0	2.3246516E-4	0.9994432	21.738674	0.3000688	0.99502605	1.0
SPIKE	S93:T>G	0	175640	0.0	9999.0	0.0	TRUE	T	1.9628633E-4	1.0	1.2499627E-4	0.99706006	124.9003	0.27606052	0.9944635	1.0
SPIKE	S93:T>C	0	175640	0.0	9999.0	0.0	TRUE	T	5.5924236E-5	3.0	3.0083573E-4	0.9991615	32.740646	0.30010062	0.99313587	1.0
SPIKE	S94:C>A	17	175640	9.6788885E-5	231.32452	40.0	TRUE	C	1.6813205E-5	4.0	4.833221E-4	0.9997478	9.6931925	0.30480146	0.9945871	1.0
SPIKE	S94:C>T	1	175640	5.693464E-6	0.618053	40.0	TRUE	C	1.4778928E-4	2.0	3.1903668E-4	0.9977856	91.77814	0.28292134	0.9920089	1.0
SPIKE	S94:C>G	0	175640	0.0	9999.0	0.0	TRUE	C	1.15873074E-4	0.0	2.0434296E-4	0.9982634	73.16347	0.27822775	0.9943196	1.0
SPIKE	S95:G>A	2	175640	1.1386928E-5	14.02317	40.0	TRUE	G	2.1730943E-5	13.0	4.450584E-4	0.9996741	22.89937	0.29373246	0.9942835	0.0
SPIKE	S95:G>C	0	175640	0.0	9999.0	0.0	TRUE	G	1.1044614E-4	0.0	1.678678E-4	0.99834466	67.262276	0.28845316	0.9942132	1.0
SPIKE	S95:G>T	0	175640	0.0	9999.0	0.0	TRUE	G	1.1315822E-4	4.0	2.0012989E-4	0.99830407	66.65794	0.29822534	0.99383396	1.0
SPIKE	S96:T>C	1	175640	5.693464E-6	3.135354	40.0	TRUE	T	5.5924236E-5	7.0	3.0083573E-4	0.9991615	32.740646	0.30010062	0.99313587	1.0
SPIKE	S96:T>A	0	175640	0.0	9999.0	0.0	TRUE	T	3.713039E-5	0.0	2.3246516E-4	0.9994432	21.738674	0.3000688	0.99502605	1.0
SPIKE	S96:T>G	0	175640	0.0	9999.0	0.0	TRUE	T	1.9628633E-4	0.0	1.2499627E-4	0.99706006	124.9003	0.27606052	0.9944635	1.0
SPIKE	S97:C>T	2	175640	1.1386928E-5	1.715567	40.0	TRUE	C	1.4778928E-4	6.0	3.1903668E-4	0.9977856	91.77814	0.28292134	0.9920089	1.0
SPIKE	S97:C>A	9	175640	5.1241175E-5	102.83542	40.0	TRUE	C	1.6813205E-5	3.0	4.833221E-4	0.9997478	9.6931925	0.30480146	0.9945871	1.0
SPIKE	S97:C>G	0	175640	0.0	9999.0	0.0	TRUE	C	1.15873074E-4	0.0	2.0434296E-4	0.9982634	73.16347	0.27822775	0.9943196	1.0
SPIKE	S98:A>G	1	175640	5.693464E-6	3.1678567	40.0	TRUE	A	5.5399792E-5	6.0	4.4818557E-4	0.99916935	31.212973	0.3118826	0.99405855	1.0
SPIKE	S98:A>C	0	175640	0.0	9999.0	0.0	TRUE	A	1.5708983E-5	0.0	3.3709157E-4	0.9997644	8.75827	0.31513715	0.9891571	1.0
SPIKE	S98:A>T	0	175640	0.0	9999.0	0.0	TRUE	A	3.017996E-5	0.0	1.7268161E-4	0.9995474	16.516872	0.32098833	0.9947164	1.0
SPIKE	S99:T>C	1	175640	5.693464E-6	3.135354	40.0	TRUE	T	5.5924236E-5	5.0	3.0083573E-4	0.9991615	32.740646	0.30010062	0.99313587	1.0
SPIKE	S99:T>A	0	175640	0.0	9999.0	0.0	TRUE	T	3.713039E-5	2.0	2.3246516E-4	0.9994432	21.738674	0.3000688	0.99502605	1.0
SPIKE	S99:T>G	0	175640	0.0	9999.0	0.0	TRUE	T	1.9628633E-4	0.0	1.2499627E-4	0.99706006	124.9003	0.27606052	0.9944635	1.0
SPIKE	S100:C>T	1	175640	5.693464E-6	6.09121	40.0	TRUE	C	2.5764615E-5	16.0	3.1903668E-4	0.9996136	91.77814	0.28292134	0.9920089	0.0
SPIKE	S100:C>A	5	175640	2.8467319E-5	48.696316	40.0	TRUE	C	1.6813205E-5	1.0	4.833221E-4	0.9997478	9.6931925	0.30480146	0.9945871	1.0
SPIKE	S100:C>G	0	175640	0.0	9999.0	0.0	TRUE	C	1.15873074E-4	1.0	2.0434296E-4	0.9982634	73.16347	0.27822775	0.9943196	1.0
SPIKE	S101:G>T	1	175640	5.693464E-6	1.1147782	40.0	TRUE	G	1.1315822E-4	2.0	2.0012989E-4	0.99830407	66.65794	0.29822534	0.99383396	1.0
SPIKE	S101:G>A	1	175640	5.693464E-6	7.888841	40.0	TRUE	G	1.6716109E-5	10.0	4.450584E-4	0.9997493	22.89937	0.29373246	0.9942835	0.0
SPIKE	S101:G>C	0	175640	0.0	9999.0	0.0	TRUE	G	1.1044614E-4	0.0	1.678678E-4	0.99834466	67.262276	0.28845316	0.9942132	1.0
SPIKE	S102:T>A	0	175640	0.0	9999.0	0.0	TRUE	T	3.713039E-5	0.0	2.3246516E-4	0.9994432	21.738674	0.3000688	0.99502605	1.0
SPIKE	S102:T>G	0	175640	0.0	9999.0	0.0	TRUE	T	1.9628633E-4	0.0	1.2499627E-4	0.99706006	124.9003	0.27606052	0.9944635	1.0
SPIKE	S102:T>C	0	175640	0.0	9999.0	0.0	TRUE	T	5.5924236E-5	1.0	3.0083573E-4	0.9991615	32.740646	0.30010062	0.99313587	1.0
SPIKE	S103:G>A	2	175640	1.1386928E-5	9.646231	37.5	TRUE	G	3.827884E-5	6.0	4.450584E-4	0.999426	22.89937	0.29373246	0.9942835	1.0
SPIKE	S103:G>C	0	175640	0.0	9999.0	0.0	TRUE	G	1.1044614E-4	0.0	1.678678E-4	0.99834466	67.262276	0.28845316	0.9942132	1.0
SPIKE	S103:G>T	0	175640	0.0	9999.0	0.0	TRUE	G	1.1315822E-4	3.0	2.0012989E-4	0.99830407	66.65794	0.29822534	0.99383396	1.0
SPIKE	S104:G>A	3	175640	1.7080392E-5	22.756016	37.666668	TRUE	G	2.1730943E-5	13.0	4.450584E-4	0.9996741	22.89937	0.29373246	0.9942835	0.0
SPIKE	S104:G>C	0	175640	0.0	9999.0	0.0	TRUE	G	1.1044614E-4	0.0	1.678678E-4	0.99834466	67.262276	0.28845316	0.9942132	1.0
SPIKE	S104:G>T	0	175640	0.0	9999.0	0.0	TRUE	G	1.1315822E-4	3.0	2.0012989E-4	0.99830407	66.65794	0.29822534	0.99383396	1.0
SPIKE	S105:C>T	5	175640	2.8467319E-5	15.901104	37.6	TRUE	C	9.339673E-5	58.0	3.1903668E-4	0.9986	91.77814	0.28292134	0.9920089	0.0
SPIKE	S105:C>A	12	175640	6.832157E-5	148.34436	40.0	TRUE	C	1.6813205E-5	7.0	4.833221E-4	0.9997478	9.6931925	0.30480146	0.9945871	1.0
SPIKE	S105:C>G	0	175640	0.0	9999.0	0.0	TRUE	C	1.15873074E-4	1.0	2.0434296E-4	0.9982634	73.16347	0.27822775	0.9943196	1.0
SPIKE	S106:G>T	1	175640	5.693464E-6	1.1147782	40.0	TRUE	G	1.1315822E-4	5.0	2.0012989E-4	0.99830407	66.65794	0.29822534	0.99383396	1.0
SPIKE	S106:G>A	0	175640	0.0	9999.0	0.0	TRUE	G	3.827884E-5	8.0	4.450584E-4	0.999426	22.89937	0.29373246	0.9942835	1.0
SPIKE	S106:G>C	0	175640	0.0	9999.0	0.0	TRUE	G	1.1044614E-4	0.0	1.678678E-4	0.99834466	67.262276	0.28845316	0.9942132	1.0
SPIKE	S107:G>A	7	175640	3.9854247E-5	17.336504	36.142857	TRUE	G	1.4543015E-4	87.0	4.450584E-4	0.9978209	22.89937	0.29373246	0.9942835	0.0
SPIKE	S107:G>C	0	175640	0.0	9999.0	0.0	TRUE	G	1.1044614E-4	0.0	1.678678E-4	0.99834466	67.262276	0.28845316	0.9942132	1.0
SPIKE	S107:G>T	0	175640	0.0	9999.0	0.0	TRUE	G	1.1315822E-4	1.0	2.0012989E-4	0.99830407	66.65794	0.29822534	0.99383396	1.0
SPIKE	S108:C>T	2	175640	1.1386928E-5	9.891345	40.0	TRUE	C	3.7036636E-5	23.0	3.1903668E-4	0.9994446	91.77814	0.28292134	0.9920089	0.0
SPIKE	S108:C>A	11	175640	6.26281E-5	132.86916	39.18182	TRUE	C	1.6813205E-5	5.0	4.833221E-4	0.9997478	9.6931925	0.30480146	0.9945871	1.0
SPIKE	S108:C>G	0	175640	0.0	9999.0	0.0	TRUE	C	1.15873074E-4	1.0	2.0434296E-4	0.9982634	73.16347	0.27822775	0.9943196	1.0
SPIKE	S109:A>G	0	175640	0.0	9999.0	0.0	TRUE	A	5.5399792E-5	2.0	4.4818557E-4	0.99916935	31.212973	0.3118826	0.99405855	1.0
SPIKE	S109:A>C	0	175640	0.0	9999.0	0.0	TRUE	A	1.5708983E-5	0.0	3.3709157E-4	0.9997644	8.75827	0.31513715	0.9891571	1.0
SPIKE	S109:A>T	0	175640	0.0	9999.0	0.0	TRUE	A	3.017996E-5	0.0	1.7268161E-4	0.9995474	16.516872	0.32098833	0.9947164	1.0
SPIKE	S110:G>T	1	175640	5.693464E-6	1.1147782	40.0	TRUE	G	1.1315822E-4	4.0	2.0012989E-4	0.99830407	66.65794	0.29822534	0.99383396	1.0
SPIKE	S110:G>A	0	175640	0.0	9999.0	0.0	TRUE	G	2.5074165E-5	15.0	4.450584E-4	0.99962395	22.89937	0.29373246	0.9942835	0.0
SPIKE	S110:G>C	0	175640	0.0	9999.0	0.0	TRUE	G	1.1044614E-4	1.0	1.678678E-4	0.99834466	67.262276	0.28845316	0.9942132	1.0
SPIKE	S111:C>T	4	175640	2.2773856E-5	11.7485285	37.75	TRUE	C	8.856587E-5	55.0	3.1903668E-4	0.99867237	91.77814	0.28292134	0.9920089	0.0
SPIKE	S111:C>A	5	175640	2.8467319E-5	48.696316	40.0	TRUE	C	1.6813205E-5	7.0	4.833221E-4	0.9997478	9.6931925	0.30480146	0.9945871	1.0
SPIKE	S111:C>G	0	175640	0.0	9999.0	0.0	TRUE	C	1.15873074E-4	3.0	2.0434296E-4	0.9982634	73.16347	0.27822775	0.9943196	1.0
SPIKE	S112:G>C	1	175639	5.6934964E-6	1.1681197	40.0	TRUE	G	1.1044614E-4	0.0	1.678678E-4	0.99834466	67.261894	0.28845316	0.9942132	1.0
SPIKE	S112:G>A	4	175639	2.2773986E-5	21.159882	40.0	TRUE	G	4.5133755E-5	27.0	4.450584E-4	0.99932325	22.89924	0.29373246	0.9942835	0.0
SPIKE	S112:G>T	0	175639	0.0	9999.0	0.0	TRUE	G	1.1315822E-4	2.0	2.0012989E-4	0.99830407	66.65756	0.29822534	0.99383396	1.0
SPIKE	S113:T>A	0	175639	0.0	9999.0	0.0	TRUE	T	3.713039E-5	0.0	2.3246516E-4	0.9994432	21.73855	0.3000688	0.99502605	1.0
SPIKE	S113:T>G	0	175639	0.0	9999.0	0.0	TRUE	T	1.9628633E-4	0.0	1.2499627E-4	0.99706006	124.89959	0.27606052	0.9944635	1.0
SPIKE	S113:T>C	0	175639	0.0	9999.0	0.0	TRUE	T	5.5924236E-5	2.0	3.0083573E-4	0.9991615	32.74046	0.30010062	0.99313587	1.0
SPIKE	S114:G>T	1	175639	5.6934964E-6	1.1147906	40.0	TRUE	G	1.1315822E-4	3.0	2.0012989E-4	0.99830407	66.65756	0.29822534	0.99383396	1.0
SPIKE	S114:G>A	1	175639	5.6934964E-6	4.520727	40.0	TRUE	G	3.827884E-5	0.0	4.450584E-4	0.999426	22.89924	0.29373246	0.9942835	1.0
SPIKE	S114:G>C	0	175639	0.0	9999.0	0.0	TRUE	G	1.1044614E-4	0.0	1.678678E-4	0.99834466	67.261894	0.28845316	0.9942132	1.0
SPIKE	S115:A>G	0	175639	0.0	9999.0	0.0	TRUE	A	1.9523972E-5	11.0	4.4818557E-4	0.99970716	31.212793	0.3118826	0.99405855	0.0
SPIKE	S115:A>C	0	175639	0.0	9999.0	0.0	TRUE	A	1.5708983E-5	0.0	3.3709157E-4	0.9997644	8.75822	0.31513715	0.9891571	1.0
SPIKE	S115:A>T	0	175639	0.0	9999.0	0.0	TRUE	A	3.017996E-5	1.0	1.7268161E-4	0.9995474	16.516779	0.32098833	0.9947164	1.0
SPIKE	S116:C>A	3	175639	1.7080489E-5	25.881292	38.666668	TRUE	C	1.6813205E-5	3.0	4.833221E-4	0.9997478	9.693137	0.30480146	0.9945871	1.0
SPIKE	S116:C>G	0	175639	0.0	9999.0	0.0	TRUE	C	1.15873074E-4	0.0	2.0434296E-4	0.9982634	73.16305	0.27822775	0.9943196	1.0
SPIKE	S116:C>T	0	175639	0.0	9999.0	0.0	TRUE	C	1.4778928E-4	3.0	3.1903668E-4	0.9977856	91.77761	0.28292134	0.9920089	1.0
SPIKE	S117:C>A	8	175639	4.554797E-5	87.428215	40.0	TRUE	C	1.7345474E-5	10.0	4.833221E-4	0.9997398	9.693137	0.30480146	0.9945871	0.0
SPIKE	S117:C>G	0	175639	0.0	9999.0	0.0	TRUE	C	1.15873074E-4	1.0	2.0434296E-4	0.9982634	73.16305	0.27822775	0.9943196	1.0
SPIKE	S117:C>T	0	175639	0.0	9999.0	0.0	TRUE	C	1.4778928E-4	2.0	3.1903668E-4	0.9977856	91.77761	0.28292134	0.9920089	1.0
SPIKE	S118:T>C	2	175639	1.1386993E-5	12.212061	37.5	TRUE	T	2.7329725E-5	16.0	3.0083573E-4	0.99959016	32.74046	0.30010062	0.99313587	0.0
SPIKE	S118:T>A	0	175639	0.0	9999.0	0.0	TRUE	T	3.713039E-5	2.0	2.3246516E-4	0.9994432	21.73855	0.3000688	0.99502605	1.0
SPIKE	S118:T>G	0	175639	0.0	9999.0	0.0	TRUE	T	1.9628633E-4	3.0	1.2499627E-4	0.99706006	124.89959	0.27606052	0.9944635	1.0
SPIKE	S119:A>G	0	175639	0.0	9999.0	0.0	TRUE	A	5.5399792E-5	5.0	4.4818557E-4	0.99916935	31.212793	0.3118826	0.99405855	1.0
SPIKE	S119:A>C	0	175639	0.0	9999.0	0.0	TRUE	A	1.5708983E-5	0.0	3.3709157E-4	0.9997644	8.75822	0.31513715	0.9891571	1.0
SPIKE	S119:A>T	0	175639	0.0	9999.0	0.0	TRUE	A	3.017996E-5	1.0	1.7268161E-4	0.9995474	16.516779	0.32098833	0.9947164	1.0
SPIKE	S120:T>A	0	175639	0.0	9999.0	0.0	TRUE	T	3.713039E-5	0.0	2.3246516E-4	0.9994432	21.73855	0.3000688	0.99502605	1.0
SPIKE	S120:T>G	0	175639	0.0	9999.0	0.0	TRUE	T	1.9628633E-4	0.0	1.2499627E-4	0.99706006	124.89959	0.27606052	0.9944635	1.0
SPIKE	S120:T>C	0	175639	0.0	9999.0	0.0	TRUE	T	5.5924236E-5	1.0	3.0083573E-4	0.9991615	32.74046	0.30010062	0.99313587	1.0
SPIKE	S121:G>T	1	175639	5.6934964E-6	1.1147906	40.0	TRUE	G	1.1315822E-4	1.0	2.0012989E-4	0.99830407	66.65756	0.29822534	0.99383396	1.0
SPIKE	S121:G>A	1	175639	5.6934964E-6	4.520727	40.0	TRUE	G	3.827884E-5	2.0	4.450584E-4	0.999426	22.89924	0.29373246	0.9942835	1.0
SPIKE	S121:G>C	0	175639	0.0	9999.0	0.0	TRUE	G	1.1044614E-4	0.0	1.678678E-4	0.99834466	67.261894	0.28845316	0.9942132	1.0
SPIKE	S122:T>A	0	175639	0.0	9999.0	0.0	TRUE	T	3.713039E-5	1.0	2.3246516E-4	0.9994432	21.73855	0.3000688	0.99502605	1.0
SPIKE	S122:T>G	0	175639	0.0	9999.0	0.0	TRUE	T	1.9628633E-4	0.0	1.2499627E-4	0.99706006	124.89959	0.27606052	0.9944635	1.0
SPIKE	S122:T>C	0	175639	0.0	9999.0	0.0	TRUE	T	5.5924236E-5	3.0	3.0083573E-4	0.9991615	32.74046	0.30010062	0.99313587	1.0
SPIKE	S123:G>A	2	175639	1.1386993E-5	9.646273	40.0	TRUE	G	3.827884E-5	4.0	4.450584E-4	0.999426	22.89924	0.29373246	0.9942835	1.0
SPIKE	S123:G>C	0	175639	0.0	9999.0	0.0	TRUE	G	1.1044614E-4	0.0	1.678678E-4	0.99834466	67.261894	0.28845316	0.9942132	1.0
SPIKE	S123:G>T	0	175639	0.0	9999.0	0.0	TRUE	G	1.1315822E-4	2.0	2.0012989E-4	0.99830407	66.65756	0.29822534	0.99383396	1.0
SPIKE	S124:T>A	0	175639	0.0	9999.0	0.0	TRUE	T	3.713039E-5	0.0	2.3246516E-4	0.9994432	21.73855	0.3000688	0.99502605	1.0
SPIKE	S124:T>G	0	175639	0.0	9999.0	0.0	TRUE	T	1.9628633E-4	0.0	1.2499627E-4	0.99706006	124.89959	0.27606052	0.9944635	1.0
SPIKE	S124:T>C	0	175639	0.0	9999.0	0.0	TRUE	T	5.5924236E-5	5.0	3.0083573E-4	0.9991615	32.74046	0.30010062	0.99313587	1.0
SPIKE	S125:G>A	0	175639	0.0	9999.0	0.0	TRUE	G	3.827884E-5	4.0	4.450584E-4	0.999426	22.89924	0.29373246	0.9942835	1.0
SPIKE	S125:G>C	0	175639	0.0	9999.0	0.0	TRUE	G	1.1044614E-4	0.0	1.678678E-4	0.99834466	67.261894	0.28845316	0.9942132	1.0
SPIKE	S125:G>T	0	175639	0.0	9999.0	0.0	TRUE	G	1.1315822E-4	1.0	2.0012989E-4	0.99830407	66.65756	0.29822534	0.99383396	1.0
SPIKE	S126:C>T	25	175639	1.423374E-4	83.78372	38.76	TRUE	C	3.0595655E-4	190.0	3.1903668E-4	0.9954212	91.77761	0.28292134	0.9920089	0.0
SPIKE	S126:C>A	8	175639	4.554797E-5	87.428215	39.25	TRUE	C	1.7345474E-5	10.0	4.833221E-4	0.9997398	9.693137	0.30480146	0.9945871	0.0
SPIKE	S126:C>G	0	175639	0.0	9999.0	0.0	TRUE	C	1.15873074E-4	2.0	2.0434296E-4	0.9982634	73.16305	0.27822775	0.9943196	1.0
SPIKE	S127:G>T	1	175639	5.6934964E-6	1.1147906	40.0	TRUE	G	1.1315822E-4	2.0	2.0012989E-4	0.99830407	66.65756	0.29822534	0.99383396	1.0
SPIKE	S127:G>A	3	175639	1.7080489E-5	16.120691	38.0	TRUE	G	3.827884E-5	7.0	4.450584E-4	0.999426	22.89924	0.29373246	0.9942835	1.0
SPIKE	S127:G>C	0	175639	0.0	9999.0	0.0	TRUE	G	1.1044614E-4	0.0	1.678678E-4	0.99834466	67.261894	0.28845316	0.9942132	1.0
SPIKE	S128:G>A	1	175639	5.6934964E-6	4.6749654	40.0	TRUE	G	3.677565E-5	22.0	4.450584E-4	0.99944854	22.89924	0.29373246	0.9942835	0.0
SPIKE	S128:G>C	0	175639	0.0	9999.0	0.0	TRUE	G	1.1044614E-4	1.0	1.678678E-4	0.99834466	67.261894	0.28845316	0.9942132	1.0
SPIKE	S128:G>T	0	175639	0.0	9999.0	0.0	TRUE	G	1.1315822E-4	2.0	2.0012989E-4	0.99830407	66.65756	0.29822534	0.99383396	1.0
SPIKE	S129:C>A	10	175639	5.6934965E-5	117.64777	38.7	TRUE	C	1.6813205E-5	6.0	4.833221E-4	0.9997478	9.693137	0.30480146	0.9945871	1.0
SPIKE	S129:C>T	5	175639	2.8467482E-5	33.58743	38.0	TRUE	C	3.5426547E-5	22.0	3.1903668E-4	0.99946874	91.77761	0.28292134	0.9920089	0.0
SPIKE	S129:C>G	0	175639	0.0	9999.0	0.0	TRUE	C	1.15873074E-4	2.0	2.0434296E-4	0.9982634	73.16305	0.27822775	0.9943196	1.0
SPIKE	S130:G>A	3	175639	1.7080489E-5	16.120691	40.0	TRUE	G	3.827884E-5	2.0	4.450584E-4	0.999426	22.89924	0.29373246	0.9942835	1.0
SPIKE	S130:G>C	0	175639	0.0	9999.0	0.0	TRUE	G	1.1044614E-4	0.0	1.678678E-4	0.99834466	67.261894	0.28845316	0.9942132	1.0
SPIKE	S130:G>T	0	175639	0.0	9999.0	0.0	TRUE	G	1.1315822E-4	0.0	2.0012989E-4	0.99830407	66.65756	0.29822534	0.99383396	1.0
SPIKE	S131:G>A	2	175639	1.1386993E-5	4.5441685	40.0	TRUE	G	8.1909406E-5	49.0	4.450584E-4	0.9987721	22.89924	0.29373246	0.9942835	0.0
SPIKE	S131:G>T	1	175639	5.6934964E-6	1.1147906	34.0	TRUE	G	1.1315822E-4	6.0	2.0012989E-4	0.99830407	66.65756	0.29822534	0.99383396	1.0
SPIKE	S131:G>C	0	175639	0.0	9999.0	0.0	TRUE	G	1.1044614E-4	2.0	1.678678E-4	0.99834466	67.261894	0.28845316	0.9942132	1.0
SPIKE	S132:C>A	4	175639	2.2773986E-5	36.82702	39.0	TRUE	C	1.6813205E-5	2.0	4.833221E-4	0.9997478	9.693137	0.30480146	0.9945871	1.0
SPIKE	S132:C>T	2	175639	1.1386993E-5	14.966729	37.5	TRUE	C	1.9323572E-5	12.0	3.1903668E-4	0.9997102	91.77761	0.28292134	0.9920089	0.0
SPIKE	S132:C>G	0	175639	0.0	9999.0	0.0	TRUE	C	1.15873074E-4	1.0	2.0434296E-4	0.9982634	73.16305	0.27822775	0.9943196	1.0
SPIKE	S133:A>G	0	175639	0.0	9999.0	0.0	TRUE	A	5.5399792E-5	1.0	4.4818557E-4	0.99916935	31.212793	0.3118826	0.99405855	1.0
SPIKE	S133:A>C	0	175639	0.0	9999.0	0.0	TRUE	A	1.5708983E-5	0.0	3.3709157E-4	0.9997644	8.75822	0.31513715	0.9891571	1.0
SPIKE	S133:A>T	0	175639	0.0	9999.0	0.0	TRUE	A	3.017996E-5	0.0	1.7268161E-4	0.9995474	16.516779	0.32098833	0.9947164	1.0
SPIKE	S134:G>A	0	175639	0.0	9999.0	0.0	TRUE	G	2.0059446E-5	12.0	4.450584E-4	0.9996992	22.89924	0.29373246	0.9942835	0.0
SPIKE	S134:G>C	0	175639	0.0	9999.0	0.0	TRUE	G	1.1044614E-4	0.0	1.678678E-4	0.99834466	67.261894	0.28845316	0.9942132	1.0
SPIKE	S134:G>T	0	175639	0.0	9999.0	0.0	TRUE	G	1.1315822E-4	3.0	2.0012989E-4	0.99830407	66.65756	0.29822534	0.99383396	1.0
SPIKE	S135:C>T	6	175639	3.4160978E-5	4.8046646	37.5	TRUE	C	2.592579E-4	161.0	3.1903668E-4	0.99611866	91.77761	0.28292134	0.9920089	0.0
SPIKE	S135:C>A	0	175639	0.0	9999.0	0.0	TRUE	C	5.3770967E-5	31.0	4.833221E-4	0.9991938	9.693137	0.30480146	0.9945871	0.0
SPIKE	S135:C>G	0	175639	0.0	9999.0	0.0	TRUE	C	1.15873074E-4	1.0	2.0434296E-4	0.9982634	73.16305	0.27822775	0.9943196	1.0
SPIKE	S136:C>T	4	175639	2.2773986E-5	0.5693941	40.0	TRUE	C	3.5748607E-4	222.0	3.1903668E-4	0.99465203	91.77761	0.28292134	0.9920089	0.0
SPIKE	S136:C>A	0	175639	0.0	9999.0	0.0	TRUE	C	5.203642E-5	30.0	4.833221E-4	0.9992198	9.693137	0.30480146	0.9945871	0.0
SPIKE	S136:C>G	0	175639	0.0	9999.0	0.0	TRUE	C	1.15873074E-4	1.0	2.0434296E-4	0.9982634	73.16305	0.27822775	0.9943196	1.0
SPIKE	I137:>T	1	175639	5.6934964E-6	9999.0	39.57178	TRUE		NaN	NaN	NaN	NaN	NaN	NaN	NaN	NaN
SPIKE	S137:T>C	2	175639	1.1386993E-5	5.0544944	40.0	TRUE	T	7.515674E-5	44.0	3.0083573E-4	0.9988733	32.74046	0.30010062	0.99313587	0.0
SPIKE	D137-138:T>	1	175639	5.6934964E-6	9999.0	39.57178	TRUE		NaN	NaN	NaN	NaN	NaN	NaN	NaN	NaN
SPIKE	S137:T>A	0	175639	0.0	9999.0	0.0	TRUE	T	3.713039E-5	6.0	2.3246516E-4	0.9994432	21.73855	0.3000688	0.99502605	1.0
SPIKE	S137:T>G	0	175639	0.0	9999.0	0.0	TRUE	T	3.7717276E-5	24.0	1.2499627E-4	0.9994344	124.89959	0.27606052	0.9944635	0.0
SPIKE	I138:>G	5	175639	2.8467482E-5	9999.0	39.574524	TRUE		NaN	NaN	NaN	NaN	NaN	NaN	NaN	NaN
SPIKE	S138:G>C	1	175639	5.6934964E-6	1.1681197	34.0	TRUE	G	1.1044614E-4	4.0	1.678678E-4	0.99834466	67.261894	0.28845316	0.9942132	1.0
SPIKE	D138-139:G>	3	175639	1.7080489E-5	9999.0	39.574524	TRUE		NaN	NaN	NaN	NaN	NaN	NaN	NaN	NaN
SPIKE	S138:G>A	0	175639	0.0	9999.0	0.0	TRUE	G	3.677565E-5	22.0	4.450584E-4	0.99944854	22.89924	0.29373246	0.9942835	0.0
SPIKE	S138:G>T	0	175639	0.0	9999.0	0.0	TRUE	G	2.8859287E-5	17.0	2.0012989E-4	0.9995672	66.65756	0.29822534	0.99383396	0.0
SPIKE	D139-140:A>	14	175639	7.9708945E-5	9999.0	39.560143	TRUE		NaN	NaN	NaN	NaN	NaN	NaN	NaN	NaN
SPIKE	I139:>A	2	175639	1.1386993E-5	9999.0	39.560143	TRUE		NaN	NaN	NaN	NaN	NaN	NaN	NaN	NaN
SPIKE	S139:A>G	0	175639	0.0	9999.0	0.0	TRUE	A	9.229514E-5	52.0	4.4818557E-4	0.9986165	31.212793	0.3118826	0.99405855	0.0
SPIKE	S139:A>C	0	175639	0.0	9999.0	0.0	TRUE	A	1.5708983E-5	2.0	3.3709157E-4	0.9997644	8.75822	0.31513715	0.9891571	1.0
SPIKE	S139:A>T	0	175639	0.0	9999.0	0.0	TRUE	A	3.4534652E-4	189.0	1.7268161E-4	0.9948332	16.516779	0.32098833	0.9947164	0.0
SPIKE	I140:>T	10	175635	5.693626E-5	9999.0	39.561707	TRUE		NaN	NaN	NaN	NaN	NaN	NaN	NaN	NaN
SPIKE	D140-142:TT>	2	175635	1.1387252E-5	9999.0	39.561707	TRUE		NaN	NaN	NaN	NaN	NaN	NaN	NaN	NaN
SPIKE	D140-143:TTA>	1	175635	5.693626E-6	9999.0	39.561707	TRUE		NaN	NaN	NaN	NaN	NaN	NaN	NaN	NaN
SPIKE	D140-141:T>	37	175635	2.1066416E-4	9999.0	39.561707	TRUE		NaN	NaN	NaN	NaN	NaN	NaN	NaN	NaN
SPIKE	S140:T>A	0	175635	0.0	9999.0	0.0	TRUE	T	1.9130523E-4	112.0	2.3246516E-4	0.9971345	21.738054	0.3000688	0.99502605	0.0
SPIKE	S140:T>G	0	175635	0.0	9999.0	0.0	TRUE	T	5.0290844E-5	32.0	1.2499627E-4	0.99924594	124.89674	0.27606052	0.9944635	0.0
SPIKE	S140:T>C	0	175635	0.0	9999.0	0.0	TRUE	T	5.5924236E-5	3.0	3.0083573E-4	0.9991615	32.739716	0.30010062	0.99313587	1.0
SPIKE	S141:T>G	1	175628	5.693853E-6	0.68821126	40.0	TRUE	T	1.4144863E-4	90.0	1.2499627E-4	0.9978805	124.89176	0.27606052	0.9944635	0.0
SPIKE	S141:T>A	0	175628	0.0	9999.0	0.0	TRUE	T	9.070279E-4	531.0	2.3246516E-4	0.98648673	21.737188	0.3000688	0.99502605	0.0
SPIKE	S141:T>C	0	175628	0.0	9999.0	0.0	TRUE	T	5.1246443E-5	30.0	3.0083573E-4	0.9992316	32.73841	0.30010062	0.99313587	0.0
SPIKE	D142-143:A>	18	175623	1.0249227E-4	9999.0	39.47902	TRUE		NaN	NaN	NaN	NaN	NaN	NaN	NaN	NaN
SPIKE	I142:>A	7	175623	3.9858107E-5	9999.0	39.47902	TRUE		NaN	NaN	NaN	NaN	NaN	NaN	NaN	NaN
SPIKE	S142:A>G	0	175623	0.0	9999.0	0.0	TRUE	A	0.0012833743	723.0	4.4818557E-4	0.9809335	31.209951	0.3118826	0.99405855	0.0
SPIKE	S142:A>C	0	175623	0.0	9999.0	0.0	TRUE	A	1.9372941E-4	108.0	3.3709157E-4	0.99709827	8.757422	0.31513715	0.9891571	0.0
SPIKE	S142:A>T	0	175623	0.0	9999.0	0.0	TRUE	A	4.495396E-4	246.0	1.7268161E-4	0.9932796	16.515274	0.32098833	0.9947164	0.0
SPIKE	D143-144:G>	11	175618	6.263595E-5	9999.0	39.456738	TRUE		NaN	NaN	NaN	NaN	NaN	NaN	NaN	NaN
SPIKE	D143-145:GC>	3	175618	1.7082531E-5	9999.0	39.456738	TRUE		NaN	NaN	NaN	NaN	NaN	NaN	NaN	NaN
SPIKE	S143:G>A	0	175618	0.0	9999.0	0.0	TRUE	G	4.7479698E-4	284.0	4.450584E-4	0.99290335	22.896502	0.29373246	0.9942835	0.0
SPIKE	S143:G>C	0	175618	0.0	9999.0	0.0	TRUE	G	0.0016307321	993.0	1.678678E-4	0.97583574	67.25385	0.28845316	0.9942132	0.0
SPIKE	S143:G>T	0	175618	0.0	9999.0	0.0	TRUE	G	2.716493E-5	16.0	2.0012989E-4	0.9995926	66.6496	0.29822534	0.99383396	0.0
SPIKE	I144:>C	23	175614	1.3096906E-4	9999.0	39.520084	TRUE		NaN	NaN	NaN	NaN	NaN	NaN	NaN	NaN
SPIKE	S144:C>A	1	175614	5.6943068E-6	2.5879009	32.0	TRUE	C	6.592218E-5	38.0	4.833221E-4	0.99901164	9.691757	0.30480146	0.9945871	0.0
SPIKE	D144-145:C>	34	175614	1.9360644E-4	9999.0	39.520084	TRUE		NaN	NaN	NaN	NaN	NaN	NaN	NaN	NaN
SPIKE	S144:C>G	0	175614	0.0	9999.0	0.0	TRUE	C	5.7340454E-4	362.0	2.0434296E-4	0.9914358	73.15263	0.27822775	0.9943196	0.0
SPIKE	S144:C>T	0	175614	0.0	9999.0	0.0	TRUE	C	2.6573695E-4	165.0	3.1903668E-4	0.99602187	91.76455	0.28292134	0.9920089	0.0
SPIKE	S145:C>T	2	175602	1.1389392E-5	0.067917496	35.0	TRUE	C	3.656146E-4	227.0	3.1903668E-4	0.9945308	91.75828	0.28292134	0.9920089	0.0
SPIKE	S145:C>A	0	175602	0.0	9999.0	0.0	TRUE	C	5.8987032E-5	34.0	4.833221E-4	0.9991156	9.691095	0.30480146	0.9945871	0.0
SPIKE	S145:C>G	0	175602	0.0	9999.0	0.0	TRUE	C	2.391989E-4	151.0	2.0434296E-4	0.9964184	73.14764	0.27822775	0.9943196	0.0
SPIKE	S146:C>A	1	175553	5.6962854E-6	3.2715607	40.0	TRUE	C	5.3797306E-5	31.0	4.833221E-4	0.9991934	9.688391	0.30480146	0.9945871	0.0
SPIKE	S146:C>T	1	175553	5.6962854E-6	0.0034920021	40.0	TRUE	C	4.4627095E-4	277.0	3.1903668E-4	0.9933283	91.73267	0.28292134	0.9920089	0.0
SPIKE	S146:C>G	0	175553	0.0	9999.0	0.0	TRUE	C	0.0019537387	1233.0	2.0434296E-4	0.97111917	73.12723	0.27822775	0.9943196	0.0
SPIKE	S147:G>A	0	175541	0.0	9999.0	0.0	TRUE	G	1.839809E-5	11.0	4.450584E-4	0.9997241	22.886463	0.29373246	0.9942835	0.0
SPIKE	S147:G>C	0	175541	0.0	9999.0	0.0	TRUE	G	9.627676E-4	586.0	1.678678E-4	0.9856623	67.224365	0.28845316	0.9942132	0.0
SPIKE	S147:G>T	0	175541	0.0	9999.0	0.0	TRUE	G	0.0022471854	1323.0	2.0012989E-4	0.966854	66.62037	0.29822534	0.99383396	0.0
SPIKE	S148:T>G	1	175502	5.6979407E-6	-0.0	40.0	TRUE	T	0.003208471	2040.0	1.2499627E-4	0.9530127	124.80216	0.27606052	0.9944635	0.0
SPIKE	S148:T>A	0	175502	0.0	9999.0	0.0	TRUE	T	3.713039E-5	0.0	2.3246516E-4	0.9994432	21.721594	0.3000688	0.99502605	1.0
SPIKE	S148:T>C	0	175502	0.0	9999.0	0.0	TRUE	T	3.5043544E-4	205.0	3.0083573E-4	0.99475724	32.714924	0.30010062	0.99313587	0.0
SPIKE	S149:G>A	0	175484	0.0	9999.0	0.0	TRUE	G	3.827884E-5	4.0	4.450584E-4	0.999426	22.879032	0.29373246	0.9942835	1.0
SPIKE	S149:G>C	0	175484	0.0	9999.0	0.0	TRUE	G	0.002422492	1474.0	1.678678E-4	0.9643149	67.20254	0.28845316	0.9942132	0.0
SPIKE	S149:G>T	0	175484	0.0	9999.0	0.0	TRUE	G	0.0013745755	809.0	2.0012989E-4	0.9795925	66.59874	0.29822534	0.99383396	0.0
SPIKE	S150:C>A	0	175452	0.0	9999.0	0.0	TRUE	C	3.2991524E-5	19.0	4.833221E-4	0.9995052	9.682817	0.30480146	0.9945871	0.0
SPIKE	S150:C>G	0	175452	0.0	9999.0	0.0	TRUE	C	0.0015093512	952.0	2.0434296E-4	0.9776141	73.08515	0.27822775	0.9943196	0.0
SPIKE	S150:C>T	0	175452	0.0	9999.0	0.0	TRUE	C	0.0027388118	1699.0	3.1903668E-4	0.95975024	91.6799	0.28292134	0.9920089	0.0
SPIKE	S151:T>A	0	175415	0.0	9999.0	0.0	TRUE	T	3.713039E-5	1.0	2.3246516E-4	0.9994432	21.710827	0.3000688	0.99502605	1.0
SPIKE	S151:T>G	0	175415	0.0	9999.0	0.0	TRUE	T	0.003035397	1929.0	1.2499627E-4	0.95549005	124.740295	0.27606052	0.9944635	0.0
SPIKE	S151:T>C	0	175415	0.0	9999.0	0.0	TRUE	T	0.001195492	699.0	3.0083573E-4	0.98222744	32.698704	0.30010062	0.99313587	0.0
SPIKE	S152:G>A	0	175390	0.0	9999.0	0.0	TRUE	G	1.6739936E-5	10.0	4.450584E-4	0.99974895	22.866776	0.29373246	0.9942835	0.0
SPIKE	S152:G>C	0	175390	0.0	9999.0	0.0	TRUE	G	3.4531615E-5	21.0	1.678678E-4	0.99948215	67.166534	0.28845316	0.9942132	0.0
SPIKE	S152:G>T	0	175390	0.0	9999.0	0.0	TRUE	G	0.001343012	790.0	2.0012989E-4	0.9800564	66.563065	0.29822534	0.99383396	0.0
SPIKE	S153:G>A	0	175319	0.0	9999.0	0.0	TRUE	G	3.827884E-5	3.0	4.450584E-4	0.999426	22.85752	0.29373246	0.9942835	1.0
SPIKE	S153:G>C	0	175319	0.0	9999.0	0.0	TRUE	G	1.1044614E-4	8.0	1.678678E-4	0.99834466	67.13935	0.28845316	0.9942132	1.0
SPIKE	S153:G>T	0	175319	0.0	9999.0	0.0	TRUE	G	3.4014072E-5	20.0	2.0012989E-4	0.9994899	66.53612	0.29822534	0.99383396	0.0
