#pipeline_block
reference	mutation	count	coverage	freq	score	cqs	has.reference	ancestral.allele	error.rate	minor.count.local	minor.fdr	minor.recall	minor.count.global	read.fraction.in.minors	q.filtered.read.fraction	global.est
SPIKE	S0:T>A	0	224985	0.0	9999.0	0.0	TRUE	T	7.6089304E-6	10.0	0.0031976877	0.9996196	43.00573	0.17173868	0.9927149	0.0
SPIKE	S0:T>G	0	224985	0.0	9999.0	0.0	TRUE	T	8.086918E-5	5.0	0.002711439	0.9959647	164.20442	0.11110431	0.99128014	1.0
SPIKE	S0:T>C	0	224985	0.0	9999.0	0.0	TRUE	T	1.2776439E-5	19.0	0.0050720135	0.9993614	64.66835	0.1520611	0.99027765	0.0
SPIKE	S1:A>G	0	225122	0.0	9999.0	0.0	TRUE	A	5.1796316E-5	73.0	0.004053499	0.9974135	81.13389	0.16038285	0.98965	0.0
SPIKE	S1:A>C	0	225122	0.0	9999.0	0.0	TRUE	A	3.8932456E-4	622.0	0.002572196	0.980722	46.21947	0.14127259	0.95366293	0.0
SPIKE	S1:A>T	0	225122	0.0	9999.0	0.0	TRUE	A	1.7839995E-5	20.0	0.0030717659	0.9991084	34.166954	0.2014275	0.99020606	0.0
SPIKE	S2:G>A	0	225294	0.0	9999.0	0.0	TRUE	G	1.0777647E-5	35.0	8.660954E-4	0.99946123	1201.0281	0.069435544	0.9909207	0.0
SPIKE	S2:G>C	0	225294	0.0	9999.0	0.0	TRUE	G	4.6254303E-5	6.0	0.0031132735	0.99768996	87.92151	0.11889424	0.99038714	1.0
SPIKE	S2:G>T	0	225294	0.0	9999.0	0.0	TRUE	G	1.7651455E-5	29.0	0.004259362	0.9991178	84.86536	0.13771647	0.9897663	0.0
SPIKE	S3:C>A	0	225469	0.0	9999.0	0.0	TRUE	C	2.2669388E-5	5.0	0.0069589084	0.99886715	35.30133	0.14580365	0.9868469	1.0
SPIKE	S3:C>G	0	225469	0.0	9999.0	0.0	TRUE	C	9.517893E-6	19.0	0.0040625217	0.99952424	79.13427	0.11340755	0.99014544	0.0
SPIKE	S3:C>T	0	225469	0.0	9999.0	0.0	TRUE	C	1.9529997E-4	451.0	0.0036270032	0.99028254	396.26767	0.09799197	0.9866793	0.0
SPIKE	S4:G>A	58	225605	2.570865E-4	441.8334	39.482758	TRUE	G	1.6666949E-4	542.0	8.660954E-4	0.9917011	1202.6859	0.069435544	0.9909207	0.0
SPIKE	S4:G>C	5	225605	2.2162629E-5	59.330154	40.0	TRUE	G	7.880417E-6	15.0	0.0031132735	0.9996061	88.04288	0.11889424	0.99038714	0.0
SPIKE	S4:G>T	12	225605	5.319031E-5	178.52298	38.25	TRUE	G	7.2939815E-6	12.0	0.004259362	0.99963534	84.982506	0.13771647	0.9897663	0.0
SPIKE	S5:T>A	5	225691	2.2154185E-5	30.25016	36.0	TRUE	T	3.2722757E-5	2.0	0.0031976877	0.9983652	43.14068	0.17173868	0.9927149	1.0
SPIKE	S5:T>G	1	225691	4.4308367E-6	9.778136	40.0	TRUE	T	8.346155E-6	17.0	0.002711439	0.99958277	164.7197	0.11110431	0.99128014	0.0
SPIKE	S5:T>C	26	225691	1.1520176E-4	343.5597	39.46154	TRUE	T	2.0780559E-5	31.0	0.0050720135	0.9989615	64.871284	0.1520611	0.99027765	0.0
SPIKE	S6:G>A	39	225785	1.727307E-4	713.04016	37.23077	TRUE	G	9.217893E-6	30.0	8.660954E-4	0.9995392	1203.6455	0.069435544	0.9909207	0.0
SPIKE	S6:G>C	2	225785	8.8579845E-6	6.542381	40.0	TRUE	G	4.6254303E-5	4.0	0.0031132735	0.99768996	88.11312	0.11889424	0.99038714	1.0
SPIKE	S6:G>T	17	225785	7.529287E-5	262.61136	38.941177	TRUE	G	8.5028605E-6	14.0	0.004259362	0.99957496	85.05031	0.13771647	0.9897663	0.0
SPIKE	S7:A>G	5	225830	2.2140548E-5	11.032251	39.8	TRUE	A	9.973129E-5	141.0	0.004053499	0.9950259	81.38905	0.16038285	0.98965	0.0
SPIKE	S7:A>C	10	225830	4.4281096E-5	56.997135	39.5	TRUE	A	5.802841E-5	93.0	0.002572196	0.9971028	46.36483	0.14127259	0.95366293	0.0
SPIKE	D7-8:A>	176	225830	7.793473E-4	9999.0	39.86626	TRUE		NaN	NaN	NaN	NaN	NaN	NaN	NaN	NaN
SPIKE	I7:>A	4	225830	1.7712438E-5	9999.0	39.86626	TRUE		NaN	NaN	NaN	NaN	NaN	NaN	NaN	NaN
SPIKE	S7:A>T	0	225830	0.0	9999.0	0.0	TRUE	A	1.2448845E-5	14.0	0.0030717659	0.9993777	34.274406	0.2014275	0.99020606	0.0
SPIKE	S8:A>G	3	225847	1.3283329E-5	19.279324	40.0	TRUE	A	2.2632346E-5	32.0	0.004053499	0.998869	81.39518	0.16038285	0.98965	0.0
SPIKE	S8:A>C	15	225847	6.6416644E-5	197.2763	40.0	TRUE	A	1.3102203E-5	21.0	0.002572196	0.9993451	46.36832	0.14127259	0.95366293	0.0
SPIKE	S8:A>T	0	225847	0.0	9999.0	0.0	TRUE	A	4.267854E-5	48.0	0.0030717659	0.99786836	34.27699	0.2014275	0.99020606	0.0
SPIKE	I9:>G	2	225855	8.855239E-6	9999.0	39.972164	TRUE		NaN	NaN	NaN	NaN	NaN	NaN	NaN	NaN
SPIKE	S9:G>A	50	225855	2.2138098E-4	1074.6593	39.88	TRUE	G	5.529022E-6	18.0	8.660954E-4	0.9997236	1204.0187	0.069435544	0.9909207	0.0
SPIKE	S9:G>C	3	225855	1.3282858E-5	11.34142	39.666668	TRUE	G	4.6254303E-5	0.0	0.0031132735	0.99768996	88.14044	0.11889424	0.99038714	1.0
SPIKE	S9:G>T	14	225855	6.198667E-5	202.40843	38.92857	TRUE	G	9.107384E-6	15.0	0.004259362	0.99954474	85.076675	0.13771647	0.9897663	0.0
SPIKE	D9-10:G>	37	225855	1.6382193E-4	9999.0	39.972164	TRUE		NaN	NaN	NaN	NaN	NaN	NaN	NaN	NaN
SPIKE	D9-11:GA>	15	225855	6.641429E-5	9999.0	39.972164	TRUE		NaN	NaN	NaN	NaN	NaN	NaN	NaN	NaN
SPIKE	S10:A>G	10	225856	4.4276E-5	100.22744	39.8	TRUE	A	1.9802514E-5	28.0	0.004053499	0.9990104	81.39842	0.16038285	0.98965	0.0
SPIKE	S10:A>C	8	225856	3.54208E-5	62.247044	39.875	TRUE	A	2.8929864E-5	0.0	0.002572196	0.9985545	46.370167	0.14127259	0.95366293	1.0
SPIKE	D10-11:A>	57	225856	2.523732E-4	9999.0	39.96631	TRUE		NaN	NaN	NaN	NaN	NaN	NaN	NaN	NaN
SPIKE	D10-12:AC>	1	225856	4.4276E-6	9999.0	39.96631	TRUE		NaN	NaN	NaN	NaN	NaN	NaN	NaN	NaN
SPIKE	S10:A>T	0	225856	0.0	9999.0	0.0	TRUE	A	3.0476913E-5	1.0	0.0030717659	0.99847734	34.278355	0.2014275	0.99020606	1.0
SPIKE	S11:C>G	3	225857	1.3282741E-5	12.963847	40.0	TRUE	C	3.9641658E-5	0.0	0.0040625217	0.9980199	79.27045	0.11340755	0.99014544	1.0
SPIKE	S11:C>T	8	225857	3.5420642E-5	10.51335	39.125	TRUE	C	1.9107382E-4	442.0	0.0036270032	0.9904918	396.9496	0.09799197	0.9866793	0.0
SPIKE	D11-12:C>	40	225857	1.7710321E-4	9999.0	39.847824	TRUE		NaN	NaN	NaN	NaN	NaN	NaN	NaN	NaN
SPIKE	S11:C>A	0	225857	0.0	9999.0	0.0	TRUE	C	2.2669388E-5	4.0	0.0069589084	0.99886715	35.36208	0.14580365	0.9868469	1.0
SPIKE	I12:>G	1	225859	4.427541E-6	9999.0	39.913097	TRUE		NaN	NaN	NaN	NaN	NaN	NaN	NaN	NaN
SPIKE	S12:G>A	52	225859	2.3023214E-4	585.0574	39.76923	TRUE	G	6.2353974E-5	203.0	8.660954E-4	0.99688715	1204.04	0.069435544	0.9909207	0.0
SPIKE	S12:G>C	7	225859	3.099279E-5	38.967068	40.0	TRUE	G	4.6254303E-5	5.0	0.0031132735	0.99768996	88.142	0.11889424	0.99038714	1.0
SPIKE	S12:G>T	18	225859	7.969574E-5	144.87996	39.444443	TRUE	G	5.1655068E-5	5.0	0.004259362	0.99742055	85.078186	0.13771647	0.9897663	1.0
SPIKE	D12-13:G>	28	225859	1.2397116E-4	9999.0	39.913097	TRUE		NaN	NaN	NaN	NaN	NaN	NaN	NaN	NaN
SPIKE	D12-14:GA>	1	225859	4.427541E-6	9999.0	39.913097	TRUE		NaN	NaN	NaN	NaN	NaN	NaN	NaN	NaN
SPIKE	S13:A>G	5	225859	2.2137705E-5	61.596306	39.0	TRUE	A	7.0722326E-6	10.0	0.004053499	0.9996464	81.399506	0.16038285	0.98965	0.0
SPIKE	S13:A>C	14	225859	6.198558E-5	133.89908	39.857143	TRUE	A	2.8929864E-5	0.0	0.002572196	0.9985545	46.370785	0.14127259	0.95366293	1.0
SPIKE	S13:A>T	3	225859	1.32826235E-5	15.854994	40.0	TRUE	A	3.0476913E-5	0.0	0.0030717659	0.99847734	34.27881	0.2014275	0.99020606	1.0
SPIKE	D13-14:A>	10	225859	4.427541E-5	9999.0	39.95896	TRUE		NaN	NaN	NaN	NaN	NaN	NaN	NaN	NaN
SPIKE	S14:C>G	2	225859	8.855082E-6	22.582495	40.0	TRUE	C	6.000921E-6	12.0	0.0040625217	0.9997	79.27115	0.11340755	0.99014544	0.0
SPIKE	S14:C>T	10	225859	4.427541E-5	23.443306	39.9	TRUE	C	1.5303062E-4	354.0	0.0036270032	0.99237764	396.9531	0.09799197	0.9866793	0.0
SPIKE	D14-15:C>	12	225859	5.3130494E-5	9999.0	39.894386	TRUE		NaN	NaN	NaN	NaN	NaN	NaN	NaN	NaN
SPIKE	S14:C>A	0	225859	0.0	9999.0	0.0	TRUE	C	2.2669388E-5	3.0	0.0069589084	0.99886715	35.362392	0.14580365	0.9868469	1.0
SPIKE	S15:A>G	7	225859	3.099279E-5	36.800137	40.0	TRUE	A	5.0212853E-5	71.0	0.004053499	0.9974925	81.399506	0.16038285	0.98965	0.0
SPIKE	S15:A>C	10	225859	4.427541E-5	84.58957	40.0	TRUE	A	2.8929864E-5	7.0	0.002572196	0.9985545	46.370785	0.14127259	0.95366293	1.0
SPIKE	D15-16:A>	6	225859	2.6565247E-5	9999.0	39.950916	TRUE		NaN	NaN	NaN	NaN	NaN	NaN	NaN	NaN
SPIKE	I15:>A	2	225859	8.855082E-6	9999.0	39.950916	TRUE		NaN	NaN	NaN	NaN	NaN	NaN	NaN	NaN
SPIKE	S15:A>T	0	225859	0.0	9999.0	0.0	TRUE	A	1.0669069E-5	12.0	0.0030717659	0.9994667	34.27881	0.2014275	0.99020606	0.0
SPIKE	S16:G>A	47	225859	2.0809443E-4	931.5649	39.68085	TRUE	G	7.679061E-6	25.0	8.660954E-4	0.99961615	1204.04	0.069435544	0.9909207	0.0
SPIKE	S16:G>T	21	225859	9.2978364E-5	180.99582	39.095238	TRUE	G	5.1655068E-5	9.0	0.004259362	0.99742055	85.078186	0.13771647	0.9897663	1.0
SPIKE	S16:G>C	6	225859	2.6565247E-5	31.041796	40.0	TRUE	G	4.6254303E-5	0.0	0.0031132735	0.99768996	88.142	0.11889424	0.99038714	1.0
SPIKE	D16-17:G>	9	225859	3.984787E-5	9999.0	39.975544	TRUE		NaN	NaN	NaN	NaN	NaN	NaN	NaN	NaN
SPIKE	S17:A>G	7	225859	3.099279E-5	87.37708	40.0	TRUE	A	8.486679E-6	12.0	0.004053499	0.99957573	81.399506	0.16038285	0.98965	0.0
SPIKE	S17:A>C	9	225859	3.984787E-5	73.19555	39.444443	TRUE	A	2.8929864E-5	1.0	0.002572196	0.9985545	46.370785	0.14127259	0.95366293	1.0
SPIKE	D17-18:A>	21	225859	9.2978364E-5	9999.0	39.9803	TRUE		NaN	NaN	NaN	NaN	NaN	NaN	NaN	NaN
SPIKE	S17:A>T	0	225859	0.0	9999.0	0.0	TRUE	A	3.0476913E-5	3.0	0.0030717659	0.99847734	34.27881	0.2014275	0.99020606	1.0
SPIKE	S18:A>T	1	225859	4.427541E-6	4.4306445	40.0	TRUE	A	3.0476913E-5	4.0	0.0030717659	0.99847734	34.27881	0.2014275	0.99020606	1.0
SPIKE	S18:A>C	10	225859	4.427541E-5	84.58957	39.8	TRUE	A	2.8929864E-5	2.0	0.002572196	0.9985545	46.370785	0.14127259	0.95366293	1.0
SPIKE	S18:A>G	0	225859	0.0	9999.0	0.0	TRUE	A	1.3437242E-5	19.0	0.004053499	0.9993284	81.399506	0.16038285	0.98965	0.0
SPIKE	S19:C>G	2	225859	8.855082E-6	7.587608	39.0	TRUE	C	3.9641658E-5	5.0	0.0040625217	0.9980199	79.27115	0.11340755	0.99014544	1.0
SPIKE	S19:C>A	2	225859	8.855082E-6	11.710889	40.0	TRUE	C	2.2669388E-5	8.0	0.0069589084	0.99886715	35.362392	0.14580365	0.9868469	1.0
SPIKE	S19:C>T	5	225859	2.2137705E-5	27.361986	37.6	TRUE	C	3.8041508E-5	88.0	0.0036270032	0.99809974	396.9531	0.09799197	0.9866793	0.0
SPIKE	S20:C>G	1	225859	4.427541E-6	3.459705	40.0	TRUE	C	3.9641658E-5	0.0	0.0040625217	0.9980199	79.27115	0.11340755	0.99014544	1.0
SPIKE	S20:C>A	64	225859	2.8336263E-4	1068.9597	39.765625	TRUE	C	2.1154956E-5	33.0	0.0069589084	0.9989428	35.362392	0.14580365	0.9868469	0.0
SPIKE	S20:C>T	4	225859	1.7710165E-5	44.577953	40.0	TRUE	C	8.2135075E-6	19.0	0.0036270032	0.9995894	396.9531	0.09799197	0.9866793	0.0
SPIKE	S21:A>G	7	225859	3.099279E-5	77.08163	40.0	TRUE	A	1.2022795E-5	17.0	0.004053499	0.99939907	81.399506	0.16038285	0.98965	0.0
SPIKE	S21:A>T	1	225859	4.427541E-6	4.4306445	40.0	TRUE	A	3.0476913E-5	4.0	0.0030717659	0.99847734	34.27881	0.2014275	0.99020606	1.0
SPIKE	S21:A>C	2	225859	8.855082E-6	9.858257	40.0	TRUE	A	2.8929864E-5	4.0	0.002572196	0.9985545	46.370785	0.14127259	0.95366293	1.0
SPIKE	S22:A>T	225859	225859	1.0	Infinity	39.996365	FALSE	T	3.0476913E-5	0.0	0.0030717659	0.99847734	34.27881	0.2014275	0.99020606	1.0
SPIKE	S22:A>G	0	225859	0.0	9999.0	0.0	FALSE	T	5.7567624E-5	0.0	0.004053499	0.99712574	81.399506	0.16038285	0.98965	1.0
SPIKE	S22:A>C	0	225859	0.0	9999.0	0.0	FALSE	T	2.8929864E-5	0.0	0.002572196	0.9985545	46.370785	0.14127259	0.95366293	1.0
SPIKE	S23:A>G	0	225859	0.0	9999.0	0.0	TRUE	A	5.7567624E-5	0.0	0.004053499	0.99712574	81.399506	0.16038285	0.98965	1.0
SPIKE	S23:A>C	0	225859	0.0	9999.0	0.0	TRUE	A	2.8929864E-5	0.0	0.002572196	0.9985545	46.370785	0.14127259	0.95366293	1.0
SPIKE	S23:A>T	0	225859	0.0	9999.0	0.0	TRUE	A	3.0476913E-5	2.0	0.0030717659	0.99847734	34.27881	0.2014275	0.99020606	1.0
SPIKE	S24:A>T	225859	225859	1.0	Infinity	39.99641	FALSE	T	3.0476913E-5	0.0	0.0030717659	0.99847734	34.27881	0.2014275	0.99020606	1.0
SPIKE	S24:A>G	0	225859	0.0	9999.0	0.0	FALSE	T	5.7567624E-5	0.0	0.004053499	0.99712574	81.399506	0.16038285	0.98965	1.0
SPIKE	S24:A>C	0	225859	0.0	9999.0	0.0	FALSE	T	2.8929864E-5	0.0	0.002572196	0.9985545	46.370785	0.14127259	0.95366293	1.0
SPIKE	S25:A>C	225859	225859	1.0	Infinity	39.99636	FALSE	C	2.8929864E-5	0.0	0.002572196	0.9985545	46.370785	0.14127259	0.95366293	1.0
SPIKE	S25:A>G	0	225859	0.0	9999.0	0.0	FALSE	C	5.7567624E-5	0.0	0.004053499	0.99712574	81.399506	0.16038285	0.98965	1.0
SPIKE	S25:A>T	0	225859	0.0	9999.0	0.0	FALSE	C	3.0476913E-5	2.0	0.0030717659	0.99847734	34.27881	0.2014275	0.99020606	1.0
SPIKE	S26:T>C	1	225860	4.4275216E-6	5.6929064	40.0	TRUE	T	2.2104688E-5	33.0	0.0050720135	0.99889535	64.91986	0.1520611	0.99027765	0.0
SPIKE	S26:T>A	0	225860	0.0	9999.0	0.0	TRUE	T	3.2722757E-5	2.0	0.0031976877	0.9983652	43.172985	0.17173868	0.9927149	1.0
SPIKE	S26:T>G	0	225860	0.0	9999.0	0.0	TRUE	T	8.086918E-5	2.0	0.002711439	0.9959647	164.84303	0.11110431	0.99128014	1.0
SPIKE	S27:G>T	8	225860	3.5420173E-5	105.56561	37.375	TRUE	G	7.8928915E-6	13.0	0.004259362	0.9996054	85.07856	0.13771647	0.9897663	0.0
SPIKE	S27:G>A	0	225860	0.0	9999.0	0.0	TRUE	G	3.378772E-6	11.0	8.660954E-4	0.9998311	1204.0454	0.069435544	0.9909207	0.0
SPIKE	S27:G>C	0	225860	0.0	9999.0	0.0	TRUE	G	4.6254303E-5	0.0	0.0031132735	0.99768996	88.142395	0.11889424	0.99038714	1.0
SPIKE	S28:G>A	2	225860	8.855043E-6	19.557278	40.0	TRUE	G	8.60051E-6	28.0	8.660954E-4	0.9995701	1204.0454	0.069435544	0.9909207	0.0
SPIKE	S28:G>T	5	225860	2.2137607E-5	39.943935	39.2	TRUE	G	2.0035803E-5	33.0	0.004259362	0.9989987	85.07856	0.13771647	0.9897663	0.0
SPIKE	S28:G>C	0	225860	0.0	9999.0	0.0	TRUE	G	4.6254303E-5	0.0	0.0031132735	0.99768996	88.142395	0.11889424	0.99038714	1.0
SPIKE	S29:G>A	4	225860	1.7710086E-5	43.8039	40.0	TRUE	G	8.60051E-6	28.0	8.660954E-4	0.9995701	1204.0454	0.069435544	0.9909207	0.0
SPIKE	S29:G>T	4	225860	1.7710086E-5	15.572989	40.0	TRUE	G	5.1655068E-5	2.0	0.004259362	0.99742055	85.07856	0.13771647	0.9897663	1.0
SPIKE	S29:G>C	0	225860	0.0	9999.0	0.0	TRUE	G	4.6254303E-5	0.0	0.0031132735	0.99768996	88.142395	0.11889424	0.99038714	1.0
SPIKE	S30:A>G	0	225860	0.0	9999.0	0.0	TRUE	A	5.7567624E-5	9.0	0.004053499	0.99712574	81.399864	0.16038285	0.98965	1.0
SPIKE	S30:A>C	0	225860	0.0	9999.0	0.0	TRUE	A	2.8929864E-5	0.0	0.002572196	0.9985545	46.37099	0.14127259	0.95366293	1.0
SPIKE	S30:A>T	0	225860	0.0	9999.0	0.0	TRUE	A	3.0476913E-5	1.0	0.0030717659	0.99847734	34.27896	0.2014275	0.99020606	1.0
SPIKE	S31:T>C	1	225860	4.4275216E-6	3.135642	40.0	TRUE	T	4.3485852E-5	5.0	0.0050720135	0.99782807	64.91986	0.1520611	0.99027765	1.0
SPIKE	S31:T>A	0	225860	0.0	9999.0	0.0	TRUE	T	3.2722757E-5	0.0	0.0031976877	0.9983652	43.172985	0.17173868	0.9927149	1.0
SPIKE	S31:T>G	0	225860	0.0	9999.0	0.0	TRUE	T	8.086918E-5	0.0	0.002711439	0.9959647	164.84303	0.11110431	0.99128014	1.0
SPIKE	S32:C>T	6	225860	2.6565129E-5	36.012905	39.833332	TRUE	C	3.7176764E-5	86.0	0.0036270032	0.9981429	396.95486	0.09799197	0.9866793	0.0
SPIKE	S32:C>A	17	225860	7.526787E-5	191.75162	38.588234	TRUE	C	2.2669388E-5	6.0	0.0069589084	0.99886715	35.36255	0.14580365	0.9868469	1.0
SPIKE	S32:C>G	0	225860	0.0	9999.0	0.0	TRUE	C	3.9641658E-5	1.0	0.0040625217	0.9980199	79.2715	0.11340755	0.99014544	1.0
SPIKE	S33:C>T	1	225860	4.4275216E-6	4.8034463	39.0	TRUE	C	2.766643E-5	64.0	0.0036270032	0.99861765	396.95486	0.09799197	0.9866793	0.0
SPIKE	S33:C>A	60	225860	2.656513E-4	986.3387	39.6	TRUE	C	2.1154861E-5	33.0	0.0069589084	0.9989428	35.36255	0.14580365	0.9868469	0.0
SPIKE	S33:C>G	0	225860	0.0	9999.0	0.0	TRUE	C	3.9641658E-5	0.0	0.0040625217	0.9980199	79.2715	0.11340755	0.99014544	1.0
SPIKE	S34:A>G	2	225860	8.855043E-6	8.837871	40.0	TRUE	A	3.3239347E-5	47.0	0.004053499	0.9983394	81.399864	0.16038285	0.98965	0.0
SPIKE	S34:A>C	0	225860	0.0	9999.0	0.0	TRUE	A	2.8929864E-5	4.0	0.002572196	0.9985545	46.37099	0.14127259	0.95366293	1.0
SPIKE	S34:A>T	0	225860	0.0	9999.0	0.0	TRUE	A	3.0476913E-5	6.0	0.0030717659	0.99847734	34.27896	0.2014275	0.99020606	1.0
SPIKE	S35:T>C	1	225860	4.4275216E-6	1.9923662	40.0	TRUE	T	6.229503E-5	93.0	0.0050720135	0.99689007	64.91986	0.1520611	0.99027765	0.0
SPIKE	S35:T>A	2	225860	8.855043E-6	8.951539	40.0	TRUE	T	3.2722757E-5	9.0	0.0031976877	0.9983652	43.172985	0.17173868	0.9927149	1.0
SPIKE	S35:T>G	0	225860	0.0	9999.0	0.0	TRUE	T	5.8869946E-6	12.0	0.002711439	0.9997057	164.84303	0.11110431	0.99128014	0.0
SPIKE	S36:T>C	1	225860	4.4275216E-6	6.0791607	40.0	TRUE	T	2.009517E-5	30.0	0.0050720135	0.9989957	64.91986	0.1520611	0.99027765	0.0
SPIKE	S36:T>A	0	225860	0.0	9999.0	0.0	TRUE	T	3.2722757E-5	1.0	0.0031976877	0.9983652	43.172985	0.17173868	0.9927149	1.0
SPIKE	S36:T>G	0	225860	0.0	9999.0	0.0	TRUE	T	8.086918E-5	1.0	0.002711439	0.9959647	164.84303	0.11110431	0.99128014	1.0
SPIKE	S37:A>G	0	225860	0.0	9999.0	0.0	TRUE	A	3.0410465E-5	43.0	0.004053499	0.9984806	81.399864	0.16038285	0.98965	0.0
SPIKE	S37:A>C	0	225860	0.0	9999.0	0.0	TRUE	A	2.8929864E-5	1.0	0.002572196	0.9985545	46.37099	0.14127259	0.95366293	1.0
SPIKE	S37:A>T	0	225860	0.0	9999.0	0.0	TRUE	A	3.0476913E-5	1.0	0.0030717659	0.99847734	34.27896	0.2014275	0.99020606	1.0
SPIKE	S38:T>A	0	225860	0.0	9999.0	0.0	TRUE	T	3.2722757E-5	5.0	0.0031976877	0.9983652	43.172985	0.17173868	0.9927149	1.0
SPIKE	S38:T>G	0	225860	0.0	9999.0	0.0	TRUE	T	8.086918E-5	0.0	0.002711439	0.9959647	164.84303	0.11110431	0.99128014	1.0
SPIKE	S38:T>C	0	225860	0.0	9999.0	0.0	TRUE	T	4.3485852E-5	3.0	0.0050720135	0.99782807	64.91986	0.1520611	0.99027765	1.0
SPIKE	S39:C>T	16	225860	7.0840346E-5	85.83992	40.0	TRUE	C	9.2509625E-5	214.0	0.0036270032	0.9953852	396.95486	0.09799197	0.9866793	0.0
SPIKE	S39:C>A	79	225860	3.497742E-4	1364.3456	39.126583	TRUE	C	2.2669388E-5	4.0	0.0069589084	0.99886715	35.36255	0.14580365	0.9868469	1.0
SPIKE	S39:C>G	1	225860	4.4275216E-6	3.4596891	40.0	TRUE	C	3.9641658E-5	0.0	0.0040625217	0.9980199	79.2715	0.11340755	0.99014544	1.0
SPIKE	S40:G>T	5	225860	2.2137607E-5	49.218346	37.8	TRUE	G	1.2750056E-5	21.0	0.004259362	0.9993627	85.07856	0.13771647	0.9897663	0.0
SPIKE	S40:G>A	7	225860	3.099265E-5	49.842216	39.142857	TRUE	G	3.102327E-5	101.0	8.660954E-4	0.99845004	1204.0454	0.069435544	0.9909207	0.0
SPIKE	S40:G>C	0	225860	0.0	9999.0	0.0	TRUE	G	4.6254303E-5	1.0	0.0031132735	0.99768996	88.142395	0.11889424	0.99038714	1.0
SPIKE	S41:G>T	4	225860	1.7710086E-5	15.572989	38.0	TRUE	G	5.1655068E-5	5.0	0.004259362	0.99742055	85.07856	0.13771647	0.9897663	1.0
SPIKE	S41:G>A	6	225860	2.6565129E-5	57.819855	37.833332	TRUE	G	1.5050893E-5	49.0	8.660954E-4	0.9992477	1204.0454	0.069435544	0.9909207	0.0
SPIKE	S41:G>C	0	225860	0.0	9999.0	0.0	TRUE	G	4.6254303E-5	1.0	0.0031132735	0.99768996	88.142395	0.11889424	0.99038714	1.0
SPIKE	S42:C>T	28	225860	1.239706E-4	112.73162	39.82143	TRUE	C	2.1657627E-4	501.0	0.0036270032	0.9892296	396.95486	0.09799197	0.9866793	0.0
SPIKE	S42:C>A	12	225860	5.3130258E-5	120.68097	39.333332	TRUE	C	2.2669388E-5	0.0	0.0069589084	0.99886715	35.36255	0.14580365	0.9868469	1.0
SPIKE	S42:C>G	0	225860	0.0	9999.0	0.0	TRUE	C	3.9641658E-5	0.0	0.0040625217	0.9980199	79.2715	0.11340755	0.99014544	1.0
SPIKE	S43:G>T	6	225860	2.6565129E-5	28.593515	39.666668	TRUE	G	5.1655068E-5	6.0	0.004259362	0.99742055	85.07856	0.13771647	0.9897663	1.0
SPIKE	S43:G>A	9	225860	3.9847695E-5	68.89721	38.666668	TRUE	G	3.2559077E-5	106.0	8.660954E-4	0.9983734	1204.0454	0.069435544	0.9909207	0.0
SPIKE	S43:G>C	0	225860	0.0	9999.0	0.0	TRUE	G	4.6254303E-5	0.0	0.0031132735	0.99768996	88.142395	0.11889424	0.99038714	1.0
SPIKE	S44:G>C	1	225860	4.4275216E-6	2.9256027	40.0	TRUE	G	4.6254303E-5	0.0	0.0031132735	0.99768996	88.142395	0.11889424	0.99038714	1.0
SPIKE	S44:G>T	3	225860	1.3282564E-5	10.219717	39.333332	TRUE	G	5.1655068E-5	5.0	0.004259362	0.99742055	85.07856	0.13771647	0.9897663	1.0
SPIKE	S44:G>A	5	225860	2.2137607E-5	16.570616	38.8	TRUE	G	6.972557E-5	227.0	8.660954E-4	0.9965198	1204.0454	0.069435544	0.9909207	0.0
SPIKE	S45:C>T	32	225860	1.4168069E-4	118.55881	39.25	TRUE	C	2.6758626E-4	619.0	0.0036270032	0.9867098	396.95486	0.09799197	0.9866793	0.0
SPIKE	S45:C>A	18	225860	7.969539E-5	206.70035	39.72222	TRUE	C	2.2669388E-5	6.0	0.0069589084	0.99886715	35.36255	0.14580365	0.9868469	1.0
SPIKE	S45:C>G	0	225860	0.0	9999.0	0.0	TRUE	C	3.9641658E-5	2.0	0.0040625217	0.9980199	79.2715	0.11340755	0.99014544	1.0
SPIKE	S46:G>T	2	225860	8.855043E-6	5.8220925	40.0	TRUE	G	5.1655068E-5	2.0	0.004259362	0.99742055	85.07856	0.13771647	0.9897663	1.0
SPIKE	S46:G>A	8	225860	3.5420173E-5	22.967892	38.25	TRUE	G	1.0934935E-4	356.0	8.660954E-4	0.9945474	1204.0454	0.069435544	0.9909207	0.0
SPIKE	S46:G>C	0	225860	0.0	9999.0	0.0	TRUE	G	4.6254303E-5	2.0	0.0031132735	0.99768996	88.142395	0.11889424	0.99038714	1.0
SPIKE	S47:A>G	1	225860	4.4275216E-6	2.2256086	40.0	TRUE	A	5.7567624E-5	7.0	0.004053499	0.99712574	81.399864	0.16038285	0.98965	1.0
SPIKE	S47:A>C	0	225860	0.0	9999.0	0.0	TRUE	A	2.8929864E-5	0.0	0.002572196	0.9985545	46.37099	0.14127259	0.95366293	1.0
SPIKE	S47:A>T	0	225860	0.0	9999.0	0.0	TRUE	A	3.0476913E-5	3.0	0.0030717659	0.99847734	34.27896	0.2014275	0.99020606	1.0
SPIKE	S48:A>C	1	225860	4.4275216E-6	4.630474	39.0	TRUE	A	2.8929864E-5	6.0	0.002572196	0.9985545	46.37099	0.14127259	0.95366293	1.0
SPIKE	S48:A>G	2	225860	8.855043E-6	14.686173	38.0	TRUE	A	1.5558842E-5	22.0	0.004053499	0.99922234	81.399864	0.16038285	0.98965	0.0
SPIKE	S48:A>T	0	225860	0.0	9999.0	0.0	TRUE	A	1.6003532E-5	18.0	0.0030717659	0.99920017	34.27896	0.2014275	0.99020606	0.0
SPIKE	I49:>T	1	225860	4.4275216E-6	9999.0	39.912155	TRUE		NaN	NaN	NaN	NaN	NaN	NaN	NaN	NaN
SPIKE	D49-50:T>	4	225860	1.7710086E-5	9999.0	39.912155	TRUE		NaN	NaN	NaN	NaN	NaN	NaN	NaN	NaN
SPIKE	S49:T>A	0	225860	0.0	9999.0	0.0	TRUE	T	3.2722757E-5	7.0	0.0031976877	0.9983652	43.172985	0.17173868	0.9927149	1.0
SPIKE	S49:T>G	0	225860	0.0	9999.0	0.0	TRUE	T	8.086918E-5	5.0	0.002711439	0.9959647	164.84303	0.11110431	0.99128014	1.0
SPIKE	S49:T>C	0	225860	0.0	9999.0	0.0	TRUE	T	1.7415814E-5	26.0	0.0050720135	0.9991296	64.91986	0.1520611	0.99027765	0.0
SPIKE	S50:T>A	1	225860	4.4275216E-6	4.161518	38.0	TRUE	T	3.2722757E-5	2.0	0.0031976877	0.9983652	43.172985	0.17173868	0.9927149	1.0
SPIKE	S50:T>G	0	225860	0.0	9999.0	0.0	TRUE	T	8.086918E-5	3.0	0.002711439	0.9959647	164.84303	0.11110431	0.99128014	1.0
SPIKE	S50:T>C	0	225860	0.0	9999.0	0.0	TRUE	T	9.377746E-6	14.0	0.0050720135	0.9995312	64.91986	0.1520611	0.99027765	0.0
SPIKE	S51:T>A	0	225860	0.0	9999.0	0.0	TRUE	T	2.8043974E-5	37.0	0.0031976877	0.99859875	43.172985	0.17173868	0.9927149	0.0
SPIKE	S51:T>G	0	225860	0.0	9999.0	0.0	TRUE	T	8.086918E-5	3.0	0.002711439	0.9959647	164.84303	0.11110431	0.99128014	1.0
SPIKE	S51:T>C	0	225860	0.0	9999.0	0.0	TRUE	T	1.9425332E-5	29.0	0.0050720135	0.9990292	64.91986	0.1520611	0.99027765	0.0
SPIKE	S52:A>G	1	225860	4.4275216E-6	2.6543427	40.0	TRUE	A	5.021263E-5	71.0	0.004053499	0.9974925	81.399864	0.16038285	0.98965	0.0
SPIKE	S52:A>C	0	225860	0.0	9999.0	0.0	TRUE	A	2.3083505E-5	37.0	0.002572196	0.9988465	46.37099	0.14127259	0.95366293	0.0
SPIKE	S52:A>T	0	225860	0.0	9999.0	0.0	TRUE	A	3.0476913E-5	6.0	0.0030717659	0.99847734	34.27896	0.2014275	0.99020606	1.0
SPIKE	S53:C>T	18	225860	7.969539E-5	36.52242	39.333332	TRUE	C	2.7320598E-4	632.0	0.0036270032	0.98643255	396.95486	0.09799197	0.9866793	0.0
SPIKE	S53:C>G	5	225860	2.2137607E-5	63.38295	38.8	TRUE	C	6.500969E-6	13.0	0.0040625217	0.999675	79.2715	0.11340755	0.99014544	0.0
SPIKE	S53:C>A	2	225860	8.855043E-6	11.710855	40.0	TRUE	C	2.2669388E-5	9.0	0.0069589084	0.99886715	35.36255	0.14580365	0.9868469	1.0
SPIKE	S54:C>T	6	225860	2.6565129E-5	43.71531	40.0	TRUE	C	2.6801854E-5	62.0	0.0036270032	0.9986608	396.95486	0.09799197	0.9866793	0.0
SPIKE	S54:C>A	100	225860	4.4275215E-4	1611.5906	40.0	TRUE	C	3.718127E-5	58.0	0.0069589084	0.99814266	35.36255	0.14580365	0.9868469	0.0
SPIKE	S54:C>G	0	225860	0.0	9999.0	0.0	TRUE	C	3.9641658E-5	3.0	0.0040625217	0.9980199	79.2715	0.11340755	0.99014544	1.0
SPIKE	S55:A>T	1	225860	4.4275216E-6	4.430628	40.0	TRUE	A	3.0476913E-5	3.0	0.0030717659	0.99847734	34.27896	0.2014275	0.99020606	1.0
SPIKE	S55:A>C	1	225860	4.4275216E-6	0.7100823	40.0	TRUE	A	1.08554865E-4	174.0	0.002572196	0.99458694	46.37099	0.14127259	0.95366293	0.0
SPIKE	S55:A>G	7	225860	3.099265E-5	63.604652	40.0	TRUE	A	1.9094943E-5	27.0	0.004053499	0.9990457	81.399864	0.16038285	0.98965	0.0
SPIKE	S56:C>T	8	225860	3.5420173E-5	65.78259	40.0	TRUE	C	2.5937277E-5	60.0	0.0036270032	0.99870396	396.95486	0.09799197	0.9866793	0.0
SPIKE	S56:C>A	10	225860	4.4275213E-5	55.15391	40.0	TRUE	C	6.0900362E-5	95.0	0.0069589084	0.9969596	35.36255	0.14580365	0.9868469	0.0
SPIKE	S56:C>G	0	225860	0.0	9999.0	0.0	TRUE	C	3.9641658E-5	6.0	0.0040625217	0.9980199	79.2715	0.11340755	0.99014544	1.0
SPIKE	S57:C>T	7	225860	3.099265E-5	88.349075	40.0	TRUE	C	8.213471E-6	19.0	0.0036270032	0.9995894	396.95486	0.09799197	0.9866793	0.0
SPIKE	S57:C>G	1	225860	4.4275216E-6	3.4596891	40.0	TRUE	C	3.9641658E-5	0.0	0.0040625217	0.9980199	79.2715	0.11340755	0.99014544	1.0
SPIKE	S57:C>A	102	225860	4.516072E-4	1615.9401	40.0	TRUE	C	4.0386556E-5	63.0	0.0069589084	0.9979827	35.36255	0.14580365	0.9868469	0.0
SPIKE	S58:A>T	1	225860	4.4275216E-6	3.5893333	40.0	TRUE	A	3.823066E-5	43.0	0.0030717659	0.99809027	34.27896	0.2014275	0.99020606	0.0
SPIKE	S58:A>C	1	225860	4.4275216E-6	0.98553693	40.0	TRUE	A	9.358178E-5	150.0	0.002572196	0.9953318	46.37099	0.14127259	0.95366293	0.0
SPIKE	S58:A>G	4	225860	1.7710086E-5	35.532635	40.0	TRUE	A	1.41444025E-5	20.0	0.004053499	0.999293	81.399864	0.16038285	0.98965	0.0
SPIKE	S59:T>C	3	225860	1.3282564E-5	6.7332053	40.0	TRUE	T	7.502197E-5	112.0	0.0050720135	0.99625593	64.91986	0.1520611	0.99027765	0.0
SPIKE	S59:T>A	0	225860	0.0	9999.0	0.0	TRUE	T	1.2202919E-4	161.0	0.0031976877	0.9939171	43.172985	0.17173868	0.9927149	0.0
SPIKE	S59:T>G	0	225860	0.0	9999.0	0.0	TRUE	T	8.086918E-5	5.0	0.002711439	0.9959647	164.84303	0.11110431	0.99128014	1.0
SPIKE	S60:T>C	4	225860	1.7710086E-5	23.13139	40.0	TRUE	T	3.0812596E-5	46.0	0.0050720135	0.99846053	64.91986	0.1520611	0.99027765	0.0
SPIKE	S60:T>A	0	225860	0.0	9999.0	0.0	TRUE	T	3.2722757E-5	3.0	0.0031976877	0.9983652	43.172985	0.17173868	0.9927149	1.0
SPIKE	S60:T>G	0	225860	0.0	9999.0	0.0	TRUE	T	2.3547978E-5	48.0	0.002711439	0.9988233	164.84303	0.11110431	0.99128014	0.0
SPIKE	S61:G>T	4	225860	1.7710086E-5	8.03814	40.0	TRUE	G	9.4107556E-5	155.0	0.004259362	0.99530566	85.07856	0.13771647	0.9897663	0.0
SPIKE	S61:G>A	5	225860	2.2137607E-5	36.098953	40.0	TRUE	G	2.4265726E-5	79.0	8.660954E-4	0.99878746	1204.0454	0.069435544	0.9909207	0.0
SPIKE	S61:G>C	0	225860	0.0	9999.0	0.0	TRUE	G	4.6254303E-5	2.0	0.0031132735	0.99768996	88.142395	0.11889424	0.99038714	1.0
SPIKE	S62:A>T	1	225860	4.4275216E-6	4.430628	40.0	TRUE	A	3.0476913E-5	1.0	0.0030717659	0.99847734	34.27896	0.2014275	0.99020606	1.0
SPIKE	S62:A>G	3	225860	1.3282564E-5	2.80766	40.0	TRUE	A	1.2871406E-4	182.0	0.004053499	0.993585	81.399864	0.16038285	0.98965	0.0
SPIKE	D62-63:A>	10	225860	4.4275213E-5	9999.0	40.0	TRUE		NaN	NaN	NaN	NaN	NaN	NaN	NaN	NaN
SPIKE	S62:A>C	0	225860	0.0	9999.0	0.0	TRUE	A	2.8929864E-5	1.0	0.002572196	0.9985545	46.37099	0.14127259	0.95366293	1.0
SPIKE	S63:A>T	3	225860	1.3282564E-5	28.394331	40.0	TRUE	A	1.0669021E-5	12.0	0.0030717659	0.9994667	34.27896	0.2014275	0.99020606	0.0
SPIKE	S63:A>G	3	225860	1.3282564E-5	31.252987	40.0	TRUE	A	8.4866415E-6	12.0	0.004053499	0.99957573	81.399864	0.16038285	0.98965	0.0
SPIKE	S63:A>C	0	225860	0.0	9999.0	0.0	TRUE	A	2.8929864E-5	5.0	0.002572196	0.9985545	46.37099	0.14127259	0.95366293	1.0
SPIKE	S64:A>G	1	225860	4.4275216E-6	9.044206	40.0	TRUE	A	9.901082E-6	14.0	0.004053499	0.99950504	81.399864	0.16038285	0.98965	0.0
SPIKE	S64:A>C	1	225860	4.4275216E-6	4.630474	40.0	TRUE	A	2.8929864E-5	5.0	0.002572196	0.9985545	46.37099	0.14127259	0.95366293	1.0
SPIKE	S64:A>T	1	225860	4.4275216E-6	4.430628	40.0	TRUE	A	3.0476913E-5	3.0	0.0030717659	0.99847734	34.27896	0.2014275	0.99020606	1.0
SPIKE	S65:A>G	3	225860	1.3282564E-5	21.28989	40.0	TRUE	A	1.9094943E-5	27.0	0.004053499	0.9990457	81.399864	0.16038285	0.98965	0.0
SPIKE	S65:A>C	1	225860	4.4275216E-6	0.73967075	40.0	TRUE	A	1.0668323E-4	171.0	0.002572196	0.99468005	46.37099	0.14127259	0.95366293	0.0
SPIKE	S65:A>T	0	225860	0.0	9999.0	0.0	TRUE	A	3.0476913E-5	4.0	0.0030717659	0.99847734	34.27896	0.2014275	0.99020606	1.0
SPIKE	S66:C>A	20	225860	8.855043E-5	229.04332	40.0	TRUE	C	2.50012E-5	39.0	0.0069589084	0.99875075	35.36255	0.14580365	0.9868469	0.0
SPIKE	S66:C>G	2	225860	8.855043E-6	7.587577	40.0	TRUE	C	3.9641658E-5	6.0	0.0040625217	0.9980199	79.2715	0.11340755	0.99014544	1.0
SPIKE	S66:C>T	9	225860	3.9847695E-5	47.141396	40.0	TRUE	C	6.0520313E-5	140.0	0.0036270032	0.9969786	396.95486	0.09799197	0.9866793	0.0
SPIKE	S67:C>A	74	225860	3.2763658E-4	777.87585	40.0	TRUE	C	1.0385114E-4	162.0	0.0069589084	0.9948209	35.36255	0.14580365	0.9868469	0.0
SPIKE	S67:C>T	8	225860	3.5420173E-5	74.49322	40.0	TRUE	C	1.9885247E-5	46.0	0.0036270032	0.9990062	396.95486	0.09799197	0.9866793	0.0
SPIKE	S67:C>G	0	225860	0.0	9999.0	0.0	TRUE	C	3.9641658E-5	1.0	0.0040625217	0.9980199	79.2715	0.11340755	0.99014544	1.0
SPIKE	S68:A>G	4	225860	1.7710086E-5	4.320353	40.0	TRUE	A	1.3790793E-4	195.0	0.004053499	0.9931283	81.399864	0.16038285	0.98965	0.0
SPIKE	S68:A>C	1	225860	4.4275216E-6	4.6614785	40.0	TRUE	A	2.8698412E-5	46.0	0.002572196	0.9985661	46.37099	0.14127259	0.95366293	0.0
SPIKE	S68:A>T	1	225860	4.4275216E-6	4.430628	40.0	TRUE	A	3.0476913E-5	8.0	0.0030717659	0.99847734	34.27896	0.2014275	0.99020606	1.0
SPIKE	I69:>CG	2	225860	8.855043E-6	9999.0	40.0	TRUE		NaN	NaN	NaN	NaN	NaN	NaN	NaN	NaN
SPIKE	S69:G>A	5	225860	2.2137607E-5	23.204054	40.0	TRUE	G	4.760997E-5	155.0	8.660954E-4	0.9976223	1204.0454	0.069435544	0.9909207	0.0
SPIKE	S69:G>T	7	225860	3.099265E-5	36.059193	40.0	TRUE	G	5.1655068E-5	3.0	0.004259362	0.99742055	85.07856	0.13771647	0.9897663	1.0
SPIKE	S69:G>C	0	225860	0.0	9999.0	0.0	TRUE	G	8.02895E-5	153.0	0.0031132735	0.99599355	88.142395	0.11889424	0.99038714	0.0
SPIKE	S70:C>A	12	225860	5.3130258E-5	120.68097	40.0	TRUE	C	2.2669388E-5	6.0	0.0069589084	0.99886715	35.36255	0.14580365	0.9868469	1.0
SPIKE	S70:C>T	34	225860	1.5053574E-4	149.83368	40.0	TRUE	C	2.3170635E-4	536.0	0.0036270032	0.9884815	396.95486	0.09799197	0.9866793	0.0
SPIKE	D70-71:C>	3	225860	1.3282564E-5	9999.0	40.0	TRUE		NaN	NaN	NaN	NaN	NaN	NaN	NaN	NaN
SPIKE	S70:C>G	0	225860	0.0	9999.0	0.0	TRUE	C	1.9002833E-5	38.0	0.0040625217	0.9990503	79.2715	0.11340755	0.99014544	0.0
SPIKE	S71:C>A	82	225860	3.6305675E-4	1688.3302	40.0	TRUE	C	1.0897959E-5	17.0	0.0069589084	0.9994553	35.36255	0.14580365	0.9868469	0.0
SPIKE	S71:C>T	6	225860	2.6565129E-5	68.21933	40.0	TRUE	C	9.942623E-6	23.0	0.0036270032	0.999503	396.95486	0.09799197	0.9866793	0.0
SPIKE	S71:C>G	0	225860	0.0	9999.0	0.0	TRUE	C	7.401103E-5	148.0	0.0040625217	0.9963063	79.2715	0.11340755	0.99014544	0.0
SPIKE	S72:G>A	20	225860	8.855043E-5	132.48074	40.0	TRUE	G	8.0783364E-5	263.0	8.660954E-4	0.995969	1204.0454	0.069435544	0.9909207	0.0
SPIKE	S72:G>T	2	225860	8.855043E-6	3.4913676	40.0	TRUE	G	7.7107485E-5	127.0	0.004259362	0.99615204	85.07856	0.13771647	0.9897663	0.0
SPIKE	D72-73:G>	2	225860	8.855043E-6	9999.0	39.999645	TRUE		NaN	NaN	NaN	NaN	NaN	NaN	NaN	NaN
SPIKE	S72:G>C	0	225860	0.0	9999.0	0.0	TRUE	G	1.9941182E-5	38.0	0.0031132735	0.9990034	88.142395	0.11889424	0.99038714	0.0
SPIKE	S73:T>G	1	225860	4.4275216E-6	1.1947947	40.0	TRUE	T	8.4870844E-5	173.0	0.002711439	0.99576545	164.84303	0.11110431	0.99128014	0.0
SPIKE	S73:T>A	0	225860	0.0	9999.0	0.0	TRUE	T	3.2722757E-5	3.0	0.0031976877	0.9983652	43.172985	0.17173868	0.9927149	1.0
SPIKE	S73:T>C	0	225860	0.0	9999.0	0.0	TRUE	T	8.038069E-6	12.0	0.0050720135	0.9995982	64.91986	0.1520611	0.99027765	0.0
SPIKE	S74:G>A	6	225860	2.6565129E-5	84.62745	40.0	TRUE	G	5.221739E-6	17.0	8.660954E-4	0.99973893	1204.0454	0.069435544	0.9909207	0.0
SPIKE	S74:G>C	1	225860	4.4275216E-6	2.9256027	40.0	TRUE	G	4.6254303E-5	3.0	0.0031132735	0.99768996	88.142395	0.11889424	0.99038714	1.0
SPIKE	S74:G>T	10	225860	4.4275213E-5	75.93286	40.0	TRUE	G	3.5821588E-5	59.0	0.004259362	0.99821055	85.07856	0.13771647	0.9897663	0.0
SPIKE	D74-75:G>	1	225860	4.4275216E-6	9999.0	40.0	TRUE		NaN	NaN	NaN	NaN	NaN	NaN	NaN	NaN
SPIKE	S75:G>A	5	225860	2.2137607E-5	39.706352	40.0	TRUE	G	2.0272631E-5	66.0	8.660954E-4	0.9989869	1204.0454	0.069435544	0.9909207	0.0
SPIKE	S75:G>C	2	225860	8.855043E-6	6.5401793	40.0	TRUE	G	4.6254303E-5	4.0	0.0031132735	0.99768996	88.142395	0.11889424	0.99038714	1.0
SPIKE	S75:G>T	2	225860	8.855043E-6	2.4703941	40.0	TRUE	G	9.532185E-5	157.0	0.004259362	0.9952452	85.07856	0.13771647	0.9897663	0.0
SPIKE	S76:T>C	2	225860	8.855043E-6	17.729378	40.0	TRUE	T	1.0717425E-5	16.0	0.0050720135	0.9994643	64.91986	0.1520611	0.99027765	0.0
SPIKE	S76:T>A	0	225860	0.0	9999.0	0.0	TRUE	T	3.2722757E-5	2.0	0.0031976877	0.9983652	43.172985	0.17173868	0.9927149	1.0
SPIKE	S76:T>G	0	225860	0.0	9999.0	0.0	TRUE	T	2.1095064E-5	43.0	0.002711439	0.99894583	164.84303	0.11110431	0.99128014	0.0
SPIKE	S77:T>A	1	225860	4.4275216E-6	4.161518	40.0	TRUE	T	3.2722757E-5	0.0	0.0031976877	0.9983652	43.172985	0.17173868	0.9927149	1.0
SPIKE	S77:T>C	2	225860	8.855043E-6	18.263441	40.0	TRUE	T	1.0047585E-5	15.0	0.0050720135	0.9994978	64.91986	0.1520611	0.99027765	0.0
SPIKE	S77:T>G	0	225860	0.0	9999.0	0.0	TRUE	T	8.086918E-5	4.0	0.002711439	0.9959647	164.84303	0.11110431	0.99128014	1.0
SPIKE	S78:T>A	1	225860	4.4275216E-6	4.161518	40.0	TRUE	T	3.2722757E-5	3.0	0.0031976877	0.9983652	43.172985	0.17173868	0.9927149	1.0
SPIKE	S78:T>G	0	225860	0.0	9999.0	0.0	TRUE	T	8.094618E-5	165.0	0.002711439	0.9959609	164.84303	0.11110431	0.99128014	0.0
SPIKE	S78:T>C	0	225860	0.0	9999.0	0.0	TRUE	T	1.8755492E-5	28.0	0.0050720135	0.99906266	64.91986	0.1520611	0.99027765	0.0
SPIKE	S79:G>A	6	225860	2.6565129E-5	61.666462	40.0	TRUE	G	1.2900766E-5	42.0	8.660954E-4	0.9993552	1204.0454	0.069435544	0.9909207	0.0
SPIKE	S79:G>T	2	225860	8.855043E-6	14.26659	40.0	TRUE	G	1.6392929E-5	27.0	0.004259362	0.9991807	85.07856	0.13771647	0.9897663	0.0
SPIKE	D79-96:GCGGCGATTTATCGTCG>	1	225860	4.4275216E-6	9999.0	39.999825	TRUE		NaN	NaN	NaN	NaN	NaN	NaN	NaN	NaN
SPIKE	S79:G>C	0	225860	0.0	9999.0	0.0	TRUE	G	8.606195E-5	164.0	0.0031132735	0.99570614	88.142395	0.11889424	0.99038714	0.0
SPIKE	S80:C>A	12	225860	5.3130258E-5	120.68097	40.0	TRUE	C	2.2669388E-5	1.0	0.0069589084	0.99886715	35.36255	0.14580365	0.9868469	1.0
SPIKE	S80:C>T	49	225860	2.1694855E-4	155.03404	40.0	TRUE	C	4.6427728E-4	1074.0	0.0036270032	0.9770535	396.95486	0.09799197	0.9866793	0.0
SPIKE	S80:C>G	0	225860	0.0	9999.0	0.0	TRUE	C	9.251379E-5	185.0	0.0040625217	0.995385	79.2715	0.11340755	0.99014544	0.0
SPIKE	S81:G>A	11	225860	4.8702736E-5	91.929665	40.0	TRUE	G	3.1944754E-5	104.0	8.660954E-4	0.998404	1204.0454	0.069435544	0.9909207	0.0
SPIKE	S81:G>T	4	225860	1.7710086E-5	39.79791	40.0	TRUE	G	1.0928619E-5	18.0	0.004259362	0.9994537	85.07856	0.13771647	0.9897663	0.0
SPIKE	S81:G>C	0	225860	0.0	9999.0	0.0	TRUE	G	1.3119199E-5	25.0	0.0031132735	0.9993442	88.142395	0.11889424	0.99038714	0.0
SPIKE	S82:G>A	5	225860	2.2137607E-5	24.550253	40.0	TRUE	G	4.4231198E-5	144.0	8.660954E-4	0.9977909	1204.0454	0.069435544	0.9909207	0.0
SPIKE	S82:G>T	2	225860	8.855043E-6	5.8220925	40.0	TRUE	G	5.1655068E-5	1.0	0.004259362	0.99742055	85.07856	0.13771647	0.9897663	1.0
SPIKE	S82:G>C	0	225860	0.0	9999.0	0.0	TRUE	G	8.18638E-5	156.0	0.0031132735	0.9959152	88.142395	0.11889424	0.99038714	0.0
SPIKE	S83:C>G	4	225860	1.7710086E-5	8.471561	40.0	TRUE	C	9.0513495E-5	181.0	0.0040625217	0.99548453	79.2715	0.11340755	0.99014544	0.0
SPIKE	S83:C>A	15	225860	6.6412824E-5	162.614	40.0	TRUE	C	2.2669388E-5	4.0	0.0069589084	0.99886715	35.36255	0.14580365	0.9868469	1.0
SPIKE	S83:C>T	49	225860	2.1694855E-4	220.99045	40.0	TRUE	C	3.1859623E-4	737.0	0.0036270032	0.9841964	396.95486	0.09799197	0.9866793	0.0
SPIKE	S84:G>A	20	225860	8.855043E-5	99.51636	40.0	TRUE	G	1.2409309E-4	404.0	8.660954E-4	0.9938145	1204.0454	0.069435544	0.9909207	0.0
SPIKE	S84:G>T	1	225860	4.4275216E-6	2.5630827	40.0	TRUE	G	5.1655068E-5	2.0	0.004259362	0.99742055	85.07856	0.13771647	0.9897663	1.0
SPIKE	S84:G>C	0	225860	0.0	9999.0	0.0	TRUE	G	1.4168735E-5	27.0	0.0031132735	0.99929184	88.142395	0.11889424	0.99038714	0.0
SPIKE	S85:A>G	1	225860	4.4275216E-6	5.996109	40.0	TRUE	A	2.0509384E-5	29.0	0.004053499	0.99897504	81.399864	0.16038285	0.98965	0.0
SPIKE	S85:A>T	1	225860	4.4275216E-6	0.3617433	40.0	TRUE	A	1.3958637E-4	157.0	0.0030717659	0.993045	34.27896	0.2014275	0.99020606	0.0
SPIKE	S85:A>C	0	225860	0.0	9999.0	0.0	TRUE	A	2.8929864E-5	4.0	0.002572196	0.9985545	46.37099	0.14127259	0.95366293	1.0
SPIKE	S86:T>C	3	225860	1.3282564E-5	29.141138	38.666668	TRUE	T	1.0047585E-5	15.0	0.0050720135	0.9994978	64.91986	0.1520611	0.99027765	0.0
SPIKE	D86-87:T>	1	225860	4.4275216E-6	9999.0	39.90985	TRUE		NaN	NaN	NaN	NaN	NaN	NaN	NaN	NaN
SPIKE	S86:T>A	0	225860	0.0	9999.0	0.0	TRUE	T	2.4254248E-5	32.0	0.0031976877	0.998788	43.172985	0.17173868	0.9927149	0.0
SPIKE	S86:T>G	0	225860	0.0	9999.0	0.0	TRUE	T	8.086918E-5	9.0	0.002711439	0.9959647	164.84303	0.11110431	0.99128014	1.0
SPIKE	S87:T>A	1	225860	4.4275216E-6	4.7507873	38.0	TRUE	T	2.8043974E-5	37.0	0.0031976877	0.99859875	43.172985	0.17173868	0.9927149	0.0
SPIKE	S87:T>C	1	225860	4.4275216E-6	6.510908	40.0	TRUE	T	1.8085653E-5	27.0	0.0050720135	0.99909616	64.91986	0.1520611	0.99027765	0.0
SPIKE	S87:T>G	0	225860	0.0	9999.0	0.0	TRUE	T	1.0792824E-5	22.0	0.002711439	0.9994605	164.84303	0.11110431	0.99128014	0.0
SPIKE	S88:T>C	3	225860	1.3282564E-5	10.772237	40.0	TRUE	T	4.8898248E-5	73.0	0.0050720135	0.99755806	64.91986	0.1520611	0.99027765	0.0
SPIKE	S88:T>A	0	225860	0.0	9999.0	0.0	TRUE	T	3.2722757E-5	3.0	0.0031976877	0.9983652	43.172985	0.17173868	0.9927149	1.0
SPIKE	S88:T>G	0	225860	0.0	9999.0	0.0	TRUE	T	8.086918E-5	1.0	0.002711439	0.9959647	164.84303	0.11110431	0.99128014	1.0
SPIKE	S89:A>G	8	225860	3.5420173E-5	57.79308	39.125	TRUE	A	3.3239347E-5	47.0	0.004053499	0.9983394	81.399864	0.16038285	0.98965	0.0
SPIKE	S89:A>T	1	225860	4.4275216E-6	4.430628	40.0	TRUE	A	3.0476913E-5	6.0	0.0030717659	0.99847734	34.27896	0.2014275	0.99020606	1.0
SPIKE	S89:A>C	0	225860	0.0	9999.0	0.0	TRUE	A	2.8929864E-5	1.0	0.002572196	0.9985545	46.37099	0.14127259	0.95366293	1.0
SPIKE	S90:T>C	1	225860	4.4275216E-6	8.449053	40.0	TRUE	T	1.1387264E-5	17.0	0.0050720135	0.9994308	64.91986	0.1520611	0.99027765	0.0
SPIKE	S90:T>A	0	225860	0.0	9999.0	0.0	TRUE	T	3.2722757E-5	4.0	0.0031976877	0.9983652	43.172985	0.17173868	0.9927149	1.0
SPIKE	S90:T>G	0	225860	0.0	9999.0	0.0	TRUE	T	8.086918E-5	0.0	0.002711439	0.9959647	164.84303	0.11110431	0.99128014	1.0
SPIKE	S91:C>A	106	225860	4.6931728E-4	1960.1531	39.320755	TRUE	C	2.2669388E-5	6.0	0.0069589084	0.99886715	35.36255	0.14580365	0.9868469	1.0
SPIKE	S91:C>T	14	225860	6.19853E-5	56.394478	39.5	TRUE	C	1.1931148E-4	276.0	0.0036270032	0.9940522	396.95486	0.09799197	0.9866793	0.0
SPIKE	S91:C>G	0	225860	0.0	9999.0	0.0	TRUE	C	3.9641658E-5	0.0	0.0040625217	0.9980199	79.2715	0.11340755	0.99014544	1.0
SPIKE	S92:G>A	11	225860	4.8702736E-5	41.456116	39.545456	TRUE	G	1.05970576E-4	345.0	8.660954E-4	0.9947155	1204.0454	0.069435544	0.9909207	0.0
SPIKE	S92:G>T	4	225860	1.7710086E-5	15.572989	37.5	TRUE	G	5.1655068E-5	3.0	0.004259362	0.99742055	85.07856	0.13771647	0.9897663	1.0
SPIKE	S92:G>C	0	225860	0.0	9999.0	0.0	TRUE	G	4.6254303E-5	4.0	0.0031132735	0.99768996	88.142395	0.11889424	0.99038714	1.0
SPIKE	S93:T>C	1	225860	4.4275216E-6	3.135642	40.0	TRUE	T	4.3485852E-5	6.0	0.0050720135	0.99782807	64.91986	0.1520611	0.99027765	1.0
SPIKE	S93:T>A	0	225860	0.0	9999.0	0.0	TRUE	T	3.2722757E-5	2.0	0.0031976877	0.9983652	43.172985	0.17173868	0.9927149	1.0
SPIKE	S93:T>G	0	225860	0.0	9999.0	0.0	TRUE	T	8.086918E-5	0.0	0.002711439	0.9959647	164.84303	0.11110431	0.99128014	1.0
SPIKE	S94:C>A	153	225860	6.774108E-4	3065.2974	39.464054	TRUE	C	2.2669388E-5	6.0	0.0069589084	0.99886715	35.36255	0.14580365	0.9868469	1.0
SPIKE	S94:C>T	11	225860	4.8702736E-5	80.76902	38.909092	TRUE	C	4.1067357E-5	95.0	0.0036270032	0.99794877	396.95486	0.09799197	0.9866793	0.0
SPIKE	S94:C>G	0	225860	0.0	9999.0	0.0	TRUE	C	3.9641658E-5	1.0	0.0040625217	0.9980199	79.2715	0.11340755	0.99014544	1.0
SPIKE	S95:G>A	12	225860	5.3130258E-5	34.907024	39.416668	TRUE	G	1.46823E-4	478.0	8.660954E-4	0.99268574	1204.0454	0.069435544	0.9909207	0.0
SPIKE	S95:G>T	2	225860	8.855043E-6	5.8220925	34.5	TRUE	G	5.1655068E-5	2.0	0.004259362	0.99742055	85.07856	0.13771647	0.9897663	1.0
SPIKE	S95:G>C	0	225860	0.0	9999.0	0.0	TRUE	G	4.6254303E-5	2.0	0.0031132735	0.99768996	88.142395	0.11889424	0.99038714	1.0
SPIKE	S96:T>C	1	225860	4.4275216E-6	2.8326597	36.0	TRUE	T	4.755857E-5	71.0	0.0050720135	0.9976249	64.91986	0.1520611	0.99027765	0.0
SPIKE	S96:T>A	0	225860	0.0	9999.0	0.0	TRUE	T	3.2722757E-5	2.0	0.0031976877	0.9983652	43.172985	0.17173868	0.9927149	1.0
SPIKE	S96:T>G	0	225860	0.0	9999.0	0.0	TRUE	T	8.086918E-5	3.0	0.002711439	0.9959647	164.84303	0.11110431	0.99128014	1.0
SPIKE	S97:C>T	8	225860	3.5420173E-5	43.434433	38.875	TRUE	C	5.273913E-5	122.0	0.0036270032	0.9973665	396.95486	0.09799197	0.9866793	0.0
SPIKE	S97:C>A	102	225860	4.516072E-4	1869.7988	39.17647	TRUE	C	2.2669388E-5	4.0	0.0069589084	0.99886715	35.36255	0.14580365	0.9868469	1.0
SPIKE	S97:C>G	2	225860	8.855043E-6	7.587577	40.0	TRUE	C	3.9641658E-5	0.0	0.0040625217	0.9980199	79.2715	0.11340755	0.99014544	1.0
SPIKE	S98:A>G	2	225860	8.855043E-6	17.813942	39.5	TRUE	A	1.0608302E-5	15.0	0.004053499	0.9994697	81.399864	0.16038285	0.98965	0.0
SPIKE	I98:>A	1	225860	4.4275216E-6	9999.0	39.971947	TRUE		NaN	NaN	NaN	NaN	NaN	NaN	NaN	NaN
SPIKE	S98:A>C	0	225860	0.0	9999.0	0.0	TRUE	A	2.8929864E-5	0.0	0.002572196	0.9985545	46.37099	0.14127259	0.95366293	1.0
SPIKE	S98:A>T	0	225860	0.0	9999.0	0.0	TRUE	A	3.0476913E-5	2.0	0.0030717659	0.99847734	34.27896	0.2014275	0.99020606	1.0
SPIKE	S99:T>A	0	225860	0.0	9999.0	0.0	TRUE	T	3.2722757E-5	2.0	0.0031976877	0.9983652	43.172985	0.17173868	0.9927149	1.0
SPIKE	S99:T>G	0	225860	0.0	9999.0	0.0	TRUE	T	8.086918E-5	1.0	0.002711439	0.9959647	164.84303	0.11110431	0.99128014	1.0
SPIKE	S99:T>C	0	225860	0.0	9999.0	0.0	TRUE	T	1.1387264E-5	17.0	0.0050720135	0.9994308	64.91986	0.1520611	0.99027765	0.0
SPIKE	S100:C>T	15	225860	6.6412824E-5	65.43509	39.666668	TRUE	C	1.149886E-4	266.0	0.0036270032	0.99426705	396.95486	0.09799197	0.9866793	0.0
SPIKE	S100:C>A	61	225860	2.700788E-4	1273.3969	39.34426	TRUE	C	7.692677E-6	12.0	0.0069589084	0.99961543	35.36255	0.14580365	0.9868469	0.0
SPIKE	S100:C>G	1	225860	4.4275216E-6	3.4596891	40.0	TRUE	C	3.9641658E-5	2.0	0.0040625217	0.9980199	79.2715	0.11340755	0.99014544	1.0
SPIKE	S101:G>T	3	225860	1.3282564E-5	10.219717	39.666668	TRUE	G	5.1655068E-5	0.0	0.004259362	0.99742055	85.07856	0.13771647	0.9897663	1.0
SPIKE	S101:G>A	10	225860	4.4275213E-5	48.48028	39.5	TRUE	G	7.279718E-5	237.0	8.660954E-4	0.99636674	1204.0454	0.069435544	0.9909207	0.0
SPIKE	S101:G>C	0	225860	0.0	9999.0	0.0	TRUE	G	4.6254303E-5	0.0	0.0031132735	0.99768996	88.142395	0.11889424	0.99038714	1.0
SPIKE	S102:T>C	1	225860	4.4275216E-6	9.276084	40.0	TRUE	T	9.377746E-6	14.0	0.0050720135	0.9995312	64.91986	0.1520611	0.99027765	0.0
SPIKE	S102:T>A	0	225860	0.0	9999.0	0.0	TRUE	T	3.2722757E-5	0.0	0.0031976877	0.9983652	43.172985	0.17173868	0.9927149	1.0
SPIKE	S102:T>G	0	225860	0.0	9999.0	0.0	TRUE	T	8.086918E-5	0.0	0.002711439	0.9959647	164.84303	0.11110431	0.99128014	1.0
SPIKE	S103:G>T	5	225860	2.2137607E-5	50.232857	38.2	TRUE	G	1.214291E-5	20.0	0.004259362	0.99939305	85.07856	0.13771647	0.9897663	0.0
SPIKE	S103:G>A	3	225860	1.3282564E-5	25.474667	39.0	TRUE	G	1.3515088E-5	44.0	8.660954E-4	0.9993245	1204.0454	0.069435544	0.9909207	0.0
SPIKE	S103:G>C	0	225860	0.0	9999.0	0.0	TRUE	G	4.6254303E-5	0.0	0.0031132735	0.99768996	88.142395	0.11889424	0.99038714	1.0
SPIKE	S104:G>T	1	225860	4.4275216E-6	2.5630827	38.0	TRUE	G	5.1655068E-5	5.0	0.004259362	0.99742055	85.07856	0.13771647	0.9897663	1.0
SPIKE	S104:G>A	6	225860	2.6565129E-5	47.040073	38.333332	TRUE	G	2.3344242E-5	76.0	8.660954E-4	0.9988335	1204.0454	0.069435544	0.9909207	0.0
SPIKE	S104:G>C	0	225860	0.0	9999.0	0.0	TRUE	G	4.6254303E-5	0.0	0.0031132735	0.99768996	88.142395	0.11889424	0.99038714	1.0
SPIKE	S105:C>T	35	225860	1.5496326E-4	141.91463	39.285713	TRUE	C	2.6283108E-4	608.0	0.0036270032	0.98694444	396.95486	0.09799197	0.9866793	0.0
SPIKE	S105:C>A	19	225860	8.4122905E-5	221.8839	39.36842	TRUE	C	2.2669388E-5	3.0	0.0069589084	0.99886715	35.36255	0.14580365	0.9868469	1.0
SPIKE	S105:C>G	0	225860	0.0	9999.0	0.0	TRUE	C	3.9641658E-5	1.0	0.0040625217	0.9980199	79.2715	0.11340755	0.99014544	1.0
SPIKE	S106:G>T	8	225860	3.5420173E-5	98.50802	38.125	TRUE	G	9.714328E-6	16.0	0.004259362	0.9995144	85.07856	0.13771647	0.9897663	0.0
SPIKE	S106:G>A	5	225860	2.2137607E-5	21.753365	39.0	TRUE	G	5.1603063E-5	168.0	8.660954E-4	0.9974232	1204.0454	0.069435544	0.9909207	0.0
SPIKE	S106:G>C	0	225860	0.0	9999.0	0.0	TRUE	G	4.6254303E-5	0.0	0.0031132735	0.99768996	88.142395	0.11889424	0.99038714	1.0
SPIKE	S107:G>T	4	225860	1.7710086E-5	15.572989	39.25	TRUE	G	5.1655068E-5	0.0	0.004259362	0.99742055	85.07856	0.13771647	0.9897663	1.0
SPIKE	S107:G>A	17	225860	7.526787E-5	42.44996	39.52941	TRUE	G	2.2238462E-4	724.0	8.660954E-4	0.9889424	1204.0454	0.069435544	0.9909207	0.0
SPIKE	S107:G>C	0	225860	0.0	9999.0	0.0	TRUE	G	4.6254303E-5	1.0	0.0031132735	0.99768996	88.142395	0.11889424	0.99038714	1.0
SPIKE	S108:C>T	19	225860	8.4122905E-5	52.727844	39.473682	TRUE	C	2.2349288E-4	517.0	0.0036270032	0.98888755	396.95486	0.09799197	0.9866793	0.0
SPIKE	S108:C>A	21	225860	9.297795E-5	252.9085	39.238094	TRUE	C	2.2669388E-5	2.0	0.0069589084	0.99886715	35.36255	0.14580365	0.9868469	1.0
SPIKE	S108:C>G	0	225860	0.0	9999.0	0.0	TRUE	C	3.9641658E-5	2.0	0.0040625217	0.9980199	79.2715	0.11340755	0.99014544	1.0
SPIKE	S109:A>T	1	225860	4.4275216E-6	4.430628	37.0	TRUE	A	3.0476913E-5	6.0	0.0030717659	0.99847734	34.27896	0.2014275	0.99020606	1.0
SPIKE	S109:A>G	3	225860	1.3282564E-5	17.28515	40.0	TRUE	A	2.6874364E-5	38.0	0.004053499	0.99865717	81.399864	0.16038285	0.98965	0.0
SPIKE	S109:A>C	0	225860	0.0	9999.0	0.0	TRUE	A	2.8929864E-5	8.0	0.002572196	0.9985545	46.37099	0.14127259	0.95366293	1.0
SPIKE	S110:G>T	1	225860	4.4275216E-6	2.5630827	40.0	TRUE	G	5.1655068E-5	2.0	0.004259362	0.99742055	85.07856	0.13771647	0.9897663	1.0
SPIKE	S110:G>A	2	225860	8.855043E-6	10.367025	39.0	TRUE	G	2.7030175E-5	88.0	8.660954E-4	0.9986494	1204.0454	0.069435544	0.9909207	0.0
SPIKE	S110:G>C	0	225860	0.0	9999.0	0.0	TRUE	G	4.6254303E-5	0.0	0.0031132735	0.99768996	88.142395	0.11889424	0.99038714	1.0
SPIKE	S111:C>T	40	225860	1.7710085E-4	142.12027	38.8	TRUE	C	3.4280436E-4	793.0	0.0036270032	0.9830058	396.95486	0.09799197	0.9866793	0.0
SPIKE	S111:C>A	14	225860	6.19853E-5	148.13165	39.0	TRUE	C	2.2669388E-5	2.0	0.0069589084	0.99886715	35.36255	0.14580365	0.9868469	1.0
SPIKE	S111:C>G	1	225860	4.4275216E-6	3.4596891	38.0	TRUE	C	3.9641658E-5	5.0	0.0040625217	0.9980199	79.2715	0.11340755	0.99014544	1.0
SPIKE	S112:G>T	3	225858	1.3282682E-5	10.219806	39.333332	TRUE	G	5.1655068E-5	2.0	0.004259362	0.99742055	85.07781	0.13771647	0.9897663	1.0
SPIKE	S112:G>A	9	225858	3.9848048E-5	9.742408	39.444443	TRUE	G	2.3037285E-4	750.0	8.660954E-4	0.98854744	1204.0347	0.069435544	0.9909207	0.0
SPIKE	S112:G>C	0	225858	0.0	9999.0	0.0	TRUE	G	5.247726E-6	10.0	0.0031132735	0.9997376	88.14161	0.11889424	0.99038714	0.0
SPIKE	S113:T>A	0	225858	0.0	9999.0	0.0	TRUE	T	3.2722757E-5	4.0	0.0031976877	0.9983652	43.1726	0.17173868	0.9927149	1.0
SPIKE	S113:T>G	0	225858	0.0	9999.0	0.0	TRUE	T	8.086918E-5	5.0	0.002711439	0.9959647	164.84158	0.11110431	0.99128014	1.0
SPIKE	S113:T>C	0	225858	0.0	9999.0	0.0	TRUE	T	1.607628E-5	24.0	0.0050720135	0.9991965	64.91928	0.1520611	0.99027765	0.0
SPIKE	S114:G>T	3	225858	1.3282682E-5	10.219806	39.333332	TRUE	G	5.1655068E-5	1.0	0.004259362	0.99742055	85.07781	0.13771647	0.9897663	1.0
SPIKE	S114:G>C	2	225858	8.855121E-6	6.540238	38.5	TRUE	G	4.6254303E-5	0.0	0.0031132735	0.99768996	88.14161	0.11889424	0.99038714	1.0
SPIKE	S114:G>A	0	225858	0.0	9999.0	0.0	TRUE	G	9.829242E-6	32.0	8.660954E-4	0.9995087	1204.0347	0.069435544	0.9909207	0.0
SPIKE	S115:A>G	5	225858	2.2137803E-5	21.028975	39.6	TRUE	A	5.3749205E-5	76.0	0.004053499	0.9973161	81.39915	0.16038285	0.98965	0.0
SPIKE	S115:A>C	0	225858	0.0	9999.0	0.0	TRUE	A	2.8929864E-5	0.0	0.002572196	0.9985545	46.37058	0.14127259	0.95366293	1.0
SPIKE	S115:A>T	0	225858	0.0	9999.0	0.0	TRUE	A	3.0476913E-5	3.0	0.0030717659	0.99847734	34.278656	0.2014275	0.99020606	1.0
SPIKE	S116:C>T	6	225858	2.6565363E-5	63.26448	37.0	TRUE	C	1.210417E-5	28.0	0.0036270032	0.99939495	396.95135	0.09799197	0.9866793	0.0
SPIKE	S116:C>G	1	225858	4.4275607E-6	3.4597208	36.0	TRUE	C	3.9641658E-5	0.0	0.0040625217	0.9980199	79.2708	0.11340755	0.99014544	1.0
SPIKE	S116:C>A	8	225858	3.5420486E-5	70.180374	40.0	TRUE	C	2.2669388E-5	8.0	0.0069589084	0.99886715	35.362236	0.14580365	0.9868469	1.0
SPIKE	S117:C>T	5	225858	2.2137803E-5	47.528023	39.2	TRUE	C	1.3833337E-5	32.0	0.0036270032	0.9993086	396.95135	0.09799197	0.9866793	0.0
SPIKE	S117:C>G	1	225858	4.4275607E-6	3.4597208	38.0	TRUE	C	3.9641658E-5	0.0	0.0040625217	0.9980199	79.2708	0.11340755	0.99014544	1.0
SPIKE	S117:C>A	51	225858	2.2580559E-4	434.83478	38.882355	TRUE	C	1.17955424E-4	184.0	0.0069589084	0.9941196	35.362236	0.14580365	0.9868469	0.0
SPIKE	S118:T>A	0	225858	0.0	9999.0	0.0	TRUE	T	4.0171453E-5	53.0	0.0031976877	0.99799347	43.1726	0.17173868	0.9927149	0.0
SPIKE	S118:T>G	0	225858	0.0	9999.0	0.0	TRUE	T	8.830571E-6	18.0	0.002711439	0.99955857	164.84158	0.11110431	0.99128014	0.0
SPIKE	S118:T>C	0	225858	0.0	9999.0	0.0	TRUE	T	8.5740154E-5	128.0	0.0050720135	0.9957222	64.91928	0.1520611	0.99027765	0.0
SPIKE	S119:A>G	7	225858	3.0992924E-5	78.86598	39.142857	TRUE	A	1.1315622E-5	16.0	0.004053499	0.99943435	81.39915	0.16038285	0.98965	0.0
SPIKE	S119:A>C	0	225858	0.0	9999.0	0.0	TRUE	A	2.8929864E-5	3.0	0.002572196	0.9985545	46.37058	0.14127259	0.95366293	1.0
SPIKE	S119:A>T	0	225858	0.0	9999.0	0.0	TRUE	A	3.0476913E-5	6.0	0.0030717659	0.99847734	34.278656	0.2014275	0.99020606	1.0
SPIKE	S120:T>A	0	225858	0.0	9999.0	0.0	TRUE	T	3.2722757E-5	1.0	0.0031976877	0.9983652	43.1726	0.17173868	0.9927149	1.0
SPIKE	S120:T>G	0	225858	0.0	9999.0	0.0	TRUE	T	8.086918E-5	5.0	0.002711439	0.9959647	164.84158	0.11110431	0.99128014	1.0
SPIKE	S120:T>C	0	225858	0.0	9999.0	0.0	TRUE	T	8.707984E-6	13.0	0.0050720135	0.9995647	64.91928	0.1520611	0.99027765	0.0
SPIKE	S121:G>T	4	225858	1.7710243E-5	15.573112	38.25	TRUE	G	5.1655068E-5	3.0	0.004259362	0.99742055	85.07781	0.13771647	0.9897663	1.0
SPIKE	S121:G>A	6	225858	2.6565363E-5	66.97829	39.333332	TRUE	G	1.0443569E-5	34.0	8.660954E-4	0.999478	1204.0347	0.069435544	0.9909207	0.0
SPIKE	S121:G>C	0	225858	0.0	9999.0	0.0	TRUE	G	4.6254303E-5	1.0	0.0031132735	0.99768996	88.14161	0.11889424	0.99038714	1.0
SPIKE	S122:T>C	3	225858	1.3282682E-5	30.002272	37.666668	TRUE	T	9.377829E-6	14.0	0.0050720135	0.9995312	64.91928	0.1520611	0.99027765	0.0
SPIKE	S122:T>A	0	225858	0.0	9999.0	0.0	TRUE	T	3.2722757E-5	0.0	0.0031976877	0.9983652	43.1726	0.17173868	0.9927149	1.0
SPIKE	S122:T>G	0	225858	0.0	9999.0	0.0	TRUE	T	8.086918E-5	3.0	0.002711439	0.9959647	164.84158	0.11110431	0.99128014	1.0
SPIKE	S123:G>T	2	225858	8.855121E-6	5.822149	38.0	TRUE	G	5.1655068E-5	7.0	0.004259362	0.99742055	85.07781	0.13771647	0.9897663	1.0
SPIKE	S123:G>A	6	225858	2.6565363E-5	57.819855	39.333332	TRUE	G	1.5051027E-5	49.0	8.660954E-4	0.9992477	1204.0347	0.069435544	0.9909207	0.0
SPIKE	S123:G>C	0	225858	0.0	9999.0	0.0	TRUE	G	4.6254303E-5	1.0	0.0031132735	0.99768996	88.14161	0.11889424	0.99038714	1.0
SPIKE	S124:T>A	0	225858	0.0	9999.0	0.0	TRUE	T	3.2722757E-5	4.0	0.0031976877	0.9983652	43.1726	0.17173868	0.9927149	1.0
SPIKE	S124:T>G	0	225858	0.0	9999.0	0.0	TRUE	T	8.086918E-5	6.0	0.002711439	0.9959647	164.84158	0.11110431	0.99128014	1.0
SPIKE	S124:T>C	0	225858	0.0	9999.0	0.0	TRUE	T	2.5454108E-5	38.0	0.0050720135	0.9987281	64.91928	0.1520611	0.99027765	0.0
SPIKE	S125:G>T	3	225858	1.3282682E-5	10.219806	38.666668	TRUE	G	5.1655068E-5	7.0	0.004259362	0.99742055	85.07781	0.13771647	0.9897663	1.0
SPIKE	S125:G>A	5	225858	2.2137803E-5	44.96314	38.4	TRUE	G	1.5665355E-5	51.0	8.660954E-4	0.99921703	1204.0347	0.069435544	0.9909207	0.0
SPIKE	S125:G>C	0	225858	0.0	9999.0	0.0	TRUE	G	4.6254303E-5	2.0	0.0031132735	0.99768996	88.14161	0.11889424	0.99038714	1.0
SPIKE	S126:C>T	64	225858	2.833639E-4	280.11038	38.625	TRUE	C	4.2407826E-4	981.0	0.0036270032	0.9790193	396.95135	0.09799197	0.9866793	0.0
SPIKE	S126:C>G	1	225858	4.4275607E-6	3.4597208	40.0	TRUE	C	3.9641658E-5	4.0	0.0040625217	0.9980199	79.2708	0.11340755	0.99014544	1.0
SPIKE	S126:C>A	18	225858	7.9696096E-5	206.70102	38.77778	TRUE	C	2.2669388E-5	1.0	0.0069589084	0.99886715	35.362236	0.14580365	0.9868469	1.0
SPIKE	S127:G>T	5	225858	2.2137803E-5	50.232857	37.6	TRUE	G	1.2143018E-5	20.0	0.004259362	0.99939305	85.07781	0.13771647	0.9897663	0.0
SPIKE	S127:G>A	5	225858	2.2137803E-5	29.795067	38.2	TRUE	G	3.3480854E-5	109.0	8.660954E-4	0.9983274	1204.0347	0.069435544	0.9909207	0.0
SPIKE	S127:G>C	0	225858	0.0	9999.0	0.0	TRUE	G	4.6254303E-5	3.0	0.0031132735	0.99768996	88.14161	0.11889424	0.99038714	1.0
SPIKE	S128:G>A	5	225858	2.2137803E-5	41.30303	38.0	TRUE	G	1.8736993E-5	61.0	8.660954E-4	0.9990636	1204.0347	0.069435544	0.9909207	0.0
SPIKE	S128:G>T	3	225858	1.3282682E-5	10.219806	39.333332	TRUE	G	5.1655068E-5	2.0	0.004259362	0.99742055	85.07781	0.13771647	0.9897663	1.0
SPIKE	S128:G>C	0	225858	0.0	9999.0	0.0	TRUE	G	4.6254303E-5	4.0	0.0031132735	0.99768996	88.14161	0.11889424	0.99038714	1.0
SPIKE	S129:C>A	15	225858	6.641341E-5	162.61455	38.8	TRUE	C	2.2669388E-5	2.0	0.0069589084	0.99886715	35.362236	0.14580365	0.9868469	1.0
SPIKE	S129:C>G	1	225858	4.4275607E-6	3.4597208	36.0	TRUE	C	3.9641658E-5	4.0	0.0040625217	0.9980199	79.2708	0.11340755	0.99014544	1.0
SPIKE	S129:C>T	34	225858	1.5053706E-4	162.31406	36.82353	TRUE	C	2.1225527E-4	491.0	0.0036270032	0.98944336	396.95135	0.09799197	0.9866793	0.0
SPIKE	S130:G>A	3	225858	1.3282682E-5	10.784633	38.333332	TRUE	G	4.8839047E-5	159.0	8.660954E-4	0.99756104	1204.0347	0.069435544	0.9909207	0.0
SPIKE	S130:G>T	6	225858	2.6565363E-5	28.59371	36.833332	TRUE	G	5.1655068E-5	4.0	0.004259362	0.99742055	85.07781	0.13771647	0.9897663	1.0
SPIKE	S130:G>C	0	225858	0.0	9999.0	0.0	TRUE	G	4.6254303E-5	2.0	0.0031132735	0.99768996	88.14161	0.11889424	0.99038714	1.0
SPIKE	S131:G>A	12	225858	5.3130727E-5	14.109079	38.666668	TRUE	G	2.7399012E-4	892.0	8.660954E-4	0.9863939	1204.0347	0.069435544	0.9909207	0.0
SPIKE	S131:G>C	1	225858	4.4275607E-6	4.3705697	40.0	TRUE	G	3.0961583E-5	59.0	0.0031132735	0.99845314	88.14161	0.11889424	0.99038714	0.0
SPIKE	S131:G>T	1	225858	4.4275607E-6	2.5631108	35.0	TRUE	G	5.1655068E-5	5.0	0.004259362	0.99742055	85.07781	0.13771647	0.9897663	1.0
SPIKE	S132:C>A	20	225858	8.855121E-5	237.29099	38.7	TRUE	C	2.2669388E-5	2.0	0.0069589084	0.99886715	35.362236	0.14580365	0.9868469	1.0
SPIKE	S132:C>T	24	225858	1.06261454E-4	111.26338	35.583332	TRUE	C	1.5951566E-4	369.0	0.0036270032	0.99205595	396.95135	0.09799197	0.9866793	0.0
SPIKE	S132:C>G	0	225858	0.0	9999.0	0.0	TRUE	C	3.9641658E-5	3.0	0.0040625217	0.9980199	79.2708	0.11340755	0.99014544	1.0
SPIKE	S133:A>G	2	225857	8.855161E-6	13.052404	37.5	TRUE	A	1.9095198E-5	27.0	0.004053499	0.99904567	81.39879	0.16038285	0.98965	0.0
SPIKE	S133:A>T	2	225857	8.855161E-6	9.472261	36.5	TRUE	A	3.0476913E-5	4.0	0.0030717659	0.99847734	34.278503	0.2014275	0.99020606	1.0
SPIKE	S133:A>C	0	225857	0.0	9999.0	0.0	TRUE	A	2.8929864E-5	8.0	0.002572196	0.9985545	46.370373	0.14127259	0.95366293	1.0
SPIKE	S134:G>A	10	225857	4.4275803E-5	36.684284	37.2	TRUE	G	1.0136451E-4	330.0	8.660954E-4	0.9949446	1204.0294	0.069435544	0.9909207	0.0
SPIKE	S134:G>C	2	225857	8.855161E-6	17.90244	35.5	TRUE	G	1.0495499E-5	20.0	0.0031132735	0.99947536	88.14122	0.11889424	0.99038714	0.0
SPIKE	S134:G>T	1	225857	4.4275803E-6	9.696623	32.0	TRUE	G	8.50015E-6	14.0	0.004259362	0.9995751	85.07743	0.13771647	0.9897663	0.0
SPIKE	S135:C>A	0	225857	0.0	9999.0	0.0	TRUE	C	1.3270044E-4	207.0	0.0069589084	0.9933869	35.36208	0.14580365	0.9868469	0.0
SPIKE	S135:C>G	0	225857	0.0	9999.0	0.0	TRUE	C	1.0001623E-5	20.0	0.0040625217	0.99950004	79.27045	0.11340755	0.99014544	0.0
SPIKE	S135:C>T	0	225857	0.0	9999.0	0.0	TRUE	C	5.369088E-4	1242.0	0.0036270032	0.9735117	396.9496	0.09799197	0.9866793	0.0
SPIKE	S136:C>A	0	225857	0.0	9999.0	0.0	TRUE	C	9.231335E-5	144.0	0.0069589084	0.99539495	35.36208	0.14580365	0.9868469	0.0
SPIKE	S136:C>G	0	225857	0.0	9999.0	0.0	TRUE	C	6.5010554E-6	13.0	0.0040625217	0.999675	79.27045	0.11340755	0.99014544	0.0
SPIKE	S136:C>T	0	225857	0.0	9999.0	0.0	TRUE	C	3.4756414E-4	804.0	0.0036270032	0.98277193	396.9496	0.09799197	0.9866793	0.0
SPIKE	I137:>T	2	225857	8.855161E-6	9999.0	39.394806	TRUE		NaN	NaN	NaN	NaN	NaN	NaN	NaN	NaN
SPIKE	D137-138:T>	4	225857	1.7710321E-5	9999.0	39.394806	TRUE		NaN	NaN	NaN	NaN	NaN	NaN	NaN	NaN
SPIKE	S137:T>A	0	225857	0.0	9999.0	0.0	TRUE	T	3.2722757E-5	9.0	0.0031976877	0.9983652	43.17241	0.17173868	0.9927149	1.0
SPIKE	S137:T>G	0	225857	0.0	9999.0	0.0	TRUE	T	1.7219689E-4	351.0	0.002711439	0.9914271	164.84085	0.11110431	0.99128014	0.0
SPIKE	S137:T>C	0	225857	0.0	9999.0	0.0	TRUE	T	1.7416046E-4	260.0	0.0050720135	0.9913298	64.91899	0.1520611	0.99027765	0.0
SPIKE	S138:G>A	0	225857	0.0	9999.0	0.0	TRUE	G	9.9521516E-5	324.0	8.660954E-4	0.9950363	1204.0294	0.069435544	0.9909207	0.0
SPIKE	S138:G>C	0	225857	0.0	9999.0	0.0	TRUE	G	7.346849E-6	14.0	0.0031132735	0.9996327	88.14122	0.11889424	0.99038714	0.0
SPIKE	S138:G>T	0	225857	0.0	9999.0	0.0	TRUE	G	7.407274E-5	122.0	0.004259362	0.9963032	85.07743	0.13771647	0.9897663	0.0
SPIKE	S139:A>G	0	225857	0.0	9999.0	0.0	TRUE	A	1.0749889E-4	152.0	0.004053499	0.99463946	81.39879	0.16038285	0.98965	0.0
SPIKE	S139:A>C	0	225857	0.0	9999.0	0.0	TRUE	A	2.8929864E-5	1.0	0.002572196	0.9985545	46.370373	0.14127259	0.95366293	1.0
SPIKE	S139:A>T	0	225857	0.0	9999.0	0.0	TRUE	A	4.063173E-4	457.0	0.0030717659	0.9798891	34.278503	0.2014275	0.99020606	0.0
SPIKE	S140:T>A	0	225857	0.0	9999.0	0.0	TRUE	T	1.781195E-4	235.0	0.0031976877	0.9911336	43.17241	0.17173868	0.9927149	0.0
SPIKE	S140:T>G	0	225857	0.0	9999.0	0.0	TRUE	T	2.1585935E-5	44.0	0.002711439	0.9989213	164.84085	0.11110431	0.99128014	0.0
SPIKE	S140:T>C	0	225857	0.0	9999.0	0.0	TRUE	T	6.6984794E-6	10.0	0.0050720135	0.99966514	64.91899	0.1520611	0.99027765	0.0
SPIKE	S141:T>A	0	225857	0.0	9999.0	0.0	TRUE	T	6.851916E-4	904.0	0.0031976877	0.96632063	43.17241	0.17173868	0.9927149	0.0
SPIKE	S141:T>G	0	225857	0.0	9999.0	0.0	TRUE	T	4.071892E-5	83.0	0.002711439	0.9979661	164.84085	0.11110431	0.99128014	0.0
SPIKE	S141:T>C	0	225857	0.0	9999.0	0.0	TRUE	T	2.0765285E-5	31.0	0.0050720135	0.9989623	64.91899	0.1520611	0.99027765	0.0
SPIKE	I142:>CTGATT	1	225857	4.4275803E-6	9999.0	39.353825	TRUE		NaN	NaN	NaN	NaN	NaN	NaN	NaN	NaN
SPIKE	S142:A>G	0	225857	0.0	9999.0	0.0	TRUE	A	7.9634046E-4	1126.0	0.004053499	0.9609653	81.39879	0.16038285	0.98965	0.0
SPIKE	S142:A>C	0	225857	0.0	9999.0	0.0	TRUE	A	6.800366E-5	109.0	0.002572196	0.9966056	46.370373	0.14127259	0.95366293	0.0
SPIKE	S142:A>T	0	225857	0.0	9999.0	0.0	TRUE	A	2.1160506E-4	238.0	0.0030717659	0.98947555	34.278503	0.2014275	0.99020606	0.0
SPIKE	S143:G>A	0	225857	0.0	9999.0	0.0	TRUE	G	8.078444E-5	263.0	8.660954E-4	0.99596894	1204.0294	0.069435544	0.9909207	0.0
SPIKE	S143:G>C	0	225857	0.0	9999.0	0.0	TRUE	G	6.9165335E-4	1318.0	0.0031132735	0.9660085	88.14122	0.11889424	0.99038714	0.0
SPIKE	S143:G>T	0	225857	0.0	9999.0	0.0	TRUE	G	8.50015E-6	14.0	0.004259362	0.9995751	85.07743	0.13771647	0.9897663	0.0
SPIKE	S144:C>A	0	225857	0.0	9999.0	0.0	TRUE	C	2.2669388E-5	8.0	0.0069589084	0.99886715	35.36208	0.14580365	0.9868469	1.0
SPIKE	S144:C>G	0	225857	0.0	9999.0	0.0	TRUE	C	1.4502354E-4	290.0	0.0040625217	0.992775	79.27045	0.11340755	0.99014544	0.0
SPIKE	S144:C>T	0	225857	0.0	9999.0	0.0	TRUE	C	4.322937E-5	100.0	0.0036270032	0.9978409	396.9496	0.09799197	0.9866793	0.0
SPIKE	S145:C>A	0	225857	0.0	9999.0	0.0	TRUE	C	8.333845E-6	13.0	0.0069589084	0.9995834	35.36208	0.14580365	0.9868469	0.0
SPIKE	S145:C>G	0	225857	0.0	9999.0	0.0	TRUE	C	5.8509497E-5	117.0	0.0040625217	0.9970788	79.27045	0.11340755	0.99014544	0.0
SPIKE	S145:C>T	0	225857	0.0	9999.0	0.0	TRUE	C	3.2422027E-5	75.0	0.0036270032	0.9983802	396.9496	0.09799197	0.9866793	0.0
SPIKE	S146:C>A	0	225857	0.0	9999.0	0.0	TRUE	C	2.2669388E-5	7.0	0.0069589084	0.99886715	35.36208	0.14580365	0.9868469	1.0
SPIKE	S146:C>G	0	225857	0.0	9999.0	0.0	TRUE	C	7.201169E-4	1440.0	0.0040625217	0.96463466	79.27045	0.11340755	0.99014544	0.0
SPIKE	S146:C>T	0	225857	0.0	9999.0	0.0	TRUE	C	6.2682586E-5	145.0	0.0036270032	0.99687076	396.9496	0.09799197	0.9866793	0.0
SPIKE	S147:G>A	0	225857	0.0	9999.0	0.0	TRUE	G	6.757634E-6	22.0	8.660954E-4	0.99966216	1204.0294	0.069435544	0.9909207	0.0
SPIKE	S147:G>C	0	225857	0.0	9999.0	0.0	TRUE	G	1.8052258E-4	344.0	0.0031132735	0.9910145	88.14122	0.11889424	0.99038714	0.0
SPIKE	S147:G>T	0	225857	0.0	9999.0	0.0	TRUE	G	9.6780283E-4	1594.0	0.004259362	0.952762	85.07743	0.13771647	0.9897663	0.0
SPIKE	S148:T>A	0	225857	0.0	9999.0	0.0	TRUE	T	8.337509E-6	11.0	0.0031976877	0.9995832	43.17241	0.17173868	0.9927149	0.0
SPIKE	S148:T>G	0	225857	0.0	9999.0	0.0	TRUE	T	0.0011916417	2429.0	0.002711439	0.9421582	164.84085	0.11110431	0.99128014	0.0
SPIKE	S148:T>C	0	225857	0.0	9999.0	0.0	TRUE	T	8.641038E-5	129.0	0.0050720135	0.9956888	64.91899	0.1520611	0.99027765	0.0
SPIKE	S149:G>A	0	225857	0.0	9999.0	0.0	TRUE	G	0.014836078	48300.0	8.660954E-4	0.47625402	1204.0294	0.069435544	0.9909207	0.0
SPIKE	S149:G>C	0	225857	0.0	9999.0	0.0	TRUE	G	9.09435E-4	1733.0	0.0031132735	0.9555466	88.14122	0.11889424	0.99038714	0.0
SPIKE	S149:G>T	0	225857	0.0	9999.0	0.0	TRUE	G	3.1450557E-4	518.0	0.004259362	0.9843977	85.07743	0.13771647	0.9897663	0.0
SPIKE	S150:C>A	0	225855	0.0	9999.0	0.0	TRUE	C	1.3590697E-4	212.0	0.0069589084	0.99322766	35.361767	0.14580365	0.9868469	0.0
SPIKE	S150:C>G	0	225855	0.0	9999.0	0.0	TRUE	C	2.845487E-4	569.0	0.0040625217	0.9858733	79.269745	0.11340755	0.99014544	0.0
SPIKE	S150:C>T	0	225855	0.0	9999.0	0.0	TRUE	C	0.0010232483	2367.0	0.0036270032	0.9501243	396.94608	0.09799197	0.9866793	0.0
SPIKE	S151:T>A	0	225847	0.0	9999.0	0.0	TRUE	T	3.2722757E-5	0.0	0.0031976877	0.9983652	43.170498	0.17173868	0.9927149	1.0
SPIKE	S151:T>G	0	225847	0.0	9999.0	0.0	TRUE	T	0.0012108283	2468.0	0.002711439	0.9412548	164.83356	0.11110431	0.99128014	0.0
SPIKE	S151:T>C	0	225847	0.0	9999.0	0.0	TRUE	T	6.283452E-4	938.0	0.0050720135	0.96907115	64.91612	0.1520611	0.99027765	0.0
SPIKE	S152:G>A	0	225832	0.0	9999.0	0.0	TRUE	G	3.0719918E-6	10.0	8.660954E-4	0.9998464	1203.8961	0.069435544	0.9909207	0.0
SPIKE	S152:G>C	0	225832	0.0	9999.0	0.0	TRUE	G	5.773163E-6	11.0	0.0031132735	0.9997114	88.13146	0.11889424	0.99038714	0.0
SPIKE	S152:G>T	0	225832	0.0	9999.0	0.0	TRUE	G	5.519637E-4	909.0	0.004259362	0.97277915	85.068016	0.13771647	0.9897663	0.0
SPIKE	S153:G>A	0	225590	0.0	9999.0	0.0	TRUE	G	3.6983588E-4	2.0	8.660954E-4	0.9816781	1202.606	0.069435544	0.9909207	1.0
SPIKE	S153:G>C	0	225590	0.0	9999.0	0.0	TRUE	G	4.6254303E-5	7.0	0.0031132735	0.99768996	88.037025	0.11889424	0.99038714	1.0
SPIKE	S153:G>T	0	225590	0.0	9999.0	0.0	TRUE	G	5.1655068E-5	8.0	0.004259362	0.99742055	84.97686	0.13771647	0.9897663	1.0
