#pipeline_block
reference	mutation	count	coverage	freq	score	cqs	has.reference	ancestral.allele	error.rate	minor.count.local	minor.fdr	minor.recall	minor.count.global	read.fraction.in.minors	q.filtered.read.fraction	global.est
SPIKE	S0:T>A	0	418183	0.0	9999.0	0.0	TRUE	T	4.0304338E-5	64.0	9.6852146E-4	0.99919426	39.86276	0.26360825	0.99266356	0.0
SPIKE	S0:T>G	0	418183	0.0	9999.0	0.0	TRUE	T	1.284781E-5	34.0	7.1034E-4	0.9997431	300.2658	0.15813397	0.9924709	0.0
SPIKE	S0:T>C	0	418183	0.0	9999.0	0.0	TRUE	T	1.0280334E-4	233.0	9.638446E-4	0.997946	230.52467	0.18468705	0.9876987	0.0
SPIKE	S1:A>G	0	418439	0.0	9999.0	0.0	TRUE	A	1.2595626E-4	317.0	9.887512E-4	0.997484	282.67694	0.16642642	0.98952246	0.0
SPIKE	S1:A>C	0	418439	0.0	9999.0	0.0	TRUE	A	3.259065E-4	541.0	7.087142E-4	0.9935031	54.61825	0.2522527	0.9754255	0.0
SPIKE	S1:A>T	0	418439	0.0	9999.0	0.0	TRUE	A	6.3881605E-5	92.0	8.2261744E-4	0.9987232	36.626232	0.2907887	0.9914196	0.0
SPIKE	S2:G>A	0	418735	0.0	9999.0	0.0	TRUE	G	1.1744441E-4	286.0	0.0011468801	0.99765384	172.85164	0.17214878	0.9884874	0.0
SPIKE	S2:G>C	0	418735	0.0	9999.0	0.0	TRUE	G	1.6971158E-5	38.0	9.321642E-4	0.9996606	120.13779	0.18718548	0.9919902	0.0
SPIKE	S2:G>T	0	418735	0.0	9999.0	0.0	TRUE	G	1.0949816E-5	22.0	9.2667824E-4	0.999781	110.18624	0.20860563	0.9913197	0.0
SPIKE	S3:C>A	0	419089	0.0	9999.0	0.0	TRUE	C	1.0451531E-5	7.0	0.001008362	0.99979097	14.174988	0.30931547	0.9900731	1.0
SPIKE	S3:C>G	0	419089	0.0	9999.0	0.0	TRUE	C	5.2756768E-5	123.0	0.0010119607	0.9989454	131.88542	0.17993641	0.99231714	0.0
SPIKE	S3:C>T	0	419089	0.0	9999.0	0.0	TRUE	C	1.4904322E-4	358.0	9.4090356E-4	0.9970236	275.59543	0.17464022	0.98968816	0.0
SPIKE	S4:G>A	104	419354	2.480005E-4	993.5233	39.884617	TRUE	G	9.7589196E-5	238.0	0.0011468801	0.9980501	173.10716	0.17214878	0.9884874	0.0
SPIKE	S4:G>C	2	419354	4.76924E-6	4.2486525	36.0	TRUE	G	3.6121965E-5	81.0	9.321642E-4	0.99927783	120.315384	0.18718548	0.9919902	0.0
SPIKE	S4:G>T	2	419354	4.76924E-6	5.819757	37.0	TRUE	G	2.7831116E-5	56.0	9.2667824E-4	0.99944353	110.34912	0.20860563	0.9913197	0.0
SPIKE	S5:T>A	14	419558	3.336845E-5	106.561516	37.642857	TRUE	T	2.5103782E-5	9.0	9.6852146E-4	0.99949807	39.993828	0.26360825	0.99266356	1.0
SPIKE	S5:T>G	2	419558	4.7669214E-6	2.8649602	40.0	TRUE	T	4.7079793E-5	125.0	7.1034E-4	0.99905884	301.2531	0.15813397	0.9924709	0.0
SPIKE	S5:T>C	60	419558	1.4300764E-4	302.85684	39.583332	TRUE	T	1.789864E-4	407.0	9.638446E-4	0.99642664	231.28264	0.18468705	0.9876987	0.0
SPIKE	I6:>G	1	419758	2.382325E-6	9999.0	39.96504	TRUE		NaN	NaN	NaN	NaN	NaN	NaN	NaN	NaN
SPIKE	S6:G>A	146	419758	3.4781947E-4	1989.4862	38.19863	TRUE	G	5.1615145E-5	126.0	0.0011468801	0.99896824	173.27394	0.17214878	0.9884874	0.0
SPIKE	S6:G>C	4	419758	9.5293E-6	7.4108996	40.0	TRUE	G	5.3654665E-5	3.0	9.321642E-4	0.9989275	120.43129	0.18718548	0.9919902	1.0
SPIKE	S6:G>T	1	419758	2.382325E-6	1.4081697	40.0	TRUE	G	4.1706495E-5	84.0	9.2667824E-4	0.9991662	110.45543	0.20860563	0.9913197	0.0
SPIKE	S7:A>G	2	419913	4.7628914E-6	0.8948718	36.5	TRUE	A	8.0772494E-5	204.0	9.887512E-4	0.99838585	283.67273	0.16642642	0.98952246	0.0
SPIKE	S7:A>C	34	419913	8.0969156E-5	280.09985	39.911766	TRUE	A	4.6823425E-5	78.0	7.087142E-4	0.99906397	54.81065	0.2522527	0.9754255	0.0
SPIKE	D7-8:A>	369	419913	8.7875343E-4	9999.0	39.88831	TRUE		NaN	NaN	NaN	NaN	NaN	NaN	NaN	NaN
SPIKE	I7:>A	7	419913	1.667012E-5	9999.0	39.88831	TRUE		NaN	NaN	NaN	NaN	NaN	NaN	NaN	NaN
SPIKE	S7:A>T	0	419913	0.0	9999.0	0.0	TRUE	A	2.5431982E-5	8.0	8.2261744E-4	0.9994915	36.755253	0.2907887	0.9914196	1.0
SPIKE	S8:A>G	2	419945	4.7625285E-6	0.21699162	40.0	TRUE	A	1.2114951E-4	306.0	9.887512E-4	0.99757993	283.69434	0.16642642	0.98952246	0.0
SPIKE	S8:A>C	29	419945	6.905666E-5	340.6785	40.0	TRUE	A	1.7407383E-5	29.0	7.087142E-4	0.9996519	54.814827	0.2522527	0.9754255	0.0
SPIKE	S8:A>T	0	419945	0.0	9999.0	0.0	TRUE	A	2.5431982E-5	3.0	8.2261744E-4	0.9994915	36.758053	0.2907887	0.9914196	1.0
SPIKE	I9:>G	1	419974	2.3810999E-6	9999.0	39.95145	TRUE		NaN	NaN	NaN	NaN	NaN	NaN	NaN	NaN
SPIKE	S9:G>A	117	419974	2.7858868E-4	1362.269	39.7094	TRUE	G	6.63282E-5	162.0	0.0011468801	0.99867433	173.3631	0.17214878	0.9884874	0.0
SPIKE	S9:G>C	2	419974	4.7621998E-6	2.2732775	40.0	TRUE	G	5.3654665E-5	3.0	9.321642E-4	0.9989275	120.49326	0.18718548	0.9919902	1.0
SPIKE	S9:G>T	3	419974	7.143299E-6	4.309753	35.333332	TRUE	G	5.4841774E-5	6.0	9.2667824E-4	0.99890375	110.51227	0.20860563	0.9913197	1.0
SPIKE	D9-10:G>	147	419974	3.5002167E-4	9999.0	39.95145	TRUE		NaN	NaN	NaN	NaN	NaN	NaN	NaN	NaN
SPIKE	D9-11:GA>	45	419974	1.0714949E-4	9999.0	39.95145	TRUE		NaN	NaN	NaN	NaN	NaN	NaN	NaN	NaN
SPIKE	S10:A>G	13	419977	3.0954077E-5	11.675082	39.692307	TRUE	A	1.7854336E-4	451.0	9.887512E-4	0.9964355	283.71594	0.16642642	0.98952246	0.0
SPIKE	S10:A>C	26	419977	6.1908155E-5	257.09833	39.73077	TRUE	A	2.4608564E-5	41.0	7.087142E-4	0.99950796	54.819004	0.2522527	0.9754255	0.0
SPIKE	D10-11:A>	122	419977	2.9049208E-4	9999.0	39.908962	TRUE		NaN	NaN	NaN	NaN	NaN	NaN	NaN	NaN
SPIKE	I10:>A	2	419977	4.7621656E-6	9999.0	39.908962	TRUE		NaN	NaN	NaN	NaN	NaN	NaN	NaN	NaN
SPIKE	D10-12:AC>	11	419977	2.619191E-5	9999.0	39.908962	TRUE		NaN	NaN	NaN	NaN	NaN	NaN	NaN	NaN
SPIKE	S10:A>T	0	419977	0.0	9999.0	0.0	TRUE	A	6.918224E-6	10.0	8.2261744E-4	0.99986166	36.760853	0.2907887	0.9914196	0.0
SPIKE	I11:>C	2	419982	4.762109E-6	9999.0	39.882206	TRUE		NaN	NaN	NaN	NaN	NaN	NaN	NaN	NaN
SPIKE	S11:C>G	11	419982	2.61916E-5	109.90806	40.0	TRUE	C	1.1556131E-5	27.0	0.0010119607	0.9997689	132.16644	0.17993641	0.99231714	0.0
SPIKE	S11:C>T	43	419982	1.0238534E-4	243.02467	39.744186	TRUE	C	1.1175245E-4	269.0	9.4090356E-4	0.99776745	276.18265	0.17464022	0.98968816	0.0
SPIKE	D11-13:CG>	8	419982	1.9048435E-5	9999.0	39.882206	TRUE		NaN	NaN	NaN	NaN	NaN	NaN	NaN	NaN
SPIKE	D11-12:C>	156	419982	3.714445E-4	9999.0	39.882206	TRUE		NaN	NaN	NaN	NaN	NaN	NaN	NaN	NaN
SPIKE	S11:C>A	0	419982	0.0	9999.0	0.0	TRUE	C	3.752347E-5	51.0	0.001008362	0.9992498	14.205192	0.30931547	0.9900731	0.0
SPIKE	I12:>G	2	419986	4.7620633E-6	9999.0	39.92972	TRUE		NaN	NaN	NaN	NaN	NaN	NaN	NaN	NaN
SPIKE	S12:G>A	154	419986	3.666789E-4	2087.3555	39.766235	TRUE	G	5.5271918E-5	135.0	0.0011468801	0.99889517	173.36806	0.17214878	0.9884874	0.0
SPIKE	S12:G>C	3	419986	7.1430954E-6	13.39384	38.333332	TRUE	G	2.048284E-5	46.0	9.321642E-4	0.99959046	120.496704	0.18718548	0.9919902	0.0
SPIKE	D12-13:G>	162	419986	3.8572715E-4	9999.0	39.92972	TRUE		NaN	NaN	NaN	NaN	NaN	NaN	NaN	NaN
SPIKE	D12-15:GAC>	1	419986	2.3810317E-6	9999.0	39.92972	TRUE		NaN	NaN	NaN	NaN	NaN	NaN	NaN	NaN
SPIKE	D12-14:GA>	17	419986	4.047754E-5	9999.0	39.92972	TRUE		NaN	NaN	NaN	NaN	NaN	NaN	NaN	NaN
SPIKE	S12:G>T	0	419986	0.0	9999.0	0.0	TRUE	G	6.4510727E-6	13.0	9.2667824E-4	0.999871	110.51543	0.20860563	0.9913197	0.0
SPIKE	S13:A>G	8	419988	1.9048164E-5	2.1149387	40.0	TRUE	A	1.912066E-4	483.0	9.887512E-4	0.99618316	283.7234	0.16642642	0.98952246	0.0
SPIKE	S13:A>C	18	419988	4.2858366E-5	150.31236	39.833332	TRUE	A	2.5808306E-5	43.0	7.087142E-4	0.99948394	54.820442	0.2522527	0.9754255	0.0
SPIKE	D13-14:A>	106	419988	2.5238816E-4	9999.0	39.878998	TRUE		NaN	NaN	NaN	NaN	NaN	NaN	NaN	NaN
SPIKE	I13:>A	2	419988	4.762041E-6	9999.0	39.878998	TRUE		NaN	NaN	NaN	NaN	NaN	NaN	NaN	NaN
SPIKE	S13:A>T	0	419988	0.0	9999.0	0.0	TRUE	A	4.0124647E-5	58.0	8.2261744E-4	0.99919784	36.761818	0.2907887	0.9914196	0.0
SPIKE	I14:>C	4	419993	9.523968E-6	9999.0	39.93197	TRUE		NaN	NaN	NaN	NaN	NaN	NaN	NaN	NaN
SPIKE	D14-16:CA>	23	419993	5.476282E-5	9999.0	39.93197	TRUE		NaN	NaN	NaN	NaN	NaN	NaN	NaN	NaN
SPIKE	S14:C>A	1	419993	2.380992E-6	1.5762821	40.0	TRUE	C	3.8993956E-5	53.0	0.001008362	0.99922043	14.205564	0.30931547	0.9900731	0.0
SPIKE	S14:C>G	6	419993	1.4285953E-5	14.307963	40.0	TRUE	C	5.6567875E-5	1.0	0.0010119607	0.9988693	132.1699	0.17993641	0.99231714	1.0
SPIKE	S14:C>T	53	419993	1.2619258E-4	460.68182	39.90566	TRUE	C	6.314471E-5	152.0	9.4090356E-4	0.99873793	276.18988	0.17464022	0.98968816	0.0
SPIKE	D14-15:C>	121	419993	2.8810004E-4	9999.0	39.93197	TRUE		NaN	NaN	NaN	NaN	NaN	NaN	NaN	NaN
SPIKE	S15:A>G	3	419994	7.142959E-6	0.42551973	40.0	TRUE	A	1.3142792E-4	332.0	9.887512E-4	0.9973749	283.72745	0.16642642	0.98952246	0.0
SPIKE	S15:A>C	17	419994	4.0476767E-5	122.97307	40.0	TRUE	A	3.2409967E-5	54.0	7.087142E-4	0.99935204	54.821224	0.2522527	0.9754255	0.0
SPIKE	D15-16:A>	121	419994	2.8809934E-4	9999.0	39.91184	TRUE		NaN	NaN	NaN	NaN	NaN	NaN	NaN	NaN
SPIKE	I15:>A	4	419994	9.523946E-6	9999.0	39.91184	TRUE		NaN	NaN	NaN	NaN	NaN	NaN	NaN	NaN
SPIKE	S15:A>T	0	419994	0.0	9999.0	0.0	TRUE	A	7.6097385E-6	11.0	8.2261744E-4	0.9998478	36.76234	0.2907887	0.9914196	0.0
SPIKE	I16:>G	1	419994	2.3809864E-6	9999.0	39.9644	TRUE		NaN	NaN	NaN	NaN	NaN	NaN	NaN	NaN
SPIKE	S16:G>A	149	419994	3.5476696E-4	2068.7725	39.892616	TRUE	G	4.953907E-5	121.0	0.0011468801	0.9990097	173.37135	0.17214878	0.9884874	0.0
SPIKE	S16:G>T	1	419994	2.3809864E-6	0.8197163	40.0	TRUE	G	5.4841774E-5	6.0	9.2667824E-4	0.99890375	110.51753	0.20860563	0.9913197	1.0
SPIKE	S16:G>C	2	419994	4.761973E-6	2.273076	40.0	TRUE	G	5.3654665E-5	2.0	9.321642E-4	0.9989275	120.499	0.18718548	0.9919902	1.0
SPIKE	D16-17:G>	63	419994	1.5000215E-4	9999.0	39.9644	TRUE		NaN	NaN	NaN	NaN	NaN	NaN	NaN	NaN
SPIKE	D16-18:GA>	2	419994	4.761973E-6	9999.0	39.9644	TRUE		NaN	NaN	NaN	NaN	NaN	NaN	NaN	NaN
SPIKE	S17:A>G	2	419995	4.7619615E-6	0.0033227063	40.0	TRUE	A	2.3079006E-4	583.0	9.887512E-4	0.9953948	283.72812	0.16642642	0.98952246	0.0
SPIKE	S17:A>C	28	419995	6.666746E-5	375.39395	39.57143	TRUE	A	1.1403479E-5	19.0	7.087142E-4	0.99977195	54.821354	0.2522527	0.9754255	0.0
SPIKE	D17-18:A>	191	419995	4.5476732E-4	9999.0	39.90272	TRUE		NaN	NaN	NaN	NaN	NaN	NaN	NaN	NaN
SPIKE	I17:>A	1	419995	2.3809807E-6	9999.0	39.90272	TRUE		NaN	NaN	NaN	NaN	NaN	NaN	NaN	NaN
SPIKE	S17:A>T	0	419995	0.0	9999.0	0.0	TRUE	A	2.767171E-5	40.0	8.2261744E-4	0.9994467	36.76243	0.2907887	0.9914196	0.0
SPIKE	S18:A>G	9	419995	2.1428827E-5	6.9780226	39.77778	TRUE	A	1.444912E-4	365.0	9.887512E-4	0.99711436	283.72812	0.16642642	0.98952246	0.0
SPIKE	S18:A>T	1	419995	2.3809807E-6	2.8513823	40.0	TRUE	A	2.5431982E-5	5.0	8.2261744E-4	0.9994915	36.76243	0.2907887	0.9914196	1.0
SPIKE	S18:A>C	84	419995	2.0000238E-4	1606.975	39.738094	TRUE	A	8.402564E-6	14.0	7.087142E-4	0.999832	54.821354	0.2522527	0.9754255	0.0
SPIKE	S19:C>G	5	419995	1.1904904E-5	10.277021	39.6	TRUE	C	5.6567875E-5	1.0	0.0010119607	0.9988693	132.17053	0.17993641	0.99231714	1.0
SPIKE	S19:C>T	43	419995	1.0238217E-4	276.39975	40.0	TRUE	C	9.139322E-5	220.0	9.4090356E-4	0.99817383	276.19122	0.17464022	0.98968816	0.0
SPIKE	S19:C>A	0	419995	0.0	9999.0	0.0	TRUE	C	1.5450361E-5	21.0	0.001008362	0.99969107	14.205631	0.30931547	0.9900731	0.0
SPIKE	S20:C>G	42	419995	1.0000119E-4	346.77676	39.92857	TRUE	C	5.6567875E-5	1.0	0.0010119607	0.9988693	132.17053	0.17993641	0.99231714	1.0
SPIKE	S20:C>T	31	419995	7.38104E-5	190.26332	39.80645	TRUE	C	7.3114585E-5	176.0	9.4090356E-4	0.9985388	276.19122	0.17464022	0.98968816	0.0
SPIKE	S20:C>A	0	419995	0.0	9999.0	0.0	TRUE	C	1.0451531E-5	5.0	0.001008362	0.99979097	14.205631	0.30931547	0.9900731	1.0
SPIKE	S21:A>G	16	419995	3.809569E-5	18.656458	39.125	TRUE	A	1.8605716E-4	470.0	9.887512E-4	0.9962858	283.72812	0.16642642	0.98952246	0.0
SPIKE	S21:A>C	20	419995	4.7619615E-5	150.25119	40.0	TRUE	A	3.4810622E-5	58.0	7.087142E-4	0.99930406	54.821354	0.2522527	0.9754255	0.0
SPIKE	S21:A>T	0	419995	0.0	9999.0	0.0	TRUE	A	8.301513E-6	12.0	8.2261744E-4	0.999834	36.76243	0.2907887	0.9914196	0.0
SPIKE	S22:A>C	419988	419995	0.9999833	Infinity	39.993465	TRUE	C	3.290285E-5	0.0	7.087142E-4	0.99934214	54.821354	0.2522527	0.9754255	1.0
SPIKE	S22:A>G	0	419995	0.0	9999.0	0.0	TRUE	C	1.123184E-4	0.0	9.887512E-4	0.9977561	283.72812	0.16642642	0.98952246	1.0
SPIKE	S22:A>T	0	419995	0.0	9999.0	0.0	TRUE	C	2.5431982E-5	0.0	8.2261744E-4	0.9994915	36.76243	0.2907887	0.9914196	1.0
SPIKE	S23:A>G	1	419995	2.3809807E-6	0.079369105	40.0	TRUE	A	1.123184E-4	0.0	9.887512E-4	0.9977561	283.72812	0.16642642	0.98952246	1.0
SPIKE	S23:A>C	0	419995	0.0	9999.0	0.0	TRUE	A	1.1403479E-5	19.0	7.087142E-4	0.99977195	54.821354	0.2522527	0.9754255	0.0
SPIKE	S23:A>T	0	419995	0.0	9999.0	0.0	TRUE	A	2.5431982E-5	0.0	8.2261744E-4	0.9994915	36.76243	0.2907887	0.9914196	1.0
SPIKE	D24-26:AA>	1	419995	2.3809807E-6	9999.0	39.999428	TRUE		NaN	NaN	NaN	NaN	NaN	NaN	NaN	NaN
SPIKE	S24:A>G	0	419995	0.0	9999.0	0.0	TRUE	A	1.123184E-4	2.0	9.887512E-4	0.9977561	283.72812	0.16642642	0.98952246	1.0
SPIKE	S24:A>C	0	419995	0.0	9999.0	0.0	TRUE	A	3.290285E-5	0.0	7.087142E-4	0.99934214	54.821354	0.2522527	0.9754255	1.0
SPIKE	S24:A>T	0	419995	0.0	9999.0	0.0	TRUE	A	2.5431982E-5	0.0	8.2261744E-4	0.9994915	36.76243	0.2907887	0.9914196	1.0
SPIKE	S25:A>G	419988	419995	0.9999833	Infinity	39.99346	TRUE	G	1.123184E-4	0.0	9.887512E-4	0.9977561	283.72812	0.16642642	0.98952246	1.0
SPIKE	S25:A>C	0	419995	0.0	9999.0	0.0	TRUE	G	3.290285E-5	0.0	7.087142E-4	0.99934214	54.821354	0.2522527	0.9754255	1.0
SPIKE	S25:A>T	0	419995	0.0	9999.0	0.0	TRUE	G	2.5431982E-5	1.0	8.2261744E-4	0.9994915	36.76243	0.2907887	0.9914196	1.0
SPIKE	S26:T>C	3	419995	7.142942E-6	0.063396834	40.0	TRUE	T	1.8890436E-4	430.0	9.638446E-4	0.99622905	231.52354	0.18468705	0.9876987	0.0
SPIKE	S26:T>A	0	419995	0.0	9999.0	0.0	TRUE	T	2.5103782E-5	6.0	9.6852146E-4	0.99949807	40.035484	0.26360825	0.99266356	1.0
SPIKE	S26:T>G	0	419995	0.0	9999.0	0.0	TRUE	T	1.31686265E-5	35.0	7.1034E-4	0.99973667	301.5669	0.15813397	0.9924709	0.0
SPIKE	S27:G>A	16	419995	3.809569E-5	107.96438	39.25	TRUE	G	3.480009E-5	85.0	0.0011468801	0.99930423	173.37177	0.17214878	0.9884874	0.0
SPIKE	S27:G>T	1	419995	2.3809807E-6	6.4277134	37.0	TRUE	G	9.924514E-6	20.0	9.2667824E-4	0.9998015	110.5178	0.20860563	0.9913197	0.0
SPIKE	S27:G>C	0	419995	0.0	9999.0	0.0	TRUE	G	5.3654665E-5	0.0	9.321642E-4	0.9989275	120.49929	0.18718548	0.9919902	1.0
SPIKE	S28:G>A	19	419995	4.5238634E-5	87.26834	40.0	TRUE	G	7.082842E-5	173.0	0.0011468801	0.99858445	173.37177	0.17214878	0.9884874	0.0
SPIKE	S28:G>C	0	419995	0.0	9999.0	0.0	TRUE	G	5.3654665E-5	1.0	9.321642E-4	0.9989275	120.49929	0.18718548	0.9919902	1.0
SPIKE	S28:G>T	0	419995	0.0	9999.0	0.0	TRUE	G	5.4841774E-5	6.0	9.2667824E-4	0.99890375	110.5178	0.20860563	0.9913197	1.0
SPIKE	S29:G>A	24	419995	5.7143538E-5	139.05168	39.833332	TRUE	G	6.304958E-5	154.0	0.0011468801	0.9987398	173.37177	0.17214878	0.9884874	0.0
SPIKE	S29:G>C	0	419995	0.0	9999.0	0.0	TRUE	G	5.3654665E-5	1.0	9.321642E-4	0.9989275	120.49929	0.18718548	0.9919902	1.0
SPIKE	S29:G>T	0	419995	0.0	9999.0	0.0	TRUE	G	5.4841774E-5	2.0	9.2667824E-4	0.99890375	110.5178	0.20860563	0.9913197	1.0
SPIKE	S30:A>G	0	419995	0.0	9999.0	0.0	TRUE	A	1.9159929E-4	484.0	9.887512E-4	0.99617535	283.72812	0.16642642	0.98952246	0.0
SPIKE	S30:A>C	0	419995	0.0	9999.0	0.0	TRUE	A	6.6020143E-6	11.0	7.087142E-4	0.999868	54.821354	0.2522527	0.9754255	0.0
SPIKE	S30:A>T	0	419995	0.0	9999.0	0.0	TRUE	A	2.5431982E-5	7.0	8.2261744E-4	0.9994915	36.76243	0.2907887	0.9914196	1.0
SPIKE	S31:T>C	1	419995	2.3809807E-6	0.030594865	40.0	TRUE	T	1.3530823E-4	308.0	9.638446E-4	0.99729747	231.52354	0.18468705	0.9876987	0.0
SPIKE	S31:T>A	0	419995	0.0	9999.0	0.0	TRUE	T	2.5103782E-5	4.0	9.6852146E-4	0.99949807	40.035484	0.26360825	0.99266356	1.0
SPIKE	S31:T>G	0	419995	0.0	9999.0	0.0	TRUE	T	1.1346347E-4	9.0	7.1034E-4	0.9977333	301.5669	0.15813397	0.9924709	1.0
SPIKE	S32:C>T	10	419995	2.3809807E-5	39.49155	40.0	TRUE	C	5.0266273E-5	121.0	9.4090356E-4	0.9989952	276.19122	0.17464022	0.98968816	0.0
SPIKE	S32:C>A	0	419995	0.0	9999.0	0.0	TRUE	C	1.0451531E-5	0.0	0.001008362	0.99979097	14.205631	0.30931547	0.9900731	1.0
SPIKE	S32:C>G	0	419995	0.0	9999.0	0.0	TRUE	C	5.6567875E-5	0.0	0.0010119607	0.9988693	132.17053	0.17993641	0.99231714	1.0
SPIKE	S33:C>T	10	419995	2.3809807E-5	48.182823	40.0	TRUE	C	3.9465256E-5	95.0	9.4090356E-4	0.999211	276.19122	0.17464022	0.98968816	0.0
SPIKE	S33:C>A	2	419995	4.7619615E-6	12.913142	40.0	TRUE	C	1.0451531E-5	2.0	0.001008362	0.99979097	14.205631	0.30931547	0.9900731	1.0
SPIKE	S33:C>G	0	419995	0.0	9999.0	0.0	TRUE	C	5.6567875E-5	0.0	0.0010119607	0.9988693	132.17053	0.17993641	0.99231714	1.0
SPIKE	S34:A>G	8	419995	1.9047846E-5	21.577896	40.0	TRUE	A	6.215101E-5	157.0	9.887512E-4	0.9987578	283.72812	0.16642642	0.98952246	0.0
SPIKE	S34:A>C	0	419995	0.0	9999.0	0.0	TRUE	A	6.0018315E-6	10.0	7.087142E-4	0.99987996	54.821354	0.2522527	0.9754255	0.0
SPIKE	S34:A>T	0	419995	0.0	9999.0	0.0	TRUE	A	2.5431982E-5	0.0	8.2261744E-4	0.9994915	36.76243	0.2907887	0.9914196	1.0
SPIKE	S35:T>C	1	419995	2.3809807E-6	0.024539659	40.0	TRUE	T	1.4057998E-4	320.0	9.638446E-4	0.9971923	231.52354	0.18468705	0.9876987	0.0
SPIKE	S35:T>A	0	419995	0.0	9999.0	0.0	TRUE	T	2.5103782E-5	2.0	9.6852146E-4	0.99949807	40.035484	0.26360825	0.99266356	1.0
SPIKE	S35:T>G	0	419995	0.0	9999.0	0.0	TRUE	T	7.5249295E-6	20.0	7.1034E-4	0.9998495	301.5669	0.15813397	0.9924709	0.0
SPIKE	S36:T>A	0	419995	0.0	9999.0	0.0	TRUE	T	2.5103782E-5	0.0	9.6852146E-4	0.99949807	40.035484	0.26360825	0.99266356	1.0
SPIKE	S36:T>G	0	419995	0.0	9999.0	0.0	TRUE	T	1.1346347E-4	0.0	7.1034E-4	0.9977333	301.5669	0.15813397	0.9924709	1.0
SPIKE	S36:T>C	0	419995	0.0	9999.0	0.0	TRUE	T	1.4936624E-5	34.0	9.638446E-4	0.9997013	231.52354	0.18468705	0.9876987	0.0
SPIKE	S37:A>G	6	419995	1.4285884E-5	13.689736	39.5	TRUE	A	5.858821E-5	148.0	9.887512E-4	0.99882895	283.72812	0.16642642	0.98952246	0.0
SPIKE	S37:A>C	0	419995	0.0	9999.0	0.0	TRUE	A	3.290285E-5	7.0	7.087142E-4	0.99934214	54.821354	0.2522527	0.9754255	1.0
SPIKE	S37:A>T	0	419995	0.0	9999.0	0.0	TRUE	A	2.5431982E-5	1.0	8.2261744E-4	0.9994915	36.76243	0.2907887	0.9914196	1.0
SPIKE	S38:T>C	1	419995	2.3809807E-6	3.9847069	36.0	TRUE	T	1.8451123E-5	42.0	9.638446E-4	0.99963105	231.52354	0.18468705	0.9876987	0.0
SPIKE	S38:T>A	0	419995	0.0	9999.0	0.0	TRUE	T	2.5103782E-5	1.0	9.6852146E-4	0.99949807	40.035484	0.26360825	0.99266356	1.0
SPIKE	S38:T>G	0	419995	0.0	9999.0	0.0	TRUE	T	1.1346347E-4	7.0	7.1034E-4	0.9977333	301.5669	0.15813397	0.9924709	1.0
SPIKE	S39:C>T	14	419995	3.333373E-5	57.84289	39.785713	TRUE	C	6.2313564E-5	150.0	9.4090356E-4	0.9987545	276.19122	0.17464022	0.98968816	0.0
SPIKE	S39:C>A	4	419995	9.523923E-6	30.368269	39.0	TRUE	C	1.0451531E-5	0.0	0.001008362	0.99979097	14.205631	0.30931547	0.9900731	1.0
SPIKE	S39:C>G	0	419995	0.0	9999.0	0.0	TRUE	C	5.6567875E-5	0.0	0.0010119607	0.9988693	132.17053	0.17993641	0.99231714	1.0
SPIKE	S40:G>A	25	419995	5.952452E-5	125.89121	39.72	TRUE	G	7.98355E-5	195.0	0.0011468801	0.99840456	173.37177	0.17214878	0.9884874	0.0
SPIKE	S40:G>C	0	419995	0.0	9999.0	0.0	TRUE	G	5.3654665E-5	0.0	9.321642E-4	0.9989275	120.49929	0.18718548	0.9919902	1.0
SPIKE	S40:G>T	0	419995	0.0	9999.0	0.0	TRUE	G	5.4841774E-5	9.0	9.2667824E-4	0.99890375	110.5178	0.20860563	0.9913197	1.0
SPIKE	S41:G>A	24	419995	5.7143538E-5	179.6139	37.958332	TRUE	G	4.1350697E-5	101.0	0.0011468801	0.99917334	173.37177	0.17214878	0.9884874	0.0
SPIKE	S41:G>C	0	419995	0.0	9999.0	0.0	TRUE	G	5.3654665E-5	3.0	9.321642E-4	0.9989275	120.49929	0.18718548	0.9919902	1.0
SPIKE	S41:G>T	0	419995	0.0	9999.0	0.0	TRUE	G	5.458483E-6	11.0	9.2667824E-4	0.99989086	110.5178	0.20860563	0.9913197	0.0
SPIKE	S42:C>T	22	419995	5.2381576E-5	73.28518	39.68182	TRUE	C	1.15072384E-4	277.0	9.4090356E-4	0.9977012	276.19122	0.17464022	0.98968816	0.0
SPIKE	S42:C>A	4	419995	9.523923E-6	30.368269	37.25	TRUE	C	1.0451531E-5	5.0	0.001008362	0.99979097	14.205631	0.30931547	0.9900731	1.0
SPIKE	S42:C>G	0	419995	0.0	9999.0	0.0	TRUE	C	5.6567875E-5	1.0	0.0010119607	0.9988693	132.17053	0.17993641	0.99231714	1.0
SPIKE	S43:G>T	2	419995	4.7619615E-6	2.1814032	35.5	TRUE	G	5.4841774E-5	4.0	9.2667824E-4	0.99890375	110.5178	0.20860563	0.9913197	1.0
SPIKE	S43:G>A	15	419995	3.571471E-5	75.84806	39.466667	TRUE	G	5.1176605E-5	125.0	0.0011468801	0.998977	173.37177	0.17214878	0.9884874	0.0
SPIKE	S43:G>C	0	419995	0.0	9999.0	0.0	TRUE	G	5.3654665E-5	0.0	9.321642E-4	0.9989275	120.49929	0.18718548	0.9919902	1.0
SPIKE	S44:G>T	1	419995	2.3809807E-6	0.8197119	34.0	TRUE	G	5.4841774E-5	4.0	9.2667824E-4	0.99890375	110.5178	0.20860563	0.9913197	1.0
SPIKE	S44:G>A	19	419995	4.5238634E-5	59.25874	39.842106	TRUE	G	1.0808499E-4	264.0	0.0011468801	0.99784064	173.37177	0.17214878	0.9884874	0.0
SPIKE	S44:G>C	0	419995	0.0	9999.0	0.0	TRUE	G	5.3654665E-5	4.0	9.321642E-4	0.9989275	120.49929	0.18718548	0.9919902	1.0
SPIKE	S45:C>T	11	419995	2.6190788E-5	53.916233	38.727272	TRUE	C	4.1542375E-5	100.0	9.4090356E-4	0.99916947	276.19122	0.17464022	0.98968816	0.0
SPIKE	S45:C>A	2	419995	4.7619615E-6	12.913142	40.0	TRUE	C	1.0451531E-5	3.0	0.001008362	0.99979097	14.205631	0.30931547	0.9900731	1.0
SPIKE	S45:C>G	0	419995	0.0	9999.0	0.0	TRUE	C	5.6567875E-5	0.0	0.0010119607	0.9988693	132.17053	0.17993641	0.99231714	1.0
SPIKE	S46:G>A	15	419995	3.571471E-5	74.09009	39.8	TRUE	G	5.2814255E-5	129.0	0.0011468801	0.9989443	173.37177	0.17214878	0.9884874	0.0
SPIKE	S46:G>C	0	419995	0.0	9999.0	0.0	TRUE	G	5.3654665E-5	0.0	9.321642E-4	0.9989275	120.49929	0.18718548	0.9919902	1.0
SPIKE	S46:G>T	0	419995	0.0	9999.0	0.0	TRUE	G	5.4841774E-5	5.0	9.2667824E-4	0.99890375	110.5178	0.20860563	0.9913197	1.0
SPIKE	S47:A>G	1	419995	2.3809807E-6	8.873405	40.0	TRUE	A	5.5421283E-6	14.0	9.887512E-4	0.99988914	283.72812	0.16642642	0.98952246	0.0
SPIKE	S47:A>C	0	419995	0.0	9999.0	0.0	TRUE	A	3.290285E-5	0.0	7.087142E-4	0.99934214	54.821354	0.2522527	0.9754255	1.0
SPIKE	S47:A>T	0	419995	0.0	9999.0	0.0	TRUE	A	2.5431982E-5	1.0	8.2261744E-4	0.9994915	36.76243	0.2907887	0.9914196	1.0
SPIKE	S48:A>C	1	419995	2.3809807E-6	2.0445745	40.0	TRUE	A	3.290285E-5	8.0	7.087142E-4	0.99934214	54.821354	0.2522527	0.9754255	1.0
SPIKE	S48:A>G	1	419995	2.3809807E-6	3.0258148	40.0	TRUE	A	2.4147845E-5	61.0	9.887512E-4	0.99951714	283.72812	0.16642642	0.98952246	0.0
SPIKE	S48:A>T	0	419995	0.0	9999.0	0.0	TRUE	A	2.5431982E-5	1.0	8.2261744E-4	0.9994915	36.76243	0.2907887	0.9914196	1.0
SPIKE	D49-50:T>	1	419995	2.3809807E-6	9999.0	39.92352	TRUE		NaN	NaN	NaN	NaN	NaN	NaN	NaN	NaN
SPIKE	S49:T>A	0	419995	0.0	9999.0	0.0	TRUE	T	2.5103782E-5	0.0	9.6852146E-4	0.99949807	40.035484	0.26360825	0.99266356	1.0
SPIKE	S49:T>G	0	419995	0.0	9999.0	0.0	TRUE	T	3.7624648E-6	10.0	7.1034E-4	0.9999248	301.5669	0.15813397	0.9924709	0.0
SPIKE	S49:T>C	0	419995	0.0	9999.0	0.0	TRUE	T	1.976906E-5	45.0	9.638446E-4	0.9996047	231.52354	0.18468705	0.9876987	0.0
SPIKE	S50:T>C	2	419995	4.7619615E-6	8.275975	35.5	TRUE	T	1.932975E-5	44.0	9.638446E-4	0.99961346	231.52354	0.18468705	0.9876987	0.0
SPIKE	S50:T>A	0	419995	0.0	9999.0	0.0	TRUE	T	2.5103782E-5	1.0	9.6852146E-4	0.99949807	40.035484	0.26360825	0.99266356	1.0
SPIKE	S50:T>G	0	419995	0.0	9999.0	0.0	TRUE	T	1.1346347E-4	5.0	7.1034E-4	0.9977333	301.5669	0.15813397	0.9924709	1.0
SPIKE	S51:T>A	0	419995	0.0	9999.0	0.0	TRUE	T	1.5675958E-5	25.0	9.6852146E-4	0.99968654	40.035484	0.26360825	0.99266356	0.0
SPIKE	S51:T>G	0	419995	0.0	9999.0	0.0	TRUE	T	1.1346347E-4	0.0	7.1034E-4	0.9977333	301.5669	0.15813397	0.9924709	1.0
SPIKE	S51:T>C	0	419995	0.0	9999.0	0.0	TRUE	T	1.5375936E-5	35.0	9.638446E-4	0.9996925	231.52354	0.18468705	0.9876987	0.0
SPIKE	S52:A>G	12	419995	2.8571769E-5	50.51049	39.583332	TRUE	A	5.383782E-5	136.0	9.887512E-4	0.99892384	283.72812	0.16642642	0.98952246	0.0
SPIKE	S52:A>C	0	419995	0.0	9999.0	0.0	TRUE	A	1.5004578E-5	25.0	7.087142E-4	0.99969995	54.821354	0.2522527	0.9754255	0.0
SPIKE	S52:A>T	0	419995	0.0	9999.0	0.0	TRUE	A	2.5431982E-5	1.0	8.2261744E-4	0.9994915	36.76243	0.2907887	0.9914196	1.0
SPIKE	S53:C>T	12	419995	2.8571769E-5	37.23705	39.666668	TRUE	C	7.4360854E-5	179.0	9.4090356E-4	0.9985139	276.19122	0.17464022	0.98968816	0.0
SPIKE	S53:C>A	1	419995	2.3809807E-6	6.215537	40.0	TRUE	C	1.0451531E-5	3.0	0.001008362	0.99979097	14.205631	0.30931547	0.9900731	1.0
SPIKE	S53:C>G	0	419995	0.0	9999.0	0.0	TRUE	C	5.6567875E-5	2.0	0.0010119607	0.9988693	132.17053	0.17993641	0.99231714	1.0
SPIKE	S54:C>T	17	419997	4.047648E-5	78.12084	40.0	TRUE	C	6.439038E-5	155.0	9.4090356E-4	0.998713	276.19254	0.17464022	0.98968816	0.0
SPIKE	S54:C>A	2	419997	4.7619387E-6	8.350362	40.0	TRUE	C	1.912893E-5	26.0	0.001008362	0.9996175	14.205699	0.30931547	0.9900731	0.0
SPIKE	S54:C>G	0	419997	0.0	9999.0	0.0	TRUE	C	5.6567875E-5	0.0	0.0010119607	0.9988693	132.17116	0.17993641	0.99231714	1.0
SPIKE	S55:A>T	4	419998	9.523855E-6	15.978511	40.0	TRUE	A	2.6979724E-5	39.0	8.2261744E-4	0.9994606	36.76269	0.2907887	0.9914196	0.0
SPIKE	S55:A>C	4	419998	9.523855E-6	3.4500577	40.0	TRUE	A	8.282468E-5	138.0	7.087142E-4	0.9983449	54.821747	0.2522527	0.9754255	0.0
SPIKE	S55:A>G	43	419998	1.0238144E-4	144.05936	40.0	TRUE	A	2.0901591E-4	528.0	9.887512E-4	0.9958284	283.73013	0.16642642	0.98952246	0.0
SPIKE	S56:C>T	14	419998	3.3333494E-5	47.672848	40.0	TRUE	C	7.685285E-5	185.0	9.4090356E-4	0.9984641	276.19318	0.17464022	0.98968816	0.0
SPIKE	S56:C>A	7	419998	1.6666747E-5	33.92276	40.0	TRUE	C	3.0164778E-5	41.0	0.001008362	0.99939686	14.205732	0.30931547	0.9900731	0.0
SPIKE	S56:C>G	0	419998	0.0	9999.0	0.0	TRUE	C	5.6567875E-5	1.0	0.0010119607	0.9988693	132.17148	0.17993641	0.99231714	1.0
SPIKE	S57:C>T	22	419998	5.23812E-5	110.65517	40.0	TRUE	C	7.145238E-5	172.0	9.4090356E-4	0.998572	276.19318	0.17464022	0.98968816	0.0
SPIKE	S57:C>A	7	419998	1.6666747E-5	39.61072	40.0	TRUE	C	2.4278967E-5	33.0	0.001008362	0.9995145	14.205732	0.30931547	0.9900731	0.0
SPIKE	S57:C>G	0	419998	0.0	9999.0	0.0	TRUE	C	5.6567875E-5	1.0	0.0010119607	0.9988693	132.17148	0.17993641	0.99231714	1.0
SPIKE	S58:A>C	1	419998	2.3809637E-6	0.5471291	40.0	TRUE	A	6.4819316E-5	108.0	7.087142E-4	0.99870443	54.821747	0.2522527	0.9754255	0.0
SPIKE	S58:A>G	20	419998	4.7619273E-5	47.138638	40.0	TRUE	A	1.4369845E-4	363.0	9.887512E-4	0.99713016	283.73013	0.16642642	0.98952246	0.0
SPIKE	S58:A>T	0	419998	0.0	9999.0	0.0	TRUE	A	1.9370058E-5	28.0	8.2261744E-4	0.9996127	36.76269	0.2907887	0.9914196	0.0
SPIKE	S59:T>C	8	419998	1.904771E-5	7.5071793	40.0	TRUE	T	1.22128E-4	278.0	9.638446E-4	0.99756044	231.52519	0.18468705	0.9876987	0.0
SPIKE	S59:T>A	0	419998	0.0	9999.0	0.0	TRUE	T	6.3330415E-5	101.0	9.6852146E-4	0.9987342	40.03577	0.26360825	0.99266356	0.0
SPIKE	S59:T>G	0	419998	0.0	9999.0	0.0	TRUE	T	1.1346347E-4	8.0	7.1034E-4	0.9977333	301.56903	0.15813397	0.9924709	1.0
SPIKE	S60:T>C	8	419998	1.904771E-5	19.662006	40.0	TRUE	T	6.721433E-5	153.0	9.638446E-4	0.99865663	231.52519	0.18468705	0.9876987	0.0
SPIKE	S60:T>A	0	419998	0.0	9999.0	0.0	TRUE	T	2.5103782E-5	7.0	9.6852146E-4	0.99949807	40.03577	0.26360825	0.99266356	1.0
SPIKE	S60:T>G	0	419998	0.0	9999.0	0.0	TRUE	T	1.0158582E-5	27.0	7.1034E-4	0.99979687	301.56903	0.15813397	0.9924709	0.0
SPIKE	S61:G>T	1	419998	2.3809637E-6	1.2442391	40.0	TRUE	G	4.4659995E-5	90.0	9.2667824E-4	0.9991072	110.518585	0.20860563	0.9913197	0.0
SPIKE	S61:G>A	20	419998	4.7619273E-5	124.81903	40.0	TRUE	G	4.790096E-5	117.0	0.0011468801	0.99904245	173.373	0.17214878	0.9884874	0.0
SPIKE	S61:G>C	0	419998	0.0	9999.0	0.0	TRUE	G	5.3654665E-5	0.0	9.321642E-4	0.9989275	120.50015	0.18718548	0.9919902	1.0
SPIKE	S62:A>T	1	419998	2.3809637E-6	4.3813186	40.0	TRUE	A	1.6602908E-5	24.0	8.2261744E-4	0.999668	36.76269	0.2907887	0.9914196	0.0
SPIKE	S62:A>G	3	419998	7.1428913E-6	4.2856402	40.0	TRUE	A	5.5025022E-5	139.0	9.887512E-4	0.9989001	283.73013	0.16642642	0.98952246	0.0
SPIKE	D62-63:A>	7	419998	1.6666747E-5	9999.0	40.0	TRUE		NaN	NaN	NaN	NaN	NaN	NaN	NaN	NaN
SPIKE	S62:A>C	0	419998	0.0	9999.0	0.0	TRUE	A	3.290285E-5	6.0	7.087142E-4	0.99934214	54.821747	0.2522527	0.9754255	1.0
SPIKE	S63:A>T	1	419998	2.3809637E-6	4.3813186	40.0	TRUE	A	1.6602908E-5	24.0	8.2261744E-4	0.999668	36.76269	0.2907887	0.9914196	0.0
SPIKE	S63:A>G	1	419998	2.3809637E-6	2.312736	40.0	TRUE	A	3.0085625E-5	76.0	9.887512E-4	0.99939847	283.73013	0.16642642	0.98952246	0.0
SPIKE	S63:A>C	0	419998	0.0	9999.0	0.0	TRUE	A	3.290285E-5	7.0	7.087142E-4	0.99934214	54.821747	0.2522527	0.9754255	1.0
SPIKE	S64:A>G	7	419998	1.6666747E-5	9.387543	40.0	TRUE	A	9.263206E-5	234.0	9.887512E-4	0.9981491	283.73013	0.16642642	0.98952246	0.0
SPIKE	S64:A>T	1	419998	2.3809637E-6	2.8513584	40.0	TRUE	A	2.5431982E-5	4.0	8.2261744E-4	0.9994915	36.76269	0.2907887	0.9914196	1.0
SPIKE	S64:A>C	0	419998	0.0	9999.0	0.0	TRUE	A	1.0803219E-5	18.0	7.087142E-4	0.99978393	54.821747	0.2522527	0.9754255	0.0
SPIKE	S65:A>G	28	419998	6.666699E-5	72.22176	40.0	TRUE	A	1.7932616E-4	453.0	9.887512E-4	0.9964199	283.73013	0.16642642	0.98952246	0.0
SPIKE	S65:A>C	5	419998	1.1904818E-5	2.1712897	40.0	TRUE	A	1.2303666E-4	205.0	7.087142E-4	0.99754226	54.821747	0.2522527	0.9754255	0.0
SPIKE	S65:A>T	0	419998	0.0	9999.0	0.0	TRUE	A	2.5431982E-5	3.0	8.2261744E-4	0.9994915	36.76269	0.2907887	0.9914196	1.0
SPIKE	S66:C>A	3	419998	7.1428913E-6	10.155477	40.0	TRUE	C	2.7957598E-5	38.0	0.001008362	0.999441	14.205732	0.30931547	0.9900731	0.0
SPIKE	S66:C>T	15	419998	3.5714456E-5	62.231262	40.0	TRUE	C	6.563649E-5	158.0	9.4090356E-4	0.9986881	276.19318	0.17464022	0.98968816	0.0
SPIKE	S66:C>G	0	419998	0.0	9999.0	0.0	TRUE	C	5.6567875E-5	5.0	0.0010119607	0.9988693	132.17148	0.17993641	0.99231714	1.0
SPIKE	S67:C>A	4	419998	9.523855E-6	3.4882045	40.0	TRUE	C	8.240134E-5	112.0	0.001008362	0.9983533	14.205732	0.30931547	0.9900731	0.0
SPIKE	S67:C>T	21	419998	5.000024E-5	145.5393	40.0	TRUE	C	4.19575E-5	101.0	9.4090356E-4	0.9991612	276.19318	0.17464022	0.98968816	0.0
SPIKE	S67:C>G	0	419998	0.0	9999.0	0.0	TRUE	C	5.6567875E-5	0.0	0.0010119607	0.9988693	132.17148	0.17993641	0.99231714	1.0
SPIKE	S68:A>G	55	419998	1.30953E-4	192.78462	40.0	TRUE	A	2.537485E-4	641.0	9.887512E-4	0.9949379	283.73013	0.16642642	0.98952246	0.0
SPIKE	S68:A>C	1	419998	2.3809637E-6	1.6154653	40.0	TRUE	A	3.8411446E-5	64.0	7.087142E-4	0.99923205	54.821747	0.2522527	0.9754255	0.0
SPIKE	S68:A>T	2	419998	4.7619274E-6	5.1125407	40.0	TRUE	A	3.113045E-5	45.0	8.2261744E-4	0.9993776	36.76269	0.2907887	0.9914196	0.0
SPIKE	S69:G>A	12	419998	2.8571565E-5	39.393147	40.0	TRUE	G	7.041851E-5	172.0	0.0011468801	0.9985926	173.373	0.17214878	0.9884874	0.0
SPIKE	S69:G>C	1	419998	2.3809637E-6	1.0040759	40.0	TRUE	G	4.9869835E-5	112.0	9.321642E-4	0.9990031	120.50015	0.18718548	0.9919902	0.0
SPIKE	S69:G>T	3	419998	7.1428913E-6	27.93291	40.0	TRUE	G	5.954666E-6	12.0	9.2667824E-4	0.9998809	110.518585	0.20860563	0.9913197	0.0
SPIKE	S70:C>A	3	419998	7.1428913E-6	21.079275	40.0	TRUE	C	1.0451531E-5	1.0	0.001008362	0.99979097	14.205732	0.30931547	0.9900731	1.0
SPIKE	S70:C>G	1	419998	2.3809637E-6	7.0399027	40.0	TRUE	C	8.55977E-6	20.0	0.0010119607	0.9998288	132.17148	0.17993641	0.99231714	0.0
SPIKE	S70:C>T	35	419998	8.333373E-5	171.26134	40.0	TRUE	C	1.1340988E-4	273.0	9.4090356E-4	0.99773437	276.19318	0.17464022	0.98968816	0.0
SPIKE	S71:C>A	2	419998	4.7619274E-6	7.3474555	40.0	TRUE	C	2.2071788E-5	30.0	0.001008362	0.9995587	14.205732	0.30931547	0.9900731	0.0
SPIKE	S71:C>T	12	419998	2.8571565E-5	32.776268	40.0	TRUE	C	8.349958E-5	201.0	9.4090356E-4	0.9983314	276.19318	0.17464022	0.98968816	0.0
SPIKE	S71:C>G	0	419998	0.0	9999.0	0.0	TRUE	C	3.9374943E-5	92.0	0.0010119607	0.9992128	132.17148	0.17993641	0.99231714	0.0
SPIKE	S72:G>A	28	419998	6.666699E-5	132.09615	40.0	TRUE	G	9.621133E-5	235.0	0.0011468801	0.99807763	173.373	0.17214878	0.9884874	0.0
SPIKE	S72:G>T	2	419998	4.7619274E-6	3.99949	40.0	TRUE	G	3.7712885E-5	76.0	9.2667824E-4	0.999246	110.518585	0.20860563	0.9913197	0.0
SPIKE	S72:G>C	0	419998	0.0	9999.0	0.0	TRUE	G	7.124262E-6	16.0	9.321642E-4	0.99985754	120.50015	0.18718548	0.9919902	0.0
SPIKE	S73:T>G	2	419998	4.7619274E-6	2.6817584	40.0	TRUE	T	4.891169E-5	130.0	7.1034E-4	0.99902225	301.56903	0.15813397	0.9924709	0.0
SPIKE	S73:T>C	39	419998	9.285758E-5	102.07451	40.0	TRUE	T	2.3898427E-4	544.0	9.638446E-4	0.99523175	231.52519	0.18468705	0.9876987	0.0
SPIKE	S73:T>A	0	419998	0.0	9999.0	0.0	TRUE	T	2.5103782E-5	9.0	9.6852146E-4	0.99949807	40.03577	0.26360825	0.99266356	1.0
SPIKE	S74:G>A	21	419998	5.000024E-5	156.16476	40.0	TRUE	G	3.72563E-5	91.0	0.0011468801	0.9992552	173.373	0.17214878	0.9884874	0.0
SPIKE	S74:G>C	0	419998	0.0	9999.0	0.0	TRUE	G	1.0686394E-5	24.0	9.321642E-4	0.9997863	120.50015	0.18718548	0.9919902	0.0
SPIKE	S74:G>T	0	419998	0.0	9999.0	0.0	TRUE	G	1.141311E-5	23.0	9.2667824E-4	0.9997718	110.518585	0.20860563	0.9913197	0.0
SPIKE	S75:G>A	13	419998	3.0952528E-5	42.289875	40.0	TRUE	G	7.5740834E-5	185.0	0.0011468801	0.99848634	173.373	0.17214878	0.9884874	0.0
SPIKE	S75:G>C	0	419998	0.0	9999.0	0.0	TRUE	G	5.3654665E-5	0.0	9.321642E-4	0.9989275	120.50015	0.18718548	0.9919902	1.0
SPIKE	S75:G>T	0	419998	0.0	9999.0	0.0	TRUE	G	4.6644884E-5	94.0	9.2667824E-4	0.99906754	110.518585	0.20860563	0.9913197	0.0
SPIKE	S76:T>A	1	419998	2.3809637E-6	7.5791006	40.0	TRUE	T	7.5244056E-6	12.0	9.6852146E-4	0.9998495	40.03577	0.26360825	0.99266356	0.0
SPIKE	S76:T>G	6	419998	1.42857825E-5	19.856773	40.0	TRUE	T	4.21393E-5	112.0	7.1034E-4	0.99915755	301.56903	0.15813397	0.9924709	0.0
SPIKE	S76:T>C	21	419998	5.000024E-5	41.100796	40.0	TRUE	T	1.7176995E-4	391.0	9.638446E-4	0.99657047	231.52519	0.18468705	0.9876987	0.0
SPIKE	S77:T>G	2	419998	4.7619274E-6	14.415323	40.0	TRUE	T	8.6536065E-6	23.0	7.1034E-4	0.99982697	301.56903	0.15813397	0.9924709	0.0
SPIKE	S77:T>C	2	419998	4.7619274E-6	4.772041	40.0	TRUE	T	3.29482E-5	75.0	9.638446E-4	0.99934125	231.52519	0.18468705	0.9876987	0.0
SPIKE	S77:T>A	0	419998	0.0	9999.0	0.0	TRUE	T	2.5103782E-5	3.0	9.6852146E-4	0.99949807	40.03577	0.26360825	0.99266356	1.0
SPIKE	S78:T>C	4	419998	9.523855E-6	27.770058	40.0	TRUE	T	1.2300661E-5	28.0	9.638446E-4	0.999754	231.52519	0.18468705	0.9876987	0.0
SPIKE	S78:T>A	0	419998	0.0	9999.0	0.0	TRUE	T	2.5103782E-5	0.0	9.6852146E-4	0.99949807	40.03577	0.26360825	0.99266356	1.0
SPIKE	S78:T>G	0	419998	0.0	9999.0	0.0	TRUE	T	4.6277986E-5	123.0	7.1034E-4	0.9990749	301.56903	0.15813397	0.9924709	0.0
SPIKE	S79:G>A	15	419998	3.5714456E-5	80.54483	40.0	TRUE	G	4.708214E-5	115.0	0.0011468801	0.9990588	173.373	0.17214878	0.9884874	0.0
SPIKE	S79:G>C	0	419998	0.0	9999.0	0.0	TRUE	G	4.6307705E-5	104.0	9.321642E-4	0.9990743	120.50015	0.18718548	0.9919902	0.0
SPIKE	S79:G>T	0	419998	0.0	9999.0	0.0	TRUE	G	9.428221E-6	19.0	9.2667824E-4	0.9998115	110.518585	0.20860563	0.9913197	0.0
SPIKE	S80:C>A	3	419997	7.142908E-6	21.079304	40.0	TRUE	C	1.0451531E-5	9.0	0.001008362	0.99979097	14.205699	0.30931547	0.9900731	1.0
SPIKE	S80:C>T	32	419997	7.619102E-5	121.625694	40.0	TRUE	C	1.3999714E-4	337.0	9.4090356E-4	0.99720395	276.19254	0.17464022	0.98968816	0.0
SPIKE	S80:C>G	0	419997	0.0	9999.0	0.0	TRUE	C	4.3226944E-5	101.0	0.0010119607	0.99913585	132.17116	0.17993641	0.99231714	0.0
SPIKE	S81:G>A	34	419997	8.095296E-5	210.78175	40.0	TRUE	G	7.819748E-5	191.0	0.0011468801	0.9984373	173.37259	0.17214878	0.9884874	0.0
SPIKE	S81:G>T	4	419997	9.523877E-6	25.854006	40.0	TRUE	G	1.3894254E-5	28.0	9.2667824E-4	0.9997222	110.518326	0.20860563	0.9913197	0.0
SPIKE	S81:G>C	0	419997	0.0	9999.0	0.0	TRUE	G	5.3654665E-5	3.0	9.321642E-4	0.9989275	120.49986	0.18718548	0.9919902	1.0
SPIKE	S82:G>A	31	419997	7.381005E-5	144.30597	40.0	TRUE	G	1.0726565E-4	262.0	0.0011468801	0.997857	173.37259	0.17214878	0.9884874	0.0
SPIKE	S82:G>T	1	419997	2.3809694E-6	0.8197032	40.0	TRUE	G	5.4841774E-5	9.0	9.2667824E-4	0.99890375	110.518326	0.20860563	0.9913197	1.0
SPIKE	S82:G>C	0	419997	0.0	9999.0	0.0	TRUE	G	4.2300406E-5	95.0	9.321642E-4	0.9991543	120.49986	0.18718548	0.9919902	0.0
SPIKE	S83:C>A	5	419997	1.1904847E-5	40.560253	40.0	TRUE	C	1.0451531E-5	5.0	0.001008362	0.99979097	14.205699	0.30931547	0.9900731	1.0
SPIKE	S83:C>T	14	419997	3.333357E-5	42.46122	40.0	TRUE	C	8.599231E-5	207.0	9.4090356E-4	0.99828166	276.19254	0.17464022	0.98968816	0.0
SPIKE	S83:C>G	0	419997	0.0	9999.0	0.0	TRUE	C	4.451091E-5	104.0	0.0010119607	0.99911016	132.17116	0.17993641	0.99231714	0.0
SPIKE	S84:G>A	37	419997	8.809587E-5	233.08057	40.0	TRUE	G	8.229159E-5	201.0	0.0011468801	0.9983555	173.37259	0.17214878	0.9884874	0.0
SPIKE	S84:G>T	2	419997	4.7619387E-6	18.970673	40.0	TRUE	G	4.9622336E-6	10.0	9.2667824E-4	0.99990076	110.518326	0.20860563	0.9913197	0.0
SPIKE	S84:G>C	0	419997	0.0	9999.0	0.0	TRUE	G	5.3654665E-5	4.0	9.321642E-4	0.9989275	120.49986	0.18718548	0.9919902	1.0
SPIKE	S85:A>G	2	419997	4.7619387E-6	6.8484464	40.0	TRUE	A	2.3751865E-5	60.0	9.887512E-4	0.99952507	283.72946	0.16642642	0.98952246	0.0
SPIKE	S85:A>C	1	419997	2.3809694E-6	2.0445604	40.0	TRUE	A	3.290285E-5	2.0	7.087142E-4	0.99934214	54.821617	0.2522527	0.9754255	1.0
SPIKE	S85:A>T	0	419997	0.0	9999.0	0.0	TRUE	A	6.7795365E-5	98.0	8.2261744E-4	0.998645	36.762604	0.2907887	0.9914196	0.0
SPIKE	S86:T>A	0	419996	0.0	9999.0	0.0	TRUE	T	2.5103782E-5	9.0	9.6852146E-4	0.99949807	40.03558	0.26360825	0.99266356	1.0
SPIKE	S86:T>G	0	419996	0.0	9999.0	0.0	TRUE	T	7.5249113E-6	20.0	7.1034E-4	0.9998495	301.5676	0.15813397	0.9924709	0.0
SPIKE	S86:T>C	0	419996	0.0	9999.0	0.0	TRUE	T	9.972369E-5	227.0	9.638446E-4	0.99800754	231.5241	0.18468705	0.9876987	0.0
SPIKE	S87:T>C	1	419996	2.380975E-6	1.4051323	40.0	TRUE	T	4.1734584E-5	95.0	9.638446E-4	0.99916565	231.5241	0.18468705	0.9876987	0.0
SPIKE	S87:T>A	0	419996	0.0	9999.0	0.0	TRUE	T	2.5103782E-5	5.0	9.6852146E-4	0.99949807	40.03558	0.26360825	0.99266356	1.0
SPIKE	S87:T>G	0	419996	0.0	9999.0	0.0	TRUE	T	1.3168595E-5	35.0	7.1034E-4	0.99973667	301.5676	0.15813397	0.9924709	0.0
SPIKE	S88:T>A	0	419996	0.0	9999.0	0.0	TRUE	T	1.567592E-5	25.0	9.6852146E-4	0.99968654	40.03558	0.26360825	0.99266356	0.0
SPIKE	S88:T>G	0	419996	0.0	9999.0	0.0	TRUE	T	1.1346347E-4	2.0	7.1034E-4	0.9977333	301.5676	0.15813397	0.9924709	1.0
SPIKE	S88:T>C	0	419996	0.0	9999.0	0.0	TRUE	T	2.5480062E-5	58.0	9.638446E-4	0.9994905	231.5241	0.18468705	0.9876987	0.0
SPIKE	S89:A>G	1	419996	2.380975E-6	1.880978	40.0	TRUE	A	3.4836154E-5	88.0	9.887512E-4	0.9993035	283.7288	0.16642642	0.98952246	0.0
SPIKE	S89:A>C	0	419996	0.0	9999.0	0.0	TRUE	A	3.290285E-5	0.0	7.087142E-4	0.99934214	54.821484	0.2522527	0.9754255	1.0
SPIKE	S89:A>T	0	419996	0.0	9999.0	0.0	TRUE	A	1.7294778E-5	25.0	8.2261744E-4	0.9996542	36.762516	0.2907887	0.9914196	0.0
SPIKE	S90:T>A	0	419996	0.0	9999.0	0.0	TRUE	T	2.5103782E-5	1.0	9.6852146E-4	0.99949807	40.03558	0.26360825	0.99266356	1.0
SPIKE	S90:T>G	0	419996	0.0	9999.0	0.0	TRUE	T	4.138701E-6	11.0	7.1034E-4	0.9999172	301.5676	0.15813397	0.9924709	0.0
SPIKE	S90:T>C	0	419996	0.0	9999.0	0.0	TRUE	T	2.9873177E-5	68.0	9.638446E-4	0.9994027	231.5241	0.18468705	0.9876987	0.0
SPIKE	S91:C>A	6	419996	1.4285851E-5	51.505646	39.5	TRUE	C	1.0451531E-5	0.0	0.001008362	0.99979097	14.205666	0.30931547	0.9900731	1.0
SPIKE	S91:C>T	13	419996	3.0952677E-5	48.03632	40.0	TRUE	C	6.646764E-5	160.0	9.4090356E-4	0.99867153	276.19186	0.17464022	0.98968816	0.0
SPIKE	S91:C>G	0	419996	0.0	9999.0	0.0	TRUE	C	5.6567875E-5	0.0	0.0010119607	0.9988693	132.17085	0.17993641	0.99231714	1.0
SPIKE	S92:G>A	30	419996	7.1429255E-5	123.51325	39.8	TRUE	G	1.207765E-4	295.0	0.0011468801	0.9975874	173.37218	0.17214878	0.9884874	0.0
SPIKE	S92:G>C	0	419996	0.0	9999.0	0.0	TRUE	G	5.3654665E-5	2.0	9.321642E-4	0.9989275	120.49958	0.18718548	0.9919902	1.0
SPIKE	S92:G>T	0	419996	0.0	9999.0	0.0	TRUE	G	5.4841774E-5	0.0	9.2667824E-4	0.99890375	110.51806	0.20860563	0.9913197	1.0
SPIKE	S93:T>A	1	419996	2.380975E-6	6.134979	40.0	TRUE	T	1.0659625E-5	17.0	9.6852146E-4	0.99978685	40.03558	0.26360825	0.99266356	0.0
SPIKE	S93:T>C	2	419996	4.76195E-6	0.20609954	40.0	TRUE	T	1.2256789E-4	279.0	9.638446E-4	0.9975516	231.5241	0.18468705	0.9876987	0.0
SPIKE	S93:T>G	0	419996	0.0	9999.0	0.0	TRUE	T	4.8911925E-6	13.0	7.1034E-4	0.9999022	301.5676	0.15813397	0.9924709	0.0
SPIKE	S94:C>A	6	419996	1.4285851E-5	51.505646	40.0	TRUE	C	1.0451531E-5	2.0	0.001008362	0.99979097	14.205666	0.30931547	0.9900731	1.0
SPIKE	S94:C>T	15	419996	3.5714627E-5	69.956635	38.6	TRUE	C	5.691292E-5	137.0	9.4090356E-4	0.9988624	276.19186	0.17464022	0.98968816	0.0
SPIKE	S94:C>G	0	419996	0.0	9999.0	0.0	TRUE	C	5.6567875E-5	0.0	0.0010119607	0.9988693	132.17085	0.17993641	0.99231714	1.0
SPIKE	S95:G>A	19	419996	4.5238525E-5	66.39941	39.736843	TRUE	G	9.66212E-5	236.0	0.0011468801	0.99806947	173.37218	0.17214878	0.9884874	0.0
SPIKE	S95:G>C	0	419996	0.0	9999.0	0.0	TRUE	G	5.3654665E-5	0.0	9.321642E-4	0.9989275	120.49958	0.18718548	0.9919902	1.0
SPIKE	S95:G>T	0	419996	0.0	9999.0	0.0	TRUE	G	5.4841774E-5	0.0	9.2667824E-4	0.99890375	110.51806	0.20860563	0.9913197	1.0
SPIKE	S96:T>C	5	419996	1.19048755E-5	0.2914586	40.0	TRUE	T	2.0076532E-4	457.0	9.638446E-4	0.9959927	231.5241	0.18468705	0.9876987	0.0
SPIKE	S96:T>A	0	419996	0.0	9999.0	0.0	TRUE	T	7.5244416E-6	12.0	9.6852146E-4	0.9998495	40.03558	0.26360825	0.99266356	0.0
SPIKE	S96:T>G	0	419996	0.0	9999.0	0.0	TRUE	T	8.277402E-6	22.0	7.1034E-4	0.9998345	301.5676	0.15813397	0.9924709	0.0
SPIKE	S97:C>T	4	419996	9.5239E-6	14.371484	40.0	TRUE	C	3.0325862E-5	73.0	9.4090356E-4	0.99939364	276.19186	0.17464022	0.98968816	0.0
SPIKE	S97:C>A	0	419996	0.0	9999.0	0.0	TRUE	C	1.0451531E-5	0.0	0.001008362	0.99979097	14.205666	0.30931547	0.9900731	1.0
SPIKE	S97:C>G	0	419996	0.0	9999.0	0.0	TRUE	C	5.6567875E-5	0.0	0.0010119607	0.9988693	132.17085	0.17993641	0.99231714	1.0
SPIKE	S98:A>G	14	419996	3.333365E-5	43.792744	39.785713	TRUE	A	8.352759E-5	211.0	9.887512E-4	0.99833083	283.7288	0.16642642	0.98952246	0.0
SPIKE	D98-101:ATC>	1	419996	2.380975E-6	9999.0	39.95239	TRUE		NaN	NaN	NaN	NaN	NaN	NaN	NaN	NaN
SPIKE	S98:A>C	0	419996	0.0	9999.0	0.0	TRUE	A	3.290285E-5	8.0	7.087142E-4	0.99934214	54.821484	0.2522527	0.9754255	1.0
SPIKE	S98:A>T	0	419996	0.0	9999.0	0.0	TRUE	A	2.5431982E-5	0.0	8.2261744E-4	0.9994915	36.762516	0.2907887	0.9914196	1.0
SPIKE	S99:T>C	5	419996	1.19048755E-5	13.267676	38.2	TRUE	T	4.6127698E-5	105.0	9.638446E-4	0.99907786	231.5241	0.18468705	0.9876987	0.0
SPIKE	S99:T>G	1	419996	2.380975E-6	0.07571309	40.0	TRUE	T	1.1346347E-4	5.0	7.1034E-4	0.9977333	301.5676	0.15813397	0.9924709	1.0
SPIKE	S99:T>A	0	419996	0.0	9999.0	0.0	TRUE	T	2.5103782E-5	2.0	9.6852146E-4	0.99949807	40.03558	0.26360825	0.99266356	1.0
SPIKE	S100:C>T	32	419996	7.61912E-5	155.07393	39.90625	TRUE	C	1.04271116E-4	251.0	9.4090356E-4	0.99791676	276.19186	0.17464022	0.98968816	0.0
SPIKE	S100:C>A	7	419996	1.6666825E-5	63.096024	40.0	TRUE	C	1.0451531E-5	0.0	0.001008362	0.99979097	14.205666	0.30931547	0.9900731	1.0
SPIKE	S100:C>G	0	419996	0.0	9999.0	0.0	TRUE	C	5.6567875E-5	0.0	0.0010119607	0.9988693	132.17085	0.17993641	0.99231714	1.0
SPIKE	S101:G>A	27	419996	6.428632E-5	150.42526	39.88889	TRUE	G	7.410355E-5	181.0	0.0011468801	0.998519	173.37218	0.17214878	0.9884874	0.0
SPIKE	S101:G>C	0	419996	0.0	9999.0	0.0	TRUE	G	5.3654665E-5	0.0	9.321642E-4	0.9989275	120.49958	0.18718548	0.9919902	1.0
SPIKE	S101:G>T	0	419996	0.0	9999.0	0.0	TRUE	G	5.4841774E-5	3.0	9.2667824E-4	0.99890375	110.51806	0.20860563	0.9913197	1.0
SPIKE	S102:T>C	1	419996	2.380975E-6	0.09622808	40.0	TRUE	T	1.076313E-4	245.0	9.638446E-4	0.9978497	231.5241	0.18468705	0.9876987	0.0
SPIKE	S102:T>G	1	419996	2.380975E-6	9.74954	31.0	TRUE	T	4.514947E-6	12.0	7.1034E-4	0.9999097	301.5676	0.15813397	0.9924709	0.0
SPIKE	S102:T>A	0	419996	0.0	9999.0	0.0	TRUE	T	2.5103782E-5	6.0	9.6852146E-4	0.99949807	40.03558	0.26360825	0.99266356	1.0
SPIKE	S103:G>A	16	419996	3.80956E-5	111.017204	39.875	TRUE	G	3.316236E-5	81.0	0.0011468801	0.99933696	173.37218	0.17214878	0.9884874	0.0
SPIKE	S103:G>C	0	419996	0.0	9999.0	0.0	TRUE	G	5.3654665E-5	2.0	9.321642E-4	0.9989275	120.49958	0.18718548	0.9919902	1.0
SPIKE	S103:G>T	0	419996	0.0	9999.0	0.0	TRUE	G	5.4841774E-5	3.0	9.2667824E-4	0.99890375	110.51806	0.20860563	0.9913197	1.0
SPIKE	S104:G>A	10	419996	2.3809751E-5	20.056103	39.2	TRUE	G	9.252708E-5	226.0	0.0011468801	0.9981512	173.37218	0.17214878	0.9884874	0.0
SPIKE	S104:G>C	0	419996	0.0	9999.0	0.0	TRUE	G	5.3654665E-5	2.0	9.321642E-4	0.9989275	120.49958	0.18718548	0.9919902	1.0
SPIKE	S104:G>T	0	419996	0.0	9999.0	0.0	TRUE	G	5.4841774E-5	5.0	9.2667824E-4	0.99890375	110.51806	0.20860563	0.9913197	1.0
SPIKE	S105:C>T	26	419996	6.190535E-5	89.33365	39.576923	TRUE	C	1.2919649E-4	311.0	9.4090356E-4	0.9974194	276.19186	0.17464022	0.98968816	0.0
SPIKE	S105:C>A	3	419996	7.1429254E-6	23.105215	38.333332	TRUE	C	8.828757E-6	12.0	0.001008362	0.99982345	14.205666	0.30931547	0.9900731	0.0
SPIKE	S105:C>G	1	419996	2.380975E-6	0.76417625	40.0	TRUE	C	5.6567875E-5	2.0	0.0010119607	0.9988693	132.17085	0.17993641	0.99231714	1.0
SPIKE	S106:G>T	1	419996	2.380975E-6	6.037756	40.0	TRUE	G	1.091694E-5	22.0	9.2667824E-4	0.99978167	110.51806	0.20860563	0.9913197	0.0
SPIKE	S106:G>A	18	419996	4.285755E-5	54.55436	39.833332	TRUE	G	1.06037674E-4	259.0	0.0011468801	0.9978815	173.37218	0.17214878	0.9884874	0.0
SPIKE	S106:G>C	0	419996	0.0	9999.0	0.0	TRUE	G	5.3654665E-5	0.0	9.321642E-4	0.9989275	120.49958	0.18718548	0.9919902	1.0
SPIKE	S107:G>T	1	419996	2.380975E-6	0.8197076	33.0	TRUE	G	5.4841774E-5	3.0	9.2667824E-4	0.99890375	110.51806	0.20860563	0.9913197	1.0
SPIKE	S107:G>A	23	419996	5.4762426E-5	84.58188	39.565216	TRUE	G	1.08084736E-4	264.0	0.0011468801	0.99784064	173.37218	0.17214878	0.9884874	0.0
SPIKE	S107:G>C	0	419996	0.0	9999.0	0.0	TRUE	G	5.3654665E-5	1.0	9.321642E-4	0.9989275	120.49958	0.18718548	0.9919902	1.0
SPIKE	S108:C>T	16	419996	3.80956E-5	48.76774	39.3125	TRUE	C	9.5547235E-5	230.0	9.4090356E-4	0.99809086	276.19186	0.17464022	0.98968816	0.0
SPIKE	S108:C>A	1	419996	2.380975E-6	6.215527	40.0	TRUE	C	1.0451531E-5	2.0	0.001008362	0.99979097	14.205666	0.30931547	0.9900731	1.0
SPIKE	S108:C>G	0	419996	0.0	9999.0	0.0	TRUE	C	5.6567875E-5	0.0	0.0010119607	0.9988693	132.17085	0.17993641	0.99231714	1.0
SPIKE	S109:A>G	7	419996	1.6666825E-5	23.990088	39.57143	TRUE	A	4.512865E-5	114.0	9.887512E-4	0.9990978	283.7288	0.16642642	0.98952246	0.0
SPIKE	S109:A>C	0	419996	0.0	9999.0	0.0	TRUE	A	3.290285E-5	2.0	7.087142E-4	0.99934214	54.821484	0.2522527	0.9754255	1.0
SPIKE	S109:A>T	0	419996	0.0	9999.0	0.0	TRUE	A	2.5431982E-5	1.0	8.2261744E-4	0.9994915	36.762516	0.2907887	0.9914196	1.0
SPIKE	S110:G>C	1	419996	2.380975E-6	0.8602884	37.0	TRUE	G	5.3654665E-5	0.0	9.321642E-4	0.9989275	120.49958	0.18718548	0.9919902	1.0
SPIKE	S110:G>A	17	419996	4.0476574E-5	62.400463	39.411766	TRUE	G	8.352002E-5	204.0	0.0011468801	0.998331	173.37218	0.17214878	0.9884874	0.0
SPIKE	S110:G>T	0	419996	0.0	9999.0	0.0	TRUE	G	5.4841774E-5	3.0	9.2667824E-4	0.99890375	110.51806	0.20860563	0.9913197	1.0
SPIKE	I111:>C	1	419996	2.380975E-6	9999.0	39.960125	TRUE		NaN	NaN	NaN	NaN	NaN	NaN	NaN	NaN
SPIKE	S111:C>T	17	419996	4.0476574E-5	58.501625	39.588234	TRUE	C	8.9315894E-5	215.0	9.4090356E-4	0.99821526	276.19186	0.17464022	0.98968816	0.0
SPIKE	S111:C>A	3	419996	7.1429254E-6	21.079332	39.0	TRUE	C	1.0451531E-5	0.0	0.001008362	0.99979097	14.205666	0.30931547	0.9900731	1.0
SPIKE	S111:C>G	0	419996	0.0	9999.0	0.0	TRUE	C	5.6567875E-5	2.0	0.0010119607	0.9988693	132.17085	0.17993641	0.99231714	1.0
SPIKE	S112:G>A	24	419993	5.714381E-5	173.21739	39.416668	TRUE	G	4.42168E-5	108.0	0.0011468801	0.99911606	173.37094	0.17214878	0.9884874	0.0
SPIKE	S112:G>C	0	419993	0.0	9999.0	0.0	TRUE	G	5.3654665E-5	0.0	9.321642E-4	0.9989275	120.49872	0.18718548	0.9919902	1.0
SPIKE	S112:G>T	0	419993	0.0	9999.0	0.0	TRUE	G	5.4841774E-5	1.0	9.2667824E-4	0.99890375	110.51727	0.20860563	0.9913197	1.0
SPIKE	S113:T>C	4	419993	9.523968E-6	0.22837892	40.0	TRUE	T	1.8055829E-4	411.0	9.638446E-4	0.99639535	231.52243	0.18468705	0.9876987	0.0
SPIKE	S113:T>A	0	419993	0.0	9999.0	0.0	TRUE	T	2.5103782E-5	2.0	9.6852146E-4	0.99949807	40.035294	0.26360825	0.99266356	1.0
SPIKE	S113:T>G	0	419993	0.0	9999.0	0.0	TRUE	T	9.406206E-6	25.0	7.1034E-4	0.9998119	301.56543	0.15813397	0.9924709	0.0
SPIKE	S114:G>A	22	419993	5.2381827E-5	172.1126	39.81818	TRUE	G	3.5209672E-5	86.0	0.0011468801	0.99929607	173.37094	0.17214878	0.9884874	0.0
SPIKE	S114:G>C	0	419993	0.0	9999.0	0.0	TRUE	G	5.3654665E-5	0.0	9.321642E-4	0.9989275	120.49872	0.18718548	0.9919902	1.0
SPIKE	S114:G>T	0	419993	0.0	9999.0	0.0	TRUE	G	5.4841774E-5	2.0	9.2667824E-4	0.99890375	110.51727	0.20860563	0.9913197	1.0
SPIKE	S115:A>G	21	419993	5.0000832E-5	49.082645	39.714287	TRUE	A	1.5082578E-4	381.0	9.887512E-4	0.99698806	283.72675	0.16642642	0.98952246	0.0
SPIKE	S115:A>C	0	419993	0.0	9999.0	0.0	TRUE	A	3.290285E-5	8.0	7.087142E-4	0.99934214	54.821095	0.2522527	0.9754255	1.0
SPIKE	S115:A>T	0	419993	0.0	9999.0	0.0	TRUE	A	2.5431982E-5	6.0	8.2261744E-4	0.9994915	36.762253	0.2907887	0.9914196	1.0
SPIKE	S116:C>T	10	419993	2.380992E-5	60.81793	38.8	TRUE	C	2.824895E-5	68.0	9.4090356E-4	0.9994352	276.18988	0.17464022	0.98968816	0.0
SPIKE	S116:C>A	1	419993	2.380992E-6	6.215556	40.0	TRUE	C	1.0451531E-5	1.0	0.001008362	0.99979097	14.205564	0.30931547	0.9900731	1.0
SPIKE	S116:C>G	0	419993	0.0	9999.0	0.0	TRUE	C	5.6567875E-5	1.0	0.0010119607	0.9988693	132.1699	0.17993641	0.99231714	1.0
SPIKE	S117:C>T	14	419993	3.333389E-5	76.20567	39.714287	TRUE	C	4.36197E-5	105.0	9.4090356E-4	0.999128	276.18988	0.17464022	0.98968816	0.0
SPIKE	S117:C>A	2	419993	4.761984E-6	12.91318	38.5	TRUE	C	1.0451531E-5	3.0	0.001008362	0.99979097	14.205564	0.30931547	0.9900731	1.0
SPIKE	S117:C>G	0	419993	0.0	9999.0	0.0	TRUE	C	5.6567875E-5	0.0	0.0010119607	0.9988693	132.1699	0.17993641	0.99231714	1.0
SPIKE	S118:T>C	1	419993	2.380992E-6	0.05104115	40.0	TRUE	T	1.2300808E-4	280.0	9.638446E-4	0.99754286	231.52243	0.18468705	0.9876987	0.0
SPIKE	S118:T>A	1	419993	2.380992E-6	4.601259	40.0	TRUE	T	1.5676032E-5	25.0	9.6852146E-4	0.99968654	40.035294	0.26360825	0.99266356	0.0
SPIKE	S118:T>G	0	419993	0.0	9999.0	0.0	TRUE	T	4.514979E-6	12.0	7.1034E-4	0.9999097	301.56543	0.15813397	0.9924709	0.0
SPIKE	S119:A>G	16	419993	3.8095874E-5	43.2067	39.3125	TRUE	A	1.06488544E-4	269.0	9.887512E-4	0.9978725	283.72675	0.16642642	0.98952246	0.0
SPIKE	S119:A>C	0	419993	0.0	9999.0	0.0	TRUE	A	1.2603906E-5	21.0	7.087142E-4	0.99974793	54.821095	0.2522527	0.9754255	0.0
SPIKE	S119:A>T	0	419993	0.0	9999.0	0.0	TRUE	A	2.5431982E-5	4.0	8.2261744E-4	0.9994915	36.762253	0.2907887	0.9914196	1.0
SPIKE	S120:T>C	4	419993	9.523968E-6	2.8911176	39.25	TRUE	T	8.962017E-5	204.0	9.638446E-4	0.9982092	231.52243	0.18468705	0.9876987	0.0
SPIKE	S120:T>A	0	419993	0.0	9999.0	0.0	TRUE	T	2.5103782E-5	2.0	9.6852146E-4	0.99949807	40.035294	0.26360825	0.99266356	1.0
SPIKE	S120:T>G	0	419993	0.0	9999.0	0.0	TRUE	T	1.1346347E-4	4.0	7.1034E-4	0.9977333	301.56543	0.15813397	0.9924709	1.0
SPIKE	S121:G>A	9	419993	2.1428928E-5	38.91317	39.333332	TRUE	G	4.1760308E-5	102.0	0.0011468801	0.9991651	173.37094	0.17214878	0.9884874	0.0
SPIKE	S121:G>C	0	419993	0.0	9999.0	0.0	TRUE	G	5.3654665E-5	1.0	9.321642E-4	0.9989275	120.49872	0.18718548	0.9919902	1.0
SPIKE	S121:G>T	0	419993	0.0	9999.0	0.0	TRUE	G	5.4841774E-5	5.0	9.2667824E-4	0.99890375	110.51727	0.20860563	0.9913197	1.0
SPIKE	S122:T>C	7	419993	1.6666945E-5	1.0999677	40.0	TRUE	T	1.9944881E-4	454.0	9.638446E-4	0.99601895	231.52243	0.18468705	0.9876987	0.0
SPIKE	S122:T>A	0	419993	0.0	9999.0	0.0	TRUE	T	2.5103782E-5	6.0	9.6852146E-4	0.99949807	40.035294	0.26360825	0.99266356	1.0
SPIKE	S122:T>G	0	419993	0.0	9999.0	0.0	TRUE	T	8.277461E-6	22.0	7.1034E-4	0.9998345	301.56543	0.15813397	0.9924709	0.0
SPIKE	S123:G>A	23	419993	5.476282E-5	184.6038	38.95652	TRUE	G	3.4800258E-5	85.0	0.0011468801	0.99930423	173.37094	0.17214878	0.9884874	0.0
SPIKE	S123:G>C	0	419993	0.0	9999.0	0.0	TRUE	G	5.3654665E-5	1.0	9.321642E-4	0.9989275	120.49872	0.18718548	0.9919902	1.0
SPIKE	S123:G>T	0	419993	0.0	9999.0	0.0	TRUE	G	5.4841774E-5	1.0	9.2667824E-4	0.99890375	110.51727	0.20860563	0.9913197	1.0
SPIKE	D124-126:TG>	2	419993	4.761984E-6	9999.0	39.433292	TRUE		NaN	NaN	NaN	NaN	NaN	NaN	NaN	NaN
SPIKE	S124:T>C	3	419993	7.1429763E-6	0.10725764	40.0	TRUE	T	1.7352925E-4	395.0	9.638446E-4	0.9965354	231.52243	0.18468705	0.9876987	0.0
SPIKE	S124:T>A	1	419993	2.380992E-6	2.8947804	40.0	TRUE	T	2.5103782E-5	2.0	9.6852146E-4	0.99949807	40.035294	0.26360825	0.99266356	1.0
SPIKE	S124:T>G	0	419993	0.0	9999.0	0.0	TRUE	T	1.1346347E-4	6.0	7.1034E-4	0.9977333	301.56543	0.15813397	0.9924709	1.0
SPIKE	S125:G>C	1	419993	2.380992E-6	0.8603018	40.0	TRUE	G	5.3654665E-5	3.0	9.321642E-4	0.9989275	120.49872	0.18718548	0.9919902	1.0
SPIKE	S125:G>A	8	419993	1.9047937E-5	22.211802	39.5	TRUE	G	6.059339E-5	148.0	0.0011468801	0.9987889	173.37094	0.17214878	0.9884874	0.0
SPIKE	S125:G>T	0	419993	0.0	9999.0	0.0	TRUE	G	5.4841774E-5	1.0	9.2667824E-4	0.99890375	110.51727	0.20860563	0.9913197	1.0
SPIKE	S126:C>T	22	419993	5.2381827E-5	82.21794	39.045456	TRUE	C	1.0219473E-4	246.0	9.4090356E-4	0.9979582	276.18988	0.17464022	0.98968816	0.0
SPIKE	S126:C>A	2	419993	4.761984E-6	12.91318	35.0	TRUE	C	1.0451531E-5	4.0	0.001008362	0.99979097	14.205564	0.30931547	0.9900731	1.0
SPIKE	S126:C>G	0	419993	0.0	9999.0	0.0	TRUE	C	1.4551783E-5	34.0	0.0010119607	0.999709	132.1699	0.17993641	0.99231714	0.0
SPIKE	S127:G>A	18	419993	4.2857857E-5	101.448685	39.666668	TRUE	G	5.117685E-5	125.0	0.0011468801	0.998977	173.37094	0.17214878	0.9884874	0.0
SPIKE	S127:G>C	0	419993	0.0	9999.0	0.0	TRUE	G	1.3358151E-5	30.0	9.321642E-4	0.99973285	120.49872	0.18718548	0.9919902	0.0
SPIKE	S127:G>T	0	419993	0.0	9999.0	0.0	TRUE	G	5.4841774E-5	3.0	9.2667824E-4	0.99890375	110.51727	0.20860563	0.9913197	1.0
SPIKE	S128:G>A	20	419993	4.761984E-5	83.48978	38.85	TRUE	G	8.3111205E-5	203.0	0.0011468801	0.9983392	173.37094	0.17214878	0.9884874	0.0
SPIKE	S128:G>T	1	419993	2.380992E-6	0.8197206	40.0	TRUE	G	5.4841774E-5	8.0	9.2667824E-4	0.99890375	110.51727	0.20860563	0.9913197	1.0
SPIKE	S128:G>C	0	419993	0.0	9999.0	0.0	TRUE	G	5.3654665E-5	2.0	9.321642E-4	0.9989275	120.49872	0.18718548	0.9919902	1.0
SPIKE	S129:C>A	2	419993	4.761984E-6	15.727196	38.5	TRUE	C	7.3573506E-6	10.0	0.001008362	0.99985284	14.205564	0.30931547	0.9900731	0.0
SPIKE	S129:C>T	29	419993	6.904877E-5	145.7434	37.724136	TRUE	C	9.139366E-5	220.0	9.4090356E-4	0.9981738	276.18988	0.17464022	0.98968816	0.0
SPIKE	S129:C>G	0	419993	0.0	9999.0	0.0	TRUE	C	1.4551783E-5	34.0	0.0010119607	0.999709	132.1699	0.17993641	0.99231714	0.0
SPIKE	D130-133:GGC>	1	419993	2.380992E-6	9999.0	39.47299	TRUE		NaN	NaN	NaN	NaN	NaN	NaN	NaN	NaN
SPIKE	S130:G>A	19	419993	4.523885E-5	84.90825	38.42105	TRUE	G	7.328525E-5	179.0	0.0011468801	0.9985354	173.37094	0.17214878	0.9884874	0.0
SPIKE	S130:G>C	0	419993	0.0	9999.0	0.0	TRUE	G	1.4248694E-5	32.0	9.321642E-4	0.9997151	120.49872	0.18718548	0.9919902	0.0
SPIKE	S130:G>T	0	419993	0.0	9999.0	0.0	TRUE	G	5.4841774E-5	8.0	9.2667824E-4	0.99890375	110.51727	0.20860563	0.9913197	1.0
SPIKE	S131:G>A	20	419993	4.761984E-5	65.5487	39.0	TRUE	G	1.0767609E-4	263.0	0.0011468801	0.9978488	173.37094	0.17214878	0.9884874	0.0
SPIKE	S131:G>C	0	419993	0.0	9999.0	0.0	TRUE	G	5.3654665E-5	3.0	9.321642E-4	0.9989275	120.49872	0.18718548	0.9919902	1.0
SPIKE	S131:G>T	0	419993	0.0	9999.0	0.0	TRUE	G	5.4841774E-5	2.0	9.2667824E-4	0.99890375	110.51727	0.20860563	0.9913197	1.0
SPIKE	S132:C>A	2	419993	4.761984E-6	12.91318	40.0	TRUE	C	1.0451531E-5	1.0	0.001008362	0.99979097	14.205564	0.30931547	0.9900731	1.0
SPIKE	S132:C>T	16	419993	3.8095874E-5	67.31669	35.0625	TRUE	C	6.812982E-5	164.0	9.4090356E-4	0.99863833	276.18988	0.17464022	0.98968816	0.0
SPIKE	S132:C>G	0	419993	0.0	9999.0	0.0	TRUE	C	1.412379E-5	33.0	0.0010119607	0.9997176	132.1699	0.17993641	0.99231714	0.0
SPIKE	S133:A>G	0	419993	0.0	9999.0	0.0	TRUE	A	6.729759E-6	17.0	9.887512E-4	0.9998654	283.72675	0.16642642	0.98952246	0.0
SPIKE	S133:A>C	0	419993	0.0	9999.0	0.0	TRUE	A	3.901209E-5	65.0	7.087142E-4	0.9992201	54.821095	0.2522527	0.9754255	0.0
SPIKE	S133:A>T	0	419993	0.0	9999.0	0.0	TRUE	A	2.5431982E-5	0.0	8.2261744E-4	0.9994915	36.762253	0.2907887	0.9914196	1.0
SPIKE	S134:G>A	0	419993	0.0	9999.0	0.0	TRUE	G	1.10132576E-4	269.0	0.0011468801	0.99779975	173.37094	0.17214878	0.9884874	0.0
SPIKE	S134:G>C	0	419993	0.0	9999.0	0.0	TRUE	G	2.092777E-5	47.0	9.321642E-4	0.9995815	120.49872	0.18718548	0.9919902	0.0
SPIKE	S134:G>T	0	419993	0.0	9999.0	0.0	TRUE	G	1.538307E-5	31.0	9.2667824E-4	0.9996924	110.51727	0.20860563	0.9913197	0.0
SPIKE	S135:C>A	0	419993	0.0	9999.0	0.0	TRUE	C	1.0451531E-5	9.0	0.001008362	0.99979097	14.205564	0.30931547	0.9900731	1.0
SPIKE	S135:C>G	0	419993	0.0	9999.0	0.0	TRUE	C	1.5835763E-5	37.0	0.0010119607	0.9996833	132.1699	0.17993641	0.99231714	0.0
SPIKE	S135:C>T	0	419993	0.0	9999.0	0.0	TRUE	C	8.266972E-5	199.0	9.4090356E-4	0.998348	276.18988	0.17464022	0.98968816	0.0
SPIKE	S136:C>A	0	419993	0.0	9999.0	0.0	TRUE	C	2.207205E-5	30.0	0.001008362	0.9995586	14.205564	0.30931547	0.9900731	0.0
SPIKE	S136:C>G	0	419993	0.0	9999.0	0.0	TRUE	C	1.540777E-5	36.0	0.0010119607	0.9996919	132.1699	0.17993641	0.99231714	0.0
SPIKE	S136:C>T	0	419993	0.0	9999.0	0.0	TRUE	C	8.765483E-5	211.0	9.4090356E-4	0.99824846	276.18988	0.17464022	0.98968816	0.0
SPIKE	S137:T>A	0	419993	0.0	9999.0	0.0	TRUE	T	2.0065321E-5	32.0	9.6852146E-4	0.9995988	40.035294	0.26360825	0.99266356	0.0
SPIKE	S137:T>G	0	419993	0.0	9999.0	0.0	TRUE	T	3.9506067E-5	105.0	7.1034E-4	0.9992102	301.56543	0.15813397	0.9924709	0.0
SPIKE	S137:T>C	0	419993	0.0	9999.0	0.0	TRUE	T	1.6693954E-5	38.0	9.638446E-4	0.99966615	231.52243	0.18468705	0.9876987	0.0
SPIKE	S138:G>A	0	419993	0.0	9999.0	0.0	TRUE	G	1.2896566E-4	315.0	0.0011468801	0.997424	173.37094	0.17214878	0.9884874	0.0
SPIKE	S138:G>C	0	419993	0.0	9999.0	0.0	TRUE	G	5.3654665E-5	5.0	9.321642E-4	0.9989275	120.49872	0.18718548	0.9919902	1.0
SPIKE	S138:G>T	0	419993	0.0	9999.0	0.0	TRUE	G	6.649456E-5	134.0	9.2667824E-4	0.998671	110.51727	0.20860563	0.9913197	0.0
SPIKE	S139:A>G	0	419993	0.0	9999.0	0.0	TRUE	A	4.0378556E-5	102.0	9.887512E-4	0.9991928	283.72675	0.16642642	0.98952246	0.0
SPIKE	S139:A>C	0	419993	0.0	9999.0	0.0	TRUE	A	3.290285E-5	1.0	7.087142E-4	0.99934214	54.821095	0.2522527	0.9754255	1.0
SPIKE	S139:A>T	0	419993	0.0	9999.0	0.0	TRUE	A	3.2099336E-4	464.0	8.2261744E-4	0.99360067	36.762253	0.2907887	0.9914196	0.0
SPIKE	S140:T>A	0	419993	0.0	9999.0	0.0	TRUE	T	1.1662968E-4	186.0	9.6852146E-4	0.9976701	40.035294	0.26360825	0.99266356	0.0
SPIKE	S140:T>G	0	419993	0.0	9999.0	0.0	TRUE	T	2.4079889E-5	64.0	7.1034E-4	0.9995185	301.56543	0.15813397	0.9924709	0.0
SPIKE	S140:T>C	0	419993	0.0	9999.0	0.0	TRUE	T	9.66492E-6	22.0	9.638446E-4	0.9998067	231.52243	0.18468705	0.9876987	0.0
SPIKE	S141:T>A	0	419993	0.0	9999.0	0.0	TRUE	T	4.884651E-4	779.0	9.6852146E-4	0.99027824	40.035294	0.26360825	0.99266356	0.0
SPIKE	S141:T>G	0	419993	0.0	9999.0	0.0	TRUE	T	4.1763557E-5	111.0	7.1034E-4	0.99916506	301.56543	0.15813397	0.9924709	0.0
SPIKE	S141:T>C	0	419993	0.0	9999.0	0.0	TRUE	T	3.558448E-5	81.0	9.638446E-4	0.99928856	231.52243	0.18468705	0.9876987	0.0
SPIKE	S142:A>G	0	419993	0.0	9999.0	0.0	TRUE	A	4.6474926E-4	1174.0	9.887512E-4	0.9907481	283.72675	0.16642642	0.98952246	0.0
SPIKE	S142:A>C	0	419993	0.0	9999.0	0.0	TRUE	A	1.1943701E-4	199.0	7.087142E-4	0.9976141	54.821095	0.2522527	0.9754255	0.0
SPIKE	S142:A>T	0	419993	0.0	9999.0	0.0	TRUE	A	1.3697562E-4	198.0	8.2261744E-4	0.99726427	36.762253	0.2907887	0.9914196	0.0
SPIKE	S143:G>A	0	419993	0.0	9999.0	0.0	TRUE	G	1.2650917E-4	309.0	0.0011468801	0.997473	173.37094	0.17214878	0.9884874	0.0
SPIKE	S143:G>C	0	419993	0.0	9999.0	0.0	TRUE	G	7.9792686E-4	1792.0	9.321642E-4	0.9841681	120.49872	0.18718548	0.9919902	0.0
SPIKE	S143:G>T	0	419993	0.0	9999.0	0.0	TRUE	G	1.0917018E-5	22.0	9.2667824E-4	0.99978167	110.51727	0.20860563	0.9913197	0.0
SPIKE	S144:C>A	0	419993	0.0	9999.0	0.0	TRUE	C	1.0451531E-5	2.0	0.001008362	0.99979097	14.205564	0.30931547	0.9900731	1.0
SPIKE	S144:C>G	0	419993	0.0	9999.0	0.0	TRUE	C	1.5193774E-4	355.0	0.0010119607	0.9969659	132.1699	0.17993641	0.99231714	0.0
SPIKE	S144:C>T	0	419993	0.0	9999.0	0.0	TRUE	C	6.854525E-5	165.0	9.4090356E-4	0.99863005	276.18988	0.17464022	0.98968816	0.0
SPIKE	S145:C>A	0	419993	0.0	9999.0	0.0	TRUE	C	1.0451531E-5	3.0	0.001008362	0.99979097	14.205564	0.30931547	0.9900731	1.0
SPIKE	S145:C>G	0	419993	0.0	9999.0	0.0	TRUE	C	9.2874616E-5	217.0	0.0010119607	0.9981442	132.1699	0.17993641	0.99231714	0.0
SPIKE	S145:C>T	0	419993	0.0	9999.0	0.0	TRUE	C	1.0261016E-4	247.0	9.4090356E-4	0.9979499	276.18988	0.17464022	0.98968816	0.0
SPIKE	S146:C>A	0	419993	0.0	9999.0	0.0	TRUE	C	1.0451531E-5	3.0	0.001008362	0.99979097	14.205564	0.30931547	0.9900731	1.0
SPIKE	S146:C>G	0	419993	0.0	9999.0	0.0	TRUE	C	0.001072552	2506.0	0.0010119607	0.9787774	132.1699	0.17993641	0.99231714	0.0
SPIKE	S146:C>T	0	419993	0.0	9999.0	0.0	TRUE	C	1.4290646E-4	344.0	9.4090356E-4	0.99714595	276.18988	0.17464022	0.98968816	0.0
SPIKE	S147:G>A	0	419993	0.0	9999.0	0.0	TRUE	G	6.550636E-5	160.0	0.0011468801	0.9986907	173.37094	0.17214878	0.9884874	0.0
SPIKE	S147:G>C	0	419993	0.0	9999.0	0.0	TRUE	G	2.5825758E-4	580.0	9.321642E-4	0.9948482	120.49872	0.18718548	0.9919902	0.0
SPIKE	S147:G>T	0	419993	0.0	9999.0	0.0	TRUE	G	0.001329395	2679.0	9.2667824E-4	0.97376245	110.51727	0.20860563	0.9913197	0.0
SPIKE	S148:T>A	0	419993	0.0	9999.0	0.0	TRUE	T	2.5103782E-5	4.0	9.6852146E-4	0.99949807	40.035294	0.26360825	0.99266356	1.0
SPIKE	S148:T>G	0	419993	0.0	9999.0	0.0	TRUE	T	0.0016562449	4402.0	7.1034E-4	0.9674177	301.56543	0.15813397	0.9924709	0.0
SPIKE	S148:T>C	0	419993	0.0	9999.0	0.0	TRUE	T	1.146611E-4	261.0	9.638446E-4	0.9977094	231.52243	0.18468705	0.9876987	0.0
SPIKE	S149:G>A	0	419993	0.0	9999.0	0.0	TRUE	G	4.42168E-5	108.0	0.0011468801	0.99911606	173.37094	0.17214878	0.9884874	0.0
SPIKE	S149:G>C	0	419993	0.0	9999.0	0.0	TRUE	G	0.0012115843	2721.0	9.321642E-4	0.97605956	120.49872	0.18718548	0.9919902	0.0
SPIKE	S149:G>T	0	419993	0.0	9999.0	0.0	TRUE	G	4.8282993E-4	973.0	9.2667824E-4	0.9903899	110.51727	0.20860563	0.9913197	0.0
SPIKE	S150:C>A	0	419992	0.0	9999.0	0.0	TRUE	C	1.0451531E-5	6.0	0.001008362	0.99979097	14.20553	0.30931547	0.9900731	1.0
SPIKE	S150:C>G	0	419992	0.0	9999.0	0.0	TRUE	C	6.064684E-4	1417.0	0.0010119607	0.9879439	132.16959	0.17993641	0.99231714	0.0
SPIKE	S150:C>T	0	419992	0.0	9999.0	0.0	TRUE	C	0.0014701951	3539.0	9.4090356E-4	0.97102416	276.18924	0.17464022	0.98968816	0.0
SPIKE	S151:T>A	0	419979	0.0	9999.0	0.0	TRUE	T	2.5103782E-5	2.0	9.6852146E-4	0.99949807	40.03396	0.26360825	0.99266356	1.0
SPIKE	S151:T>G	0	419979	0.0	9999.0	0.0	TRUE	T	0.0017733171	4713.0	7.1034E-4	0.96515524	301.5554	0.15813397	0.9924709	0.0
SPIKE	S151:T>C	0	419979	0.0	9999.0	0.0	TRUE	T	3.6200727E-4	824.0	9.638446E-4	0.992786	231.51472	0.18468705	0.9876987	0.0
SPIKE	S152:G>A	0	419961	0.0	9999.0	0.0	TRUE	G	5.8550777E-5	143.0	0.0011468801	0.99882966	173.35773	0.17214878	0.9884874	0.0
SPIKE	S152:G>C	0	419961	0.0	9999.0	0.0	TRUE	G	5.3654665E-5	8.0	9.321642E-4	0.9989275	120.48953	0.18718548	0.9919902	1.0
SPIKE	S152:G>T	0	419961	0.0	9999.0	0.0	TRUE	G	3.8659113E-4	779.0	9.2667824E-4	0.992298	110.50885	0.20860563	0.9913197	0.0
SPIKE	S153:G>A	0	419855	0.0	9999.0	0.0	TRUE	G	3.685944E-5	90.0	0.0011468801	0.9992631	173.31398	0.17214878	0.9884874	0.0
SPIKE	S153:G>C	0	419855	0.0	9999.0	0.0	TRUE	G	4.8995985E-6	11.0	9.321642E-4	0.999902	120.45912	0.18718548	0.9919902	0.0
SPIKE	S153:G>T	0	419855	0.0	9999.0	0.0	TRUE	G	5.4841774E-5	6.0	9.2667824E-4	0.99890375	110.48096	0.20860563	0.9913197	1.0
