#pipeline_block
sample.group	sample	migs.total	migs.assembled	reads.total	reads.assembled	reads.short.r1	reads.short.r2	reads.mismatch.r1	reads.mismatch.r2
ballast2_m4	ballast2_m4	26879	26873	27720205	27676163	808	80	16291	35515
ballast2_m3	ballast2_m3	39841	39817	12208747	12185704	335	266	8487	16082
ballast2_m2	ballast2_m2	46412	46380	14133822	14108693	905	4	9451	17021
ballast2_m1	ballast2_m1	44979	44951	11272521	11230686	182	3	6733	35809
ballast1_m4	ballast1_m4	26557	26551	27230698	27190204	459	86	16022	32651
ballast1_m3	ballast1_m3	45501	45474	13283179	13259915	34	390	8059	17001
ballast1_m2	ballast1_m2	49003	48967	13738293	13712627	1954	3	8671	16660
ballast1_m1	ballast1_m1	44486	44457	10766059	10722864	367	0	6444	37501
